J OverallIdx viewIdx joint种类0-18(jointIdx) 该joint在图中的顺序(candidix) x y score
0 0 0 0 698.279 398.554 0.577656
1 0 0 1 241.186 428.018 0.612174
2 0 1 0 706.664 193.957 0.814194
3 0 1 1 235.704 210.776 0.860263
4 0 2 0 706.786 396.471 0.509826
5 0 2 1 263.691 430.163 0.611481
6 0 3 0 684.34 400.681 0.57698
7 0 3 1 215.959 421.734 0.539412
8 0 5 0 726.322 196.054 0.667672
9 0 5 1 274.843 210.769 0.831529
10 0 6 0 686.995 191.93 0.857014
11 0 6 1 204.756 210.754 0.778236
12 0 7 0 706.788 560.916 0.678152
13 0 7 1 283.359 590.424 0.614883
14 0 8 0 684.347 565.097 0.714994
15 0 8 1 235.647 579.887 0.643627
16 0 9 0 300.089 132.865 0.836721
17 0 10 0 235.724 126.603 0.484598
18 0 10 1 667.43 126.533 0.840189
19 0 11 0 757.191 278.406 0.316291
20 0 11 1 280.534 335.245 0.857926
21 0 12 0 703.954 276.223 0.910994
22 0 12 1 185.054 320.5 0.216929
23 0 13 0 712.301 700.055 0.639605
24 0 13 1 244.032 735.927 0.665752
25 0 14 0 692.696 717.035 0.705916
26 0 14 1 215.942 727.522 0.496506
27 0 15 0 319.643 430.103 0.807788
28 0 16 0 650.606 345.862 0.814542
29 0 17 0 614.147 733.777 0.786637
30 0 18 0 661.818 683.214 0.302702
31 0 18 1 308.544 736 0.685435
32 1 0 0 706.574 379.519 0.817651
33 1 0 1 569.222 398.51 0.731975
34 1 1 0 558.06 240.384 0.845084
35 1 1 1 712.342 242.538 0.835272
36 1 2 0 684.399 379.55 0.803121
37 1 2 1 597.268 396.507 0.732855
38 1 3 0 723.486 379.53 0.77892
39 1 3 1 530.108 398.51 0.712679
40 1 4 0 678.699 187.64 0.852955
41 1 5 0 701.03 242.554 0.757229
42 1 5 1 614.116 238.244 0.848152
43 1 6 0 504.931 240.406 0.883014
44 1 6 1 731.9 242.502 0.889889
45 1 7 0 689.903 480.681 0.797809
46 1 7 1 614.098 525.062 0.772393
47 1 8 0 717.877 480.791 0.802303
48 1 8 1 549.489 531.336 0.819351
49 1 9 0 588.929 179.224 0.839707
50 1 10 0 530.058 177.171 0.932874
51 1 10 1 709.488 191.899 0.897987
52 1 11 0 636.662 333.225 0.896668
53 1 12 0 776.758 295.094 0.932463
54 1 12 1 499.079 333.16 0.816582
55 1 13 0 706.54 567.292 0.828433
56 1 13 1 619.887 659.996 0.76845
57 1 14 0 729.212 581.922 0.83373
58 1 14 1 555.262 653.731 0.771613
59 1 15 0 53.2991 312.134 0.262929
60 1 15 1 622.587 396.437 0.805699
61 1 16 0 53.3456 312.131 0.502588
62 1 16 1 729.11 331.14 0.940941
63 1 16 2 521.626 392.159 0.747863
64 1 17 0 692.709 600.991 0.767944
65 1 17 1 555.305 651.566 0.435466
66 1 18 0 661.911 582.007 0.966947
67 1 18 1 633.714 651.645 0.484195
68 2 0 0 524.494 225.597 0.812566
69 2 0 1 661.8 411.181 0.761696
70 2 1 0 532.869 78.1238 0.866265
71 2 1 1 675.856 253.078 0.79339
72 2 2 0 499.083 223.465 0.74413
73 2 2 1 684.404 406.95 0.712378
74 2 3 0 549.813 227.692 0.804098
75 2 3 1 636.58 413.294 0.714908
76 2 4 0 513.15 21.1254 0.870526
77 2 4 1 602.973 183.437 0.806
78 2 5 0 487.982 75.8028 0.866883
79 2 5 1 709.602 234.077 0.806194
80 2 6 0 580.52 90.6127 0.825092
81 2 6 1 636.582 269.899 0.807787
82 2 7 0 496.328 314.192 0.825424
83 2 7 1 664.747 499.787 0.819075
84 2 8 0 549.705 322.641 0.850737
85 2 8 1 625.33 512.366 0.816211
86 2 10 0 555.242 27.4826 0.885216
87 2 10 1 642.307 191.79 0.857015
88 2 11 0 448.676 109.636 0.924376
89 2 11 1 723.555 324.769 0.744571
90 2 12 0 617.058 143.35 0.854584
91 2 12 1 616.801 379.466 0.876648
92 2 13 0 493.55 390.121 0.815791
93 2 13 1 684.379 598.873 0.875269
94 2 14 0 549.696 398.551 0.884795
95 2 14 1 630.924 603.074 0.794327
96 2 15 0 471.144 162.472 0.864852
97 2 15 1 673.04 347.958 0.264824
98 2 16 0 580.568 193.898 0.901664
99 2 16 1 583.26 411.233 0.76231
100 2 17 0 546.815 434.366 0.720231
101 2 17 1 594.527 579.896 0.810245
102 2 18 0 462.845 417.503 0.760085
103 2 18 1 675.862 594.662 0.259028
104 3 0 0 299.998 341.63 0.79116
105 3 0 1 597.31 356.383 0.680799
106 3 1 0 280.311 189.815 0.910236
107 3 1 1 600.091 193.991 0.76333
108 3 2 0 260.883 343.717 0.780198
109 3 2 1 586.071 354.25 0.598559
110 3 3 0 328.095 339.475 0.765729
111 3 3 1 614.098 360.537 0.711896
112 3 4 0 272.056 113.865 0.873495
113 3 4 1 552.393 141.338 0.91222
114 3 5 0 232.691 191.847 0.850192
115 3 5 1 588.885 193.907 0.657234
116 3 6 0 325.313 185.572 0.863628
117 3 6 1 617.025 196.062 0.898271
118 3 7 0 269.18 463.866 0.782486
119 3 7 1 594.535 470.278 0.730257
120 3 8 0 328.121 453.398 0.794995
121 3 8 1 614.045 478.621 0.743291
122 3 9 0 252.378 124.402 0.406144
123 3 10 0 302.971 122.263 0.857089
124 3 10 1 597.442 128.717 0.903037
125 3 11 0 171.061 246.745 0.921704
126 3 12 0 367.251 236.214 0.845958
127 3 12 1 636.526 295.316 0.873851
128 3 13 0 274.835 562.938 0.795245
129 3 13 1 636.46 565.201 0.705313
130 3 14 0 330.984 550.325 0.837711
131 3 14 1 636.563 584.193 0.776525
132 3 15 0 227.108 297.306 0.884037
133 3 16 0 353.34 280.54 0.868068
134 3 16 1 591.735 360.594 0.825634
135 3 17 0 375.752 573.556 0.8234
136 3 17 1 572.119 603.075 0.767095
137 3 18 0 588.908 571.481 0.602666
138 3 18 1 283.211 594.644 0.812813
139 4 0 0 664.576 293.032 0.785607
140 4 0 1 415.153 328.967 0.438631
141 4 1 0 400.984 109.754 0.483478
142 4 1 1 681.46 141.201 0.912617
143 4 2 0 636.591 288.914 0.744306
144 4 2 1 414.934 331.068 0.560004
145 4 3 0 698.282 293.096 0.726033
146 4 3 1 426.264 328.929 0.320031
147 4 4 0 443.07 25.2544 0.487298
148 4 4 1 692.725 84.3341 0.838138
149 4 5 0 389.785 111.781 0.791898
150 4 5 1 633.752 139.139 0.82885
151 4 6 0 417.812 109.617 0.409058
152 4 6 1 729.067 141.249 0.894876
153 4 7 0 633.704 402.767 0.784632
154 4 7 1 414.909 510.248 0.599208
155 4 8 0 687.052 411.131 0.843338
156 4 8 1 415.146 495.571 0.266586
157 4 9 0 389.838 40.0882 0.910808
158 4 9 1 659.018 75.8805 0.921279
159 4 11 0 370.221 210.833 0.926731
160 4 11 1 614.195 215.1 0.865891
161 4 12 0 743.104 215.125 0.816138
162 4 13 0 622.559 493.443 0.841925
163 4 13 1 409.422 647.293 0.755037
164 4 14 0 678.606 501.869 0.812627
165 4 14 1 412.305 594.658 0.561212
166 4 15 0 616.794 278.281 0.896249
167 4 15 1 415.043 278.302 0.918598
168 4 16 0 715.101 280.411 0.854706
169 4 17 0 661.747 533.455 0.889704
170 4 17 1 462.741 598.784 0.68842
171 4 18 0 602.965 518.807 0.813194
172 4 18 1 482.414 655.823 0.790608
P viewIdx, pafIdx, aOverAllIdx, bOverAllIdx, CandidAIdx, CandidBIdx, score
0 0 2 0 0 0 0.957633
0 0 2 1 0 1 0
0 0 3 0 1 0 0
0 0 3 1 1 1 0.970944
0 1 4 12 0 0 0.948902
0 1 4 13 0 1 0
0 1 5 12 1 0 0
0 1 5 13 1 1 0.939802
0 2 12 23 0 0 0.955369
0 2 12 24 0 1 0
0 2 13 23 1 0 0
0 2 13 24 1 1 0.938264
0 3 0 4 0 0 0.825873
0 3 0 5 0 1 0
0 3 1 4 1 0 0
0 3 1 5 1 1 0.913927
0 4 0 6 0 0 0.823813
0 4 0 7 0 1 0
0 4 1 6 1 0 0
0 4 1 7 1 1 0.899057
0 5 6 14 0 0 0.973553
0 5 6 15 0 1 0
0 5 7 14 1 0 0
0 5 7 15 1 1 0.951307
0 6 14 25 0 0 0.976308
0 6 14 26 0 1 0
0 6 15 25 1 0 0
0 6 15 26 1 1 0.945441
0 7 2 8 0 0 0.968169
0 7 2 9 0 1 0
0 7 3 8 1 0 0
0 7 3 9 1 1 0.992351
0 8 8 19 0 0 0.846601
0 8 8 20 0 1 0
0 8 9 19 1 0 0
0 8 9 20 1 1 0.988127
0 9 19 27 0 0 0
0 9 20 27 1 0 0.998519
0 10 8 16 0 0 0
0 10 9 16 1 0 0.981938
0 11 2 10 0 0 0.975226
0 11 2 11 0 1 0
0 11 3 10 1 0 0
0 11 3 11 1 1 0.989215
0 12 10 21 0 0 0.99595
0 12 10 22 0 1 0
0 12 11 21 1 0 0
0 12 11 22 1 1 0.817084
0 13 21 28 0 0 0.966202
0 13 22 28 1 0 0
0 14 10 17 0 0 0
0 14 10 18 0 1 0.984115
0 14 11 17 1 0 0.820321
0 14 11 18 1 1 0
0 16 25 29 0 0 0.955506
0 16 26 29 1 0 0
0 17 23 30 0 0 0.733707
0 17 23 31 0 1 0
0 17 24 30 1 0 0
0 17 24 31 1 1 0.909331
1 0 34 32 0 0 0
1 0 34 33 0 1 0.9838
1 0 35 32 1 0 0.986474
1 0 35 33 1 1 0
1 1 36 45 0 0 0.987403
1 1 36 46 0 1 0
1 1 37 45 1 0 0
1 1 37 46 1 1 0.979458
1 2 45 55 0 0 0.979426
1 2 45 56 0 1 0
1 2 46 55 1 0 0
1 2 46 56 1 1 0.992962
1 3 32 36 0 0 0.967778
1 3 32 37 0 1 0
1 3 33 36 1 0 0
1 3 33 37 1 1 0.921681
1 4 32 38 0 0 0.963287
1 4 32 39 0 1 0
1 4 33 38 1 0 0
1 4 33 39 1 1 0.93347
1 5 38 47 0 0 0.985365
1 5 38 48 0 1 0
1 5 39 47 1 0 0
1 5 39 48 1 1 0.975367
1 6 47 57 0 0 0.982678
1 6 47 58 0 1 0
1 6 48 57 1 0 0
1 6 48 58 1 1 0.994765
1 7 34 41 0 0 0
1 7 34 42 0 1 0.989357
1 7 35 41 1 0 0.984106
1 7 35 42 1 1 0
1 8 41 52 0 0 0
1 8 42 52 1 0 0.998338
1 9 52 59 0 0 0
1 9 52 60 0 1 0.963291
1 10 41 49 0 0 0
1 10 42 49 1 0 0.996165
1 11 34 43 0 0 0.990076
1 11 34 44 0 1 0
1 11 35 43 1 0 0
1 11 35 44 1 1 0.988594
1 12 43 53 0 0 0
1 12 43 54 0 1 0.986163
1 12 44 53 1 0 0.993205
1 12 44 54 1 1 0
1 13 53 61 0 0 0
1 13 53 62 0 1 0.987053
1 13 53 63 0 2 0
1 13 54 61 1 0 0
1 13 54 62 1 1 0
1 13 54 63 1 2 0.995583
1 14 43 50 0 0 0.971092
1 14 43 51 0 1 0
1 14 44 50 1 0 0
1 14 44 51 1 1 0.998214
1 15 34 40 0 0 0
1 15 35 40 1 0 0.992072
1 16 57 64 0 0 0.94439
1 16 57 65 0 1 0
1 16 58 64 1 0 0
1 16 58 65 1 1 0.586425
1 17 55 66 0 0 0.982609
1 17 55 67 0 1 0
1 17 56 66 1 0 0
1 17 56 67 1 1 0
2 0 70 68 0 0 0.994362
2 0 70 69 0 1 0
2 0 71 68 1 0 0
2 0 71 69 1 1 0.994603
2 1 72 82 0 0 0.987553
2 1 72 83 0 1 0
2 1 73 82 1 0 0
2 1 73 83 1 1 0.955447
2 2 82 92 0 0 0.988817
2 2 82 93 0 1 0
2 2 83 92 1 0 0
2 2 83 93 1 1 0.965388
2 3 68 72 0 0 0.973079
2 3 68 73 0 1 0
2 3 69 72 1 0 0
2 3 69 73 1 1 0.941826
2 4 68 74 0 0 0.968656
2 4 68 75 0 1 0
2 4 69 74 1 0 0
2 4 69 75 1 1 0.942951
2 5 74 84 0 0 0.998381
2 5 74 85 0 1 0
2 5 75 84 1 0 0
2 5 75 85 1 1 0.972625
2 6 84 94 0 0 0.997398
2 6 84 95 0 1 0
2 6 85 94 1 0 0
2 6 85 95 1 1 0.990588
2 7 70 78 0 0 0.995735
2 7 70 79 0 1 0
2 7 71 78 1 0 0
2 7 71 79 1 1 0.964098
2 8 78 88 0 0 0.990722
2 8 78 89 0 1 0
2 8 79 88 1 0 0
2 8 79 89 1 1 0.954999
2 9 88 96 0 0 0.990127
2 9 88 97 0 1 0
2 9 89 96 1 0 0
2 9 89 97 1 1 0.802284
2 11 70 80 0 0 0.997933
2 11 70 81 0 1 0
2 11 71 80 1 0 0
2 11 71 81 1 1 0.97158
2 12 80 90 0 0 0.998935
2 12 80 91 0 1 0
2 12 81 90 1 0 0
2 12 81 91 1 1 0.986788
2 13 90 98 0 0 0.959639
2 13 90 99 0 1 0
2 13 91 98 1 0 0
2 13 91 99 1 1 0.981294
2 14 80 86 0 0 0.999168
2 14 80 87 0 1 0
2 14 81 86 1 0 0
2 14 81 87 1 1 0.992064
2 15 70 76 0 0 0.992268
2 15 70 77 0 1 0
2 15 71 76 1 0 0
2 15 71 77 1 1 0.99769
2 16 94 100 0 0 0.949964
2 16 94 101 0 1 0
2 16 95 100 1 0 0
2 16 95 101 1 1 0.979301
2 17 92 102 0 0 0.948433
2 17 92 103 0 1 0
2 17 93 102 1 0 0
2 17 93 103 1 1 0.784431
3 0 106 104 0 0 0.989591
3 0 106 105 0 1 0
3 0 107 104 1 0 0
3 0 107 105 1 1 0.942101
3 1 108 118 0 0 0.978017
3 1 108 119 0 1 0
3 1 109 118 1 0 0
3 1 109 119 1 1 0.957379
3 2 118 128 0 0 0.989182
3 2 118 129 0 1 0
3 2 119 128 1 0 0
3 2 119 129 1 1 0.985866
3 3 104 108 0 0 0.961503
3 3 104 109 0 1 0
3 3 105 108 1 0 0
3 3 105 109 1 1 0.903759
3 4 104 110 0 0 0.945257
3 4 104 111 0 1 0
3 4 105 110 1 0 0
3 4 105 111 1 1 0.912211
3 5 110 120 0 0 0.998659
3 5 110 121 0 1 0
3 5 111 120 1 0 0
3 5 111 121 1 1 0.987433
3 6 120 130 0 0 0.997913
3 6 120 131 0 1 0
3 6 121 130 1 0 0
3 6 121 131 1 1 0.994228
3 7 106 114 0 0 0.995124
3 7 106 115 0 1 0
3 7 107 114 1 0 0
3 7 107 115 1 1 0.940968
3 8 114 125 0 0 0.977558
3 8 115 125 1 0 0
3 9 125 132 0 0 0.981844
3 10 114 122 0 0 0.891758
3 10 115 122 1 0 0
3 11 106 116 0 0 0.980147
3 11 106 117 0 1 0
3 11 107 116 1 0 0
3 11 107 117 1 1 0.961256
3 12 116 126 0 0 0.989178
3 12 116 127 0 1 0
3 12 117 126 1 0 0
3 12 117 127 1 1 0.995445
3 13 126 133 0 0 0.974008
3 13 126 134 0 1 0
3 13 127 133 1 0 0
3 13 127 134 1 1 0.988567
3 14 116 123 0 0 0.999573
3 14 116 124 0 1 0
3 14 117 123 1 0 0
3 14 117 124 1 1 0.987948
3 15 106 112 0 0 0.990167
3 15 106 113 0 1 0
3 15 107 112 1 0 0
3 15 107 113 1 1 0.971903
3 16 130 135 0 0 0.981975
3 16 130 136 0 1 0
3 16 131 135 1 0 0
3 16 131 136 1 1 0.962442
3 17 128 137 0 0 0
3 17 128 138 0 1 0.983371
3 17 129 137 1 0 0.905753
3 17 129 138 1 1 0
4 0 141 139 0 0 0
4 0 141 140 0 1 0.863984
4 0 142 139 1 0 0.989275
4 0 142 140 1 1 0
4 1 143 153 0 0 0.989876
4 1 143 154 0 1 0
4 1 144 153 1 0 0
4 1 144 154 1 1 0.96251
4 2 153 162 0 0 0.998121
4 2 153 163 0 1 0
4 2 154 162 1 0 0
4 2 154 163 1 1 0.980037
4 3 139 143 0 0 0.945727
4 3 139 144 0 1 0
4 3 140 143 1 0 0
4 3 140 144 1 1 0.695451
4 4 139 145 0 0 0.959183
4 4 139 146 0 1 0
4 4 140 145 1 0 0
4 4 140 146 1 1 0.701188
4 5 145 155 0 0 0.996379
4 5 145 156 0 1 0
4 5 146 155 1 0 0
4 5 146 156 1 1 0.827977
4 6 155 164 0 0 0.993288
4 6 155 165 0 1 0
4 6 156 164 1 0 0
4 6 156 165 1 1 0.882924
4 7 141 149 0 0 0.829784
4 7 141 150 0 1 0
4 7 142 149 1 0 0
4 7 142 150 1 1 0.998513
4 8 149 159 0 0 0.980836
4 8 149 160 0 1 0
4 8 150 159 1 0 0
4 8 150 160 1 1 0.997095
4 9 159 166 0 0 0
4 9 159 167 0 1 0.992934
4 9 160 166 1 0 0.999764
4 9 160 167 1 1 0
4 10 149 157 0 0 0.986009
4 10 149 158 0 1 0
4 10 150 157 1 0 0
4 10 150 158 1 1 0.991623
4 11 141 151 0 0 0.840298
4 11 141 152 0 1 0
4 11 142 151 1 0 0
4 11 142 152 1 1 0.998055
4 12 151 161 0 0 0
4 12 152 161 1 0 0.994721
4 13 161 168 0 0 0.976336
4 15 141 147 0 0 0
4 15 141 148 0 1 0
4 15 142 147 1 0 0
4 15 142 148 1 1 0.99127
4 16 164 169 0 0 0.98955
4 16 164 170 0 1 0
4 16 165 169 1 0 0
4 16 165 170 1 1 0.916679
4 17 162 171 0 0 0.961658
4 17 162 172 0 1 0
4 17 163 171 1 0 0
4 17 163 172 1 1 0.986738
E jointIdx viewA viewB aOverAllIdx bOverallIdx score
0 0 1 0 32 0.352293
0 0 1 0 33 0.27219
0 0 1 1 32 0.281289
0 0 1 1 33 0.35102
0 0 2 0 68 0.769727
0 0 2 0 69 -1
0 0 2 1 68 -1
0 0 2 1 69 0.939311
0 0 3 0 104 0.778807
0 0 3 0 105 -1
0 0 3 1 104 -1
0 0 3 1 105 0.691462
0 0 4 0 139 -1
0 0 4 0 140 0.843046
0 0 4 1 139 0.855498
0 0 4 1 140 -1
0 1 2 32 68 0.971581
0 1 2 32 69 -1
0 1 2 33 68 -1
0 1 2 33 69 0.865409
0 1 3 32 104 0.999802
0 1 3 32 105 -1
0 1 3 33 104 -1
0 1 3 33 105 0.979751
0 1 4 32 139 -1
0 1 4 32 140 0.926596
0 1 4 33 139 0.923914
0 1 4 33 140 -1
0 2 3 68 104 0.895147
0 2 3 68 105 -1
0 2 3 69 104 -1
0 2 3 69 105 0.649042
0 2 4 68 139 -1
0 2 4 68 140 0.906263
0 2 4 69 139 0.96407
0 2 4 69 140 -1
0 3 4 104 139 0.274628
0 3 4 104 140 0.285457
0 3 4 105 139 0.285908
0 3 4 105 140 0.273806
1 0 1 2 34 0.275286
1 0 1 2 35 0.290554
1 0 1 3 34 0.290163
1 0 1 3 35 0.277144
1 0 2 2 70 0.845233
1 0 2 2 71 -1
1 0 2 3 70 -1
1 0 2 3 71 0.958197
1 0 3 2 106 0.316971
1 0 3 2 107 0.294767
1 0 3 3 106 0.292654
1 0 3 3 107 0.31363
1 0 4 2 141 0.990577
1 0 4 2 142 -1
1 0 4 3 141 -1
1 0 4 3 142 0.852046
1 1 2 34 70 -1
1 1 2 34 71 0.871791
1 1 2 35 70 0.997621
1 1 2 35 71 -1
1 1 3 34 106 0.281489
1 1 3 34 107 0.275543
1 1 3 35 106 0.275251
1 1 3 35 107 0.281317
1 1 4 34 141 0.0922779
1 1 4 34 142 0.742297
1 1 4 35 141 0.763823
1 1 4 35 142 0.193136
1 2 3 70 106 0.757381
1 2 3 70 107 -1
1 2 3 71 106 -1
1 2 3 71 107 0.864729
1 2 4 70 141 0.846653
1 2 4 70 142 -1
1 2 4 71 141 -1
1 2 4 71 142 0.780691
1 3 4 106 141 0.48833
1 3 4 106 142 0.34031
1 3 4 107 141 0.0511889
1 3 4 107 142 0.562557
2 0 1 4 36 0.382953
2 0 1 4 37 0.269837
2 0 1 5 36 0.281
2 0 1 5 37 0.383571
2 0 2 4 72 0.696207
2 0 2 4 73 -1
2 0 2 5 72 -1
2 0 2 5 73 0.72618
2 0 3 4 108 0.89704
2 0 3 4 109 -1
2 0 3 5 108 -1
2 0 3 5 109 0.705271
2 0 4 4 143 -1
2 0 4 4 144 0.779147
2 0 4 5 143 0.910389
2 0 4 5 144 -1
2 1 2 36 72 0.915556
2 1 2 36 73 -1
2 1 2 37 72 -1
2 1 2 37 73 0.736265
2 1 3 36 108 0.841329
2 1 3 36 109 0.150157
2 1 3 37 108 0.00983804
2 1 3 37 109 0.845059
2 1 4 36 143 -1
2 1 4 36 144 0.660509
2 1 4 37 143 0.964665
2 1 4 37 144 -1
2 2 3 72 108 0.850695
2 2 3 72 109 -1
2 2 3 73 108 -1
2 2 3 73 109 0.436286
2 2 4 72 143 -1
2 2 4 72 144 0.728694
2 2 4 73 143 0.845523
2 2 4 73 144 -1
2 3 4 108 143 0.26906
2 3 4 108 144 0.348472
2 3 4 109 143 0.343307
2 3 4 109 144 0.270251
3 0 1 6 38 0.297227
3 0 1 6 39 0.275633
3 0 1 7 38 0.277543
3 0 1 7 39 0.296534
3 0 2 6 74 0.883617
3 0 2 6 75 -1
3 0 2 7 74 -1
3 0 2 7 75 0.810428
3 0 3 6 110 0.74767
3 0 3 6 111 -1
3 0 3 7 110 -1
3 0 3 7 111 0.799176
3 0 4 6 145 -1
3 0 4 6 146 0.865223
3 0 4 7 145 0.838725
3 0 4 7 146 -1
3 1 2 38 74 0.953414
3 1 2 38 75 -1
3 1 2 39 74 -1
3 1 2 39 75 0.860396
3 1 3 38 110 0.92115
3 1 3 38 111 -1
3 1 3 39 110 -1
3 1 3 39 111 0.982722
3 1 4 38 145 -1
3 1 4 38 146 0.764314
3 1 4 39 145 0.967976
3 1 4 39 146 -1
3 2 3 74 110 0.774581
3 2 3 74 111 -1
3 2 3 75 110 -1
3 2 3 75 111 0.990613
3 2 4 74 145 -1
3 2 4 74 146 0.777051
3 2 4 75 145 0.75482
3 2 4 75 146 -1
3 3 4 110 145 0.28644
3 3 4 110 146 0.287321
3 3 4 111 145 0.287368
3 3 4 111 146 0.286421
4 1 2 40 76 0.941135
4 1 2 40 77 -1
4 1 3 40 112 0.499237
4 1 3 40 113 0.500763
4 1 4 40 147 0.957262
4 1 4 40 148 -1
4 2 3 76 112 0.938567
4 2 3 76 113 -1
4 2 3 77 112 -1
4 2 3 77 113 0.999881
4 2 4 76 147 0.957089
4 2 4 76 148 -1
4 2 4 77 147 -1
4 2 4 77 148 0.987705
4 3 4 112 147 0.845002
4 3 4 112 148 0.135858
4 3 4 113 147 -1
4 3 4 113 148 0.849429
5 0 1 8 41 0.258124
5 0 1 8 42 0.264691
5 0 1 9 41 0.264572
5 0 1 9 42 0.258351
5 0 2 8 78 0.606633
5 0 2 8 79 -1
5 0 2 9 78 -1
5 0 2 9 79 0.904843
5 0 3 8 114 0.320289
5 0 3 8 115 0.302921
5 0 3 9 114 0.301176
5 0 3 9 115 0.316989
5 0 4 8 149 0.929696
5 0 4 8 150 -1
5 0 4 9 149 -1
5 0 4 9 150 0.962122
5 1 2 41 78 0.680461
5 1 2 41 79 0.126812
5 1 2 42 78 0.170511
5 1 2 42 79 0.76811
5 1 3 41 114 0.306023
5 1 3 41 115 0.285655
5 1 3 42 114 0.282817
5 1 3 42 115 0.303184
5 1 4 41 149 0.466093
5 1 4 41 150 0.242585
5 1 4 42 149 0.229861
5 1 4 42 150 0.451667
5 2 3 78 114 0.878604
5 2 3 78 115 -1
5 2 3 79 114 -1
5 2 3 79 115 0.908114
5 2 4 78 149 0.670587
5 2 4 78 150 -1
5 2 4 79 149 -1
5 2 4 79 150 0.821939
5 3 4 114 149 0.472219
5 3 4 114 150 0.314959
5 3 4 115 149 0.101425
5 3 4 115 150 0.536234
6 0 1 10 43 0.279324
6 0 1 10 44 0.31955
6 0 1 11 43 0.319094
6 0 1 11 44 0.287582
6 0 2 10 80 0.8537
6 0 2 10 81 -1
6 0 2 11 80 -1
6 0 2 11 81 0.987436
6 0 3 10 116 0.300573
6 0 3 10 117 0.282889
6 0 3 11 116 0.281028
6 0 3 11 117 0.29962
6 0 4 10 151 0.979208
6 0 4 10 152 -1
6 0 4 11 151 -1
6 0 4 11 152 0.785102
6 1 2 43 80 -1
6 1 2 43 81 0.836869
6 1 2 44 80 0.971551
6 1 2 44 81 -1
6 1 3 43 116 0.260289
6 1 3 43 117 0.256993
6 1 3 44 116 0.257055
6 1 3 44 117 0.260292
6 1 4 43 151 -1
6 1 4 43 152 0.980652
6 1 4 44 151 0.64025
6 1 4 44 152 -1
6 2 3 80 116 0.920568
6 2 3 80 117 -1
6 2 3 81 116 -1
6 2 3 81 117 0.984497
6 2 4 80 151 0.876531
6 2 4 80 152 -1
6 2 4 81 151 -1
6 2 4 81 152 0.758643
6 3 4 116 151 0.547754
6 3 4 116 152 0.321197
6 3 4 117 151 -1
6 3 4 117 152 0.600361
7 0 1 12 45 0.57529
7 0 1 12 46 0.211813
7 0 1 13 45 0.280052
7 0 1 13 46 0.553546
7 0 2 12 82 0.937317
7 0 2 12 83 -1
7 0 2 13 82 -1
7 0 2 13 83 0.619703
7 0 3 12 118 0.929477
7 0 3 12 119 -1
7 0 3 13 118 -1
7 0 3 13 119 0.976018
7 0 4 12 153 -1
7 0 4 12 154 0.870192
7 0 4 13 153 0.854608
7 0 4 13 154 -1
7 1 2 45 82 0.885765
7 1 2 45 83 -1
7 1 2 46 82 -1
7 1 2 46 83 0.644021
7 1 3 45 118 0.965139
7 1 3 45 119 -1
7 1 3 46 118 -1
7 1 3 46 119 0.849301
7 1 4 45 153 -1
7 1 4 45 154 0.974633
7 1 4 46 153 0.697915
7 1 4 46 154 -1
7 2 3 82 118 0.988863
7 2 3 82 119 -1
7 2 3 83 118 -1
7 2 3 83 119 0.702287
7 2 4 82 153 -1
7 2 4 82 154 0.868082
7 2 4 83 153 0.976703
7 2 4 83 154 -1
7 3 4 118 153 0.146208
7 3 4 118 154 0.831388
7 3 4 119 153 0.850699
7 3 4 119 154 -1
8 0 1 14 47 0.384033
8 0 1 14 48 0.269789
8 0 1 15 47 0.290857
8 0 1 15 48 0.387127
8 0 2 14 84 0.985847
8 0 2 14 85 -1
8 0 2 15 84 -1
8 0 2 15 85 0.954531
8 0 3 14 120 0.86385
8 0 3 14 121 -1
8 0 3 15 120 -1
8 0 3 15 121 0.950652
8 0 4 14 155 -1
8 0 4 14 156 0.8957
8 0 4 15 155 0.740768
8 0 4 15 156 -1
8 1 2 47 84 0.960454
8 1 2 47 85 -1
8 1 2 48 84 -1
8 1 2 48 85 0.912729
8 1 3 47 120 0.829154
8 1 3 47 121 -1
8 1 3 48 120 -1
8 1 3 48 121 0.851635
8 1 4 47 155 -1
8 1 4 47 156 0.623013
8 1 4 48 155 0.827105
8 1 4 48 156 -1
8 2 3 84 120 0.88378
8 2 3 84 121 -1
8 2 3 85 120 -1
8 2 3 85 121 0.996576
8 2 4 84 155 -1
8 2 4 84 156 0.520513
8 2 4 85 155 0.715551
8 2 4 85 156 -1
8 3 4 120 155 0.386407
8 3 4 120 156 0.393772
8 3 4 121 155 0.415934
8 3 4 121 156 -1
9 0 1 16 49 0.966263
9 0 3 16 122 -1
9 0 4 16 157 -1
9 0 4 16 158 0.945876
9 1 3 49 122 0.453097
9 1 4 49 157 -1
9 1 4 49 158 0.787381
9 3 4 122 157 0.677793
9 3 4 122 158 0.322207
10 0 1 17 50 0.279716
10 0 1 17 51 0.27231
10 0 1 18 50 0.272596
10 0 1 18 51 0.279182
10 0 2 17 86 -1
10 0 2 17 87 0.864231
10 0 2 18 86 0.856608
10 0 2 18 87 -1
10 0 3 17 123 -1
10 0 3 17 124 0.851607
10 0 3 18 123 0.924962
10 0 3 18 124 -1
10 1 2 50 86 -1
10 1 2 50 87 0.997391
10 1 2 51 86 0.893097
10 1 2 51 87 -1
10 1 3 50 123 0.231127
10 1 3 50 124 0.459818
10 1 3 51 123 0.468604
10 1 3 51 124 0.22681
10 2 3 86 123 0.888457
10 2 3 86 124 -1
10 2 3 87 123 -1
10 2 3 87 124 0.964356
11 0 1 19 52 -1
11 0 1 20 52 0.928443
11 0 2 19 88 0.933619
11 0 2 19 89 -1
11 0 2 20 88 -1
11 0 2 20 89 0.910284
11 0 3 19 125 0.978305
11 0 3 20 125 -1
11 0 4 19 159 0.572874
11 0 4 19 160 0.23621
11 0 4 20 159 0.230231
11 0 4 20 160 0.579891
11 1 2 52 88 -1
11 1 2 52 89 0.978739
11 1 3 52 125 -1
11 1 4 52 159 -1
11 1 4 52 160 0.885325
11 2 3 88 125 0.995518
11 2 3 89 125 -1
11 2 4 88 159 0.942143
11 2 4 88 160 -1
11 2 4 89 159 -1
11 2 4 89 160 0.938886
11 3 4 125 159 0.59738
11 3 4 125 160 0.40262
12 0 1 21 53 0.576843
12 0 1 21 54 -1
12 0 1 22 53 0.292928
12 0 1 22 54 0.534555
12 0 2 21 90 0.984892
12 0 2 21 91 -1
12 0 2 22 90 -1
12 0 2 22 91 0.850081
12 0 3 21 126 0.988685
12 0 3 21 127 -1
12 0 3 22 126 -1
12 0 3 22 127 0.89053
12 0 4 21 161 0.356247
12 0 4 22 161 0.643753
12 1 2 53 90 0.951431
12 1 2 53 91 -1
12 1 2 54 90 -1
12 1 2 54 91 0.886187
12 1 3 53 126 0.914874
12 1 3 53 127 -1
12 1 3 54 126 -1
12 1 3 54 127 0.950629
12 1 4 53 161 -1
12 1 4 54 161 0.707372
12 2 3 90 126 0.794767
12 2 3 90 127 -1
12 2 3 91 126 -1
12 2 3 91 127 0.951762
12 2 4 90 161 -1
12 2 4 91 161 0.87711
12 3 4 126 161 0.167353
12 3 4 127 161 0.832647
13 0 1 23 55 0.65369
13 0 1 23 56 -1
13 0 1 24 55 0.34631
13 0 1 24 56 0.335845
13 0 2 23 92 0.867479
13 0 2 23 93 -1
13 0 2 24 92 -1
13 0 2 24 93 0.363214
13 0 3 23 128 0.854453
13 0 3 23 129 -1
13 0 3 24 128 -1
13 0 3 24 129 0.735656
13 0 4 23 162 -1
13 0 4 23 163 0.894438
13 0 4 24 162 0.356437
13 0 4 24 163 -1
13 1 2 55 92 0.77262
13 1 2 55 93 -1
13 1 2 56 92 -1
13 1 2 56 93 0.751251
13 1 3 55 128 0.827136
13 1 3 55 129 -1
13 1 3 56 128 -1
13 1 3 56 129 0.999022
13 1 4 55 162 -1
13 1 4 55 163 0.694315
13 1 4 56 162 0.988505
13 1 4 56 163 -1
13 2 3 92 128 0.992364
13 2 3 92 129 -1
13 2 3 93 128 -1
13 2 3 93 129 0.756587
13 2 4 92 162 0.12766
13 2 4 92 163 0.87234
13 2 4 93 162 0.845392
13 2 4 93 163 -1
13 3 4 128 162 -1
13 3 4 128 163 0.82075
13 3 4 129 162 0.881353
13 3 4 129 163 -1
14 0 1 25 57 0.425033
14 0 1 25 58 0.233031
14 0 1 26 57 0.310609
14 0 1 26 58 0.439507
14 0 2 25 94 0.93133
14 0 2 25 95 -1
14 0 2 26 94 -1
14 0 2 26 95 0.974995
14 0 3 25 130 0.997667
14 0 3 25 131 -1
14 0 3 26 130 -1
14 0 3 26 131 0.942934
14 0 4 25 164 -1
14 0 4 25 165 0.774117
14 0 4 26 164 0.647444
14 0 4 26 165 -1
14 1 2 57 94 0.897173
14 1 2 57 95 -1
14 1 2 58 94 -1
14 1 2 58 95 0.904962
14 1 3 57 130 0.945163
14 1 3 57 131 -1
14 1 3 58 130 -1
14 1 3 58 131 0.925009
14 1 4 57 164 -1
14 1 4 57 165 0.936993
14 1 4 58 164 0.905153
14 1 4 58 165 -1
14 2 3 94 130 0.929109
14 2 3 94 131 -1
14 2 3 95 130 -1
14 2 3 95 131 0.890079
14 2 4 94 164 -1
14 2 4 94 165 0.85286
14 2 4 95 164 0.842726
14 2 4 95 165 -1
14 3 4 130 164 0.293735
14 3 4 130 165 0.60891
14 3 4 131 164 0.576494
14 3 4 131 165 0.0668806
15 0 1 27 59 -1
15 0 1 27 60 0.912356
15 0 2 27 96 -1
15 0 2 27 97 0.534793
15 0 3 27 132 -1
15 0 4 27 166 0.701247
15 0 4 27 167 -1
15 1 2 59 96 -1
15 1 2 59 97 -1
15 1 2 60 96 -1
15 1 2 60 97 0.574663
15 1 3 59 132 -1
15 1 3 60 132 -1
15 1 4 59 166 -1
15 1 4 59 167 -1
15 1 4 60 166 0.940883
15 1 4 60 167 -1
15 2 3 96 132 0.794861
15 2 3 97 132 -1
15 2 4 96 166 -1
15 2 4 96 167 0.862635
15 2 4 97 166 0.674713
15 2 4 97 167 -1
15 3 4 132 166 0.384513
15 3 4 132 167 0.615487
16 0 1 28 61 -1
16 0 1 28 62 0.82703
16 0 1 28 63 -1
16 0 2 28 98 0.861362
16 0 2 28 99 -1
16 0 3 28 133 0.792838
16 0 3 28 134 -1
16 0 4 28 168 -1
16 1 2 61 98 -1
16 1 2 61 99 -1
16 1 2 62 98 0.898493
16 1 2 62 99 -1
16 1 2 63 98 -1
16 1 2 63 99 0.757485
16 1 3 61 133 -1
16 1 3 61 134 0.558126
16 1 3 62 133 0.970693
16 1 3 62 134 -1
16 1 3 63 133 -1
16 1 3 63 134 0.983612
16 1 4 61 168 -1
16 1 4 62 168 -1
16 1 4 63 168 0.867431
16 2 3 98 133 0.994541
16 2 3 98 134 -1
16 2 3 99 133 -1
16 2 3 99 134 0.950774
16 2 4 98 168 -1
16 2 4 99 168 0.741526
16 3 4 133 168 -1
16 3 4 134 168 0.896143
17 0 1 29 64 0.529844
17 0 1 29 65 0.470156
17 0 2 29 100 0.813522
17 0 2 29 101 -1
17 0 3 29 135 0.906569
17 0 3 29 136 -1
17 0 4 29 169 -1
17 0 4 29 170 0.936206
17 1 2 64 100 0.83314
17 1 2 64 101 -1
17 1 2 65 100 -1
17 1 2 65 101 0.711654
17 1 3 64 135 0.890954
17 1 3 64 136 -1
17 1 3 65 135 -1
17 1 3 65 136 0.817077
17 1 4 64 169 -1
17 1 4 64 170 0.854812
17 1 4 65 169 0.816974
17 1 4 65 170 -1
17 2 3 100 135 0.721912
17 2 3 100 136 -1
17 2 3 101 135 -1
17 2 3 101 136 0.952794
17 2 4 100 169 -1
17 2 4 100 170 0.951512
17 2 4 101 169 0.824611
17 2 4 101 170 -1
17 3 4 135 169 0.276872
17 3 4 135 170 0.353161
17 3 4 136 169 0.35541
17 3 4 136 170 0.268465
18 0 1 30 66 0.722765
18 0 1 30 67 -1
18 0 1 31 66 0.277235
18 0 1 31 67 0.404703
18 0 2 30 102 0.826611
18 0 2 30 103 -1
18 0 2 31 102 -1
18 0 2 31 103 -1
18 0 3 30 137 -1
18 0 3 30 138 0.687288
18 0 3 31 137 0.790206
18 0 3 31 138 -1
18 0 4 30 171 -1
18 0 4 30 172 0.746113
18 0 4 31 171 0.272785
18 0 4 31 172 -1
18 1 2 66 102 0.863185
18 1 2 66 103 -1
18 1 2 67 102 -1
18 1 2 67 103 0.444422
18 1 3 66 137 -1
18 1 3 66 138 0.856087
18 1 3 67 137 0.973037
18 1 3 67 138 -1
18 1 4 66 171 -1
18 1 4 66 172 0.781681
18 1 4 67 171 0.910612
18 1 4 67 172 -1
18 2 3 102 137 -1
18 2 3 102 138 0.859602
18 2 3 103 137 0.183937
18 2 3 103 138 -1
18 2 4 102 171 0.270159
18 2 4 102 172 0.262715
18 2 4 103 171 0.262235
18 2 4 103 172 0.269977
18 3 4 137 171 0.769791
18 3 4 137 172 -1
18 3 4 138 171 -1
18 3 4 138 172 0.970713
end of Frame 47
