J OverallIdx viewIdx joint种类0-18(jointIdx) 该joint在图中的顺序(candidix) x y score
0 0 0 0 370.041 366.887 0.674677
1 0 0 1 283.272 409.099 0.550363
2 0 0 2 933.933 409.073 0.684033
3 0 0 3 664.705 520.836 0.391085
4 0 1 0 670.256 177.225 0.789985
5 0 1 1 260.793 204.513 0.602706
6 0 1 2 367.294 215.13 0.847138
7 0 1 3 947.813 219.312 0.807612
8 0 2 0 328.208 369.017 0.587061
9 0 2 1 286.087 411.15 0.507861
10 0 2 2 902.94 404.897 0.646675
11 0 2 3 737.569 516.631 0.375773
12 0 3 0 406.574 364.838 0.639565
13 0 3 1 280.444 411.16 0.414015
14 0 3 2 973.184 409.083 0.677973
15 0 3 3 594.638 516.631 0.407591
16 0 4 0 367.351 153.932 0.855061
17 0 4 1 897.403 160.367 0.897762
18 0 5 0 779.606 170.827 0.726382
19 0 5 1 280.387 206.66 0.731048
20 0 5 2 322.49 213.026 0.749452
21 0 5 3 891.859 225.617 0.84469
22 0 6 0 558.125 187.679 0.672202
23 0 6 1 249.563 200.304 0.501953
24 0 6 2 412.223 217.224 0.817118
25 0 6 3 995.582 213.004 0.857125
26 0 7 0 328.112 510.263 0.671093
27 0 7 1 903.047 548.317 0.786821
28 0 7 2 277.697 582.034 0.670497
29 0 7 3 734.712 761.203 0.441931
30 0 8 0 417.809 503.973 0.737389
31 0 8 1 978.659 562.964 0.843069
32 0 8 2 288.836 579.873 0.447239
33 0 8 3 574.921 740.146 0.372609
34 0 9 0 723.557 82.2009 0.821872
35 0 9 1 294.457 128.586 0.849451
36 0 9 2 344.921 147.577 0.470652
37 0 10 0 619.819 75.9372 0.896744
38 0 10 1 395.36 143.421 0.442678
39 0 10 2 950.705 145.526 0.919732
40 0 11 0 886.074 312.134 0.830232
41 0 11 1 308.472 331.038 0.85301
42 0 11 2 821.657 358.493 0.725122
43 0 12 0 423.474 299.456 0.394723
44 0 12 1 1029.21 312.158 0.94221
45 0 12 2 502.037 364.833 0.835107
46 0 13 0 347.578 630.512 0.821528
47 0 13 1 903.019 659.99 0.766294
48 0 13 2 229.925 746.51 0.622757
49 0 14 0 423.485 632.613 0.721711
50 0 14 1 992.745 687.489 0.766607
51 0 14 2 263.6 721.231 0.689458
52 0 15 0 858.097 377.461 0.586542
53 0 15 1 403.859 394.334 0.818529
54 0 15 2 821.668 453.397 0.797622
55 0 16 0 437.405 375.371 0.287544
56 0 16 1 998.435 400.633 0.857841
57 0 16 2 482.244 499.849 0.839309
58 0 17 0 417.819 655.803 0.570378
59 0 17 1 330.996 740.167 0.788225
60 0 17 2 989.968 735.888 0.722102
61 0 18 0 356.157 666.395 0.68281
62 0 18 1 844.069 681.032 0.764351
63 0 18 2 291.605 754.91 0.209329
64 1 0 0 460.01 377.387 0.765148
65 1 0 1 779.693 371.142 0.72689
66 1 0 2 569.147 396.465 0.72998
67 1 0 3 1029.2 419.645 0.540575
68 1 1 0 457.015 229.892 0.841268
69 1 1 1 552.589 240.368 0.855051
70 1 1 2 1001.18 242.529 0.775928
71 1 1 3 776.919 259.38 0.916301
72 1 2 0 751.716 371.15 0.754
73 1 2 1 437.574 377.477 0.767985
74 1 2 2 594.644 396.493 0.745885
75 1 2 3 1029.21 421.729 0.213753
76 1 3 0 485.12 373.265 0.713759
77 1 3 1 813.202 371.162 0.722609
78 1 3 2 530.066 396.391 0.678822
79 1 3 3 978.784 421.716 0.583786
80 1 4 0 614.021 181.332 0.227717
81 1 4 1 482.428 187.708 0.882325
82 1 4 2 930.909 208.807 0.937209
83 1 4 3 785.167 221.398 0.831494
84 1 5 0 420.684 231.991 0.823707
85 1 5 1 1029.21 234.034 0.43334
86 1 5 2 600.21 236.166 0.810707
87 1 5 3 740.377 259.421 0.839901
88 1 6 0 504.752 238.286 0.823741
89 1 6 1 973.027 244.645 0.854082
90 1 6 2 818.971 259.366 0.932831
91 1 7 0 754.456 463.893 0.851708
92 1 7 1 437.466 484.986 0.855335
93 1 7 2 597.382 529.215 0.803024
94 1 8 0 816.137 463.861 0.861827
95 1 8 1 504.673 480.803 0.876486
96 1 8 2 546.727 525.095 0.734001
97 1 8 3 956.25 548.267 0.811931
98 1 9 0 591.777 175.067 0.941812
99 1 9 1 440.389 179.232 0.908495
100 1 9 2 760.007 213.057 0.733842
101 1 10 0 552.464 177.192 0.162708
102 1 10 1 956.431 187.696 0.851863
103 1 10 2 802.035 213.033 0.725574
104 1 11 0 431.894 303.626 0.812732
105 1 11 1 723.492 314.198 0.474203
106 1 11 2 639.22 328.965 0.923396
107 1 12 0 838.376 312.132 0.879381
108 1 12 1 490.718 328.832 0.907817
109 1 12 2 953.314 337.408 0.86125
110 1 13 0 751.701 541.909 0.775365
111 1 13 1 431.902 594.674 0.806936
112 1 13 2 597.327 657.932 0.763819
113 1 14 0 818.79 548.187 0.868704
114 1 14 1 487.924 581.898 0.826502
115 1 14 2 546.857 649.415 0.838801
116 1 14 3 931.153 666.359 0.810006
117 1 15 0 479.572 248.837 0.863762
118 1 15 1 726.295 364.76 0.551967
119 1 15 2 661.828 373.213 0.831116
120 1 16 0 841.179 364.749 0.916934
121 1 16 1 527.214 371.149 0.804791
122 1 16 2 908.735 413.26 0.913623
123 1 17 0 849.699 567.208 0.744625
124 1 17 1 513.229 592.515 0.450596
125 1 17 2 566.453 647.305 0.27894
126 1 17 3 869.426 666.401 0.826126
127 1 18 0 757.165 562.952 0.640961
128 1 18 1 465.508 611.555 0.751904
129 1 18 2 616.976 653.677 0.541924
130 2 0 0 482.47 134.963 0.767388
131 2 0 1 818.759 191.806 0.669343
132 2 0 2 888.95 293.056 0.669415
133 2 0 3 375.782 358.505 0.639958
134 2 0 4 642.125 396.446 0.767281
135 2 1 0 485.207 23.1597 0.90924
136 2 1 1 824.539 145.525 0.587881
137 2 1 2 914.256 156.049 0.763562
138 2 1 3 364.485 191.885 0.787942
139 2 1 4 661.665 244.653 0.926239
140 2 2 0 459.967 137.071 0.769374
141 2 2 1 824.494 191.875 0.609676
142 2 2 2 888.933 288.873 0.586621
143 2 2 3 392.707 364.767 0.667446
144 2 2 4 681.322 396.362 0.728139
145 2 3 0 507.53 132.85 0.746517
146 2 3 1 807.66 189.774 0.656468
147 2 3 2 886.317 295.245 0.728285
148 2 3 3 358.965 350.073 0.56743
149 2 3 4 611.317 396.51 0.711879
150 2 4 0 863.701 111.864 0.915913
151 2 5 0 457.013 25.4161 0.892702
152 2 5 1 908.739 141.324 0.670944
153 2 5 2 841.295 149.714 0.524824
154 2 5 3 386.932 206.642 0.687963
155 2 5 4 706.841 242.396 0.878063
156 2 6 0 527.076 14.7981 0.886308
157 2 6 1 816.043 143.341 0.623604
158 2 6 2 922.59 168.686 0.769321
159 2 6 3 333.679 177.19 0.754854
160 2 6 4 611.288 246.811 0.827738
161 2 7 0 796.483 217.183 0.530653
162 2 7 1 445.852 225.565 0.732804
163 2 7 2 886.113 364.828 0.77812
164 2 7 3 392.494 478.693 0.804034
165 2 7 4 664.565 499.784 0.850998
166 2 8 0 504.702 217.202 0.806636
167 2 8 1 785.27 213.028 0.677251
168 2 8 2 860.907 381.742 0.781128
169 2 8 3 392.614 436.516 0.364841
170 2 8 4 597.337 504.006 0.825674
171 2 9 0 403.817 134.96 0.751379
172 2 9 1 684.391 164.458 0.720538
173 2 10 0 908.552 105.396 0.90738
174 2 10 1 619.767 162.343 0.760109
175 2 11 0 440.259 94.8621 0.873421
176 2 11 1 844.168 162.393 0.156747
177 2 11 2 905.824 208.687 0.422575
178 2 11 3 420.63 309.927 0.810056
179 2 11 4 706.731 312.086 0.81336
180 2 12 0 527.161 78.1091 0.847245
181 2 12 1 796.525 164.454 0.50103
182 2 12 2 911.52 248.828 0.855503
183 2 12 3 586.066 362.592 0.756428
184 2 13 0 799.213 259.414 0.403418
185 2 13 1 440.254 297.292 0.553328
186 2 13 2 886.065 430.288 0.836251
187 2 13 3 373.006 577.784 0.847732
188 2 13 4 667.503 605.183 0.754214
189 2 14 0 796.395 259.372 0.690893
190 2 14 1 504.694 295.131 0.884989
191 2 14 2 827.266 470.209 0.797128
192 2 14 3 395.417 499.8 0.559373
193 2 14 4 597.333 609.399 0.812972
194 2 15 0 437.502 160.193 0.955793
195 2 15 1 863.672 227.734 0.749438
196 2 15 2 479.47 234.059 0.789174
197 2 16 0 546.82 130.775 0.854127
198 2 16 1 790.869 175.062 0.221183
199 2 16 2 877.728 312.139 0.852905
200 2 16 3 571.95 352.187 0.338047
201 2 17 0 796.313 274.139 0.259995
202 2 17 1 524.404 307.844 0.529527
203 2 17 2 790.744 480.68 0.727663
204 2 17 3 417.826 512.445 0.499394
205 2 17 4 597.392 598.89 0.481873
206 2 18 0 863.771 438.604 0.252731
207 2 18 1 420.606 569.36 0.777398
208 2 18 2 658.954 598.852 0.425312
209 3 0 0 129.01 339.528 0.719185
210 3 0 1 591.603 356.364 0.571294
211 3 0 2 409.374 383.793 0.586325
212 3 1 0 384.228 189.741 0.812737
213 3 1 1 591.646 191.878 0.625892
214 3 1 2 117.695 196.185 0.827808
215 3 2 0 117.764 341.622 0.726074
216 3 2 1 591.755 352.176 0.467117
217 3 2 2 448.659 381.707 0.570956
218 3 3 0 145.917 337.413 0.746942
219 3 3 1 586.082 358.496 0.660093
220 3 3 2 367.263 388.012 0.60253
221 3 4 0 157.089 153.941 0.822185
222 3 4 1 524.287 143.35 0.714889
223 3 5 0 445.895 179.332 0.807376
224 3 5 1 594.576 187.71 0.47951
225 3 5 2 95.3704 204.516 0.807141
226 3 6 0 137.389 194.006 0.78786
227 3 6 1 583.317 193.955 0.823017
228 3 6 2 319.736 193.94 0.860047
229 3 7 0 123.307 442.801 0.791195
230 3 7 1 605.707 466.102 0.692572
231 3 7 2 437.308 533.557 0.798749
232 3 8 0 148.59 432.336 0.81501
233 3 8 1 588.89 478.683 0.740261
234 3 8 2 367.393 527.193 0.818121
235 3 9 0 420.732 107.504 0.784492
236 3 9 1 117.711 145.503 0.861432
237 3 10 0 347.846 107.489 0.812575
238 3 10 1 552.419 128.682 0.892008
239 3 11 0 86.9324 278.468 0.871018
240 3 11 1 482.457 280.498 0.766248
241 3 11 2 572.19 293.113 0.193603
242 3 12 0 145.666 267.841 0.710047
243 3 12 1 597.299 295.279 0.901207
244 3 12 2 305.651 309.9 0.791104
245 3 13 0 112.224 520.846 0.609386
246 3 13 1 642.196 581.95 0.814066
247 3 13 2 429.042 687.42 0.68158
248 3 14 0 151.458 514.578 0.73583
249 3 14 1 602.943 596.726 0.781549
250 3 14 2 356.12 660.025 0.761301
251 3 15 0 521.619 324.745 0.43787
252 3 15 1 120.476 345.807 0.927576
253 3 16 0 168.4 316.353 0.874724
254 3 16 1 549.683 345.828 0.873228
255 3 16 2 322.545 409.04 0.816845
256 3 17 0 190.771 531.322 0.403975
257 3 17 1 552.431 600.932 0.840758
258 3 17 2 356.118 653.717 0.466135
259 3 18 0 448.669 672.642 0.625552
260 4 0 0 328.184 282.557 0.743952
261 4 0 1 661.798 286.812 0.775706
262 4 0 2 810.467 318.429 0.604194
263 4 0 3 120.491 396.386 0.560395
264 4 1 0 824.437 118.102 0.562857
265 4 1 1 100.878 141.271 0.841355
266 4 1 2 673.06 141.175 0.838046
267 4 1 3 325.328 147.625 0.913131
268 4 2 0 302.833 284.641 0.756014
269 4 2 1 636.569 284.649 0.755885
270 4 2 2 830.042 316.331 0.542638
271 4 2 3 165.373 396.456 0.530152
272 4 3 0 361.734 280.498 0.69591
273 4 3 1 687.017 290.967 0.750848
274 4 3 2 790.863 322.629 0.573248
275 4 3 3 75.6846 394.305 0.555039
276 4 4 0 751.573 44.2776 0.430552
277 4 4 1 633.723 90.5639 0.869168
278 4 4 2 344.839 111.798 0.884175
279 4 5 0 841.218 109.733 0.49935
280 4 5 1 159.83 143.292 0.742609
281 4 5 2 633.826 137.095 0.834765
282 4 5 3 280.483 145.557 0.906975
283 4 6 0 816.107 124.42 0.725672
284 4 6 1 36.5363 139.199 0.770887
285 4 6 2 712.353 141.258 0.827713
286 4 6 3 370.211 149.763 0.861462
287 4 7 0 302.752 385.908 0.87073
288 4 7 1 639.263 400.628 0.80579
289 4 7 2 818.821 457.603 0.817724
290 4 7 3 185.105 594.607 0.748516
291 4 8 0 370.295 379.635 0.872448
292 4 8 1 687.136 404.883 0.78673
293 4 8 2 740.331 463.824 0.824091
294 4 8 3 100.81 582.085 0.787394
295 4 9 0 159.836 44.373 0.810854
296 4 9 1 305.601 101.242 0.861248
297 4 10 0 785.269 37.9043 0.811643
298 4 10 1 681.462 75.927 0.944026
299 4 11 0 260.816 210.794 0.919952
300 4 11 1 614.02 219.311 0.868474
301 4 11 2 190.801 288.861 0.861926
302 4 12 0 392.523 215.104 0.883429
303 4 12 1 745.889 215.064 0.809503
304 4 12 2 799.18 242.453 0.684665
305 4 12 3 33.673 276.226 0.243986
306 4 13 0 300.049 470.212 0.825394
307 4 13 1 645.016 493.446 0.828541
308 4 13 2 821.637 596.695 0.767031
309 4 13 3 196.292 757.041 0.6869
310 4 14 0 392.56 472.317 0.803725
311 4 14 1 684.355 510.254 0.825073
312 4 14 2 748.725 617.875 0.768103
313 4 14 3 103.759 727.501 0.693628
314 4 15 0 751.481 143.409 0.197199
315 4 15 1 260.88 261.408 0.950632
316 4 15 2 571.994 267.792 0.866613
317 4 15 3 258.006 396.445 0.826968
318 4 16 0 414.936 274.118 0.829739
319 4 16 1 706.672 276.143 0.897422
320 4 16 2 771.167 347.923 0.810439
321 4 17 0 412.208 497.612 0.796892
322 4 17 1 642.285 533.544 0.744774
323 4 17 2 681.357 632.636 0.827137
324 4 17 3 106.608 723.315 0.28701
325 4 17 4 283.226 735.996 0.187801
326 4 18 0 294.424 495.512 0.816465
327 4 18 1 625.374 522.965 0.787682
328 4 18 2 776.762 594.648 0.45565
329 4 18 3 277.514 740.166 0.536318
P viewIdx, pafIdx, aOverAllIdx, bOverAllIdx, CandidAIdx, CandidBIdx, score
0 0 4 0 0 0 0
0 0 4 1 0 1 0
0 0 4 2 0 2 0
0 0 4 3 0 3 0.974844
0 0 5 0 1 0 0
0 0 5 1 1 1 0.930568
0 0 5 2 1 2 0
0 0 5 3 1 3 0
0 0 6 0 2 0 0.989029
0 0 6 1 2 1 0
0 0 6 2 2 2 0
0 0 6 3 2 3 0
0 0 7 0 3 0 0
0 0 7 1 3 1 0
0 0 7 2 3 2 0.980442
0 0 7 3 3 3 0
0 1 8 26 0 0 0.266314
0 1 8 27 0 1 0
0 1 8 28 0 2 0.26413
0 1 8 29 0 3 0
0 1 9 26 1 0 0.264112
0 1 9 27 1 1 0
0 1 9 28 1 2 0.266332
0 1 9 29 1 3 0
0 1 10 26 2 0 0
0 1 10 27 2 1 0.984762
0 1 10 28 2 2 0
0 1 10 29 2 3 0
0 1 11 26 3 0 0
0 1 11 27 3 1 0
0 1 11 28 3 2 0
0 1 11 29 3 3 0.961691
0 2 26 46 0 0 0.280453
0 2 26 47 0 1 0
0 2 26 48 0 2 0.256835
0 2 27 46 1 0 0
0 2 27 47 1 1 0.982527
0 2 27 48 1 2 0
0 2 28 46 2 0 0.255039
0 2 28 47 2 1 0
0 2 28 48 2 2 0.280701
0 2 29 46 3 0 0
0 2 29 47 3 1 0
0 2 29 48 3 2 0
0 3 0 8 0 0 0.907528
0 3 0 9 0 1 0
0 3 0 10 0 2 0
0 3 0 11 0 3 0
0 3 1 8 1 0 0
0 3 1 9 1 1 0.658584
0 3 1 10 1 2 0
0 3 1 11 1 3 0
0 3 2 8 2 0 0
0 3 2 9 2 1 0
0 3 2 10 2 2 0.920021
0 3 2 11 2 3 0
0 3 3 8 3 0 0
0 3 3 9 3 1 0
0 3 3 10 3 2 0
0 3 3 11 3 3 0.825455
0 4 0 12 0 0 0.91509
0 4 0 13 0 1 0
0 4 0 14 0 2 0
0 4 0 15 0 3 0
0 4 1 12 1 0 0
0 4 1 13 1 1 0.684255
0 4 1 14 1 2 0
0 4 1 15 1 3 0
0 4 2 12 2 0 0
0 4 2 13 2 1 0
0 4 2 14 2 2 0.925258
0 4 2 15 2 3 0
0 4 3 12 3 0 0
0 4 3 13 3 1 0
0 4 3 14 3 2 0
0 4 3 15 3 3 0.821416
0 5 12 30 0 0 0.987354
0 5 12 31 0 1 0
0 5 12 32 0 2 0
0 5 12 33 0 3 0
0 5 13 30 1 0 0
0 5 13 31 1 1 0
0 5 13 32 1 2 0.878123
0 5 13 33 1 3 0
0 5 14 30 2 0 0
0 5 14 31 2 1 0.995464
0 5 14 32 2 2 0
0 5 14 33 2 3 0
0 5 15 30 3 0 0
0 5 15 31 3 1 0
0 5 15 32 3 2 0
0 5 15 33 3 3 0.934239
0 6 30 49 0 0 0.984808
0 6 30 50 0 1 0
0 6 30 51 0 2 0
0 6 31 49 1 0 0
0 6 31 50 1 1 0.999371
0 6 31 51 1 2 0
0 6 32 49 2 0 0
0 6 32 50 2 1 0
0 6 32 51 2 2 0.937204
0 6 33 49 3 0 0
0 6 33 50 3 1 0
0 6 33 51 3 2 0
0 7 4 18 0 0 0.965039
0 7 4 19 0 1 0
0 7 4 20 0 2 0
0 7 4 21 0 3 0
0 7 5 18 1 0 0
0 7 5 19 1 1 0.884482
0 7 5 20 1 2 0
0 7 5 21 1 3 0
0 7 6 18 2 0 0
0 7 6 19 2 1 0
0 7 6 20 2 2 0.985797
0 7 6 21 2 3 0
0 7 7 18 3 0 0
0 7 7 19 3 1 0
0 7 7 20 3 2 0
0 7 7 21 3 3 0.982712
0 8 18 40 0 0 0
0 8 18 41 0 1 0
0 8 18 42 0 2 0.980106
0 8 19 40 1 0 0
0 8 19 41 1 1 0.51958
0 8 19 42 1 2 0
0 8 20 40 2 0 0
0 8 20 41 2 1 0.48042
0 8 20 42 2 2 0
0 8 21 40 3 0 0.989866
0 8 21 41 3 1 0
0 8 21 42 3 2 0
0 9 40 52 0 0 0.276966
0 9 40 53 0 1 0
0 9 40 54 0 2 0.252979
0 9 41 52 1 0 0
0 9 41 53 1 1 0.986818
0 9 41 54 1 2 0
0 9 42 52 2 0 0.250639
0 9 42 53 2 1 0
0 9 42 54 2 2 0.276986
0 10 18 34 0 0 0.994681
0 10 18 35 0 1 0
0 10 18 36 0 2 0
0 10 19 34 1 0 0
0 10 19 35 1 1 0.266518
0 10 19 36 1 2 0.261858
0 10 20 34 2 0 0
0 10 20 35 2 1 0.261931
0 10 20 36 2 2 0.266727
0 10 21 34 3 0 0
0 10 21 35 3 1 0
0 10 21 36 3 2 0
0 11 4 22 0 0 0.954535
0 11 4 23 0 1 0
0 11 4 24 0 2 0
0 11 4 25 0 3 0
0 11 5 22 1 0 0
0 11 5 23 1 1 0.864373
0 11 5 24 1 2 0
0 11 5 25 1 3 0
0 11 6 22 2 0 0
0 11 6 23 2 1 0
0 11 6 24 2 2 0.980802
0 11 6 25 2 3 0
0 11 7 22 3 0 0
0 11 7 23 3 1 0
0 11 7 24 3 2 0
0 11 7 25 3 3 0.980911
0 12 22 43 0 0 0
0 12 22 44 0 1 0
0 12 22 45 0 2 0.947885
0 12 23 43 1 0 0
0 12 23 44 1 1 0
0 12 23 45 1 2 0
0 12 24 43 2 0 0.878357
0 12 24 44 2 1 0
0 12 24 45 2 2 0
0 12 25 43 3 0 0
0 12 25 44 3 1 0.999094
0 12 25 45 3 2 0
0 13 43 55 0 0 0.850086
0 13 43 56 0 1 0
0 13 43 57 0 2 0
0 13 44 55 1 0 0
0 13 44 56 1 1 0.964684
0 13 44 57 1 2 0
0 13 45 55 2 0 0
0 13 45 56 2 1 0
0 13 45 57 2 2 0.988584
0 14 22 37 0 0 0.952312
0 14 22 38 0 1 0
0 14 22 39 0 2 0
0 14 23 37 1 0 0
0 14 23 38 1 1 0
0 14 23 39 1 2 0
0 14 24 37 2 0 0
0 14 24 38 2 1 0.84621
0 14 24 39 2 2 0
0 14 25 37 3 0 0
0 14 25 38 3 1 0
0 14 25 39 3 2 0.990546
0 15 4 16 0 0 0
0 15 4 17 0 1 0
0 15 5 16 1 0 0.487927
0 15 5 17 1 1 0
0 15 6 16 2 0 0.512073
0 15 6 17 2 1 0
0 15 7 16 3 0 0
0 15 7 17 3 1 0.986914
0 16 49 58 0 0 0.894012
0 16 49 59 0 1 0
0 16 49 60 0 2 0
0 16 50 58 1 0 0
0 16 50 59 1 1 0
0 16 50 60 1 2 0.975104
0 16 51 58 2 0 0
0 16 51 59 2 1 0.9615
0 16 51 60 2 2 0
0 17 46 61 0 0 0.924242
0 17 46 62 0 1 0
0 17 46 63 0 2 0
0 17 47 61 1 0 0
0 17 47 62 1 1 0.968458
0 17 47 63 1 2 0
0 17 48 61 2 0 0
0 17 48 62 2 1 0
0 17 48 63 2 2 0.896218
1 0 68 64 0 0 0.97118
1 0 68 65 0 1 0
1 0 68 66 0 2 0
1 0 68 67 0 3 0
1 0 69 64 1 0 0
1 0 69 65 1 1 0
1 0 69 66 1 2 0.984061
1 0 69 67 1 3 0
1 0 70 64 2 0 0
1 0 70 65 2 1 0
1 0 70 66 2 2 0
1 0 70 67 2 3 0.975145
1 0 71 64 3 0 0
1 0 71 65 3 1 0.991066
1 0 71 66 3 2 0
1 0 71 67 3 3 0
1 1 72 91 0 0 0.990895
1 1 72 92 0 1 0
1 1 72 93 0 2 0
1 1 73 91 1 0 0
1 1 73 92 1 1 0.992022
1 1 73 93 1 2 0
1 1 74 91 2 0 0
1 1 74 92 2 1 0
1 1 74 93 2 2 0.984356
1 1 75 91 3 0 0
1 1 75 92 3 1 0
1 1 75 93 3 2 0
1 2 91 110 0 0 0.992491
1 2 91 111 0 1 0
1 2 91 112 0 2 0
1 2 92 110 1 0 0
1 2 92 111 1 1 0.987115
1 2 92 112 1 2 0
1 2 93 110 2 0 0
1 2 93 111 2 1 0
1 2 93 112 2 2 0.998513
1 3 64 72 0 0 0
1 3 64 73 0 1 0.946892
1 3 64 74 0 2 0
1 3 64 75 0 3 0
1 3 65 72 1 0 0.941274
1 3 65 73 1 1 0
1 3 65 74 1 2 0
1 3 65 75 1 3 0
1 3 66 72 2 0 0
1 3 66 73 2 1 0
1 3 66 74 2 2 0.92484
1 3 66 75 2 3 0
1 3 67 72 3 0 0
1 3 67 73 3 1 0
1 3 67 74 3 2 0
1 3 67 75 3 3 0.684255
1 4 64 76 0 0 0.940363
1 4 64 77 0 1 0
1 4 64 78 0 2 0
1 4 64 79 0 3 0
1 4 65 76 1 0 0
1 4 65 77 1 1 0.94458
1 4 65 78 1 2 0
1 4 65 79 1 3 0
1 4 66 76 2 0 0
1 4 66 77 2 1 0
1 4 66 78 2 2 0.937551
1 4 66 79 2 3 0
1 4 67 76 3 0 0
1 4 67 77 3 1 0
1 4 67 78 3 2 0
1 4 67 79 3 3 0.891102
1 5 76 94 0 0 0
1 5 76 95 0 1 0.256366
1 5 76 96 0 2 0.254507
1 5 76 97 0 3 0
1 5 77 94 1 0 0.99082
1 5 77 95 1 1 0
1 5 77 96 1 2 0
1 5 77 97 1 3 0
1 5 78 94 2 0 0
1 5 78 95 2 1 0.254514
1 5 78 96 2 2 0.256366
1 5 78 97 2 3 0
1 5 79 94 3 0 0
1 5 79 95 3 1 0
1 5 79 96 3 2 0
1 5 79 97 3 3 0.959841
1 6 94 113 0 0 0.994951
1 6 94 114 0 1 0
1 6 94 115 0 2 0
1 6 94 116 0 3 0
1 6 95 113 1 0 0
1 6 95 114 1 1 0.272444
1 6 95 115 1 2 0.252936
1 6 95 116 1 3 0
1 6 96 113 2 0 0
1 6 96 114 2 1 0.252902
1 6 96 115 2 2 0.272232
1 6 96 116 2 3 0
1 6 97 113 3 0 0
1 6 97 114 3 1 0
1 6 97 115 3 2 0
1 6 97 116 3 3 0.962412
1 7 68 84 0 0 0.978952
1 7 68 85 0 1 0
1 7 68 86 0 2 0
1 7 68 87 0 3 0
1 7 69 84 1 0 0
1 7 69 85 1 1 0
1 7 69 86 1 2 0.982544
1 7 69 87 1 3 0
1 7 70 84 2 0 0
1 7 70 85 2 1 0.945291
1 7 70 86 2 2 0
1 7 70 87 2 3 0
1 7 71 84 3 0 0
1 7 71 85 3 1 0
1 7 71 86 3 2 0
1 7 71 87 3 3 0.994876
1 8 84 104 0 0 0.98264
1 8 84 105 0 1 0
1 8 84 106 0 2 0
1 8 85 104 1 0 0
1 8 85 105 1 1 0
1 8 85 106 1 2 0
1 8 86 104 2 0 0
1 8 86 105 2 1 0
1 8 86 106 2 2 0.992355
1 8 87 104 3 0 0
1 8 87 105 3 1 0.88103
1 8 87 106 3 2 0
1 9 104 117 0 0 0.975186
1 9 104 118 0 1 0
1 9 104 119 0 2 0
1 9 105 117 1 0 0
1 9 105 118 1 1 0.916095
1 9 105 119 1 2 0
1 9 106 117 2 0 0
1 9 106 118 2 1 0
1 9 106 119 2 2 0.988812
1 10 84 98 0 0 0
1 10 84 99 0 1 0.947559
1 10 84 100 0 2 0
1 10 85 98 1 0 0
1 10 85 99 1 1 0
1 10 85 100 1 2 0
1 10 86 98 2 0 0.999204
1 10 86 99 2 1 0
1 10 86 100 2 2 0
1 10 87 98 3 0 0
1 10 87 99 3 1 0
1 10 87 100 3 2 0.937938
1 11 68 88 0 0 0
1 11 68 89 0 1 0
1 11 68 90 0 2 0
1 11 69 88 1 0 0.943799
1 11 69 89 1 1 0
1 11 69 90 1 2 0
1 11 70 88 2 0 0
1 11 70 89 2 1 0.978958
1 11 70 90 2 2 0
1 11 71 88 3 0 0
1 11 71 89 3 1 0
1 11 71 90 3 2 0.997783
1 12 88 107 0 0 0
1 12 88 108 0 1 0.966548
1 12 88 109 0 2 0
1 12 89 107 1 0 0
1 12 89 108 1 1 0
1 12 89 109 1 2 0.991934
1 12 90 107 2 0 0.994453
1 12 90 108 2 1 0
1 12 90 109 2 2 0
1 13 107 120 0 0 0.997685
1 13 107 121 0 1 0
1 13 107 122 0 2 0
1 13 108 120 1 0 0
1 13 108 121 1 1 0.999467
1 13 108 122 1 2 0
1 13 109 120 2 0 0
1 13 109 121 2 1 0
1 13 109 122 2 2 0.98393
1 14 88 101 0 0 0
1 14 88 102 0 1 0
1 14 88 103 0 2 0
1 14 89 101 1 0 0
1 14 89 102 1 1 0.988094
1 14 89 103 1 2 0
1 14 90 101 2 0 0
1 14 90 102 2 1 0
1 14 90 103 2 2 0.960373
1 15 68 80 0 0 0
1 15 68 81 0 1 0.95424
1 15 68 82 0 2 0
1 15 68 83 0 3 0
1 15 69 80 1 0 0.718475
1 15 69 81 1 1 0
1 15 69 82 1 2 0
1 15 69 83 1 3 0
1 15 70 80 2 0 0
1 15 70 81 2 1 0
1 15 70 82 2 2 0.989261
1 15 70 83 2 3 0
1 15 71 80 3 0 0
1 15 71 81 3 1 0
1 15 71 82 3 2 0
1 15 71 83 3 3 0.998892
1 16 113 123 0 0 0.997219
1 16 113 124 0 1 0
1 16 113 125 0 2 0
1 16 113 126 0 3 0
1 16 114 123 1 0 0
1 16 114 124 1 1 0.88129
1 16 114 125 1 2 0
1 16 114 126 1 3 0
1 16 115 123 2 0 0
1 16 115 124 2 1 0
1 16 115 125 2 2 0.820331
1 16 115 126 2 3 0
1 16 116 123 3 0 0
1 16 116 124 3 1 0
1 16 116 125 3 2 0
1 16 116 126 3 3 0.977989
1 17 110 127 0 0 0.960456
1 17 110 128 0 1 0
1 17 110 129 0 2 0
1 17 111 127 1 0 0
1 17 111 128 1 1 0.981985
1 17 111 129 1 2 0
1 17 112 127 2 0 0
1 17 112 128 2 1 0
1 17 112 129 2 2 0.774205
2 0 135 130 0 0 0.992268
2 0 135 131 0 1 0
2 0 135 132 0 2 0
2 0 135 133 0 3 0
2 0 135 134 0 4 0
2 0 136 130 1 0 0
2 0 136 131 1 1 0.930173
2 0 136 132 1 2 0
2 0 136 133 1 3 0
2 0 136 134 1 4 0
2 0 137 130 2 0 0
2 0 137 131 2 1 0
2 0 137 132 2 2 0.930174
2 0 137 133 2 3 0
2 0 137 134 2 4 0
2 0 138 130 3 0 0
2 0 138 131 3 1 0
2 0 138 132 3 2 0
2 0 138 133 3 3 0.987013
2 0 138 134 3 4 0
2 0 139 130 4 0 0
2 0 139 131 4 1 0
2 0 139 132 4 2 0
2 0 139 133 4 3 0
2 0 139 134 4 4 0.987891
2 1 140 161 0 0 0
2 1 140 162 0 1 0.966312
2 1 140 163 0 2 0
2 1 140 164 0 3 0
2 1 140 165 0 4 0
2 1 141 161 1 0 0.863469
2 1 141 162 1 1 0
2 1 141 163 1 2 0
2 1 141 164 1 3 0
2 1 141 165 1 4 0
2 1 142 161 2 0 0
2 1 142 162 2 1 0
2 1 142 163 2 2 0.9678
2 1 142 164 2 3 0
2 1 142 165 2 4 0
2 1 143 161 3 0 0
2 1 143 162 3 1 0
2 1 143 163 3 2 0
2 1 143 164 3 3 0.989862
2 1 143 165 3 4 0
2 1 144 161 4 0 0
2 1 144 162 4 1 0
2 1 144 163 4 2 0
2 1 144 164 4 3 0
2 1 144 165 4 4 0.997061
2 2 161 184 0 0 0.842859
2 2 161 185 0 1 0
2 2 161 186 0 2 0
2 2 161 187 0 3 0
2 2 161 188 0 4 0
2 2 162 184 1 0 0
2 2 162 185 1 1 0.942538
2 2 162 186 1 2 0
2 2 162 187 1 3 0
2 2 162 188 1 4 0
2 2 163 184 2 0 0
2 2 163 185 2 1 0
2 2 163 186 2 2 0.989371
2 2 163 187 2 3 0
2 2 163 188 2 4 0
2 2 164 184 3 0 0
2 2 164 185 3 1 0
2 2 164 186 3 2 0
2 2 164 187 3 3 0.988191
2 2 164 188 3 4 0
2 2 165 184 4 0 0
2 2 165 185 4 1 0
2 2 165 186 4 2 0
2 2 165 187 4 3 0
2 2 165 188 4 4 0.998573
2 3 130 140 0 0 0.93143
2 3 130 141 0 1 0
2 3 130 142 0 2 0
2 3 130 143 0 3 0
2 3 130 144 0 4 0
2 3 131 140 1 0 0
2 3 131 141 1 1 0.885342
2 3 131 142 1 2 0
2 3 131 143 1 3 0
2 3 131 144 1 4 0
2 3 132 140 2 0 0
2 3 132 141 2 1 0
2 3 132 142 2 2 0.776347
2 3 132 143 2 3 0
2 3 132 144 2 4 0
2 3 133 140 3 0 0
2 3 133 141 3 1 0
2 3 133 142 3 2 0
2 3 133 143 3 3 0.939526
2 3 133 144 3 4 0
2 3 134 140 4 0 0
2 3 134 141 4 1 0
2 3 134 142 4 2 0
2 3 134 143 4 3 0
2 3 134 144 4 4 0.947685
2 4 130 145 0 0 0.931338
2 4 130 146 0 1 0
2 4 130 147 0 2 0
2 4 130 148 0 3 0
2 4 130 149 0 4 0
2 4 131 145 1 0 0
2 4 131 146 1 1 0.892424
2 4 131 147 1 2 0
2 4 131 148 1 3 0
2 4 131 149 1 4 0
2 4 132 145 2 0 0
2 4 132 146 2 1 0
2 4 132 147 2 2 0.709477
2 4 132 148 2 3 0
2 4 132 149 2 4 0
2 4 133 145 3 0 0
2 4 133 146 3 1 0
2 4 133 147 3 2 0
2 4 133 148 3 3 0.914517
2 4 133 149 3 4 0
2 4 134 145 4 0 0
2 4 134 146 4 1 0
2 4 134 147 4 2 0
2 4 134 148 4 3 0
2 4 134 149 4 4 0.937267
2 5 145 166 0 0 0.994145
2 5 145 167 0 1 0
2 5 145 168 0 2 0
2 5 145 169 0 3 0
2 5 145 170 0 4 0
2 5 146 166 1 0 0
2 5 146 167 1 1 0.912513
2 5 146 168 1 2 0
2 5 146 169 1 3 0
2 5 146 170 1 4 0
2 5 147 166 2 0 0
2 5 147 167 2 1 0
2 5 147 168 2 2 0.967895
2 5 147 169 2 3 0
2 5 147 170 2 4 0
2 5 148 166 3 0 0
2 5 148 167 3 1 0
2 5 148 168 3 2 0
2 5 148 169 3 3 0.900775
2 5 148 170 3 4 0
2 5 149 166 4 0 0
2 5 149 167 4 1 0
2 5 149 168 4 2 0
2 5 149 169 4 3 0
2 5 149 170 4 4 0.973568
2 6 166 189 0 0 0
2 6 166 190 0 1 0.998985
2 6 166 191 0 2 0
2 6 166 192 0 3 0
2 6 166 193 0 4 0
2 6 167 189 1 0 0.950531
2 6 167 190 1 1 0
2 6 167 191 1 2 0
2 6 167 192 1 3 0
2 6 167 193 1 4 0
2 6 168 189 2 0 0
2 6 168 190 2 1 0
2 6 168 191 2 2 0.964003
2 6 168 192 2 3 0
2 6 168 193 2 4 0
2 6 169 189 3 0 0
2 6 169 190 3 1 0
2 6 169 191 3 2 0
2 6 169 192 3 3 0.893648
2 6 169 193 3 4 0
2 6 170 189 4 0 0
2 6 170 190 4 1 0
2 6 170 191 4 2 0
2 6 170 192 4 3 0
2 6 170 193 4 4 0.998402
2 7 135 151 0 0 0.991811
2 7 135 152 0 1 0
2 7 135 153 0 2 0
2 7 135 154 0 3 0
2 7 135 155 0 4 0
2 7 136 151 1 0 0
2 7 136 152 1 1 0
2 7 136 153 1 2 0.882318
2 7 136 154 1 3 0
2 7 136 155 1 4 0
2 7 137 151 2 0 0
2 7 137 152 2 1 0.940074
2 7 137 153 2 2 0
2 7 137 154 2 3 0
2 7 137 155 2 4 0
2 7 138 151 3 0 0
2 7 138 152 3 1 0
2 7 138 153 3 2 0
2 7 138 154 3 3 0.969686
2 7 138 155 3 4 0
2 7 139 151 4 0 0
2 7 139 152 4 1 0
2 7 139 153 4 2 0
2 7 139 154 4 3 0
2 7 139 155 4 4 0.993556
2 8 151 175 0 0 0.994198
2 8 151 176 0 1 0
2 8 151 177 0 2 0
2 8 151 178 0 3 0
2 8 151 179 0 4 0
2 8 152 175 1 0 0
2 8 152 176 1 1 0
2 8 152 177 1 2 0.791922
2 8 152 178 1 3 0
2 8 152 179 1 4 0
2 8 153 175 2 0 0
2 8 153 176 2 1 0.72459
2 8 153 177 2 2 0
2 8 153 178 2 3 0
2 8 153 179 2 4 0
2 8 154 175 3 0 0
2 8 154 176 3 1 0
2 8 154 177 3 2 0
2 8 154 178 3 3 0.996622
2 8 154 179 3 4 0
2 8 155 175 4 0 0
2 8 155 176 4 1 0
2 8 155 177 4 2 0
2 8 155 178 4 3 0
2 8 155 179 4 4 0.978852
2 9 175 194 0 0 0.999535
2 9 175 195 0 1 0
2 9 175 196 0 2 0
2 9 176 194 1 0 0
2 9 176 195 1 1 0
2 9 176 196 1 2 0
2 9 177 194 2 0 0
2 9 177 195 2 1 0.853387
2 9 177 196 2 2 0
2 9 178 194 3 0 0
2 9 178 195 3 1 0
2 9 178 196 3 2 0.973687
2 9 179 194 4 0 0
2 9 179 195 4 1 0
2 9 179 196 4 2 0
2 10 151 171 0 0 0
2 10 151 172 0 1 0
2 10 152 171 1 0 0
2 10 152 172 1 1 0
2 10 153 171 2 0 0
2 10 153 172 2 1 0
2 10 154 171 3 0 0.979453
2 10 154 172 3 1 0
2 10 155 171 4 0 0
2 10 155 172 4 1 0.966124
2 11 135 156 0 0 0.97033
2 11 135 157 0 1 0
2 11 135 158 0 2 0
2 11 135 159 0 3 0
2 11 135 160 0 4 0
2 11 136 156 1 0 0
2 11 136 157 1 1 0.874278
2 11 136 158 1 2 0
2 11 136 159 1 3 0
2 11 136 160 1 4 0
2 11 137 156 2 0 0
2 11 137 157 2 1 0
2 11 137 158 2 2 0.959835
2 11 137 159 2 3 0
2 11 137 160 2 4 0
2 11 138 156 3 0 0
2 11 138 157 3 1 0
2 11 138 158 3 2 0
2 11 138 159 3 3 0.982819
2 11 138 160 3 4 0
2 11 139 156 4 0 0
2 11 139 157 4 1 0
2 11 139 158 4 2 0
2 11 139 159 4 3 0
2 11 139 160 4 4 0.988203
2 12 156 180 0 0 0.993676
2 12 156 181 0 1 0
2 12 156 182 0 2 0
2 12 156 183 0 3 0
2 12 157 180 1 0 0
2 12 157 181 1 1 0.862208
2 12 157 182 1 2 0
2 12 157 183 1 3 0
2 12 158 180 2 0 0
2 12 158 181 2 1 0
2 12 158 182 2 2 0.992705
2 12 158 183 2 3 0
2 12 159 180 3 0 0
2 12 159 181 3 1 0
2 12 159 182 3 2 0
2 12 159 183 3 3 0
2 12 160 180 4 0 0
2 12 160 181 4 1 0
2 12 160 182 4 2 0
2 12 160 183 4 3 0.981767
2 13 180 197 0 0 0.994858
2 13 180 198 0 1 0
2 13 180 199 0 2 0
2 13 180 200 0 3 0
2 13 181 197 1 0 0
2 13 181 198 1 1 0.705811
2 13 181 199 1 2 0
2 13 181 200 1 3 0
2 13 182 197 2 0 0
2 13 182 198 2 1 0
2 13 182 199 2 2 0.959883
2 13 182 200 2 3 0
2 13 183 197 3 0 0
2 13 183 198 3 1 0
2 13 183 199 3 2 0
2 13 183 200 3 3 0.760831
2 14 156 173 0 0 0
2 14 156 174 0 1 0
2 14 157 173 1 0 0
2 14 157 174 1 1 0
2 14 158 173 2 0 0.995202
2 14 158 174 2 1 0
2 14 159 173 3 0 0
2 14 159 174 3 1 0
2 14 160 173 4 0 0
2 14 160 174 4 1 0.980429
2 15 135 150 0 0 0
2 15 136 150 1 0 0
2 15 137 150 2 0 0.995671
2 15 138 150 3 0 0
2 15 139 150 4 0 0
2 16 189 201 0 0 0.77996
2 16 189 202 0 1 0
2 16 189 203 0 2 0
2 16 189 204 0 3 0
2 16 189 205 0 4 0
2 16 190 201 1 0 0
2 16 190 202 1 1 0.964822
2 16 190 203 1 2 0
2 16 190 204 1 3 0
2 16 190 205 1 4 0
2 16 191 201 2 0 0
2 16 191 202 2 1 0
2 16 191 203 2 2 0.963087
2 16 191 204 2 3 0
2 16 191 205 2 4 0
2 16 192 201 3 0 0
2 16 192 202 3 1 0
2 16 192 203 3 2 0
2 16 192 204 3 3 0.840538
2 16 192 205 3 4 0
2 16 193 201 4 0 0
2 16 193 202 4 1 0
2 16 193 203 4 2 0
2 16 193 204 4 3 0
2 16 193 205 4 4 0.603197
2 17 184 206 0 0 0
2 17 184 207 0 1 0
2 17 184 208 0 2 0
2 17 185 206 1 0 0
2 17 185 207 1 1 0
2 17 185 208 1 2 0
2 17 186 206 2 0 0.802136
2 17 186 207 2 1 0
2 17 186 208 2 2 0
2 17 187 206 3 0 0
2 17 187 207 3 1 0.960617
2 17 187 208 3 2 0
2 17 188 206 4 0 0
2 17 188 207 4 1 0
2 17 188 208 4 2 0.706298
3 0 212 209 0 0 0
3 0 212 210 0 1 0
3 0 212 211 0 2 0.993386
3 0 213 209 1 0 0
3 0 213 210 1 1 0.926036
3 0 213 211 1 2 0
3 0 214 209 2 0 0.98488
3 0 214 210 2 1 0
3 0 214 211 2 2 0
3 1 215 229 0 0 0.984419
3 1 215 230 0 1 0
3 1 215 231 0 2 0
3 1 216 229 1 0 0
3 1 216 230 1 1 0.945364
3 1 216 231 1 2 0
3 1 217 229 2 0 0
3 1 217 230 2 1 0
3 1 217 231 2 2 0.985643
3 2 229 245 0 0 0.958966
3 2 229 246 0 1 0
3 2 229 247 0 2 0
3 2 230 245 1 0 0
3 2 230 246 1 1 0.97721
3 2 230 247 1 2 0
3 2 231 245 2 0 0
3 2 231 246 2 1 0
3 2 231 247 2 2 0.986806
3 3 209 215 0 0 0.944316
3 3 209 216 0 1 0
3 3 209 217 0 2 0
3 3 210 215 1 0 0
3 3 210 216 1 1 0.683794
3 3 210 217 1 2 0
3 3 211 215 2 0 0
3 3 211 216 2 1 0
3 3 211 217 2 2 0.881866
3 4 209 218 0 0 0.945315
3 4 209 219 0 1 0
3 4 209 220 0 2 0
3 4 210 218 1 0 0
3 4 210 219 1 1 0.726842
3 4 210 220 1 2 0
3 4 211 218 2 0 0
3 4 211 219 2 1 0
3 4 211 220 2 2 0.883202
3 5 218 232 0 0 0.99893
3 5 218 233 0 1 0
3 5 218 234 0 2 0
3 5 219 232 1 0 0
3 5 219 233 1 1 0.976011
3 5 219 234 1 2 0
3 5 220 232 2 0 0
3 5 220 233 2 1 0
3 5 220 234 2 2 0.986692
3 6 232 248 0 0 0.982827
3 6 232 249 0 1 0
3 6 232 250 0 2 0
3 6 233 248 1 0 0
3 6 233 249 1 1 0.995606
3 6 233 250 1 2 0
3 6 234 248 2 0 0
3 6 234 249 2 1 0
3 6 234 250 2 2 0.974951
3 7 212 223 0 0 0.967246
3 7 212 224 0 1 0
3 7 212 225 0 2 0
3 7 213 223 1 0 0
3 7 213 224 1 1 0.812345
3 7 213 225 1 2 0
3 7 214 223 2 0 0
3 7 214 224 2 1 0
3 7 214 225 2 2 0.973288
3 8 223 239 0 0 0
3 8 223 240 0 1 0.985163
3 8 223 241 0 2 0
3 8 224 239 1 0 0
3 8 224 240 1 1 0
3 8 224 241 1 2 0.667152
3 8 225 239 2 0 0.97231
3 8 225 240 2 1 0
3 8 225 241 2 2 0
3 9 239 251 0 0 0
3 9 239 252 0 1 0.989899
3 9 240 251 1 0 0
3 9 240 252 1 1 0
3 9 241 251 2 0 0.784288
3 9 241 252 2 1 0
3 10 223 235 0 0 0.981117
3 10 223 236 0 1 0
3 10 224 235 1 0 0
3 10 224 236 1 1 0
3 10 225 235 2 0 0
3 10 225 236 2 1 0.999528
3 11 212 226 0 0 0
3 11 212 227 0 1 0
3 11 212 228 0 2 0.990615
3 11 213 226 1 0 0
3 11 213 227 1 1 0.823172
3 11 213 228 1 2 0
3 11 214 226 2 0 0.975993
3 11 214 227 2 1 0
3 11 214 228 2 2 0
3 12 226 242 0 0 0.963102
3 12 226 243 0 1 0
3 12 226 244 0 2 0
3 12 227 242 1 0 0
3 12 227 243 1 1 0.986911
3 12 227 244 1 2 0
3 12 228 242 2 0 0
3 12 228 243 2 1 0
3 12 228 244 2 2 0.979702
3 13 242 253 0 0 0.985338
3 13 242 254 0 1 0
3 13 242 255 0 2 0
3 13 243 253 1 0 0
3 13 243 254 1 1 0.962085
3 13 243 255 1 2 0
3 13 244 253 2 0 0
3 13 244 254 2 1 0
3 13 244 255 2 2 0.99922
3 14 226 237 0 0 0
3 14 226 238 0 1 0
3 14 227 237 1 0 0
3 14 227 238 1 1 0.997977
3 14 228 237 2 0 0.965211
3 14 228 238 2 1 0
3 15 212 221 0 0 0
3 15 212 222 0 1 0
3 15 213 221 1 0 0
3 15 213 222 1 1 0.917366
3 15 214 221 2 0 0.97188
3 15 214 222 2 1 0
3 16 248 256 0 0 0.881819
3 16 248 257 0 1 0
3 16 248 258 0 2 0
3 16 249 256 1 0 0
3 16 249 257 1 1 0.995593
3 16 249 258 1 2 0
3 16 250 256 2 0 0
3 16 250 257 2 1 0
3 16 250 258 2 2 0.684255
3 17 245 259 0 0 0
3 17 246 259 1 0 0
3 17 247 259 2 0 0.707594
4 0 264 260 0 0 0
4 0 264 261 0 1 0
4 0 264 262 0 2 0.931976
4 0 264 263 0 3 0
4 0 265 260 1 0 0
4 0 265 261 1 1 0
4 0 265 262 1 2 0
4 0 265 263 1 3 0.990533
4 0 266 260 2 0 0
4 0 266 261 2 1 0.999087
4 0 266 262 2 2 0
4 0 266 263 2 3 0
4 0 267 260 3 0 0.996445
4 0 267 261 3 1 0
4 0 267 262 3 2 0
4 0 267 263 3 3 0
4 1 268 287 0 0 0.998045
4 1 268 288 0 1 0
4 1 268 289 0 2 0
4 1 268 290 0 3 0
4 1 269 287 1 0 0
4 1 269 288 1 1 0.995061
4 1 269 289 1 2 0
4 1 269 290 1 3 0
4 1 270 287 2 0 0
4 1 270 288 2 1 0
4 1 270 289 2 2 0.973314
4 1 270 290 2 3 0
4 1 271 287 3 0 0
4 1 271 288 3 1 0
4 1 271 289 3 2 0
4 1 271 290 3 3 0.984008
4 2 287 306 0 0 0.995156
4 2 287 307 0 1 0
4 2 287 308 0 2 0
4 2 287 309 0 3 0
4 2 288 306 1 0 0
4 2 288 307 1 1 0.994363
4 2 288 308 1 2 0
4 2 288 309 1 3 0
4 2 289 306 2 0 0
4 2 289 307 2 1 0
4 2 289 308 2 2 0.996258
4 2 289 309 2 3 0
4 2 290 306 3 0 0
4 2 290 307 3 1 0
4 2 290 308 3 2 0
4 2 290 309 3 3 0.990972
4 3 260 268 0 0 0.926106
4 3 260 269 0 1 0
4 3 260 270 0 2 0
4 3 260 271 0 3 0
4 3 261 268 1 0 0
4 3 261 269 1 1 0.937931
4 3 261 270 1 2 0
4 3 261 271 1 3 0
4 3 262 268 2 0 0
4 3 262 269 2 1 0
4 3 262 270 2 2 0.859366
4 3 262 271 2 3 0
4 3 263 268 3 0 0
4 3 263 269 3 1 0
4 3 263 270 3 2 0
4 3 263 271 3 3 0.868467
4 4 260 272 0 0 0.927549
4 4 260 273 0 1 0
4 4 260 274 0 2 0
4 4 260 275 0 3 0
4 4 261 272 1 0 0
4 4 261 273 1 1 0.943456
4 4 261 274 1 2 0
4 4 261 275 1 3 0
4 4 262 272 2 0 0
4 4 262 273 2 1 0
4 4 262 274 2 2 0.865273
4 4 262 275 2 3 0
4 4 263 272 3 0 0
4 4 263 273 3 1 0
4 4 263 274 3 2 0
4 4 263 275 3 3 0.873637
4 5 272 291 0 0 0.988711
4 5 272 292 0 1 0
4 5 272 293 0 2 0
4 5 272 294 0 3 0
4 5 273 291 1 0 0
4 5 273 292 1 1 0.519613
4 5 273 293 1 2 0.255647
4 5 273 294 1 3 0
4 5 274 291 2 0 0
4 5 274 292 2 1 0
4 5 274 293 2 2 0.508212
4 5 274 294 2 3 0
4 5 275 291 3 0 0
4 5 275 292 3 1 0
4 5 275 293 3 2 0
4 5 275 294 3 3 0.981394
4 6 291 310 0 0 0.999841
4 6 291 311 0 1 0
4 6 291 312 0 2 0
4 6 291 313 0 3 0
4 6 292 310 1 0 0
4 6 292 311 1 1 0.272557
4 6 292 312 1 2 0.254215
4 6 292 313 1 3 0
4 6 293 310 2 0 0
4 6 293 311 2 1 0.254016
4 6 293 312 2 2 0.272814
4 6 293 313 2 3 0
4 6 294 310 3 0 0
4 6 294 311 3 1 0
4 6 294 312 3 2 0
4 6 294 313 3 3 0.994985
4 7 264 279 0 0 0.836032
4 7 264 280 0 1 0
4 7 264 281 0 2 0
4 7 264 282 0 3 0
4 7 265 279 1 0 0
4 7 265 280 1 1 0.988547
4 7 265 281 1 2 0
4 7 265 282 1 3 0
4 7 266 279 2 0 0
4 7 266 280 2 1 0
4 7 266 281 2 2 0.995105
4 7 266 282 2 3 0
4 7 267 279 3 0 0
4 7 267 280 3 1 0
4 7 267 281 3 2 0
4 7 267 282 3 3 0.997544
4 8 279 299 0 0 0
4 8 279 300 0 1 0
4 8 279 301 0 2 0
4 8 280 299 1 0 0
4 8 280 300 1 1 0
4 8 280 301 1 2 0.982428
4 8 281 299 2 0 0
4 8 281 300 2 1 0.99742
4 8 281 301 2 2 0
4 8 282 299 3 0 0.971368
4 8 282 300 3 1 0
4 8 282 301 3 2 0
4 9 299 314 0 0 0
4 9 299 315 0 1 0.993589
4 9 299 316 0 2 0
4 9 299 317 0 3 0
4 9 300 314 1 0 0
4 9 300 315 1 1 0
4 9 300 316 1 2 0.999329
4 9 300 317 1 3 0
4 9 301 314 2 0 0
4 9 301 315 2 1 0
4 9 301 316 2 2 0
4 9 301 317 2 3 0.997347
4 10 279 295 0 0 0
4 10 279 296 0 1 0
4 10 280 295 1 0 0.976011
4 10 280 296 1 1 0
4 10 281 295 2 0 0
4 10 281 296 2 1 0
4 10 282 295 3 0 0
4 10 282 296 3 1 0.960949
4 11 264 283 0 0 0.845803
4 11 264 284 0 1 0
4 11 264 285 0 2 0
4 11 264 286 0 3 0
4 11 265 283 1 0 0
4 11 265 284 1 1 0.988203
4 11 265 285 1 2 0
4 11 265 286 1 3 0
4 11 266 283 2 0 0
4 11 266 284 2 1 0
4 11 266 285 2 2 0.998875
4 11 266 286 2 3 0
4 11 267 283 3 0 0
4 11 267 284 3 1 0
4 11 267 285 3 2 0
4 11 267 286 3 3 0.998986
4 12 283 302 0 0 0
4 12 283 303 0 1 0
4 12 283 304 0 2 0.51214
4 12 283 305 0 3 0
4 12 284 302 1 0 0
4 12 284 303 1 1 0
4 12 284 304 1 2 0
4 12 284 305 1 3 0.81571
4 12 285 302 2 0 0
4 12 285 303 2 1 0.519921
4 12 285 304 2 2 0.253673
4 12 285 305 2 3 0
4 12 286 302 3 0 0.998032
4 12 286 303 3 1 0
4 12 286 304 3 2 0
4 12 286 305 3 3 0
4 13 302 318 0 0 0.991471
4 13 302 319 0 1 0
4 13 302 320 0 2 0
4 13 303 318 1 0 0
4 13 303 319 1 1 0.278125
4 13 303 320 1 2 0.251513
4 13 304 318 2 0 0
4 13 304 319 2 1 0.251349
4 13 304 320 2 2 0.278126
4 13 305 318 3 0 0
4 13 305 319 3 1 0
4 13 305 320 3 2 0
4 14 283 297 0 0 0.976165
4 14 283 298 0 1 0
4 14 284 297 1 0 0
4 14 284 298 1 1 0
4 14 285 297 2 0 0
4 14 285 298 2 1 0.997438
4 14 286 297 3 0 0
4 14 286 298 3 1 0
4 15 264 276 0 0 0.813242
4 15 264 277 0 1 0
4 15 264 278 0 2 0
4 15 265 276 1 0 0
4 15 265 277 1 1 0
4 15 265 278 1 2 0
4 15 266 276 2 0 0
4 15 266 277 2 1 0.992465
4 15 266 278 2 2 0
4 15 267 276 3 0 0
4 15 267 277 3 1 0
4 15 267 278 3 2 0.984404
4 16 310 321 0 0 0.972368
4 16 310 322 0 1 0
4 16 310 323 0 2 0
4 16 310 324 0 3 0
4 16 310 325 0 4 0
4 16 311 321 1 0 0
4 16 311 322 1 1 0.953792
4 16 311 323 1 2 0
4 16 311 324 1 3 0
4 16 311 325 1 4 0
4 16 312 321 2 0 0
4 16 312 322 2 1 0
4 16 312 323 2 2 0.966963
4 16 312 324 2 3 0
4 16 312 325 2 4 0
4 16 313 321 3 0 0
4 16 313 322 3 1 0
4 16 313 323 3 2 0
4 16 313 324 3 3 0.684255
4 16 313 325 3 4 0
4 17 306 326 0 0 0.968146
4 17 306 327 0 1 0
4 17 306 328 0 2 0
4 17 306 329 0 3 0
4 17 307 326 1 0 0
4 17 307 327 1 1 0.962981
4 17 307 328 1 2 0
4 17 307 329 1 3 0
4 17 308 326 2 0 0
4 17 308 327 2 1 0
4 17 308 328 2 2 0.872745
4 17 308 329 2 3 0
4 17 309 326 3 0 0
4 17 309 327 3 1 0
4 17 309 328 3 2 0
4 17 309 329 3 3 0.87283
E jointIdx viewA viewB aOverAllIdx bOverallIdx score
0 0 1 0 64 0.683883
0 0 1 0 65 0.37129
0 0 1 0 66 0.0885882
0 0 1 0 67 -1
0 0 1 1 64 0.369913
0 0 1 1 65 0.606398
0 0 1 1 66 0.635508
0 0 1 1 67 -0.755595
0 0 1 2 64 -1
0 0 1 2 65 0.63451
0 0 1 2 66 0.937094
0 0 1 2 67 -1
0 0 1 3 64 -1
0 0 1 3 65 -0.808343
0 0 1 3 66 -1
0 0 1 3 67 0.736155
0 0 2 0 130 -1
0 0 2 0 131 -1
0 0 2 0 132 0.896347
0 0 2 0 133 0.597543
0 0 2 0 134 -1
0 0 2 1 130 -1
0 0 2 1 131 -1
0 0 2 1 132 0.153537
0 0 2 1 133 -1
0 0 2 1 134 0.65251
0 0 2 2 130 0.545553
0 0 2 2 131 0.778155
0 0 2 2 132 -1
0 0 2 2 133 -1
0 0 2 2 134 -1
0 0 2 3 130 -1
0 0 2 3 131 -1
0 0 2 3 132 0.606345
0 0 2 3 133 -1
0 0 2 3 134 -1
0 0 3 0 209 -1
0 0 3 0 210 -1
0 0 3 0 211 0.612665
0 0 3 1 209 -1
0 0 3 1 210 0.706948
0 0 3 1 211 -1
0 0 3 2 209 0.982433
0 0 3 2 210 -1
0 0 3 2 211 -1
0 0 3 3 209 -1
0 0 3 3 210 -1
0 0 3 3 211 0.963851
0 0 4 0 260 -1
0 0 4 0 261 0.600855
0 0 4 0 262 0.695175
0 0 4 0 263 -1
0 0 4 1 260 -1
0 0 4 1 261 0.883927
0 0 4 1 262 0.951656
0 0 4 1 263 -1
0 0 4 2 260 -1
0 0 4 2 261 -1
0 0 4 2 262 -1
0 0 4 2 263 0.800228
0 0 4 3 260 0.980979
0 0 4 3 261 -1
0 0 4 3 262 -1
0 0 4 3 263 -1
0 1 2 64 130 -1
0 1 2 64 131 -1
0 1 2 64 132 -1
0 1 2 64 133 0.724911
0 1 2 64 134 -1
0 1 2 65 130 0.743433
0 1 2 65 131 -1
0 1 2 65 132 -1
0 1 2 65 133 -1
0 1 2 65 134 -1
0 1 2 66 130 -1
0 1 2 66 131 -1
0 1 2 66 132 -1
0 1 2 66 133 -1
0 1 2 66 134 0.938833
0 1 2 67 130 -1
0 1 2 67 131 0.0401981
0 1 2 67 132 0.538916
0 1 2 67 133 -1
0 1 2 67 134 -1
0 1 3 64 209 -1
0 1 3 64 210 0.972561
0 1 3 64 211 0.970772
0 1 3 65 209 0.823698
0 1 3 65 210 -1
0 1 3 65 211 -1
0 1 3 66 209 -1
0 1 3 66 210 0.953011
0 1 3 66 211 0.875774
0 1 3 67 209 0.769317
0 1 3 67 210 -1
0 1 3 67 211 -1
0 1 4 64 260 -1
0 1 4 64 261 -1
0 1 4 64 262 0.70369
0 1 4 64 263 -1
0 1 4 65 260 0.456527
0 1 4 65 261 -1
0 1 4 65 262 -1
0 1 4 65 263 0.877528
0 1 4 66 260 -1
0 1 4 66 261 0.972876
0 1 4 66 262 -1
0 1 4 66 263 -1
0 1 4 67 260 0.981306
0 1 4 67 261 -1
0 1 4 67 262 -1
0 1 4 67 263 -1
0 2 3 130 209 0.560848
0 2 3 130 210 -1
0 2 3 130 211 -1
0 2 3 131 209 -1
0 2 3 131 210 -1
0 2 3 131 211 -1
0 2 3 132 209 -1
0 2 3 132 210 -1
0 2 3 132 211 -1
0 2 3 133 209 -1
0 2 3 133 210 -1
0 2 3 133 211 0.954628
0 2 3 134 209 -1
0 2 3 134 210 0.945689
0 2 3 134 211 -1
0 2 4 130 260 0.721029
0 2 4 130 261 -1
0 2 4 130 262 -1
0 2 4 130 263 0.65505
0 2 4 131 260 -1
0 2 4 131 261 -1
0 2 4 131 262 -1
0 2 4 131 263 -1
0 2 4 132 260 0.682511
0 2 4 132 261 -1
0 2 4 132 262 -1
0 2 4 132 263 0.67226
0 2 4 133 260 -1
0 2 4 133 261 -1
0 2 4 133 262 0.967046
0 2 4 133 263 -1
0 2 4 134 260 -1
0 2 4 134 261 0.933955
0 2 4 134 262 -1
0 2 4 134 263 -1
0 3 4 209 260 -0.842113
0 3 4 209 261 0.310694
0 3 4 209 262 0.497616
0 3 4 209 263 0.816636
0 3 4 210 260 -1
0 3 4 210 261 0.56642
0 3 4 210 262 -1
0 3 4 210 263 -1
0 3 4 211 260 -1
0 3 4 211 261 0.0646338
0 3 4 211 262 0.809614
0 3 4 211 263 0.432002
1 0 1 4 68 0.199144
1 0 1 4 69 0.0709637
1 0 1 4 70 0.15177
1 0 1 4 71 0.0473463
1 0 1 5 68 0.249275
1 0 1 5 69 0.106801
1 0 1 5 70 0.0868915
1 0 1 5 71 0.071188
1 0 1 6 68 0.193125
1 0 1 6 69 0.126359
1 0 1 6 70 0.0775232
1 0 1 6 71 0.0903288
1 0 1 7 68 -0.851143
1 0 1 7 69 0.0926541
1 0 1 7 70 0.161878
1 0 1 7 71 0.375237
1 0 2 4 135 0.217452
1 0 2 4 136 0.571521
1 0 2 4 137 0.737113
1 0 2 4 138 -1
1 0 2 4 139 -1
1 0 2 5 135 -1
1 0 2 5 136 -1
1 0 2 5 137 -1
1 0 2 5 138 0.17911
1 0 2 5 139 0.913337
1 0 2 6 135 -1
1 0 2 6 136 -1
1 0 2 6 137 -1
1 0 2 6 138 0.962955
1 0 2 6 139 0.248053
1 0 2 7 135 0.96658
1 0 2 7 136 -1
1 0 2 7 137 0.24908
1 0 2 7 138 -1
1 0 2 7 139 -1
1 0 3 4 212 0.126424
1 0 3 4 213 0.189464
1 0 3 4 214 0.00519816
1 0 3 5 212 0.113608
1 0 3 5 213 0.141889
1 0 3 5 214 0.0936823
1 0 3 6 212 0.134349
1 0 3 6 213 0.0953555
1 0 3 6 214 0.136039
1 0 3 7 212 0.102915
1 0 3 7 213 0.0770391
1 0 3 7 214 0.205295
1 0 4 4 264 -1
1 0 4 4 265 -1
1 0 4 4 266 -1
1 0 4 4 267 0.86529
1 0 4 5 264 0.85382
1 0 4 5 265 -0.935452
1 0 4 5 266 0.696711
1 0 4 5 267 0.384922
1 0 4 6 264 0.806297
1 0 4 6 265 -0.814719
1 0 4 6 266 0.673038
1 0 4 6 267 0.335384
1 0 4 7 264 -1
1 0 4 7 265 0.97327
1 0 4 7 266 -1
1 0 4 7 267 -1
1 1 2 68 135 -1
1 1 2 68 136 -1
1 1 2 68 137 -1
1 1 2 68 138 0.66836
1 1 2 68 139 -1
1 1 2 69 135 -1
1 1 2 69 136 -1
1 1 2 69 137 -1
1 1 2 69 138 -1
1 1 2 69 139 0.790256
1 1 2 70 135 -1
1 1 2 70 136 -1
1 1 2 70 137 0.806665
1 1 2 70 138 -1
1 1 2 70 139 -1
1 1 2 71 135 0.914715
1 1 2 71 136 -1
1 1 2 71 137 -1
1 1 2 71 138 -1
1 1 2 71 139 -1
1 1 3 68 212 0.113255
1 1 3 68 213 0.130979
1 1 3 68 214 0.0898294
1 1 3 69 212 0.121593
1 1 3 69 213 0.107726
1 1 3 69 214 0.112096
1 1 3 70 212 0.128155
1 1 3 70 213 0.145339
1 1 3 70 214 0.0479414
1 1 3 71 212 0.0928993
1 1 3 71 213 0.0764968
1 1 3 71 214 0.197983
1 1 4 68 264 0.579903
1 1 4 68 265 -1
1 1 4 68 266 -1
1 1 4 68 267 -1
1 1 4 69 264 -1
1 1 4 69 265 -1
1 1 4 69 266 0.81442
1 1 4 69 267 -1
1 1 4 70 264 -1
1 1 4 70 265 0.873911
1 1 4 70 266 0.0152574
1 1 4 70 267 0.993451
1 1 4 71 264 -0.997574
1 1 4 71 265 0.995704
1 1 4 71 266 0.0698503
1 1 4 71 267 0.93202
1 2 3 135 212 -1
1 2 3 135 213 -1
1 2 3 135 214 0.874388
1 2 3 136 212 -1
1 2 3 136 213 -1
1 2 3 136 214 -1
1 2 3 137 212 -1
1 2 3 137 213 0.559295
1 2 3 137 214 -1
1 2 3 138 212 0.857065
1 2 3 138 213 -1
1 2 3 138 214 -1
1 2 3 139 212 -1
1 2 3 139 213 0.941932
1 2 3 139 214 -1
1 2 4 135 264 -1
1 2 4 135 265 0.936409
1 2 4 135 266 -1
1 2 4 135 267 -1
1 2 4 136 264 -1
1 2 4 136 265 -1
1 2 4 136 266 -1
1 2 4 136 267 0.713387
1 2 4 137 264 -1
1 2 4 137 265 -1
1 2 4 137 266 -1
1 2 4 137 267 0.869807
1 2 4 138 264 0.899179
1 2 4 138 265 -1
1 2 4 138 266 -1
1 2 4 138 267 -1
1 2 4 139 264 -1
1 2 4 139 265 -1
1 2 4 139 266 0.829993
1 2 4 139 267 -1
1 3 4 212 264 0.105106
1 3 4 212 265 0.1107
1 3 4 212 266 0.092138
1 3 4 212 267 0.0924192
1 3 4 213 264 0.095963
1 3 4 213 265 0.0684058
1 3 4 213 266 0.115645
1 3 4 213 267 0.119288
1 3 4 214 264 0.0991182
1 3 4 214 265 0.118397
1 3 4 214 266 0.094014
1 3 4 214 267 0.0904799
2 0 1 8 72 0.416445
2 0 1 8 73 0.754415
2 0 1 8 74 0.122154
2 0 1 8 75 -1
2 0 1 9 72 0.650037
2 0 1 9 73 0.340188
2 0 1 9 74 0.719226
2 0 1 9 75 -0.868443
2 0 1 10 72 0.638525
2 0 1 10 73 -1
2 0 1 10 74 0.806794
2 0 1 10 75 -1
2 0 1 11 72 -0.803478
2 0 1 11 73 -1
2 0 1 11 74 -1
2 0 1 11 75 0.651034
2 0 2 8 140 -1
2 0 2 8 141 -1
2 0 2 8 142 0.732717
2 0 2 8 143 0.96479
2 0 2 8 144 -1
2 0 2 9 140 -1
2 0 2 9 141 -1
2 0 2 9 142 0.0630838
2 0 2 9 143 -1
2 0 2 9 144 0.5006
2 0 2 10 140 0.501077
2 0 2 10 141 0.88948
2 0 2 10 142 -1
2 0 2 10 143 -1
2 0 2 10 144 -1
2 0 2 11 140 -1
2 0 2 11 141 -1
2 0 2 11 142 0.284576
2 0 2 11 143 -1
2 0 2 11 144 -1
2 0 3 8 215 -1
2 0 3 8 216 -1
2 0 3 8 217 0.742275
2 0 3 9 215 -1
2 0 3 9 216 0.777495
2 0 3 9 217 0.0512872
2 0 3 10 215 0.936729
2 0 3 10 216 -1
2 0 3 10 217 -1
2 0 3 11 215 -1
2 0 3 11 216 -1
2 0 3 11 217 0.0447251
2 0 4 8 268 -1
2 0 4 8 269 0.349418
2 0 4 8 270 0.621354
2 0 4 8 271 -1
2 0 4 9 268 -1
2 0 4 9 269 0.824888
2 0 4 9 270 0.753319
2 0 4 9 271 -1
2 0 4 10 268 -1
2 0 4 10 269 -1
2 0 4 10 270 -1
2 0 4 10 271 0.882113
2 0 4 11 268 0.922938
2 0 4 11 269 -1
2 0 4 11 270 -1
2 0 4 11 271 -1
2 1 2 72 140 0.617568
2 1 2 72 141 -1
2 1 2 72 142 -1
2 1 2 72 143 -1
2 1 2 72 144 -1
2 1 2 73 140 -1
2 1 2 73 141 -1
2 1 2 73 142 -1
2 1 2 73 143 0.883203
2 1 2 73 144 -1
2 1 2 74 140 -1
2 1 2 74 141 -1
2 1 2 74 142 -1
2 1 2 74 143 -1
2 1 2 74 144 0.939629
2 1 2 75 140 -1
2 1 2 75 141 -1
2 1 2 75 142 0.665341
2 1 2 75 143 -1
2 1 2 75 144 -1
2 1 3 72 215 0.918991
2 1 3 72 216 -1
2 1 3 72 217 -1
2 1 3 73 215 -1
2 1 3 73 216 0.789032
2 1 3 73 217 0.969451
2 1 3 74 215 -1
2 1 3 74 216 0.934467
2 1 3 74 217 0.679723
2 1 3 75 215 0.739602
2 1 3 75 216 -1
2 1 3 75 217 -1
2 1 4 72 268 0.11601
2 1 4 72 269 -1
2 1 4 72 270 -1
2 1 4 72 271 0.965088
2 1 4 73 268 -1
2 1 4 73 269 -1
2 1 4 73 270 0.897063
2 1 4 73 271 -1
2 1 4 74 268 -1
2 1 4 74 269 0.929424
2 1 4 74 270 -1
2 1 4 74 271 -1
2 1 4 75 268 0.847366
2 1 4 75 269 -1
2 1 4 75 270 -1
2 1 4 75 271 -1
2 2 3 140 215 0.535921
2 2 3 140 216 -1
2 2 3 140 217 -1
2 2 3 141 215 -1
2 2 3 141 216 -1
2 2 3 141 217 -1
2 2 3 142 215 -1
2 2 3 142 216 -1
2 2 3 142 217 0.268405
2 2 3 143 215 -1
2 2 3 143 216 -1
2 2 3 143 217 0.758171
2 2 3 144 215 -1
2 2 3 144 216 0.716535
2 2 3 144 217 -1
2 2 4 140 268 0.886966
2 2 4 140 269 -1
2 2 4 140 270 -1
2 2 4 140 271 0.611674
2 2 4 141 268 -1
2 2 4 141 269 -1
2 2 4 141 270 -1
2 2 4 141 271 -1
2 2 4 142 268 0.512438
2 2 4 142 269 -1
2 2 4 142 270 -1
2 2 4 142 271 0.64211
2 2 4 143 268 -1
2 2 4 143 269 -1
2 2 4 143 270 0.59605
2 2 4 143 271 -1
2 2 4 144 268 -1
2 2 4 144 269 0.923945
2 2 4 144 270 -1
2 2 4 144 271 -1
2 3 4 215 268 -0.934167
2 3 4 215 269 0.305174
2 3 4 215 270 0.595464
2 3 4 215 271 0.886375
2 3 4 216 268 -1
2 3 4 216 269 0.624025
2 3 4 216 270 -1
2 3 4 216 271 -1
2 3 4 217 268 -1
2 3 4 217 269 0.0492944
2 3 4 217 270 0.67171
2 3 4 217 271 0.789079
3 0 1 12 76 0.716126
3 0 1 12 77 0.322371
3 0 1 12 78 0.0653045
3 0 1 12 79 -1
3 0 1 13 76 0.313648
3 0 1 13 77 0.585792
3 0 1 13 78 0.71621
3 0 1 13 79 -0.751873
3 0 1 14 76 -1
3 0 1 14 77 0.709849
3 0 1 14 78 0.686265
3 0 1 14 79 -1
3 0 1 15 76 -1
3 0 1 15 77 -0.81133
3 0 1 15 78 -1
3 0 1 15 79 0.798657
3 0 2 12 145 -1
3 0 2 12 146 -1
3 0 2 12 147 0.609368
3 0 2 12 148 0.330282
3 0 2 12 149 -1
3 0 2 13 145 -1
3 0 2 13 146 -1
3 0 2 13 147 0.152152
3 0 2 13 148 -1
3 0 2 13 149 0.826832
3 0 2 14 145 0.703796
3 0 2 14 146 0.62132
3 0 2 14 147 -1
3 0 2 14 148 -1
3 0 2 14 149 -1
3 0 2 15 145 -1
3 0 2 15 146 -1
3 0 2 15 147 0.912767
3 0 2 15 148 0.918626
3 0 2 15 149 -1
3 0 3 12 218 -1
3 0 3 12 219 -1
3 0 3 12 220 0.511957
3 0 3 13 218 -1
3 0 3 13 219 0.80148
3 0 3 13 220 -1
3 0 3 14 218 0.834793
3 0 3 14 219 -1
3 0 3 14 220 -1
3 0 3 15 218 -1
3 0 3 15 219 -1
3 0 3 15 220 0.222031
3 0 4 12 272 -1
3 0 4 12 273 0.801582
3 0 4 12 274 0.716323
3 0 4 12 275 -1
3 0 4 13 272 -1
3 0 4 13 273 0.961315
3 0 4 13 274 0.884378
3 0 4 13 275 -1
3 0 4 14 272 -1
3 0 4 14 273 -1
3 0 4 14 274 -1
3 0 4 14 275 0.860767
3 0 4 15 272 0.881323
3 0 4 15 273 -1
3 0 4 15 274 -1
3 0 4 15 275 -1
3 1 2 76 145 -1
3 1 2 76 146 -1
3 1 2 76 147 -1
3 1 2 76 148 0.223629
3 1 2 76 149 0.5855
3 1 2 77 145 0.909907
3 1 2 77 146 -1
3 1 2 77 147 0.174582
3 1 2 77 148 -1
3 1 2 77 149 -1
3 1 2 78 145 -1
3 1 2 78 146 -1
3 1 2 78 147 -1
3 1 2 78 148 -1
3 1 2 78 149 0.789147
3 1 2 79 145 -1
3 1 2 79 146 -1
3 1 2 79 147 0.979405
3 1 2 79 148 -1
3 1 2 79 149 -1
3 1 3 76 218 -1
3 1 3 76 219 0.794637
3 1 3 76 220 0.754475
3 1 3 77 218 0.697754
3 1 3 77 219 -1
3 1 3 77 220 -1
3 1 3 78 218 -1
3 1 3 78 219 0.902913
3 1 3 78 220 0.887808
3 1 3 79 218 0.448738
3 1 3 79 219 -1
3 1 3 79 220 -1
3 1 4 76 272 -1
3 1 4 76 273 -1
3 1 4 76 274 0.456563
3 1 4 76 275 -1
3 1 4 77 272 0.881162
3 1 4 77 273 -1
3 1 4 77 274 -1
3 1 4 77 275 0.775169
3 1 4 78 272 -1
3 1 4 78 273 0.721666
3 1 4 78 274 -1
3 1 4 78 275 -1
3 1 4 79 272 0.898459
3 1 4 79 273 -1
3 1 4 79 274 -1
3 1 4 79 275 0.636934
3 2 3 145 218 0.527175
3 2 3 145 219 -1
3 2 3 145 220 -1
3 2 3 146 218 -1
3 2 3 146 219 -1
3 2 3 146 220 -1
3 2 3 147 218 -1
3 2 3 147 219 -1
3 2 3 147 220 -1
3 2 3 148 218 -1
3 2 3 148 219 -1
3 2 3 148 220 0.901041
3 2 3 149 218 -1
3 2 3 149 219 0.974754
3 2 3 149 220 -1
3 2 4 145 272 0.239069
3 2 4 145 273 -1
3 2 4 145 274 -1
3 2 4 145 275 0.706792
3 2 4 146 272 -1
3 2 4 146 273 -1
3 2 4 146 274 -1
3 2 4 146 275 -1
3 2 4 147 272 0.987851
3 2 4 147 273 -1
3 2 4 147 274 -1
3 2 4 147 275 -1
3 2 4 148 272 -1
3 2 4 148 273 -1
3 2 4 148 274 0.728666
3 2 4 148 275 -1
3 2 4 149 272 -1
3 2 4 149 273 0.946438
3 2 4 149 274 -1
3 2 4 149 275 -1
3 3 4 218 272 -0.768382
3 3 4 218 273 0.334249
3 3 4 218 274 0.384307
3 3 4 218 275 0.763359
3 3 4 219 272 -1
3 3 4 219 273 0.494385
3 3 4 219 274 -1
3 3 4 219 275 0.298421
3 3 4 220 272 -1
3 3 4 220 273 0.0706116
3 3 4 220 274 0.956421
3 3 4 220 275 -1
4 0 1 16 80 0.192162
4 0 1 16 81 0.294981
4 0 1 16 82 0.204339
4 0 1 16 83 0.143981
4 0 1 17 80 -1
4 0 1 17 81 -1
4 0 1 17 82 0.368695
4 0 1 17 83 0.555172
4 0 2 16 150 -1
4 0 2 17 150 0.589938
4 0 3 16 221 -1
4 0 3 16 222 0.854643
4 0 3 17 221 0.954866
4 0 3 17 222 -1
4 0 4 16 276 0.757737
4 0 4 16 277 0.896686
4 0 4 16 278 -1
4 0 4 17 276 -1
4 0 4 17 277 -1
4 0 4 17 278 -1
4 1 2 80 150 -1
4 1 2 81 150 -1
4 1 2 82 150 0.96123
4 1 2 83 150 -1
4 1 3 80 221 -1
4 1 3 80 222 0.338553
4 1 3 81 221 -1
4 1 3 81 222 0.351381
4 1 3 82 221 0.542922
4 1 3 82 222 0.195119
4 1 3 83 221 0.788322
4 1 3 83 222 0.09834
4 1 4 80 276 -1
4 1 4 80 277 0.975742
4 1 4 80 278 -1
4 1 4 81 276 0.753505
4 1 4 81 277 -1
4 1 4 81 278 -1
4 1 4 82 276 -1
4 1 4 82 277 -1
4 1 4 82 278 0.943722
4 1 4 83 276 -1
4 1 4 83 277 -1
4 1 4 83 278 0.791255
4 2 3 150 221 -1
4 2 3 150 222 0.532402
4 2 4 150 276 -1
4 2 4 150 277 -1
4 2 4 150 278 0.987221
4 3 4 221 276 0.365084
4 3 4 221 277 0.253028
4 3 4 221 278 0.236804
4 3 4 222 276 0.15725
4 3 4 222 277 0.348925
4 3 4 222 278 0.293754
5 0 1 18 84 -1
5 0 1 18 85 0.348886
5 0 1 18 86 0.174513
5 0 1 18 87 0.00948744
5 0 1 19 84 0.288418
5 0 1 19 85 0.0855454
5 0 1 19 86 0.131589
5 0 1 19 87 0.0833796
5 0 1 20 84 0.281404
5 0 1 20 85 0.0816296
5 0 1 20 86 0.122845
5 0 1 20 87 0.0997898
5 0 1 21 84 -1
5 0 1 21 85 0.110006
5 0 1 21 86 0.00172446
5 0 1 21 87 0.399237
5 0 2 18 151 0.829349
5 0 2 18 152 0.631969
5 0 2 18 153 0.0666195
5 0 2 18 154 -1
5 0 2 18 155 -1
5 0 2 19 151 -1
5 0 2 19 152 -1
5 0 2 19 153 -1
5 0 2 19 154 0.566793
5 0 2 19 155 0.83916
5 0 2 20 151 -1
5 0 2 20 152 -1
5 0 2 20 153 -1
5 0 2 20 154 0.839774
5 0 2 20 155 0.620236
5 0 2 21 151 0.812472
5 0 2 21 152 0.794514
5 0 2 21 153 0.22462
5 0 2 21 154 -1
5 0 2 21 155 -1
5 0 3 18 223 0.325474
5 0 3 18 224 0.287829
5 0 3 18 225 -1
5 0 3 19 223 0.140317
5 0 3 19 224 0.138213
5 0 3 19 225 0.172229
5 0 3 20 223 0.125643
5 0 3 20 224 0.121123
5 0 3 20 225 0.266418
5 0 3 21 223 0.0536981
5 0 3 21 224 0.0873683
5 0 3 21 225 0.583494
5 0 4 18 279 -1
5 0 4 18 280 -1
5 0 4 18 281 -0.967561
5 0 4 18 282 0.875427
5 0 4 19 279 0.909785
5 0 4 19 280 -0.964038
5 0 4 19 281 0.875092
5 0 4 19 282 0.149821
5 0 4 20 279 0.853953
5 0 4 20 280 -0.977924
5 0 4 20 281 0.943486
5 0 4 20 282 0.148853
5 0 4 21 279 0.121179
5 0 4 21 280 0.995299
5 0 4 21 281 0.0950398
5 0 4 21 282 -1
5 1 2 84 151 -1
5 1 2 84 152 -1
5 1 2 84 153 -1
5 1 2 84 154 0.808922
5 1 2 84 155 -1
5 1 2 85 151 -1
5 1 2 85 152 0.61724
5 1 2 85 153 -1
5 1 2 85 154 -1
5 1 2 85 155 -1
5 1 2 86 151 -1
5 1 2 86 152 -1
5 1 2 86 153 -1
5 1 2 86 154 -1
5 1 2 86 155 0.985919
5 1 2 87 151 0.770812
5 1 2 87 152 -1
5 1 2 87 153 -1
5 1 2 87 154 -1
5 1 2 87 155 -1
5 1 3 84 223 0.130831
5 1 3 84 224 0.127114
5 1 3 84 225 0.164156
5 1 3 85 223 0.313014
5 1 3 85 224 0.299463
5 1 3 85 225 -1
5 1 3 86 223 0.134767
5 1 3 86 224 0.132831
5 1 3 86 225 0.132746
5 1 3 87 223 0.0674979
5 1 3 87 224 0.0837304
5 1 3 87 225 0.508686
5 1 4 84 279 0.930849
5 1 4 84 280 -1
5 1 4 84 281 -1
5 1 4 84 282 -1
5 1 4 85 279 -1
5 1 4 85 280 0.72925
5 1 4 85 281 0.0392908
5 1 4 85 282 0.843295
5 1 4 86 279 -1
5 1 4 86 280 -1
5 1 4 86 281 0.90749
5 1 4 86 282 -1
5 1 4 87 279 -0.915067
5 1 4 87 280 0.864195
5 1 4 87 281 0.136141
5 1 4 87 282 0.914731
5 2 3 151 223 -1
5 2 3 151 224 -1
5 2 3 151 225 0.762304
5 2 3 152 223 -1
5 2 3 152 224 0.267476
5 2 3 152 225 -1
5 2 3 153 223 -1
5 2 3 153 224 0.120111
5 2 3 153 225 -1
5 2 3 154 223 0.811681
5 2 3 154 224 -1
5 2 3 154 225 -1
5 2 3 155 223 -1
5 2 3 155 224 0.731182
5 2 3 155 225 -1
5 2 4 151 279 -1
5 2 4 151 280 0.936122
5 2 4 151 281 -1
5 2 4 151 282 0.358613
5 2 4 152 279 -1
5 2 4 152 280 -1
5 2 4 152 281 -1
5 2 4 152 282 0.728645
5 2 4 153 279 -1
5 2 4 153 280 -1
5 2 4 153 281 -1
5 2 4 153 282 0.252455
5 2 4 154 279 0.889956
5 2 4 154 280 -1
5 2 4 154 281 -1
5 2 4 154 282 -1
5 2 4 155 279 -1
5 2 4 155 280 -1
5 2 4 155 281 0.972988
5 2 4 155 282 -1
5 3 4 223 279 0.128321
5 3 4 223 280 0.107682
5 3 4 223 281 0.0826831
5 3 4 223 282 0.0827235
5 3 4 224 279 0.0876157
5 3 4 224 280 0.096356
5 3 4 224 281 0.10368
5 3 4 224 282 0.11385
5 3 4 225 279 0.088643
5 3 4 225 280 0.0980834
5 3 4 225 281 0.112655
5 3 4 225 282 0.102844
6 0 1 22 88 0.119681
6 0 1 22 89 0.143474
6 0 1 22 90 0.0840368
6 0 1 23 88 0.136734
6 0 1 23 89 0.125429
6 0 1 23 90 0.0912493
6 0 1 24 88 0.146614
6 0 1 24 89 0.0965453
6 0 1 24 90 0.117033
6 0 1 25 88 0.0443811
6 0 1 25 89 0.105548
6 0 1 25 90 0.190068
6 0 2 22 156 -1
6 0 2 22 157 0.813651
6 0 2 22 158 0.988143
6 0 2 22 159 -1
6 0 2 22 160 -1
6 0 2 23 156 -1
6 0 2 23 157 -1
6 0 2 23 158 -1
6 0 2 23 159 -1
6 0 2 23 160 0.90399
6 0 2 24 156 -1
6 0 2 24 157 -1
6 0 2 24 158 0.135205
6 0 2 24 159 0.902814
6 0 2 24 160 -1
6 0 2 25 156 0.913731
6 0 2 25 157 -1
6 0 2 25 158 -1
6 0 2 25 159 -1
6 0 2 25 160 -1
6 0 3 22 226 0.0604718
6 0 3 22 227 0.179733
6 0 3 22 228 0.100933
6 0 3 23 226 0.0862231
6 0 3 23 227 0.159766
6 0 3 23 228 0.102048
6 0 3 24 226 0.138667
6 0 3 24 227 0.0950641
6 0 3 24 228 0.132336
6 0 3 25 226 0.15885
6 0 3 25 227 0.082449
6 0 3 25 228 0.129673
6 0 4 22 283 -1
6 0 4 22 284 -1
6 0 4 22 285 -1
6 0 4 22 286 0.740101
6 0 4 23 283 0.735782
6 0 4 23 284 -1
6 0 4 23 285 0.599538
6 0 4 23 286 0.548707
6 0 4 24 283 0.686065
6 0 4 24 284 -0.777472
6 0 4 24 285 0.58589
6 0 4 24 286 0.417381
6 0 4 25 283 -1
6 0 4 25 284 0.967167
6 0 4 25 285 -1
6 0 4 25 286 -0.825652
6 1 2 88 156 -1
6 1 2 88 157 -1
6 1 2 88 158 -1
6 1 2 88 159 0.0602549
6 1 2 88 160 0.704715
6 1 2 89 156 -1
6 1 2 89 157 0.10479
6 1 2 89 158 0.954789
6 1 2 89 159 -1
6 1 2 89 160 -1
6 1 2 90 156 0.784513
6 1 2 90 157 0.0671176
6 1 2 90 158 -1
6 1 2 90 159 -1
6 1 2 90 160 -1
6 1 3 88 226 0.13294
6 1 3 88 227 0.15263
6 1 3 88 228 0.142212
6 1 3 89 226 0.0967303
6 1 3 89 227 0.183334
6 1 3 89 228 0.140105
6 1 3 90 226 0.193265
6 1 3 90 227 0.100143
6 1 3 90 228 0.147219
6 1 4 88 283 -1
6 1 4 88 284 -1
6 1 4 88 285 0.620447
6 1 4 88 286 -1
6 1 4 89 283 -1
6 1 4 89 284 0.866636
6 1 4 89 285 -1
6 1 4 89 286 0.992232
6 1 4 90 283 -1
6 1 4 90 284 0.942499
6 1 4 90 285 -1
6 1 4 90 286 0.872191
6 2 3 156 226 0.858255
6 2 3 156 227 -1
6 2 3 156 228 -1
6 2 3 157 226 -1
6 2 3 157 227 -1
6 2 3 157 228 -1
6 2 3 158 226 -1
6 2 3 158 227 0.965127
6 2 3 158 228 -1
6 2 3 159 226 -1
6 2 3 159 227 -1
6 2 3 159 228 0.946458
6 2 3 160 226 -1
6 2 3 160 227 0.929869
6 2 3 160 228 -1
6 2 4 156 283 -1
6 2 4 156 284 0.980524
6 2 4 156 285 -1
6 2 4 156 286 -1
6 2 4 157 283 -1
6 2 4 157 284 -1
6 2 4 157 285 -1
6 2 4 157 286 0.837191
6 2 4 158 283 -1
6 2 4 158 284 -1
6 2 4 158 285 -1
6 2 4 158 286 0.895876
6 2 4 159 283 0.918354
6 2 4 159 284 -1
6 2 4 159 285 0.310794
6 2 4 159 286 -1
6 2 4 160 283 -1
6 2 4 160 284 -1
6 2 4 160 285 0.757616
6 2 4 160 286 -1
6 3 4 226 283 0.0984385
6 3 4 226 284 0.152396
6 3 4 226 285 0.0956732
6 3 4 226 286 0.0914354
6 3 4 227 283 0.115015
6 3 4 227 284 0.0461302
6 3 4 227 285 0.12321
6 3 4 227 286 0.129225
6 3 4 228 283 0.107621
6 3 4 228 284 0.117549
6 3 4 228 285 0.102783
6 3 4 228 286 0.101441
7 0 1 26 91 0.514268
7 0 1 26 92 0.954212
7 0 1 26 93 -1
7 0 1 27 91 0.826626
7 0 1 27 92 -1
7 0 1 27 93 -1
7 0 1 28 91 0.564736
7 0 1 28 92 -1
7 0 1 28 93 0.730339
7 0 1 29 91 -1
7 0 1 29 92 -1
7 0 1 29 93 -1
7 0 2 26 161 -1
7 0 2 26 162 -1
7 0 2 26 163 0.927404
7 0 2 26 164 0.937061
7 0 2 26 165 -1
7 0 2 27 161 0.317264
7 0 2 27 162 0.444847
7 0 2 27 163 -1
7 0 2 27 164 -1
7 0 2 27 165 -1
7 0 2 28 161 -1
7 0 2 28 162 -1
7 0 2 28 163 0.115628
7 0 2 28 164 -1
7 0 2 28 165 0.587437
7 0 2 29 161 -1
7 0 2 29 162 -1
7 0 2 29 163 0.34222
7 0 2 29 164 -1
7 0 2 29 165 -1
7 0 3 26 229 -1
7 0 3 26 230 -1
7 0 3 26 231 0.938735
7 0 3 27 229 0.658911
7 0 3 27 230 -1
7 0 3 27 231 -1
7 0 3 28 229 -1
7 0 3 28 230 0.810154
7 0 3 28 231 -1
7 0 3 29 229 -1
7 0 3 29 230 -1
7 0 3 29 231 -1
7 0 4 26 287 -1
7 0 4 26 288 0.187679
7 0 4 26 289 0.828895
7 0 4 26 290 -1
7 0 4 27 287 -1
7 0 4 27 288 -1
7 0 4 27 289 -1
7 0 4 27 290 0.960705
7 0 4 28 287 -1
7 0 4 28 288 0.80045
7 0 4 28 289 0.353187
7 0 4 28 290 -1
7 0 4 29 287 0.939435
7 0 4 29 288 -1
7 0 4 29 289 -1
7 0 4 29 290 -1
7 1 2 91 161 -1
7 1 2 91 162 0.738885
7 1 2 91 163 -1
7 1 2 91 164 -1
7 1 2 91 165 -1
7 1 2 92 161 -1
7 1 2 92 162 -1
7 1 2 92 163 -1
7 1 2 92 164 0.950697
7 1 2 92 165 -1
7 1 2 93 161 -1
7 1 2 93 162 -1
7 1 2 93 163 -1
7 1 2 93 164 -1
7 1 2 93 165 0.944779
7 1 3 91 229 0.778043
7 1 3 91 230 -1
7 1 3 91 231 -1
7 1 3 92 229 -1
7 1 3 92 230 0.681492
7 1 3 92 231 0.923633
7 1 3 93 229 -1
7 1 3 93 230 0.917893
7 1 3 93 231 0.564368
7 1 4 91 287 -1
7 1 4 91 288 -1
7 1 4 91 289 -1
7 1 4 91 290 0.818916
7 1 4 92 287 -1
7 1 4 92 288 -1
7 1 4 92 289 0.937567
7 1 4 92 290 -1
7 1 4 93 287 -1
7 1 4 93 288 0.962669
7 1 4 93 289 -1
7 1 4 93 290 -1
7 2 3 161 229 -1
7 2 3 161 230 -1
7 2 3 161 231 -1
7 2 3 162 229 0.677517
7 2 3 162 230 -1
7 2 3 162 231 -1
7 2 3 163 229 -1
7 2 3 163 230 -1
7 2 3 163 231 -1
7 2 3 164 229 -1
7 2 3 164 230 0.0574543
7 2 3 164 231 0.989556
7 2 3 165 229 -1
7 2 3 165 230 0.802942
7 2 3 165 231 -1
7 2 4 161 287 -1
7 2 4 161 288 -1
7 2 4 161 289 -1
7 2 4 161 290 -1
7 2 4 162 287 -1
7 2 4 162 288 -1
7 2 4 162 289 -1
7 2 4 162 290 0.572209
7 2 4 163 287 0.937722
7 2 4 163 288 -1
7 2 4 163 289 -1
7 2 4 163 290 -1
7 2 4 164 287 -1
7 2 4 164 288 -1
7 2 4 164 289 0.784711
7 2 4 164 290 -1
7 2 4 165 287 -1
7 2 4 165 288 0.969873
7 2 4 165 289 -1
7 2 4 165 290 -1
7 3 4 229 287 -1
7 3 4 229 288 0.191916
7 3 4 229 289 0.39717
7 3 4 229 290 0.525703
7 3 4 230 287 -1
7 3 4 230 288 0.872639
7 3 4 230 289 -1
7 3 4 230 290 -1
7 3 4 231 287 -1
7 3 4 231 288 -1
7 3 4 231 289 0.805921
7 3 4 231 290 0.668185
8 0 1 30 94 0.254976
8 0 1 30 95 0.790594
8 0 1 30 96 -1
8 0 1 30 97 -1
8 0 1 31 94 0.8724
8 0 1 31 95 -1
8 0 1 31 96 0.601029
8 0 1 31 97 -1
8 0 1 32 94 0.820199
8 0 1 32 95 -1
8 0 1 32 96 0.988275
8 0 1 32 97 -1
8 0 1 33 94 -1
8 0 1 33 95 -1
8 0 1 33 96 -1
8 0 1 33 97 0.729542
8 0 2 30 166 -1
8 0 2 30 167 -1
8 0 2 30 168 -1
8 0 2 30 169 0.704767
8 0 2 30 170 -1
8 0 2 31 166 0.613638
8 0 2 31 167 0.44663
8 0 2 31 168 -1
8 0 2 31 169 -1
8 0 2 31 170 -1
8 0 2 32 166 -1
8 0 2 32 167 -1
8 0 2 32 168 0.400814
8 0 2 32 169 -1
8 0 2 32 170 0.80976
8 0 2 33 166 -1
8 0 2 33 167 -1
8 0 2 33 168 0.914044
8 0 2 33 169 -1
8 0 2 33 170 -1
8 0 3 30 232 -1
8 0 3 30 233 -1
8 0 3 30 234 0.714995
8 0 3 31 232 0.856616
8 0 3 31 233 -1
8 0 3 31 234 -1
8 0 3 32 232 -1
8 0 3 32 233 0.80589
8 0 3 32 234 -1
8 0 3 33 232 -1
8 0 3 33 233 -1
8 0 3 33 234 -1
8 0 4 30 291 -1
8 0 4 30 292 0.657993
8 0 4 30 293 0.862169
8 0 4 30 294 -1
8 0 4 31 291 -1
8 0 4 31 292 -1
8 0 4 31 293 -1
8 0 4 31 294 0.917955
8 0 4 32 291 -1
8 0 4 32 292 0.663545
8 0 4 32 293 0.775496
8 0 4 32 294 -1
8 0 4 33 291 0.951739
8 0 4 33 292 -1
8 0 4 33 293 -1
8 0 4 33 294 -1
8 1 2 94 166 0.843554
8 1 2 94 167 -1
8 1 2 94 168 0.628945
8 1 2 94 169 -1
8 1 2 94 170 -1
8 1 2 95 166 -1
8 1 2 95 167 -1
8 1 2 95 168 -1
8 1 2 95 169 0.547595
8 1 2 95 170 0.863432
8 1 2 96 166 -1
8 1 2 96 167 -1
8 1 2 96 168 -1
8 1 2 96 169 0.657276
8 1 2 96 170 0.972082
8 1 2 97 166 0.806191
8 1 2 97 167 -1
8 1 2 97 168 0.790314
8 1 2 97 169 -1
8 1 2 97 170 -1
8 1 3 94 232 0.96938
8 1 3 94 233 -1
8 1 3 94 234 -1
8 1 3 95 232 -1
8 1 3 95 233 0.571811
8 1 3 95 234 0.691761
8 1 3 96 232 -1
8 1 3 96 233 0.811865
8 1 3 96 234 0.559292
8 1 3 97 232 -1
8 1 3 97 233 -1
8 1 3 97 234 -1
8 1 4 94 291 0.880806
8 1 4 94 292 -1
8 1 4 94 293 -1
8 1 4 94 294 0.576784
8 1 4 95 291 -1
8 1 4 95 292 0.252468
8 1 4 95 293 0.672845
8 1 4 95 294 -1
8 1 4 96 291 -1
8 1 4 96 292 0.890108
8 1 4 96 293 -1
8 1 4 96 294 -1
8 1 4 97 291 0.895475
8 1 4 97 292 -1
8 1 4 97 293 -1
8 1 4 97 294 0.401796
8 2 3 166 232 0.762623
8 2 3 166 233 -1
8 2 3 166 234 -1
8 2 3 167 232 -1
8 2 3 167 233 -1
8 2 3 167 234 -1
8 2 3 168 232 -1
8 2 3 168 233 -1
8 2 3 168 234 -1
8 2 3 169 232 -1
8 2 3 169 233 -1
8 2 3 169 234 0.988587
8 2 3 170 232 -1
8 2 3 170 233 0.899282
8 2 3 170 234 -1
8 2 4 166 291 0.776022
8 2 4 166 292 -1
8 2 4 166 293 -1
8 2 4 166 294 0.419469
8 2 4 167 291 -1
8 2 4 167 292 -1
8 2 4 167 293 -1
8 2 4 167 294 -1
8 2 4 168 291 0.892816
8 2 4 168 292 -1
8 2 4 168 293 -1
8 2 4 168 294 0.321861
8 2 4 169 291 -1
8 2 4 169 292 -1
8 2 4 169 293 0.766904
8 2 4 169 294 -1
8 2 4 170 291 -1
8 2 4 170 292 0.953799
8 2 4 170 293 -1
8 2 4 170 294 -1
8 3 4 232 291 -1
8 3 4 232 292 0.686838
8 3 4 232 293 0.276003
8 3 4 232 294 0.592957
8 3 4 233 291 -1
8 3 4 233 292 0.886038
8 3 4 233 293 -1
8 3 4 233 294 -1
8 3 4 234 291 -1
8 3 4 234 292 -1
8 3 4 234 293 0.784577
8 3 4 234 294 -1
9 0 1 34 98 0.148788
9 0 1 34 99 -1
9 0 1 34 100 -1
9 0 1 35 98 0.236842
9 0 1 35 99 0.311177
9 0 1 35 100 0.258907
9 0 1 36 98 0.14245
9 0 1 36 99 0.390394
9 0 1 36 100 0.351031
9 0 2 34 171 -1
9 0 2 34 172 -1
9 0 2 35 171 0.497299
9 0 2 35 172 0.502701
9 0 2 36 171 0.500048
9 0 2 36 172 0.499952
9 0 3 34 235 0.266689
9 0 3 34 236 -1
9 0 3 35 235 0.231914
9 0 3 35 236 -1
9 0 3 36 235 0.501397
9 0 3 36 236 -1
9 0 4 34 295 -1
9 0 4 34 296 0.886584
9 0 4 35 295 -1
9 0 4 35 296 -1
9 0 4 36 295 -1
9 0 4 36 296 -1
9 1 2 98 171 -1
9 1 2 98 172 0.943426
9 1 2 99 171 0.89718
9 1 2 99 172 -1
9 1 2 100 171 -1
9 1 2 100 172 -1
9 1 3 98 235 0.942004
9 1 3 98 236 -1
9 1 3 99 235 0.928756
9 1 3 99 236 -1
9 1 3 100 235 -1
9 1 3 100 236 0.806093
9 1 4 98 295 -1
9 1 4 98 296 -1
9 1 4 99 295 -1
9 1 4 99 296 -1
9 1 4 100 295 0.640891
9 1 4 100 296 0.359109
9 2 3 171 235 0.963152
9 2 3 171 236 -1
9 2 3 172 235 -1
9 2 3 172 236 -1
9 2 4 171 295 -1
9 2 4 171 296 -1
9 2 4 172 295 -1
9 2 4 172 296 -1
9 3 4 235 295 0.485048
9 3 4 235 296 -1
9 3 4 236 295 0.427438
9 3 4 236 296 0.293899
10 0 1 37 101 -1
10 0 1 37 102 0.607643
10 0 1 37 103 -1
10 0 1 38 101 0.355874
10 0 1 38 102 0.159875
10 0 1 38 103 0.404715
10 0 1 39 101 -1
10 0 1 39 102 0.0615983
10 0 1 39 103 0.929002
10 0 2 37 173 0.966318
10 0 2 37 174 -1
10 0 2 38 173 -1
10 0 2 38 174 0.521192
10 0 2 39 173 0.760025
10 0 2 39 174 -1
10 0 3 37 237 0.552407
10 0 3 37 238 0.447593
10 0 3 38 237 0.67953
10 0 3 38 238 0.32047
10 0 3 39 237 -1
10 0 3 39 238 -1
10 0 4 37 297 -1
10 0 4 37 298 -1
10 0 4 38 297 0.563491
10 0 4 38 298 0.436509
10 0 4 39 297 -1
10 0 4 39 298 -1
10 1 2 101 173 -1
10 1 2 101 174 0.994178
10 1 2 102 173 0.928311
10 1 2 102 174 -1
10 1 2 103 173 -1
10 1 2 103 174 -1
10 1 3 101 237 0.487851
10 1 3 101 238 0.387043
10 1 3 102 237 0.278385
10 1 3 102 238 0.288076
10 1 3 103 237 -1
10 1 3 103 238 0.00597548
10 1 4 101 297 -1
10 1 4 101 298 0.948318
10 1 4 102 297 -1
10 1 4 102 298 -1
10 1 4 103 297 -1
10 1 4 103 298 -1
10 2 3 173 237 -1
10 2 3 173 238 0.346143
10 2 3 174 237 -1
10 2 3 174 238 0.653857
10 2 4 173 297 -1
10 2 4 173 298 -1
10 2 4 174 297 0.403744
10 2 4 174 298 0.596256
10 3 4 237 297 0.601142
10 3 4 237 298 0.187541
10 3 4 238 297 0.219458
10 3 4 238 298 0.616286
11 0 1 40 104 -1
11 0 1 40 105 0.845302
11 0 1 40 106 0.404494
11 0 1 41 104 0.102382
11 0 1 41 105 0.41041
11 0 1 41 106 0.267081
11 0 1 42 104 -1
11 0 1 42 105 -1
11 0 1 42 106 0.06932
11 0 2 40 175 0.9696
11 0 2 40 176 0.829425
11 0 2 40 177 -1
11 0 2 40 178 -1
11 0 2 40 179 -1
11 0 2 41 175 -1
11 0 2 41 176 -1
11 0 2 41 177 -1
11 0 2 41 178 0.475761
11 0 2 41 179 0.919079
11 0 2 42 175 -1
11 0 2 42 176 0.427645
11 0 2 42 177 0.561995
11 0 2 42 178 -1
11 0 2 42 179 -1
11 0 3 40 239 0.898946
11 0 3 40 240 -1
11 0 3 40 241 -1
11 0 3 41 239 -1
11 0 3 41 240 0.329467
11 0 3 41 241 0.799801
11 0 3 42 239 -1
11 0 3 42 240 0.290405
11 0 3 42 241 -1
11 0 4 40 299 0.361299
11 0 4 40 300 -1
11 0 4 40 301 0.856908
11 0 4 41 299 -1
11 0 4 41 300 0.96175
11 0 4 41 301 -1
11 0 4 42 299 0.997341
11 0 4 42 300 -1
11 0 4 42 301 -1
11 1 2 104 175 -1
11 1 2 104 176 -1
11 1 2 104 177 -1
11 1 2 104 178 0.973215
11 1 2 104 179 -1
11 1 2 105 175 0.871033
11 1 2 105 176 -1
11 1 2 105 177 -1
11 1 2 105 178 -1
11 1 2 105 179 -1
11 1 2 106 175 -1
11 1 2 106 176 -1
11 1 2 106 177 -1
11 1 2 106 178 -1
11 1 2 106 179 0.993112
11 1 3 104 239 0.144516
11 1 3 104 240 0.172189
11 1 3 104 241 0.193929
11 1 3 105 239 0.281762
11 1 3 105 240 0.144646
11 1 3 105 241 0.0664876
11 1 3 106 239 0.115463
11 1 3 106 240 0.182507
11 1 3 106 241 0.213976
11 1 4 104 299 -1
11 1 4 104 300 -1
11 1 4 104 301 -1
11 1 4 105 299 0.234555
11 1 4 105 300 0.137963
11 1 4 105 301 0.627482
11 1 4 106 299 -1
11 1 4 106 300 0.92131
11 1 4 106 301 0.0544592
11 2 3 175 239 0.949789
11 2 3 175 240 -1
11 2 3 175 241 -1
11 2 3 176 239 -1
11 2 3 176 240 -1
11 2 3 176 241 -1
11 2 3 177 239 -1
11 2 3 177 240 0.458869
11 2 3 177 241 -1
11 2 3 178 239 -1
11 2 3 178 240 0.967462
11 2 3 178 241 -1
11 2 3 179 239 -1
11 2 3 179 240 -1
11 2 3 179 241 0.984397
11 2 4 175 299 0.570028
11 2 4 175 300 -1
11 2 4 175 301 0.843259
11 2 4 176 299 0.809012
11 2 4 176 300 -1
11 2 4 176 301 -1
11 2 4 177 299 0.406724
11 2 4 177 300 -1
11 2 4 177 301 0.533885
11 2 4 178 299 -1
11 2 4 178 300 -1
11 2 4 178 301 -1
11 2 4 179 299 -1
11 2 4 179 300 0.885162
11 2 4 179 301 -1
11 3 4 239 299 0.0560242
11 3 4 239 300 0.182916
11 3 4 239 301 0.261616
11 3 4 240 299 -1
11 3 4 240 300 0.390665
11 3 4 240 301 0.206761
11 3 4 241 299 -1
11 3 4 241 300 0.289182
11 3 4 241 301 0.33534
12 0 1 43 107 0.251558
12 0 1 43 108 0.320716
12 0 1 43 109 0.113372
12 0 1 44 107 0.204853
12 0 1 44 108 0.436603
12 0 1 44 109 0.0991073
12 0 1 45 107 0.185653
12 0 1 45 108 -1
12 0 1 45 109 0.618762
12 0 2 43 180 -1
12 0 2 43 181 -1
12 0 2 43 182 0.887655
12 0 2 43 183 -1
12 0 2 44 180 0.887818
12 0 2 44 181 -1
12 0 2 44 182 -1
12 0 2 44 183 -1
12 0 2 45 180 -1
12 0 2 45 181 -1
12 0 2 45 182 0.899137
12 0 2 45 183 -1
12 0 3 43 242 0.154735
12 0 3 43 243 -1
12 0 3 43 244 0.725398
12 0 3 44 242 0.76473
12 0 3 44 243 -1
12 0 3 44 244 -1
12 0 3 45 242 -1
12 0 3 45 243 0.0385505
12 0 3 45 244 0.259253
12 0 4 43 302 0.251291
12 0 4 43 303 0.86247
12 0 4 43 304 0.75934
12 0 4 43 305 -1
12 0 4 44 302 -1
12 0 4 44 303 -1
12 0 4 44 304 -1
12 0 4 44 305 0.784922
12 0 4 45 302 0.907479
12 0 4 45 303 -1
12 0 4 45 304 -1
12 0 4 45 305 -1
12 1 2 107 180 0.790884
12 1 2 107 181 -1
12 1 2 107 182 0.288678
12 1 2 107 183 -1
12 1 2 108 180 -1
12 1 2 108 181 -1
12 1 2 108 182 -1
12 1 2 108 183 0.970932
12 1 2 109 180 -1
12 1 2 109 181 0.549319
12 1 2 109 182 0.926159
12 1 2 109 183 -1
12 1 3 107 242 0.656856
12 1 3 107 243 -1
12 1 3 107 244 -1
12 1 3 108 242 -1
12 1 3 108 243 0.963854
12 1 3 108 244 0.86856
12 1 3 109 242 0.866697
12 1 3 109 243 -1
12 1 3 109 244 -1
12 1 4 107 302 0.886542
12 1 4 107 303 -1
12 1 4 107 304 -1
12 1 4 107 305 0.671683
12 1 4 108 302 -1
12 1 4 108 303 0.834282
12 1 4 108 304 0.211893
12 1 4 108 305 -1
12 1 4 109 302 0.900994
12 1 4 109 303 -1
12 1 4 109 304 -1
12 1 4 109 305 0.934903
12 2 3 180 242 0.76446
12 2 3 180 243 -1
12 2 3 180 244 -1
12 2 3 181 242 -1
12 2 3 181 243 -1
12 2 3 181 244 -1
12 2 3 182 242 -1
12 2 3 182 243 0.0943019
12 2 3 182 244 -1
12 2 3 183 242 -1
12 2 3 183 243 0.889536
12 2 3 183 244 -1
12 2 4 180 302 -1
12 2 4 180 303 -1
12 2 4 180 304 -1
12 2 4 180 305 0.897682
12 2 4 181 302 -1
12 2 4 181 303 -1
12 2 4 181 304 -1
12 2 4 181 305 0.186095
12 2 4 182 302 0.931507
12 2 4 182 303 -1
12 2 4 182 304 -1
12 2 4 182 305 -1
12 2 4 183 302 -1
12 2 4 183 303 0.897826
12 2 4 183 304 -1
12 2 4 183 305 -1
12 3 4 242 302 0.201609
12 3 4 242 303 0.143063
12 3 4 242 304 0.0804081
12 3 4 242 305 0.33931
12 3 4 243 302 -1
12 3 4 243 303 0.393113
12 3 4 243 304 0.232388
12 3 4 243 305 0.396013
12 3 4 244 302 -1
12 3 4 244 303 0.187051
12 3 4 244 304 0.531644
12 3 4 244 305 -1
13 0 1 46 110 0.349637
13 0 1 46 111 0.880607
13 0 1 46 112 -1
13 0 1 47 110 0.630448
13 0 1 47 111 -1
13 0 1 47 112 -1
13 0 1 48 110 0.0199149
13 0 1 48 111 -1
13 0 1 48 112 0.656928
13 0 2 46 184 -1
13 0 2 46 185 -1
13 0 2 46 186 0.344229
13 0 2 46 187 0.7297
13 0 2 46 188 -1
13 0 2 47 184 0.34512
13 0 2 47 185 0.620847
13 0 2 47 186 -1
13 0 2 47 187 -1
13 0 2 47 188 -1
13 0 2 48 184 -1
13 0 2 48 185 -1
13 0 2 48 186 -1
13 0 2 48 187 -1
13 0 2 48 188 0.657532
13 0 3 46 245 -1
13 0 3 46 246 -1
13 0 3 46 247 0.717973
13 0 3 47 245 0.28278
13 0 3 47 246 -1
13 0 3 47 247 -1
13 0 3 48 245 -1
13 0 3 48 246 0.738805
13 0 3 48 247 -1
13 0 4 46 306 -1
13 0 4 46 307 0.462395
13 0 4 46 308 0.970944
13 0 4 46 309 -1
13 0 4 47 306 -1
13 0 4 47 307 -1
13 0 4 47 308 -1
13 0 4 47 309 0.879518
13 0 4 48 306 -1
13 0 4 48 307 0.691342
13 0 4 48 308 0.663115
13 0 4 48 309 -1
13 1 2 110 184 -1
13 1 2 110 185 0.759004
13 1 2 110 186 -1
13 1 2 110 187 -1
13 1 2 110 188 -1
13 1 2 111 184 -1
13 1 2 111 185 -1
13 1 2 111 186 -1
13 1 2 111 187 0.830312
13 1 2 111 188 -1
13 1 2 112 184 -1
13 1 2 112 185 -1
13 1 2 112 186 -1
13 1 2 112 187 -1
13 1 2 112 188 0.775995
13 1 3 110 245 0.272246
13 1 3 110 246 -1
13 1 3 110 247 -1
13 1 3 111 245 -1
13 1 3 111 246 0.838484
13 1 3 111 247 0.847418
13 1 3 112 245 -1
13 1 3 112 246 0.753469
13 1 3 112 247 0.276478
13 1 4 110 306 -1
13 1 4 110 307 -1
13 1 4 110 308 -1
13 1 4 110 309 0.77705
13 1 4 111 306 -1
13 1 4 111 307 -1
13 1 4 111 308 0.907055
13 1 4 111 309 -1
13 1 4 112 306 -1
13 1 4 112 307 0.89512
13 1 4 112 308 -1
13 1 4 112 309 -1
13 2 3 184 245 -1
13 2 3 184 246 -1
13 2 3 184 247 -1
13 2 3 185 245 0.725968
13 2 3 185 246 -1
13 2 3 185 247 -1
13 2 3 186 245 -1
13 2 3 186 246 -1
13 2 3 186 247 -1
13 2 3 187 245 -1
13 2 3 187 246 -1
13 2 3 187 247 0.993294
13 2 3 188 245 -1
13 2 3 188 246 0.964986
13 2 3 188 247 -1
13 2 4 184 306 -1
13 2 4 184 307 -1
13 2 4 184 308 -1
13 2 4 184 309 -1
13 2 4 185 306 -1
13 2 4 185 307 -1
13 2 4 185 308 -1
13 2 4 185 309 0.590542
13 2 4 186 306 0.81739
13 2 4 186 307 -1
13 2 4 186 308 -1
13 2 4 186 309 -1
13 2 4 187 306 -1
13 2 4 187 307 -1
13 2 4 187 308 0.972641
13 2 4 187 309 -1
13 2 4 188 306 -1
13 2 4 188 307 0.905302
13 2 4 188 308 -1
13 2 4 188 309 -1
13 3 4 245 306 -1
13 3 4 245 307 -1
13 3 4 245 308 -1
13 3 4 245 309 0.172982
13 3 4 246 306 -1
13 3 4 246 307 0.896013
13 3 4 246 308 -1
13 3 4 246 309 -1
13 3 4 247 306 -1
13 3 4 247 307 -1
13 3 4 247 308 0.993048
13 3 4 247 309 -1
14 0 1 49 113 0.0919289
14 0 1 49 114 0.94821
14 0 1 49 115 -1
14 0 1 49 116 -1
14 0 1 50 113 0.472344
14 0 1 50 114 -1
14 0 1 50 115 -1
14 0 1 50 116 -1
14 0 1 51 113 0.435727
14 0 1 51 114 -1
14 0 1 51 115 0.703711
14 0 1 51 116 -1
14 0 2 49 189 -1
14 0 2 49 190 -1
14 0 2 49 191 -1
14 0 2 49 192 0.681473
14 0 2 49 193 -1
14 0 2 50 189 0.577495
14 0 2 50 190 0.863787
14 0 2 50 191 -1
14 0 2 50 192 -1
14 0 2 50 193 -1
14 0 2 51 189 -1
14 0 2 51 190 -1
14 0 2 51 191 0.645642
14 0 2 51 192 -1
14 0 2 51 193 0.574698
14 0 3 49 248 -1
14 0 3 49 249 -1
14 0 3 49 250 0.95899
14 0 3 50 248 0.883835
14 0 3 50 249 -1
14 0 3 50 250 -1
14 0 3 51 248 -1
14 0 3 51 249 0.793032
14 0 3 51 250 -1
14 0 4 49 310 -1
14 0 4 49 311 0.322089
14 0 4 49 312 0.899233
14 0 4 49 313 -1
14 0 4 50 310 -1
14 0 4 50 311 -1
14 0 4 50 312 -1
14 0 4 50 313 0.766823
14 0 4 51 310 -1
14 0 4 51 311 0.996905
14 0 4 51 312 -1
14 0 4 51 313 -1
14 1 2 113 189 -1
14 1 2 113 190 0.972946
14 1 2 113 191 0.49528
14 1 2 113 192 -1
14 1 2 113 193 -1
14 1 2 114 189 -1
14 1 2 114 190 -1
14 1 2 114 191 -1
14 1 2 114 192 0.544326
14 1 2 114 193 0.651041
14 1 2 115 189 -1
14 1 2 115 190 -1
14 1 2 115 191 -1
14 1 2 115 192 0.290749
14 1 2 115 193 0.76865
14 1 2 116 189 -1
14 1 2 116 190 -1
14 1 2 116 191 0.98821
14 1 2 116 192 -1
14 1 2 116 193 -1
14 1 3 113 248 0.735965
14 1 3 113 249 -1
14 1 3 113 250 -1
14 1 3 114 248 -1
14 1 3 114 249 0.367283
14 1 3 114 250 0.893208
14 1 3 115 248 -1
14 1 3 115 249 0.901623
14 1 3 115 250 0.156362
14 1 3 116 248 -1
14 1 3 116 249 -1
14 1 3 116 250 -1
14 1 4 113 310 0.728105
14 1 4 113 311 -1
14 1 4 113 312 -1
14 1 4 113 313 0.747546
14 1 4 114 310 -1
14 1 4 114 311 -1
14 1 4 114 312 0.900498
14 1 4 114 313 -1
14 1 4 115 310 -1
14 1 4 115 311 0.911309
14 1 4 115 312 -1
14 1 4 115 313 -1
14 1 4 116 310 0.966103
14 1 4 116 311 -1
14 1 4 116 312 -1
14 1 4 116 313 0.91319
14 2 3 189 248 -1
14 2 3 189 249 -1
14 2 3 189 250 -1
14 2 3 190 248 0.741774
14 2 3 190 249 -1
14 2 3 190 250 -1
14 2 3 191 248 -1
14 2 3 191 249 -1
14 2 3 191 250 0.0581099
14 2 3 192 248 -1
14 2 3 192 249 -1
14 2 3 192 250 0.568072
14 2 3 193 248 -1
14 2 3 193 249 0.739151
14 2 3 193 250 -1
14 2 4 189 310 -1
14 2 4 189 311 -1
14 2 4 189 312 -1
14 2 4 189 313 -1
14 2 4 190 310 0.909757
14 2 4 190 311 -1
14 2 4 190 312 -1
14 2 4 190 313 0.715254
14 2 4 191 310 0.985155
14 2 4 191 311 -1
14 2 4 191 312 -1
14 2 4 191 313 0.324393
14 2 4 192 310 -1
14 2 4 192 311 -1
14 2 4 192 312 0.408028
14 2 4 192 313 -1
14 2 4 193 310 -1
14 2 4 193 311 0.77786
14 2 4 193 312 -1
14 2 4 193 313 -1
14 3 4 248 310 -1
14 3 4 248 311 0.67387
14 3 4 248 312 -1
14 3 4 248 313 0.546109
14 3 4 249 310 -1
14 3 4 249 311 0.972746
14 3 4 249 312 -1
14 3 4 249 313 -1
14 3 4 250 310 -1
14 3 4 250 311 -1
14 3 4 250 312 0.996798
14 3 4 250 313 -1
15 0 1 52 117 -1
15 0 1 52 118 0.889269
15 0 1 52 119 0.750333
15 0 1 53 117 -1
15 0 1 53 118 0.950935
15 0 1 53 119 0.976753
15 0 1 54 117 -1
15 0 1 54 118 -1
15 0 1 54 119 -1
15 0 2 52 194 0.634127
15 0 2 52 195 -1
15 0 2 52 196 -1
15 0 2 53 194 -1
15 0 2 53 195 -1
15 0 2 53 196 -1
15 0 2 54 194 -1
15 0 2 54 195 0.875629
15 0 2 54 196 0.352651
15 0 3 52 251 -1
15 0 3 52 252 0.572571
15 0 3 53 251 0.958644
15 0 3 53 252 -1
15 0 3 54 251 -1
15 0 3 54 252 -1
15 0 4 52 314 -1
15 0 4 52 315 0.655304
15 0 4 52 316 -1
15 0 4 52 317 0.61563
15 0 4 53 314 -1
15 0 4 53 315 -1
15 0 4 53 316 0.886457
15 0 4 53 317 -1
15 0 4 54 314 -1
15 0 4 54 315 0.912092
15 0 4 54 316 -1
15 0 4 54 317 0.630394
15 1 2 117 194 0.113458
15 1 2 117 195 -1
15 1 2 117 196 0.969042
15 1 2 118 194 0.779527
15 1 2 118 195 -1
15 1 2 118 196 -1
15 1 2 119 194 -1
15 1 2 119 195 -1
15 1 2 119 196 0.844151
15 1 3 117 251 -1
15 1 3 117 252 -1
15 1 3 118 251 0.423111
15 1 3 118 252 0.576889
15 1 3 119 251 0.573039
15 1 3 119 252 0.426961
15 1 4 117 314 0.213688
15 1 4 117 315 0.0399623
15 1 4 117 316 0.168205
15 1 4 117 317 0.173436
15 1 4 118 314 0.176831
15 1 4 118 315 -1
15 1 4 118 316 0.0854464
15 1 4 118 317 0.415805
15 1 4 119 314 0.329292
15 1 4 119 315 -1
15 1 4 119 316 0.525797
15 1 4 119 317 0.183347
15 2 3 194 251 -1
15 2 3 194 252 0.849208
15 2 3 195 251 -1
15 2 3 195 252 -1
15 2 3 196 251 -1
15 2 3 196 252 -1
15 2 4 194 314 0.109814
15 2 4 194 315 -1
15 2 4 194 316 -1
15 2 4 194 317 0.780256
15 2 4 195 314 -1
15 2 4 195 315 0.817452
15 2 4 195 316 -1
15 2 4 195 317 -1
15 2 4 196 314 0.943187
15 2 4 196 315 -1
15 2 4 196 316 0.934486
15 2 4 196 317 -1
15 3 4 251 314 -1
15 3 4 251 315 -1
15 3 4 251 316 0.876854
15 3 4 251 317 -1
15 3 4 252 314 -1
15 3 4 252 315 -1
15 3 4 252 316 0.0144752
15 3 4 252 317 0.834659
16 0 1 55 120 0.630415
16 0 1 55 121 0.933176
16 0 1 55 122 -1
16 0 1 56 120 0.906851
16 0 1 56 121 -1
16 0 1 56 122 -1
16 0 1 57 120 -1
16 0 1 57 121 -1
16 0 1 57 122 0.97907
16 0 2 55 197 -1
16 0 2 55 198 -1
16 0 2 55 199 0.155496
16 0 2 55 200 -1
16 0 2 56 197 0.836132
16 0 2 56 198 0.759009
16 0 2 56 199 -1
16 0 2 56 200 -1
16 0 2 57 197 -1
16 0 2 57 198 -1
16 0 2 57 199 0.949955
16 0 2 57 200 0.833458
16 0 3 55 253 -1
16 0 3 55 254 -1
16 0 3 55 255 0.431009
16 0 3 56 253 0.958578
16 0 3 56 254 -1
16 0 3 56 255 -1
16 0 3 57 253 -1
16 0 3 57 254 0.995391
16 0 3 57 255 -1
16 0 4 55 318 -1
16 0 4 55 319 0.45084
16 0 4 55 320 0.634091
16 0 4 56 318 -1
16 0 4 56 319 -1
16 0 4 56 320 -1
16 0 4 57 318 0.820015
16 0 4 57 319 -1
16 0 4 57 320 -1
16 1 2 120 197 0.932706
16 1 2 120 198 -1
16 1 2 120 199 0.964307
16 1 2 120 200 -1
16 1 2 121 197 -1
16 1 2 121 198 -1
16 1 2 121 199 -1
16 1 2 121 200 0.69844
16 1 2 122 197 0.739
16 1 2 122 198 -1
16 1 2 122 199 0.849364
16 1 2 122 200 -1
16 1 3 120 253 0.919585
16 1 3 120 254 -1
16 1 3 120 255 -1
16 1 3 121 253 -1
16 1 3 121 254 0.908043
16 1 3 121 255 0.158029
16 1 3 122 253 -1
16 1 3 122 254 0.29322
16 1 3 122 255 -1
16 1 4 120 318 0.561854
16 1 4 120 319 -1
16 1 4 120 320 -1
16 1 4 121 318 -1
16 1 4 121 319 0.885238
16 1 4 121 320 -1
16 1 4 122 318 0.907643
16 1 4 122 319 -1
16 1 4 122 320 -1
16 2 3 197 253 0.968548
16 2 3 197 254 -1
16 2 3 197 255 -1
16 2 3 198 253 -1
16 2 3 198 254 -1
16 2 3 198 255 -1
16 2 3 199 253 -1
16 2 3 199 254 0.874294
16 2 3 199 255 -1
16 2 3 200 253 -1
16 2 3 200 254 0.621487
16 2 3 200 255 -1
16 2 4 197 318 -1
16 2 4 197 319 -1
16 2 4 197 320 -1
16 2 4 198 318 -1
16 2 4 198 319 -1
16 2 4 198 320 -1
16 2 4 199 318 0.920298
16 2 4 199 319 -1
16 2 4 199 320 -1
16 2 4 200 318 -1
16 2 4 200 319 0.576128
16 2 4 200 320 -1
16 3 4 253 318 0.43622
16 3 4 253 319 0.941527
16 3 4 253 320 -1
16 3 4 254 318 0.0136536
16 3 4 254 319 0.98175
16 3 4 254 320 -1
16 3 4 255 318 -1
16 3 4 255 319 -1
16 3 4 255 320 0.941911
17 0 1 58 123 -1
17 0 1 58 124 0.99229
17 0 1 58 125 -1
17 0 1 58 126 -1
17 0 1 59 123 0.940548
17 0 1 59 124 -1
17 0 1 59 125 0.946846
17 0 1 59 126 -1
17 0 1 60 123 0.896192
17 0 1 60 124 -1
17 0 1 60 125 0.854777
17 0 1 60 126 -1
17 0 2 58 201 -1
17 0 2 58 202 -1
17 0 2 58 203 -1
17 0 2 58 204 0.682398
17 0 2 58 205 -1
17 0 2 59 201 -1
17 0 2 59 202 -1
17 0 2 59 203 0.959644
17 0 2 59 204 -1
17 0 2 59 205 0.177472
17 0 2 60 201 0.515279
17 0 2 60 202 0.785666
17 0 2 60 203 -1
17 0 2 60 204 -1
17 0 2 60 205 -1
17 0 3 58 256 -1
17 0 3 58 257 -1
17 0 3 58 258 0.52082
17 0 3 59 256 -1
17 0 3 59 257 0.93885
17 0 3 59 258 -1
17 0 3 60 256 0.997256
17 0 3 60 257 -1
17 0 3 60 258 -1
17 0 4 58 321 -1
17 0 4 58 322 0.979206
17 0 4 58 323 0.0598322
17 0 4 58 324 -1
17 0 4 58 325 -1
17 0 4 59 321 -1
17 0 4 59 322 0.96685
17 0 4 59 323 -1
17 0 4 59 324 -1
17 0 4 59 325 -1
17 0 4 60 321 -1
17 0 4 60 322 -1
17 0 4 60 323 -1
17 0 4 60 324 0.932292
17 0 4 60 325 -1
17 1 2 123 201 -1
17 1 2 123 202 0.815544
17 1 2 123 203 -1
17 1 2 123 204 -1
17 1 2 123 205 -1
17 1 2 124 201 -1
17 1 2 124 202 -1
17 1 2 124 203 -1
17 1 2 124 204 0.914639
17 1 2 124 205 0.635213
17 1 2 125 201 -1
17 1 2 125 202 -1
17 1 2 125 203 -1
17 1 2 125 204 0.84216
17 1 2 125 205 0.655833
17 1 2 126 201 -1
17 1 2 126 202 -1
17 1 2 126 203 0.872359
17 1 2 126 204 -1
17 1 2 126 205 -1
17 1 3 123 256 0.843486
17 1 3 123 257 -1
17 1 3 123 258 -1
17 1 3 124 256 -1
17 1 3 124 257 0.609329
17 1 3 124 258 0.980162
17 1 3 125 256 -1
17 1 3 125 257 0.805479
17 1 3 125 258 0.29989
17 1 3 126 256 -1
17 1 3 126 257 -1
17 1 3 126 258 -1
17 1 4 123 321 -1
17 1 4 123 322 -1
17 1 4 123 323 -1
17 1 4 123 324 0.559332
17 1 4 123 325 -1
17 1 4 124 321 -1
17 1 4 124 322 -1
17 1 4 124 323 0.544647
17 1 4 124 324 -1
17 1 4 124 325 -1
17 1 4 125 321 -1
17 1 4 125 322 0.635802
17 1 4 125 323 0.161294
17 1 4 125 324 -1
17 1 4 125 325 -1
17 1 4 126 321 0.964244
17 1 4 126 322 -1
17 1 4 126 323 -1
17 1 4 126 324 -1
17 1 4 126 325 -1
17 2 3 201 256 -1
17 2 3 201 257 -1
17 2 3 201 258 -1
17 2 3 202 256 0.77234
17 2 3 202 257 -1
17 2 3 202 258 -1
17 2 3 203 256 -1
17 2 3 203 257 -1
17 2 3 203 258 -1
17 2 3 204 256 -1
17 2 3 204 257 -1
17 2 3 204 258 0.932513
17 2 3 205 256 -1
17 2 3 205 257 0.249392
17 2 3 205 258 -1
17 2 4 201 321 -1
17 2 4 201 322 -1
17 2 4 201 323 -1
17 2 4 201 324 -1
17 2 4 201 325 -1
17 2 4 202 321 0.531577
17 2 4 202 322 -1
17 2 4 202 323 -1
17 2 4 202 324 0.777104
17 2 4 202 325 -1
17 2 4 203 321 0.859906
17 2 4 203 322 -1
17 2 4 203 323 -1
17 2 4 203 324 0.651091
17 2 4 203 325 -1
17 2 4 204 321 -1
17 2 4 204 322 -1
17 2 4 204 323 0.93961
17 2 4 204 324 -1
17 2 4 204 325 -1
17 2 4 205 321 -1
17 2 4 205 322 0.540901
17 2 4 205 323 -1
17 2 4 205 324 -1
17 2 4 205 325 -1
17 3 4 256 321 -1
17 3 4 256 322 0.684974
17 3 4 256 323 -1
17 3 4 256 324 0.776944
17 3 4 256 325 -1
17 3 4 257 321 -1
17 3 4 257 322 0.949528
17 3 4 257 323 -1
17 3 4 257 324 -1
17 3 4 257 325 -1
17 3 4 258 321 -1
17 3 4 258 322 -1
17 3 4 258 323 0.972905
17 3 4 258 324 -1
17 3 4 258 325 0.288979
18 0 1 61 127 0.35658
18 0 1 61 128 0.978428
18 0 1 61 129 -1
18 0 1 62 127 0.452175
18 0 1 62 128 0.209056
18 0 1 62 129 -1
18 0 1 63 127 0.191245
18 0 1 63 128 -1
18 0 1 63 129 0.747841
18 0 2 61 206 0.544016
18 0 2 61 207 0.994911
18 0 2 61 208 -1
18 0 2 62 206 -1
18 0 2 62 207 -1
18 0 2 62 208 -1
18 0 2 63 206 0.283722
18 0 2 63 207 -1
18 0 2 63 208 0.244776
18 0 3 61 259 0.881949
18 0 3 62 259 -1
18 0 3 63 259 -1
18 0 4 61 326 -1
18 0 4 61 327 0.253852
18 0 4 61 328 0.829059
18 0 4 61 329 -1
18 0 4 62 326 0.350171
18 0 4 62 327 -1
18 0 4 62 328 -1
18 0 4 62 329 0.870318
18 0 4 63 326 -1
18 0 4 63 327 0.592849
18 0 4 63 328 0.334597
18 0 4 63 329 -1
18 1 2 127 206 -1
18 1 2 127 207 -1
18 1 2 127 208 -1
18 1 2 128 206 -1
18 1 2 128 207 0.957685
18 1 2 128 208 -1
18 1 2 129 206 -1
18 1 2 129 207 -1
18 1 2 129 208 0.488257
18 1 3 127 259 -1
18 1 3 128 259 0.94335
18 1 3 129 259 0.103211
18 1 4 127 326 -1
18 1 4 127 327 -1
18 1 4 127 328 -1
18 1 4 127 329 0.258951
18 1 4 128 326 -1
18 1 4 128 327 -1
18 1 4 128 328 0.831741
18 1 4 128 329 -1
18 1 4 129 326 -1
18 1 4 129 327 0.733943
18 1 4 129 328 -1
18 1 4 129 329 -1
18 2 3 206 259 -1
18 2 3 207 259 0.896642
18 2 3 208 259 -1
18 2 4 206 326 0.83143
18 2 4 206 327 -1
18 2 4 206 328 -1
18 2 4 206 329 -1
18 2 4 207 326 -1
18 2 4 207 327 -1
18 2 4 207 328 0.817102
18 2 4 207 329 -1
18 2 4 208 326 -1
18 2 4 208 327 0.982578
18 2 4 208 328 -1
18 2 4 208 329 -1
18 3 4 259 326 -1
18 3 4 259 327 -1
18 3 4 259 328 0.956086
18 3 4 259 329 0.506266
end of Frame 277
