J OverallIdx viewIdx joint种类0-18(jointIdx) 该joint在图中的顺序(candidix) x y score
0 0 0 0 199.165 341.587 0.552657
1 0 0 1 42.0249 362.643 0.818272
2 0 0 2 687.163 396.37 0.562332
3 0 0 3 325.295 430.224 0.600132
4 0 1 0 687.037 191.923 0.674508
5 0 1 1 328.188 208.77 0.8853
6 0 1 2 204.727 244.715 0.843158
7 0 1 3 39.2855 259.383 0.899446
8 0 2 0 182.231 341.591 0.633688
9 0 2 1 698.242 394.33 0.444977
10 0 2 2 372.97 434.397 0.557718
11 0 3 0 221.535 341.588 0.520966
12 0 3 1 67.2762 362.596 0.786212
13 0 3 2 684.355 396.423 0.60344
14 0 3 3 280.292 428.088 0.585049
15 0 4 0 622.593 141.265 0.768672
16 0 4 1 190.747 210.914 0.918764
17 0 4 2 50.4116 210.815 0.880521
18 0 5 0 689.885 189.771 0.487261
19 0 5 1 409.396 210.934 0.829815
20 0 5 2 173.949 246.762 0.801228
21 0 6 0 258.069 198.259 0.847505
22 0 6 1 684.258 194.007 0.864543
23 0 6 2 232.769 244.676 0.848071
24 0 6 3 78.6648 259.308 0.870759
25 0 7 0 176.634 413.389 0.554129
26 0 7 1 706.543 550.429 0.666807
27 0 7 2 350.502 626.261 0.673477
28 0 8 0 213.142 415.455 0.233819
29 0 8 1 56.1452 440.749 0.826432
30 0 8 2 684.194 562.945 0.718234
31 0 8 3 260.861 603.116 0.661373
32 0 9 0 389.725 126.539 0.894506
33 0 9 1 173.935 210.769 0.358488
34 0 10 0 314.125 120.209 0.789388
35 0 10 1 659.016 130.724 0.890065
36 0 10 2 59.0142 208.787 0.261702
37 0 10 3 213.059 208.728 0.767812
38 0 11 0 168.248 297.296 0.191064
39 0 11 1 437.479 347.951 0.882481
40 0 12 0 712.295 276.175 0.870944
41 0 12 1 100.856 307.804 0.883342
42 0 12 2 221.503 331.141 0.779204
43 0 13 0 168.265 487.145 0.367541
44 0 13 1 22.3963 516.631 0.676189
45 0 13 2 712.265 697.932 0.670967
46 0 13 3 328.048 765.491 0.330604
47 0 14 0 229.885 484.977 0.176177
48 0 14 1 58.871 529.273 0.799854
49 0 14 2 692.642 717.022 0.727947
50 0 14 3 235.503 765.515 0.377615
51 0 15 0 168.115 345.726 0.155111
52 0 15 1 415.144 430.23 0.652545
53 0 16 0 75.6459 341.617 0.861344
54 0 16 1 658.904 343.76 0.837808
55 0 16 2 257.923 406.992 0.681863
56 0 17 0 56.2262 552.516 0.712022
57 0 17 1 614.118 733.801 0.78588
58 0 18 0 28.0363 535.651 0.460015
59 0 18 1 661.782 683.181 0.316929
60 1 0 0 684.207 398.56 0.722434
61 1 1 0 684.368 234.092 0.880288
62 1 2 0 709.581 398.505 0.695552
63 1 3 0 656.154 398.574 0.666129
64 1 4 0 625.339 189.712 0.815157
65 1 5 0 729.096 242.517 0.872989
66 1 6 0 642.259 227.827 0.893252
67 1 7 0 706.694 501.909 0.596069
68 1 8 0 614.197 529.241 0.794239
69 1 10 0 658.993 177.061 0.952488
70 1 11 0 751.492 331.063 0.864435
71 1 12 0 773.825 295.117 0.304089
72 1 12 1 33.4873 311.988 0.813017
73 1 12 2 636.512 328.977 0.905385
74 1 13 0 729.099 579.916 0.627714
75 1 13 1 681.471 649.554 0.802526
76 1 14 0 611.27 655.809 0.752525
77 1 15 0 706.736 379.549 0.778714
78 1 16 0 36.5858 345.78 0.808665
79 1 16 1 614.203 398.52 0.833684
80 1 17 0 549.649 662.084 0.762788
81 1 18 0 723.437 596.732 0.322885
82 1 18 1 650.605 645.218 0.330804
83 2 0 0 515.947 227.678 0.782166
84 2 0 1 715.164 371.142 0.653768
85 2 1 0 527.097 82.2087 0.89118
86 2 1 1 743.144 223.51 0.748344
87 2 2 0 485.128 225.648 0.803551
88 2 2 1 717.95 366.901 0.572076
89 2 3 0 546.786 227.744 0.798993
90 2 3 1 712.347 377.427 0.726125
91 2 4 0 507.518 42.2965 0.954468
92 2 4 1 689.85 162.369 0.886116
93 2 5 0 479.558 75.9758 0.907936
94 2 5 1 729.095 210.928 0.664019
95 2 6 0 572.146 90.6399 0.885002
96 2 6 1 751.634 232.016 0.840933
97 2 7 0 487.976 316.327 0.838853
98 2 7 1 703.945 480.714 0.744979
99 2 8 0 549.513 326.817 0.865245
100 2 8 1 684.228 482.899 0.774347
101 2 10 0 549.613 40.0336 0.895866
102 2 10 1 748.755 160.183 0.977898
103 2 11 0 437.35 111.755 0.943184
104 2 12 0 617.012 143.374 0.959675
105 2 12 1 754.299 339.485 0.845702
106 2 13 0 496.327 390.133 0.826179
107 2 13 1 687.028 550.449 0.749568
108 2 14 0 549.642 400.684 0.862481
109 2 14 1 681.423 594.647 0.772874
110 2 15 0 460.036 170.805 0.907707
111 2 16 0 577.747 194.011 0.911581
112 2 16 1 701.058 383.798 0.791507
113 2 17 0 549.497 436.498 0.796109
114 2 17 1 630.994 615.758 0.762171
115 2 18 0 468.312 417.528 0.776359
116 2 18 1 639.355 552.49 0.840793
117 3 0 0 297.208 343.711 0.776448
118 3 1 0 277.622 189.72 0.88337
119 3 1 1 574.933 193.95 0.481911
120 3 1 2 644.991 352.171 0.471953
121 3 2 0 260.795 345.788 0.792043
122 3 3 0 325.327 341.572 0.782968
123 3 4 0 283.331 128.644 0.939893
124 3 4 1 558.02 143.387 0.881936
125 3 5 0 229.933 191.813 0.835409
126 3 5 1 546.875 194.12 0.608351
127 3 5 2 866.562 356.387 0.229702
128 3 6 0 325.151 183.465 0.85833
129 3 6 1 611.375 194.016 0.307434
130 3 6 2 420.663 360.557 0.342658
131 3 7 0 269.186 463.898 0.785301
132 3 8 0 336.487 447.068 0.691653
133 3 9 0 813.258 105.416 0.179311
134 3 9 1 255.184 126.396 0.912066
135 3 10 0 608.528 80.1336 0.35931
136 3 10 1 305.783 126.417 0.347882
137 3 10 2 597.354 128.638 0.348634
138 3 11 0 168.258 246.822 0.934174
139 3 12 0 347.837 238.285 0.885891
140 3 12 1 347.662 763.274 0.281326
141 3 13 0 274.776 560.859 0.763066
142 3 14 0 330.902 554.603 0.310516
143 3 15 0 221.536 297.438 0.859193
144 3 16 0 347.901 282.538 0.910373
145 3 18 0 280.467 594.668 0.67437
146 4 0 0 588.908 288.884 0.728912
147 4 0 1 415.126 322.638 0.429637
148 4 1 0 409.457 109.616 0.528523
149 4 1 1 572.091 141.327 0.944028
150 4 2 0 552.579 288.923 0.724406
151 4 2 1 420.645 322.645 0.553135
152 4 3 0 616.907 286.773 0.752579
153 4 3 1 412.253 320.527 0.334296
154 4 4 0 485.094 44.2524 0.779238
155 4 4 1 611.318 86.4317 0.831743
156 4 5 0 414.964 109.718 0.826377
157 4 5 1 527.293 143.46 0.908448
158 4 6 0 395.461 107.495 0.370309
159 4 6 1 616.91 139.116 0.869432
160 4 7 0 569.194 396.491 0.820792
161 4 7 1 417.828 495.578 0.596125
162 4 8 0 639.222 392.228 0.834295
163 4 8 1 423.425 487.086 0.301994
164 4 9 0 434.579 42.1485 0.909954
165 4 9 1 563.664 78.0819 0.880624
166 4 11 0 398.267 208.793 0.863659
167 4 11 1 501.91 223.558 0.892884
168 4 12 0 622.575 210.972 0.871153
169 4 13 0 572.208 497.587 0.873181
170 4 13 1 409.432 647.337 0.753759
171 4 14 0 639.303 493.432 0.864449
172 4 14 1 412.227 596.789 0.530362
173 4 15 0 437.391 278.244 0.887499
174 4 15 1 535.603 280.521 0.844503
175 4 16 0 633.754 274.145 0.814474
176 4 17 0 684.23 512.467 0.928475
177 4 17 1 462.755 598.864 0.704159
178 4 18 0 597.361 520.848 0.831032
179 4 18 1 482.394 657.914 0.777472
P viewIdx, pafIdx, aOverAllIdx, bOverAllIdx, CandidAIdx, CandidBIdx, score
0 0 4 0 0 0 0
0 0 4 1 0 1 0
0 0 4 2 0 2 0.906764
0 0 4 3 0 3 0
0 0 5 0 1 0 0
0 0 5 1 1 1 0
0 0 5 2 1 2 0
0 0 5 3 1 3 0.994557
0 0 6 0 2 0 0.93896
0 0 6 1 2 1 0
0 0 6 2 2 2 0
0 0 6 3 2 3 0
0 0 7 0 3 0 0
0 0 7 1 3 1 0.986719
0 0 7 2 3 2 0
0 0 7 3 3 3 0
0 1 8 25 0 0 0.927581
0 1 8 26 0 1 0
0 1 8 27 0 2 0
0 1 9 25 1 0 0
0 1 9 26 1 1 0.94866
0 1 9 27 1 2 0
0 1 10 25 2 0 0
0 1 10 26 2 1 0
0 1 10 27 2 2 0.942629
0 2 25 43 0 0 0.881656
0 2 25 44 0 1 0
0 2 25 45 0 2 0
0 2 25 46 0 3 0
0 2 26 43 1 0 0
0 2 26 44 1 1 0
0 2 26 45 1 2 0.970416
0 2 26 46 1 3 0
0 2 27 43 2 0 0
0 2 27 44 2 1 0
0 2 27 45 2 2 0
0 2 27 46 2 3 0.969332
0 3 0 8 0 0 0.911199
0 3 0 9 0 1 0
0 3 0 10 0 2 0
0 3 1 8 1 0 0
0 3 1 9 1 1 0
0 3 1 10 1 2 0
0 3 2 8 2 0 0
0 3 2 9 2 1 0.705879
0 3 2 10 2 2 0
0 3 3 8 3 0 0
0 3 3 9 3 1 0
0 3 3 10 3 2 0.876706
0 4 0 11 0 0 0.909019
0 4 0 12 0 1 0
0 4 0 13 0 2 0
0 4 0 14 0 3 0
0 4 1 11 1 0 0
0 4 1 12 1 1 0.981884
0 4 1 13 1 2 0
0 4 1 14 1 3 0
0 4 2 11 2 0 0
0 4 2 12 2 1 0
0 4 2 13 2 2 0.674265
0 4 2 14 2 3 0
0 4 3 11 3 0 0
0 4 3 12 3 1 0
0 4 3 13 3 2 0
0 4 3 14 3 3 0.880577
0 5 11 28 0 0 0.809496
0 5 11 29 0 1 0
0 5 11 30 0 2 0
0 5 11 31 0 3 0
0 5 12 28 1 0 0
0 5 12 29 1 1 0.987436
0 5 12 30 1 2 0
0 5 12 31 1 3 0
0 5 13 28 2 0 0
0 5 13 29 2 1 0
0 5 13 30 2 2 0.977703
0 5 13 31 2 3 0
0 5 14 28 3 0 0
0 5 14 29 3 1 0
0 5 14 30 3 2 0
0 5 14 31 3 3 0.951752
0 6 28 47 0 0 0.728045
0 6 28 48 0 1 0
0 6 28 49 0 2 0
0 6 28 50 0 3 0
0 6 29 47 1 0 0
0 6 29 48 1 1 0.994877
0 6 29 49 1 2 0
0 6 29 50 1 3 0
0 6 30 47 2 0 0
0 6 30 48 2 1 0
0 6 30 49 2 2 0.989942
0 6 30 50 2 3 0
0 6 31 47 3 0 0
0 6 31 48 3 1 0
0 6 31 49 3 2 0
0 6 31 50 3 3 0.953892
0 7 4 18 0 0 0.784101
0 7 4 19 0 1 0
0 7 4 20 0 2 0
0 7 5 18 1 0 0
0 7 5 19 1 1 0.993303
0 7 5 20 1 2 0
0 7 6 18 2 0 0
0 7 6 19 2 1 0
0 7 6 20 2 2 0.987774
0 7 7 18 3 0 0
0 7 7 19 3 1 0
0 7 7 20 3 2 0
0 8 18 38 0 0 0
0 8 18 39 0 1 0
0 8 19 38 1 0 0
0 8 19 39 1 1 0.994959
0 8 20 38 2 0 0.712431
0 8 20 39 2 1 0
0 9 38 51 0 0 0.705054
0 9 38 52 0 1 0
0 9 39 51 1 0 0
0 9 39 52 1 1 0.942426
0 10 18 32 0 0 0
0 10 18 33 0 1 0
0 10 19 32 1 0 0.998508
0 10 19 33 1 1 0
0 10 20 32 2 0 0
0 10 20 33 2 1 0.806376
0 11 4 21 0 0 0
0 11 4 22 0 1 0.772106
0 11 4 23 0 2 0
0 11 4 24 0 3 0
0 11 5 21 1 0 0.98019
0 11 5 22 1 1 0
0 11 5 23 1 2 0
0 11 5 24 1 3 0
0 11 6 21 2 0 0
0 11 6 22 2 1 0
0 11 6 23 2 2 0.981883
0 11 6 24 2 3 0
0 11 7 21 3 0 0
0 11 7 22 3 1 0
0 11 7 23 3 2 0
0 11 7 24 3 3 0.998204
0 12 21 40 0 0 0
0 12 21 41 0 1 0
0 12 21 42 0 2 0.511174
0 12 22 40 1 0 0.99409
0 12 22 41 1 1 0
0 12 22 42 1 2 0
0 12 23 40 2 0 0
0 12 23 41 2 1 0
0 12 23 42 2 2 0.488826
0 12 24 40 3 0 0
0 12 24 41 3 1 0.997305
0 12 24 42 3 2 0
0 13 40 53 0 0 0
0 13 40 54 0 1 0.985133
0 13 40 55 0 2 0
0 13 41 53 1 0 0.996444
0 13 41 54 1 1 0
0 13 41 55 1 2 0
0 13 42 53 2 0 0
0 13 42 54 2 1 0
0 13 42 55 2 2 0.976789
0 14 21 34 0 0 0.502204
0 14 21 35 0 1 0
0 14 21 36 0 2 0
0 14 21 37 0 3 0
0 14 22 34 1 0 0
0 14 22 35 1 1 0.998065
0 14 22 36 1 2 0
0 14 22 37 1 3 0
0 14 23 34 2 0 0.259872
0 14 23 35 2 1 0
0 14 23 36 2 2 0
0 14 23 37 2 3 0.500115
0 14 24 34 3 0 0
0 14 24 35 3 1 0
0 14 24 36 3 2 0.797579
0 14 24 37 3 3 0
0 15 4 15 0 0 0.954017
0 15 4 16 0 1 0
0 15 4 17 0 2 0
0 15 5 15 1 0 0
0 15 5 16 1 1 0
0 15 5 17 1 2 0
0 15 6 15 2 0 0
0 15 6 16 2 1 0.994858
0 15 6 17 2 2 0
0 15 7 15 3 0 0
0 15 7 16 3 1 0
0 15 7 17 3 2 0.985537
0 16 47 56 0 0 0
0 16 47 57 0 1 0
0 16 48 56 1 0 0.957633
0 16 48 57 1 1 0
0 16 49 56 2 0 0
0 16 49 57 2 1 0.951134
0 16 50 56 3 0 0
0 16 50 57 3 1 0
0 17 43 58 0 0 0
0 17 43 59 0 1 0
0 17 44 58 1 0 0.887571
0 17 44 59 1 1 0
0 17 45 58 2 0 0
0 17 45 59 2 1 0.731278
0 17 46 58 3 0 0
0 17 46 59 3 1 0
1 0 61 60 0 0 0.994736
1 1 62 67 0 0 0.978343
1 2 67 74 0 0 0.49276
1 2 67 75 0 1 0.50724
1 3 60 62 0 0 0.925345
1 4 60 63 0 0 0.908127
1 5 63 68 0 0 0.982553
1 6 68 76 0 0 0.986046
1 7 61 65 0 0 0.99981
1 8 65 70 0 0 0.999334
1 9 70 77 0 0 0.96293
1 11 61 66 0 0 0.9831
1 12 66 71 0 0 0
1 12 66 72 0 1 0
1 12 66 73 0 2 0.985799
1 13 71 78 0 0 0
1 13 71 79 0 1 0
1 13 72 78 1 0 0.987869
1 13 72 79 1 1 0
1 13 73 78 2 0 0
1 13 73 79 2 1 0.988334
1 14 66 69 0 0 0.963242
1 15 61 64 0 0 0.992265
1 16 76 80 0 0 0.960912
1 17 74 81 0 0 0.791155
1 17 74 82 0 1 0
1 17 75 81 1 0 0
1 17 75 82 1 1 0.838455
2 0 85 83 0 0 0.982381
2 0 85 84 0 1 0
2 0 86 83 1 0 0
2 0 86 84 1 1 0.964534
2 1 87 97 0 0 0.996687
2 1 87 98 0 1 0
2 1 88 97 1 0 0
2 1 88 98 1 1 0.932789
2 2 97 106 0 0 0.998101
2 2 97 107 0 1 0
2 2 98 106 1 0 0
2 2 98 107 1 1 0.942535
2 3 83 87 0 0 0.970932
2 3 83 88 0 1 0
2 3 84 87 1 0 0
2 3 84 88 1 1 0.741962
2 4 83 89 0 0 0.970247
2 4 83 90 0 1 0
2 4 84 89 1 0 0
2 4 84 90 1 1 0.770602
2 5 89 99 0 0 0.996258
2 5 89 100 0 1 0
2 5 90 99 1 0 0
2 5 90 100 1 1 0.970222
2 6 99 108 0 0 0.994798
2 6 99 109 0 1 0
2 6 100 108 1 0 0
2 6 100 109 1 1 0.98236
2 7 85 93 0 0 0.99594
2 7 85 94 0 1 0
2 7 86 93 1 0 0
2 7 86 94 1 1 0.943478
2 8 93 103 0 0 0.983929
2 8 94 103 1 0 0
2 9 103 110 0 0 0.986578
2 11 85 95 0 0 0.996069
2 11 85 96 0 1 0
2 11 86 95 1 0 0
2 11 86 96 1 1 0.962691
2 12 95 104 0 0 0.991752
2 12 95 105 0 1 0
2 12 96 104 1 0 0
2 12 96 105 1 1 0.996954
2 13 104 111 0 0 0.969041
2 13 104 112 0 1 0
2 13 105 111 1 0 0
2 13 105 112 1 1 0.966779
2 14 95 101 0 0 0.999252
2 14 95 102 0 1 0
2 14 96 101 1 0 0
2 14 96 102 1 1 0.996367
2 15 85 91 0 0 0.987844
2 15 85 92 0 1 0
2 15 86 91 1 0 0
2 15 86 92 1 1 0.995194
2 16 108 113 0 0 0.997175
2 16 108 114 0 1 0
2 16 109 113 1 0 0
2 16 109 114 1 1 0.963197
2 17 106 115 0 0 0.964142
2 17 106 116 0 1 0
2 17 107 115 1 0 0
2 17 107 116 1 1 0.905247
3 0 118 117 0 0 0.992038
3 0 119 117 1 0 0
3 0 120 117 2 0 0
3 1 121 131 0 0 0.987197
3 2 131 141 0 0 0.979863
3 3 117 121 0 0 0.960914
3 4 117 122 0 0 0.954748
3 5 122 132 0 0 0.984289
3 6 132 142 0 0 0.859994
3 7 118 125 0 0 0.997939
3 7 118 126 0 1 0
3 7 118 127 0 2 0
3 7 119 125 1 0 0
3 7 119 126 1 1 0.866418
3 7 119 127 1 2 0
3 7 120 125 2 0 0
3 7 120 126 2 1 0
3 7 120 127 2 2 0.884311
3 8 125 138 0 0 0.980835
3 8 126 138 1 0 0
3 8 127 138 2 0 0
3 9 138 143 0 0 0.983666
3 10 125 133 0 0 0
3 10 125 134 0 1 0.985415
3 10 126 133 1 0 0
3 10 126 134 1 1 0
3 10 127 133 2 0 0.731922
3 10 127 134 2 1 0
3 11 118 128 0 0 0.984129
3 11 118 129 0 1 0
3 11 118 130 0 2 0
3 11 119 128 1 0 0
3 11 119 129 1 1 0.843322
3 11 119 130 1 2 0
3 11 120 128 2 0 0
3 11 120 129 2 1 0
3 11 120 130 2 2 0.876497
3 12 128 139 0 0 0.99363
3 12 128 140 0 1 0
3 12 129 139 1 0 0
3 12 129 140 1 1 0
3 12 130 139 2 0 0
3 12 130 140 2 1 0.886808
3 13 139 144 0 0 0.999154
3 13 140 144 1 0 0
3 14 128 135 0 0 0
3 14 128 136 0 1 0.838449
3 14 128 137 0 2 0
3 14 129 135 1 0 0.498555
3 14 129 136 1 1 0
3 14 129 137 1 2 0.501445
3 14 130 135 2 0 0
3 14 130 136 2 1 0
3 14 130 137 2 2 0
3 15 118 123 0 0 0.9983
3 15 118 124 0 1 0
3 15 119 123 1 0 0
3 15 119 124 1 1 0.897083
3 15 120 123 2 0 0
3 15 120 124 2 1 0
3 17 141 145 0 0 0.965816
4 0 148 146 0 0 0
4 0 148 147 0 1 0.896615
4 0 149 146 1 0 0.996673
4 0 149 147 1 1 0
4 1 150 160 0 0 0.981338
4 1 150 161 0 1 0
4 1 151 160 1 0 0
4 1 151 161 1 1 0.940054
4 2 160 169 0 0 0.996641
4 2 160 170 0 1 0
4 2 161 169 1 0 0
4 2 161 170 1 1 0.975198
4 3 146 150 0 0 0.94577
4 3 146 151 0 1 0
4 3 147 150 1 0 0
4 3 147 151 1 1 0.717628
4 4 146 152 0 0 0.93627
4 4 146 153 0 1 0
4 4 147 152 1 0 0
4 4 147 153 1 1 0.7172
4 5 152 162 0 0 0.999463
4 5 152 163 0 1 0
4 5 153 162 1 0 0
4 5 153 163 1 1 0.830505
4 6 162 171 0 0 0.999567
4 6 162 172 0 1 0
4 6 163 171 1 0 0
4 6 163 172 1 1 0.883468
4 7 148 156 0 0 0.747204
4 7 148 157 0 1 0
4 7 149 156 1 0 0
4 7 149 157 1 1 0.998386
4 8 156 166 0 0 0.967716
4 8 156 167 0 1 0
4 8 157 166 1 0 0
4 8 157 167 1 1 0.985845
4 9 166 173 0 0 0.998979
4 9 166 174 0 1 0
4 9 167 173 1 0 0
4 9 167 174 1 1 0.988347
4 10 156 164 0 0 0.982814
4 10 156 165 0 1 0
4 10 157 164 1 0 0
4 10 157 165 1 1 0.973081
4 11 148 158 0 0 0.773763
4 11 148 159 0 1 0
4 11 149 158 1 0 0
4 11 149 159 1 1 0.999207
4 12 158 168 0 0 0
4 12 159 168 1 0 0.993501
4 13 168 175 0 0 0.999905
4 15 148 154 0 0 0.854084
4 15 148 155 0 1 0
4 15 149 154 1 0 0
4 15 149 155 1 1 0.978023
4 16 171 176 0 0 0.982237
4 16 171 177 0 1 0
4 16 172 176 1 0 0
4 16 172 177 1 1 0.92595
4 17 169 178 0 0 0.981013
4 17 169 179 0 1 0
4 17 170 178 1 0 0
4 17 170 179 1 1 0.986923
E jointIdx viewA viewB aOverAllIdx bOverallIdx score
0 0 1 0 60 -1
0 0 1 1 60 0.0334538
0 0 1 2 60 0.333744
0 0 1 3 60 0.911423
0 0 2 0 83 -1
0 0 2 0 84 0.819825
0 0 2 1 83 -1
0 0 2 1 84 -1
0 0 2 2 83 0.76956
0 0 2 2 84 -1
0 0 2 3 83 -1
0 0 2 3 84 0.765681
0 0 3 0 117 -1
0 0 3 1 117 -1
0 0 3 2 117 0.76146
0 0 3 3 117 -1
0 0 4 0 146 -1
0 0 4 0 147 -1
0 0 4 1 146 -1
0 0 4 1 147 -1
0 0 4 2 146 -1
0 0 4 2 147 0.940269
0 0 4 3 146 0.890894
0 0 4 3 147 -1
0 1 2 60 83 0.38248
0 1 2 60 84 0.615506
0 1 3 60 117 0.423761
0 1 4 60 146 0.488906
0 1 4 60 147 0.0591914
0 2 3 83 117 0.885384
0 2 3 84 117 -1
0 2 4 83 146 0.0608404
0 2 4 83 147 0.674534
0 2 4 84 146 0.885418
0 2 4 84 147 -1
0 3 4 117 146 0.44751
0 3 4 117 147 0.55249
1 0 1 4 61 0.369688
1 0 1 5 61 0.32958
1 0 1 6 61 0.164534
1 0 1 7 61 0.136199
1 0 2 4 85 0.81165
1 0 2 4 86 -1
1 0 2 5 85 -1
1 0 2 5 86 0.912485
1 0 2 6 85 -1
1 0 2 6 86 -1
1 0 2 7 85 -1
1 0 2 7 86 -1
1 0 3 4 118 0.673663
1 0 3 4 119 0.687793
1 0 3 4 120 -1
1 0 3 5 118 0.744508
1 0 3 5 119 0.722805
1 0 3 5 120 -1
1 0 3 6 118 0.382284
1 0 3 6 119 0.315527
1 0 3 6 120 -1
1 0 3 7 118 -1
1 0 3 7 119 -0.726126
1 0 3 7 120 0.681118
1 0 4 4 148 0.968594
1 0 4 4 149 -1
1 0 4 5 148 -1
1 0 4 5 149 0.970193
1 0 4 6 148 -1
1 0 4 6 149 0.450986
1 0 4 7 148 -1
1 0 4 7 149 0.239434
1 1 2 61 85 0.579948
1 1 2 61 86 0.420052
1 1 3 61 118 0.629607
1 1 3 61 119 0.871243
1 1 3 61 120 -1
1 1 4 61 148 0.494955
1 1 4 61 149 0.505045
1 2 3 85 118 0.83801
1 2 3 85 119 -1
1 2 3 85 120 -1
1 2 3 86 118 -1
1 2 3 86 119 0.753659
1 2 3 86 120 -1
1 2 4 85 148 0.78027
1 2 4 85 149 -1
1 2 4 86 148 -1
1 2 4 86 149 0.939668
1 3 4 118 148 0.470293
1 3 4 118 149 0.529707
1 3 4 119 148 0.100952
1 3 4 119 149 0.899048
1 3 4 120 148 -1
1 3 4 120 149 -1
2 0 1 8 62 -1
2 0 1 9 62 0.252898
2 0 1 10 62 0.928779
2 0 2 8 87 -1
2 0 2 8 88 0.955362
2 0 2 9 87 0.667027
2 0 2 9 88 -1
2 0 2 10 87 -1
2 0 2 10 88 0.475528
2 0 3 8 121 -1
2 0 3 9 121 0.850069
2 0 3 10 121 -1
2 0 4 8 150 -1
2 0 4 8 151 -1
2 0 4 9 150 -1
2 0 4 9 151 0.751152
2 0 4 10 150 0.927553
2 0 4 10 151 -1
2 1 2 62 87 0.692286
2 1 2 62 88 0.307714
2 1 3 62 121 0.49335
2 1 4 62 150 0.607604
2 1 4 62 151 0.392396
2 2 3 87 121 0.935621
2 2 3 88 121 -1
2 2 4 87 150 0.424775
2 2 4 87 151 0.395092
2 2 4 88 150 0.497771
2 2 4 88 151 -1
2 3 4 121 150 0.394279
2 3 4 121 151 0.605721
3 0 1 11 63 -1
3 0 1 12 63 0.0414224
3 0 1 13 63 0.382717
3 0 1 14 63 0.928411
3 0 2 11 89 -1
3 0 2 11 90 0.50334
3 0 2 12 89 -1
3 0 2 12 90 -1
3 0 2 13 89 0.81127
3 0 2 13 90 -1
3 0 2 14 89 -1
3 0 2 14 90 0.975247
3 0 3 11 122 -1
3 0 3 12 122 -1
3 0 3 13 122 0.642454
3 0 3 14 122 -1
3 0 4 11 152 -1
3 0 4 11 153 -1
3 0 4 12 152 -1
3 0 4 12 153 -1
3 0 4 13 152 -1
3 0 4 13 153 0.984038
3 0 4 14 152 0.876581
3 0 4 14 153 -1
3 1 2 63 89 -1
3 1 2 63 90 0.823639
3 1 3 63 122 0.325123
3 1 4 63 152 0.446304
3 1 4 63 153 -1
3 2 3 89 122 0.752208
3 2 3 90 122 -1
3 2 4 89 152 -1
3 2 4 89 153 0.916207
3 2 4 90 152 0.66943
3 2 4 90 153 -1
3 3 4 122 152 0.47402
3 3 4 122 153 0.52598
4 0 1 15 64 0.778575
4 0 1 16 64 0.047528
4 0 1 17 64 0.173897
4 0 2 15 91 0.905998
4 0 2 15 92 -1
4 0 2 16 91 -1
4 0 2 16 92 -1
4 0 2 17 91 -1
4 0 2 17 92 -1
4 0 3 15 123 0.364991
4 0 3 15 124 0.104505
4 0 3 16 123 0.283818
4 0 3 16 124 0.257361
4 0 3 17 123 0.187702
4 0 3 17 124 0.438354
4 0 4 15 154 0.921742
4 0 4 15 155 -1
4 0 4 16 154 -1
4 0 4 16 155 -1
4 0 4 17 154 -1
4 0 4 17 155 -1
4 1 2 64 91 0.404429
4 1 2 64 92 0.595571
4 1 3 64 123 0.428613
4 1 3 64 124 0.571387
4 1 4 64 154 0.299802
4 1 4 64 155 0.700198
4 2 3 91 123 0.934471
4 2 3 91 124 -1
4 2 3 92 123 -1
4 2 3 92 124 0.968851
4 2 4 91 154 0.994773
4 2 4 91 155 -1
4 2 4 92 154 -1
4 2 4 92 155 0.938263
4 3 4 123 154 0.69092
4 3 4 123 155 0.22027
4 3 4 124 154 -1
4 3 4 124 155 0.71124
5 0 1 18 65 0.347586
5 0 1 19 65 0.403954
5 0 1 20 65 0.24846
5 0 2 18 93 0.688224
5 0 2 18 94 -1
5 0 2 19 93 -1
5 0 2 19 94 0.650547
5 0 2 20 93 -1
5 0 2 20 94 -1
5 0 3 18 125 0.316555
5 0 3 18 126 0.421767
5 0 3 18 127 -1
5 0 3 19 125 0.477208
5 0 3 19 126 0.410807
5 0 3 19 127 -1
5 0 3 20 125 0.206237
5 0 3 20 126 0.167426
5 0 3 20 127 -1
5 0 4 18 156 0.939114
5 0 4 18 157 -1
5 0 4 19 156 -1
5 0 4 19 157 0.97678
5 0 4 20 156 -1
5 0 4 20 157 0.413052
5 1 2 65 93 0.143331
5 1 2 65 94 0.424858
5 1 3 65 125 0.735611
5 1 3 65 126 0.996355
5 1 3 65 127 -1
5 1 4 65 156 0.401523
5 1 4 65 157 0.598477
5 2 3 93 125 0.849812
5 2 3 93 126 -1
5 2 3 93 127 -1
5 2 3 94 125 -1
5 2 3 94 126 0.691289
5 2 3 94 127 -1
5 2 4 93 156 0.749955
5 2 4 93 157 0.0147565
5 2 4 94 156 -1
5 2 4 94 157 0.667656
5 3 4 125 156 0.470421
5 3 4 125 157 0.529579
5 3 4 126 156 0.145626
5 3 4 126 157 0.854374
5 3 4 127 156 -1
5 3 4 127 157 -1
6 0 1 21 66 0.426981
6 0 1 22 66 0.353046
6 0 1 23 66 0.126291
6 0 1 24 66 0.0936826
6 0 2 21 95 -1
6 0 2 21 96 0.915113
6 0 2 22 95 0.866739
6 0 2 22 96 -1
6 0 2 23 95 -1
6 0 2 23 96 0.125031
6 0 2 24 95 -1
6 0 2 24 96 -1
6 0 3 21 128 0.525014
6 0 3 21 129 0.386264
6 0 3 21 130 -1
6 0 3 22 128 0.922528
6 0 3 22 129 0.396153
6 0 3 22 130 -1
6 0 3 23 128 0.307676
6 0 3 23 129 0.204472
6 0 3 23 130 -1
6 0 3 24 128 -1
6 0 3 24 129 0.0131105
6 0 3 24 130 0.721611
6 0 4 21 158 -1
6 0 4 21 159 0.827821
6 0 4 22 158 0.788902
6 0 4 22 159 -1
6 0 4 23 158 -1
6 0 4 23 159 0.46565
6 0 4 24 158 -1
6 0 4 24 159 0.226526
6 1 2 66 95 0.203601
6 1 2 66 96 0.796399
6 1 3 66 128 0.675633
6 1 3 66 129 0.792409
6 1 3 66 130 -1
6 1 4 66 158 0.310635
6 1 4 66 159 0.689365
6 2 3 95 128 0.904549
6 2 3 95 129 -1
6 2 3 95 130 -1
6 2 3 96 128 -1
6 2 3 96 129 0.954491
6 2 3 96 130 0.231486
6 2 4 95 158 0.654678
6 2 4 95 159 -1
6 2 4 96 158 -1
6 2 4 96 159 0.71722
6 3 4 128 158 0.521924
6 3 4 128 159 0.478076
6 3 4 129 158 -1
6 3 4 129 159 0.964823
6 3 4 130 158 -1
6 3 4 130 159 -1
7 0 1 25 67 -1
7 0 1 26 67 0.316149
7 0 1 27 67 0.491853
7 0 2 25 97 -1
7 0 2 25 98 -1
7 0 2 26 97 0.849688
7 0 2 26 98 -1
7 0 2 27 97 -1
7 0 2 27 98 0.449479
7 0 3 25 131 -1
7 0 3 26 131 0.888548
7 0 3 27 131 -1
7 0 4 25 160 -1
7 0 4 25 161 -1
7 0 4 26 160 -1
7 0 4 26 161 0.794111
7 0 4 27 160 0.806743
7 0 4 27 161 -1
7 1 2 67 97 0.840944
7 1 2 67 98 -1
7 1 3 67 131 0.499738
7 1 4 67 160 0.120466
7 1 4 67 161 0.788213
7 2 3 97 131 0.991126
7 2 3 98 131 -1
7 2 4 97 160 0.349188
7 2 4 97 161 0.49661
7 2 4 98 160 0.442636
7 2 4 98 161 -1
7 3 4 131 160 -1
7 3 4 131 161 0.902521
8 0 1 28 68 -1
8 0 1 29 68 -1
8 0 1 30 68 0.184254
8 0 1 31 68 0.991016
8 0 2 28 99 -1
8 0 2 28 100 -1
8 0 2 29 99 -1
8 0 2 29 100 0.450316
8 0 2 30 99 0.84161
8 0 2 30 100 -1
8 0 2 31 99 -1
8 0 2 31 100 0.794797
8 0 3 28 132 -1
8 0 3 29 132 -1
8 0 3 30 132 0.869586
8 0 3 31 132 -1
8 0 4 28 162 -1
8 0 4 28 163 -1
8 0 4 29 162 -1
8 0 4 29 163 -1
8 0 4 30 162 -1
8 0 4 30 163 0.913481
8 0 4 31 162 0.874304
8 0 4 31 163 -1
8 1 2 68 99 -1
8 1 2 68 100 0.778427
8 1 3 68 132 -1
8 1 4 68 162 0.702916
8 1 4 68 163 -1
8 2 3 99 132 0.995004
8 2 3 100 132 -1
8 2 4 99 162 -1
8 2 4 99 163 0.64911
8 2 4 100 162 0.569657
8 2 4 100 163 -1
8 3 4 132 162 0.50591
8 3 4 132 163 0.49409
9 0 3 32 133 -1
9 0 3 32 134 -1
9 0 3 33 133 -1
9 0 3 33 134 0.877862
9 0 4 32 164 -1
9 0 4 32 165 0.982033
9 0 4 33 164 -1
9 0 4 33 165 -1
9 3 4 133 164 0.187007
9 3 4 133 165 0.597784
9 3 4 134 164 0.566287
9 3 4 134 165 0.280161
10 0 1 34 69 0.992632
10 0 1 35 69 0.598535
10 0 1 36 69 -1
10 0 1 37 69 -1
10 0 2 34 101 -1
10 0 2 34 102 0.977806
10 0 2 35 101 0.96117
10 0 2 35 102 -1
10 0 2 36 101 -1
10 0 2 36 102 -1
10 0 2 37 101 -1
10 0 2 37 102 -1
10 0 3 34 135 -1
10 0 3 34 136 -0.797648
10 0 3 34 137 0.771388
10 0 3 35 135 -1
10 0 3 35 136 0.763053
10 0 3 35 137 -1
10 0 3 36 135 0.362909
10 0 3 36 136 0.199808
10 0 3 36 137 0.386595
10 0 3 37 135 -1
10 0 3 37 136 0.569467
10 0 3 37 137 -1
10 1 2 69 101 0.48032
10 1 2 69 102 0.51968
10 1 3 69 135 -1
10 1 3 69 136 0.532039
10 1 3 69 137 0.82892
10 2 3 101 135 -1
10 2 3 101 136 0.994438
10 2 3 101 137 -1
10 2 3 102 135 0.269029
10 2 3 102 136 -1
10 2 3 102 137 0.98829
11 0 1 38 70 0.303971
11 0 1 39 70 0.696029
11 0 2 38 103 -1
11 0 2 39 103 -1
11 0 3 38 138 -1
11 0 3 39 138 -1
11 0 4 38 166 0.131617
11 0 4 38 167 -1
11 0 4 39 166 0.484147
11 0 4 39 167 0.477878
11 1 2 70 103 0.647999
11 1 3 70 138 0.0193983
11 1 4 70 166 0.1986
11 1 4 70 167 0.8014
11 2 3 103 138 0.993283
11 2 4 103 166 0.92708
11 2 4 103 167 0.0729204
11 3 4 138 166 0.595514
11 3 4 138 167 0.404486
12 0 1 40 71 0.400474
12 0 1 40 72 -1
12 0 1 40 73 -1
12 0 1 41 71 0.170236
12 0 1 41 72 0.335699
12 0 1 41 73 0.273848
12 0 1 42 71 0.229282
12 0 1 42 72 -1
12 0 1 42 73 0.939888
12 0 2 40 104 0.931256
12 0 2 40 105 -1
12 0 2 41 104 -1
12 0 2 41 105 0.281165
12 0 2 42 104 -1
12 0 2 42 105 0.976979
12 0 3 40 139 0.959234
12 0 3 40 140 -1
12 0 3 41 139 -1
12 0 3 41 140 0.755856
12 0 3 42 139 -1
12 0 3 42 140 -1
12 0 4 40 168 0.290672
12 0 4 41 168 0.259567
12 0 4 42 168 0.449761
12 1 2 71 104 0.990135
12 1 2 71 105 -1
12 1 2 72 104 -1
12 1 2 72 105 -1
12 1 2 73 104 -1
12 1 2 73 105 0.963826
12 1 3 71 139 0.959928
12 1 3 71 140 -1
12 1 3 72 139 -1
12 1 3 72 140 -1
12 1 3 73 139 -1
12 1 3 73 140 -1
12 1 4 71 168 -1
12 1 4 72 168 -1
12 1 4 73 168 0.950315
12 2 3 104 139 0.985895
12 2 3 104 140 -1
12 2 3 105 139 -1
12 2 3 105 140 -1
12 2 4 104 168 -1
12 2 4 105 168 0.950423
12 3 4 139 168 0.441744
12 3 4 140 168 -1
13 0 1 43 74 -1
13 0 1 43 75 -1
13 0 1 44 74 -1
13 0 1 44 75 -1
13 0 1 45 74 0.780307
13 0 1 45 75 -1
13 0 1 46 74 0.312985
13 0 1 46 75 0.607462
13 0 2 43 106 -1
13 0 2 43 107 -1
13 0 2 44 106 -1
13 0 2 44 107 0.443229
13 0 2 45 106 0.915046
13 0 2 45 107 -1
13 0 2 46 106 -1
13 0 2 46 107 0.720448
13 0 3 43 141 -1
13 0 3 44 141 -1
13 0 3 45 141 0.844093
13 0 3 46 141 -1
13 0 4 43 169 -1
13 0 4 43 170 -1
13 0 4 44 169 -1
13 0 4 44 170 -1
13 0 4 45 169 -1
13 0 4 45 170 0.906114
13 0 4 46 169 0.684758
13 0 4 46 170 -1
13 1 2 74 106 0.664445
13 1 2 74 107 -1
13 1 2 75 106 -1
13 1 2 75 107 0.789336
13 1 3 74 141 0.996113
13 1 3 75 141 -1
13 1 4 74 169 -1
13 1 4 74 170 0.351248
13 1 4 75 169 0.820637
13 1 4 75 170 -1
13 2 3 106 141 0.93295
13 2 3 107 141 -1
13 2 4 106 169 0.275356
13 2 4 106 170 0.348631
13 2 4 107 169 0.344468
13 2 4 107 170 0.274537
13 3 4 141 169 -1
13 3 4 141 170 0.770373
14 0 1 47 76 -1
14 0 1 48 76 -1
14 0 1 49 76 -1
14 0 1 50 76 0.899958
14 0 2 47 108 -1
14 0 2 47 109 -1
14 0 2 48 108 -1
14 0 2 48 109 0.586252
14 0 2 49 108 0.990888
14 0 2 49 109 -1
14 0 2 50 108 -1
14 0 2 50 109 0.849128
14 0 3 47 142 -1
14 0 3 48 142 -1
14 0 3 49 142 0.911428
14 0 3 50 142 -1
14 0 4 47 171 -1
14 0 4 47 172 -1
14 0 4 48 171 -1
14 0 4 48 172 -1
14 0 4 49 171 -1
14 0 4 49 172 0.790813
14 0 4 50 171 0.889578
14 0 4 50 172 -1
14 1 2 76 108 -1
14 1 2 76 109 0.87906
14 1 3 76 142 -1
14 1 4 76 171 0.737995
14 1 4 76 172 -1
14 2 3 108 142 0.902043
14 2 3 109 142 -1
14 2 4 108 171 -1
14 2 4 108 172 0.873299
14 2 4 109 171 0.811897
14 2 4 109 172 -1
14 3 4 142 171 0.121683
14 3 4 142 172 0.811155
15 0 1 51 77 0.111333
15 0 1 52 77 0.698001
15 0 2 51 110 -1
15 0 2 52 110 -1
15 0 3 51 143 -1
15 0 3 52 143 -1
15 0 4 51 173 -1
15 0 4 51 174 -1
15 0 4 52 173 0.2436
15 0 4 52 174 0.7564
15 1 2 77 110 0.483318
15 1 3 77 143 -1
15 1 4 77 173 0.239943
15 1 4 77 174 0.760057
15 2 3 110 143 0.976461
15 2 4 110 173 0.925848
15 2 4 110 174 0.0741524
15 3 4 143 173 0.564426
15 3 4 143 174 0.435574
16 0 1 53 78 0.683331
16 0 1 53 79 -1
16 0 1 54 78 -1
16 0 1 54 79 -1
16 0 1 55 78 -1
16 0 1 55 79 0.682151
16 0 2 53 111 -1
16 0 2 53 112 0.199187
16 0 2 54 111 0.963244
16 0 2 54 112 -1
16 0 2 55 111 -1
16 0 2 55 112 0.890979
16 0 3 53 144 -1
16 0 3 54 144 0.877985
16 0 3 55 144 -1
16 0 4 53 175 -1
16 0 4 54 175 -1
16 0 4 55 175 0.854928
16 1 2 78 111 -1
16 1 2 78 112 -1
16 1 2 79 111 -1
16 1 2 79 112 0.870449
16 1 3 78 144 -1
16 1 3 79 144 -1
16 1 4 78 175 -1
16 1 4 79 175 0.981384
16 2 3 111 144 0.977067
16 2 3 112 144 -1
16 2 4 111 175 -1
16 2 4 112 175 0.895968
16 3 4 144 175 0.180296
17 0 1 56 80 -1
17 0 1 57 80 0.52194
17 0 2 56 113 -1
17 0 2 56 114 0.903844
17 0 2 57 113 0.888043
17 0 2 57 114 -1
17 0 4 56 176 -1
17 0 4 56 177 -1
17 0 4 57 176 -1
17 0 4 57 177 0.935451
17 1 2 80 113 -1
17 1 2 80 114 0.963855
17 1 4 80 176 0.873978
17 1 4 80 177 -1
17 2 4 113 176 -1
17 2 4 113 177 0.953142
17 2 4 114 176 0.782077
17 2 4 114 177 -1
18 0 1 58 81 -1
18 0 1 58 82 -1
18 0 1 59 81 0.131422
18 0 1 59 82 -1
18 0 2 58 115 -1
18 0 2 58 116 -1
18 0 2 59 115 0.797476
18 0 2 59 116 -1
18 0 3 58 145 -1
18 0 3 59 145 0.727986
18 0 4 58 178 -1
18 0 4 58 179 -1
18 0 4 59 178 -1
18 0 4 59 179 0.76306
18 1 2 81 115 0.0484502
18 1 2 81 116 -1
18 1 2 82 115 -1
18 1 2 82 116 0.70289
18 1 3 81 145 0.628096
18 1 3 82 145 -1
18 1 4 81 178 -1
18 1 4 81 179 -1
18 1 4 82 178 0.618513
18 1 4 82 179 0.219366
18 2 3 115 145 0.930044
18 2 3 116 145 -1
18 2 4 115 178 0.273363
18 2 4 115 179 0.2966
18 2 4 116 178 0.295179
18 2 4 116 179 0.270178
18 3 4 145 178 -1
18 3 4 145 179 0.95255
end of Frame 93
