J OverallIdx viewIdx joint种类0-18(jointIdx) 该joint在图中的顺序(candidix) x y score
0 0 0 0 546.889 394.262 0.723998
1 0 0 1 344.806 423.829 0.605641
2 0 1 0 347.671 210.8 0.916294
3 0 1 1 549.606 221.413 0.879966
4 0 2 0 507.691 392.218 0.689554
5 0 2 1 378.614 421.763 0.593976
6 0 3 0 577.687 394.277 0.691423
7 0 3 1 302.803 421.731 0.604996
8 0 4 0 507.66 147.647 0.884764
9 0 5 0 395.545 212.974 0.837396
10 0 5 1 504.636 223.528 0.864446
11 0 6 0 294.435 204.529 0.789982
12 0 6 1 594.611 217.18 0.841663
13 0 7 0 507.583 525.048 0.790568
14 0 7 1 361.705 582.019 0.767962
15 0 8 0 594.447 529.252 0.842198
16 0 8 1 280.303 582.059 0.765882
17 0 9 0 364.507 137.04 0.794876
18 0 10 0 299.95 137.037 0.843529
19 0 10 1 555.261 145.503 0.889545
20 0 11 0 482.431 311.982 0.834462
21 0 11 1 434.636 326.886 0.915355
22 0 12 0 639.558 297.399 0.874693
23 0 12 1 277.693 328.882 0.90429
24 0 13 0 507.57 632.665 0.861914
25 0 13 1 350.494 733.818 0.713425
26 0 14 0 614.197 649.51 0.84106
27 0 14 1 291.611 750.677 0.682744
28 0 15 0 457.154 377.471 0.828953
29 0 15 1 386.992 388.014 0.526195
30 0 16 0 622.593 373.272 0.819227
31 0 16 1 257.912 411.183 0.835274
32 0 17 0 628.145 685.399 0.729187
33 0 17 1 235.665 750.669 0.611335
34 0 18 0 451.469 649.545 0.756811
35 1 0 0 145.723 379.577 0.51133
36 1 0 1 591.686 385.878 0.298814
37 1 0 2 389.859 459.7 0.505836
38 1 1 0 372.944 168.666 0.736609
39 1 1 1 145.823 181.326 0.6934
40 1 1 2 591.665 227.732 0.180084
41 1 2 0 142.977 381.663 0.619257
42 1 2 1 580.474 385.878 0.245263
43 1 2 2 431.894 457.582 0.474899
44 1 3 0 148.627 379.563 0.414236
45 1 3 1 597.315 388.026 0.497791
46 1 3 2 347.793 461.801 0.480683
47 1 4 0 216.047 134.972 0.839076
48 1 4 1 546.749 193.984 0.838171
49 1 5 0 403.856 174.938 0.735993
50 1 5 1 131.793 179.335 0.790556
51 1 5 2 572.079 227.836 0.20516
52 1 6 0 344.854 162.348 0.678104
53 1 6 1 162.619 181.381 0.601577
54 1 6 2 614.066 227.713 0.61742
55 1 7 0 569.23 510.312 0.217853
56 1 7 1 168.234 531.499 0.810492
57 1 7 2 485.279 634.693 0.715845
58 1 8 0 586.122 514.559 0.55635
59 1 8 1 165.383 533.469 0.587182
60 1 8 2 406.672 630.505 0.704348
61 1 9 0 437.409 61.2578 0.890219
62 1 9 1 168.164 122.291 0.881567
63 1 10 0 572.229 179.299 0.872959
64 1 11 0 117.797 288.85 0.765322
65 1 11 1 493.614 318.446 0.774816
66 1 12 0 619.895 318.381 0.66067
67 1 13 0 583.325 615.722 0.165479
68 1 13 1 100.902 697.94 0.776756
69 1 13 2 401.009 765.464 0.356163
70 1 14 0 616.872 630.454 0.453093
71 1 14 1 137.375 674.813 0.650499
72 1 14 2 375.849 765.487 0.39197
73 1 15 0 583.256 244.709 0.746012
74 1 15 1 193.534 362.667 0.870873
75 1 16 0 577.706 381.637 0.761076
76 1 17 0 199.147 683.31 0.673368
77 1 18 0 168.201 729.56 0.721923
78 2 0 0 409.373 278.348 0.733081
79 2 0 1 619.863 364.777 0.780544
80 2 0 2 485.198 744.352 0.587893
81 2 1 0 400.994 126.518 0.8231
82 2 1 1 639.521 215.078 0.888729
83 2 1 2 485.275 510.336 0.825552
84 2 2 0 389.848 280.456 0.743595
85 2 2 1 594.582 360.585 0.776298
86 2 2 2 546.739 748.565 0.487949
87 2 3 0 423.503 276.267 0.687423
88 2 3 1 650.658 369.023 0.707993
89 2 3 2 437.413 738.057 0.591123
90 2 4 0 443.104 75.8315 0.911985
91 2 4 1 594.569 179.198 0.925735
92 2 5 0 370.046 139.133 0.787052
93 2 5 1 594.421 206.648 0.856525
94 2 5 2 574.852 527.117 0.77213
95 2 6 0 437.397 115.961 0.744044
96 2 6 1 687.169 227.778 0.855666
97 2 6 2 401.057 493.463 0.805164
98 2 7 0 378.617 385.91 0.697996
99 2 7 1 583.357 478.71 0.804798
100 2 8 0 415.111 362.671 0.83117
101 2 8 1 642.148 478.614 0.839337
102 2 9 0 395.411 71.6661 0.885446
103 2 9 1 571.987 400.701 0.795067
104 2 10 0 653.425 164.458 0.867327
105 2 10 1 462.753 381.625 0.68453
106 2 11 0 347.747 227.719 0.97081
107 2 11 1 575.035 263.641 0.846666
108 2 11 2 616.931 685.311 0.616824
109 2 12 0 423.428 181.393 0.553023
110 2 12 1 712.282 318.377 0.859882
111 2 12 2 370.034 619.938 0.764711
112 2 13 0 370.139 476.59 0.770596
113 2 13 1 591.733 581.991 0.606264
114 2 14 0 412.169 423.851 0.772052
115 2 14 1 656.245 571.43 0.792707
116 2 15 0 373.008 299.491 0.870988
117 2 15 1 569.206 322.616 0.606394
118 2 16 0 448.678 225.668 0.782541
119 2 16 1 661.972 379.542 0.947031
120 2 16 2 370.134 700.064 0.859447
121 2 17 0 429.096 428.094 0.278235
122 2 17 1 636.502 598.923 0.641804
123 3 0 0 552.599 350.094 0.730332
124 3 0 1 255.181 377.444 0.711016
125 3 0 2 953.601 409.092 0.53926
126 3 1 0 961.879 160.353 0.768618
127 3 1 1 243.992 191.858 0.708441
128 3 1 2 544.008 194.05 0.905261
129 3 2 0 527.075 354.28 0.711918
130 3 2 1 260.9 379.484 0.689541
131 3 2 2 998.335 402.765 0.540529
132 3 3 0 591.689 350.009 0.751723
133 3 3 1 238.398 375.355 0.645337
134 3 3 2 914.18 413.294 0.511264
135 3 4 0 308.441 124.411 0.870235
136 3 4 1 538.485 143.43 0.898767
137 3 5 0 1029.2 156.033 0.643792
138 3 5 1 493.526 196.187 0.828485
139 3 5 2 257.856 193.957 0.834847
140 3 6 0 905.705 164.504 0.712815
141 3 6 1 235.475 187.697 0.614978
142 3 6 2 591.788 191.93 0.904132
143 3 7 0 529.983 482.851 0.830543
144 3 7 1 280.384 514.51 0.746344
145 3 7 2 975.777 563.023 0.708234
146 3 8 0 600.181 474.493 0.77098
147 3 8 1 252.407 497.623 0.739416
148 3 8 2 908.591 588.303 0.746906
149 3 9 0 956.411 65.3893 0.415296
150 3 9 1 260.836 124.39 0.89209
151 3 9 2 507.541 128.631 0.805926
152 3 10 0 883.336 73.836 0.828466
153 3 10 1 569.259 126.605 0.798266
154 3 11 0 460.036 278.445 0.930735
155 3 11 1 258.105 297.416 0.900971
156 3 12 0 611.305 274.075 0.81238
157 3 12 1 889.048 314.167 0.645273
158 3 13 0 546.827 584.098 0.836011
159 3 13 1 280.282 647.417 0.770193
160 3 13 2 1029.2 702.234 0.653257
161 3 14 0 608.492 569.404 0.786683
162 3 14 1 229.964 598.908 0.450781
163 3 14 2 931.149 754.953 0.710489
164 3 15 0 499.134 345.787 0.873607
165 3 15 1 322.556 377.446 0.911845
166 3 16 0 600.231 341.588 0.812968
167 3 16 1 852.538 444.951 0.742715
168 3 17 0 616.98 601.028 0.841428
169 3 17 1 866.551 746.466 0.593405
170 3 18 0 569.178 615.783 0.818176
171 3 18 1 342.131 674.81 0.730067
172 3 18 2 975.971 716.903 0.200141
173 4 0 0 751.569 240.417 0.563296
174 4 0 1 1001.2 257.244 0.72024
175 4 0 2 633.756 343.691 0.530927
176 4 1 0 1029.21 107.506 0.861156
177 4 1 1 633.798 124.36 0.854807
178 4 1 2 768.424 124.46 0.795933
179 4 2 0 729.053 238.29 0.465927
180 4 2 1 978.662 248.867 0.738806
181 4 2 2 681.347 343.693 0.531488
182 4 3 0 774.027 242.519 0.742049
183 4 3 1 1029.21 261.402 0.688567
184 4 3 2 588.845 343.69 0.527551
185 4 4 0 970.348 56.9397 0.893552
186 4 4 1 759.956 86.4534 0.782441
187 4 5 0 998.402 107.558 0.783364
188 4 5 1 703.874 126.451 0.812893
189 4 6 0 1029.21 107.471 0.442707
190 4 6 1 796.58 124.436 0.871711
191 4 6 2 566.457 118.127 0.782885
192 4 7 0 964.727 360.591 0.837606
193 4 7 1 681.436 527.126 0.753678
194 4 8 0 768.29 328.872 0.768623
195 4 8 1 1001.31 364.812 0.802919
196 4 8 2 569.219 527.116 0.739807
197 4 9 0 664.628 54.7976 0.745508
198 4 9 1 748.771 80.1383 0.222004
199 4 10 0 594.566 46.4389 0.689397
200 4 10 1 1029.2 46.4274 0.867102
201 4 10 2 790.821 80.1701 0.660702
202 4 11 0 995.524 177.154 0.843685
203 4 11 1 731.918 244.558 0.910528
204 4 12 0 830.047 170.814 0.805859
205 4 12 1 524.413 234.045 0.849604
206 4 13 0 995.404 446.957 0.826364
207 4 13 1 687.159 662.107 0.809758
208 4 14 0 773.876 411.139 0.836694
209 4 14 1 1003.97 476.574 0.700265
210 4 14 2 555.253 668.435 0.759752
211 4 15 0 950.585 227.689 0.883398
212 4 15 1 737.575 326.845 0.796594
213 4 16 0 779.67 160.244 0.826985
214 4 16 1 513.188 318.423 0.790604
215 4 17 0 751.521 430.262 0.756288
216 4 17 1 973.115 495.492 0.711136
217 4 17 2 504.755 660.049 0.709979
218 4 18 0 953.564 472.313 0.798695
219 4 18 1 737.54 647.376 0.779471
P viewIdx, pafIdx, aOverAllIdx, bOverAllIdx, CandidAIdx, CandidBIdx, score
0 0 2 0 0 0 0
0 0 2 1 0 1 0.987896
0 0 3 0 1 0 0.988712
0 0 3 1 1 1 0
0 1 4 13 0 0 0.983478
0 1 4 14 0 1 0
0 1 5 13 1 0 0
0 1 5 14 1 1 0.971731
0 2 13 24 0 0 0.999114
0 2 13 25 0 1 0
0 2 14 24 1 0 0
0 2 14 25 1 1 0.996951
0 3 0 4 0 0 0.935409
0 3 0 5 0 1 0
0 3 1 4 1 0 0
0 3 1 5 1 1 0.888874
0 4 0 6 0 0 0.93397
0 4 0 7 0 1 0
0 4 1 6 1 0 0
0 4 1 7 1 1 0.894132
0 5 6 15 0 0 0.985898
0 5 6 16 0 1 0
0 5 7 15 1 0 0
0 5 7 16 1 1 0.98378
0 6 15 26 0 0 0.995766
0 6 15 27 0 1 0
0 6 16 26 1 0 0
0 6 16 27 1 1 0.990375
0 7 2 9 0 0 0.996697
0 7 2 10 0 1 0
0 7 3 9 1 0 0
0 7 3 10 1 1 0.986573
0 8 9 20 0 0 0.253031
0 8 9 21 0 1 0.516558
0 8 10 20 1 0 0.516708
0 8 10 21 1 1 0
0 9 20 28 0 0 0.270948
0 9 20 29 0 1 0.258842
0 9 21 28 1 0 0.258667
0 9 21 29 1 1 0.27112
0 10 9 17 0 0 0.999978
0 10 10 17 1 0 0
0 11 2 11 0 0 0.995487
0 11 2 12 0 1 0
0 11 3 11 1 0 0
0 11 3 12 1 1 0.978863
0 12 11 22 0 0 0
0 12 11 23 0 1 0.985501
0 12 12 22 1 0 0.998322
0 12 12 23 1 1 0
0 13 22 30 0 0 0.959687
0 13 22 31 0 1 0
0 13 23 30 1 0 0
0 13 23 31 1 1 0.984924
0 14 11 18 0 0 0.991493
0 14 11 19 0 1 0
0 14 12 18 1 0 0
0 14 12 19 1 1 0.995836
0 15 2 8 0 0 0
0 15 3 8 1 0 0.9941
0 16 26 32 0 0 0.9913
0 16 26 33 0 1 0
0 16 27 32 1 0 0
0 16 27 33 1 1 0.886836
0 17 24 34 0 0 0.934018
0 17 25 34 1 0 0
1 0 38 35 0 0 0
1 0 38 36 0 1 0
1 0 38 37 0 2 0.962333
1 0 39 35 1 0 0.916315
1 0 39 36 1 1 0
1 0 39 37 1 2 0
1 0 40 35 2 0 0
1 0 40 36 2 1 0.7931
1 0 40 37 2 2 0
1 1 41 55 0 0 0
1 1 41 56 0 1 0.978392
1 1 41 57 0 2 0
1 1 42 55 1 0 0.783938
1 1 42 56 1 1 0
1 1 42 57 1 2 0
1 1 43 55 2 0 0
1 1 43 56 2 1 0
1 1 43 57 2 2 0.961525
1 2 55 67 0 0 0.727246
1 2 55 68 0 1 0
1 2 55 69 0 2 0
1 2 56 67 1 0 0
1 2 56 68 1 1 0.967888
1 2 56 69 1 2 0
1 2 57 67 2 0 0
1 2 57 68 2 1 0
1 2 57 69 2 2 0.934201
1 3 35 41 0 0 0.778086
1 3 35 42 0 1 0
1 3 35 43 0 2 0
1 3 36 41 1 0 0
1 3 36 42 1 1 0.710149
1 3 36 43 1 2 0
1 3 37 41 2 0 0
1 3 37 42 2 1 0
1 3 37 43 2 2 0.842659
1 4 35 44 0 0 0.779818
1 4 35 45 0 1 0
1 4 35 46 0 2 0
1 4 36 44 1 0 0
1 4 36 45 1 1 0.719898
1 4 36 46 1 2 0
1 4 37 44 2 0 0
1 4 37 45 2 1 0
1 4 37 46 2 2 0.845694
1 5 44 58 0 0 0
1 5 44 59 0 1 0.906042
1 5 44 60 0 2 0
1 5 45 58 1 0 0.934266
1 5 45 59 1 1 0
1 5 45 60 1 2 0
1 5 46 58 2 0 0
1 5 46 59 2 1 0
1 5 46 60 2 2 0.980974
1 6 58 70 0 0 0.919643
1 6 58 71 0 1 0
1 6 58 72 0 2 0
1 6 59 70 1 0 0
1 6 59 71 1 1 0.953358
1 6 59 72 1 2 0
1 6 60 70 2 0 0
1 6 60 71 2 1 0
1 6 60 72 2 2 0.941775
1 7 38 49 0 0 0.974517
1 7 38 50 0 1 0
1 7 38 51 0 2 0
1 7 39 49 1 0 0
1 7 39 50 1 1 0.90755
1 7 39 51 1 2 0
1 7 40 49 2 0 0
1 7 40 50 2 1 0
1 7 40 51 2 2 0.746847
1 8 49 64 0 0 0
1 8 49 65 0 1 0.99822
1 8 50 64 1 0 0.978476
1 8 50 65 1 1 0
1 8 51 64 2 0 0
1 8 51 65 2 1 0
1 9 64 73 0 0 0
1 9 64 74 0 1 0.995971
1 9 65 73 1 0 0.933563
1 9 65 74 1 1 0
1 10 49 61 0 0 0.968068
1 10 49 62 0 1 0
1 10 50 61 1 0 0
1 10 50 62 1 1 0.969455
1 10 51 61 2 0 0
1 10 51 62 2 1 0
1 11 38 52 0 0 0.965036
1 11 38 53 0 1 0
1 11 38 54 0 2 0
1 11 39 52 1 0 0
1 11 39 53 1 1 0.901922
1 11 39 54 1 2 0
1 11 40 52 2 0 0
1 11 40 53 2 1 0
1 11 40 54 2 2 0.740229
1 12 52 66 0 0 0
1 12 53 66 1 0 0
1 12 54 66 2 0 0.950535
1 13 66 75 0 0 0.875217
1 14 52 63 0 0 0
1 14 53 63 1 0 0
1 14 54 63 2 0 0.968045
1 15 38 47 0 0 0
1 15 38 48 0 1 0
1 15 39 47 1 0 0.900388
1 15 39 48 1 1 0
1 15 40 47 2 0 0
1 15 40 48 2 1 0.775672
1 16 70 76 0 0 0
1 16 71 76 1 0 0.92949
1 16 72 76 2 0 0
1 17 67 77 0 0 0
1 17 68 77 1 0 0.981424
1 17 69 77 2 0 0
2 0 81 78 0 0 0.980046
2 0 81 79 0 1 0
2 0 81 80 0 2 0
2 0 82 78 1 0 0
2 0 82 79 1 1 0.950388
2 0 82 80 1 2 0
2 0 83 78 2 0 0
2 0 83 79 2 1 0
2 0 83 80 2 2 0.973951
2 1 84 98 0 0 0.94881
2 1 84 99 0 1 0
2 1 85 98 1 0 0
2 1 85 99 1 1 0.981442
2 1 86 98 2 0 0
2 1 86 99 2 1 0
2 2 98 112 0 0 0.989921
2 2 98 113 0 1 0
2 2 99 112 1 0 0
2 2 99 113 1 1 0.973485
2 3 78 84 0 0 0.927828
2 3 78 85 0 1 0
2 3 78 86 0 2 0
2 3 79 84 1 0 0
2 3 79 85 1 1 0.964523
2 3 79 86 1 2 0
2 3 80 84 2 0 0
2 3 80 85 2 1 0
2 3 80 86 2 2 0.893808
2 4 78 87 0 0 0.923947
2 4 78 88 0 1 0
2 4 78 89 0 2 0
2 4 79 87 1 0 0
2 4 79 88 1 1 0.961064
2 4 79 89 1 2 0
2 4 80 87 2 0 0
2 4 80 88 2 1 0
2 4 80 89 2 2 0.911666
2 5 87 100 0 0 0.983594
2 5 87 101 0 1 0
2 5 88 100 1 0 0
2 5 88 101 1 1 0.994487
2 5 89 100 2 0 0
2 5 89 101 2 1 0
2 6 100 114 0 0 0.984435
2 6 100 115 0 1 0
2 6 101 114 1 0 0
2 6 101 115 1 1 0.998993
2 7 81 92 0 0 0.967629
2 7 81 93 0 1 0
2 7 81 94 0 2 0
2 7 82 92 1 0 0
2 7 82 93 1 1 0.998504
2 7 82 94 1 2 0
2 7 83 92 2 0 0
2 7 83 93 2 1 0
2 7 83 94 2 2 0.991018
2 8 92 106 0 0 0.990076
2 8 92 107 0 1 0
2 8 92 108 0 2 0
2 8 93 106 1 0 0
2 8 93 107 1 1 0.964651
2 8 93 108 1 2 0
2 8 94 106 2 0 0
2 8 94 107 2 1 0
2 8 94 108 2 2 0.974565
2 9 106 116 0 0 0.990976
2 9 106 117 0 1 0
2 9 107 116 1 0 0
2 9 107 117 1 1 0.95911
2 9 108 116 2 0 0
2 9 108 117 2 1 0
2 10 92 102 0 0 0.987185
2 10 92 103 0 1 0
2 10 93 102 1 0 0
2 10 93 103 1 1 0
2 10 94 102 2 0 0
2 10 94 103 2 1 0.945208
2 11 81 95 0 0 0.96584
2 11 81 96 0 1 0
2 11 81 97 0 2 0
2 11 82 95 1 0 0
2 11 82 96 1 1 0.998233
2 11 82 97 1 2 0
2 11 83 95 2 0 0
2 11 83 96 2 1 0
2 11 83 97 2 2 0.995074
2 12 95 109 0 0 0.924167
2 12 95 110 0 1 0
2 12 95 111 0 2 0
2 12 96 109 1 0 0
2 12 96 110 1 1 0.987201
2 12 96 111 1 2 0
2 12 97 109 2 0 0
2 12 97 110 2 1 0
2 12 97 111 2 2 0.977254
2 13 109 118 0 0 0.96668
2 13 109 119 0 1 0
2 13 109 120 0 2 0
2 13 110 118 1 0 0
2 13 110 119 1 1 0.965006
2 13 110 120 1 2 0
2 13 111 118 2 0 0
2 13 111 119 2 1 0
2 13 111 120 2 2 0.999367
2 14 95 104 0 0 0
2 14 95 105 0 1 0
2 14 96 104 1 0 0.994057
2 14 96 105 1 1 0
2 14 97 104 2 0 0
2 14 97 105 2 1 0.890239
2 15 81 90 0 0 0.96615
2 15 81 91 0 1 0
2 15 82 90 1 0 0
2 15 82 91 1 1 0.990416
2 15 83 90 2 0 0
2 15 83 91 2 1 0
2 16 114 121 0 0 0.847943
2 16 114 122 0 1 0
2 16 115 121 1 0 0
2 16 115 122 1 1 0.925168
3 0 126 123 0 0 0
3 0 126 124 0 1 0
3 0 126 125 0 2 0.952711
3 0 127 123 1 0 0
3 0 127 124 1 1 0.948997
3 0 127 125 1 2 0
3 0 128 123 2 0 0.990601
3 0 128 124 2 1 0
3 0 128 125 2 2 0
3 1 129 143 0 0 0.998022
3 1 129 144 0 1 0
3 1 129 145 0 2 0
3 1 130 143 1 0 0
3 1 130 144 1 1 0.963928
3 1 130 145 1 2 0
3 1 131 143 2 0 0
3 1 131 144 2 1 0
3 1 131 145 2 2 0.975404
3 2 143 158 0 0 0.99997
3 2 143 159 0 1 0
3 2 143 160 0 2 0
3 2 144 158 1 0 0
3 2 144 159 1 1 0.996336
3 2 144 160 1 2 0
3 2 145 158 2 0 0
3 2 145 159 2 1 0
3 2 145 160 2 2 0.990621
3 3 123 129 0 0 0.911855
3 3 123 130 0 1 0
3 3 123 131 0 2 0
3 3 124 129 1 0 0
3 3 124 130 1 1 0.899251
3 3 124 131 1 2 0
3 3 125 129 2 0 0
3 3 125 130 2 1 0
3 3 125 131 2 2 0.861299
3 4 123 132 0 0 0.921868
3 4 123 133 0 1 0
3 4 123 134 0 2 0
3 4 124 132 1 0 0
3 4 124 133 1 1 0.900242
3 4 124 134 1 2 0
3 4 125 132 2 0 0
3 4 125 133 2 1 0
3 4 125 134 2 2 0.871921
3 5 132 146 0 0 0.998139
3 5 132 147 0 1 0
3 5 132 148 0 2 0
3 5 133 146 1 0 0
3 5 133 147 1 1 0.968387
3 5 133 148 1 2 0
3 5 134 146 2 0 0
3 5 134 147 2 1 0
3 5 134 148 2 2 0.969541
3 6 146 161 0 0 0.976639
3 6 146 162 0 1 0
3 6 146 163 0 2 0
3 6 147 161 1 0 0
3 6 147 162 1 1 0.963519
3 6 147 163 1 2 0
3 6 148 161 2 0 0
3 6 148 162 2 1 0
3 6 148 163 2 2 0.975418
3 7 126 137 0 0 0.962988
3 7 126 138 0 1 0
3 7 126 139 0 2 0
3 7 127 137 1 0 0
3 7 127 138 1 1 0
3 7 127 139 1 2 0.888891
3 7 128 137 2 0 0
3 7 128 138 2 1 0.999523
3 7 128 139 2 2 0
3 8 137 154 0 0 0
3 8 137 155 0 1 0
3 8 138 154 1 0 0.969535
3 8 138 155 1 1 0
3 8 139 154 2 0 0
3 8 139 155 2 1 0.992663
3 9 154 164 0 0 0.985215
3 9 154 165 0 1 0
3 9 155 164 1 0 0
3 9 155 165 1 1 0.988287
3 10 137 149 0 0 0.851851
3 10 137 150 0 1 0
3 10 137 151 0 2 0
3 10 138 149 1 0 0
3 10 138 150 1 1 0
3 10 138 151 1 2 0.967727
3 10 139 149 2 0 0
3 10 139 150 2 1 0.996652
3 10 139 151 2 2 0
3 11 126 140 0 0 0.945591
3 11 126 141 0 1 0
3 11 126 142 0 2 0
3 11 127 140 1 0 0
3 11 127 141 1 1 0.887564
3 11 127 142 1 2 0
3 11 128 140 2 0 0
3 11 128 141 2 1 0
3 11 128 142 2 2 0.997443
3 12 140 156 0 0 0
3 12 140 157 0 1 0.959857
3 12 141 156 1 0 0
3 12 141 157 1 1 0
3 12 142 156 2 0 0.987545
3 12 142 157 2 1 0
3 13 156 166 0 0 0.975353
3 13 156 167 0 1 0
3 13 157 166 1 0 0
3 13 157 167 1 1 0.958396
3 14 140 152 0 0 0.990514
3 14 140 153 0 1 0
3 14 141 152 1 0 0
3 14 141 153 1 1 0
3 14 142 152 2 0 0
3 14 142 153 2 1 0.983107
3 15 126 135 0 0 0
3 15 126 136 0 1 0
3 15 127 135 1 0 0.929841
3 15 127 136 1 1 0
3 15 128 135 2 0 0
3 15 128 136 2 1 0.97937
3 16 161 168 0 0 0.986086
3 16 161 169 0 1 0
3 16 162 168 1 0 0
3 16 162 169 1 1 0
3 16 163 168 2 0 0
3 16 163 169 2 1 0.890569
3 17 158 170 0 0 0.998169
3 17 158 171 0 1 0
3 17 158 172 0 2 0
3 17 159 170 1 0 0
3 17 159 171 1 1 0.97856
3 17 159 172 1 2 0
3 17 160 170 2 0 0
3 17 160 171 2 1 0
3 17 160 172 2 2 0.749858
4 0 176 173 0 0 0
4 0 176 174 0 1 0.955786
4 0 176 175 0 2 0
4 0 177 173 1 0 0
4 0 177 174 1 1 0
4 0 177 175 1 2 0.983266
4 0 178 173 2 0 0.937234
4 0 178 174 2 1 0
4 0 178 175 2 2 0
4 1 179 192 0 0 0
4 1 179 193 0 1 0.468222
4 1 180 192 1 0 0.983177
4 1 180 193 1 1 0
4 1 181 192 2 0 0
4 1 181 193 2 1 0.531778
4 2 192 206 0 0 0.998985
4 2 192 207 0 1 0
4 2 193 206 1 0 0
4 2 193 207 1 1 0.994148
4 3 173 179 0 0 0.885417
4 3 173 180 0 1 0
4 3 173 181 0 2 0
4 3 174 179 1 0 0
4 3 174 180 1 1 0.950348
4 3 174 181 1 2 0
4 3 175 179 2 0 0
4 3 175 180 2 1 0
4 3 175 181 2 2 0.866233
4 4 173 182 0 0 0.899163
4 4 173 183 0 1 0
4 4 173 184 0 2 0
4 4 174 182 1 0 0
4 4 174 183 1 1 0.965337
4 4 174 184 1 2 0
4 4 175 182 2 0 0
4 4 175 183 2 1 0
4 4 175 184 2 2 0.870033
4 5 182 194 0 0 0.986223
4 5 182 195 0 1 0
4 5 182 196 0 2 0
4 5 183 194 1 0 0
4 5 183 195 1 1 0.959585
4 5 183 196 1 2 0
4 5 184 194 2 0 0
4 5 184 195 2 1 0
4 5 184 196 2 2 0.982763
4 6 194 208 0 0 0.988987
4 6 194 209 0 1 0
4 6 194 210 0 2 0
4 6 195 208 1 0 0
4 6 195 209 1 1 0.929834
4 6 195 210 1 2 0
4 6 196 208 2 0 0
4 6 196 209 2 1 0
4 6 196 210 2 2 0.983008
4 7 176 187 0 0 0.970432
4 7 176 188 0 1 0
4 7 177 187 1 0 0
4 7 177 188 1 1 0.987182
4 7 178 187 2 0 0
4 7 178 188 2 1 0
4 8 187 202 0 0 0.955285
4 8 187 203 0 1 0
4 8 188 202 1 0 0
4 8 188 203 1 1 0.990933
4 9 202 211 0 0 0.966449
4 9 202 212 0 1 0
4 9 203 211 1 0 0
4 9 203 212 1 1 0.998709
4 10 187 197 0 0 0
4 10 187 198 0 1 0
4 10 188 197 1 0 0.567055
4 10 188 198 1 1 0.432945
4 11 176 189 0 0 0.684255
4 11 176 190 0 1 0
4 11 176 191 0 2 0
4 11 177 189 1 0 0
4 11 177 190 1 1 0
4 11 177 191 1 2 0.984673
4 11 178 189 2 0 0
4 11 178 190 2 1 0.980782
4 11 178 191 2 2 0
4 12 189 204 0 0 0
4 12 189 205 0 1 0
4 12 190 204 1 0 0.997359
4 12 190 205 1 1 0
4 12 191 204 2 0 0
4 12 191 205 2 1 0.984552
4 13 204 213 0 0 0.990152
4 13 204 214 0 1 0
4 13 205 213 1 0 0
4 13 205 214 1 1 0.974289
4 14 189 199 0 0 0
4 14 189 200 0 1 0.944355
4 14 189 201 0 2 0
4 14 190 199 1 0 0
4 14 190 200 1 1 0
4 14 190 201 1 2 0.95467
4 14 191 199 2 0 0.946121
4 14 191 200 2 1 0
4 14 191 201 2 2 0
4 15 176 185 0 0 0.997316
4 15 176 186 0 1 0
4 15 177 185 1 0 0
4 15 177 186 1 1 0
4 15 178 185 2 0 0
4 15 178 186 2 1 0.964034
4 16 208 215 0 0 0.961445
4 16 208 216 0 1 0
4 16 208 217 0 2 0
4 16 209 215 1 0 0
4 16 209 216 1 1 0.933965
4 16 209 217 1 2 0
4 16 210 215 2 0 0
4 16 210 216 2 1 0
4 16 210 217 2 2 0.988275
4 17 206 218 0 0 0.976012
4 17 206 219 0 1 0
4 17 207 218 1 0 0
4 17 207 219 1 1 0.926001
E jointIdx viewA viewB aOverAllIdx bOverallIdx score
0 0 1 0 35 -1
0 0 1 0 36 0.543632
0 0 1 0 37 -1
0 0 1 1 35 -1
0 0 1 1 36 0.456368
0 0 1 1 37 -1
0 0 2 0 78 0.840169
0 0 2 0 79 -1
0 0 2 0 80 -1
0 0 2 1 78 -1
0 0 2 1 79 0.98285
0 0 2 1 80 -1
0 0 3 0 123 -1
0 0 3 0 124 0.93998
0 0 3 0 125 -1
0 0 3 1 123 0.968805
0 0 3 1 124 -1
0 0 3 1 125 -1
0 0 4 0 173 -1
0 0 4 0 174 -1
0 0 4 0 175 0.816448
0 0 4 1 173 -1
0 0 4 1 174 -1
0 0 4 1 175 0.0671865
0 1 2 35 78 -1
0 1 2 35 79 -1
0 1 2 35 80 0.303399
0 1 2 36 78 0.58054
0 1 2 36 79 0.850344
0 1 2 36 80 -1
0 1 2 37 78 -1
0 1 2 37 79 -1
0 1 2 37 80 -1
0 1 3 35 123 -1
0 1 3 35 124 -1
0 1 3 35 125 0.705299
0 1 3 36 123 0.866189
0 1 3 36 124 0.987999
0 1 3 36 125 -1
0 1 3 37 123 -1
0 1 3 37 124 -1
0 1 3 37 125 0.450309
0 1 4 35 173 -1
0 1 4 35 174 0.772195
0 1 4 35 175 -1
0 1 4 36 173 -1
0 1 4 36 174 -1
0 1 4 36 175 0.343138
0 1 4 37 173 0.540232
0 1 4 37 174 -1
0 1 4 37 175 -1
0 2 3 78 123 -1
0 2 3 78 124 0.70662
0 2 3 78 125 -1
0 2 3 79 123 0.960431
0 2 3 79 124 -1
0 2 3 79 125 -1
0 2 3 80 123 -1
0 2 3 80 124 -1
0 2 3 80 125 0.687353
0 2 4 78 173 0.97872
0 2 4 78 174 -1
0 2 4 78 175 0.996279
0 2 4 79 173 0.284988
0 2 4 79 174 -1
0 2 4 79 175 0.1307
0 2 4 80 173 -1
0 2 4 80 174 0.436642
0 2 4 80 175 -1
0 3 4 123 173 0.300284
0 3 4 123 174 0.298266
0 3 4 123 175 -1
0 3 4 124 173 -1
0 3 4 124 174 0.247389
0 3 4 124 175 0.91232
0 3 4 125 173 -1
0 3 4 125 174 0.454344
0 3 4 125 175 -1
1 0 1 2 38 -1
1 0 1 2 39 -1
1 0 1 2 40 0.673198
1 0 1 3 38 -1
1 0 1 3 39 -1
1 0 1 3 40 0.326802
1 0 2 2 81 -1
1 0 2 2 82 0.900787
1 0 2 2 83 -1
1 0 2 3 81 0.929818
1 0 2 3 82 -1
1 0 2 3 83 -1
1 0 3 2 126 -1
1 0 3 2 127 0.457893
1 0 3 2 128 0.573831
1 0 3 3 126 -1
1 0 3 3 127 0.542107
1 0 3 3 128 0.426169
1 0 4 2 176 0.204979
1 0 4 2 177 0.186827
1 0 4 2 178 0.208957
1 0 4 3 176 0.195352
1 0 4 3 177 0.213192
1 0 4 3 178 0.191442
1 1 2 38 81 0.115891
1 1 2 38 82 -1
1 1 2 38 83 -1
1 1 2 39 81 -1
1 1 2 39 82 -1
1 1 2 39 83 0.605174
1 1 2 40 81 0.0250508
1 1 2 40 82 0.811784
1 1 2 40 83 -1
1 1 3 38 126 0.531972
1 1 3 38 127 -1
1 1 3 38 128 -1
1 1 3 39 126 0.461969
1 1 3 39 127 -1
1 1 3 39 128 -1
1 1 3 40 126 0.00519521
1 1 3 40 127 0.3719
1 1 3 40 128 0.618951
1 1 4 38 176 -1
1 1 4 38 177 -1
1 1 4 38 178 0.718014
1 1 4 39 176 0.603153
1 1 4 39 177 -1
1 1 4 39 178 -1
1 1 4 40 176 -1
1 1 4 40 177 0.906984
1 1 4 40 178 -1
1 2 3 81 126 -1
1 2 3 81 127 0.822892
1 2 3 81 128 -1
1 2 3 82 126 -1
1 2 3 82 127 -1
1 2 3 82 128 0.954662
1 2 3 83 126 0.903913
1 2 3 83 127 -1
1 2 3 83 128 -1
1 2 4 81 176 -1
1 2 4 81 177 0.937358
1 2 4 81 178 -1
1 2 4 82 176 -1
1 2 4 82 177 0.792838
1 2 4 82 178 -1
1 2 4 83 176 0.997966
1 2 4 83 177 -1
1 2 4 83 178 -1
1 3 4 126 176 0.141432
1 3 4 126 177 0.131596
1 3 4 126 178 0.114852
1 3 4 127 176 0.127275
1 3 4 127 177 0.135293
1 3 4 127 178 0.126628
1 3 4 128 176 0.121487
1 3 4 128 177 0.121456
1 3 4 128 178 0.147153
2 0 1 4 41 -1
2 0 1 4 42 0.539561
2 0 1 4 43 -1
2 0 1 5 41 -1
2 0 1 5 42 0.460439
2 0 1 5 43 -1
2 0 2 4 84 0.811323
2 0 2 4 85 -1
2 0 2 4 86 -1
2 0 2 5 84 -1
2 0 2 5 85 0.794276
2 0 2 5 86 -1
2 0 3 4 129 -1
2 0 3 4 130 0.795109
2 0 3 4 131 -1
2 0 3 5 129 0.88539
2 0 3 5 130 -1
2 0 3 5 131 -1
2 0 4 4 179 -1
2 0 4 4 180 -1
2 0 4 4 181 0.588092
2 0 4 5 179 -1
2 0 4 5 180 -1
2 0 4 5 181 0.411908
2 1 2 41 84 -1
2 1 2 41 85 -1
2 1 2 41 86 0.547002
2 1 2 42 84 0.529348
2 1 2 42 85 0.860721
2 1 2 42 86 -1
2 1 2 43 84 -1
2 1 2 43 85 -1
2 1 2 43 86 -1
2 1 3 41 129 -1
2 1 3 41 130 -1
2 1 3 41 131 0.655001
2 1 3 42 129 0.887945
2 1 3 42 130 0.986405
2 1 3 42 131 -1
2 1 3 43 129 -1
2 1 3 43 130 -1
2 1 3 43 131 0.0813697
2 1 4 41 179 -1
2 1 4 41 180 0.833228
2 1 4 41 181 -1
2 1 4 42 179 -1
2 1 4 42 180 -1
2 1 4 42 181 -1
2 1 4 43 179 0.323342
2 1 4 43 180 -1
2 1 4 43 181 -1
2 2 3 84 129 -1
2 2 3 84 130 0.886839
2 2 3 84 131 -1
2 2 3 85 129 0.963669
2 2 3 85 130 -1
2 2 3 85 131 -1
2 2 3 86 129 -1
2 2 3 86 130 -1
2 2 3 86 131 0.9993
2 2 4 84 179 0.427082
2 2 4 84 180 -1
2 2 4 84 181 0.747321
2 2 4 85 179 0.822221
2 2 4 85 180 -1
2 2 4 85 181 -1
2 2 4 86 179 -1
2 2 4 86 180 0.472063
2 2 4 86 181 -1
2 3 4 129 179 0.0788005
2 3 4 129 180 0.452596
2 3 4 129 181 -1
2 3 4 130 179 -1
2 3 4 130 180 0.149475
2 3 4 130 181 0.979742
2 3 4 131 179 -1
2 3 4 131 180 0.397928
2 3 4 131 181 -1
3 0 1 6 44 -1
3 0 1 6 45 0.484039
3 0 1 6 46 -1
3 0 1 7 44 -1
3 0 1 7 45 0.515961
3 0 1 7 46 -1
3 0 2 6 87 0.558174
3 0 2 6 88 -1
3 0 2 6 89 -1
3 0 2 7 87 -1
3 0 2 7 88 0.842711
3 0 2 7 89 -1
3 0 3 6 132 -1
3 0 3 6 133 0.987246
3 0 3 6 134 -1
3 0 3 7 132 0.795896
3 0 3 7 133 -1
3 0 3 7 134 -1
3 0 4 6 182 -1
3 0 4 6 183 -1
3 0 4 6 184 0.844584
3 0 4 7 182 -1
3 0 4 7 183 -1
3 0 4 7 184 -1
3 1 2 44 87 -1
3 1 2 44 88 -1
3 1 2 44 89 0.153071
3 1 2 45 87 0.723937
3 1 2 45 88 0.995007
3 1 2 45 89 -1
3 1 2 46 87 -1
3 1 2 46 88 -1
3 1 2 46 89 -1
3 1 3 44 132 -1
3 1 3 44 133 -1
3 1 3 44 134 0.78993
3 1 3 45 132 0.79048
3 1 3 45 133 0.870908
3 1 3 45 134 -1
3 1 3 46 132 -1
3 1 3 46 133 -1
3 1 3 46 134 0.864264
3 1 4 44 182 -1
3 1 4 44 183 0.881189
3 1 4 44 184 -1
3 1 4 45 182 -1
3 1 4 45 183 -1
3 1 4 45 184 0.936274
3 1 4 46 182 0.710012
3 1 4 46 183 -1
3 1 4 46 184 -1
3 2 3 87 132 -1
3 2 3 87 133 0.414262
3 2 3 87 134 -1
3 2 3 88 132 0.64042
3 2 3 88 133 -1
3 2 3 88 134 -1
3 2 3 89 132 -1
3 2 3 89 133 -1
3 2 3 89 134 0.446232
3 2 4 87 182 0.527274
3 2 4 87 183 -1
3 2 4 87 184 0.705926
3 2 4 88 182 -1
3 2 4 88 183 -1
3 2 4 88 184 0.491321
3 2 4 89 182 -1
3 2 4 89 183 0.589094
3 2 4 89 184 -1
3 3 4 132 182 0.453813
3 3 4 132 183 0.215696
3 3 4 132 184 -1
3 3 4 133 182 -1
3 3 4 133 183 0.334592
3 3 4 133 184 0.791141
3 3 4 134 182 -1
3 3 4 134 183 0.449712
3 3 4 134 184 0.395093
4 0 1 8 47 -1
4 0 1 8 48 0.981355
4 0 2 8 90 0.997109
4 0 2 8 91 -1
4 0 3 8 135 0.68519
4 0 3 8 136 0.31481
4 0 4 8 185 -1
4 0 4 8 186 -1
4 1 2 47 90 -1
4 1 2 47 91 -1
4 1 2 48 90 0.444489
4 1 2 48 91 0.555511
4 1 3 47 135 -1
4 1 3 47 136 -1
4 1 3 48 135 0.484719
4 1 3 48 136 0.515281
4 1 4 47 185 0.909527
4 1 4 47 186 -1
4 1 4 48 185 -1
4 1 4 48 186 -1
4 2 3 90 135 0.951057
4 2 3 90 136 -1
4 2 3 91 135 -1
4 2 3 91 136 0.995606
4 2 4 90 185 -1
4 2 4 90 186 -1
4 2 4 91 185 -1
4 2 4 91 186 0.268395
4 3 4 135 185 0.479394
4 3 4 135 186 0.228877
4 3 4 136 185 0.263258
4 3 4 136 186 0.471446
5 0 1 9 49 -1
5 0 1 9 50 -1
5 0 1 9 51 0.648076
5 0 1 10 49 -1
5 0 1 10 50 -1
5 0 1 10 51 0.351924
5 0 2 9 92 0.210146
5 0 2 9 93 0.697647
5 0 2 9 94 -1
5 0 2 10 92 0.789854
5 0 2 10 93 0.0373732
5 0 2 10 94 -1
5 0 3 9 137 -1
5 0 3 9 138 0.541034
5 0 3 9 139 0.475973
5 0 3 10 137 -1
5 0 3 10 138 0.458966
5 0 3 10 139 0.524027
5 0 4 9 187 0.263815
5 0 4 9 188 0.284309
5 0 4 10 187 0.285126
5 0 4 10 188 0.265632
5 1 2 49 92 0.805449
5 1 2 49 93 0.19965
5 1 2 49 94 -1
5 1 2 50 92 -1
5 1 2 50 93 -1
5 1 2 50 94 0.951874
5 1 2 51 92 -1
5 1 2 51 93 0.787235
5 1 2 51 94 -1
5 1 3 49 137 0.669392
5 1 3 49 138 -1
5 1 3 49 139 -1
5 1 3 50 137 0.970445
5 1 3 50 138 -1
5 1 3 50 139 -1
5 1 3 51 137 -1
5 1 3 51 138 0.629704
5 1 3 51 139 0.423738
5 1 4 49 187 -1
5 1 4 49 188 -1
5 1 4 50 187 0.796404
5 1 4 50 188 -1
5 1 4 51 187 -1
5 1 4 51 188 0.385644
5 2 3 92 137 -1
5 2 3 92 138 -1
5 2 3 92 139 0.95935
5 2 3 93 137 -1
5 2 3 93 138 0.866738
5 2 3 93 139 -1
5 2 3 94 137 0.656337
5 2 3 94 138 -1
5 2 3 94 139 -1
5 2 4 92 187 -1
5 2 4 92 188 0.932541
5 2 4 93 187 -1
5 2 4 93 188 0.56194
5 2 4 94 187 0.983075
5 2 4 94 188 -1
5 3 4 137 187 0.228767
5 3 4 137 188 0.165613
5 3 4 138 187 0.181444
5 3 4 138 188 0.216789
5 3 4 139 187 0.189481
5 3 4 139 188 0.208098
6 0 1 11 52 -1
6 0 1 11 53 -1
6 0 1 11 54 0.684945
6 0 1 12 52 -1
6 0 1 12 53 -1
6 0 1 12 54 0.315055
6 0 2 11 95 -1
6 0 2 11 96 0.980798
6 0 2 11 97 -1
6 0 2 12 95 0.822019
6 0 2 12 96 -1
6 0 2 12 97 -1
6 0 3 11 140 -1
6 0 3 11 141 0.403653
6 0 3 11 142 0.596956
6 0 3 12 140 -1
6 0 3 12 141 0.596347
6 0 3 12 142 0.403044
6 0 4 11 189 0.280638
6 0 4 11 190 0.282347
6 0 4 11 191 0.182518
6 0 4 12 189 0.216412
6 0 4 12 190 0.214752
6 0 4 12 191 0.311722
6 1 2 52 95 -1
6 1 2 52 96 -1
6 1 2 52 97 -1
6 1 2 53 95 -1
6 1 2 53 96 -1
6 1 2 53 97 0.190616
6 1 2 54 95 0.269693
6 1 2 54 96 0.770746
6 1 2 54 97 -1
6 1 3 52 140 0.407705
6 1 3 52 141 -1
6 1 3 52 142 -1
6 1 3 53 140 0.4716
6 1 3 53 141 -1
6 1 3 53 142 -1
6 1 3 54 140 0.0814466
6 1 3 54 141 0.33326
6 1 3 54 142 0.551876
6 1 4 52 189 -1
6 1 4 52 190 0.901798
6 1 4 52 191 -1
6 1 4 53 189 0.531805
6 1 4 53 190 0.150044
6 1 4 53 191 -1
6 1 4 54 189 -1
6 1 4 54 190 -1
6 1 4 54 191 0.720758
6 2 3 95 140 -1
6 2 3 95 141 0.609567
6 2 3 95 142 -1
6 2 3 96 140 -1
6 2 3 96 141 -1
6 2 3 96 142 0.866916
6 2 3 97 140 0.994388
6 2 3 97 141 -1
6 2 3 97 142 -1
6 2 4 95 189 -1
6 2 4 95 190 -1
6 2 4 95 191 0.784332
6 2 4 96 189 -1
6 2 4 96 190 -1
6 2 4 96 191 0.00602394
6 2 4 97 189 0.42644
6 2 4 97 190 -1
6 2 4 97 191 -1
6 3 4 140 189 0.136196
6 3 4 140 190 0.112372
6 3 4 140 191 0.147414
6 3 4 141 189 0.12851
6 3 4 141 190 0.121379
6 3 4 141 191 0.146875
6 3 4 142 189 0.131733
6 3 4 142 190 0.165893
6 3 4 142 191 0.0981514
7 0 1 13 55 0.195038
7 0 1 13 56 0.44333
7 0 1 13 57 -1
7 0 1 14 55 0.7154
7 0 1 14 56 -1
7 0 1 14 57 -1
7 0 2 13 98 0.813798
7 0 2 13 99 -1
7 0 2 14 98 -1
7 0 2 14 99 0.639004
7 0 3 13 143 -1
7 0 3 13 144 0.757656
7 0 3 13 145 -1
7 0 3 14 143 0.894832
7 0 3 14 144 -1
7 0 3 14 145 -1
7 0 4 13 192 -1
7 0 4 13 193 0.851614
7 0 4 14 192 -1
7 0 4 14 193 -1
7 1 2 55 98 0.554472
7 1 2 55 99 0.445528
7 1 2 56 98 -1
7 1 2 56 99 -1
7 1 2 57 98 -1
7 1 2 57 99 -1
7 1 3 55 143 0.945268
7 1 3 55 144 0.400275
7 1 3 55 145 -1
7 1 3 56 143 -1
7 1 3 56 144 -1
7 1 3 56 145 0.529988
7 1 3 57 143 -1
7 1 3 57 144 -1
7 1 3 57 145 -1
7 1 4 55 192 -1
7 1 4 55 193 -1
7 1 4 56 192 0.813601
7 1 4 56 193 -1
7 1 4 57 192 -1
7 1 4 57 193 -1
7 2 3 98 143 -1
7 2 3 98 144 0.954017
7 2 3 98 145 -1
7 2 3 99 143 0.713856
7 2 3 99 144 -1
7 2 3 99 145 -1
7 2 4 98 192 -1
7 2 4 98 193 0.690831
7 2 4 99 192 -1
7 2 4 99 193 -1
7 3 4 143 192 0.470754
7 3 4 143 193 -1
7 3 4 144 192 0.0024473
7 3 4 144 193 0.502194
7 3 4 145 192 0.526799
7 3 4 145 193 -1
8 0 1 15 58 0.0501403
8 0 1 15 59 0.0988708
8 0 1 15 60 -1
8 0 1 16 58 0.911853
8 0 1 16 59 -1
8 0 1 16 60 -1
8 0 2 15 100 0.671001
8 0 2 15 101 -1
8 0 2 16 100 -1
8 0 2 16 101 0.845929
8 0 3 15 146 -1
8 0 3 15 147 0.980687
8 0 3 15 148 -1
8 0 3 16 146 0.77827
8 0 3 16 147 -1
8 0 3 16 148 -1
8 0 4 15 194 -1
8 0 4 15 195 -1
8 0 4 15 196 0.930836
8 0 4 16 194 -1
8 0 4 16 195 -1
8 0 4 16 196 -1
8 1 2 58 100 0.264592
8 1 2 58 101 0.735408
8 1 2 59 100 -1
8 1 2 59 101 -1
8 1 2 60 100 -1
8 1 2 60 101 -1
8 1 3 58 146 0.707807
8 1 3 58 147 -1
8 1 3 58 148 -1
8 1 3 59 146 -1
8 1 3 59 147 -1
8 1 3 59 148 0.767236
8 1 3 60 146 -1
8 1 3 60 147 -1
8 1 3 60 148 -1
8 1 4 58 194 -1
8 1 4 58 195 -1
8 1 4 58 196 0.475954
8 1 4 59 194 -1
8 1 4 59 195 0.736025
8 1 4 59 196 -1
8 1 4 60 194 0.941658
8 1 4 60 195 -1
8 1 4 60 196 -1
8 2 3 100 146 -1
8 2 3 100 147 0.666263
8 2 3 100 148 -1
8 2 3 101 146 0.600816
8 2 3 101 147 -1
8 2 3 101 148 -1
8 2 4 100 194 0.961707
8 2 4 100 195 -1
8 2 4 100 196 0.91608
8 2 4 101 194 0.000401914
8 2 4 101 195 -1
8 2 4 101 196 -1
8 3 4 146 194 -1
8 3 4 146 195 0.209818
8 3 4 146 196 -1
8 3 4 147 194 -1
8 3 4 147 195 0.275276
8 3 4 147 196 0.766313
8 3 4 148 194 -1
8 3 4 148 195 0.514906
8 3 4 148 196 -1
9 0 1 17 61 -1
9 0 1 17 62 -1
9 0 2 17 102 0.255098
9 0 2 17 103 -1
9 0 3 17 149 -1
9 0 3 17 150 0.0494276
9 0 3 17 151 0.934578
9 0 4 17 197 0.740041
9 0 4 17 198 0.259959
9 1 2 61 102 -1
9 1 2 61 103 -1
9 1 2 62 102 -1
9 1 2 62 103 0.890516
9 1 3 61 149 0.471547
9 1 3 61 150 -1
9 1 3 61 151 -1
9 1 3 62 149 0.528453
9 1 3 62 150 -1
9 1 3 62 151 -1
9 1 4 61 197 -1
9 1 4 61 198 0.776924
9 1 4 62 197 -1
9 1 4 62 198 -1
9 2 3 102 149 -1
9 2 3 102 150 0.998556
9 2 3 102 151 -1
9 2 3 103 149 0.915089
9 2 3 103 150 -1
9 2 3 103 151 -1
9 2 4 102 197 0.790278
9 2 4 102 198 -1
9 2 4 103 197 -1
9 2 4 103 198 -1
9 3 4 149 197 0.299809
9 3 4 149 198 0.00373835
9 3 4 150 197 0.295711
9 3 4 150 198 0.290332
9 3 4 151 197 0.222542
9 3 4 151 198 0.426572
10 0 1 18 63 0.61277
10 0 1 19 63 0.38723
10 0 2 18 104 0.915687
10 0 2 18 105 -1
10 0 2 19 104 -1
10 0 2 19 105 -1
10 0 3 18 152 -1
10 0 3 18 153 0.796865
10 0 3 19 152 -1
10 0 3 19 153 -1
10 0 4 18 199 0.00664788
10 0 4 18 200 0.0715703
10 0 4 18 201 0.336511
10 0 4 19 199 0.869498
10 0 4 19 200 -1
10 0 4 19 201 -1
10 1 2 63 104 0.921048
10 1 2 63 105 -1
10 1 3 63 152 -1
10 1 3 63 153 0.914646
10 1 4 63 199 0.309173
10 1 4 63 200 -1
10 1 4 63 201 -1
10 2 3 104 152 -1
10 2 3 104 153 0.980637
10 2 3 105 152 0.9932
10 2 3 105 153 -1
10 2 4 104 199 -1
10 2 4 104 200 -1
10 2 4 104 201 -1
10 2 4 105 199 -1
10 2 4 105 200 0.928668
10 2 4 105 201 -1
10 3 4 152 199 0.32573
10 3 4 152 200 0.298656
10 3 4 152 201 0.0626874
10 3 4 153 199 0.177714
10 3 4 153 200 0.207625
10 3 4 153 201 0.417309
11 0 1 20 64 -1
11 0 1 20 65 0.594805
11 0 1 21 64 -1
11 0 1 21 65 0.405195
11 0 2 20 106 0.878363
11 0 2 20 107 0.253452
11 0 2 20 108 -1
11 0 2 21 106 0.121637
11 0 2 21 107 0.746548
11 0 2 21 108 -1
11 0 3 20 154 0.294438
11 0 3 20 155 0.45698
11 0 3 21 154 0.459397
11 0 3 21 155 0.236215
11 0 4 20 202 -1
11 0 4 20 203 0.537367
11 0 4 21 202 -1
11 0 4 21 203 0.462633
11 1 2 64 106 -1
11 1 2 64 107 -1
11 1 2 64 108 0.847269
11 1 2 65 106 0.795649
11 1 2 65 107 -1
11 1 2 65 108 -1
11 1 3 64 154 0.380234
11 1 3 64 155 0.363193
11 1 3 65 154 0.386841
11 1 3 65 155 0.397477
11 1 4 64 202 0.999042
11 1 4 64 203 -1
11 1 4 65 202 -1
11 1 4 65 203 0.739371
11 2 3 106 154 -1
11 2 3 106 155 0.946492
11 2 3 107 154 0.863917
11 2 3 107 155 -1
11 2 3 108 154 -1
11 2 3 108 155 -1
11 2 4 106 202 -1
11 2 4 106 203 0.969668
11 2 4 107 202 -1
11 2 4 107 203 -1
11 2 4 108 202 0.993803
11 2 4 108 203 -1
11 3 4 154 202 0.538528
11 3 4 154 203 0.230991
11 3 4 155 202 0.259489
11 3 4 155 203 0.517088
12 0 1 22 66 0.457477
12 0 1 23 66 0.542523
12 0 2 22 109 0.432908
12 0 2 22 110 -1
12 0 2 22 111 -1
12 0 2 23 109 -1
12 0 2 23 110 0.991576
12 0 2 23 111 -1
12 0 3 22 156 -1
12 0 3 22 157 -1
12 0 3 23 156 0.995058
12 0 3 23 157 -1
12 0 4 22 204 -1
12 0 4 22 205 0.775088
12 0 4 23 204 -1
12 0 4 23 205 0.224912
12 1 2 66 109 0.799329
12 1 2 66 110 0.9775
12 1 2 66 111 -1
12 1 3 66 156 0.912191
12 1 3 66 157 -1
12 1 4 66 204 -1
12 1 4 66 205 0.758505
12 2 3 109 156 -1
12 2 3 109 157 -1
12 2 3 110 156 0.968005
12 2 3 110 157 -1
12 2 3 111 156 -1
12 2 3 111 157 0.850578
12 2 4 109 204 -1
12 2 4 109 205 0.587764
12 2 4 110 204 -1
12 2 4 110 205 0.170685
12 2 4 111 204 -1
12 2 4 111 205 -1
12 3 4 156 204 0.404381
12 3 4 156 205 0.520647
12 3 4 157 204 -1
12 3 4 157 205 0.374817
13 0 1 24 67 -1
13 0 1 24 68 -1
13 0 1 24 69 -1
13 0 1 25 67 0.570727
13 0 1 25 68 -1
13 0 1 25 69 -1
13 0 2 24 112 0.896871
13 0 2 24 113 -1
13 0 2 25 112 -1
13 0 2 25 113 0.286229
13 0 3 24 158 -1
13 0 3 24 159 0.983969
13 0 3 24 160 -1
13 0 3 25 158 0.913559
13 0 3 25 159 -1
13 0 3 25 160 -1
13 0 4 24 206 -1
13 0 4 24 207 0.890831
13 0 4 25 206 -1
13 0 4 25 207 -1
13 1 2 67 112 0.629454
13 1 2 67 113 0.207861
13 1 2 68 112 -1
13 1 2 68 113 -1
13 1 2 69 112 -1
13 1 2 69 113 -1
13 1 3 67 158 0.783781
13 1 3 67 159 0.557265
13 1 3 67 160 -1
13 1 3 68 158 -1
13 1 3 68 159 -1
13 1 3 68 160 0.932266
13 1 3 69 158 -1
13 1 3 69 159 -1
13 1 3 69 160 -1
13 1 4 67 206 -1
13 1 4 67 207 -1
13 1 4 68 206 0.87092
13 1 4 68 207 -1
13 1 4 69 206 -1
13 1 4 69 207 -1
13 2 3 112 158 -1
13 2 3 112 159 0.912217
13 2 3 112 160 -1
13 2 3 113 158 0.29314
13 2 3 113 159 -1
13 2 3 113 160 -1
13 2 4 112 206 -1
13 2 4 112 207 0.946156
13 2 4 113 206 -1
13 2 4 113 207 -1
13 3 4 158 206 0.573506
13 3 4 158 207 -1
13 3 4 159 206 -1
13 3 4 159 207 0.832994
13 3 4 160 206 0.601902
13 3 4 160 207 -1
14 0 1 26 70 -1
14 0 1 26 71 0.880801
14 0 1 26 72 -1
14 0 1 27 70 0.84432
14 0 1 27 71 -1
14 0 1 27 72 -1
14 0 2 26 114 0.933522
14 0 2 26 115 -1
14 0 2 27 114 -1
14 0 2 27 115 0.805318
14 0 3 26 161 -1
14 0 3 26 162 0.622345
14 0 3 26 163 -1
14 0 3 27 161 0.733259
14 0 3 27 162 -1
14 0 3 27 163 -1
14 0 4 26 208 -1
14 0 4 26 209 -1
14 0 4 26 210 0.899656
14 0 4 27 208 -1
14 0 4 27 209 -1
14 0 4 27 210 -1
14 1 2 70 114 -1
14 1 2 70 115 0.702227
14 1 2 71 114 -1
14 1 2 71 115 -1
14 1 2 72 114 -1
14 1 2 72 115 -1
14 1 3 70 161 0.604707
14 1 3 70 162 -1
14 1 3 70 163 -1
14 1 3 71 161 -1
14 1 3 71 162 -1
14 1 3 71 163 0.777215
14 1 3 72 161 -1
14 1 3 72 162 -1
14 1 3 72 163 -1
14 1 4 70 208 -1
14 1 4 70 209 -1
14 1 4 70 210 0.924869
14 1 4 71 208 -1
14 1 4 71 209 0.972135
14 1 4 71 210 -1
14 1 4 72 208 0.70678
14 1 4 72 209 -1
14 1 4 72 210 -1
14 2 3 114 161 -1
14 2 3 114 162 0.552313
14 2 3 114 163 -1
14 2 3 115 161 0.924691
14 2 3 115 162 -1
14 2 3 115 163 -1
14 2 4 114 208 0.869377
14 2 4 114 209 -1
14 2 4 114 210 0.922163
14 2 4 115 208 -1
14 2 4 115 209 -1
14 2 4 115 210 -1
14 3 4 161 208 -1
14 3 4 161 209 -1
14 3 4 161 210 -1
14 3 4 162 208 -1
14 3 4 162 209 0.558941
14 3 4 162 210 0.799407
14 3 4 163 208 -1
14 3 4 163 209 0.999156
14 3 4 163 210 -1
15 0 1 28 73 -1
15 0 1 28 74 -1
15 0 1 29 73 -1
15 0 1 29 74 -1
15 0 2 28 116 0.781345
15 0 2 28 117 0.187687
15 0 2 29 116 -1
15 0 2 29 117 0.772574
15 0 3 28 164 0.121371
15 0 3 28 165 0.709391
15 0 3 29 164 0.684261
15 0 3 29 165 0.254923
15 0 4 28 211 -1
15 0 4 28 212 0.579505
15 0 4 29 211 -1
15 0 4 29 212 0.420495
15 1 2 73 116 -1
15 1 2 73 117 -1
15 1 2 74 116 -1
15 1 2 74 117 -1
15 1 3 73 164 -1
15 1 3 73 165 -1
15 1 3 74 164 -1
15 1 3 74 165 -1
15 1 4 73 211 0.290968
15 1 4 73 212 -1
15 1 4 74 211 0.709032
15 1 4 74 212 -1
15 2 3 116 164 -1
15 2 3 116 165 0.771492
15 2 3 117 164 0.645794
15 2 3 117 165 -1
15 2 4 116 211 -1
15 2 4 116 212 0.85981
15 2 4 117 211 -1
15 2 4 117 212 -1
15 3 4 164 211 0.652547
15 3 4 164 212 -1
15 3 4 165 211 -1
15 3 4 165 212 0.933708
16 0 1 30 75 0.390341
16 0 1 31 75 0.609659
16 0 2 30 118 0.961646
16 0 2 30 119 -1
16 0 2 30 120 -1
16 0 2 31 118 -1
16 0 2 31 119 0.810956
16 0 2 31 120 -1
16 0 3 30 166 -1
16 0 3 30 167 -1
16 0 3 31 166 0.880914
16 0 3 31 167 -1
16 0 4 30 213 -1
16 0 4 30 214 0.991063
16 0 4 31 213 -1
16 0 4 31 214 -1
16 1 2 75 118 -1
16 1 2 75 119 0.948019
16 1 2 75 120 -1
16 1 3 75 166 0.899421
16 1 3 75 167 -1
16 1 4 75 213 -1
16 1 4 75 214 -1
16 2 3 118 166 -1
16 2 3 118 167 -1
16 2 3 119 166 0.928017
16 2 3 119 167 -1
16 2 3 120 166 -1
16 2 3 120 167 0.721069
16 2 4 118 213 0.386877
16 2 4 118 214 0.613123
16 2 4 119 213 0.790055
16 2 4 119 214 -1
16 2 4 120 213 -1
16 2 4 120 214 -1
16 3 4 166 213 -1
16 3 4 166 214 0.362118
16 3 4 167 213 -1
16 3 4 167 214 -1
17 0 1 32 76 0.210092
17 0 1 33 76 -1
17 0 2 32 121 0.835757
17 0 2 32 122 -1
17 0 2 33 121 -1
17 0 2 33 122 0.940752
17 0 3 32 168 -1
17 0 3 32 169 -1
17 0 3 33 168 0.927669
17 0 3 33 169 -1
17 0 4 32 215 -1
17 0 4 32 216 -1
17 0 4 32 217 0.984762
17 0 4 33 215 -1
17 0 4 33 216 -1
17 0 4 33 217 -1
17 1 2 76 121 -1
17 1 2 76 122 -1
17 1 3 76 168 -1
17 1 3 76 169 0.788602
17 1 4 76 215 -1
17 1 4 76 216 0.864226
17 1 4 76 217 -1
17 2 3 121 168 -1
17 2 3 121 169 -1
17 2 3 122 168 0.829125
17 2 3 122 169 -1
17 2 4 121 215 0.609971
17 2 4 121 216 -1
17 2 4 121 217 0.446198
17 2 4 122 215 0.390029
17 2 4 122 216 -1
17 2 4 122 217 0.553802
17 3 4 168 215 -1
17 3 4 168 216 -1
17 3 4 168 217 -1
17 3 4 169 215 -1
17 3 4 169 216 0.918617
17 3 4 169 217 0.296447
18 0 1 34 77 -1
18 0 3 34 170 -1
18 0 3 34 171 0.789782
18 0 3 34 172 -1
18 0 4 34 218 -1
18 0 4 34 219 0.944459
18 1 3 77 170 -1
18 1 3 77 171 -1
18 1 3 77 172 0.964478
18 1 4 77 218 0.845303
18 1 4 77 219 -1
18 3 4 170 218 0.709253
18 3 4 170 219 -1
18 3 4 171 218 -1
18 3 4 171 219 0.915252
18 3 4 172 218 0.688539
18 3 4 172 219 -1
end of Frame 201
