J OverallIdx viewIdx joint种类0-18(jointIdx) 该joint在图中的顺序(candidix) x y score
0 0 0 0 227.144 392.183 0.340784
1 0 0 1 729.284 394.267 0.664123
2 0 0 2 308.531 459.7 0.342503
3 0 1 0 294.458 172.887 0.699002
4 0 1 1 207.532 193.928 0.528866
5 0 1 2 751.611 210.97 0.899819
6 0 2 0 213.159 392.19 0.532551
7 0 2 1 687.054 388.009 0.623982
8 0 2 2 339.358 466.03 0.348301
9 0 3 0 232.785 394.315 0.323996
10 0 3 1 774.041 396.375 0.683598
11 0 3 2 280.497 455.46 0.293497
12 0 4 0 414.892 109.757 0.789552
13 0 4 1 238.436 111.848 0.871165
14 0 4 2 751.615 145.498 0.943712
15 0 5 0 325.229 177.075 0.751631
16 0 5 1 176.648 194.071 0.78389
17 0 5 2 689.946 210.844 0.790653
18 0 6 0 260.807 166.62 0.680593
19 0 6 1 816.063 213.043 0.850693
20 0 7 0 232.756 535.6 0.240955
21 0 7 1 681.487 533.548 0.709239
22 0 7 2 403.82 702.195 0.569214
23 0 8 0 757.175 544.028 0.736958
24 0 8 1 229.891 550.383 0.418367
25 0 8 2 353.332 668.46 0.500202
26 0 9 0 372.979 61.2452 0.881492
27 0 9 1 190.567 124.348 0.903363
28 0 9 2 726.279 141.314 0.527703
29 0 10 0 793.602 141.253 0.845767
30 0 11 0 664.585 297.393 0.813337
31 0 11 1 190.62 307.859 0.520734
32 0 11 2 417.881 352.141 0.741638
33 0 12 0 832.902 307.847 0.77689
34 0 12 1 229.896 314.221 0.569767
35 0 13 0 151.422 645.247 0.161522
36 0 13 1 678.692 668.508 0.764943
37 0 13 2 190.682 716.948 0.153752
38 0 14 0 151.492 643.127 0.222289
39 0 14 1 745.908 676.898 0.75053
40 0 14 2 190.641 725.404 0.498833
41 0 15 0 546.827 295.176 0.762742
42 0 15 1 639.234 377.448 0.866448
43 0 16 0 849.678 396.333 0.836883
44 0 17 0 255.132 666.377 0.264966
45 0 17 1 793.551 719.135 0.764189
46 0 17 2 260.871 738.082 0.562311
47 0 18 0 630.971 706.403 0.679762
48 1 0 0 720.66 373.264 0.725954
49 1 0 1 389.877 379.49 0.745992
50 1 0 2 549.549 392.215 0.731187
51 1 0 3 852.537 415.385 0.616183
52 1 1 0 375.829 212.949 0.826009
53 1 1 1 549.608 234.044 0.908725
54 1 1 2 860.898 229.864 0.919773
55 1 1 3 729.05 246.807 0.918138
56 1 2 0 415.171 377.492 0.723134
57 1 2 1 692.648 371.158 0.706531
58 1 2 2 577.725 392.214 0.683529
59 1 2 3 891.784 415.447 0.636919
60 1 3 0 745.968 375.31 0.727265
61 1 3 1 364.497 379.5 0.684033
62 1 3 2 515.958 392.174 0.663683
63 1 3 3 815.962 413.319 0.633547
64 1 4 0 426.216 156.043 0.425199
65 1 4 1 611.378 193.965 0.913233
66 1 4 2 751.492 210.784 0.956608
67 1 5 0 414.985 208.807 0.897618
68 1 5 1 594.553 238.299 0.844475
69 1 5 2 925.372 238.251 0.800708
70 1 5 3 687.079 244.738 0.906061
71 1 6 0 344.929 217.21 0.794986
72 1 6 1 796.484 227.754 0.844594
73 1 6 2 504.757 229.93 0.884223
74 1 6 3 771.109 255.084 0.734283
75 1 7 0 684.18 474.427 0.842509
76 1 7 1 437.363 495.502 0.873314
77 1 7 2 591.753 516.619 0.823961
78 1 7 3 886.006 548.247 0.804751
79 1 8 0 723.54 476.524 0.798777
80 1 8 1 386.986 495.507 0.810203
81 1 8 2 515.972 518.787 0.75696
82 1 8 3 796.399 531.328 0.851664
83 1 9 0 403.842 151.851 0.820169
84 1 9 1 889.12 162.316 0.902034
85 1 9 2 577.755 177.098 0.909176
86 1 9 3 715.124 200.325 0.825081
87 1 10 0 835.714 160.314 0.911723
88 1 11 0 437.504 290.992 0.826184
89 1 11 1 661.926 309.94 0.890095
90 1 11 2 605.721 318.411 0.759086
91 1 11 3 947.808 328.992 0.784525
92 1 12 0 737.545 299.468 0.781214
93 1 12 1 471.171 314.225 0.83347
94 1 13 0 667.468 565.077 0.80567
95 1 13 1 387.008 607.323 0.734214
96 1 13 2 594.526 636.86 0.804008
97 1 13 3 872.173 681.099 0.717714
98 1 14 0 706.74 562.946 0.865857
99 1 14 1 372.997 603.104 0.716392
100 1 14 2 810.387 647.297 0.729303
101 1 14 3 504.855 651.604 0.801796
102 1 15 0 479.61 343.734 0.752878
103 1 15 1 616.827 369.057 0.715314
104 1 15 2 661.942 364.753 0.88548
105 1 16 0 493.555 360.596 0.661275
106 1 16 1 774.09 369.058 0.51704
107 1 17 0 729.141 581.908 0.69605
108 1 17 1 417.947 634.741 0.266771
109 1 17 2 541.192 647.393 0.486157
110 1 17 3 793.636 685.34 0.639297
111 1 18 0 670.23 592.557 0.77673
112 1 18 1 415.078 636.813 0.633219
113 1 18 2 555.316 634.7 0.563806
114 1 18 3 877.772 700.127 0.546057
115 2 0 0 513.187 185.535 0.296827
116 2 0 1 883.433 360.604 0.759631
117 2 0 2 636.504 409.081 0.723245
118 2 0 3 465.583 447.057 0.648958
119 2 1 0 504.935 67.496 0.667844
120 2 1 1 939.468 221.37 0.805702
121 2 1 2 642.205 244.489 0.896367
122 2 1 3 462.764 263.648 0.884116
123 2 2 0 504.702 189.787 0.408377
124 2 2 1 908.49 360.627 0.716776
125 2 2 2 664.653 406.976 0.695591
126 2 2 3 507.523 446.994 0.684712
127 2 3 0 527.282 179.306 0.306898
128 2 3 1 860.918 360.562 0.734781
129 2 3 2 600.104 411.162 0.689756
130 2 3 3 429.094 449.15 0.624698
131 2 4 0 552.541 27.4801 0.763305
132 2 4 1 889.062 158.178 0.554544
133 2 5 0 488.041 73.7058 0.768721
134 2 5 1 975.901 215.134 0.791307
135 2 5 2 701.119 242.432 0.834817
136 2 5 3 530.037 261.551 0.88805
137 2 6 0 527.125 63.2729 0.615446
138 2 6 1 908.532 225.589 0.849144
139 2 6 2 591.737 244.621 0.897111
140 2 6 3 395.414 267.826 0.828553
141 2 7 0 860.963 430.159 0.871783
142 2 7 1 625.325 497.564 0.719852
143 2 7 2 501.839 548.346 0.767631
144 2 8 0 799.166 432.238 0.855004
145 2 8 1 597.34 514.517 0.771484
146 2 8 2 437.51 556.697 0.81925
147 2 9 0 524.338 23.1052 0.900748
148 2 9 1 678.679 164.458 0.814303
149 2 9 2 504.711 191.926 0.529293
150 2 10 0 922.677 156.072 0.852454
151 2 10 1 614.049 160.357 0.69202
152 2 10 2 431.853 191.887 0.659481
153 2 11 0 479.594 132.841 0.584673
154 2 11 1 902.966 187.686 0.447264
155 2 11 2 723.434 333.175 0.824703
156 2 11 3 558.121 362.619 0.821599
157 2 12 0 835.718 291.033 0.869764
158 2 12 1 583.264 328.989 0.66683
159 2 12 2 370.07 360.521 0.861726
160 2 13 0 858.076 514.606 0.749121
161 2 13 1 616.972 565.214 0.672667
162 2 13 2 504.609 666.413 0.781697
163 2 14 0 835.734 533.499 0.811449
164 2 14 1 605.694 634.695 0.636401
165 2 14 2 451.508 660.039 0.709138
166 2 15 0 863.753 164.454 0.56027
167 2 15 1 507.662 189.741 0.469789
168 2 15 2 667.407 345.879 0.533618
169 2 16 0 782.382 240.365 0.791267
170 2 16 1 572.183 373.264 0.560193
171 2 17 0 796.321 546.091 0.783937
172 2 17 1 608.535 643.15 0.361151
173 2 17 2 457.141 674.785 0.458341
174 2 18 0 563.667 571.46 0.369196
175 2 18 1 499.101 670.586 0.38547
176 3 0 0 642.265 316.35 0.285193
177 3 0 1 221.563 347.952 0.701013
178 3 0 2 588.866 371.135 0.585651
179 3 1 0 594.654 164.528 0.796217
180 3 1 1 659.08 181.367 0.31218
181 3 1 2 213.195 187.653 0.845718
182 3 2 0 656.23 316.355 0.27129
183 3 2 1 238.403 347.944 0.71219
184 3 2 2 611.385 366.926 0.536171
185 3 3 0 644.988 314.246 0.440575
186 3 3 1 207.527 347.972 0.663818
187 3 3 2 566.432 375.343 0.56021
188 3 4 0 274.739 143.317 0.869347
189 3 5 0 625.394 162.424 0.679034
190 3 5 1 232.755 185.573 0.830922
191 3 6 0 569.24 164.51 0.77135
192 3 6 1 193.54 189.73 0.753339
193 3 6 2 661.728 185.601 0.723864
194 3 7 0 625.343 415.439 0.168633
195 3 7 1 269.226 463.918 0.810983
196 3 7 2 617.006 510.33 0.663891
197 3 8 0 630.916 411.2 0.417316
198 3 8 1 232.814 463.823 0.804276
199 3 8 2 572.149 514.517 0.643086
200 3 9 0 238.391 130.754 0.866398
201 3 10 0 552.506 84.3419 0.7593
202 3 10 1 639.298 141.214 0.813069
203 3 11 0 238.313 267.798 0.866033
204 3 12 0 650.566 246.69 0.44832
205 3 12 1 532.911 261.505 0.724503
206 3 13 0 659.043 493.402 0.258642
207 3 13 1 263.586 577.753 0.803548
208 3 13 2 656.131 632.535 0.718976
209 3 14 0 658.994 493.46 0.485878
210 3 14 1 235.399 567.308 0.715254
211 3 14 2 605.702 683.169 0.747945
212 3 15 0 288.848 331.14 0.846242
213 3 16 0 487.922 320.485 0.711778
214 3 17 0 659.057 512.359 0.163756
215 3 17 1 546.749 683.29 0.789109
216 3 18 0 325.388 584.108 0.828836
217 3 18 1 614.11 649.469 0.173588
218 4 0 0 460.084 263.579 0.673073
219 4 0 1 681.515 280.453 0.806879
220 4 0 2 838.397 280.497 0.742354
221 4 0 3 386.99 347.903 0.589371
222 4 1 0 863.765 105.393 0.891398
223 4 1 1 347.852 126.413 0.906182
224 4 1 2 684.224 132.845 0.900246
225 4 1 3 476.68 139.201 0.767551
226 4 2 0 434.636 263.658 0.63594
227 4 2 1 650.658 278.413 0.759155
228 4 2 2 799.261 280.428 0.754361
229 4 2 3 429.099 343.734 0.549213
230 4 3 0 496.349 261.543 0.665974
231 4 3 1 706.85 282.539 0.761974
232 4 3 2 866.499 282.615 0.729366
233 4 3 3 339.349 350.037 0.550747
234 4 4 0 838.455 25.2216 0.938466
235 4 4 1 625.36 90.6484 0.873678
236 4 4 2 457.084 105.434 0.784172
237 4 5 0 818.915 101.199 0.849578
238 4 5 1 417.958 124.432 0.83979
239 4 5 2 639.381 137.087 0.88031
240 4 6 0 908.665 107.454 0.844136
241 4 6 1 280.514 128.575 0.864435
242 4 6 2 729.077 128.708 0.886557
243 4 6 3 513.256 137.068 0.7664
244 4 7 0 437.578 385.885 0.269801
245 4 7 1 642.247 400.702 0.790099
246 4 7 2 796.37 400.705 0.858984
247 4 7 3 443.137 514.492 0.747456
248 4 8 0 488.026 373.244 0.558059
249 4 8 1 709.637 398.592 0.801814
250 4 8 2 858.17 413.303 0.827552
251 4 8 3 367.394 529.296 0.798779
252 4 9 0 373.089 44.2926 0.757862
253 4 10 0 886.294 35.8803 0.848586
254 4 10 1 302.867 46.4526 0.759618
255 4 10 2 664.672 75.9442 0.937838
256 4 10 3 488.049 92.7956 0.743962
257 4 11 0 796.408 177.143 0.737727
258 4 11 1 639.387 204.505 0.886957
259 4 11 2 462.708 236.179 0.832997
260 4 12 0 914.241 196.065 0.848317
261 4 12 1 549.626 194.113 0.902515
262 4 12 2 760.015 210.882 0.874525
263 4 12 3 266.44 255.173 0.808228
264 4 13 0 838.564 497.676 0.85832
265 4 13 1 639.495 514.513 0.831085
266 4 13 2 459.8 649.382 0.835689
267 4 14 0 504.704 461.802 0.460746
268 4 14 1 723.431 501.851 0.801791
269 4 14 2 844.074 533.466 0.81965
270 4 14 3 386.932 664.279 0.796328
271 4 15 0 782.457 225.552 0.736122
272 4 15 1 622.646 255.119 0.829776
273 4 15 2 482.246 312.174 0.801535
274 4 16 0 524.418 175.063 0.855845
275 4 16 1 835.728 244.663 0.856868
276 4 16 2 729.174 272.045 0.87349
277 4 16 3 255.123 347.997 0.840728
278 4 17 0 504.78 482.919 0.324601
279 4 17 1 687.175 522.942 0.667812
280 4 17 2 818.879 560.893 0.818452
281 4 17 3 328.121 662.127 0.689631
282 4 18 0 818.79 529.317 0.550883
283 4 18 1 664.698 533.58 0.697282
284 4 18 2 482.284 632.564 0.742878
P viewIdx, pafIdx, aOverAllIdx, bOverAllIdx, CandidAIdx, CandidBIdx, score
0 0 3 0 0 0 0.283821
0 0 3 1 0 1 0
0 0 3 2 0 2 0.302686
0 0 4 0 1 0 0.304054
0 0 4 1 1 1 0
0 0 4 2 1 2 0.283662
0 0 5 0 2 0 0
0 0 5 1 2 1 0.966432
0 0 5 2 2 2 0
0 1 6 20 0 0 0.515181
0 1 6 21 0 1 0
0 1 6 22 0 2 0.2751
0 1 7 20 1 0 0
0 1 7 21 1 1 0.983315
0 1 7 22 1 2 0
0 1 8 20 2 0 0
0 1 8 21 2 1 0
0 1 8 22 2 2 0.531078
0 2 20 35 0 0 0.48243
0 2 20 36 0 1 0
0 2 20 37 0 2 0.51757
0 2 21 35 1 0 0
0 2 21 36 1 1 0.98366
0 2 21 37 1 2 0
0 2 22 35 2 0 0
0 2 22 36 2 1 0
0 2 22 37 2 2 0
0 3 0 6 0 0 0.743558
0 3 0 7 0 1 0
0 3 0 8 0 2 0
0 3 1 6 1 0 0
0 3 1 7 1 1 0.919933
0 3 1 8 1 2 0
0 3 2 6 2 0 0
0 3 2 7 2 1 0
0 3 2 8 2 2 0.794434
0 4 0 9 0 0 0.684598
0 4 0 10 0 1 0
0 4 0 11 0 2 0
0 4 1 9 1 0 0
0 4 1 10 1 1 0.925771
0 4 1 11 1 2 0
0 4 2 9 2 0 0
0 4 2 10 2 1 0
0 4 2 11 2 2 0.797952
0 5 9 23 0 0 0
0 5 9 24 0 1 0.294115
0 5 9 25 0 2 0.284946
0 5 10 23 1 0 0.956553
0 5 10 24 1 1 0
0 5 10 25 1 2 0
0 5 11 23 2 0 0
0 5 11 24 2 1 0.285193
0 5 11 25 2 2 0.294238
0 6 23 38 0 0 0
0 6 23 39 0 1 0.987847
0 6 23 40 0 2 0
0 6 24 38 1 0 0.470321
0 6 24 39 1 1 0
0 6 24 40 1 2 0.529679
0 6 25 38 2 0 0
0 6 25 39 2 1 0
0 6 25 40 2 2 0
0 7 3 15 0 0 0.965816
0 7 3 16 0 1 0
0 7 3 17 0 2 0
0 7 4 15 1 0 0
0 7 4 16 1 1 0.89647
0 7 4 17 1 2 0
0 7 5 15 2 0 0
0 7 5 16 2 1 0
0 7 5 17 2 2 0.99121
0 8 15 30 0 0 0
0 8 15 31 0 1 0
0 8 15 32 0 2 0.992906
0 8 16 30 1 0 0
0 8 16 31 1 1 0.9544
0 8 16 32 1 2 0
0 8 17 30 2 0 0.960723
0 8 17 31 2 1 0
0 8 17 32 2 2 0
0 9 30 41 0 0 0
0 9 30 42 0 1 0.98023
0 9 31 41 1 0 0
0 9 31 42 1 1 0
0 9 32 41 2 0 0.93549
0 9 32 42 2 1 0
0 10 15 26 0 0 0.949546
0 10 15 27 0 1 0
0 10 15 28 0 2 0
0 10 16 26 1 0 0
0 10 16 27 1 1 0.973384
0 10 16 28 1 2 0
0 10 17 26 2 0 0
0 10 17 27 2 1 0
0 10 17 28 2 2 0.871885
0 11 3 18 0 0 0.94026
0 11 3 19 0 1 0
0 11 4 18 1 0 0
0 11 4 19 1 1 0
0 11 5 18 2 0 0
0 11 5 19 2 1 0.991008
0 12 18 33 0 0 0
0 12 18 34 0 1 0.912689
0 12 19 33 1 0 0.995936
0 12 19 34 1 1 0
0 13 33 43 0 0 0.997674
0 13 34 43 1 0 0
0 14 18 29 0 0 0
0 14 19 29 1 0 0.995239
0 15 3 12 0 0 0.526416
0 15 3 13 0 1 0
0 15 3 14 0 2 0
0 15 4 12 1 0 0.280974
0 15 4 13 1 1 0.503289
0 15 4 14 1 2 0
0 15 5 12 2 0 0
0 15 5 13 2 1 0
0 15 5 14 2 2 0.99751
0 16 38 44 0 0 0
0 16 38 45 0 1 0
0 16 38 46 0 2 0
0 16 39 44 1 0 0
0 16 39 45 1 1 0.988267
0 16 39 46 1 2 0
0 16 40 44 2 0 0
0 16 40 45 2 1 0
0 16 40 46 2 2 0.917893
0 17 35 47 0 0 0
0 17 36 47 1 0 0.924068
0 17 37 47 2 0 0
1 0 52 48 0 0 0
1 0 52 49 0 1 0.973367
1 0 52 50 0 2 0
1 0 52 51 0 3 0
1 0 53 48 1 0 0
1 0 53 49 1 1 0
1 0 53 50 1 2 0.994131
1 0 53 51 1 3 0
1 0 54 48 2 0 0
1 0 54 49 2 1 0
1 0 54 50 2 2 0
1 0 54 51 2 3 0.97463
1 0 55 48 3 0 0.983268
1 0 55 49 3 1 0
1 0 55 50 3 2 0
1 0 55 51 3 3 0
1 1 56 75 0 0 0
1 1 56 76 0 1 0.978723
1 1 56 77 0 2 0
1 1 56 78 0 3 0
1 1 57 75 1 0 0.991797
1 1 57 76 1 1 0
1 1 57 77 1 2 0
1 1 57 78 1 3 0
1 1 58 75 2 0 0
1 1 58 76 2 1 0
1 1 58 77 2 2 0.977573
1 1 58 78 2 3 0
1 1 59 75 3 0 0
1 1 59 76 3 1 0
1 1 59 77 3 2 0
1 1 59 78 3 3 0.987768
1 2 75 94 0 0 0.969235
1 2 75 95 0 1 0
1 2 75 96 0 2 0
1 2 75 97 0 3 0
1 2 76 94 1 0 0
1 2 76 95 1 1 0.985742
1 2 76 96 1 2 0
1 2 76 97 1 3 0
1 2 77 94 2 0 0
1 2 77 95 2 1 0
1 2 77 96 2 2 0.994488
1 2 77 97 2 3 0
1 2 78 94 3 0 0
1 2 78 95 3 1 0
1 2 78 96 3 2 0
1 2 78 97 3 3 0.966444
1 3 48 56 0 0 0
1 3 48 57 0 1 0.94595
1 3 48 58 0 2 0
1 3 48 59 0 3 0
1 3 49 56 1 0 0.944245
1 3 49 57 1 1 0
1 3 49 58 1 2 0
1 3 49 59 1 3 0
1 3 50 56 2 0 0
1 3 50 57 2 1 0
1 3 50 58 2 2 0.926379
1 3 50 59 2 3 0
1 3 51 56 3 0 0
1 3 51 57 3 1 0
1 3 51 58 3 2 0
1 3 51 59 3 3 0.89508
1 4 48 60 0 0 0.951866
1 4 48 61 0 1 0
1 4 48 62 0 2 0
1 4 48 63 0 3 0
1 4 49 60 1 0 0
1 4 49 61 1 1 0.948085
1 4 49 62 1 2 0
1 4 49 63 1 3 0
1 4 50 60 2 0 0
1 4 50 61 2 1 0
1 4 50 62 2 2 0.926723
1 4 50 63 2 3 0
1 4 51 60 3 0 0
1 4 51 61 3 1 0
1 4 51 62 3 2 0
1 4 51 63 3 3 0.902175
1 5 60 79 0 0 0.994341
1 5 60 80 0 1 0
1 5 60 81 0 2 0
1 5 60 82 0 3 0
1 5 61 79 1 0 0
1 5 61 80 1 1 0.998777
1 5 61 81 1 2 0
1 5 61 82 1 3 0
1 5 62 79 2 0 0
1 5 62 80 2 1 0
1 5 62 81 2 2 0.976521
1 5 62 82 2 3 0
1 5 63 79 3 0 0
1 5 63 80 3 1 0
1 5 63 81 3 2 0
1 5 63 82 3 3 0.98211
1 6 79 98 0 0 0.998856
1 6 79 99 0 1 0
1 6 79 100 0 2 0
1 6 79 101 0 3 0
1 6 80 98 1 0 0
1 6 80 99 1 1 0.991523
1 6 80 100 1 2 0
1 6 80 101 1 3 0
1 6 81 98 2 0 0
1 6 81 99 2 1 0
1 6 81 100 2 2 0
1 6 81 101 2 3 0.994898
1 6 82 98 3 0 0
1 6 82 99 3 1 0
1 6 82 100 3 2 0.996213
1 6 82 101 3 3 0
1 7 52 67 0 0 0.984076
1 7 52 68 0 1 0
1 7 52 69 0 2 0
1 7 52 70 0 3 0
1 7 53 67 1 0 0
1 7 53 68 1 1 0.994893
1 7 53 69 1 2 0
1 7 53 70 1 3 0
1 7 54 67 2 0 0
1 7 54 68 2 1 0
1 7 54 69 2 2 0.99483
1 7 54 70 2 3 0
1 7 55 67 3 0 0
1 7 55 68 3 1 0
1 7 55 69 3 2 0
1 7 55 70 3 3 0.996084
1 8 67 88 0 0 0.997257
1 8 67 89 0 1 0
1 8 67 90 0 2 0
1 8 67 91 0 3 0
1 8 68 88 1 0 0
1 8 68 89 1 1 0.252785
1 8 68 90 1 2 0.525767
1 8 68 91 1 3 0
1 8 69 88 2 0 0
1 8 69 89 2 1 0
1 8 69 90 2 2 0
1 8 69 91 2 3 0.995047
1 8 70 88 3 0 0
1 8 70 89 3 1 0.520594
1 8 70 90 3 2 0
1 8 70 91 3 3 0
1 9 88 102 0 0 0.979015
1 9 88 103 0 1 0
1 9 88 104 0 2 0
1 9 89 102 1 0 0
1 9 89 103 1 1 0.249387
1 9 89 104 1 2 0.285164
1 9 90 102 2 0 0
1 9 90 103 2 1 0.285417
1 9 90 104 2 2 0.249937
1 9 91 102 3 0 0
1 9 91 103 3 1 0
1 9 91 104 3 2 0
1 10 67 83 0 0 0.987804
1 10 67 84 0 1 0
1 10 67 85 0 2 0
1 10 67 86 0 3 0
1 10 68 83 1 0 0
1 10 68 84 1 1 0
1 10 68 85 1 2 0.993627
1 10 68 86 1 3 0
1 10 69 83 2 0 0
1 10 69 84 2 1 0.998315
1 10 69 85 2 2 0
1 10 69 86 2 3 0
1 10 70 83 3 0 0
1 10 70 84 3 1 0
1 10 70 85 3 2 0
1 10 70 86 3 3 0.960794
1 11 52 71 0 0 0.96851
1 11 52 72 0 1 0
1 11 52 73 0 2 0
1 11 52 74 0 3 0
1 11 53 71 1 0 0
1 11 53 72 1 1 0
1 11 53 73 1 2 0.999786
1 11 53 74 1 3 0
1 11 54 71 2 0 0
1 11 54 72 2 1 0.999858
1 11 54 73 2 2 0
1 11 54 74 2 3 0
1 11 55 71 3 0 0
1 11 55 72 3 1 0
1 11 55 73 3 2 0
1 11 55 74 3 3 0.990647
1 12 71 92 0 0 0
1 12 71 93 0 1 0
1 12 72 92 1 0 0.504162
1 12 72 93 1 1 0
1 12 73 92 2 0 0
1 12 73 93 2 1 0.956509
1 12 74 92 3 0 0.495838
1 12 74 93 3 1 0
1 13 92 105 0 0 0
1 13 92 106 0 1 0
1 13 93 105 1 0 0.970791
1 13 93 106 1 1 0
1 14 71 87 0 0 0
1 14 72 87 1 0 0.515101
1 14 73 87 2 0 0
1 14 74 87 3 0 0.484899
1 15 52 64 0 0 0.81113
1 15 52 65 0 1 0
1 15 52 66 0 2 0
1 15 53 64 1 0 0
1 15 53 65 1 1 0.958206
1 15 53 66 1 2 0
1 15 54 64 2 0 0
1 15 54 65 2 1 0
1 15 54 66 2 2 0
1 15 55 64 3 0 0
1 15 55 65 3 1 0
1 15 55 66 3 2 0.980177
1 16 98 107 0 0 0.967195
1 16 98 108 0 1 0
1 16 98 109 0 2 0
1 16 98 110 0 3 0
1 16 99 107 1 0 0
1 16 99 108 1 1 0.837446
1 16 99 109 1 2 0
1 16 99 110 1 3 0
1 16 100 107 2 0 0
1 16 100 108 2 1 0
1 16 100 109 2 2 0
1 16 100 110 2 3 0.897685
1 16 101 107 3 0 0
1 16 101 108 3 1 0
1 16 101 109 3 2 0.831161
1 16 101 110 3 3 0
1 17 94 111 0 0 0.964652
1 17 94 112 0 1 0
1 17 94 113 0 2 0
1 17 94 114 0 3 0
1 17 95 111 1 0 0
1 17 95 112 1 1 0.921659
1 17 95 113 1 2 0
1 17 95 114 1 3 0
1 17 96 111 2 0 0
1 17 96 112 2 1 0
1 17 96 113 2 2 0.894574
1 17 96 114 2 3 0
1 17 97 111 3 0 0
1 17 97 112 3 1 0
1 17 97 113 3 2 0
1 17 97 114 3 3 0.830484
2 0 119 115 0 0 0.860667
2 0 119 116 0 1 0
2 0 119 117 0 2 0
2 0 119 118 0 3 0
2 0 120 115 1 0 0
2 0 120 116 1 1 0.970248
2 0 120 117 1 2 0
2 0 120 118 1 3 0
2 0 121 115 2 0 0
2 0 121 116 2 1 0
2 0 121 117 2 2 0.992592
2 0 121 118 2 3 0
2 0 122 115 3 0 0
2 0 122 116 3 1 0
2 0 122 117 3 2 0
2 0 122 118 3 3 0.995928
2 1 123 141 0 0 0
2 1 123 142 0 1 0
2 1 123 143 0 2 0
2 1 124 141 1 0 0.983162
2 1 124 142 1 1 0
2 1 124 143 1 2 0
2 1 125 141 2 0 0
2 1 125 142 2 1 0.952733
2 1 125 143 2 2 0
2 1 126 141 3 0 0
2 1 126 142 3 1 0
2 1 126 143 3 2 0.990017
2 2 141 160 0 0 0.981164
2 2 141 161 0 1 0
2 2 141 162 0 2 0
2 2 142 160 1 0 0
2 2 142 161 1 1 0.966331
2 2 142 162 1 2 0
2 2 143 160 2 0 0
2 2 143 161 2 1 0
2 2 143 162 2 2 0.995716
2 3 115 123 0 0 0.777916
2 3 115 124 0 1 0
2 3 115 125 0 2 0
2 3 115 126 0 3 0
2 3 116 123 1 0 0
2 3 116 124 1 1 0.955583
2 3 116 125 1 2 0
2 3 116 126 1 3 0
2 3 117 123 2 0 0
2 3 117 124 2 1 0
2 3 117 125 2 2 0.945503
2 3 117 126 2 3 0
2 3 118 123 3 0 0
2 3 118 124 3 1 0
2 3 118 125 3 2 0
2 3 118 126 3 3 0.909733
2 4 115 127 0 0 0.762888
2 4 115 128 0 1 0
2 4 115 129 0 2 0
2 4 115 130 0 3 0
2 4 116 127 1 0 0
2 4 116 128 1 1 0.95737
2 4 116 129 1 2 0
2 4 116 130 1 3 0
2 4 117 127 2 0 0
2 4 117 128 2 1 0
2 4 117 129 2 2 0.944559
2 4 117 130 2 3 0
2 4 118 127 3 0 0
2 4 118 128 3 1 0
2 4 118 129 3 2 0
2 4 118 130 3 3 0.906367
2 5 127 144 0 0 0
2 5 127 145 0 1 0
2 5 127 146 0 2 0
2 5 128 144 1 0 0.973765
2 5 128 145 1 1 0
2 5 128 146 1 2 0
2 5 129 144 2 0 0
2 5 129 145 2 1 0.977096
2 5 129 146 2 2 0
2 5 130 144 3 0 0
2 5 130 145 3 1 0
2 5 130 146 3 2 0.980859
2 6 144 163 0 0 0.998669
2 6 144 164 0 1 0
2 6 144 165 0 2 0
2 6 145 163 1 0 0
2 6 145 164 1 1 0.98493
2 6 145 165 1 2 0
2 6 146 163 2 0 0
2 6 146 164 2 1 0
2 6 146 165 2 2 0.998347
2 7 119 133 0 0 0.9317
2 7 119 134 0 1 0
2 7 119 135 0 2 0
2 7 119 136 0 3 0
2 7 120 133 1 0 0
2 7 120 134 1 1 0.981382
2 7 120 135 1 2 0
2 7 120 136 1 3 0
2 7 121 133 2 0 0
2 7 121 134 2 1 0
2 7 121 135 2 2 0.997241
2 7 121 136 2 3 0
2 7 122 133 3 0 0
2 7 122 134 3 1 0
2 7 122 135 3 2 0
2 7 122 136 3 3 0.990064
2 8 133 153 0 0 0.949212
2 8 133 154 0 1 0
2 8 133 155 0 2 0
2 8 133 156 0 3 0
2 8 134 153 1 0 0
2 8 134 154 1 1 0.873862
2 8 134 155 1 2 0
2 8 134 156 1 3 0
2 8 135 153 2 0 0
2 8 135 154 2 1 0
2 8 135 155 2 2 0.994258
2 8 135 156 2 3 0
2 8 136 153 3 0 0
2 8 136 154 3 1 0
2 8 136 155 3 2 0
2 8 136 156 3 3 0.982147
2 9 153 166 0 0 0
2 9 153 167 0 1 0.874647
2 9 153 168 0 2 0
2 9 154 166 1 0 0.944671
2 9 154 167 1 1 0
2 9 154 168 1 2 0
2 9 155 166 2 0 0
2 9 155 167 2 1 0
2 9 155 168 2 2 0.92359
2 9 156 166 3 0 0
2 9 156 167 3 1 0
2 9 156 168 3 2 0
2 10 133 147 0 0 0.977612
2 10 133 148 0 1 0
2 10 133 149 0 2 0
2 10 134 147 1 0 0
2 10 134 148 1 1 0
2 10 134 149 1 2 0
2 10 135 147 2 0 0
2 10 135 148 2 1 0.997841
2 10 135 149 2 2 0
2 10 136 147 3 0 0
2 10 136 148 3 1 0
2 10 136 149 3 2 0.962187
2 11 119 137 0 0 0.913583
2 11 119 138 0 1 0
2 11 119 139 0 2 0
2 11 119 140 0 3 0
2 11 120 137 1 0 0
2 11 120 138 1 1 0.983414
2 11 120 139 1 2 0
2 11 120 140 1 3 0
2 11 121 137 2 0 0
2 11 121 138 2 1 0
2 11 121 139 2 2 0.996263
2 11 121 140 2 3 0
2 11 122 137 3 0 0
2 11 122 138 3 1 0
2 11 122 139 3 2 0
2 11 122 140 3 3 0.969321
2 12 137 157 0 0 0
2 12 137 158 0 1 0
2 12 137 159 0 2 0
2 12 138 157 1 0 0.990088
2 12 138 158 1 1 0
2 12 138 159 1 2 0
2 12 139 157 2 0 0
2 12 139 158 2 1 0.968896
2 12 139 159 2 2 0
2 12 140 157 3 0 0
2 12 140 158 3 1 0
2 12 140 159 3 2 0.981056
2 13 157 169 0 0 0.985633
2 13 157 170 0 1 0
2 13 158 169 1 0 0
2 13 158 170 1 1 0.890333
2 13 159 169 2 0 0
2 13 159 170 2 1 0
2 14 137 150 0 0 0
2 14 137 151 0 1 0
2 14 137 152 0 2 0
2 14 138 150 1 0 0.99068
2 14 138 151 1 1 0
2 14 138 152 1 2 0
2 14 139 150 2 0 0
2 14 139 151 2 1 0.973065
2 14 139 152 2 2 0
2 14 140 150 3 0 0
2 14 140 151 3 1 0
2 14 140 152 3 2 0.9469
2 15 119 131 0 0 0.854206
2 15 119 132 0 1 0
2 15 120 131 1 0 0
2 15 120 132 1 1 0.930724
2 15 121 131 2 0 0
2 15 121 132 2 1 0
2 15 122 131 3 0 0
2 15 122 132 3 1 0
2 16 163 171 0 0 0.942199
2 16 163 172 0 1 0
2 16 163 173 0 2 0
2 16 164 171 1 0 0
2 16 164 172 1 1 0.734038
2 16 164 173 1 2 0
2 16 165 171 2 0 0
2 16 165 172 2 1 0
2 16 165 173 2 2 0.717721
2 17 160 174 0 0 0
2 17 160 175 0 1 0
2 17 161 174 1 0 0.687821
2 17 161 175 1 1 0
2 17 162 174 2 0 0
2 17 162 175 2 1 0.718984
3 0 179 176 0 0 0.292021
3 0 179 177 0 1 0
3 0 179 178 0 2 0.288818
3 0 180 176 1 0 0.28838
3 0 180 177 1 1 0
3 0 180 178 1 2 0.292104
3 0 181 176 2 0 0
3 0 181 177 2 1 0.984055
3 0 181 178 2 2 0
3 1 182 194 0 0 0.273086
3 1 182 195 0 1 0
3 1 182 196 0 2 0.274874
3 1 183 194 1 0 0
3 1 183 195 1 1 0.986739
3 1 183 196 1 2 0
3 1 184 194 2 0 0.274825
3 1 184 195 2 1 0
3 1 184 196 2 2 0.273171
3 2 194 206 0 0 0.458875
3 2 194 207 0 1 0
3 2 194 208 0 2 0.28406
3 2 195 206 1 0 0
3 2 195 207 1 1 0.991566
3 2 195 208 1 2 0
3 2 196 206 2 0 0
3 2 196 207 2 1 0
3 2 196 208 2 2 0.517618
3 3 176 182 0 0 0.494676
3 3 176 183 0 1 0
3 3 176 184 0 2 0
3 3 177 182 1 0 0
3 3 177 183 1 1 0.923485
3 3 177 184 1 2 0
3 3 178 182 2 0 0.308387
3 3 178 183 2 1 0
3 3 178 184 2 2 0.534035
3 4 176 185 0 0 0.480522
3 4 176 186 0 1 0
3 4 176 187 0 2 0.319881
3 4 177 185 1 0 0
3 4 177 186 1 1 0.925909
3 4 177 187 1 2 0
3 4 178 185 2 0 0
3 4 178 186 2 1 0
3 4 178 187 2 2 0.544494
3 5 185 197 0 0 0.309379
3 5 185 198 0 1 0
3 5 185 199 0 2 0.270481
3 5 186 197 1 0 0
3 5 186 198 1 1 0.995647
3 5 186 199 1 2 0
3 5 187 197 2 0 0.268768
3 5 187 198 2 1 0
3 5 187 199 2 2 0.306938
3 6 197 209 0 0 0.499175
3 6 197 210 0 1 0
3 6 197 211 0 2 0.270499
3 6 198 209 1 0 0
3 6 198 210 1 1 0.98368
3 6 198 211 1 2 0
3 6 199 209 2 0 0
3 6 199 210 2 1 0
3 6 199 211 2 2 0.523985
3 7 179 189 0 0 0.935494
3 7 179 190 0 1 0
3 7 180 189 1 0 0
3 7 180 190 1 1 0
3 7 181 189 2 0 0
3 7 181 190 2 1 0.97027
3 8 189 203 0 0 0
3 8 190 203 1 0 0.993811
3 9 203 212 0 0 0.988406
3 10 189 200 0 0 0
3 10 190 200 1 0 0.99141
3 11 179 191 0 0 0.937256
3 11 179 192 0 1 0
3 11 179 193 0 2 0
3 11 180 191 1 0 0
3 11 180 192 1 1 0
3 11 180 193 1 2 0.684255
3 11 181 191 2 0 0
3 11 181 192 2 1 0.9706
3 11 181 193 2 2 0
3 12 191 204 0 0 0
3 12 191 205 0 1 0.951187
3 12 192 204 1 0 0
3 12 192 205 1 1 0
3 12 193 204 2 0 0.928539
3 12 193 205 2 1 0
3 13 204 213 0 0 0
3 13 205 213 1 0 0.939705
3 14 191 201 0 0 0.526862
3 14 191 202 0 1 0
3 14 192 201 1 0 0
3 14 192 202 1 1 0
3 14 193 201 2 0 0.256685
3 14 193 202 2 1 0.522598
3 15 179 188 0 0 0
3 15 180 188 1 0 0
3 15 181 188 2 0 0.957566
3 16 209 214 0 0 0.71561
3 16 209 215 0 1 0
3 16 210 214 1 0 0
3 16 210 215 1 1 0
3 16 211 214 2 0 0
3 16 211 215 2 1 0.972341
3 17 206 216 0 0 0
3 17 206 217 0 1 0
3 17 207 216 1 0 0.999237
3 17 207 217 1 1 0
3 17 208 216 2 0 0
3 17 208 217 2 1 0.728263
4 0 222 218 0 0 0
4 0 222 219 0 1 0
4 0 222 220 0 2 0.992192
4 0 222 221 0 3 0
4 0 223 218 1 0 0
4 0 223 219 1 1 0
4 0 223 220 1 2 0
4 0 223 221 1 3 0.992457
4 0 224 218 2 0 0
4 0 224 219 2 1 0.991444
4 0 224 220 2 2 0
4 0 224 221 2 3 0
4 0 225 218 3 0 0.95025
4 0 225 219 3 1 0
4 0 225 220 3 2 0
4 0 225 221 3 3 0
4 1 226 244 0 0 0.253922
4 1 226 245 0 1 0
4 1 226 246 0 2 0
4 1 226 247 0 3 0.2572
4 1 227 244 1 0 0
4 1 227 245 1 1 0.969218
4 1 227 246 1 2 0
4 1 227 247 1 3 0
4 1 228 244 2 0 0
4 1 228 245 2 1 0
4 1 228 246 2 2 0.992889
4 1 228 247 2 3 0
4 1 229 244 3 0 0.257176
4 1 229 245 3 1 0
4 1 229 246 3 2 0
4 1 229 247 3 3 0.253963
4 2 244 264 0 0 0
4 2 244 265 0 1 0
4 2 244 266 0 2 0.482468
4 2 245 264 1 0 0
4 2 245 265 1 1 0.996989
4 2 245 266 1 2 0
4 2 246 264 2 0 0.989597
4 2 246 265 2 1 0
4 2 246 266 2 2 0
4 2 247 264 3 0 0
4 2 247 265 3 1 0
4 2 247 266 3 2 0.517532
4 3 218 226 0 0 0.917813
4 3 218 227 0 1 0
4 3 218 228 0 2 0
4 3 218 229 0 3 0
4 3 219 226 1 0 0
4 3 219 227 1 1 0.948772
4 3 219 228 1 2 0
4 3 219 229 1 3 0
4 3 220 226 2 0 0
4 3 220 227 2 1 0
4 3 220 228 2 2 0.948068
4 3 220 229 2 3 0
4 3 221 226 3 0 0
4 3 221 227 3 1 0
4 3 221 228 3 2 0
4 3 221 229 3 3 0.874868
4 4 218 230 0 0 0.924208
4 4 218 231 0 1 0
4 4 218 232 0 2 0
4 4 218 233 0 3 0
4 4 219 230 1 0 0
4 4 219 231 1 1 0.943212
4 4 219 232 1 2 0
4 4 219 233 1 3 0
4 4 220 230 2 0 0
4 4 220 231 2 1 0
4 4 220 232 2 2 0.939006
4 4 220 233 2 3 0
4 4 221 230 3 0 0
4 4 221 231 3 1 0
4 4 221 232 3 2 0
4 4 221 233 3 3 0.873003
4 5 230 248 0 0 0.934538
4 5 230 249 0 1 0
4 5 230 250 0 2 0
4 5 230 251 0 3 0
4 5 231 248 1 0 0
4 5 231 249 1 1 0.998102
4 5 231 250 1 2 0
4 5 231 251 1 3 0
4 5 232 248 2 0 0
4 5 232 249 2 1 0
4 5 232 250 2 2 0.990563
4 5 232 251 2 3 0
4 5 233 248 3 0 0
4 5 233 249 3 1 0
4 5 233 250 3 2 0
4 5 233 251 3 3 0.986086
4 6 248 267 0 0 0.922311
4 6 248 268 0 1 0
4 6 248 269 0 2 0
4 6 248 270 0 3 0
4 6 249 267 1 0 0
4 6 249 268 1 1 0.992628
4 6 249 269 1 2 0
4 6 249 270 1 3 0
4 6 250 267 2 0 0
4 6 250 268 2 1 0
4 6 250 269 2 2 0.995192
4 6 250 270 2 3 0
4 6 251 267 3 0 0
4 6 251 268 3 1 0
4 6 251 269 3 2 0
4 6 251 270 3 3 0.999671
4 7 222 237 0 0 0.995091
4 7 222 238 0 1 0
4 7 222 239 0 2 0
4 7 223 237 1 0 0
4 7 223 238 1 1 0.984561
4 7 223 239 1 2 0
4 7 224 237 2 0 0
4 7 224 238 2 1 0
4 7 224 239 2 2 0.986974
4 7 225 237 3 0 0
4 7 225 238 3 1 0
4 7 225 239 3 2 0
4 8 237 257 0 0 0.952066
4 8 237 258 0 1 0
4 8 237 259 0 2 0
4 8 238 257 1 0 0
4 8 238 258 1 1 0
4 8 238 259 1 2 0.987317
4 8 239 257 2 0 0
4 8 239 258 2 1 0.997564
4 8 239 259 2 2 0
4 9 257 271 0 0 0.949634
4 9 257 272 0 1 0
4 9 257 273 0 2 0
4 9 258 271 1 0 0
4 9 258 272 1 1 0.96557
4 9 258 273 1 2 0
4 9 259 271 2 0 0
4 9 259 272 2 1 0
4 9 259 273 2 2 0.986011
4 10 237 252 0 0 0
4 10 238 252 1 0 0.982322
4 10 239 252 2 0 0
4 11 222 240 0 0 0.99899
4 11 222 241 0 1 0
4 11 222 242 0 2 0
4 11 222 243 0 3 0
4 11 223 240 1 0 0
4 11 223 241 1 1 0.988399
4 11 223 242 1 2 0
4 11 223 243 1 3 0
4 11 224 240 2 0 0
4 11 224 241 2 1 0
4 11 224 242 2 2 0.99203
4 11 224 243 2 3 0
4 11 225 240 3 0 0
4 11 225 241 3 1 0
4 11 225 242 3 2 0
4 11 225 243 3 3 0.96409
4 12 240 260 0 0 0.995503
4 12 240 261 0 1 0
4 12 240 262 0 2 0
4 12 240 263 0 3 0
4 12 241 260 1 0 0
4 12 241 261 1 1 0
4 12 241 262 1 2 0
4 12 241 263 1 3 0.965133
4 12 242 260 2 0 0
4 12 242 261 2 1 0
4 12 242 262 2 2 0.996399
4 12 242 263 2 3 0
4 12 243 260 3 0 0
4 12 243 261 3 1 0.99965
4 12 243 262 3 2 0
4 12 243 263 3 3 0
4 13 260 274 0 0 0
4 13 260 275 0 1 0.964006
4 13 260 276 0 2 0
4 13 260 277 0 3 0
4 13 261 274 1 0 0.997982
4 13 261 275 1 1 0
4 13 261 276 1 2 0
4 13 261 277 1 3 0
4 13 262 274 2 0 0
4 13 262 275 2 1 0
4 13 262 276 2 2 0.982845
4 13 262 277 2 3 0
4 13 263 274 3 0 0
4 13 263 275 3 1 0
4 13 263 276 3 2 0
4 13 263 277 3 3 0.996365
4 14 240 253 0 0 0.996562
4 14 240 254 0 1 0
4 14 240 255 0 2 0
4 14 240 256 0 3 0
4 14 241 253 1 0 0
4 14 241 254 1 1 0.959736
4 14 241 255 1 2 0
4 14 241 256 1 3 0
4 14 242 253 2 0 0
4 14 242 254 2 1 0
4 14 242 255 2 2 0.986521
4 14 242 256 2 3 0
4 14 243 253 3 0 0
4 14 243 254 3 1 0
4 14 243 255 3 2 0
4 14 243 256 3 3 0.970605
4 15 222 234 0 0 0.997931
4 15 222 235 0 1 0
4 15 222 236 0 2 0
4 15 223 234 1 0 0
4 15 223 235 1 1 0
4 15 223 236 1 2 0
4 15 224 234 2 0 0
4 15 224 235 2 1 0.986594
4 15 224 236 2 2 0
4 15 225 234 3 0 0
4 15 225 235 3 1 0
4 15 225 236 3 2 0.987552
4 16 267 278 0 0 0.790102
4 16 267 279 0 1 0
4 16 267 280 0 2 0
4 16 267 281 0 3 0
4 16 268 278 1 0 0
4 16 268 279 1 1 0.940555
4 16 268 280 1 2 0
4 16 268 281 1 3 0
4 16 269 278 2 0 0
4 16 269 279 2 1 0
4 16 269 280 2 2 0.966596
4 16 269 281 2 3 0
4 16 270 278 3 0 0
4 16 270 279 3 1 0
4 16 270 280 3 2 0
4 16 270 281 3 3 0.97752
4 17 264 282 0 0 0.950338
4 17 264 283 0 1 0
4 17 264 284 0 2 0
4 17 265 282 1 0 0
4 17 265 283 1 1 0.96019
4 17 265 284 1 2 0
4 17 266 282 2 0 0
4 17 266 283 2 1 0
4 17 266 284 2 2 0.845512
E jointIdx viewA viewB aOverAllIdx bOverallIdx score
0 0 1 0 48 0.323464
0 0 1 0 49 0.608059
0 0 1 0 50 0.342762
0 0 1 0 51 -0.793754
0 0 1 1 48 0.470799
0 0 1 1 49 0.0770645
0 0 1 1 50 0.488027
0 0 1 1 51 -1
0 0 1 2 48 0.121689
0 0 1 2 49 -1
0 0 1 2 50 0.0801498
0 0 1 2 51 0.612291
0 0 2 0 115 -0.835373
0 0 2 0 116 0.574063
0 0 2 0 117 0.643153
0 0 2 0 118 0.618157
0 0 2 1 115 0.534246
0 0 2 1 116 -1
0 0 2 1 117 -1
0 0 2 1 118 -1
0 0 2 2 115 -0.738871
0 0 2 2 116 0.533372
0 0 2 2 117 0.610729
0 0 2 2 118 0.594771
0 0 3 0 176 0.996542
0 0 3 0 177 -1
0 0 3 0 178 0.884968
0 0 3 1 176 -1
0 0 3 1 177 0.884373
0 0 3 1 178 -1
0 0 3 2 176 0.985819
0 0 3 2 177 -1
0 0 3 2 178 0.87655
0 0 4 0 218 -1
0 0 4 0 219 0.607691
0 0 4 0 220 0.675178
0 0 4 0 221 -1
0 0 4 1 218 -1
0 0 4 1 219 -1
0 0 4 1 220 -1
0 0 4 1 221 0.984554
0 0 4 2 218 0.666694
0 0 4 2 219 -1
0 0 4 2 220 -1
0 0 4 2 221 -1
0 1 2 48 115 0.595399
0 1 2 48 116 0.461212
0 1 2 48 117 -1
0 1 2 48 118 -1
0 1 2 49 115 -1
0 1 2 49 116 -1
0 1 2 49 117 -1
0 1 2 49 118 0.961357
0 1 2 50 115 -1
0 1 2 50 116 -1
0 1 2 50 117 0.849521
0 1 2 50 118 -1
0 1 2 51 115 0.235666
0 1 2 51 116 0.858728
0 1 2 51 117 -1
0 1 2 51 118 -1
0 1 3 48 176 0.365861
0 1 3 48 177 0.767976
0 1 3 48 178 -1
0 1 3 49 176 0.00639187
0 1 3 49 177 -1
0 1 3 49 178 0.857972
0 1 3 50 176 0.170957
0 1 3 50 177 -1
0 1 3 50 178 0.640427
0 1 3 51 176 0.45679
0 1 3 51 177 0.602724
0 1 3 51 178 -1
0 1 4 48 218 0.435667
0 1 4 48 219 -1
0 1 4 48 220 -1
0 1 4 48 221 0.664472
0 1 4 49 218 -1
0 1 4 49 219 -1
0 1 4 49 220 0.850693
0 1 4 49 221 -1
0 1 4 50 218 -1
0 1 4 50 219 0.97019
0 1 4 50 220 -1
0 1 4 50 221 -1
0 1 4 51 218 0.640808
0 1 4 51 219 -1
0 1 4 51 220 -1
0 1 4 51 221 0.145329
0 2 3 115 176 -0.871943
0 2 3 115 177 0.734529
0 2 3 115 178 -0.58213
0 2 3 116 176 0.624701
0 2 3 116 177 -1
0 2 3 116 178 0.559542
0 2 3 117 176 0.649232
0 2 3 117 177 -1
0 2 3 117 178 0.539466
0 2 3 118 176 0.59801
0 2 3 118 177 -1
0 2 3 118 178 0.483123
0 2 4 115 218 0.855983
0 2 4 115 219 -1
0 2 4 115 220 -1
0 2 4 115 221 0.235056
0 2 4 116 218 0.464665
0 2 4 116 219 -1
0 2 4 116 220 -1
0 2 4 116 221 0.650747
0 2 4 117 218 -1
0 2 4 117 219 0.83634
0 2 4 117 220 -1
0 2 4 117 221 -1
0 2 4 118 218 -1
0 2 4 118 219 -1
0 2 4 118 220 0.767684
0 2 4 118 221 -1
0 3 4 176 218 0.800778
0 3 4 176 219 0.137414
0 3 4 176 220 -1
0 3 4 176 221 -1
0 3 4 177 218 -0.741422
0 3 4 177 219 0.313055
0 3 4 177 220 0.680079
0 3 4 177 221 0.665125
0 3 4 178 218 -0.744667
0 3 4 178 219 0.327914
0 3 4 178 220 0.688634
0 3 4 178 221 0.641009
1 0 1 3 52 0.273676
1 0 1 3 53 0.101787
1 0 1 3 54 0.168065
1 0 1 3 55 0.0870675
1 0 1 4 52 0.283047
1 0 1 4 53 0.133938
1 0 1 4 54 0.122842
1 0 1 4 55 0.10444
1 0 1 5 52 -1
1 0 1 5 53 0.313436
1 0 1 5 54 0.189632
1 0 1 5 55 0.446025
1 0 2 3 119 -1
1 0 2 3 120 0.885896
1 0 2 3 121 0.178714
1 0 2 3 122 -1
1 0 2 4 119 -0.832676
1 0 2 4 120 0.388696
1 0 2 4 121 0.679201
1 0 2 4 122 0.764779
1 0 2 5 119 0.98762
1 0 2 5 120 -1
1 0 2 5 121 -1
1 0 2 5 122 -1
1 0 3 3 179 0.890543
1 0 3 3 180 0.453585
1 0 3 3 181 -1
1 0 3 4 179 0.440343
1 0 3 4 180 0.226076
1 0 3 4 181 0.0985746
1 0 3 5 179 -1
1 0 3 5 180 0.111501
1 0 3 5 181 0.951126
1 0 4 3 222 0.149884
1 0 4 3 223 0.039319
1 0 4 3 224 0.154966
1 0 4 3 225 0.266127
1 0 4 4 222 0.438593
1 0 4 4 223 -0.666871
1 0 4 4 224 0.42285
1 0 4 4 225 0.245102
1 0 4 5 222 0.0583786
1 0 4 5 223 0.583919
1 0 4 5 224 0.0679653
1 0 4 5 225 0.119291
1 1 2 52 119 -1
1 1 2 52 120 -1
1 1 2 52 121 -1
1 1 2 52 122 0.882705
1 1 2 53 119 -1
1 1 2 53 120 -1
1 1 2 53 121 0.970283
1 1 2 53 122 -1
1 1 2 54 119 -1
1 1 2 54 120 0.931969
1 1 2 54 121 -1
1 1 2 54 122 -1
1 1 2 55 119 0.749311
1 1 2 55 120 -1
1 1 2 55 121 -1
1 1 2 55 122 -1
1 1 3 52 179 0.237816
1 1 3 52 180 0.139126
1 1 3 52 181 0.048904
1 1 3 53 179 0.118177
1 1 3 53 180 0.137079
1 1 3 53 181 0.164309
1 1 3 54 179 0.136237
1 1 3 54 180 0.174519
1 1 3 54 181 0.0991431
1 1 3 55 179 0.0460344
1 1 3 55 180 0.109018
1 1 3 55 181 0.268392
1 1 4 52 222 0.999417
1 1 4 52 223 -1
1 1 4 52 224 -1
1 1 4 52 225 -1
1 1 4 53 222 -1
1 1 4 53 223 -1
1 1 4 53 224 0.952185
1 1 4 53 225 -1
1 1 4 54 222 -1
1 1 4 54 223 0.982342
1 1 4 54 224 -1
1 1 4 54 225 0.965955
1 1 4 55 222 -1
1 1 4 55 223 0.999738
1 1 4 55 224 -1
1 1 4 55 225 0.961288
1 2 3 119 179 -1
1 2 3 119 180 -1
1 2 3 119 181 0.866905
1 2 3 120 179 -1
1 2 3 120 180 0.798134
1 2 3 120 181 -1
1 2 3 121 179 0.618428
1 2 3 121 180 0.363112
1 2 3 121 181 -1
1 2 3 122 179 0.892666
1 2 3 122 180 0.0551671
1 2 3 122 181 -1
1 2 4 119 222 -1
1 2 4 119 223 0.909599
1 2 4 119 224 -1
1 2 4 119 225 0.0982018
1 2 4 120 222 -1
1 2 4 120 223 -1
1 2 4 120 224 -1
1 2 4 120 225 0.955501
1 2 4 121 222 -1
1 2 4 121 223 -1
1 2 4 121 224 0.989849
1 2 4 121 225 -1
1 2 4 122 222 0.935113
1 2 4 122 223 -1
1 2 4 122 224 -1
1 2 4 122 225 -1
1 3 4 179 222 0.141846
1 3 4 179 223 0.126579
1 3 4 179 224 0.0883867
1 3 4 179 225 0.0770645
1 3 4 180 222 0.094054
1 3 4 180 223 0.091418
1 3 4 180 224 0.13375
1 3 4 180 225 0.140352
1 3 4 181 222 0.106566
1 3 4 181 223 0.120001
1 3 4 181 224 0.109572
1 3 4 181 225 0.111834
2 0 1 6 56 0.593415
2 0 1 6 57 0.373607
2 0 1 6 58 0.388593
2 0 1 6 59 -0.763848
2 0 1 7 56 0.435956
2 0 1 7 57 0.510522
2 0 1 7 58 0.428919
2 0 1 7 59 -1
2 0 1 8 56 -1
2 0 1 8 57 0.000367503
2 0 1 8 58 0.0623501
2 0 1 8 59 0.599965
2 0 2 6 123 -0.800113
2 0 2 6 124 0.54122
2 0 2 6 125 0.667509
2 0 2 6 126 0.591384
2 0 2 7 123 0.415193
2 0 2 7 124 -1
2 0 2 7 125 -1
2 0 2 7 126 -1
2 0 2 8 123 -1
2 0 2 8 124 0.44923
2 0 2 8 125 0.519942
2 0 2 8 126 0.350154
2 0 3 6 182 0.918636
2 0 3 6 183 -1
2 0 3 6 184 0.809517
2 0 3 7 182 -1
2 0 3 7 183 0.866811
2 0 3 7 184 -1
2 0 3 8 182 0.598962
2 0 3 8 183 -1
2 0 3 8 184 0.36964
2 0 4 6 226 -1
2 0 4 6 227 0.437861
2 0 4 6 228 0.899095
2 0 4 6 229 -1
2 0 4 7 226 -1
2 0 4 7 227 -1
2 0 4 7 228 -1
2 0 4 7 229 0.841386
2 0 4 8 226 0.59391
2 0 4 8 227 -1
2 0 4 8 228 -1
2 0 4 8 229 -1
2 1 2 56 123 -1
2 1 2 56 124 -1
2 1 2 56 125 -1
2 1 2 56 126 0.840721
2 1 2 57 123 0.404796
2 1 2 57 124 0.0125699
2 1 2 57 125 -1
2 1 2 57 126 -1
2 1 2 58 123 -1
2 1 2 58 124 -1
2 1 2 58 125 0.749423
2 1 2 58 126 -1
2 1 2 59 123 -1
2 1 2 59 124 0.722442
2 1 2 59 125 -1
2 1 2 59 126 -1
2 1 3 56 182 0.0794153
2 1 3 56 183 -1
2 1 3 56 184 0.987559
2 1 3 57 182 0.312004
2 1 3 57 183 0.802216
2 1 3 57 184 -1
2 1 3 58 182 0.184845
2 1 3 58 183 0.0725347
2 1 3 58 184 0.495058
2 1 3 59 182 0.408112
2 1 3 59 183 0.828239
2 1 3 59 184 -1
2 1 4 56 226 -1
2 1 4 56 227 -1
2 1 4 56 228 0.604909
2 1 4 56 229 -1
2 1 4 57 226 0.0234489
2 1 4 57 227 -1
2 1 4 57 228 -1
2 1 4 57 229 0.700144
2 1 4 58 226 -1
2 1 4 58 227 0.861166
2 1 4 58 228 -1
2 1 4 58 229 -1
2 1 4 59 226 0.668758
2 1 4 59 227 -1
2 1 4 59 228 -1
2 1 4 59 229 -1
2 2 3 123 182 -0.704215
2 2 3 123 183 0.557649
2 2 3 123 184 -0.620666
2 2 3 124 182 0.599436
2 2 3 124 183 -1
2 2 3 124 184 0.513351
2 2 3 125 182 0.609978
2 2 3 125 183 -1
2 2 3 125 184 0.555094
2 2 3 126 182 0.4948
2 2 3 126 183 -1
2 2 3 126 184 0.552221
2 2 4 123 226 0.742912
2 2 4 123 227 -1
2 2 4 123 228 -1
2 2 4 123 229 0.0997615
2 2 4 124 226 0.307041
2 2 4 124 227 -1
2 2 4 124 228 -1
2 2 4 124 229 -1
2 2 4 125 226 -1
2 2 4 125 227 0.660122
2 2 4 125 228 -1
2 2 4 125 229 -1
2 2 4 126 226 -1
2 2 4 126 227 -1
2 2 4 126 228 0.638231
2 2 4 126 229 -1
2 3 4 182 226 0.736873
2 3 4 182 227 0.218892
2 3 4 182 228 -1
2 3 4 182 229 -1
2 3 4 183 226 -0.792887
2 3 4 183 227 0.284405
2 3 4 183 228 0.671593
2 3 4 183 229 0.768441
2 3 4 184 226 -0.916068
2 3 4 184 227 0.386959
2 3 4 184 228 0.854712
2 3 4 184 229 0.581269
3 0 1 9 60 0.308762
3 0 1 9 61 0.5541
3 0 1 9 62 0.348341
3 0 1 9 63 -0.832236
3 0 1 10 60 0.422694
3 0 1 10 61 -1
3 0 1 10 62 0.515504
3 0 1 10 63 -1
3 0 1 11 60 0.206303
3 0 1 11 61 -1
3 0 1 11 62 0.0659355
3 0 1 11 63 0.676423
3 0 2 9 127 -0.703948
3 0 2 9 128 0.537651
3 0 2 9 129 0.596868
3 0 2 9 130 0.569429
3 0 2 10 127 0.672845
3 0 2 10 128 -1
3 0 2 10 129 -1
3 0 2 10 130 -1
3 0 2 11 127 -0.62156
3 0 2 11 128 0.617754
3 0 2 11 129 0.508228
3 0 2 11 130 0.495577
3 0 3 9 185 0.970823
3 0 3 9 186 -1
3 0 3 9 187 0.926795
3 0 3 10 185 -1
3 0 3 10 186 0.799597
3 0 3 10 187 -1
3 0 3 11 185 0.811904
3 0 3 11 186 -1
3 0 3 11 187 0.61542
3 0 4 9 230 0.0528675
3 0 4 9 231 0.747986
3 0 4 9 232 0.536433
3 0 4 9 233 -1
3 0 4 10 230 -1
3 0 4 10 231 -1
3 0 4 10 232 -1
3 0 4 10 233 0.930096
3 0 4 11 230 0.895573
3 0 4 11 231 -1
3 0 4 11 232 -1
3 0 4 11 233 -1
3 1 2 60 127 0.626821
3 1 2 60 128 0.888432
3 1 2 60 129 -1
3 1 2 60 130 -1
3 1 2 61 127 -1
3 1 2 61 128 -1
3 1 2 61 129 -1
3 1 2 61 130 0.929061
3 1 2 62 127 -1
3 1 2 62 128 -1
3 1 2 62 129 0.974096
3 1 2 62 130 -1
3 1 2 63 127 0.806322
3 1 2 63 128 0.980211
3 1 2 63 129 -1
3 1 2 63 130 -1
3 1 3 60 185 0.719245
3 1 3 60 186 0.738593
3 1 3 60 187 -1
3 1 3 61 185 -1
3 1 3 61 186 -1
3 1 3 61 187 0.739825
3 1 3 62 185 0.175912
3 1 3 62 186 -1
3 1 3 62 187 0.7784
3 1 3 63 185 0.76254
3 1 3 63 186 0.457014
3 1 3 63 187 -1
3 1 4 60 230 0.885333
3 1 4 60 231 -1
3 1 4 60 232 -1
3 1 4 60 233 0.738145
3 1 4 61 230 -1
3 1 4 61 231 -1
3 1 4 61 232 0.839663
3 1 4 61 233 -1
3 1 4 62 230 -1
3 1 4 62 231 0.830127
3 1 4 62 232 -1
3 1 4 62 233 -1
3 1 4 63 230 0.729813
3 1 4 63 231 -1
3 1 4 63 232 -1
3 1 4 63 233 0.881689
3 2 3 127 185 -0.697222
3 2 3 127 186 0.872136
3 2 3 127 187 -0.792198
3 2 3 128 185 0.570772
3 2 3 128 186 -1
3 2 3 128 187 0.589872
3 2 3 129 185 0.586554
3 2 3 129 186 -1
3 2 3 129 187 0.626785
3 2 3 130 185 0.539896
3 2 3 130 186 -1
3 2 3 130 187 0.57554
3 2 4 127 230 0.290951
3 2 4 127 231 -1
3 2 4 127 232 -1
3 2 4 127 233 0.335339
3 2 4 128 230 0.748649
3 2 4 128 231 -1
3 2 4 128 232 -1
3 2 4 128 233 0.500251
3 2 4 129 230 -1
3 2 4 129 231 0.835594
3 2 4 129 232 -1
3 2 4 129 233 -1
3 2 4 130 230 -1
3 2 4 130 231 -1
3 2 4 130 232 0.773262
3 2 4 130 233 -1
3 3 4 185 230 0.917919
3 3 4 185 231 0.0144896
3 3 4 185 232 -1
3 3 4 185 233 -1
3 3 4 186 230 -0.720187
3 3 4 186 231 0.366748
3 3 4 186 232 0.716595
3 3 4 186 233 0.563537
3 3 4 187 230 -0.766957
3 3 4 187 231 0.365279
3 3 4 187 232 0.694476
3 3 4 187 233 0.634187
4 0 1 12 64 0.542512
4 0 1 12 65 0.149711
4 0 1 12 66 0.128123
4 0 1 13 64 0.50952
4 0 1 13 65 0.160334
4 0 1 13 66 0.137526
4 0 1 14 64 -1
4 0 1 14 65 0.488426
4 0 1 14 66 0.561675
4 0 2 12 131 -1
4 0 2 12 132 0.847882
4 0 2 13 131 -1
4 0 2 13 132 0.364152
4 0 2 14 131 0.977971
4 0 2 14 132 -1
4 0 3 12 188 -1
4 0 3 13 188 -1
4 0 3 14 188 0.98337
4 0 4 12 234 0.0284114
4 0 4 12 235 0.020701
4 0 4 12 236 0.874358
4 0 4 13 234 0.414918
4 0 4 13 235 0.31045
4 0 4 13 236 0.274632
4 0 4 14 234 -1
4 0 4 14 235 -1
4 0 4 14 236 -1
4 1 2 64 131 -1
4 1 2 64 132 -1
4 1 2 65 131 -1
4 1 2 65 132 -1
4 1 2 66 131 0.975015
4 1 2 66 132 -1
4 1 3 64 188 -1
4 1 3 65 188 0.53431
4 1 3 66 188 0.940555
4 1 4 64 234 0.854816
4 1 4 64 235 -1
4 1 4 64 236 -1
4 1 4 65 234 -1
4 1 4 65 235 0.975949
4 1 4 65 236 -1
4 1 4 66 234 -1
4 1 4 66 235 -1
4 1 4 66 236 0.932166
4 2 3 131 188 0.778309
4 2 3 132 188 -1
4 2 4 131 234 -1
4 2 4 131 235 -1
4 2 4 131 236 -1
4 2 4 132 234 -1
4 2 4 132 235 -1
4 2 4 132 236 0.982369
4 3 4 188 234 0.273859
4 3 4 188 235 0.45265
4 3 4 188 236 0.273491
5 0 1 15 67 0.33916
5 0 1 15 68 0.0892467
5 0 1 15 69 0.12639
5 0 1 15 70 0.0832502
5 0 1 16 67 0.254513
5 0 1 16 68 0.115389
5 0 1 16 69 0.12291
5 0 1 16 70 0.104043
5 0 1 17 67 -0.773337
5 0 1 17 68 0.297433
5 0 1 17 69 0.20044
5 0 1 17 70 0.338376
5 0 2 15 133 -1
5 0 2 15 134 0.95536
5 0 2 15 135 0.0972937
5 0 2 15 136 -1
5 0 2 16 133 -1
5 0 2 16 134 0.200576
5 0 2 16 135 0.561752
5 0 2 16 136 0.787663
5 0 2 17 133 0.840798
5 0 2 17 134 -1
5 0 2 17 135 -1
5 0 2 17 136 -1
5 0 3 15 189 0.532316
5 0 3 15 190 -1
5 0 3 16 189 0.797747
5 0 3 16 190 0.176201
5 0 3 17 189 -1
5 0 3 17 190 0.92058
5 0 4 15 237 0.233729
5 0 4 15 238 0.208417
5 0 4 15 239 0.179827
5 0 4 16 237 0.257768
5 0 4 16 238 0.0408459
5 0 4 16 239 0.307727
5 0 4 17 237 0.135536
5 0 4 17 238 0.385923
5 0 4 17 239 0.12766
5 1 2 67 133 -1
5 1 2 67 134 -1
5 1 2 67 135 -1
5 1 2 67 136 0.964525
5 1 2 68 133 -1
5 1 2 68 134 -1
5 1 2 68 135 0.935185
5 1 2 68 136 -1
5 1 2 69 133 -1
5 1 2 69 134 0.979165
5 1 2 69 135 -1
5 1 2 69 136 -1
5 1 2 70 133 0.982721
5 1 2 70 134 -1
5 1 2 70 135 0.107318
5 1 2 70 136 -1
5 1 3 67 189 0.555592
5 1 3 67 190 0.0438256
5 1 3 68 189 0.159578
5 1 3 68 190 0.287375
5 1 3 69 189 0.115653
5 1 3 69 190 0.249133
5 1 3 70 189 0.0721804
5 1 3 70 190 0.341125
5 1 4 67 237 0.941578
5 1 4 67 238 -1
5 1 4 67 239 -1
5 1 4 68 237 -1
5 1 4 68 238 0.239442
5 1 4 68 239 0.949843
5 1 4 69 237 -1
5 1 4 69 238 0.449016
5 1 4 69 239 0.0792869
5 1 4 70 237 -1
5 1 4 70 238 0.960231
5 1 4 70 239 0.451487
5 2 3 133 189 -1
5 2 3 133 190 0.950442
5 2 3 134 189 -1
5 2 3 134 190 -1
5 2 3 135 189 0.715607
5 2 3 135 190 -1
5 2 3 136 189 0.858942
5 2 3 136 190 -1
5 2 4 133 237 -1
5 2 4 133 238 0.921788
5 2 4 133 239 -1
5 2 4 134 237 -1
5 2 4 134 238 0.258635
5 2 4 134 239 -1
5 2 4 135 237 -1
5 2 4 135 238 -1
5 2 4 135 239 0.999308
5 2 4 136 237 0.976897
5 2 4 136 238 -1
5 2 4 136 239 -1
5 3 4 189 237 0.259873
5 3 4 189 238 0.211972
5 3 4 189 239 0.15414
5 3 4 190 237 0.188919
5 3 4 190 238 0.227718
5 3 4 190 239 0.259741
6 0 1 18 71 0.207742
6 0 1 18 72 0.428608
6 0 1 18 73 0.197041
6 0 1 18 74 0.116186
6 0 1 19 71 -1
6 0 1 19 72 0.250861
6 0 1 19 73 0.205047
6 0 1 19 74 0.796925
6 0 2 18 137 -1
6 0 2 18 138 0.878921
6 0 2 18 139 0.320646
6 0 2 18 140 -1
6 0 2 19 137 0.84496
6 0 2 19 138 -1
6 0 2 19 139 -1
6 0 2 19 140 -1
6 0 3 18 191 0.766035
6 0 3 18 192 -1
6 0 3 18 193 0.713173
6 0 3 19 191 -1
6 0 3 19 192 0.949205
6 0 3 19 193 0.286827
6 0 4 18 240 0.14165
6 0 4 18 241 -1
6 0 4 18 242 0.223377
6 0 4 18 243 0.797902
6 0 4 19 240 -1
6 0 4 19 241 0.997198
6 0 4 19 242 -1
6 0 4 19 243 0.0495486
6 1 2 71 137 -1
6 1 2 71 138 -1
6 1 2 71 139 -1
6 1 2 71 140 0.896963
6 1 2 72 137 -1
6 1 2 72 138 0.9281
6 1 2 72 139 -1
6 1 2 72 140 -1
6 1 2 73 137 -1
6 1 2 73 138 -1
6 1 2 73 139 0.978654
6 1 2 73 140 -1
6 1 2 74 137 0.705665
6 1 2 74 138 0.259988
6 1 2 74 139 -1
6 1 2 74 140 -1
6 1 3 71 191 0.409659
6 1 3 71 192 0.0738698
6 1 3 71 193 0.125656
6 1 3 72 191 0.282968
6 1 3 72 192 0.0719933
6 1 3 72 193 0.172125
6 1 3 73 191 0.261539
6 1 3 73 192 0.130972
6 1 3 73 193 0.141225
6 1 3 74 191 -0.896747
6 1 3 74 192 0.447195
6 1 3 74 193 0.139993
6 1 4 71 240 0.951317
6 1 4 71 241 -1
6 1 4 71 242 -1
6 1 4 71 243 -1
6 1 4 72 240 -1
6 1 4 72 241 0.53181
6 1 4 72 242 -1
6 1 4 72 243 0.994165
6 1 4 73 240 -1
6 1 4 73 241 -1
6 1 4 73 242 0.999811
6 1 4 73 243 -1
6 1 4 74 240 -1
6 1 4 74 241 0.783063
6 1 4 74 242 -1
6 1 4 74 243 0.534202
6 2 3 137 191 -1
6 2 3 137 192 0.57358
6 2 3 137 193 -1
6 2 3 138 191 -1
6 2 3 138 192 -1
6 2 3 138 193 0.992164
6 2 3 139 191 0.564942
6 2 3 139 192 -1
6 2 3 139 193 0.09158
6 2 3 140 191 0.915313
6 2 3 140 192 -1
6 2 3 140 193 -1
6 2 4 137 240 -1
6 2 4 137 241 0.750897
6 2 4 137 242 -1
6 2 4 137 243 -1
6 2 4 138 240 -1
6 2 4 138 241 -1
6 2 4 138 242 -1
6 2 4 138 243 0.928092
6 2 4 139 240 -1
6 2 4 139 241 -1
6 2 4 139 242 0.897078
6 2 4 139 243 -1
6 2 4 140 240 0.953552
6 2 4 140 241 -1
6 2 4 140 242 -1
6 2 4 140 243 -1
6 3 4 191 240 0.132548
6 3 4 191 241 0.135742
6 3 4 191 242 0.089816
6 3 4 191 243 0.0754958
6 3 4 192 240 0.108053
6 3 4 192 241 0.124274
6 3 4 192 242 0.101869
6 3 4 192 243 0.104439
6 3 4 193 240 0.0937219
6 3 4 193 241 0.0733223
6 3 4 193 242 0.133263
6 3 4 193 243 0.141374
7 0 1 20 75 0.854427
7 0 1 20 76 0.734183
7 0 1 20 77 0.285489
7 0 1 20 78 -1
7 0 1 21 75 0.864668
7 0 1 21 76 0.412291
7 0 1 21 77 -1
7 0 1 21 78 -1
7 0 1 22 75 -1
7 0 1 22 76 -1
7 0 1 22 77 -1
7 0 1 22 78 0.693125
7 0 2 20 141 0.298353
7 0 2 20 142 0.396572
7 0 2 20 143 0.305075
7 0 2 21 141 -1
7 0 2 21 142 -1
7 0 2 21 143 -1
7 0 2 22 141 0.28939
7 0 2 22 142 0.402152
7 0 2 22 143 0.308459
7 0 3 20 194 0.779086
7 0 3 20 195 -1
7 0 3 20 196 0.320913
7 0 3 21 194 -1
7 0 3 21 195 0.800865
7 0 3 21 196 -1
7 0 3 22 194 0.713528
7 0 3 22 195 -1
7 0 3 22 196 -1
7 0 4 20 244 -1
7 0 4 20 245 -1
7 0 4 20 246 0.696187
7 0 4 20 247 -1
7 0 4 21 244 -1
7 0 4 21 245 -1
7 0 4 21 246 -1
7 0 4 21 247 0.856995
7 0 4 22 244 0.431387
7 0 4 22 245 -1
7 0 4 22 246 -1
7 0 4 22 247 -1
7 1 2 75 141 0.00306058
7 1 2 75 142 -1
7 1 2 75 143 -1
7 1 2 76 141 -1
7 1 2 76 142 -1
7 1 2 76 143 0.585063
7 1 2 77 141 -1
7 1 2 77 142 0.530189
7 1 2 77 143 -1
7 1 2 78 141 0.923749
7 1 2 78 142 -1
7 1 2 78 143 -1
7 1 3 75 194 0.506981
7 1 3 75 195 0.901859
7 1 3 75 196 -1
7 1 3 76 194 -1
7 1 3 76 195 -1
7 1 3 76 196 0.643079
7 1 3 77 194 0.111652
7 1 3 77 195 -1
7 1 3 77 196 -1
7 1 3 78 194 0.832543
7 1 3 78 195 0.525871
7 1 3 78 196 -1
7 1 4 75 244 -1
7 1 4 75 245 -1
7 1 4 75 246 -1
7 1 4 75 247 0.606309
7 1 4 76 244 -1
7 1 4 76 245 -1
7 1 4 76 246 0.944607
7 1 4 76 247 -1
7 1 4 77 244 -1
7 1 4 77 245 0.92391
7 1 4 77 246 -1
7 1 4 77 247 -1
7 1 4 78 244 0.754728
7 1 4 78 245 -1
7 1 4 78 246 -1
7 1 4 78 247 -1
7 2 3 141 194 0.971875
7 2 3 141 195 -1
7 2 3 141 196 -1
7 2 3 142 194 0.436332
7 2 3 142 195 -1
7 2 3 142 196 0.103985
7 2 3 143 194 -1
7 2 3 143 195 -1
7 2 3 143 196 0.868406
7 2 4 141 244 0.825815
7 2 4 141 245 -1
7 2 4 141 246 -1
7 2 4 141 247 -1
7 2 4 142 244 -1
7 2 4 142 245 0.616055
7 2 4 142 246 -1
7 2 4 142 247 -1
7 2 4 143 244 -1
7 2 4 143 245 -1
7 2 4 143 246 0.759469
7 2 4 143 247 -1
7 3 4 194 244 0.805415
7 3 4 194 245 -1
7 3 4 194 246 -1
7 3 4 194 247 -1
7 3 4 195 244 -1
7 3 4 195 245 0.170819
7 3 4 195 246 0.777261
7 3 4 195 247 0.662515
7 3 4 196 244 -1
7 3 4 196 245 0.169883
7 3 4 196 246 0.990548
7 3 4 196 247 0.0510607
8 0 1 23 79 0.833504
8 0 1 23 80 -1
8 0 1 23 81 0.514576
8 0 1 23 82 -1
8 0 1 24 79 0.886531
8 0 1 24 80 0.23182
8 0 1 24 81 0.728862
8 0 1 24 82 -1
8 0 1 25 79 -1
8 0 1 25 80 -1
8 0 1 25 81 -1
8 0 1 25 82 0.953521
8 0 2 23 144 -1
8 0 2 23 145 -1
8 0 2 23 146 -1
8 0 2 24 144 0.319181
8 0 2 24 145 0.352968
8 0 2 24 146 0.327851
8 0 2 25 144 0.313297
8 0 2 25 145 0.373198
8 0 2 25 146 0.313504
8 0 3 23 197 -1
8 0 3 23 198 0.757167
8 0 3 23 199 -1
8 0 3 24 197 0.677331
8 0 3 24 198 -1
8 0 3 24 199 0.756212
8 0 3 25 197 0.888247
8 0 3 25 198 -1
8 0 3 25 199 0.654809
8 0 4 23 248 -1
8 0 4 23 249 -1
8 0 4 23 250 -1
8 0 4 23 251 0.938606
8 0 4 24 248 -1
8 0 4 24 249 0.748552
8 0 4 24 250 0.161955
8 0 4 24 251 -1
8 0 4 25 248 0.865893
8 0 4 25 249 -1
8 0 4 25 250 -1
8 0 4 25 251 -1
8 1 2 79 144 0.981672
8 1 2 79 145 -1
8 1 2 79 146 -1
8 1 2 80 144 -1
8 1 2 80 145 -1
8 1 2 80 146 0.804364
8 1 2 81 144 -1
8 1 2 81 145 0.888542
8 1 2 81 146 -1
8 1 2 82 144 0.97461
8 1 2 82 145 -1
8 1 2 82 146 -1
8 1 3 79 197 0.411203
8 1 3 79 198 0.831068
8 1 3 79 199 -1
8 1 3 80 197 -1
8 1 3 80 198 -1
8 1 3 80 199 0.76296
8 1 3 81 197 -1
8 1 3 81 198 -1
8 1 3 81 199 0.649067
8 1 3 82 197 0.919208
8 1 3 82 198 0.132576
8 1 3 82 199 -1
8 1 4 79 248 0.765781
8 1 4 79 249 -1
8 1 4 79 250 -1
8 1 4 79 251 0.599851
8 1 4 80 248 -1
8 1 4 80 249 -1
8 1 4 80 250 0.919937
8 1 4 80 251 -1
8 1 4 81 248 -1
8 1 4 81 249 0.955874
8 1 4 81 250 -1
8 1 4 81 251 -1
8 1 4 82 248 0.940789
8 1 4 82 249 -1
8 1 4 82 250 -1
8 1 4 82 251 0.257359
8 2 3 144 197 0.765947
8 2 3 144 198 -1
8 2 3 144 199 -1
8 2 3 145 197 0.215878
8 2 3 145 198 -1
8 2 3 145 199 0.973967
8 2 3 146 197 0.0181751
8 2 3 146 198 -1
8 2 3 146 199 0.647403
8 2 4 144 248 0.967344
8 2 4 144 249 -1
8 2 4 144 250 -1
8 2 4 144 251 -1
8 2 4 145 248 -1
8 2 4 145 249 0.94392
8 2 4 145 250 -1
8 2 4 145 251 -1
8 2 4 146 248 -1
8 2 4 146 249 -1
8 2 4 146 250 0.957782
8 2 4 146 251 -1
8 3 4 197 248 0.788551
8 3 4 197 249 -1
8 3 4 197 250 -1
8 3 4 197 251 -1
8 3 4 198 248 -0.927034
8 3 4 198 249 0.283114
8 3 4 198 250 0.834794
8 3 4 198 251 0.809127
8 3 4 199 248 -1
8 3 4 199 249 0.269343
8 3 4 199 250 0.668859
8 3 4 199 251 0.467709
9 0 1 26 83 -1
9 0 1 26 84 0.971052
9 0 1 26 85 -1
9 0 1 26 86 -1
9 0 1 27 83 0.310958
9 0 1 27 84 0.145284
9 0 1 27 85 0.30942
9 0 1 27 86 0.234338
9 0 1 28 83 -1
9 0 1 28 84 -1
9 0 1 28 85 0.405701
9 0 1 28 86 0.907668
9 0 2 26 147 0.502701
9 0 2 26 148 -1
9 0 2 26 149 -1
9 0 2 27 147 -1
9 0 2 27 148 0.355345
9 0 2 27 149 0.967416
9 0 2 28 147 0.97856
9 0 2 28 148 -1
9 0 2 28 149 -1
9 0 3 26 200 -1
9 0 3 27 200 -1
9 0 3 28 200 0.937301
9 0 4 26 252 -1
9 0 4 27 252 -1
9 0 4 28 252 0.924612
9 1 2 83 147 -1
9 1 2 83 148 -1
9 1 2 83 149 0.965417
9 1 2 84 147 -1
9 1 2 84 148 -1
9 1 2 84 149 -1
9 1 2 85 147 -1
9 1 2 85 148 0.804424
9 1 2 85 149 -1
9 1 2 86 147 0.963339
9 1 2 86 148 0.0782369
9 1 2 86 149 -1
9 1 3 83 200 -1
9 1 3 84 200 0.0258817
9 1 3 85 200 0.231935
9 1 3 86 200 0.974233
9 1 4 83 252 -1
9 1 4 84 252 0.451956
9 1 4 85 252 -1
9 1 4 86 252 0.959724
9 2 3 147 200 0.88063
9 2 3 148 200 -1
9 2 3 149 200 -1
9 2 4 147 252 0.893771
9 2 4 148 252 -1
9 2 4 149 252 -1
9 3 4 200 252 0.948839
10 0 1 29 87 -1
10 0 2 29 150 0.064997
10 0 2 29 151 -1
10 0 2 29 152 -1
10 0 3 29 201 -1
10 0 3 29 202 -1
10 0 4 29 253 -1
10 0 4 29 254 0.959293
10 0 4 29 255 -1
10 0 4 29 256 -1
10 1 2 87 150 0.904596
10 1 2 87 151 -1
10 1 2 87 152 -1
10 1 3 87 201 -1
10 1 3 87 202 0.854899
10 1 4 87 253 -1
10 1 4 87 254 0.625813
10 1 4 87 255 -1
10 1 4 87 256 0.909989
10 2 3 150 201 -1
10 2 3 150 202 0.994289
10 2 3 151 201 0.412231
10 2 3 151 202 -1
10 2 3 152 201 0.852483
10 2 3 152 202 -1
10 2 4 150 253 -1
10 2 4 150 254 -1
10 2 4 150 255 -1
10 2 4 150 256 0.845846
10 2 4 151 253 -1
10 2 4 151 254 -1
10 2 4 151 255 0.981133
10 2 4 151 256 -1
10 2 4 152 253 0.99487
10 2 4 152 254 -1
10 2 4 152 255 -1
10 2 4 152 256 -1
10 3 4 201 253 0.929713
10 3 4 201 254 0.430624
10 3 4 201 255 0.0133328
10 3 4 201 256 -1
10 3 4 202 253 0.0217712
10 3 4 202 254 -1
10 3 4 202 255 0.729605
10 3 4 202 256 0.959024
11 0 1 30 88 0.0580809
11 0 1 30 89 0.202174
11 0 1 30 90 0.176879
11 0 1 30 91 0.0949012
11 0 1 31 88 0.176899
11 0 1 31 89 0.160699
11 0 1 31 90 0.156447
11 0 1 31 91 0.0995594
11 0 1 32 88 -1
11 0 1 32 89 0.115312
11 0 1 32 90 0.181781
11 0 1 32 91 0.517429
11 0 2 30 153 0.493458
11 0 2 30 154 0.860178
11 0 2 30 155 -1
11 0 2 30 156 -1
11 0 2 31 153 -1
11 0 2 31 154 -1
11 0 2 31 155 0.836323
11 0 2 31 156 0.913951
11 0 2 32 153 -1
11 0 2 32 154 -1
11 0 2 32 155 -1
11 0 2 32 156 -1
11 0 3 30 203 0.95962
11 0 3 31 203 -1
11 0 3 32 203 -1
11 0 4 30 257 -1
11 0 4 30 258 0.158595
11 0 4 30 259 0.909555
11 0 4 31 257 0.30377
11 0 4 31 258 0.862248
11 0 4 31 259 -1
11 0 4 32 257 -1
11 0 4 32 258 -1
11 0 4 32 259 0.617048
11 1 2 88 153 -1
11 1 2 88 154 -1
11 1 2 88 155 -1
11 1 2 88 156 0.822148
11 1 2 89 153 0.410721
11 1 2 89 154 -1
11 1 2 89 155 0.170206
11 1 2 89 156 -1
11 1 2 90 153 -1
11 1 2 90 154 -1
11 1 2 90 155 0.984093
11 1 2 90 156 -1
11 1 2 91 153 -1
11 1 2 91 154 -1
11 1 2 91 155 -1
11 1 2 91 156 -1
11 1 3 88 203 0.283211
11 1 3 89 203 0.29278
11 1 3 90 203 0.178211
11 1 3 91 203 0.245798
11 1 4 88 257 0.813771
11 1 4 88 258 -1
11 1 4 88 259 -1
11 1 4 89 257 -1
11 1 4 89 258 0.586884
11 1 4 89 259 0.935088
11 1 4 90 257 -1
11 1 4 90 258 0.91902
11 1 4 90 259 0.363788
11 1 4 91 257 0.121217
11 1 4 91 258 0.113248
11 1 4 91 259 0.0830545
11 2 3 153 203 0.591633
11 2 3 154 203 -1
11 2 3 155 203 -1
11 2 3 156 203 -1
11 2 4 153 257 -1
11 2 4 153 258 -1
11 2 4 153 259 0.334358
11 2 4 154 257 -1
11 2 4 154 258 -1
11 2 4 154 259 -1
11 2 4 155 257 -1
11 2 4 155 258 0.912217
11 2 4 155 259 -1
11 2 4 156 257 0.710749
11 2 4 156 258 -1
11 2 4 156 259 -1
11 3 4 203 257 0.261839
11 3 4 203 258 0.345257
11 3 4 203 259 0.392905
12 0 1 33 92 0.383473
12 0 1 33 93 0.351073
12 0 1 34 92 0.356112
12 0 1 34 93 0.376433
12 0 2 33 157 -1
12 0 2 33 158 -1
12 0 2 33 159 -1
12 0 2 34 157 0.285466
12 0 2 34 158 0.33943
12 0 2 34 159 0.375104
12 0 3 33 204 0.106324
12 0 3 33 205 0.0785762
12 0 3 34 204 0.702541
12 0 3 34 205 0.160261
12 0 4 33 260 -1
12 0 4 33 261 -1
12 0 4 33 262 -1
12 0 4 33 263 0.941497
12 0 4 34 260 0.321609
12 0 4 34 261 0.758745
12 0 4 34 262 0.764273
12 0 4 34 263 -0.844626
12 1 2 92 157 0.982711
12 1 2 92 158 -1
12 1 2 92 159 -1
12 1 2 93 157 -1
12 1 2 93 158 0.479531
12 1 2 93 159 -1
12 1 3 92 204 0.4814
12 1 3 92 205 0.351156
12 1 3 93 204 0.261088
12 1 3 93 205 0.461003
12 1 4 92 260 -1
12 1 4 92 261 0.895512
12 1 4 92 262 -1
12 1 4 92 263 0.521936
12 1 4 93 260 -1
12 1 4 93 261 -1
12 1 4 93 262 0.95828
12 1 4 93 263 -1
12 2 3 157 204 0.455673
12 2 3 157 205 -1
12 2 3 158 204 0.318335
12 2 3 158 205 0.178961
12 2 3 159 204 0.208752
12 2 3 159 205 0.58471
12 2 4 157 260 -1
12 2 4 157 261 0.872195
12 2 4 157 262 -1
12 2 4 157 263 -1
12 2 4 158 260 -1
12 2 4 158 261 -1
12 2 4 158 262 0.467292
12 2 4 158 263 -1
12 2 4 159 260 0.855202
12 2 4 159 261 -1
12 2 4 159 262 -1
12 2 4 159 263 -1
12 3 4 204 260 0.341774
12 3 4 204 261 0.593535
12 3 4 204 262 0.221193
12 3 4 204 263 -1
12 3 4 205 260 0.277598
12 3 4 205 261 0.173627
12 3 4 205 262 0.253342
12 3 4 205 263 0.1866
13 0 1 35 94 0.337378
13 0 1 35 95 0.917401
13 0 1 35 96 -1
13 0 1 35 97 -1
13 0 1 36 94 0.474259
13 0 1 36 95 -1
13 0 1 36 96 -1
13 0 1 36 97 -1
13 0 1 37 94 0.188362
13 0 1 37 95 -1
13 0 1 37 96 0.649256
13 0 1 37 97 -1
13 0 2 35 160 0.336435
13 0 2 35 161 0.136993
13 0 2 35 162 0.526572
13 0 2 36 160 -1
13 0 2 36 161 -1
13 0 2 36 162 -1
13 0 2 37 160 0.74578
13 0 2 37 161 -1
13 0 2 37 162 0.807237
13 0 3 35 206 0.398173
13 0 3 35 207 -1
13 0 3 35 208 0.852762
13 0 3 36 206 -1
13 0 3 36 207 0.870508
13 0 3 36 208 -1
13 0 3 37 206 0.577915
13 0 3 37 207 -1
13 0 3 37 208 0.553997
13 0 4 35 264 0.903539
13 0 4 35 265 -1
13 0 4 35 266 -1
13 0 4 36 264 -1
13 0 4 36 265 -1
13 0 4 36 266 0.867476
13 0 4 37 264 -1
13 0 4 37 265 -1
13 0 4 37 266 -1
13 1 2 94 160 0.140074
13 1 2 94 161 -1
13 1 2 94 162 -1
13 1 2 95 160 -1
13 1 2 95 161 -1
13 1 2 95 162 0.885966
13 1 2 96 160 -1
13 1 2 96 161 0.948697
13 1 2 96 162 -1
13 1 2 97 160 0.792002
13 1 2 97 161 -1
13 1 2 97 162 -1
13 1 3 94 206 0.320935
13 1 3 94 207 0.868053
13 1 3 94 208 -1
13 1 3 95 206 -1
13 1 3 95 207 -1
13 1 3 95 208 0.859451
13 1 3 96 206 -1
13 1 3 96 207 -1
13 1 3 96 208 -1
13 1 3 97 206 0.953685
13 1 3 97 207 0.0105093
13 1 3 97 208 -1
13 1 4 94 264 -1
13 1 4 94 265 -1
13 1 4 94 266 0.838545
13 1 4 95 264 0.967593
13 1 4 95 265 -1
13 1 4 95 266 -1
13 1 4 96 264 -1
13 1 4 96 265 0.85813
13 1 4 96 266 -1
13 1 4 97 264 -1
13 1 4 97 265 -1
13 1 4 97 266 -1
13 2 3 160 206 0.707801
13 2 3 160 207 -1
13 2 3 160 208 -1
13 2 3 161 206 0.81892
13 2 3 161 207 -1
13 2 3 161 208 -1
13 2 3 162 206 -1
13 2 3 162 207 -1
13 2 3 162 208 0.984477
13 2 4 160 264 -1
13 2 4 160 265 -1
13 2 4 160 266 -1
13 2 4 161 264 -1
13 2 4 161 265 0.903708
13 2 4 161 266 0.0672473
13 2 4 162 264 0.795252
13 2 4 162 265 -1
13 2 4 162 266 -1
13 3 4 206 264 -1
13 3 4 206 265 -1
13 3 4 206 266 -1
13 3 4 207 264 0.51808
13 3 4 207 265 -1
13 3 4 207 266 0.939528
13 3 4 208 264 0.765885
13 3 4 208 265 0.276855
13 3 4 208 266 -1
14 0 1 38 98 0.271467
14 0 1 38 99 0.79815
14 0 1 38 100 -1
14 0 1 38 101 -1
14 0 1 39 98 0.504287
14 0 1 39 99 -1
14 0 1 39 100 -1
14 0 1 39 101 -1
14 0 1 40 98 0.224246
14 0 1 40 99 -1
14 0 1 40 100 -1
14 0 1 40 101 0.963709
14 0 2 38 163 0.258796
14 0 2 38 164 0.367498
14 0 2 38 165 0.373706
14 0 2 39 163 -1
14 0 2 39 164 -1
14 0 2 39 165 -1
14 0 2 40 163 0.394561
14 0 2 40 164 0.55921
14 0 2 40 165 0.0462296
14 0 3 38 209 0.408814
14 0 3 38 210 -1
14 0 3 38 211 0.519246
14 0 3 39 209 -1
14 0 3 39 210 0.888414
14 0 3 39 211 -1
14 0 3 40 209 0.537775
14 0 3 40 210 -1
14 0 3 40 211 0.707069
14 0 4 38 267 -1
14 0 4 38 268 -1
14 0 4 38 269 0.204275
14 0 4 38 270 -1
14 0 4 39 267 -1
14 0 4 39 268 -1
14 0 4 39 269 -1
14 0 4 39 270 0.844553
14 0 4 40 267 -1
14 0 4 40 268 0.996759
14 0 4 40 269 -1
14 0 4 40 270 -1
14 1 2 98 163 0.830487
14 1 2 98 164 -1
14 1 2 98 165 -1
14 1 2 99 163 -1
14 1 2 99 164 -1
14 1 2 99 165 0.857401
14 1 2 100 163 0.806118
14 1 2 100 164 -1
14 1 2 100 165 -1
14 1 2 101 163 -1
14 1 2 101 164 0.976855
14 1 2 101 165 -1
14 1 3 98 209 -1
14 1 3 98 210 0.84864
14 1 3 98 211 -1
14 1 3 99 209 -1
14 1 3 99 210 -1
14 1 3 99 211 0.489454
14 1 3 100 209 0.791332
14 1 3 100 210 -1
14 1 3 100 211 -1
14 1 3 101 209 -1
14 1 3 101 210 -1
14 1 3 101 211 -1
14 1 4 98 267 0.787085
14 1 4 98 268 -1
14 1 4 98 269 -1
14 1 4 98 270 0.781937
14 1 4 99 267 -1
14 1 4 99 268 -1
14 1 4 99 269 0.551166
14 1 4 99 270 -1
14 1 4 100 267 0.490537
14 1 4 100 268 -1
14 1 4 100 269 -1
14 1 4 100 270 -1
14 1 4 101 267 -1
14 1 4 101 268 0.896652
14 1 4 101 269 -1
14 1 4 101 270 -1
14 2 3 163 209 0.898138
14 2 3 163 210 -1
14 2 3 163 211 -1
14 2 3 164 209 -1
14 2 3 164 210 -1
14 2 3 164 211 0.391451
14 2 3 165 209 -1
14 2 3 165 210 -1
14 2 3 165 211 0.747368
14 2 4 163 267 0.550231
14 2 4 163 268 -1
14 2 4 163 269 -1
14 2 4 163 270 -1
14 2 4 164 267 -1
14 2 4 164 268 0.901929
14 2 4 164 269 -1
14 2 4 164 270 -1
14 2 4 165 267 -1
14 2 4 165 268 -1
14 2 4 165 269 0.965693
14 2 4 165 270 -1
14 3 4 209 267 0.451941
14 3 4 209 268 -1
14 3 4 209 269 -1
14 3 4 209 270 -1
14 3 4 210 267 -1
14 3 4 210 268 0.0757573
14 3 4 210 269 0.842235
14 3 4 210 270 0.999356
14 3 4 211 267 -1
14 3 4 211 268 -1
14 3 4 211 269 0.88848
14 3 4 211 270 0.450405
15 0 1 41 102 -1
15 0 1 41 103 -1
15 0 1 41 104 -1
15 0 1 42 102 -1
15 0 1 42 103 0.928191
15 0 1 42 104 0.960167
15 0 2 41 166 -1
15 0 2 41 167 0.811526
15 0 2 41 168 -1
15 0 2 42 166 -1
15 0 2 42 167 0.188474
15 0 2 42 168 -1
15 0 3 41 212 -1
15 0 3 42 212 0.977896
15 0 4 41 271 0.692884
15 0 4 41 272 0.518389
15 0 4 41 273 -1
15 0 4 42 271 -1
15 0 4 42 272 -1
15 0 4 42 273 0.921679
15 1 2 102 166 -1
15 1 2 102 167 -1
15 1 2 102 168 -1
15 1 2 103 166 -1
15 1 2 103 167 -1
15 1 2 103 168 0.99988
15 1 2 104 166 -1
15 1 2 104 167 0.0572674
15 1 2 104 168 0.332187
15 1 3 102 212 0.330981
15 1 3 103 212 0.271276
15 1 3 104 212 0.397743
15 1 4 102 271 0.296535
15 1 4 102 272 -1
15 1 4 102 273 -1
15 1 4 103 271 -1
15 1 4 103 272 0.967543
15 1 4 103 273 0.205121
15 1 4 104 271 -1
15 1 4 104 272 0.407103
15 1 4 104 273 0.992005
15 2 3 166 212 -1
15 2 3 167 212 0.268874
15 2 3 168 212 -1
15 2 4 166 271 -1
15 2 4 166 272 -1
15 2 4 166 273 -1
15 2 4 167 271 -1
15 2 4 167 272 -1
15 2 4 167 273 0.0474177
15 2 4 168 271 -1
15 2 4 168 272 0.953718
15 2 4 168 273 0.122452
15 3 4 212 271 0.1647
15 3 4 212 272 0.2356
15 3 4 212 273 0.599701
16 0 1 43 105 -1
16 0 1 43 106 0.987102
16 0 2 43 169 -1
16 0 2 43 170 -1
16 0 3 43 213 -1
16 0 4 43 274 -1
16 0 4 43 275 -1
16 0 4 43 276 -1
16 0 4 43 277 0.869935
16 1 2 105 169 -1
16 1 2 105 170 0.804469
16 1 2 106 169 -1
16 1 2 106 170 -1
16 1 3 105 213 0.470037
16 1 3 106 213 0.529963
16 1 4 105 274 -1
16 1 4 105 275 -1
16 1 4 105 276 0.787179
16 1 4 105 277 -1
16 1 4 106 274 -1
16 1 4 106 275 -1
16 1 4 106 276 -1
16 1 4 106 277 0.851317
16 2 3 169 213 0.477735
16 2 3 170 213 -1
16 2 4 169 274 0.963831
16 2 4 169 275 -1
16 2 4 169 276 -1
16 2 4 169 277 0.34711
16 2 4 170 274 -1
16 2 4 170 275 -1
16 2 4 170 276 0.680559
16 2 4 170 277 -1
16 3 4 213 274 -1
16 3 4 213 275 0.890719
16 3 4 213 276 0.588457
16 3 4 213 277 0.0399653
17 0 1 44 107 0.184186
17 0 1 44 108 0.734486
17 0 1 44 109 -1
17 0 1 44 110 -1
17 0 1 45 107 0.447325
17 0 1 45 108 -1
17 0 1 45 109 0.631678
17 0 1 45 110 -1
17 0 1 46 107 0.368489
17 0 1 46 108 -1
17 0 1 46 109 0.942915
17 0 1 46 110 -1
17 0 2 44 171 -1
17 0 2 44 172 -1
17 0 2 44 173 -1
17 0 2 45 171 -1
17 0 2 45 172 -1
17 0 2 45 173 -1
17 0 2 46 171 0.22923
17 0 2 46 172 -1
17 0 2 46 173 0.758794
17 0 3 44 214 0.140673
17 0 3 44 215 0.815795
17 0 3 45 214 -1
17 0 3 45 215 -1
17 0 3 46 214 0.416019
17 0 3 46 215 0.583981
17 0 4 44 278 -1
17 0 4 44 279 -1
17 0 4 44 280 0.957481
17 0 4 44 281 -1
17 0 4 45 278 -1
17 0 4 45 279 -1
17 0 4 45 280 -1
17 0 4 45 281 0.841949
17 0 4 46 278 -1
17 0 4 46 279 0.998868
17 0 4 46 280 -1
17 0 4 46 281 -1
17 1 2 107 171 0.219175
17 1 2 107 172 -1
17 1 2 107 173 -1
17 1 2 108 171 -1
17 1 2 108 172 0.1507
17 1 2 108 173 0.313541
17 1 2 109 171 -1
17 1 2 109 172 0.207051
17 1 2 109 173 -1
17 1 2 110 171 0.922513
17 1 2 110 172 -1
17 1 2 110 173 -1
17 1 3 107 214 -1
17 1 3 107 215 -1
17 1 3 108 214 -1
17 1 3 108 215 0.964108
17 1 3 109 214 -1
17 1 3 109 215 -1
17 1 3 110 214 0.902386
17 1 3 110 215 -1
17 1 4 107 278 0.746075
17 1 4 107 279 -1
17 1 4 107 280 -1
17 1 4 107 281 0.555947
17 1 4 108 278 -1
17 1 4 108 279 -1
17 1 4 108 280 0.892026
17 1 4 108 281 -1
17 1 4 109 278 -1
17 1 4 109 279 0.930697
17 1 4 109 280 -1
17 1 4 109 281 -1
17 1 4 110 278 0.86369
17 1 4 110 279 -1
17 1 4 110 280 -1
17 1 4 110 281 0.266308
17 2 3 171 214 0.90876
17 2 3 171 215 -1
17 2 3 172 214 -1
17 2 3 172 215 0.437411
17 2 3 173 214 -1
17 2 3 173 215 0.14632
17 2 4 171 278 0.903983
17 2 4 171 279 -1
17 2 4 171 280 -1
17 2 4 171 281 0.467123
17 2 4 172 278 -1
17 2 4 172 279 0.639031
17 2 4 172 280 -1
17 2 4 172 281 -1
17 2 4 173 278 -1
17 2 4 173 279 -1
17 2 4 173 280 0.708951
17 2 4 173 281 -1
17 3 4 214 278 0.391093
17 3 4 214 279 -1
17 3 4 214 280 -1
17 3 4 214 281 -1
17 3 4 215 278 -1
17 3 4 215 279 -1
17 3 4 215 280 0.988828
17 3 4 215 281 -1
18 0 1 47 111 0.997695
18 0 1 47 112 0.124401
18 0 1 47 113 0.655239
18 0 1 47 114 -1
18 0 2 47 174 -1
18 0 2 47 175 -1
18 0 3 47 216 0.960135
18 0 3 47 217 -1
18 0 4 47 282 -1
18 0 4 47 283 -1
18 0 4 47 284 0.936368
18 1 2 111 174 -1
18 1 2 111 175 -1
18 1 2 112 174 -1
18 1 2 112 175 0.746431
18 1 2 113 174 0.959926
18 1 2 113 175 -1
18 1 2 114 174 -1
18 1 2 114 175 -1
18 1 3 111 216 0.995229
18 1 3 111 217 -1
18 1 3 112 216 -1
18 1 3 112 217 0.854574
18 1 3 113 216 -1
18 1 3 113 217 -1
18 1 3 114 216 0.311889
18 1 3 114 217 -1
18 1 4 111 282 -1
18 1 4 111 283 -1
18 1 4 111 284 0.906463
18 1 4 112 282 0.784278
18 1 4 112 283 -1
18 1 4 112 284 -1
18 1 4 113 282 -1
18 1 4 113 283 0.93592
18 1 4 113 284 -1
18 1 4 114 282 -1
18 1 4 114 283 -1
18 1 4 114 284 -1
18 2 3 174 216 -1
18 2 3 174 217 -1
18 2 3 175 216 -1
18 2 3 175 217 0.606981
18 2 4 174 282 -1
18 2 4 174 283 0.886527
18 2 4 174 284 -1
18 2 4 175 282 0.920642
18 2 4 175 283 -1
18 2 4 175 284 -1
18 3 4 216 282 0.262605
18 3 4 216 283 0.163822
18 3 4 216 284 0.282042
18 3 4 217 282 0.269837
18 3 4 217 283 0.207287
18 3 4 217 284 0.244284
end of Frame 229
