J OverallIdx viewIdx joint种类0-18(jointIdx) 该joint在图中的顺序(candidix) x y score
0 0 0 0 692.641 398.51 0.549257
1 0 0 1 243.962 425.96 0.600794
2 0 1 0 703.844 191.811 0.730525
3 0 1 1 241.197 210.87 0.833465
4 0 2 0 703.922 396.442 0.48529
5 0 2 1 271.992 430.121 0.613457
6 0 3 0 684.282 398.562 0.572937
7 0 3 1 215.979 419.63 0.537852
8 0 4 0 639.478 130.709 0.303384
9 0 5 0 712.262 185.604 0.574021
10 0 5 1 280.315 210.95 0.858006
11 0 6 0 687.094 191.915 0.844962
12 0 6 1 210.236 210.778 0.815543
13 0 7 0 703.914 560.872 0.634796
14 0 7 1 288.811 582.041 0.629374
15 0 8 0 684.219 565.177 0.712458
16 0 8 1 235.704 577.79 0.673779
17 0 9 0 300.141 134.981 0.841942
18 0 10 0 235.623 126.614 0.667798
19 0 10 1 664.574 126.608 0.896075
20 0 11 0 283.246 335.302 0.838373
21 0 12 0 709.597 276.214 0.873051
22 0 13 0 709.595 698.012 0.689002
23 0 13 1 252.408 733.829 0.675894
24 0 14 0 689.948 719.018 0.731952
25 0 14 1 221.586 729.595 0.47338
26 0 15 0 319.639 425.919 0.774675
27 0 16 0 658.924 345.798 0.845188
28 0 17 0 614.137 733.822 0.811755
29 0 18 0 661.736 683.242 0.249155
30 0 18 1 311.297 735.991 0.658911
31 1 0 0 706.616 379.624 0.817363
32 1 0 1 569.276 398.531 0.739624
33 1 1 0 560.831 238.313 0.824173
34 1 1 1 715.139 242.544 0.847431
35 1 2 0 687.062 379.643 0.789723
36 1 2 1 597.341 398.52 0.72956
37 1 3 0 723.439 379.646 0.77866
38 1 3 1 532.794 398.518 0.698196
39 1 4 0 675.8 193.876 0.886028
40 1 5 0 614.11 236.162 0.844044
41 1 5 1 701.045 242.549 0.784674
42 1 6 0 507.585 240.356 0.862532
43 1 6 1 734.701 242.521 0.876894
44 1 7 0 689.917 480.868 0.801777
45 1 7 1 614.116 527.13 0.782125
46 1 8 0 715.172 482.891 0.793181
47 1 8 1 549.539 529.33 0.816994
48 1 9 0 588.848 179.186 0.47066
49 1 10 0 535.641 177.045 0.869532
50 1 10 1 709.503 193.926 0.935652
51 1 11 0 639.23 337.364 0.894555
52 1 12 0 782.428 295.11 0.916092
53 1 12 1 499.157 331.154 0.833518
54 1 13 0 706.554 569.311 0.826321
55 1 13 1 622.535 659.993 0.766686
56 1 14 0 729.201 581.966 0.851364
57 1 14 1 555.269 655.817 0.761424
58 1 15 0 622.555 398.516 0.799445
59 1 16 0 731.872 331.091 0.91821
60 1 16 1 524.299 392.177 0.740914
61 1 17 0 695.456 601.05 0.760573
62 1 17 1 555.276 653.668 0.418748
63 1 18 0 661.832 582.07 0.963213
64 1 18 1 636.484 651.613 0.476101
65 2 0 0 527.174 225.59 0.824218
66 2 0 1 661.776 409.092 0.748713
67 2 1 0 541.219 80.1336 0.842239
68 2 1 1 673.063 253.023 0.78547
69 2 2 0 501.868 221.424 0.766975
70 2 2 1 684.407 402.777 0.711903
71 2 3 0 552.511 227.688 0.794357
72 2 3 1 636.52 411.219 0.711118
73 2 4 0 516.036 35.8436 0.82664
74 2 4 1 611.33 181.386 0.851508
75 2 5 0 490.761 75.8342 0.859907
76 2 5 1 709.52 236.136 0.803656
77 2 6 0 588.953 90.6267 0.834882
78 2 6 1 636.522 265.685 0.81814
79 2 7 0 499.126 314.295 0.817925
80 2 7 1 664.697 497.74 0.837843
81 2 8 0 549.769 324.72 0.853935
82 2 8 1 622.536 512.32 0.828014
83 2 10 0 560.919 35.8388 0.818799
84 2 10 1 659.1 187.711 0.856664
85 2 11 0 451.478 109.709 0.916121
86 2 11 1 720.672 322.659 0.685931
87 2 12 0 619.824 145.46 0.764679
88 2 12 1 616.796 375.319 0.843794
89 2 13 0 496.347 392.202 0.826457
90 2 13 1 684.363 598.826 0.883059
91 2 14 0 549.587 398.64 0.875375
92 2 14 1 630.934 603.089 0.799175
93 2 15 0 476.782 166.606 0.850931
94 2 15 1 664.697 343.745 0.240683
95 2 16 0 588.883 193.934 0.913185
96 2 16 1 583.334 411.188 0.767246
97 2 17 0 546.803 432.368 0.754043
98 2 17 1 594.543 579.91 0.798379
99 2 18 0 465.55 417.504 0.751094
100 2 18 1 675.842 594.64 0.279761
101 3 0 0 302.86 343.637 0.8036
102 3 0 1 597.304 360.514 0.681326
103 3 1 0 280.438 189.768 0.912088
104 3 1 1 597.408 193.932 0.788474
105 3 2 0 271.99 345.755 0.742361
106 3 2 1 586.078 358.437 0.589599
107 3 3 0 333.734 337.419 0.714167
108 3 3 1 614.084 360.626 0.712559
109 3 4 0 280.543 126.427 0.965022
110 3 4 1 555.279 139.135 0.848921
111 3 5 0 235.483 189.789 0.862299
112 3 5 1 586.108 191.852 0.66669
113 3 6 0 325.394 185.586 0.866019
114 3 6 1 616.935 194.073 0.918304
115 3 7 0 277.493 463.855 0.8182
116 3 7 1 594.537 472.361 0.673831
117 3 8 0 330.866 455.453 0.781746
118 3 8 1 608.517 478.633 0.711156
119 3 9 0 257.902 126.404 0.842748
120 3 10 0 305.787 126.43 0.820899
121 3 10 1 602.982 128.655 0.885773
122 3 11 0 173.88 246.732 0.89129
123 3 12 0 361.794 236.163 0.830759
124 3 12 1 636.45 295.197 0.87146
125 3 13 0 277.511 560.873 0.798297
126 3 13 1 636.457 565.225 0.706484
127 3 14 0 330.909 550.331 0.844218
128 3 14 1 636.479 586.188 0.771584
129 3 15 0 232.749 297.282 0.940013
130 3 16 0 353.389 280.501 0.882734
131 3 16 1 588.932 360.554 0.807691
132 3 17 0 373.088 573.548 0.82977
133 3 17 1 572.119 603.054 0.793372
134 3 18 0 588.855 575.649 0.553548
135 3 18 1 283.181 596.674 0.826492
136 4 0 0 661.999 291.022 0.782092
137 4 0 1 415.103 328.996 0.496539
138 4 1 0 406.61 111.71 0.463198
139 4 1 1 681.364 141.196 0.898351
140 4 2 0 636.545 288.9 0.737201
141 4 2 1 414.967 331.094 0.598024
142 4 3 0 698.25 293.085 0.719053
143 4 3 1 423.432 328.953 0.364781
144 4 4 0 460.033 42.1316 0.395826
145 4 4 1 700.989 78.099 0.882182
146 4 5 0 392.693 111.728 0.811881
147 4 5 1 630.941 139.167 0.822481
148 4 6 0 415.07 111.729 0.374691
149 4 6 1 728.999 141.203 0.879363
150 4 7 0 630.916 400.703 0.784176
151 4 7 1 415.059 499.809 0.621521
152 4 8 0 684.434 411.117 0.850205
153 4 8 1 417.954 466.014 0.25655
154 4 9 0 398.306 40.1232 0.854406
155 4 9 1 658.95 75.8552 0.917672
156 4 11 0 373.043 208.725 0.857763
157 4 11 1 614.115 217.161 0.849648
158 4 12 0 740.328 215.072 0.831648
159 4 13 0 622.56 493.42 0.83967
160 4 13 1 409.483 647.337 0.761152
161 4 14 0 678.618 501.908 0.800953
162 4 14 1 414.922 596.749 0.468894
163 4 15 0 415.038 276.272 0.893984
164 4 15 1 614.221 278.363 0.914677
165 4 16 0 715.074 278.468 0.865482
166 4 17 0 661.742 533.52 0.862747
167 4 17 1 462.707 598.895 0.670545
168 4 18 0 605.697 518.775 0.819702
169 4 18 1 482.431 657.925 0.79212
P viewIdx, pafIdx, aOverAllIdx, bOverAllIdx, CandidAIdx, CandidBIdx, score
0 0 2 0 0 0 0.930873
0 0 2 1 0 1 0
0 0 3 0 1 0 0
0 0 3 1 1 1 0.970245
0 1 4 13 0 0 0.940156
0 1 4 14 0 1 0
0 1 5 13 1 0 0
0 1 5 14 1 1 0.965542
0 2 13 22 0 0 0.963242
0 2 13 23 0 1 0
0 2 14 22 1 0 0
0 2 14 23 1 1 0.967752
0 3 0 4 0 0 0.796461
0 3 0 5 0 1 0
0 3 1 4 1 0 0
0 3 1 5 1 1 0.913446
0 4 0 6 0 0 0.781475
0 4 0 7 0 1 0
0 4 1 6 1 0 0
0 4 1 7 1 1 0.897623
0 5 6 15 0 0 0.978425
0 5 6 16 0 1 0
0 5 7 15 1 0 0
0 5 7 16 1 1 0.949953
0 6 15 24 0 0 0.983113
0 6 15 25 0 1 0
0 6 16 24 1 0 0
0 6 16 25 1 1 0.954161
0 7 2 9 0 0 0.875441
0 7 2 10 0 1 0
0 7 3 9 1 0 0
0 7 3 10 1 1 0.992911
0 8 9 20 0 0 0
0 8 10 20 1 0 0.996556
0 9 20 26 0 0 0.999762
0 10 9 17 0 0 0
0 10 10 17 1 0 0.979354
0 11 2 11 0 0 0.939455
0 11 2 12 0 1 0
0 11 3 11 1 0 0
0 11 3 12 1 1 0.989715
0 12 11 21 0 0 0.982734
0 12 12 21 1 0 0
0 13 21 27 0 0 0.973467
0 14 11 18 0 0 0
0 14 11 19 0 1 0.995638
0 14 12 18 1 0 0.899977
0 14 12 19 1 1 0
0 15 2 8 0 0 0.80367
0 15 3 8 1 0 0
0 16 24 28 0 0 0.961315
0 16 25 28 1 0 0
0 17 22 29 0 0 0.702664
0 17 22 30 0 1 0
0 17 23 29 1 0 0
0 17 23 30 1 1 0.9132
1 0 33 31 0 0 0
1 0 33 32 0 1 0.98518
1 0 34 31 1 0 0.987977
1 0 34 32 1 1 0
1 1 35 44 0 0 0.983703
1 1 35 45 0 1 0
1 1 36 44 1 0 0
1 1 36 45 1 1 0.972248
1 2 44 54 0 0 0.980267
1 2 44 55 0 1 0
1 2 45 54 1 0 0
1 2 45 55 1 1 0.996048
1 3 31 35 0 0 0.96199
1 3 31 36 0 1 0
1 3 32 35 1 0 0
1 3 32 36 1 1 0.921115
1 4 31 37 0 0 0.953836
1 4 31 38 0 1 0
1 4 32 37 1 0 0
1 4 32 38 1 1 0.929696
1 5 37 46 0 0 0.979858
1 5 37 47 0 1 0
1 5 38 46 1 0 0
1 5 38 47 1 1 0.978266
1 6 46 56 0 0 0.975557
1 6 46 57 0 1 0
1 6 47 56 1 0 0
1 6 47 57 1 1 0.996106
1 7 33 40 0 0 0.982175
1 7 33 41 0 1 0
1 7 34 40 1 0 0
1 7 34 41 1 1 0.989096
1 8 40 51 0 0 0.99769
1 8 41 51 1 0 0
1 9 51 58 0 0 0.964584
1 10 40 48 0 0 0.889674
1 10 41 48 1 0 0
1 11 33 42 0 0 0.986534
1 11 33 43 0 1 0
1 11 34 42 1 0 0
1 11 34 43 1 1 0.988638
1 12 42 52 0 0 0
1 12 42 53 0 1 0.988119
1 12 43 52 1 0 0.99133
1 12 43 53 1 1 0
1 13 52 59 0 0 0.979115
1 13 52 60 0 1 0
1 13 53 59 1 0 0
1 13 53 60 1 1 0.994356
1 14 42 49 0 0 0.971625
1 14 42 50 0 1 0
1 14 43 49 1 0 0
1 14 43 50 1 1 0.998336
1 15 33 39 0 0 0
1 15 34 39 1 0 0.999154
1 16 56 61 0 0 0.947146
1 16 56 62 0 1 0
1 16 57 61 1 0 0
1 16 57 62 1 1 0.560614
1 17 54 63 0 0 0.98482
1 17 54 64 0 1 0
1 17 55 63 1 0 0
1 17 55 64 1 1 0
2 0 67 65 0 0 0.998537
2 0 67 66 0 1 0
2 0 68 65 1 0 0
2 0 68 66 1 1 0.994932
2 1 69 79 0 0 0.991954
2 1 69 80 0 1 0
2 1 70 79 1 0 0
2 1 70 80 1 1 0.957091
2 2 79 89 0 0 0.988699
2 2 79 90 0 1 0
2 2 80 89 1 0 0
2 2 80 90 1 1 0.969827
2 3 65 69 0 0 0.965084
2 3 65 70 0 1 0
2 3 66 69 1 0 0
2 3 66 70 1 1 0.930357
2 4 65 71 0 0 0.967096
2 4 65 72 0 1 0
2 4 66 71 1 0 0
2 4 66 72 1 1 0.945566
2 5 71 81 0 0 0.999186
2 5 71 82 0 1 0
2 5 72 81 1 0 0
2 5 72 82 1 1 0.975151
2 6 81 91 0 0 0.998328
2 6 81 92 0 1 0
2 6 82 91 1 0 0
2 6 82 92 1 1 0.995433
2 7 67 75 0 0 0.99317
2 7 67 76 0 1 0
2 7 68 75 1 0 0
2 7 68 76 1 1 0.969241
2 8 75 85 0 0 0.978852
2 8 75 86 0 1 0
2 8 76 85 1 0 0
2 8 76 86 1 1 0.955087
2 9 85 93 0 0 0.98629
2 9 85 94 0 1 0
2 9 86 93 1 0 0
2 9 86 94 1 1 0.777689
2 11 67 77 0 0 0.996344
2 11 67 78 0 1 0
2 11 68 77 1 0 0
2 11 68 78 1 1 0.969511
2 12 77 87 0 0 0.999481
2 12 77 88 0 1 0
2 12 78 87 1 0 0
2 12 78 88 1 1 0.989571
2 13 87 95 0 0 0.968167
2 13 87 96 0 1 0
2 13 88 95 1 0 0
2 13 88 96 1 1 0.976146
2 14 77 83 0 0 0.999922
2 14 77 84 0 1 0
2 14 78 83 1 0 0
2 14 78 84 1 1 0.987584
2 15 67 73 0 0 0.99065
2 15 67 74 0 1 0
2 15 68 73 1 0 0
2 15 68 74 1 1 0.99585
2 16 91 97 0 0 0.965153
2 16 91 98 0 1 0
2 16 92 97 1 0 0
2 16 92 98 1 1 0.973889
2 17 89 99 0 0 0.956826
2 17 89 100 0 1 0
2 17 90 99 1 0 0
2 17 90 100 1 1 0.790135
3 0 103 101 0 0 0.997834
3 0 103 102 0 1 0
3 0 104 101 1 0 0
3 0 104 102 1 1 0.945198
3 1 105 115 0 0 0.985796
3 1 105 116 0 1 0
3 1 106 115 1 0 0
3 1 106 116 1 1 0.94334
3 2 115 125 0 0 0.99956
3 2 115 126 0 1 0
3 2 116 125 1 0 0
3 2 116 126 1 1 0.979098
3 3 101 105 0 0 0.95311
3 3 101 106 0 1 0
3 3 102 105 1 0 0
3 3 102 106 1 1 0.907608
3 4 101 107 0 0 0.940121
3 4 101 108 0 1 0
3 4 102 107 1 0 0
3 4 102 108 1 1 0.904268
3 5 107 117 0 0 0.977388
3 5 107 118 0 1 0
3 5 108 117 1 0 0
3 5 108 118 1 1 0.980716
3 6 117 127 0 0 0.999992
3 6 117 128 0 1 0
3 6 118 127 1 0 0
3 6 118 128 1 1 0.993481
3 7 103 111 0 0 0.991629
3 7 103 112 0 1 0
3 7 104 111 1 0 0
3 7 104 112 1 1 0.951444
3 8 111 122 0 0 0.972474
3 8 112 122 1 0 0
3 9 122 129 0 0 0.984069
3 10 111 119 0 0 0.981247
3 10 112 119 1 0 0
3 11 103 113 0 0 0.984287
3 11 103 114 0 1 0
3 11 104 113 1 0 0
3 11 104 114 1 1 0.96477
3 12 113 123 0 0 0.991211
3 12 113 124 0 1 0
3 12 114 123 1 0 0
3 12 114 124 1 1 0.995227
3 13 123 130 0 0 0.980595
3 13 123 131 0 1 0
3 13 124 130 1 0 0
3 13 124 131 1 1 0.995748
3 14 113 120 0 0 0.96876
3 14 113 121 0 1 0
3 14 114 120 1 0 0
3 14 114 121 1 1 0.984537
3 15 103 109 0 0 0.998443
3 15 103 110 0 1 0
3 15 104 109 1 0 0
3 15 104 110 1 1 0.972443
3 16 127 132 0 0 0.981276
3 16 127 133 0 1 0
3 16 128 132 1 0 0
3 16 128 133 1 1 0.976816
3 17 125 134 0 0 0
3 17 125 135 0 1 0.979146
3 17 126 134 1 0 0.902853
3 17 126 135 1 1 0
4 0 138 136 0 0 0
4 0 138 137 0 1 0.870475
4 0 139 136 1 0 0.993274
4 0 139 137 1 1 0
4 1 140 150 0 0 0.986405
4 1 140 151 0 1 0
4 1 141 150 1 0 0
4 1 141 151 1 1 0.967946
4 2 150 159 0 0 0.999772
4 2 150 160 0 1 0
4 2 151 159 1 0 0
4 2 151 160 1 1 0.97708
4 3 136 140 0 0 0.945813
4 3 136 141 0 1 0
4 3 137 140 1 0 0
4 3 137 141 1 1 0.703783
4 4 136 142 0 0 0.954321
4 4 136 143 0 1 0
4 4 137 142 1 0 0
4 4 137 143 1 1 0.722522
4 5 142 152 0 0 0.997184
4 5 142 153 0 1 0
4 5 143 152 1 0 0
4 5 143 153 1 1 0.833931
4 6 152 161 0 0 0.989708
4 6 152 162 0 1 0
4 6 153 161 1 0 0
4 6 153 162 1 1 0.844178
4 7 138 146 0 0 0.79455
4 7 138 147 0 1 0
4 7 139 146 1 0 0
4 7 139 147 1 1 0.998334
4 8 146 156 0 0 0.958164
4 8 146 157 0 1 0
4 8 147 156 1 0 0
4 8 147 157 1 1 0.997768
4 9 156 163 0 0 0.999565
4 9 156 164 0 1 0
4 9 157 163 1 0 0
4 9 157 164 1 1 0.99707
4 10 146 154 0 0 0.983462
4 10 146 155 0 1 0
4 10 147 154 1 0 0
4 10 147 155 1 1 0.993292
4 11 138 148 0 0 0.81157
4 11 138 149 0 1 0
4 11 139 148 1 0 0
4 11 139 149 1 1 0.996092
4 12 148 158 0 0 0
4 12 149 158 1 0 0.993605
4 13 158 165 0 0 0.97068
4 15 138 144 0 0 0.743035
4 15 138 145 0 1 0
4 15 139 144 1 0 0
4 15 139 145 1 1 0.997097
4 16 161 166 0 0 0.98512
4 16 161 167 0 1 0
4 16 162 166 1 0 0
4 16 162 167 1 1 0.88434
4 17 159 168 0 0 0.969783
4 17 159 169 0 1 0
4 17 160 168 1 0 0
4 17 160 169 1 1 0.989963
E jointIdx viewA viewB aOverAllIdx bOverallIdx score
0 0 1 0 31 0.346924
0 0 1 0 32 0.267084
0 0 1 1 31 0.27722
0 0 1 1 32 0.343964
0 0 2 0 65 0.819061
0 0 2 0 66 -1
0 0 2 1 65 -1
0 0 2 1 66 0.92708
0 0 3 0 101 0.738722
0 0 3 0 102 -1
0 0 3 1 101 -1
0 0 3 1 102 0.812364
0 0 4 0 136 -1
0 0 4 0 137 0.922121
0 0 4 1 136 0.866453
0 0 4 1 137 -1
0 1 2 31 65 0.995671
0 1 2 31 66 -1
0 1 2 32 65 -1
0 1 2 32 66 0.903281
0 1 3 31 101 0.948131
0 1 3 31 102 -1
0 1 3 32 101 -1
0 1 3 32 102 0.889884
0 1 4 31 136 -1
0 1 4 31 137 0.924605
0 1 4 32 136 0.996116
0 1 4 32 137 -1
0 2 3 65 101 0.83476
0 2 3 65 102 -1
0 2 3 66 101 -1
0 2 3 66 102 0.76266
0 2 4 65 136 -1
0 2 4 65 137 0.933346
0 2 4 66 136 0.99634
0 2 4 66 137 -1
0 3 4 101 136 0.265372
0 3 4 101 137 0.279334
0 3 4 102 136 0.278774
0 3 4 102 137 0.26586
1 0 1 2 33 0.274316
1 0 1 2 34 0.286499
1 0 1 3 33 0.285655
1 0 1 3 34 0.27567
1 0 2 2 67 0.817119
1 0 2 2 68 -1
1 0 2 3 67 -1
1 0 2 3 68 0.997894
1 0 3 2 103 0.309613
1 0 3 2 104 0.301204
1 0 3 3 103 0.300342
1 0 3 3 104 0.308139
1 0 4 2 138 0.906319
1 0 4 2 139 -1
1 0 4 3 138 -1
1 0 4 3 139 0.849352
1 1 2 33 67 -1
1 1 2 33 68 0.963034
1 1 2 34 67 0.985381
1 1 2 34 68 -1
1 1 3 33 103 0.273908
1 1 3 33 104 0.283654
1 1 3 34 103 0.284388
1 1 3 34 104 0.274515
1 1 4 33 138 0.0453575
1 1 4 33 139 0.786829
1 1 4 34 138 0.768347
1 1 4 34 139 0.190931
1 2 3 67 103 0.862638
1 2 3 67 104 -1
1 2 3 68 103 -1
1 2 3 68 104 0.844121
1 2 4 67 138 0.90344
1 2 4 67 139 -1
1 2 4 68 138 -1
1 2 4 68 139 0.799691
1 3 4 103 138 0.50352
1 3 4 103 139 0.330805
1 3 4 104 138 0.115173
1 3 4 104 139 0.56225
2 0 1 4 35 0.40104
2 0 1 4 36 0.255643
2 0 1 5 35 0.275884
2 0 1 5 36 0.397269
2 0 2 4 69 0.775971
2 0 2 4 70 -1
2 0 2 5 69 -1
2 0 2 5 70 0.729629
2 0 3 4 105 0.794134
2 0 3 4 106 -1
2 0 3 5 105 -1
2 0 3 5 106 0.861339
2 0 4 4 140 -1
2 0 4 4 141 0.820186
2 0 4 5 140 0.951313
2 0 4 5 141 -1
2 1 2 35 69 0.877812
2 1 2 35 70 -1
2 1 2 36 69 -1
2 1 2 36 70 0.846261
2 1 3 35 105 0.946498
2 1 3 35 106 0.0535024
2 1 3 36 105 0.0259932
2 1 3 36 106 0.842328
2 1 4 35 140 -1
2 1 4 35 141 0.695686
2 1 4 36 140 0.989983
2 1 4 36 141 -1
2 2 3 69 105 0.9316
2 2 3 69 106 -1
2 2 3 70 105 -1
2 2 3 70 106 0.597418
2 2 4 69 140 -1
2 2 4 69 141 0.806018
2 2 4 70 140 0.919545
2 2 4 70 141 -1
2 3 4 105 140 0.289215
2 3 4 105 141 0.330546
2 3 4 106 140 0.329506
2 3 4 106 141 0.293295
3 0 1 6 37 0.304784
3 0 1 6 38 0.273555
3 0 1 7 37 0.27774
3 0 1 7 38 0.30248
3 0 2 6 71 0.851244
3 0 2 6 72 -1
3 0 2 7 71 -1
3 0 2 7 72 0.797691
3 0 3 6 107 0.722754
3 0 3 6 108 -1
3 0 3 7 107 -1
3 0 3 7 108 0.825842
3 0 4 6 142 -1
3 0 4 6 143 0.929729
3 0 4 7 142 0.804689
3 0 4 7 143 -1
3 1 2 37 71 0.988073
3 1 2 37 72 -1
3 1 2 38 71 -1
3 1 2 38 72 0.858724
3 1 3 37 107 0.963234
3 1 3 37 108 -1
3 1 3 38 107 -1
3 1 3 38 108 0.996642
3 1 4 37 142 -1
3 1 4 37 143 0.792442
3 1 4 38 142 0.974231
3 1 4 38 143 -1
3 2 3 71 107 0.75611
3 2 3 71 108 -1
3 2 3 72 107 -1
3 2 3 72 108 0.948188
3 2 4 71 142 -1
3 2 4 71 143 0.778298
3 2 4 72 142 0.721227
3 2 4 72 143 -1
3 3 4 107 142 0.295188
3 3 4 107 143 0.293847
3 3 4 108 142 0.293821
3 3 4 108 143 0.295168
4 0 1 8 39 0.956217
4 0 2 8 73 0.98767
4 0 2 8 74 -1
4 0 3 8 109 0.874129
4 0 3 8 110 0.125871
4 0 4 8 144 0.999022
4 0 4 8 145 -1
4 1 2 39 73 0.996197
4 1 2 39 74 -1
4 1 3 39 109 0.54722
4 1 3 39 110 0.45278
4 1 4 39 144 0.966103
4 1 4 39 145 -1
4 2 3 73 109 0.936955
4 2 3 73 110 -1
4 2 3 74 109 -1
4 2 3 74 110 0.989407
4 2 4 73 144 0.998542
4 2 4 73 145 -1
4 2 4 74 144 -1
4 2 4 74 145 0.966584
4 3 4 109 144 0.643803
4 3 4 109 145 0.244823
4 3 4 110 144 0.0369257
4 3 4 110 145 0.648445
5 0 1 9 40 0.306724
5 0 1 9 41 0.281985
5 0 1 10 40 0.284855
5 0 1 10 41 0.303899
5 0 2 9 75 0.52195
5 0 2 9 76 -1
5 0 2 10 75 -1
5 0 2 10 76 0.981113
5 0 3 9 111 0.292081
5 0 3 9 112 0.344547
5 0 3 10 111 0.349976
5 0 3 10 112 0.305557
5 0 4 9 146 0.833792
5 0 4 9 147 -1
5 0 4 10 146 -1
5 0 4 10 147 0.965267
5 1 2 40 75 0.179767
5 1 2 40 76 0.756036
5 1 2 41 75 0.712639
5 1 2 41 76 0.0919434
5 1 3 40 111 0.273245
5 1 3 40 112 0.313017
5 1 3 41 111 0.317315
5 1 3 41 112 0.278027
5 1 4 40 146 0.227294
5 1 4 40 147 0.475545
5 1 4 41 146 0.48388
5 1 4 41 147 0.25501
5 2 3 75 111 0.907912
5 2 3 75 112 -1
5 2 3 76 111 -1
5 2 3 76 112 0.796738
5 2 4 75 146 0.69842
5 2 4 75 147 -1
5 2 4 76 146 -1
5 2 4 76 147 0.889978
5 3 4 111 146 0.501639
5 3 4 111 147 0.312593
5 3 4 112 146 0.160067
5 3 4 112 147 0.526842
6 0 1 11 42 0.27843
6 0 1 11 43 0.317596
6 0 1 12 42 0.317094
6 0 1 12 43 0.286371
6 0 2 11 77 0.889254
6 0 2 11 78 -1
6 0 2 12 77 -1
6 0 2 12 78 0.958233
6 0 3 11 113 0.309844
6 0 3 11 114 0.275842
6 0 3 12 113 0.273733
6 0 3 12 114 0.307142
6 0 4 11 148 0.962398
6 0 4 11 149 -1
6 0 4 12 148 -1
6 0 4 12 149 0.782456
6 1 2 42 77 -1
6 1 2 42 78 0.803059
6 1 2 43 77 0.911532
6 1 2 43 78 -1
6 1 3 42 113 0.265574
6 1 3 42 114 0.262988
6 1 3 43 113 0.263087
6 1 3 43 114 0.265644
6 1 4 42 148 -1
6 1 4 42 149 0.929909
6 1 4 43 148 0.674588
6 1 4 43 149 -1
6 2 3 77 113 0.980911
6 2 3 77 114 -1
6 2 3 78 113 -1
6 2 3 78 114 0.97551
6 2 4 77 148 0.929602
6 2 4 77 149 -1
6 2 4 78 148 -1
6 2 4 78 149 0.692436
6 3 4 113 148 0.559914
6 3 4 113 149 0.321013
6 3 4 114 148 0.0927338
6 3 4 114 149 0.58875
7 0 1 13 44 0.559559
7 0 1 13 45 0.190149
7 0 1 14 44 0.32731
7 0 1 14 45 0.527257
7 0 2 13 79 0.918396
7 0 2 13 80 -1
7 0 2 14 79 -1
7 0 2 14 80 0.509581
7 0 3 13 115 0.99874
7 0 3 13 116 -1
7 0 3 14 115 -1
7 0 3 14 116 0.800847
7 0 4 13 150 -1
7 0 4 13 151 0.838049
7 0 4 14 150 0.794861
7 0 4 14 151 -1
7 1 2 44 79 0.852923
7 1 2 44 80 -1
7 1 2 45 79 -1
7 1 2 45 80 0.71858
7 1 3 44 115 0.99716
7 1 3 44 116 -1
7 1 3 45 115 -1
7 1 3 45 116 0.84441
7 1 4 44 150 -1
7 1 4 44 151 0.847065
7 1 4 45 150 0.794747
7 1 4 45 151 -1
7 2 3 79 115 0.889028
7 2 3 79 116 -1
7 2 3 80 115 -1
7 2 3 80 116 0.784313
7 2 4 79 150 -1
7 2 4 79 151 0.975079
7 2 4 80 150 0.929887
7 2 4 80 151 -1
7 3 4 115 150 0.122517
7 3 4 115 151 0.870466
7 3 4 116 150 0.859611
7 3 4 116 151 -1
8 0 1 15 46 0.351306
8 0 1 15 47 0.269229
8 0 1 16 46 0.283219
8 0 1 16 47 0.355098
8 0 2 15 81 0.931834
8 0 2 15 82 -1
8 0 2 16 81 -1
8 0 2 16 82 0.958698
8 0 3 15 117 0.786711
8 0 3 15 118 -1
8 0 3 16 117 -1
8 0 3 16 118 0.862896
8 0 4 15 152 -1
8 0 4 15 153 0.798206
8 0 4 16 152 0.680998
8 0 4 16 153 -1
8 1 2 46 81 0.92065
8 1 2 46 82 -1
8 1 2 47 81 -1
8 1 2 47 82 0.966998
8 1 3 46 117 0.840459
8 1 3 46 118 -1
8 1 3 47 117 -1
8 1 3 47 118 0.860025
8 1 4 46 152 -1
8 1 4 46 153 0.919698
8 1 4 47 152 0.87977
8 1 4 47 153 -1
8 2 3 81 117 0.855859
8 2 3 81 118 -1
8 2 3 82 117 -1
8 2 3 82 118 0.925903
8 2 4 81 152 -1
8 2 4 81 153 0.986219
8 2 4 82 152 0.796319
8 2 4 82 153 -1
8 3 4 117 152 0.332706
8 3 4 117 153 0.33553
8 3 4 118 152 0.335803
8 3 4 118 153 0.332168
9 0 1 17 48 0.931418
9 0 3 17 119 -1
9 0 4 17 154 -1
9 0 4 17 155 0.981007
9 1 3 48 119 0.424007
9 1 4 48 154 -1
9 1 4 48 155 0.790074
9 3 4 119 154 0.64518
9 3 4 119 155 0.35482
10 0 1 18 49 0.288935
10 0 1 18 50 0.274057
10 0 1 19 49 0.274822
10 0 1 19 50 0.288167
10 0 2 18 83 -1
10 0 2 18 84 0.956596
10 0 2 19 83 0.989211
10 0 2 19 84 -1
10 0 3 18 120 -1
10 0 3 18 121 0.901869
10 0 3 19 120 0.985949
10 0 3 19 121 -1
10 1 2 49 83 -1
10 1 2 49 84 0.867193
10 1 2 50 83 0.942214
10 1 2 50 84 -1
10 1 3 49 120 0.216095
10 1 3 49 121 0.505254
10 1 3 50 120 0.505387
10 1 3 50 121 0.213665
10 2 3 83 120 0.991901
10 2 3 83 121 -1
10 2 3 84 120 -1
10 2 3 84 121 0.984415
11 0 1 20 51 0.840179
11 0 2 20 85 -1
11 0 2 20 86 0.937973
11 0 3 20 122 -1
11 0 4 20 156 0.318844
11 0 4 20 157 0.681156
11 1 2 51 85 -1
11 1 2 51 86 0.925522
11 1 3 51 122 -1
11 1 4 51 156 -1
11 1 4 51 157 0.876509
11 2 3 85 122 0.99637
11 2 3 86 122 -1
11 2 4 85 156 0.949049
11 2 4 85 157 -1
11 2 4 86 156 -1
11 2 4 86 157 0.994078
11 3 4 122 156 0.602718
11 3 4 122 157 0.397282
12 0 1 21 52 0.916013
12 0 1 21 53 -1
12 0 2 21 87 0.907067
12 0 2 21 88 -1
12 0 3 21 123 0.992671
12 0 3 21 124 -1
12 0 4 21 158 0.52869
12 1 2 52 87 0.864049
12 1 2 52 88 -1
12 1 2 53 87 -1
12 1 2 53 88 0.921618
12 1 3 52 123 0.921911
12 1 3 52 124 -1
12 1 3 53 123 -1
12 1 3 53 124 0.990736
12 1 4 52 158 -1
12 1 4 53 158 0.779257
12 2 3 87 123 0.936132
12 2 3 87 124 -1
12 2 3 88 123 -1
12 2 3 88 124 0.975754
12 2 4 87 158 -1
12 2 4 88 158 0.901429
12 3 4 123 158 0.174049
12 3 4 124 158 0.825951
13 0 1 22 54 0.647653
13 0 1 22 55 -1
13 0 1 23 54 0.352347
13 0 1 23 55 0.287649
13 0 2 22 89 0.94345
13 0 2 22 90 -1
13 0 2 23 89 -1
13 0 2 23 90 0.250234
13 0 3 22 125 0.855484
13 0 3 22 126 -1
13 0 3 23 125 -1
13 0 3 23 126 0.604754
13 0 4 22 159 -1
13 0 4 22 160 0.953904
13 0 4 23 159 0.419479
13 0 4 23 160 -1
13 1 2 54 89 0.794141
13 1 2 54 90 -1
13 1 2 55 89 -1
13 1 2 55 90 0.713992
13 1 3 54 125 0.915262
13 1 3 54 126 -1
13 1 3 55 125 -1
13 1 3 55 126 0.976469
13 1 4 54 159 -1
13 1 4 54 160 0.724265
13 1 4 55 159 0.935205
13 1 4 55 160 -1
13 2 3 89 125 0.917237
13 2 3 89 126 -1
13 2 3 90 125 -1
13 2 3 90 126 0.758065
13 2 4 89 159 0.125574
13 2 4 89 160 0.874426
13 2 4 90 159 0.845633
13 2 4 90 160 -1
13 3 4 125 159 -1
13 3 4 125 160 0.753132
13 3 4 126 159 0.882485
13 3 4 126 160 -1
14 0 1 24 56 0.441448
14 0 1 24 57 0.229194
14 0 1 25 56 0.318854
14 0 1 25 57 0.443253
14 0 2 24 91 0.87536
14 0 2 24 92 -1
14 0 2 25 91 -1
14 0 2 25 92 0.979858
14 0 3 24 127 0.942895
14 0 3 24 128 -1
14 0 3 25 127 -1
14 0 3 25 128 0.857826
14 0 4 24 161 -1
14 0 4 24 162 0.77486
14 0 4 25 161 0.733734
14 0 4 25 162 -1
14 1 2 56 91 0.899591
14 1 2 56 92 -1
14 1 2 57 91 -1
14 1 2 57 92 0.87361
14 1 3 56 127 0.946763
14 1 3 56 128 -1
14 1 3 57 127 -1
14 1 3 57 128 0.927398
14 1 4 56 161 -1
14 1 4 56 162 0.870485
14 1 4 57 161 0.909726
14 1 4 57 162 -1
14 2 3 91 127 0.932142
14 2 3 91 128 -1
14 2 3 92 127 -1
14 2 3 92 128 0.858902
14 2 4 91 161 -1
14 2 4 91 162 0.790364
14 2 4 92 161 0.841978
14 2 4 92 162 -1
14 3 4 127 161 0.274364
14 3 4 127 162 0.622661
14 3 4 128 161 0.589759
14 3 4 128 162 0.0512582
15 0 1 26 58 0.974821
15 0 2 26 93 -1
15 0 2 26 94 0.469584
15 0 3 26 129 -1
15 0 4 26 163 -1
15 0 4 26 164 0.784813
15 1 2 58 93 -1
15 1 2 58 94 0.528277
15 1 3 58 129 -1
15 1 4 58 163 -1
15 1 4 58 164 0.867056
15 2 3 93 129 0.865785
15 2 3 94 129 -1
15 2 4 93 163 0.940184
15 2 4 93 164 -1
15 2 4 94 163 -1
15 2 4 94 164 0.71144
15 3 4 129 163 0.612112
15 3 4 129 164 0.387888
16 0 1 27 59 0.827298
16 0 1 27 60 -1
16 0 2 27 95 0.914941
16 0 2 27 96 -1
16 0 3 27 130 0.818676
16 0 3 27 131 -1
16 0 4 27 165 -1
16 1 2 59 95 0.952621
16 1 2 59 96 -1
16 1 2 60 95 -1
16 1 2 60 96 0.72126
16 1 3 59 130 0.978636
16 1 3 59 131 -1
16 1 3 60 130 -1
16 1 3 60 131 0.980531
16 1 4 59 165 -1
16 1 4 60 165 0.816456
16 2 3 95 130 0.937526
16 2 3 95 131 -1
16 2 3 96 130 -1
16 2 3 96 131 0.914393
16 2 4 95 165 -1
16 2 4 96 165 0.710002
16 3 4 130 165 -1
16 3 4 131 165 0.848798
17 0 1 28 61 0.555392
17 0 1 28 62 0.444608
17 0 2 28 97 0.758625
17 0 2 28 98 -1
17 0 3 28 132 0.953659
17 0 3 28 133 -1
17 0 4 28 166 -1
17 0 4 28 167 0.934726
17 1 2 61 97 0.827793
17 1 2 61 98 -1
17 1 2 62 97 -1
17 1 2 62 98 0.677605
17 1 3 61 132 0.88493
17 1 3 61 133 -1
17 1 3 62 132 -1
17 1 3 62 133 0.774712
17 1 4 61 166 -1
17 1 4 61 167 0.918194
17 1 4 62 166 0.810157
17 1 4 62 167 -1
17 2 3 97 132 0.709402
17 2 3 97 133 -1
17 2 3 98 132 -1
17 2 3 98 133 0.953528
17 2 4 97 166 -1
17 2 4 97 167 0.906103
17 2 4 98 166 0.823715
17 2 4 98 167 -1
17 3 4 132 166 0.279077
17 3 4 132 167 0.356976
17 3 4 133 166 0.358686
17 3 4 133 167 0.27089
18 0 1 29 63 0.723001
18 0 1 29 64 -1
18 0 1 30 63 0.276999
18 0 1 30 64 0.389269
18 0 2 29 99 0.81401
18 0 2 29 100 -1
18 0 2 30 99 -1
18 0 2 30 100 -1
18 0 3 29 134 -1
18 0 3 29 135 0.649923
18 0 3 30 134 0.708419
18 0 3 30 135 -1
18 0 4 29 168 -1
18 0 4 29 169 0.762918
18 0 4 30 168 0.349877
18 0 4 30 169 -1
18 1 2 63 99 0.895527
18 1 2 63 100 -1
18 1 2 64 99 -1
18 1 2 64 100 0.403517
18 1 3 63 134 -1
18 1 3 63 135 0.811461
18 1 3 64 134 0.852704
18 1 3 64 135 -1
18 1 4 63 168 -1
18 1 4 63 169 0.766643
18 1 4 64 168 0.789927
18 1 4 64 169 -1
18 2 3 99 134 -1
18 2 3 99 135 0.835534
18 2 3 100 134 0.256799
18 2 3 100 135 -1
18 2 4 99 168 0.27306
18 2 4 99 169 0.252032
18 2 4 100 168 0.2521
18 2 4 100 169 0.273065
18 3 4 134 168 0.852671
18 3 4 134 169 -1
18 3 4 135 168 -1
18 3 4 135 169 0.980586
end of Frame 43
