J OverallIdx viewIdx joint种类0-18(jointIdx) 该joint在图中的顺序(candidix) x y score
0 0 0 0 229.952 350.058 0.193553
1 0 0 1 64.5088 362.61 0.7911
2 0 0 2 687.16 396.406 0.558426
3 0 0 3 325.339 430.221 0.593493
4 0 1 0 687.04 191.931 0.6444
5 0 1 1 328.193 210.829 0.894972
6 0 1 2 218.784 246.69 0.399341
7 0 1 3 58.846 257.202 0.885616
8 0 2 0 204.682 352.143 0.251495
9 0 2 1 44.8686 362.608 0.772338
10 0 2 2 695.477 396.389 0.439137
11 0 2 3 372.983 434.411 0.553527
12 0 3 0 255.144 350.085 0.203649
13 0 3 1 84.1455 360.63 0.777852
14 0 3 2 684.377 396.45 0.601816
15 0 3 3 280.375 428.066 0.589683
16 0 4 0 619.885 139.108 0.727273
17 0 4 1 53.2383 210.992 0.908552
18 0 4 2 207.444 221.409 0.488457
19 0 5 0 687.08 189.782 0.464662
20 0 5 1 409.47 210.977 0.830902
21 0 5 2 207.511 246.765 0.562513
22 0 5 3 30.8909 259.368 0.876934
23 0 6 0 684.36 194.007 0.849451
24 0 6 1 258.024 208.682 0.843192
25 0 6 2 235.705 246.74 0.361556
26 0 6 3 92.5149 253.019 0.815971
27 0 7 0 33.7818 444.846 0.85947
28 0 7 1 703.78 552.476 0.584664
29 0 7 2 347.849 624.192 0.62783
30 0 8 0 84.2233 434.389 0.819174
31 0 8 1 684.315 560.932 0.653846
32 0 8 2 258.121 603.103 0.668547
33 0 9 0 389.867 126.598 0.905275
34 0 9 1 30.8639 212.979 0.778992
35 0 10 0 319.7 120.223 0.805739
36 0 10 1 658.959 128.641 0.889886
37 0 10 2 67.2577 210.8 0.541954
38 0 10 3 227.101 210.833 0.391984
39 0 11 0 30.7937 303.634 0.542861
40 0 11 1 437.538 347.961 0.881533
41 0 12 0 717.892 276.213 0.848238
42 0 12 1 100.916 305.793 0.867852
43 0 12 2 229.88 331.028 0.807504
44 0 13 0 33.7516 516.707 0.84491
45 0 13 1 712.31 695.835 0.611684
46 0 13 2 328.098 765.483 0.316907
47 0 14 0 129.035 501.855 0.692172
48 0 14 1 692.665 716.98 0.706803
49 0 14 2 232.822 765.477 0.395088
50 0 15 0 33.6284 333.207 0.550515
51 0 15 1 415.086 432.243 0.664417
52 0 16 0 56.043 331.041 0.89666
53 0 16 1 658.991 345.745 0.855953
54 0 16 2 255.123 411.109 0.68424
55 0 17 0 123.445 529.257 0.481193
56 0 17 1 614.194 733.779 0.756383
57 0 18 0 30.8922 533.534 0.610433
58 0 18 1 661.745 683.135 0.287224
59 1 0 0 684.27 398.551 0.717066
60 1 1 0 687.011 234.07 0.863854
61 1 2 0 712.294 396.461 0.676906
62 1 3 0 656.256 398.572 0.669064
63 1 4 0 625.397 189.714 0.807341
64 1 5 0 726.365 242.454 0.825433
65 1 6 0 645.024 227.816 0.879171
66 1 6 1 745.912 242.471 0.282362
67 1 7 0 706.73 499.774 0.579242
68 1 8 0 616.789 529.22 0.787588
69 1 10 0 659.003 177.048 0.950602
70 1 11 0 751.518 331.118 0.854625
71 1 12 0 774.099 295.161 0.782283
72 1 12 1 33.7667 314.235 0.846952
73 1 12 2 636.65 328.935 0.937854
74 1 13 0 729.036 579.896 0.605185
75 1 13 1 681.486 651.554 0.793482
76 1 14 0 611.285 655.818 0.750963
77 1 15 0 706.664 379.607 0.784827
78 1 16 0 748.636 320.535 0.432191
79 1 16 1 33.7616 364.826 0.850662
80 1 16 2 614.162 398.511 0.830523
81 1 17 0 549.606 660.046 0.755236
82 1 18 0 726.192 598.783 0.292748
83 1 18 1 653.444 645.291 0.314836
84 2 0 0 521.599 227.724 0.793026
85 2 0 1 717.889 371.098 0.652383
86 2 1 0 529.994 80.153 0.898483
87 2 1 1 743.162 223.472 0.735418
88 2 2 0 488.001 227.661 0.773064
89 2 2 1 715.126 364.837 0.566446
90 2 3 0 549.574 227.811 0.809935
91 2 3 1 717.867 377.4 0.718185
92 2 4 0 510.443 44.2411 0.896578
93 2 4 1 687.189 160.343 0.906185
94 2 5 0 482.442 75.8716 0.919369
95 2 5 1 729.099 210.925 0.662299
96 2 6 0 574.999 90.6151 0.866623
97 2 6 1 751.659 231.938 0.845435
98 2 7 0 490.804 318.405 0.811665
99 2 7 1 703.849 478.652 0.629979
100 2 8 0 549.607 326.808 0.882752
101 2 8 1 684.353 480.867 0.741104
102 2 10 0 552.465 40.0463 0.878026
103 2 10 1 748.686 160.153 0.968844
104 2 11 0 437.546 111.71 0.954773
105 2 12 0 619.822 143.391 0.932312
106 2 12 1 754.491 337.37 0.830375
107 2 13 0 493.612 392.176 0.82322
108 2 13 1 687.034 550.407 0.725085
109 2 14 0 549.667 400.65 0.872751
110 2 14 1 681.447 594.639 0.761409
111 2 15 0 465.495 172.858 0.875385
112 2 16 0 583.328 194.012 0.893096
113 2 16 1 703.829 383.81 0.824382
114 2 17 0 546.906 436.481 0.808031
115 2 17 1 631.018 615.756 0.769147
116 2 18 0 468.288 417.579 0.751891
117 2 18 1 639.353 550.445 0.833803
118 3 0 0 300.078 310.018 0.564751
119 3 1 0 280.342 185.579 0.890924
120 3 2 0 263.608 312.121 0.557352
121 3 3 0 328.12 307.838 0.514917
122 3 4 0 294.457 128.721 0.879971
123 3 5 0 235.419 189.758 0.850594
124 3 6 0 325.285 181.346 0.879568
125 3 9 0 258.087 126.449 0.926621
126 3 10 0 311.297 124.412 0.302159
127 3 11 0 171.144 246.716 0.922619
128 3 12 0 350.552 244.563 0.789082
129 3 15 0 229.912 297.38 0.833907
130 4 0 0 588.824 290.952 0.727111
131 4 0 1 417.832 324.736 0.37124
132 4 1 0 409.364 109.572 0.46695
133 4 1 1 572.054 143.279 0.938228
134 4 2 0 552.529 290.998 0.742066
135 4 2 1 417.937 326.798 0.534977
136 4 3 0 616.864 286.807 0.760371
137 4 3 1 417.814 324.724 0.27306
138 4 4 0 482.281 46.3881 0.541268
139 4 4 1 611.264 84.3481 0.821705
140 4 5 0 412.226 109.692 0.81392
141 4 5 1 527.257 143.494 0.905756
142 4 6 0 395.48 105.443 0.305404
143 4 6 1 616.871 139.17 0.871553
144 4 7 0 566.471 396.507 0.811363
145 4 7 1 415.125 501.852 0.604766
146 4 8 0 636.643 392.238 0.835392
147 4 8 1 420.625 493.419 0.27598
148 4 9 0 431.84 42.1934 0.887368
149 4 9 1 560.917 78.1129 0.867467
150 4 11 0 395.472 208.78 0.875986
151 4 11 1 501.891 225.528 0.891576
152 4 12 0 619.857 212.954 0.867021
153 4 13 0 572.198 497.546 0.867453
154 4 13 1 409.435 647.294 0.762776
155 4 14 0 639.313 493.416 0.862616
156 4 14 1 414.943 596.738 0.535561
157 4 15 0 437.341 276.284 0.869281
158 4 15 1 535.612 280.526 0.841548
159 4 16 0 628.171 276.189 0.793265
160 4 17 0 684.141 512.46 0.939564
161 4 17 1 462.722 598.852 0.695619
162 4 18 0 597.36 520.848 0.829318
163 4 18 1 482.423 655.823 0.785813
P viewIdx, pafIdx, aOverAllIdx, bOverAllIdx, CandidAIdx, CandidBIdx, score
0 0 4 0 0 0 0
0 0 4 1 0 1 0
0 0 4 2 0 2 0.904384
0 0 4 3 0 3 0
0 0 5 0 1 0 0
0 0 5 1 1 1 0
0 0 5 2 1 2 0
0 0 5 3 1 3 0.993229
0 0 6 0 2 0 0.714347
0 0 6 1 2 1 0
0 0 6 2 2 2 0
0 0 6 3 2 3 0
0 0 7 0 3 0 0
0 0 7 1 3 1 0.986801
0 0 7 2 3 2 0
0 0 7 3 3 3 0
0 1 8 27 0 0 0
0 1 8 28 0 1 0
0 1 8 29 0 2 0
0 1 9 27 1 0 0.983826
0 1 9 28 1 1 0
0 1 9 29 1 2 0
0 1 10 27 2 0 0
0 1 10 28 2 1 0.930865
0 1 10 29 2 2 0
0 1 11 27 3 0 0
0 1 11 28 3 1 0
0 1 11 29 3 2 0.938395
0 2 27 44 0 0 0.997186
0 2 27 45 0 1 0
0 2 27 46 0 2 0
0 2 28 44 1 0 0
0 2 28 45 1 1 0.959828
0 2 28 46 1 2 0
0 2 29 44 2 0 0
0 2 29 45 2 1 0
0 2 29 46 2 2 0.963389
0 3 0 8 0 0 0.716648
0 3 0 9 0 1 0
0 3 0 10 0 2 0
0 3 0 11 0 3 0
0 3 1 8 1 0 0
0 3 1 9 1 1 0.975038
0 3 1 10 1 2 0
0 3 1 11 1 3 0
0 3 2 8 2 0 0
0 3 2 9 2 1 0
0 3 2 10 2 2 0.65949
0 3 2 11 2 3 0
0 3 3 8 3 0 0
0 3 3 9 3 1 0
0 3 3 10 3 2 0
0 3 3 11 3 3 0.86726
0 4 0 12 0 0 0.688864
0 4 0 13 0 1 0
0 4 0 14 0 2 0
0 4 0 15 0 3 0
0 4 1 12 1 0 0
0 4 1 13 1 1 0.974577
0 4 1 14 1 2 0
0 4 1 15 1 3 0
0 4 2 12 2 0 0
0 4 2 13 2 1 0
0 4 2 14 2 2 0.640055
0 4 2 15 2 3 0
0 4 3 12 3 0 0
0 4 3 13 3 1 0
0 4 3 14 3 2 0
0 4 3 15 3 3 0.87395
0 5 12 30 0 0 0
0 5 12 31 0 1 0
0 5 12 32 0 2 0
0 5 13 30 1 0 0.971366
0 5 13 31 1 1 0
0 5 13 32 1 2 0
0 5 14 30 2 0 0
0 5 14 31 2 1 0.969305
0 5 14 32 2 2 0
0 5 15 30 3 0 0
0 5 15 31 3 1 0
0 5 15 32 3 2 0.955513
0 6 30 47 0 0 0.993252
0 6 30 48 0 1 0
0 6 30 49 0 2 0
0 6 31 47 1 0 0
0 6 31 48 1 1 0.982792
0 6 31 49 1 2 0
0 6 32 47 2 0 0
0 6 32 48 2 1 0
0 6 32 49 2 2 0.948564
0 7 4 19 0 0 0.726869
0 7 4 20 0 1 0
0 7 4 21 0 2 0
0 7 4 22 0 3 0
0 7 5 19 1 0 0
0 7 5 20 1 1 0.994375
0 7 5 21 1 2 0
0 7 5 22 1 3 0
0 7 6 19 2 0 0
0 7 6 20 2 1 0
0 7 6 21 2 2 0.838768
0 7 6 22 2 3 0
0 7 7 19 3 0 0
0 7 7 20 3 1 0
0 7 7 21 3 2 0
0 7 7 22 3 3 0.989782
0 8 19 39 0 0 0
0 8 19 40 0 1 0
0 8 20 39 1 0 0
0 8 20 40 1 1 0.992178
0 8 21 39 2 0 0
0 8 21 40 2 1 0
0 8 22 39 3 0 0.932451
0 8 22 40 3 1 0
0 9 39 50 0 0 0.910337
0 9 39 51 0 1 0
0 9 40 50 1 0 0
0 9 40 51 1 1 0.949181
0 10 19 33 0 0 0
0 10 19 34 0 1 0
0 10 20 33 1 0 0.996064
0 10 20 34 1 1 0
0 10 21 33 2 0 0
0 10 21 34 2 1 0
0 10 22 33 3 0 0
0 10 22 34 3 1 0.960158
0 11 4 23 0 0 0.690304
0 11 4 24 0 1 0
0 11 4 25 0 2 0
0 11 4 26 0 3 0
0 11 5 23 1 0 0
0 11 5 24 1 1 0.995724
0 11 5 25 1 2 0
0 11 5 26 1 3 0
0 11 6 23 2 0 0
0 11 6 24 2 1 0
0 11 6 25 2 2 0.835815
0 11 6 26 2 3 0
0 11 7 23 3 0 0
0 11 7 24 3 1 0
0 11 7 25 3 2 0
0 11 7 26 3 3 0.988237
0 12 23 41 0 0 0.99701
0 12 23 42 0 1 0
0 12 23 43 0 2 0
0 12 24 41 1 0 0
0 12 24 42 1 1 0
0 12 24 43 1 2 0.510284
0 12 25 41 2 0 0
0 12 25 42 2 1 0
0 12 25 43 2 2 0.489716
0 12 26 41 3 0 0
0 12 26 42 3 1 0.98748
0 12 26 43 3 2 0
0 13 41 52 0 0 0
0 13 41 53 0 1 0.979813
0 13 41 54 0 2 0
0 13 42 52 1 0 0.982385
0 13 42 53 1 1 0
0 13 42 54 1 2 0
0 13 43 52 2 0 0
0 13 43 53 2 1 0
0 13 43 54 2 2 0.969788
0 14 23 35 0 0 0
0 14 23 36 0 1 0.999998
0 14 23 37 0 2 0
0 14 23 38 0 3 0
0 14 24 35 1 0 0.507741
0 14 24 36 1 1 0
0 14 24 37 1 2 0
0 14 24 38 1 3 0
0 14 25 35 2 0 0.279457
0 14 25 36 2 1 0
0 14 25 37 2 2 0
0 14 25 38 2 3 0.457146
0 14 26 35 3 0 0
0 14 26 36 3 1 0
0 14 26 37 3 2 0.924875
0 14 26 38 3 3 0
0 15 4 16 0 0 0.936992
0 15 4 17 0 1 0
0 15 4 18 0 2 0
0 15 5 16 1 0 0
0 15 5 17 1 1 0
0 15 5 18 1 2 0
0 15 6 16 2 0 0
0 15 6 17 2 1 0
0 15 6 18 2 2 0.834633
0 15 7 16 3 0 0
0 15 7 17 3 1 0.998636
0 15 7 18 3 2 0
0 16 47 55 0 0 0.861726
0 16 47 56 0 1 0
0 16 48 55 1 0 0
0 16 48 56 1 1 0.94302
0 16 49 55 2 0 0
0 16 49 56 2 1 0
0 17 44 57 0 0 0.912381
0 17 44 58 0 1 0
0 17 45 57 1 0 0
0 17 45 58 1 1 0.730666
0 17 46 57 2 0 0
0 17 46 58 2 1 0
1 0 60 59 0 0 0.998041
1 1 61 67 0 0 0.980346
1 2 67 74 0 0 0.492901
1 2 67 75 0 1 0.5071
1 3 59 61 0 0 0.919402
1 4 59 62 0 0 0.903969
1 5 62 68 0 0 0.983431
1 6 68 76 0 0 0.989657
1 7 60 64 0 0 0.992267
1 8 64 70 0 0 0.998525
1 9 70 77 0 0 0.967519
1 11 60 65 0 0 0.985851
1 11 60 66 0 1 0
1 12 65 71 0 0 0
1 12 65 72 0 1 0
1 12 65 73 0 2 0.984852
1 12 66 71 1 0 0.93163
1 12 66 72 1 1 0
1 12 66 73 1 2 0
1 13 71 78 0 0 0.869749
1 13 71 79 0 1 0
1 13 71 80 0 2 0
1 13 72 78 1 0 0
1 13 72 79 1 1 0.979592
1 13 72 80 1 2 0
1 13 73 78 2 0 0
1 13 73 79 2 1 0
1 13 73 80 2 2 0.980726
1 14 65 69 0 0 0.963424
1 14 66 69 1 0 0
1 15 60 63 0 0 0.992601
1 16 76 81 0 0 0.959881
1 17 74 82 0 0 0.755193
1 17 74 83 0 1 0
1 17 75 82 1 0 0
1 17 75 83 1 1 0.820107
2 0 86 84 0 0 0.991888
2 0 86 85 0 1 0
2 0 87 84 1 0 0
2 0 87 85 1 1 0.967683
2 1 88 98 0 0 0.978404
2 1 88 99 0 1 0
2 1 89 98 1 0 0
2 1 89 99 1 1 0.904991
2 2 98 107 0 0 0.984997
2 2 98 108 0 1 0
2 2 99 107 1 0 0
2 2 99 108 1 1 0.937207
2 3 84 88 0 0 0.970202
2 3 84 89 0 1 0
2 3 85 88 1 0 0
2 3 85 89 1 1 0.789926
2 4 84 90 0 0 0.962341
2 4 84 91 0 1 0
2 4 85 90 1 0 0
2 4 85 91 1 1 0.803855
2 5 90 100 0 0 0.999808
2 5 90 101 0 1 0
2 5 91 100 1 0 0
2 5 91 101 1 1 0.966225
2 6 100 109 0 0 0.995087
2 6 100 110 0 1 0
2 6 101 109 1 0 0
2 6 101 110 1 1 0.975148
2 7 86 94 0 0 0.993882
2 7 86 95 0 1 0
2 7 87 94 1 0 0
2 7 87 95 1 1 0.938348
2 8 94 104 0 0 0.987475
2 8 95 104 1 0 0
2 9 104 111 0 0 0.987328
2 11 86 96 0 0 0.995455
2 11 86 97 0 1 0
2 11 87 96 1 0 0
2 11 87 97 1 1 0.956794
2 12 96 105 0 0 0.996399
2 12 96 106 0 1 0
2 12 97 105 1 0 0
2 12 97 106 1 1 0.995082
2 13 105 112 0 0 0.974748
2 13 105 113 0 1 0
2 13 106 112 1 0 0
2 13 106 113 1 1 0.962152
2 14 96 102 0 0 0.986953
2 14 96 103 0 1 0
2 14 97 102 1 0 0
2 14 97 103 1 1 0.996809
2 15 86 92 0 0 0.994756
2 15 86 93 0 1 0
2 15 87 92 1 0 0
2 15 87 93 1 1 0.993086
2 16 109 114 0 0 0.993132
2 16 109 115 0 1 0
2 16 110 114 1 0 0
2 16 110 115 1 1 0.958616
2 17 107 116 0 0 0.958549
2 17 107 117 0 1 0
2 17 108 116 1 0 0
2 17 108 117 1 1 0.900399
3 0 119 118 0 0 0.970927
3 3 118 120 0 0 0.888146
3 4 118 121 0 0 0.888042
3 7 119 123 0 0 0.981337
3 8 123 127 0 0 0.973217
3 9 127 129 0 0 0.986814
3 10 123 125 0 0 0.97645
3 11 119 124 0 0 0.98223
3 12 124 128 0 0 0.988617
3 14 124 126 0 0 0.786704
3 15 119 122 0 0 0.998945
4 0 132 130 0 0 0
4 0 132 131 0 1 0.866856
4 0 133 130 1 0 0.995663
4 0 133 131 1 1 0
4 1 134 144 0 0 0.985676
4 1 134 145 0 1 0
4 1 135 144 1 0 0
4 1 135 145 1 1 0.940178
4 2 144 153 0 0 0.991745
4 2 144 154 0 1 0
4 2 145 153 1 0 0
4 2 145 154 1 1 0.976602
4 3 130 134 0 0 0.957693
4 3 130 135 0 1 0
4 3 131 134 1 0 0
4 3 131 135 1 1 0.647805
4 4 130 136 0 0 0.941698
4 4 130 137 0 1 0
4 4 131 136 1 0 0
4 4 131 137 1 1 0.608336
4 5 136 146 0 0 0.998552
4 5 136 147 0 1 0
4 5 137 146 1 0 0
4 5 137 147 1 1 0.799938
4 6 146 155 0 0 0.99588
4 6 146 156 0 1 0
4 6 147 155 1 0 0
4 6 147 156 1 1 0.873531
4 7 132 140 0 0 0.687204
4 7 132 141 0 1 0
4 7 133 140 1 0 0
4 7 133 141 1 1 0.998935
4 8 140 150 0 0 0.977234
4 8 140 151 0 1 0
4 8 141 150 1 0 0
4 8 141 151 1 1 0.988739
4 9 150 157 0 0 0.994142
4 9 150 158 0 1 0
4 9 151 157 1 0 0
4 9 151 158 1 1 0.989407
4 10 140 148 0 0 0.993835
4 10 140 149 0 1 0
4 10 141 148 1 0 0
4 10 141 149 1 1 0.969531
4 11 132 142 0 0 0.713186
4 11 132 143 0 1 0
4 11 133 142 1 0 0
4 11 133 143 1 1 0.998963
4 12 142 152 0 0 0
4 12 143 152 1 0 0.999622
4 13 152 159 0 0 0.99677
4 15 132 138 0 0 0.781884
4 15 132 139 0 1 0
4 15 133 138 1 0 0
4 15 133 139 1 1 0.98079
4 16 155 160 0 0 0.980417
4 16 155 161 0 1 0
4 16 156 160 1 0 0
4 16 156 161 1 1 0.913111
4 17 153 162 0 0 0.984369
4 17 153 163 0 1 0
4 17 154 162 1 0 0
4 17 154 163 1 1 0.994196
E jointIdx viewA viewB aOverAllIdx bOverallIdx score
0 0 1 0 59 -1
0 0 1 1 59 0.0251196
0 0 1 2 59 0.334612
0 0 1 3 59 0.911463
0 0 2 0 84 -1
0 0 2 0 85 0.635207
0 0 2 1 84 -1
0 0 2 1 85 -1
0 0 2 2 84 0.772526
0 0 2 2 85 -1
0 0 2 3 84 -1
0 0 2 3 85 0.755728
0 0 3 0 118 -1
0 0 3 1 118 -1
0 0 3 2 118 0.46258
0 0 3 3 118 -1
0 0 4 0 130 -1
0 0 4 0 131 -1
0 0 4 1 130 -1
0 0 4 1 131 -1
0 0 4 2 130 -1
0 0 4 2 131 0.933921
0 0 4 3 130 0.843843
0 0 4 3 131 -1
0 1 2 59 84 0.324076
0 1 2 59 85 0.641894
0 1 3 59 118 -1
0 1 4 59 130 0.448323
0 1 4 59 131 0.117594
0 2 3 84 118 0.468563
0 2 3 85 118 -1
0 2 4 84 130 -1
0 2 4 84 131 0.788737
0 2 4 85 130 0.818528
0 2 4 85 131 -1
0 3 4 118 130 0.614343
0 3 4 118 131 0.358432
1 0 1 4 60 0.376859
1 0 1 5 60 0.324654
1 0 1 6 60 0.15386
1 0 1 7 60 0.144627
1 0 2 4 86 0.871079
1 0 2 4 87 -1
1 0 2 5 86 -1
1 0 2 5 87 0.940648
1 0 2 6 86 -1
1 0 2 6 87 -1
1 0 2 7 86 -1
1 0 2 7 87 -1
1 0 3 4 119 0.773531
1 0 3 5 119 0.855486
1 0 3 6 119 0.285159
1 0 3 7 119 -1
1 0 4 4 132 0.967179
1 0 4 4 133 -1
1 0 4 5 132 -1
1 0 4 5 133 0.955645
1 0 4 6 132 -1
1 0 4 6 133 0.478359
1 0 4 7 132 -1
1 0 4 7 133 0.319261
1 1 2 60 86 0.580803
1 1 2 60 87 0.419197
1 1 3 60 119 0.7244
1 1 4 60 132 0.509599
1 1 4 60 133 0.490401
1 2 3 86 119 0.862512
1 2 3 87 119 -1
1 2 4 86 132 0.838193
1 2 4 86 133 -1
1 2 4 87 132 -1
1 2 4 87 133 0.980345
1 3 4 119 132 0.54826
1 3 4 119 133 0.45174
2 0 1 8 61 -1
2 0 1 9 61 0.0510293
2 0 1 10 61 0.345615
2 0 1 11 61 0.966991
2 0 2 8 88 -1
2 0 2 8 89 0.979107
2 0 2 9 88 -1
2 0 2 9 89 -1
2 0 2 10 88 0.678161
2 0 2 10 89 -1
2 0 2 11 88 -1
2 0 2 11 89 0.530396
2 0 3 8 120 -1
2 0 3 9 120 -1
2 0 3 10 120 0.336009
2 0 3 11 120 -1
2 0 4 8 134 -1
2 0 4 8 135 -1
2 0 4 9 134 -1
2 0 4 9 135 -1
2 0 4 10 134 -1
2 0 4 10 135 0.847725
2 0 4 11 134 0.881352
2 0 4 11 135 -1
2 1 2 61 88 0.698529
2 1 2 61 89 0.301471
2 1 3 61 120 -1
2 1 4 61 134 0.504609
2 1 4 61 135 0.495391
2 2 3 88 120 0.277345
2 2 3 89 120 -1
2 2 4 88 134 0.404778
2 2 4 88 135 0.409079
2 2 4 89 134 0.522092
2 2 4 89 135 -1
2 3 4 120 134 0.637583
2 3 4 120 135 0.362417
3 0 1 12 62 -1
3 0 1 13 62 0.00936878
3 0 1 14 62 0.383126
3 0 1 15 62 0.927929
3 0 2 12 90 -1
3 0 2 12 91 0.282119
3 0 2 13 90 -1
3 0 2 13 91 0.0150101
3 0 2 14 90 0.811448
3 0 2 14 91 -1
3 0 2 15 90 -1
3 0 2 15 91 0.999103
3 0 3 12 121 -1
3 0 3 13 121 -1
3 0 3 14 121 0.567115
3 0 3 15 121 -1
3 0 4 12 136 -1
3 0 4 12 137 -1
3 0 4 13 136 -1
3 0 4 13 137 -1
3 0 4 14 136 -1
3 0 4 14 137 0.970138
3 0 4 15 136 0.875586
3 0 4 15 137 -1
3 1 2 62 90 -1
3 1 2 62 91 0.873877
3 1 3 62 121 -1
3 1 4 62 136 0.444978
3 1 4 62 137 -1
3 2 3 90 121 0.604491
3 2 3 91 121 -1
3 2 4 90 136 -1
3 2 4 90 137 0.935006
3 2 4 91 136 0.61461
3 2 4 91 137 -1
3 3 4 121 136 0.539326
3 3 4 121 137 0.243347
4 0 1 16 63 0.871615
4 0 1 17 63 0.179855
4 0 1 18 63 -1
4 0 2 16 92 0.956136
4 0 2 16 93 -1
4 0 2 17 92 -1
4 0 2 17 93 -1
4 0 2 18 92 -1
4 0 2 18 93 -1
4 0 3 16 122 0.487595
4 0 3 17 122 0.300311
4 0 3 18 122 0.212094
4 0 4 16 138 0.943879
4 0 4 16 139 -1
4 0 4 17 138 -1
4 0 4 17 139 -1
4 0 4 18 138 -1
4 0 4 18 139 -1
4 1 2 63 92 0.408835
4 1 2 63 93 0.591165
4 1 3 63 122 0.767496
4 1 4 63 138 0.282384
4 1 4 63 139 0.717616
4 2 3 92 122 0.8751
4 2 3 93 122 -1
4 2 4 92 138 0.99105
4 2 4 92 139 -1
4 2 4 93 138 -1
4 2 4 93 139 0.956358
4 3 4 122 138 0.670463
4 3 4 122 139 0.329537
5 0 1 19 64 0.287111
5 0 1 20 64 0.334361
5 0 1 21 64 0.198628
5 0 1 22 64 0.179901
5 0 2 19 94 0.721943
5 0 2 19 95 -1
5 0 2 20 94 -1
5 0 2 20 95 0.650713
5 0 2 21 94 -1
5 0 2 21 95 -1
5 0 2 22 94 -1
5 0 2 22 95 -1
5 0 3 19 123 0.57719
5 0 3 20 123 0.830084
5 0 3 21 123 0.325665
5 0 3 22 123 -1
5 0 4 19 140 0.975116
5 0 4 19 141 -1
5 0 4 20 140 -1
5 0 4 20 141 0.97666
5 0 4 21 140 -1
5 0 4 21 141 0.422832
5 0 4 22 140 -1
5 0 4 22 141 0.257721
5 1 2 64 94 0.223554
5 1 2 64 95 0.454841
5 1 3 64 123 0.789998
5 1 4 64 140 0.411931
5 1 4 64 141 0.588069
5 2 3 94 123 0.846821
5 2 3 95 123 -1
5 2 4 94 140 0.748254
5 2 4 94 141 -1
5 2 4 95 140 -1
5 2 4 95 141 0.668041
5 3 4 123 140 0.498961
5 3 4 123 141 0.501039
6 0 1 23 65 0.221364
6 0 1 23 66 0.180562
6 0 1 24 65 0.213331
6 0 1 24 66 0.186162
6 0 1 25 65 0.118
6 0 1 25 66 0.183439
6 0 1 26 65 0.133535
6 0 1 26 66 0.184596
6 0 2 23 96 0.878945
6 0 2 23 97 -1
6 0 2 24 96 -1
6 0 2 24 97 0.774922
6 0 2 25 96 -1
6 0 2 25 97 0.116887
6 0 2 26 96 -1
6 0 2 26 97 -1
6 0 3 23 124 0.460313
6 0 3 24 124 0.384703
6 0 3 25 124 0.107984
6 0 3 26 124 0.0470001
6 0 4 23 142 0.756392
6 0 4 23 143 -1
6 0 4 24 142 -1
6 0 4 24 143 0.982405
6 0 4 25 142 -1
6 0 4 25 143 0.437573
6 0 4 26 142 -1
6 0 4 26 143 0.311372
6 1 2 65 96 0.205563
6 1 2 65 97 0.748453
6 1 2 66 96 0.75206
6 1 2 66 97 0.0972528
6 1 3 65 124 0.437445
6 1 3 66 124 0.562555
6 1 4 65 142 0.330947
6 1 4 65 143 0.486081
6 1 4 66 142 0.530419
6 1 4 66 143 0.340616
6 2 3 96 124 0.964421
6 2 3 97 124 -1
6 2 4 96 142 0.633119
6 2 4 96 143 -1
6 2 4 97 142 -1
6 2 4 97 143 0.714984
6 3 4 124 142 0.544796
6 3 4 124 143 0.455204
7 0 1 27 67 -1
7 0 1 28 67 0.415918
7 0 1 29 67 0.478406
7 0 2 27 98 -1
7 0 2 27 99 0.231552
7 0 2 28 98 0.849086
7 0 2 28 99 -1
7 0 2 29 98 -1
7 0 2 29 99 0.499953
7 0 4 27 144 -1
7 0 4 27 145 -1
7 0 4 28 144 -1
7 0 4 28 145 0.919383
7 0 4 29 144 0.895941
7 0 4 29 145 -1
7 1 2 67 98 0.912322
7 1 2 67 99 -1
7 1 4 67 144 0.141225
7 1 4 67 145 0.858775
7 2 4 98 144 0.339616
7 2 4 98 145 0.49894
7 2 4 99 144 0.428631
7 2 4 99 145 0.108384
8 0 1 30 68 -1
8 0 1 31 68 0.127751
8 0 1 32 68 0.980038
8 0 2 30 100 -1
8 0 2 30 101 0.783216
8 0 2 31 100 0.809498
8 0 2 31 101 -1
8 0 2 32 100 -1
8 0 2 32 101 0.725982
8 0 4 30 146 -1
8 0 4 30 147 -1
8 0 4 31 146 -1
8 0 4 31 147 0.97097
8 0 4 32 146 0.929399
8 0 4 32 147 -1
8 1 2 68 100 -1
8 1 2 68 101 0.7713
8 1 4 68 146 0.710652
8 1 4 68 147 -1
8 2 4 100 146 -1
8 2 4 100 147 0.585373
8 2 4 101 146 0.573908
8 2 4 101 147 -1
9 0 3 33 125 -1
9 0 3 34 125 0.554888
9 0 4 33 148 -1
9 0 4 33 149 0.964808
9 0 4 34 148 -1
9 0 4 34 149 -1
9 3 4 125 148 0.67605
9 3 4 125 149 0.32395
10 0 1 35 69 0.989795
10 0 1 36 69 0.638793
10 0 1 37 69 -1
10 0 1 38 69 -1
10 0 2 35 102 -1
10 0 2 35 103 0.991446
10 0 2 36 102 0.940557
10 0 2 36 103 -1
10 0 2 37 102 -1
10 0 2 37 103 -1
10 0 2 38 102 -1
10 0 2 38 103 -1
10 0 3 35 126 -0.832715
10 0 3 36 126 0.771188
10 0 3 37 126 0.582177
10 0 3 38 126 0.47935
10 1 2 69 102 0.471905
10 1 2 69 103 0.528095
10 1 3 69 126 0.587556
10 2 3 102 126 0.991623
10 2 3 103 126 -1
11 0 1 39 70 0.345042
11 0 1 40 70 0.654958
11 0 2 39 104 -1
11 0 2 40 104 -1
11 0 3 39 127 -1
11 0 3 40 127 -1
11 0 4 39 150 0.083132
11 0 4 39 151 -1
11 0 4 40 150 0.503222
11 0 4 40 151 0.495051
11 1 2 70 104 0.652858
11 1 3 70 127 0.0178446
11 1 4 70 150 0.198542
11 1 4 70 151 0.801458
11 2 3 104 127 0.962949
11 2 4 104 150 0.95387
11 2 4 104 151 0.0461303
11 3 4 127 150 0.608006
11 3 4 127 151 0.391994
12 0 1 41 71 0.39701
12 0 1 41 72 -1
12 0 1 41 73 -1
12 0 1 42 71 0.164921
12 0 1 42 72 0.368888
12 0 1 42 73 0.249108
12 0 1 43 71 0.226187
12 0 1 43 72 -1
12 0 1 43 73 0.941133
12 0 2 41 105 0.905278
12 0 2 41 106 -1
12 0 2 42 105 -1
12 0 2 42 106 0.269045
12 0 2 43 105 -1
12 0 2 43 106 0.946378
12 0 3 41 128 0.78957
12 0 3 42 128 -1
12 0 3 43 128 -1
12 0 4 41 152 0.295348
12 0 4 42 152 0.224775
12 0 4 43 152 0.479877
12 1 2 71 105 0.979586
12 1 2 71 106 -1
12 1 2 72 105 -1
12 1 2 72 106 -1
12 1 2 73 105 -1
12 1 2 73 106 0.999582
12 1 3 71 128 0.881725
12 1 3 72 128 -1
12 1 3 73 128 -1
12 1 4 71 152 -1
12 1 4 72 152 -1
12 1 4 73 152 0.971348
12 2 3 105 128 0.866233
12 2 3 106 128 -1
12 2 4 105 152 -1
12 2 4 106 152 0.993472
12 3 4 128 152 0.53693
13 0 1 44 74 -1
13 0 1 44 75 -1
13 0 1 45 74 0.743902
13 0 1 45 75 -1
13 0 1 46 74 0.312276
13 0 1 46 75 0.567473
13 0 2 44 107 -1
13 0 2 44 108 0.565678
13 0 2 45 107 0.99422
13 0 2 45 108 -1
13 0 2 46 107 -1
13 0 2 46 108 0.720699
13 0 4 44 153 -1
13 0 4 44 154 -1
13 0 4 45 153 -1
13 0 4 45 154 0.915819
13 0 4 46 153 0.685783
13 0 4 46 154 -1
13 1 2 74 107 0.576138
13 1 2 74 108 -1
13 1 2 75 107 -1
13 1 2 75 108 0.822055
13 1 4 74 153 -1
13 1 4 74 154 0.352833
13 1 4 75 153 0.838527
13 1 4 75 154 -1
13 2 4 107 153 0.262736
13 2 4 107 154 0.32796
13 2 4 108 153 0.328019
13 2 4 108 154 0.258732
14 0 1 47 76 -1
14 0 1 48 76 -1
14 0 1 49 76 0.899191
14 0 2 47 109 -1
14 0 2 47 110 -1
14 0 2 48 109 0.990885
14 0 2 48 110 -1
14 0 2 49 109 -1
14 0 2 49 110 0.87821
14 0 4 47 155 -1
14 0 4 47 156 -1
14 0 4 48 155 -1
14 0 4 48 156 0.739585
14 0 4 49 155 0.861632
14 0 4 49 156 -1
14 1 2 76 109 -1
14 1 2 76 110 0.879337
14 1 4 76 155 0.73763
14 1 4 76 156 -1
14 2 4 109 155 -1
14 2 4 109 156 0.835823
14 2 4 110 155 0.811519
14 2 4 110 156 -1
15 0 1 50 77 -1
15 0 1 51 77 0.668757
15 0 2 50 111 -1
15 0 2 51 111 -1
15 0 3 50 129 -1
15 0 3 51 129 -1
15 0 4 50 157 -1
15 0 4 50 158 -1
15 0 4 51 157 0.293673
15 0 4 51 158 0.706327
15 1 2 77 111 0.466425
15 1 3 77 129 -1
15 1 4 77 157 0.204869
15 1 4 77 158 0.770521
15 2 3 111 129 0.964361
15 2 4 111 157 0.935347
15 2 4 111 158 0.0646531
15 3 4 129 157 0.574102
15 3 4 129 158 0.425898
16 0 1 52 78 0.975555
16 0 1 52 79 0.568554
16 0 1 52 80 -1
16 0 1 53 78 0.581369
16 0 1 53 79 -1
16 0 1 53 80 -1
16 0 1 54 78 -1
16 0 1 54 79 -1
16 0 1 54 80 0.746322
16 0 2 52 112 -1
16 0 2 52 113 0.155557
16 0 2 53 112 0.925225
16 0 2 53 113 -1
16 0 2 54 112 -1
16 0 2 54 113 0.955699
16 0 4 52 159 -1
16 0 4 53 159 -1
16 0 4 54 159 0.8237
16 1 2 78 112 0.414741
16 1 2 78 113 -1
16 1 2 79 112 -1
16 1 2 79 113 -1
16 1 2 80 112 -1
16 1 2 80 113 0.846395
16 1 4 78 159 -1
16 1 4 79 159 -1
16 1 4 80 159 0.947878
16 2 4 112 159 -1
16 2 4 113 159 0.911219
17 0 1 55 81 -1
17 0 1 56 81 0.582243
17 0 2 55 114 -1
17 0 2 55 115 -1
17 0 2 56 114 0.871839
17 0 2 56 115 -1
17 0 4 55 160 -1
17 0 4 55 161 -1
17 0 4 56 160 -1
17 0 4 56 161 0.93601
17 1 2 81 114 -1
17 1 2 81 115 0.993483
17 1 4 81 160 0.872821
17 1 4 81 161 -1
17 2 4 114 160 -1
17 2 4 114 161 0.996325
17 2 4 115 160 0.783463
17 2 4 115 161 -1
18 0 1 57 82 -1
18 0 1 57 83 -1
18 0 1 58 82 0.0625569
18 0 1 58 83 -1
18 0 2 57 116 -1
18 0 2 57 117 -1
18 0 2 58 116 0.795871
18 0 2 58 117 -1
18 0 4 57 162 -1
18 0 4 57 163 -1
18 0 4 58 162 -1
18 0 4 58 163 0.747904
18 1 2 82 116 0.0368764
18 1 2 82 117 -1
18 1 2 83 116 -1
18 1 2 83 117 0.707113
18 1 4 82 162 -1
18 1 4 82 163 -1
18 1 4 83 162 0.559509
18 1 4 83 163 0.272037
18 2 4 116 162 0.274843
18 2 4 116 163 0.298626
18 2 4 117 162 0.298077
18 2 4 117 163 0.271349
end of Frame 87
