J OverallIdx viewIdx joint种类0-18(jointIdx) 该joint在图中的顺序(candidix) x y score
0 0 0 0 148.686 350.033 0.770678
1 0 0 1 698.297 396.453 0.579524
2 0 0 2 316.935 425.943 0.547894
3 0 1 0 689.885 191.855 0.684404
4 0 1 1 325.144 210.857 0.908901
5 0 1 2 145.666 255.143 0.754043
6 0 2 0 142.975 348.004 0.765755
7 0 2 1 706.651 396.394 0.51002
8 0 2 2 364.503 428.076 0.543413
9 0 3 0 165.395 350.071 0.764833
10 0 3 1 687.087 398.529 0.598875
11 0 3 2 274.807 419.645 0.538132
12 0 4 0 631.025 139.12 0.374792
13 0 4 1 100.907 234.045 0.824249
14 0 5 0 703.816 187.639 0.535965
15 0 5 1 392.509 210.925 0.859629
16 0 5 2 131.824 255.129 0.646757
17 0 6 0 684.28 193.972 0.860031
18 0 6 1 255.26 208.799 0.835983
19 0 6 2 148.59 253.083 0.852515
20 0 7 0 115.005 413.194 0.760355
21 0 7 1 706.764 556.713 0.669841
22 0 7 2 347.61 613.579 0.690632
23 0 8 0 145.919 419.63 0.794959
24 0 8 1 684.342 562.989 0.687946
25 0 8 2 263.576 594.66 0.660724
26 0 9 0 386.945 137.039 0.817396
27 0 10 0 316.831 124.331 0.819068
28 0 10 1 656.228 128.716 0.861049
29 0 10 2 123.358 221.425 0.853197
30 0 11 0 417.858 341.592 0.812647
31 0 12 0 709.591 276.265 0.889158
32 0 12 1 165.447 309.939 0.855375
33 0 12 2 224.299 331.048 0.757095
34 0 13 0 140.176 480.717 0.488707
35 0 13 1 712.339 695.896 0.638197
36 0 13 2 328.212 765.305 0.430232
37 0 14 0 154.243 482.895 0.6244
38 0 14 1 692.719 716.991 0.707305
39 0 14 2 252.338 748.617 0.479742
40 0 15 0 415.144 428.017 0.44868
41 0 16 0 157.024 350.078 0.79836
42 0 16 1 658.958 345.803 0.850578
43 0 16 2 258.109 396.351 0.664698
44 0 17 0 123.402 495.492 0.43801
45 0 17 1 614.154 733.769 0.768356
46 0 18 0 117.758 489.225 0.249139
47 0 18 1 661.89 683.163 0.280155
48 1 0 0 706.697 377.4 0.52464
49 1 0 1 661.735 396.474 0.731404
50 1 1 0 661.848 238.321 0.874921
51 1 2 0 687 390.091 0.751005
52 1 3 0 33.8091 364.794 0.873516
53 1 3 1 726.238 375.364 0.618943
54 1 3 2 630.963 396.479 0.671544
55 1 4 0 611.378 191.792 0.43774
56 1 4 1 673.07 196.076 0.547495
57 1 5 0 703.834 242.492 0.890719
58 1 6 0 616.922 229.921 0.896075
59 1 6 1 729.219 242.469 0.853157
60 1 6 2 53.3017 267.82 0.861157
61 1 7 0 684.344 529.213 0.652916
62 1 8 0 36.4686 444.844 0.832114
63 1 8 1 712.347 478.711 0.708584
64 1 8 2 594.46 531.307 0.828155
65 1 9 0 661.937 191.857 0.172528
66 1 10 0 628.176 177.131 0.901791
67 1 10 1 701.132 193.893 0.867195
68 1 10 2 33.7104 231.974 0.870815
69 1 11 0 729.173 328.891 0.882116
70 1 12 0 773.968 295.214 0.942384
71 1 12 1 56.0732 320.545 0.832622
72 1 12 2 602.909 328.979 0.878623
73 1 13 0 687.161 579.81 0.222051
74 1 13 1 681.414 653.687 0.790157
75 1 14 0 33.6143 508.164 0.660499
76 1 14 1 729.041 579.82 0.787778
77 1 14 2 574.839 653.739 0.834031
78 1 15 0 689.92 383.774 0.675364
79 1 16 0 731.964 329.036 0.780479
80 1 16 1 56.1714 375.318 0.811678
81 1 16 2 594.401 396.51 0.865708
82 1 17 0 33.6532 522.929 0.270416
83 1 17 1 712.314 594.639 0.361808
84 1 17 2 549.605 643.184 0.703314
85 1 18 0 642.171 649.443 0.649001
86 2 0 0 818.819 181.384 0.343599
87 2 0 1 518.795 227.753 0.781207
88 2 0 2 706.571 377.473 0.725846
89 2 1 0 527.352 82.2048 0.886787
90 2 1 1 827.282 143.327 0.270806
91 2 1 2 723.56 223.542 0.688083
92 2 2 0 818.917 181.38 0.292057
93 2 2 1 485.27 227.683 0.792884
94 2 2 2 712.337 375.341 0.589967
95 2 3 0 816.094 181.379 0.329527
96 2 3 1 546.91 229.823 0.810598
97 2 3 2 692.689 379.575 0.715971
98 2 4 0 504.777 42.2214 0.963302
99 2 4 1 659.093 162.325 0.931003
100 2 5 0 482.362 75.9228 0.918636
101 2 5 1 838.561 143.357 0.228531
102 2 5 2 723.455 210.904 0.56271
103 2 6 0 574.927 90.619 0.8664
104 2 6 1 818.904 141.22 0.293429
105 2 6 2 726.328 236.16 0.787249
106 2 7 0 796.378 213.013 0.268838
107 2 7 1 490.746 314.289 0.841052
108 2 7 2 703.878 468.189 0.812565
109 2 8 0 793.597 213.034 0.372187
110 2 8 1 549.531 326.825 0.873314
111 2 8 2 650.607 485.029 0.755891
112 2 10 0 549.655 40.0096 0.906947
113 2 10 1 709.431 160.141 0.948957
114 2 11 0 437.576 109.631 0.963775
115 2 12 0 617.025 143.494 0.988483
116 2 12 1 802.051 162.345 0.17419
117 2 12 2 729.055 343.703 0.883335
118 2 13 0 796.291 259.288 0.22639
119 2 13 1 496.325 390.124 0.821197
120 2 13 2 695.514 550.461 0.781327
121 2 14 0 796.43 259.406 0.366845
122 2 14 1 549.696 400.619 0.874135
123 2 14 2 639.371 594.686 0.84357
124 2 15 0 462.81 166.563 0.887958
125 2 16 0 577.694 194.019 0.91718
126 2 16 1 670.25 390.098 0.780742
127 2 17 0 546.877 434.451 0.76665
128 2 17 1 580.559 584.193 0.805762
129 2 18 0 465.604 417.571 0.740445
130 2 18 1 659.044 548.255 0.216426
131 3 0 0 294.434 343.678 0.761702
132 3 0 1 574.968 347.904 0.769412
133 3 1 0 277.704 189.726 0.902361
134 3 1 1 575.01 194.085 0.906106
135 3 2 0 258.133 345.758 0.80383
136 3 2 1 552.574 347.909 0.729601
137 3 3 0 325.285 341.568 0.772249
138 3 3 1 597.371 347.907 0.75088
139 3 4 0 280.46 128.672 0.966366
140 3 4 1 535.692 145.568 0.865588
141 3 5 0 232.653 189.74 0.835969
142 3 5 1 546.786 196.122 0.878358
143 3 6 0 325.228 185.534 0.872499
144 3 6 1 616.819 193.956 0.894122
145 3 7 0 577.654 461.808 0.788513
146 3 7 1 263.657 463.86 0.810866
147 3 8 0 325.455 457.547 0.815434
148 3 8 1 597.431 464.01 0.810072
149 3 9 0 255.12 126.407 0.843113
150 3 10 0 305.639 126.402 0.824784
151 3 10 1 574.98 130.773 0.87291
152 3 11 0 168.356 246.686 0.945521
153 3 11 1 549.643 269.884 0.827813
154 3 12 0 350.504 240.353 0.881768
155 3 12 1 645.026 276.282 0.878492
156 3 13 0 597.43 548.351 0.813497
157 3 13 1 274.735 560.866 0.787905
158 3 14 0 333.674 550.328 0.835417
159 3 14 1 619.91 582.036 0.774573
160 3 15 0 221.538 297.275 0.904521
161 3 15 1 541.221 324.704 0.767387
162 3 16 0 347.892 282.611 0.899895
163 3 16 1 611.279 343.622 0.818707
164 3 17 0 373.062 573.538 0.821378
165 3 17 1 580.46 613.573 0.771232
166 3 18 0 563.722 579.898 0.854943
167 3 18 1 283.225 594.649 0.820033
168 4 0 0 597.461 290.967 0.760653
169 4 0 1 420.612 328.929 0.493277
170 4 1 0 412.229 109.67 0.593596
171 4 1 1 594.375 141.323 0.936765
172 4 2 0 571.956 291.028 0.77175
173 4 2 1 417.789 328.988 0.584624
174 4 3 0 636.562 288.907 0.766838
175 4 3 1 429.084 328.91 0.403478
176 4 4 0 482.356 44.3901 0.843791
177 4 4 1 617.034 90.6935 0.932872
178 4 5 0 398.274 109.707 0.779807
179 4 5 1 549.506 143.395 0.895282
180 4 6 0 426.222 109.681 0.496989
181 4 6 1 639.305 139.165 0.877226
182 4 7 0 571.946 398.592 0.837386
183 4 7 1 415.072 497.68 0.554546
184 4 8 0 645.067 398.564 0.824228
185 4 8 1 417.962 487.101 0.380227
186 4 9 0 420.691 42.1183 0.885935
187 4 9 1 572.259 86.4441 0.889877
188 4 11 0 389.846 206.678 0.86972
189 4 11 1 510.361 219.312 0.851507
190 4 12 0 642.259 213.033 0.840784
191 4 13 0 574.829 497.631 0.888381
192 4 13 1 409.47 647.337 0.768534
193 4 14 0 661.954 499.795 0.833142
194 4 14 1 412.275 594.651 0.630445
195 4 15 0 423.441 276.215 0.835603
196 4 15 1 549.564 280.441 0.926509
197 4 16 0 647.802 276.246 0.815965
198 4 17 0 678.613 531.317 0.794057
199 4 17 1 462.784 598.814 0.73316
200 4 18 0 597.361 522.925 0.827029
201 4 18 1 482.419 657.88 0.791323
P viewIdx, pafIdx, aOverAllIdx, bOverAllIdx, CandidAIdx, CandidBIdx, score
0 0 3 0 0 0 0
0 0 3 1 0 1 0.918444
0 0 3 2 0 2 0
0 0 4 0 1 0 0
0 0 4 1 1 1 0
0 0 4 2 1 2 0.982633
0 0 5 0 2 0 0.960275
0 0 5 1 2 1 0
0 0 5 2 2 2 0
0 1 6 20 0 0 0.976368
0 1 6 21 0 1 0
0 1 6 22 0 2 0
0 1 7 20 1 0 0
0 1 7 21 1 1 0.955081
0 1 7 22 1 2 0
0 1 8 20 2 0 0
0 1 8 21 2 1 0
0 1 8 22 2 2 0.981255
0 2 20 34 0 0 0.91802
0 2 20 35 0 1 0
0 2 20 36 0 2 0
0 2 21 34 1 0 0
0 2 21 35 1 1 0.956518
0 2 21 36 1 2 0
0 2 22 34 2 0 0
0 2 22 35 2 1 0
0 2 22 36 2 2 0.960425
0 3 0 6 0 0 0.926445
0 3 0 7 0 1 0
0 3 0 8 0 2 0
0 3 1 6 1 0 0
0 3 1 7 1 1 0.794632
0 3 1 8 1 2 0
0 3 2 6 2 0 0
0 3 2 7 2 1 0
0 3 2 8 2 2 0.875293
0 4 0 9 0 0 0.942043
0 4 0 10 0 1 0
0 4 0 11 0 2 0
0 4 1 9 1 0 0
0 4 1 10 1 1 0.79565
0 4 1 11 1 2 0
0 4 2 9 2 0 0
0 4 2 10 2 1 0
0 4 2 11 2 2 0.867672
0 5 9 23 0 0 0.976932
0 5 9 24 0 1 0
0 5 9 25 0 2 0
0 5 10 23 1 0 0
0 5 10 24 1 1 0.971915
0 5 10 25 1 2 0
0 5 11 23 2 0 0
0 5 11 24 2 1 0
0 5 11 25 2 2 0.960072
0 6 23 37 0 0 0.95658
0 6 23 38 0 1 0
0 6 23 39 0 2 0
0 6 24 37 1 0 0
0 6 24 38 1 1 0.979721
0 6 24 39 1 2 0
0 6 25 37 2 0 0
0 6 25 38 2 1 0
0 6 25 39 2 2 0.977015
0 7 3 14 0 0 0.866036
0 7 3 15 0 1 0
0 7 3 16 0 2 0
0 7 4 14 1 0 0
0 7 4 15 1 1 0.992789
0 7 4 16 1 2 0
0 7 5 14 2 0 0
0 7 5 15 2 1 0
0 7 5 16 2 2 0.927754
0 8 14 30 0 0 0
0 8 15 30 1 0 0.987597
0 8 16 30 2 0 0
0 9 30 40 0 0 0.912727
0 10 14 26 0 0 0
0 10 15 26 1 0 0.99159
0 10 16 26 2 0 0
0 11 3 17 0 0 0.861291
0 11 3 18 0 1 0
0 11 3 19 0 2 0
0 11 4 17 1 0 0
0 11 4 18 1 1 0.994942
0 11 4 19 1 2 0
0 11 5 17 2 0 0
0 11 5 18 2 1 0
0 11 5 19 2 2 0.863801
0 12 17 31 0 0 0.988607
0 12 17 32 0 1 0
0 12 17 33 0 2 0
0 12 18 31 1 0 0
0 12 18 32 1 1 0
0 12 18 33 1 2 0.97846
0 12 19 31 2 0 0
0 12 19 32 2 1 0.996447
0 12 19 33 2 2 0
0 13 31 41 0 0 0
0 13 31 42 0 1 0.974104
0 13 31 43 0 2 0
0 13 32 41 1 0 0.530656
0 13 32 42 1 1 0
0 13 32 43 1 2 0.256091
0 13 33 41 2 0 0
0 13 33 42 2 1 0
0 13 33 43 2 2 0.527296
0 14 17 27 0 0 0
0 14 17 28 0 1 0.99929
0 14 17 29 0 2 0
0 14 18 27 1 0 0.982674
0 14 18 28 1 1 0
0 14 18 29 1 2 0
0 14 19 27 2 0 0
0 14 19 28 2 1 0
0 14 19 29 2 2 0.993489
0 15 3 12 0 0 0.842627
0 15 3 13 0 1 0
0 15 4 12 1 0 0
0 15 4 13 1 1 0
0 15 5 12 2 0 0
0 15 5 13 2 1 0.978712
0 16 37 44 0 0 0.865489
0 16 37 45 0 1 0
0 16 38 44 1 0 0
0 16 38 45 1 1 0.947664
0 16 39 44 2 0 0
0 16 39 45 2 1 0
0 17 34 46 0 0 0.783786
0 17 34 47 0 1 0
0 17 35 46 1 0 0
0 17 35 47 1 1 0.726211
0 17 36 46 2 0 0
0 17 36 47 2 1 0
1 0 50 48 0 0 0.486757
1 0 50 49 0 1 0.513243
1 1 51 61 0 0 0.990701
1 2 61 73 0 0 0.501409
1 2 61 74 0 1 0.497469
1 3 48 51 0 0 0
1 3 49 51 1 0 0.86408
1 4 48 52 0 0 0
1 4 48 53 0 1 0.801088
1 4 48 54 0 2 0
1 4 49 52 1 0 0
1 4 49 53 1 1 0
1 4 49 54 1 2 0.909999
1 5 52 62 0 0 0.99667
1 5 52 63 0 1 0
1 5 52 64 0 2 0
1 5 53 62 1 0 0
1 5 53 63 1 1 0.972863
1 5 53 64 1 2 0
1 5 54 62 2 0 0
1 5 54 63 2 1 0
1 5 54 64 2 2 0.976071
1 6 62 75 0 0 0.962899
1 6 62 76 0 1 0
1 6 62 77 0 2 0
1 6 63 75 1 0 0
1 6 63 76 1 1 0.969101
1 6 63 77 1 2 0
1 6 64 75 2 0 0
1 6 64 76 2 1 0
1 6 64 77 2 2 0.984634
1 7 50 57 0 0 0.966668
1 8 57 69 0 0 0.998811
1 9 69 78 0 0 0.9316
1 10 57 65 0 0 0.715703
1 11 50 58 0 0 0.99596
1 11 50 59 0 1 0
1 11 50 60 0 2 0
1 12 58 70 0 0 0
1 12 58 71 0 1 0
1 12 58 72 0 2 0.97052
1 12 59 70 1 0 0.999282
1 12 59 71 1 1 0
1 12 59 72 1 2 0
1 12 60 70 2 0 0
1 12 60 71 2 1 0.988779
1 12 60 72 2 2 0
1 13 70 79 0 0 0.976139
1 13 70 80 0 1 0
1 13 70 81 0 2 0
1 13 71 79 1 0 0
1 13 71 80 1 1 0.985678
1 13 71 81 1 2 0
1 13 72 79 2 0 0
1 13 72 80 2 1 0
1 13 72 81 2 2 0.997734
1 14 58 66 0 0 0.991582
1 14 58 67 0 1 0
1 14 58 68 0 2 0
1 14 59 66 1 0 0
1 14 59 67 1 1 0.987318
1 14 59 68 1 2 0
1 14 60 66 2 0 0
1 14 60 67 2 1 0
1 14 60 68 2 2 0.993472
1 15 50 55 0 0 0.540129
1 15 50 56 0 1 0.459871
1 16 75 82 0 0 0.803004
1 16 75 83 0 1 0
1 16 75 84 0 2 0
1 16 76 82 1 0 0
1 16 76 83 1 1 0.799913
1 16 76 84 1 2 0
1 16 77 82 2 0 0
1 16 77 83 2 1 0
1 16 77 84 2 2 0.95327
1 17 73 85 0 0 0
1 17 74 85 1 0 0.911639
2 0 89 86 0 0 0
2 0 89 87 0 1 0.980228
2 0 89 88 0 2 0
2 0 90 86 1 0 0.821584
2 0 90 87 1 1 0
2 0 90 88 1 2 0
2 0 91 86 2 0 0
2 0 91 87 2 1 0
2 0 91 88 2 2 0.960312
2 1 92 106 0 0 0.772775
2 1 92 107 0 1 0
2 1 92 108 0 2 0
2 1 93 106 1 0 0
2 1 93 107 1 1 0.996844
2 1 93 108 1 2 0
2 1 94 106 2 0 0
2 1 94 107 2 1 0
2 1 94 108 2 2 0.971927
2 2 106 118 0 0 0.787774
2 2 106 119 0 1 0
2 2 106 120 0 2 0
2 2 107 118 1 0 0
2 2 107 119 1 1 0.996805
2 2 107 120 1 2 0
2 2 108 118 2 0 0
2 2 108 119 2 1 0
2 2 108 120 2 2 0.964917
2 3 86 92 0 0 0.684255
2 3 86 93 0 1 0
2 3 86 94 0 2 0
2 3 87 92 1 0 0
2 3 87 93 1 1 0.968965
2 3 87 94 1 2 0
2 3 88 92 2 0 0
2 3 88 93 2 1 0
2 3 88 94 2 2 0.860003
2 4 86 95 0 0 0.684255
2 4 86 96 0 1 0
2 4 86 97 0 2 0
2 4 87 95 1 0 0
2 4 87 96 1 1 0.966814
2 4 87 97 1 2 0
2 4 88 95 2 0 0
2 4 88 96 2 1 0
2 4 88 97 2 2 0.868616
2 5 95 109 0 0 0.832159
2 5 95 110 0 1 0
2 5 95 111 0 2 0
2 5 96 109 1 0 0
2 5 96 110 1 1 0.995391
2 5 96 111 1 2 0
2 5 97 109 2 0 0
2 5 97 110 2 1 0
2 5 97 111 2 2 0.957812
2 6 109 121 0 0 0.849079
2 6 109 122 0 1 0
2 6 109 123 0 2 0
2 6 110 121 1 0 0
2 6 110 122 1 1 0.994835
2 6 110 123 1 2 0
2 6 111 121 2 0 0
2 6 111 122 2 1 0
2 6 111 123 2 2 0.988671
2 7 89 100 0 0 0.994709
2 7 89 101 0 1 0
2 7 89 102 0 2 0
2 7 90 100 1 0 0
2 7 90 101 1 1 0.712471
2 7 90 102 1 2 0
2 7 91 100 2 0 0
2 7 91 101 2 1 0
2 7 91 102 2 2 0.901219
2 8 100 114 0 0 0.984859
2 8 101 114 1 0 0
2 8 102 114 2 0 0
2 9 114 124 0 0 0.99422
2 11 89 103 0 0 0.998874
2 11 89 104 0 1 0
2 11 89 105 0 2 0
2 11 90 103 1 0 0
2 11 90 104 1 1 0.712041
2 11 90 105 1 2 0
2 11 91 103 2 0 0
2 11 91 104 2 1 0
2 11 91 105 2 2 0.925904
2 12 103 115 0 0 0.993501
2 12 103 116 0 1 0
2 12 103 117 0 2 0
2 12 104 115 1 0 0
2 12 104 116 1 1 0.735527
2 12 104 117 1 2 0
2 12 105 115 2 0 0
2 12 105 116 2 1 0
2 12 105 117 2 2 0.997881
2 13 115 125 0 0 0.957395
2 13 115 126 0 1 0
2 13 116 125 1 0 0
2 13 116 126 1 1 0
2 13 117 125 2 0 0
2 13 117 126 2 1 0.970527
2 14 103 112 0 0 0.999432
2 14 103 113 0 1 0
2 14 104 112 1 0 0
2 14 104 113 1 1 0
2 14 105 112 2 0 0
2 14 105 113 2 1 0.994015
2 15 89 98 0 0 0.99398
2 15 89 99 0 1 0
2 15 90 98 1 0 0
2 15 90 99 1 1 0
2 15 91 98 2 0 0
2 15 91 99 2 1 0.989538
2 16 121 127 0 0 0
2 16 121 128 0 1 0
2 16 122 127 1 0 0.986388
2 16 122 128 1 1 0
2 16 123 127 2 0 0
2 16 123 128 2 1 0.989901
2 17 118 129 0 0 0
2 17 118 130 0 1 0
2 17 119 129 1 0 0.955686
2 17 119 130 1 1 0
2 17 120 129 2 0 0
2 17 120 130 2 1 0.81887
3 0 133 131 0 0 0.993813
3 0 133 132 0 1 0
3 0 134 131 1 0 0
3 0 134 132 1 1 0.989445
3 1 135 145 0 0 0
3 1 135 146 0 1 0.988603
3 1 136 145 1 0 0.980103
3 1 136 146 1 1 0
3 2 145 156 0 0 0.987634
3 2 145 157 0 1 0
3 2 146 156 1 0 0
3 2 146 157 1 1 0.993152
3 3 131 135 0 0 0.962134
3 3 131 136 0 1 0
3 3 132 135 1 0 0
3 3 132 136 1 1 0.943945
3 4 131 137 0 0 0.957561
3 4 131 138 0 1 0
3 4 132 137 1 0 0
3 4 132 138 1 1 0.945543
3 5 137 147 0 0 0.999018
3 5 137 148 0 1 0
3 5 138 147 1 0 0
3 5 138 148 1 1 0.976063
3 6 147 158 0 0 0.995952
3 6 147 159 0 1 0
3 6 148 158 1 0 0
3 6 148 159 1 1 0.973888
3 7 133 141 0 0 0.995953
3 7 133 142 0 1 0
3 7 134 141 1 0 0
3 7 134 142 1 1 0.996752
3 8 141 152 0 0 0.983097
3 8 141 153 0 1 0
3 8 142 152 1 0 0
3 8 142 153 1 1 0.995223
3 9 152 160 0 0 0.983067
3 9 152 161 0 1 0
3 9 153 160 1 0 0
3 9 153 161 1 1 0.98104
3 10 141 149 0 0 0.98532
3 10 142 149 1 0 0
3 11 133 143 0 0 0.990167
3 11 133 144 0 1 0
3 11 134 143 1 0 0
3 11 134 144 1 1 0.998777
3 12 143 154 0 0 0.995301
3 12 143 155 0 1 0
3 12 144 154 1 0 0
3 12 144 155 1 1 0.996858
3 13 154 162 0 0 0.996515
3 13 154 163 0 1 0
3 13 155 162 1 0 0
3 13 155 163 1 1 0.981411
3 14 143 150 0 0 0.976873
3 14 143 151 0 1 0
3 14 144 150 1 0 0
3 14 144 151 1 1 0.990688
3 15 133 139 0 0 0.997975
3 15 133 140 0 1 0
3 15 134 139 1 0 0
3 15 134 140 1 1 0.987127
3 16 158 164 0 0 0.982793
3 16 158 165 0 1 0
3 16 159 164 1 0 0
3 16 159 165 1 1 0.939203
3 17 156 166 0 0 0.969396
3 17 156 167 0 1 0
3 17 157 166 1 0 0
3 17 157 167 1 1 0.987504
4 0 170 168 0 0 0
4 0 170 169 0 1 0.875816
4 0 171 168 1 0 0.999144
4 0 171 169 1 1 0
4 1 172 182 0 0 0.998109
4 1 172 183 0 1 0
4 1 173 182 1 0 0
4 1 173 183 1 1 0.959925
4 2 182 191 0 0 0.997661
4 2 182 192 0 1 0
4 2 183 191 1 0 0
4 2 183 192 1 1 0.977053
4 3 168 172 0 0 0.947241
4 3 168 173 0 1 0
4 3 169 172 1 0 0
4 3 169 173 1 1 0.714471
4 4 168 174 0 0 0.952515
4 4 168 175 0 1 0
4 4 169 174 1 0 0
4 4 169 175 1 1 0.727576
4 5 174 184 0 0 0.998127
4 5 174 185 0 1 0
4 5 175 184 1 0 0
4 5 175 185 1 1 0.868505
4 6 184 193 0 0 0.979508
4 6 184 194 0 1 0
4 6 185 193 1 0 0
4 6 185 194 1 1 0.917781
4 7 170 178 0 0 0.853153
4 7 170 179 0 1 0
4 7 171 178 1 0 0
4 7 171 179 1 1 0.998912
4 8 178 188 0 0 0.980991
4 8 178 189 0 1 0
4 8 179 188 1 0 0
4 8 179 189 1 1 0.974858
4 9 188 195 0 0 0.996315
4 9 188 196 0 1 0
4 9 189 195 1 0 0
4 9 189 196 1 1 0.98878
4 10 178 186 0 0 0.958806
4 10 178 187 0 1 0
4 10 179 186 1 0 0
4 10 179 187 1 1 0.979148
4 11 170 180 0 0 0.854569
4 11 170 181 0 1 0
4 11 171 180 1 0 0
4 11 171 181 1 1 0.996195
4 12 180 190 0 0 0
4 12 181 190 1 0 0.995696
4 13 190 197 0 0 0.995918
4 15 170 176 0 0 0.861245
4 15 170 177 0 1 0
4 15 171 176 1 0 0
4 15 171 177 1 1 0.983449
4 16 193 198 0 0 0.99483
4 16 193 199 0 1 0
4 16 194 198 1 0 0
4 16 194 199 1 1 0.939401
4 17 191 200 0 0 0.977934
4 17 191 201 0 1 0
4 17 192 200 1 0 0
4 17 192 201 1 1 0.987763
E jointIdx viewA viewB aOverAllIdx bOverallIdx score
0 0 1 0 48 0.113937
0 0 1 0 49 -1
0 0 1 1 48 0.361662
0 0 1 1 49 0.326376
0 0 1 2 48 0.24011
0 0 1 2 49 0.552776
0 0 2 0 86 -1
0 0 2 0 87 -1
0 0 2 0 88 0.694113
0 0 2 1 86 -1
0 0 2 1 87 0.67459
0 0 2 1 88 -1
0 0 2 2 86 -1
0 0 2 2 87 -1
0 0 2 2 88 0.688313
0 0 3 0 131 -1
0 0 3 0 132 0.311934
0 0 3 1 131 0.728389
0 0 3 1 132 -1
0 0 3 2 131 -1
0 0 3 2 132 0.991229
0 0 4 0 168 -1
0 0 4 0 169 -1
0 0 4 1 168 -1
0 0 4 1 169 0.801943
0 0 4 2 168 0.799693
0 0 4 2 169 -1
0 1 2 48 86 -1
0 1 2 48 87 0.805598
0 1 2 48 88 -1
0 1 2 49 86 -1
0 1 2 49 87 0.0584233
0 1 2 49 88 0.661848
0 1 3 48 131 0.636219
0 1 3 48 132 0.185694
0 1 3 49 131 0.25053
0 1 3 49 132 0.677544
0 1 4 48 168 -1
0 1 4 48 169 0.973829
0 1 4 49 168 0.580883
0 1 4 49 169 -1
0 2 3 86 131 -1
0 2 3 86 132 -1
0 2 3 87 131 0.943909
0 2 3 87 132 -1
0 2 3 88 131 -1
0 2 3 88 132 0.674402
0 2 4 86 168 -1
0 2 4 86 169 -1
0 2 4 87 168 -1
0 2 4 87 169 0.851611
0 2 4 88 168 0.926506
0 2 4 88 169 -1
0 3 4 131 168 0.259643
0 3 4 131 169 0.376994
0 3 4 132 168 0.371032
0 3 4 132 169 0.254227
1 0 1 3 50 0.400535
1 0 1 4 50 0.41696
1 0 1 5 50 0.182505
1 0 2 3 89 0.794042
1 0 2 3 90 0.718009
1 0 2 3 91 -1
1 0 2 4 89 -1
1 0 2 4 90 -1
1 0 2 4 91 0.949678
1 0 2 5 89 -1
1 0 2 5 90 -1
1 0 2 5 91 -1
1 0 3 3 133 0.268415
1 0 3 3 134 0.277336
1 0 3 4 133 0.29098
1 0 3 4 134 0.260788
1 0 3 5 133 0.0511519
1 0 3 5 134 0.0898628
1 0 4 3 170 0.993745
1 0 4 3 171 -1
1 0 4 4 170 -1
1 0 4 4 171 0.952555
1 0 4 5 170 -1
1 0 4 5 171 0.326292
1 1 2 50 89 0.555697
1 1 2 50 90 -1
1 1 2 50 91 0.83127
1 1 3 50 133 0.44047
1 1 3 50 134 0.559529
1 1 4 50 170 0.467463
1 1 4 50 171 0.532537
1 2 3 89 133 0.838744
1 2 3 89 134 -1
1 2 3 90 133 -1
1 2 3 90 134 0.054935
1 2 3 91 133 -1
1 2 3 91 134 0.857678
1 2 4 89 170 0.799946
1 2 4 89 171 -1
1 2 4 90 170 0.722025
1 2 4 90 171 -1
1 2 4 91 170 -1
1 2 4 91 171 0.936378
1 3 4 133 170 0.475938
1 3 4 133 171 0.322326
1 3 4 134 170 0.104472
1 3 4 134 171 0.550798
2 0 1 6 51 -1
2 0 1 7 51 0.570449
2 0 1 8 51 0.935465
2 0 2 6 92 -1
2 0 2 6 93 -1
2 0 2 6 94 0.650539
2 0 2 7 92 0.00258607
2 0 2 7 93 0.574937
2 0 2 7 94 -1
2 0 2 8 92 -1
2 0 2 8 93 -1
2 0 2 8 94 0.309301
2 0 3 6 135 -1
2 0 3 6 136 0.0565411
2 0 3 7 135 0.865573
2 0 3 7 136 -1
2 0 3 8 135 -1
2 0 3 8 136 0.904822
2 0 4 6 172 -1
2 0 4 6 173 -1
2 0 4 7 172 -1
2 0 4 7 173 0.721211
2 0 4 8 172 0.899249
2 0 4 8 173 -1
2 1 2 51 92 -1
2 1 2 51 93 0.966914
2 1 2 51 94 0.325794
2 1 3 51 135 0.505005
2 1 3 51 136 0.494995
2 1 4 51 172 0.519731
2 1 4 51 173 0.427972
2 2 3 92 135 -1
2 2 3 92 136 -1
2 2 3 93 135 0.84971
2 2 3 93 136 -1
2 2 3 94 135 -1
2 2 3 94 136 0.344513
2 2 4 92 172 -1
2 2 4 92 173 -1
2 2 4 93 172 0.518985
2 2 4 93 173 0.481015
2 2 4 94 172 0.805872
2 2 4 94 173 -1
2 3 4 135 172 0.282031
2 3 4 135 173 0.412721
2 3 4 136 172 0.402013
2 3 4 136 173 0.294238
3 0 1 9 52 0.856209
3 0 1 9 53 0.115645
3 0 1 9 54 -1
3 0 1 10 52 -1
3 0 1 10 53 0.462197
3 0 1 10 54 0.537904
3 0 1 11 52 -1
3 0 1 11 53 0.422158
3 0 1 11 54 0.893195
3 0 2 9 95 -1
3 0 2 9 96 -1
3 0 2 9 97 0.833913
3 0 2 10 95 -1
3 0 2 10 96 0.769731
3 0 2 10 97 -1
3 0 2 11 95 -1
3 0 2 11 96 -1
3 0 2 11 97 0.989951
3 0 3 9 137 -1
3 0 3 9 138 0.767816
3 0 3 10 137 0.666368
3 0 3 10 138 -1
3 0 3 11 137 -1
3 0 3 11 138 0.992896
3 0 4 9 174 -1
3 0 4 9 175 -1
3 0 4 10 174 -1
3 0 4 10 175 0.823084
3 0 4 11 174 0.804725
3 0 4 11 175 -1
3 1 2 52 95 -1
3 1 2 52 96 -1
3 1 2 52 97 -1
3 1 2 53 95 -1
3 1 2 53 96 0.734674
3 1 2 53 97 -1
3 1 2 54 95 -1
3 1 2 54 96 -1
3 1 2 54 97 0.887647
3 1 3 52 137 -1
3 1 3 52 138 -1
3 1 3 53 137 0.751876
3 1 3 53 138 0.0406711
3 1 3 54 137 0.240652
3 1 3 54 138 0.759348
3 1 4 52 174 -1
3 1 4 52 175 -1
3 1 4 53 174 -1
3 1 4 53 175 0.607634
3 1 4 54 174 0.400691
3 1 4 54 175 -1
3 2 3 95 137 0.430072
3 2 3 95 138 -1
3 2 3 96 137 0.804344
3 2 3 96 138 -1
3 2 3 97 137 -1
3 2 3 97 138 0.977605
3 2 4 95 174 -1
3 2 4 95 175 -1
3 2 4 96 174 -1
3 2 4 96 175 0.827365
3 2 4 97 174 0.578384
3 2 4 97 175 -1
3 3 4 137 174 0.271645
3 3 4 137 175 0.359064
3 3 4 138 174 0.365222
3 3 4 138 175 0.252322
4 0 1 12 55 0.497726
4 0 1 12 56 0.502274
4 0 1 13 55 -1
4 0 1 13 56 -1
4 0 2 12 98 0.995789
4 0 2 12 99 -1
4 0 2 13 98 -1
4 0 2 13 99 -1
4 0 3 12 139 0.518671
4 0 3 12 140 0.255683
4 0 3 13 139 0.320754
4 0 3 13 140 0.326546
4 0 4 12 176 0.99007
4 0 4 12 177 -1
4 0 4 13 176 -1
4 0 4 13 177 -1
4 1 2 55 98 0.24765
4 1 2 55 99 0.531566
4 1 2 56 98 0.560848
4 1 2 56 99 0.217576
4 1 3 55 139 0.262381
4 1 3 55 140 0.293111
4 1 3 56 139 0.29287
4 1 3 56 140 0.264568
4 1 4 55 176 0.203022
4 1 4 55 177 0.638072
4 1 4 56 176 0.661455
4 1 4 56 177 0.247575
4 2 3 98 139 0.942865
4 2 3 98 140 -1
4 2 3 99 139 -1
4 2 3 99 140 0.963294
4 2 4 98 176 0.985484
4 2 4 98 177 -1
4 2 4 99 176 -1
4 2 4 99 177 0.951079
4 3 4 139 176 0.732439
4 3 4 139 177 0.211994
4 3 4 140 176 -1
4 3 4 140 177 0.735824
5 0 1 14 57 0.337903
5 0 1 15 57 0.436517
5 0 1 16 57 0.225579
5 0 2 14 100 0.572116
5 0 2 14 101 0.665945
5 0 2 14 102 -1
5 0 2 15 100 -1
5 0 2 15 101 -1
5 0 2 15 102 0.753176
5 0 2 16 100 -1
5 0 2 16 101 -1
5 0 2 16 102 -1
5 0 3 14 141 0.263355
5 0 3 14 142 0.298961
5 0 3 15 141 0.314102
5 0 3 15 142 0.264031
5 0 3 16 141 0.0509841
5 0 3 16 142 0.0902486
5 0 4 14 178 0.919958
5 0 4 14 179 -1
5 0 4 15 178 -1
5 0 4 15 179 0.941698
5 0 4 16 178 -1
5 0 4 16 179 0.33338
5 1 2 57 100 0.566819
5 1 2 57 101 -1
5 1 2 57 102 0.65308
5 1 3 57 141 0.454596
5 1 3 57 142 0.545404
5 1 4 57 178 0.458698
5 1 4 57 179 0.541302
5 2 3 100 141 0.878458
5 2 3 100 142 -1
5 2 3 101 141 -1
5 2 3 101 142 0.469981
5 2 3 102 141 -1
5 2 3 102 142 0.759525
5 2 4 100 178 0.663396
5 2 4 100 179 -1
5 2 4 101 178 0.644949
5 2 4 101 179 -1
5 2 4 102 178 -1
5 2 4 102 179 0.865119
5 3 4 141 178 0.501559
5 3 4 141 179 0.305113
5 3 4 142 178 0.0779323
5 3 4 142 179 0.564428
6 0 1 17 58 0.437178
6 0 1 17 59 0.373492
6 0 1 17 60 -1
6 0 1 18 58 0.428199
6 0 1 18 59 0.408709
6 0 1 18 60 -1
6 0 1 19 58 0.0794134
6 0 1 19 59 0.128479
6 0 1 19 60 0.538292
6 0 2 17 103 0.878446
6 0 2 17 104 0.776361
6 0 2 17 105 -1
6 0 2 18 103 -1
6 0 2 18 104 -1
6 0 2 18 105 0.83136
6 0 2 19 103 -1
6 0 2 19 104 -1
6 0 2 19 105 -1
6 0 3 17 143 0.291108
6 0 3 17 144 0.234502
6 0 3 18 143 0.248299
6 0 3 18 144 0.270179
6 0 3 19 143 0.0647598
6 0 3 19 144 0.123502
6 0 4 17 180 0.981197
6 0 4 17 181 -1
6 0 4 18 180 -1
6 0 4 18 181 0.9369
6 0 4 19 180 -1
6 0 4 19 181 0.345684
6 1 2 58 103 -1
6 1 2 58 104 -1
6 1 2 58 105 0.993188
6 1 2 59 103 0.998769
6 1 2 59 104 -1
6 1 2 59 105 -1
6 1 2 60 103 -1
6 1 2 60 104 -1
6 1 2 60 105 -1
6 1 3 58 143 0.264358
6 1 3 58 144 0.296418
6 1 3 59 143 0.3021
6 1 3 59 144 0.261646
6 1 3 60 143 0.0166579
6 1 3 60 144 0.0439707
6 1 4 58 180 0.260756
6 1 4 58 181 0.739244
6 1 4 59 180 0.598529
6 1 4 59 181 0.401471
6 1 4 60 180 -1
6 1 4 60 181 -1
6 2 3 103 143 0.882363
6 2 3 103 144 -1
6 2 3 104 143 -1
6 2 3 104 144 -1
6 2 3 105 143 -1
6 2 3 105 144 0.845462
6 2 4 103 180 0.910605
6 2 4 103 181 -1
6 2 4 104 180 0.854694
6 2 4 104 181 -1
6 2 4 105 180 -1
6 2 4 105 181 0.69144
6 3 4 143 180 0.515606
6 3 4 143 181 0.304798
6 3 4 144 180 0.062647
6 3 4 144 181 0.589815
7 0 1 20 61 -1
7 0 1 21 61 -1
7 0 1 22 61 0.859167
7 0 2 20 106 -1
7 0 2 20 107 -1
7 0 2 20 108 0.76151
7 0 2 21 106 -1
7 0 2 21 107 0.996833
7 0 2 21 108 -1
7 0 2 22 106 -1
7 0 2 22 107 -1
7 0 2 22 108 0.617681
7 0 3 20 145 -1
7 0 3 20 146 -1
7 0 3 21 145 -1
7 0 3 21 146 0.93994
7 0 3 22 145 0.843191
7 0 3 22 146 -1
7 0 4 20 182 -1
7 0 4 20 183 -1
7 0 4 21 182 -1
7 0 4 21 183 0.803182
7 0 4 22 182 0.990687
7 0 4 22 183 -1
7 1 2 61 106 -1
7 1 2 61 107 -1
7 1 2 61 108 0.744724
7 1 3 61 145 0.739819
7 1 3 61 146 -1
7 1 4 61 182 0.766319
7 1 4 61 183 -1
7 2 3 106 145 -1
7 2 3 106 146 -1
7 2 3 107 145 -1
7 2 3 107 146 0.96463
7 2 3 108 145 0.847346
7 2 3 108 146 -1
7 2 4 106 182 -1
7 2 4 106 183 -1
7 2 4 107 182 0.429976
7 2 4 107 183 0.570024
7 2 4 108 182 0.779534
7 2 4 108 183 0.220466
7 3 4 145 182 0.767531
7 3 4 145 183 -1
7 3 4 146 182 -1
7 3 4 146 183 0.906334
8 0 1 23 62 0.998289
8 0 1 23 63 -1
8 0 1 23 64 -1
8 0 1 24 62 -1
8 0 1 24 63 0.834001
8 0 1 24 64 0.212193
8 0 1 25 62 -1
8 0 1 25 63 0.524909
8 0 1 25 64 0.898417
8 0 2 23 109 -1
8 0 2 23 110 -1
8 0 2 23 111 0.500544
8 0 2 24 109 -1
8 0 2 24 110 0.840582
8 0 2 24 111 -1
8 0 2 25 109 -1
8 0 2 25 110 -1
8 0 2 25 111 0.714986
8 0 3 23 147 -1
8 0 3 23 148 0.726841
8 0 3 24 147 0.770112
8 0 3 24 148 -1
8 0 3 25 147 -1
8 0 3 25 148 0.708118
8 0 4 23 184 -1
8 0 4 23 185 -1
8 0 4 24 184 -1
8 0 4 24 185 0.998473
8 0 4 25 184 0.969079
8 0 4 25 185 -1
8 1 2 62 109 -1
8 1 2 62 110 -1
8 1 2 62 111 -1
8 1 2 63 109 -1
8 1 2 63 110 0.981063
8 1 2 63 111 -1
8 1 2 64 109 -1
8 1 2 64 110 -1
8 1 2 64 111 0.793931
8 1 3 62 147 -1
8 1 3 62 148 -1
8 1 3 63 147 0.722151
8 1 3 63 148 -1
8 1 3 64 147 -1
8 1 3 64 148 0.759452
8 1 4 62 184 -1
8 1 4 62 185 -1
8 1 4 63 184 -1
8 1 4 63 185 0.768786
8 1 4 64 184 0.921802
8 1 4 64 185 -1
8 2 3 109 147 -1
8 2 3 109 148 -1
8 2 3 110 147 0.949934
8 2 3 110 148 -1
8 2 3 111 147 -1
8 2 3 111 148 0.991666
8 2 4 109 184 -1
8 2 4 109 185 -1
8 2 4 110 184 -1
8 2 4 110 185 0.715711
8 2 4 111 184 0.824167
8 2 4 111 185 -1
8 3 4 147 184 0.255757
8 3 4 147 185 0.66584
8 3 4 148 184 0.669642
8 3 4 148 185 -1
9 0 1 26 65 0.978374
9 0 3 26 149 0.090844
9 0 4 26 186 -1
9 0 4 26 187 0.961407
9 1 3 65 149 0.826551
9 1 4 65 186 0.363986
9 1 4 65 187 0.636014
9 3 4 149 186 0.748639
9 3 4 149 187 0.251361
10 0 1 27 66 0.983479
10 0 1 27 67 0.436294
10 0 1 27 68 -1
10 0 1 28 66 0.693011
10 0 1 28 67 0.537181
10 0 1 28 68 -1
10 0 1 29 66 -1
10 0 1 29 67 0.0265245
10 0 1 29 68 0.935592
10 0 2 27 112 -1
10 0 2 27 113 0.97823
10 0 2 28 112 0.942633
10 0 2 28 113 -1
10 0 2 29 112 -1
10 0 2 29 113 -1
10 0 3 27 150 -1
10 0 3 27 151 0.933106
10 0 3 28 150 0.999914
10 0 3 28 151 -1
10 0 3 29 150 0.70593
10 0 3 29 151 0.29407
10 1 2 66 112 0.337882
10 1 2 66 113 0.662118
10 1 2 67 112 0.649567
10 1 2 67 113 0.350433
10 1 2 68 112 -1
10 1 2 68 113 -1
10 1 3 66 150 0.167129
10 1 3 66 151 0.340413
10 1 3 67 150 0.316437
10 1 3 67 151 0.180912
10 1 3 68 150 0.275202
10 1 3 68 151 0.224962
10 2 3 112 150 0.996154
10 2 3 112 151 -1
10 2 3 113 150 -1
10 2 3 113 151 0.950481
11 0 1 30 69 0.935321
11 0 2 30 114 -1
11 0 3 30 152 -1
11 0 3 30 153 0.889925
11 0 4 30 188 0.490114
11 0 4 30 189 0.509886
11 1 2 69 114 0.966707
11 1 3 69 152 0.0365083
11 1 3 69 153 0.952125
11 1 4 69 188 0.131784
11 1 4 69 189 0.868216
11 2 3 114 152 0.947335
11 2 3 114 153 -1
11 2 4 114 188 0.941885
11 2 4 114 189 0.0246872
11 3 4 152 188 0.427732
11 3 4 152 189 0.257645
11 3 4 153 188 0.214945
11 3 4 153 189 0.425682
12 0 1 31 70 0.407678
12 0 1 31 71 -1
12 0 1 31 72 -1
12 0 1 32 70 0.155604
12 0 1 32 71 0.372283
12 0 1 32 72 0.277856
12 0 1 33 70 0.14477
12 0 1 33 71 0.0781475
12 0 1 33 72 0.59635
12 0 2 31 115 0.946698
12 0 2 31 116 0.943423
12 0 2 31 117 -1
12 0 2 32 115 -1
12 0 2 32 116 -1
12 0 2 32 117 0.804436
12 0 2 33 115 -1
12 0 2 33 116 -1
12 0 2 33 117 0.946537
12 0 3 31 154 0.907384
12 0 3 31 155 -1
12 0 3 32 154 -1
12 0 3 32 155 0.865235
12 0 3 33 154 -1
12 0 3 33 155 0.983554
12 0 4 31 190 0.278392
12 0 4 32 190 0.296203
12 0 4 33 190 0.425405
12 1 2 70 115 0.987967
12 1 2 70 116 -1
12 1 2 70 117 -1
12 1 2 71 115 -1
12 1 2 71 116 -1
12 1 2 71 117 -1
12 1 2 72 115 -1
12 1 2 72 116 -1
12 1 2 72 117 0.940087
12 1 3 70 154 0.952327
12 1 3 70 155 0.047673
12 1 3 71 154 -1
12 1 3 71 155 -1
12 1 3 72 154 -1
12 1 3 72 155 0.913407
12 1 4 70 190 -1
12 1 4 71 190 -1
12 1 4 72 190 0.919548
12 2 3 115 154 0.937647
12 2 3 115 155 -1
12 2 3 116 154 -1
12 2 3 116 155 -1
12 2 3 117 154 -1
12 2 3 117 155 0.980008
12 2 4 115 190 -1
12 2 4 116 190 -1
12 2 4 117 190 0.983317
12 3 4 154 190 0.296944
12 3 4 155 190 0.703056
13 0 1 34 73 -1
13 0 1 34 74 -1
13 0 1 35 73 0.959703
13 0 1 35 74 -1
13 0 1 36 73 0.0438213
13 0 1 36 74 0.522905
13 0 2 34 118 -1
13 0 2 34 119 -1
13 0 2 34 120 -1
13 0 2 35 118 -1
13 0 2 35 119 0.947839
13 0 2 35 120 -1
13 0 2 36 118 -1
13 0 2 36 119 -1
13 0 2 36 120 0.638116
13 0 3 34 156 0.615464
13 0 3 34 157 -1
13 0 3 35 156 -1
13 0 3 35 157 0.87698
13 0 3 36 156 0.810898
13 0 3 36 157 -1
13 0 4 34 191 -1
13 0 4 34 192 -1
13 0 4 35 191 -1
13 0 4 35 192 0.9146
13 0 4 36 191 0.729607
13 0 4 36 192 -1
13 1 2 73 118 -1
13 1 2 73 119 0.563778
13 1 2 73 120 -1
13 1 2 74 118 -1
13 1 2 74 119 -1
13 1 2 74 120 0.931921
13 1 3 73 156 -1
13 1 3 73 157 0.596217
13 1 3 74 156 0.949747
13 1 3 74 157 -1
13 1 4 73 191 -1
13 1 4 73 192 0.63878
13 1 4 74 191 0.797718
13 1 4 74 192 -1
13 2 3 118 156 -1
13 2 3 118 157 -1
13 2 3 119 156 -1
13 2 3 119 157 0.932736
13 2 3 120 156 0.895818
13 2 3 120 157 -1
13 2 4 118 191 -1
13 2 4 118 192 -1
13 2 4 119 191 0.445838
13 2 4 119 192 0.554162
13 2 4 120 191 0.510095
13 2 4 120 192 0.489905
13 3 4 156 191 0.848763
13 3 4 156 192 -1
13 3 4 157 191 -1
13 3 4 157 192 0.770621
14 0 1 37 75 0.832951
14 0 1 37 76 -1
14 0 1 37 77 -1
14 0 1 38 75 -1
14 0 1 38 76 0.883714
14 0 1 38 77 0.133357
14 0 1 39 75 -1
14 0 1 39 76 0.556892
14 0 1 39 77 0.896928
14 0 2 37 121 -1
14 0 2 37 122 -1
14 0 2 37 123 -1
14 0 2 38 121 -1
14 0 2 38 122 0.990604
14 0 2 38 123 -1
14 0 2 39 121 -1
14 0 2 39 122 -1
14 0 2 39 123 0.905205
14 0 3 37 158 -1
14 0 3 37 159 0.595701
14 0 3 38 158 0.953113
14 0 3 38 159 -1
14 0 3 39 158 -1
14 0 3 39 159 0.909983
14 0 4 37 193 -1
14 0 4 37 194 -1
14 0 4 38 193 -1
14 0 4 38 194 0.774485
14 0 4 39 193 0.904178
14 0 4 39 194 -1
14 1 2 75 121 -1
14 1 2 75 122 -1
14 1 2 75 123 -1
14 1 2 76 121 -1
14 1 2 76 122 0.993205
14 1 2 76 123 -1
14 1 2 77 121 -1
14 1 2 77 122 -1
14 1 2 77 123 0.952298
14 1 3 75 158 -1
14 1 3 75 159 -1
14 1 3 76 158 0.874375
14 1 3 76 159 -1
14 1 3 77 158 -1
14 1 3 77 159 0.925153
14 1 4 75 193 -1
14 1 4 75 194 -1
14 1 4 76 193 -1
14 1 4 76 194 0.908182
14 1 4 77 193 0.901405
14 1 4 77 194 -1
14 2 3 121 158 -1
14 2 3 121 159 -1
14 2 3 122 158 0.94382
14 2 3 122 159 -1
14 2 3 123 158 -1
14 2 3 123 159 0.984726
14 2 4 121 193 -1
14 2 4 121 194 -1
14 2 4 122 193 -1
14 2 4 122 194 0.901721
14 2 4 123 193 0.91233
14 2 4 123 194 -1
14 3 4 158 193 0.239649
14 3 4 158 194 0.650932
14 3 4 159 193 0.628483
14 3 4 159 194 0.115133
15 0 1 40 78 0.785094
15 0 2 40 124 -1
15 0 3 40 160 -1
15 0 3 40 161 0.851971
15 0 4 40 195 0.147034
15 0 4 40 196 0.753679
15 1 2 78 124 -1
15 1 3 78 160 -1
15 1 3 78 161 0.952478
15 1 4 78 195 -1
15 1 4 78 196 0.875273
15 2 3 124 160 0.899584
15 2 3 124 161 -1
15 2 4 124 195 0.993098
15 2 4 124 196 -1
15 3 4 160 195 0.351413
15 3 4 160 196 0.266715
15 3 4 161 195 0.263709
15 3 4 161 196 0.357397
16 0 1 41 79 0.465495
16 0 1 41 80 0.817819
16 0 1 41 81 -1
16 0 1 42 79 0.395381
16 0 1 42 80 0.930541
16 0 1 42 81 -1
16 0 1 43 79 0.139123
16 0 1 43 80 -1
16 0 1 43 81 0.587168
16 0 2 41 125 -1
16 0 2 41 126 0.857548
16 0 2 42 125 0.931386
16 0 2 42 126 -1
16 0 2 43 125 -1
16 0 2 43 126 0.752527
16 0 3 41 162 -1
16 0 3 41 163 0.764807
16 0 3 42 162 0.844796
16 0 3 42 163 -1
16 0 3 43 162 -1
16 0 3 43 163 0.736326
16 0 4 41 197 -1
16 0 4 42 197 -1
16 0 4 43 197 0.723285
16 1 2 79 125 0.775374
16 1 2 79 126 -1
16 1 2 80 125 -1
16 1 2 80 126 -1
16 1 2 81 125 -1
16 1 2 81 126 0.964549
16 1 3 79 162 0.920549
16 1 3 79 163 -1
16 1 3 80 162 -1
16 1 3 80 163 -1
16 1 3 81 162 -1
16 1 3 81 163 0.927536
16 1 4 79 197 -1
16 1 4 80 197 -1
16 1 4 81 197 0.977225
16 2 3 125 162 0.978594
16 2 3 125 163 -1
16 2 3 126 162 -1
16 2 3 126 163 0.982955
16 2 4 125 197 -1
16 2 4 126 197 0.933189
16 3 4 162 197 0.108643
16 3 4 163 197 0.891357
17 0 1 44 82 0.880165
17 0 1 44 83 -1
17 0 1 44 84 -1
17 0 1 45 82 -1
17 0 1 45 83 0.870172
17 0 1 45 84 0.918018
17 0 2 44 127 -1
17 0 2 44 128 0.356298
17 0 2 45 127 0.816419
17 0 2 45 128 -1
17 0 3 44 164 -1
17 0 3 44 165 0.316675
17 0 3 45 164 0.953384
17 0 3 45 165 -1
17 0 4 44 198 -1
17 0 4 44 199 -1
17 0 4 45 198 -1
17 0 4 45 199 0.936771
17 1 2 82 127 -1
17 1 2 82 128 -1
17 1 2 83 127 0.695915
17 1 2 83 128 -1
17 1 2 84 127 -1
17 1 2 84 128 0.958098
17 1 3 82 164 -1
17 1 3 82 165 -1
17 1 3 83 164 0.562811
17 1 3 83 165 -1
17 1 3 84 164 -1
17 1 3 84 165 0.788592
17 1 4 82 198 -1
17 1 4 82 199 -1
17 1 4 83 198 -1
17 1 4 83 199 0.607699
17 1 4 84 198 0.908003
17 1 4 84 199 -1
17 2 3 127 164 0.767675
17 2 3 127 165 -1
17 2 3 128 164 -1
17 2 3 128 165 0.717008
17 2 4 127 198 -1
17 2 4 127 199 0.951305
17 2 4 128 198 0.851309
17 2 4 128 199 -1
17 3 4 164 198 0.261576
17 3 4 164 199 0.300506
17 3 4 165 198 0.298611
17 3 4 165 199 0.262125
18 0 1 46 85 -1
18 0 1 47 85 -1
18 0 2 46 129 -1
18 0 2 46 130 0.44604
18 0 2 47 129 0.808698
18 0 2 47 130 -1
18 0 3 46 166 -1
18 0 3 46 167 -1
18 0 3 47 166 -1
18 0 3 47 167 0.685312
18 0 4 46 200 -1
18 0 4 46 201 -1
18 0 4 47 200 -1
18 0 4 47 201 0.760539
18 1 2 85 129 -1
18 1 2 85 130 0.833187
18 1 3 85 166 0.866698
18 1 3 85 167 -1
18 1 4 85 200 0.809722
18 1 4 85 201 -1
18 2 3 129 166 -1
18 2 3 129 167 0.875681
18 2 3 130 166 0.919911
18 2 3 130 167 -1
18 2 4 129 200 0.340003
18 2 4 129 201 0.409128
18 2 4 130 200 0.368069
18 2 4 130 201 0.239593
18 3 4 166 200 0.965378
18 3 4 166 201 -1
18 3 4 167 200 -1
18 3 4 167 201 0.935155
end of Frame 75
