J OverallIdx viewIdx joint种类0-18(jointIdx) 该joint在图中的顺序(candidix) x y score
0 0 0 0 594.499 396.441 0.75248
1 0 0 1 350.622 430.197 0.613565
2 0 1 0 350.583 204.557 0.827975
3 0 1 1 614.047 217.193 0.84961
4 0 2 0 555.3 394.315 0.703782
5 0 2 1 389.697 430.147 0.562157
6 0 3 0 631.001 398.544 0.671066
7 0 3 1 322.494 430.21 0.588581
8 0 4 0 577.729 145.443 0.894631
9 0 4 1 277.679 143.415 0.908291
10 0 5 0 392.634 208.712 0.864248
11 0 5 1 558.095 213.014 0.834195
12 0 6 0 308.477 198.253 0.794465
13 0 6 1 661.806 223.49 0.853081
14 0 7 0 529.975 529.219 0.819465
15 0 7 1 353.387 577.796 0.695462
16 0 8 0 619.77 533.512 0.833827
17 0 8 1 314.123 586.22 0.696612
18 0 10 0 308.559 126.478 0.881344
19 0 10 1 630.921 143.42 0.893002
20 0 11 0 530.08 307.818 0.882347
21 0 11 1 437.337 320.556 0.830088
22 0 12 0 689.943 305.759 0.786522
23 0 12 1 305.646 331.115 0.855522
24 0 13 0 524.428 634.761 0.850005
25 0 13 1 361.702 704.291 0.426176
26 0 14 0 616.898 649.523 0.875032
27 0 14 1 347.581 727.526 0.563553
28 0 15 0 504.743 366.907 0.882459
29 0 15 1 372.999 371.112 0.390826
30 0 16 0 698.22 383.813 0.793196
31 0 16 1 274.788 421.719 0.793063
32 0 17 0 630.958 685.268 0.797728
33 0 17 1 300.096 719.131 0.492905
34 0 18 0 462.717 653.694 0.771425
35 0 18 1 305.628 714.821 0.23464
36 1 0 0 168.177 390.073 0.630624
37 1 0 1 501.893 461.823 0.521221
38 1 1 0 171.155 183.425 0.64605
39 1 1 1 490.782 187.695 0.730577
40 1 1 2 608.513 225.679 0.167968
41 1 2 0 185.127 390.108 0.600477
42 1 2 1 544.055 463.908 0.497979
43 1 3 0 148.58 387.991 0.532771
44 1 3 1 457.174 461.767 0.513295
45 1 4 0 249.584 143.444 0.894384
46 1 4 1 571.959 189.744 0.441137
47 1 5 0 182.279 183.474 0.761843
48 1 5 1 527.213 191.818 0.781305
49 1 6 0 165.46 181.329 0.528764
50 1 6 1 457.116 183.467 0.699372
51 1 6 2 642.294 227.691 0.478481
52 1 7 0 235.523 520.884 0.788061
53 1 7 1 594.489 632.624 0.737423
54 1 8 0 157.089 531.356 0.775828
55 1 8 1 457.174 624.148 0.732339
56 1 9 0 552.534 94.8621 0.905065
57 1 9 1 204.683 126.613 0.866454
58 1 10 0 482.243 92.8251 0.277036
59 1 10 1 616.836 177.136 0.885839
60 1 11 0 190.639 291.033 0.763267
61 1 11 1 614.037 324.684 0.797747
62 1 12 0 171.106 293.069 0.232487
63 1 12 1 664.664 324.7 0.250757
64 1 13 0 257.857 668.477 0.761511
65 1 13 1 630.938 765.56 0.340791
66 1 14 0 137.389 674.768 0.719798
67 1 14 1 409.383 765.452 0.454622
68 1 15 0 692.64 246.69 0.772844
69 1 15 1 241.164 352.139 0.789698
70 1 16 0 249.558 329.061 0.49582
71 1 16 1 616.815 390.108 0.364539
72 1 17 0 199.178 685.37 0.716492
73 1 18 0 316.911 666.414 0.732121
74 2 0 0 815.952 189.786 0.235515
75 2 0 1 426.256 261.483 0.753248
76 2 0 2 639.527 362.632 0.823374
77 2 0 3 1029.21 664.234 0.348828
78 2 0 4 499.126 702.23 0.541329
79 2 1 0 431.884 107.538 0.827401
80 2 1 1 821.817 145.507 0.231882
81 2 1 2 667.45 210.963 0.891348
82 2 1 3 496.321 478.65 0.809438
83 2 2 0 818.805 189.807 0.208186
84 2 2 1 412.284 261.542 0.768982
85 2 2 2 611.366 356.405 0.741765
86 2 2 3 549.583 700.102 0.514154
87 2 3 0 807.646 189.779 0.227985
88 2 3 1 440.25 261.458 0.7963
89 2 3 2 675.878 364.799 0.740614
90 2 3 3 989.945 662.153 0.427511
91 2 3 4 443.126 702.2 0.521579
92 2 4 0 482.32 58.9486 0.944586
93 2 4 1 661.824 183.455 0.868947
94 2 5 0 403.85 111.741 0.784206
95 2 5 1 841.163 145.503 0.202473
96 2 5 2 616.967 204.547 0.864576
97 2 5 3 588.891 482.934 0.676236
98 2 6 0 457.144 97.0497 0.728532
99 2 6 1 816.133 143.368 0.275583
100 2 6 2 726.296 225.54 0.838646
101 2 6 3 403.797 466.123 0.730132
102 2 6 4 1029.21 463.933 0.234932
103 2 7 0 796.323 212.964 0.194237
104 2 7 1 409.379 362.632 0.751604
105 2 7 2 594.567 466.007 0.803571
106 2 7 3 549.709 763.378 0.428443
107 2 8 0 790.871 210.97 0.299265
108 2 8 1 431.892 354.27 0.729992
109 2 8 2 664.738 463.999 0.834882
110 2 8 3 459.818 761.228 0.262548
111 2 8 4 953.51 763.291 0.416828
112 2 9 0 434.731 46.3669 0.885089
113 2 9 1 636.618 151.84 0.691915
114 2 9 2 563.705 364.867 0.713387
115 2 10 0 701.063 160.181 0.787599
116 2 10 1 465.502 360.599 0.459976
117 2 11 0 375.744 196.084 0.88528
118 2 11 1 588.939 261.51 0.901963
119 2 11 2 616.995 615.844 0.847592
120 2 12 0 796.595 164.531 0.188916
121 2 12 1 443.048 172.881 0.502102
122 2 12 2 732.082 309.989 0.903456
123 2 12 3 911.399 482.968 0.792529
124 2 12 4 381.415 592.569 0.775277
125 2 13 0 796.426 255.13 0.156554
126 2 13 1 392.492 459.648 0.76466
127 2 13 2 591.73 563.014 0.534982
128 2 14 0 796.501 259.351 0.322123
129 2 14 1 431.852 447.034 0.550201
130 2 14 2 661.897 548.357 0.861942
131 2 15 0 403.834 272.052 0.838174
132 2 15 1 588.819 326.85 0.838053
133 2 16 0 460.039 215.149 0.820773
134 2 16 1 698.283 373.252 0.828788
135 2 16 2 922.638 402.773 0.406266
136 2 17 0 642.309 567.327 0.641109
137 3 0 0 558.115 345.868 0.73282
138 3 0 1 238.459 362.77 0.677135
139 3 0 2 922.614 379.568 0.468778
140 3 1 0 911.513 160.231 0.680428
141 3 1 1 232.76 189.72 0.707401
142 3 1 2 549.673 194.095 0.946562
143 3 2 0 530.019 345.904 0.732804
144 3 2 1 257.911 364.786 0.689028
145 3 2 2 956.268 366.908 0.373826
146 3 3 0 975.85 343.721 0.236188
147 3 3 1 591.616 345.855 0.756823
148 3 3 2 229.919 364.762 0.633413
149 3 3 3 891.836 385.91 0.450432
150 3 4 0 930.854 113.92 0.600026
151 3 4 1 297.226 126.565 0.887245
152 3 4 2 577.701 143.41 0.889464
153 3 5 0 950.639 151.847 0.639056
154 3 5 1 238.346 191.855 0.850064
155 3 5 2 504.862 196.15 0.893868
156 3 6 0 883.331 162.384 0.69923
157 3 6 1 215.909 185.528 0.621394
158 3 6 2 1001.07 189.817 0.580579
159 3 6 3 594.477 193.99 0.918651
160 3 7 0 1029.2 453.385 0.300582
161 3 7 1 1004.03 455.488 0.31099
162 3 7 2 544.085 470.24 0.765629
163 3 7 3 280.542 499.831 0.810369
164 3 7 4 877.75 571.446 0.553043
165 3 8 0 591.741 466.016 0.802554
166 3 8 1 970.312 463.912 0.706949
167 3 8 2 238.448 495.589 0.803875
168 3 8 3 894.615 584.167 0.693957
169 3 9 0 905.714 65.4032 0.158098
170 3 9 1 532.812 130.729 0.857933
171 3 9 2 252.393 126.426 0.896016
172 3 10 0 824.559 77.9833 0.790134
173 3 10 1 975.801 124.357 0.876066
174 3 11 0 462.728 278.275 0.928304
175 3 11 1 238.425 284.665 0.862952
176 3 12 0 1029.2 263.605 0.185557
177 3 12 1 1009.59 263.607 0.186702
178 3 12 2 597.459 269.879 0.816324
179 3 12 3 863.857 293.117 0.724344
180 3 13 0 1029.21 567.206 0.171615
181 3 13 1 546.868 579.862 0.779964
182 3 13 2 280.54 632.608 0.792381
183 3 13 3 855.357 685.339 0.71672
184 3 14 0 574.881 552.445 0.813397
185 3 14 1 1029.21 567.308 0.49972
186 3 14 2 227.103 615.751 0.479225
187 3 14 3 931.029 759.134 0.680647
188 3 15 0 507.688 329.033 0.912798
189 3 15 1 302.821 358.504 0.912859
190 3 16 0 611.276 328.875 0.839412
191 3 16 1 802.014 362.662 0.801821
192 3 17 0 594.518 586.261 0.806723
193 3 17 1 973.133 594.576 0.558308
194 3 17 2 869.301 748.521 0.537929
195 3 18 0 978.65 596.718 0.203981
196 3 18 1 569.234 615.701 0.703249
197 3 18 2 347.712 651.609 0.726928
198 3 18 3 799.305 670.539 0.660583
199 4 0 0 712.328 255.15 0.73917
200 4 0 1 984.304 261.549 0.741997
201 4 0 2 571.937 339.494 0.576514
202 4 1 0 1004.01 107.556 0.808886
203 4 1 1 546.914 126.452 0.888136
204 4 1 2 726.339 126.601 0.849805
205 4 2 0 692.68 253.026 0.719831
206 4 2 1 953.537 261.392 0.770647
207 4 2 2 616.921 337.38 0.574718
208 4 3 0 732.048 257.235 0.746268
209 4 3 1 1029.2 265.709 0.697763
210 4 3 2 527.113 343.68 0.56955
211 4 4 0 950.7 59.0244 0.924126
212 4 4 1 712.287 90.5887 0.8039
213 4 5 0 970.254 109.593 0.862738
214 4 5 1 616.806 122.284 0.839466
215 4 5 2 701.005 126.573 0.727297
216 4 6 0 1029.21 103.309 0.38688
217 4 6 1 751.533 126.615 0.917465
218 4 6 2 479.493 126.608 0.849868
219 4 7 0 678.694 333.217 0.797238
220 4 7 1 931.053 364.829 0.883404
221 4 7 2 639.4 514.531 0.789921
222 4 8 0 748.81 339.517 0.831496
223 4 8 1 1004.06 379.498 0.80711
224 4 8 2 546.788 529.233 0.771873
225 4 9 0 569.241 42.2196 0.750779
226 4 9 1 642.227 73.8236 0.880843
227 4 10 0 499.214 44.3392 0.742269
228 4 10 1 998.268 46.426 0.899084
229 4 10 2 745.885 84.3357 0.677203
230 4 11 0 953.462 177.061 0.855787
231 4 11 1 659.011 238.258 0.797855
232 4 12 0 751.659 174.923 0.902222
233 4 12 1 1029.21 210.86 0.198473
234 4 12 2 443.167 246.813 0.828989
235 4 13 0 661.867 413.384 0.841497
236 4 13 1 911.527 468.143 0.794953
237 4 13 2 664.588 649.537 0.802315
238 4 14 0 773.853 413.212 0.909423
239 4 14 1 1001.3 478.69 0.798059
240 4 14 2 552.579 670.548 0.781843
241 4 15 0 684.243 164.492 0.230563
242 4 15 1 939.446 223.484 0.753224
243 4 15 2 667.449 312.153 0.871827
244 4 16 0 706.681 158.046 0.871564
245 4 16 1 981.479 240.34 0.769255
246 4 16 2 434.741 345.724 0.861192
247 4 17 0 751.484 430.192 0.841119
248 4 17 1 961.899 495.532 0.790416
249 4 17 2 504.817 662.156 0.686718
250 4 18 0 672.984 430.183 0.17063
251 4 18 1 877.784 480.881 0.710133
252 4 18 2 706.724 634.732 0.750864
P viewIdx, pafIdx, aOverAllIdx, bOverAllIdx, CandidAIdx, CandidBIdx, score
0 0 2 0 0 0 0
0 0 2 1 0 1 0.972565
0 0 3 0 1 0 0.997541
0 0 3 1 1 1 0
0 1 4 14 0 0 0.967183
0 1 4 15 0 1 0
0 1 5 14 1 0 0
0 1 5 15 1 1 0.959381
0 2 14 24 0 0 0.996459
0 2 14 25 0 1 0
0 2 15 24 1 0 0
0 2 15 25 1 1 0.955717
0 3 0 4 0 0 0.945587
0 3 0 5 0 1 0
0 3 1 4 1 0 0
0 3 1 5 1 1 0.88163
0 4 0 6 0 0 0.926735
0 4 0 7 0 1 0
0 4 1 6 1 0 0
0 4 1 7 1 1 0.882621
0 5 6 16 0 0 0.99804
0 5 6 17 0 1 0
0 5 7 16 1 0 0
0 5 7 17 1 1 0.971193
0 6 16 26 0 0 0.997204
0 6 16 27 0 1 0
0 6 17 26 1 0 0
0 6 17 27 1 1 0.98282
0 7 2 10 0 0 0.993047
0 7 2 11 0 1 0
0 7 3 10 1 0 0
0 7 3 11 1 1 0.99958
0 8 10 20 0 0 0
0 8 10 21 0 1 0.999674
0 8 11 20 1 0 0.963384
0 8 11 21 1 1 0
0 9 20 28 0 0 0.982307
0 9 20 29 0 1 0
0 9 21 28 1 0 0
0 9 21 29 1 1 0.883874
0 11 2 12 0 0 0.98768
0 11 2 13 0 1 0
0 11 3 12 1 0 0
0 11 3 13 1 1 0.987093
0 12 12 22 0 0 0
0 12 12 23 0 1 0.981971
0 12 13 22 1 0 0.995949
0 12 13 23 1 1 0
0 13 22 30 0 0 0.984351
0 13 22 31 0 1 0
0 13 23 30 1 0 0
0 13 23 31 1 1 0.97783
0 14 12 18 0 0 0.983168
0 14 12 19 0 1 0
0 14 13 18 1 0 0
0 14 13 19 1 1 0.99919
0 15 2 8 0 0 0
0 15 2 9 0 1 0.996699
0 15 3 8 1 0 0.994601
0 15 3 9 1 1 0
0 16 26 32 0 0 0.998624
0 16 26 33 0 1 0
0 16 27 32 1 0 0
0 16 27 33 1 1 0.81374
0 17 24 34 0 0 0.940148
0 17 24 35 0 1 0
0 17 25 34 1 0 0
0 17 25 35 1 1 0.657429
1 0 38 36 0 0 0.94726
1 0 38 37 0 1 0
1 0 39 36 1 0 0
1 0 39 37 1 1 0.964779
1 0 40 36 2 0 0
1 0 40 37 2 1 0
1 1 41 52 0 0 0.984908
1 1 41 53 0 1 0
1 1 42 52 1 0 0
1 1 42 53 1 1 0.980072
1 2 52 64 0 0 0.993249
1 2 52 65 0 1 0
1 2 53 64 1 0 0
1 2 53 65 1 1 0.999174
1 3 36 41 0 0 0.890246
1 3 36 42 0 1 0
1 3 37 41 1 0 0
1 3 37 42 1 1 0.858658
1 4 36 43 0 0 0.883876
1 4 36 44 0 1 0
1 4 37 43 1 0 0
1 4 37 44 1 1 0.864103
1 5 43 54 0 0 0.962654
1 5 43 55 0 1 0
1 5 44 54 1 0 0
1 5 44 55 1 1 0.97921
1 6 54 66 0 0 0.990725
1 6 54 67 0 1 0
1 6 55 66 1 0 0
1 6 55 67 1 1 0.97531
1 7 38 47 0 0 0.79272
1 7 38 48 0 1 0
1 7 39 47 1 0 0
1 7 39 48 1 1 0.982917
1 7 40 47 2 0 0
1 7 40 48 2 1 0
1 8 47 60 0 0 0.982066
1 8 47 61 0 1 0
1 8 48 60 1 0 0
1 8 48 61 1 1 0.994156
1 9 60 68 0 0 0
1 9 60 69 0 1 0.995711
1 9 61 68 1 0 0.973262
1 9 61 69 1 1 0
1 10 47 56 0 0 0
1 10 47 57 0 1 0.98288
1 10 48 56 1 0 0.966771
1 10 48 57 1 1 0
1 11 38 49 0 0 0.802256
1 11 38 50 0 1 0
1 11 38 51 0 2 0
1 11 39 49 1 0 0
1 11 39 50 1 1 0.962363
1 11 39 51 1 2 0
1 11 40 49 2 0 0
1 11 40 50 2 1 0
1 11 40 51 2 2 0.769783
1 12 49 62 0 0 0.724699
1 12 49 63 0 1 0
1 12 50 62 1 0 0
1 12 50 63 1 1 0
1 12 51 62 2 0 0
1 12 51 63 2 1 0.813368
1 13 62 70 0 0 0.789847
1 13 62 71 0 1 0
1 13 63 70 1 0 0
1 13 63 71 1 1 0.774891
1 14 49 58 0 0 0
1 14 49 59 0 1 0
1 14 50 58 1 0 0.776975
1 14 50 59 1 1 0
1 14 51 58 2 0 0
1 14 51 59 2 1 0.932088
1 15 38 45 0 0 0.911098
1 15 38 46 0 1 0
1 15 39 45 1 0 0
1 15 39 46 1 1 0
1 15 40 45 2 0 0
1 15 40 46 2 1 0.711762
1 16 66 72 0 0 0.981826
1 16 67 72 1 0 0
1 17 64 73 0 0 0.921188
1 17 65 73 1 0 0
2 0 79 74 0 0 0
2 0 79 75 0 1 0.974949
2 0 79 76 0 2 0
2 0 79 77 0 3 0
2 0 79 78 0 4 0
2 0 80 74 1 0 0.815749
2 0 80 75 1 1 0
2 0 80 76 1 2 0
2 0 80 77 1 3 0
2 0 80 78 1 4 0
2 0 81 74 2 0 0
2 0 81 75 2 1 0
2 0 81 76 2 2 0.966166
2 0 81 77 2 3 0
2 0 81 78 2 4 0
2 0 82 74 3 0 0
2 0 82 75 3 1 0
2 0 82 76 3 2 0
2 0 82 77 3 3 0
2 0 82 78 3 4 0.98275
2 1 83 103 0 0 0.724119
2 1 83 104 0 1 0
2 1 83 105 0 2 0
2 1 83 106 0 3 0
2 1 84 103 1 0 0
2 1 84 104 1 1 0.974178
2 1 84 105 1 2 0
2 1 84 106 1 3 0
2 1 85 103 2 0 0
2 1 85 104 2 1 0
2 1 85 105 2 2 0.998416
2 1 85 106 2 3 0
2 1 86 103 3 0 0
2 1 86 104 3 1 0
2 1 86 105 3 2 0
2 1 86 106 3 3 0.976566
2 2 103 125 0 0 0.740026
2 2 103 126 0 1 0
2 2 103 127 0 2 0
2 2 104 125 1 0 0
2 2 104 126 1 1 0.990468
2 2 104 127 1 2 0
2 2 105 125 2 0 0
2 2 105 126 2 1 0
2 2 105 127 2 2 0.97387
2 2 106 125 3 0 0
2 2 106 126 3 1 0
2 2 106 127 3 2 0
2 3 74 83 0 0 0.642024
2 3 74 84 0 1 0
2 3 74 85 0 2 0
2 3 74 86 0 3 0
2 3 75 83 1 0 0
2 3 75 84 1 1 0.93943
2 3 75 85 1 2 0
2 3 75 86 1 3 0
2 3 76 83 2 0 0
2 3 76 84 2 1 0
2 3 76 85 2 2 0.964281
2 3 76 86 2 3 0
2 3 77 83 3 0 0
2 3 77 84 3 1 0
2 3 77 85 3 2 0
2 3 77 86 3 3 0
2 3 78 83 4 0 0
2 3 78 84 4 1 0
2 3 78 85 4 2 0
2 3 78 86 4 3 0.860699
2 4 74 87 0 0 0.660046
2 4 74 88 0 1 0
2 4 74 89 0 2 0
2 4 74 90 0 3 0
2 4 74 91 0 4 0
2 4 75 87 1 0 0
2 4 75 88 1 1 0.949481
2 4 75 89 1 2 0
2 4 75 90 1 3 0
2 4 75 91 1 4 0
2 4 76 87 2 0 0
2 4 76 88 2 1 0
2 4 76 89 2 2 0.964688
2 4 76 90 2 3 0
2 4 76 91 2 4 0
2 4 77 87 3 0 0
2 4 77 88 3 1 0
2 4 77 89 3 2 0
2 4 77 90 3 3 0.840637
2 4 77 91 3 4 0
2 4 78 87 4 0 0
2 4 78 88 4 1 0
2 4 78 89 4 2 0
2 4 78 90 4 3 0
2 4 78 91 4 4 0.868261
2 5 87 107 0 0 0.804436
2 5 87 108 0 1 0
2 5 87 109 0 2 0
2 5 87 110 0 3 0
2 5 87 111 0 4 0
2 5 88 107 1 0 0
2 5 88 108 1 1 0.987164
2 5 88 109 1 2 0
2 5 88 110 1 3 0
2 5 88 111 1 4 0
2 5 89 107 2 0 0
2 5 89 108 2 1 0
2 5 89 109 2 2 0.985225
2 5 89 110 2 3 0
2 5 89 111 2 4 0
2 5 90 107 3 0 0
2 5 90 108 3 1 0
2 5 90 109 3 2 0
2 5 90 110 3 3 0
2 5 90 111 3 4 0.942726
2 5 91 107 4 0 0
2 5 91 108 4 1 0
2 5 91 109 4 2 0
2 5 91 110 4 3 0.949115
2 5 91 111 4 4 0
2 6 107 128 0 0 0.850824
2 6 107 129 0 1 0
2 6 107 130 0 2 0
2 6 108 128 1 0 0
2 6 108 129 1 1 0.9668
2 6 108 130 1 2 0
2 6 109 128 2 0 0
2 6 109 129 2 1 0
2 6 109 130 2 2 0.996036
2 6 110 128 3 0 0
2 6 110 129 3 1 0
2 6 110 130 3 2 0
2 6 111 128 4 0 0
2 6 111 129 4 1 0
2 6 111 130 4 2 0
2 7 79 94 0 0 0.975745
2 7 79 95 0 1 0
2 7 79 96 0 2 0
2 7 79 97 0 3 0
2 7 80 94 1 0 0
2 7 80 95 1 1 0.743147
2 7 80 96 1 2 0
2 7 80 97 1 3 0
2 7 81 94 2 0 0
2 7 81 95 2 1 0
2 7 81 96 2 2 0.992493
2 7 81 97 2 3 0
2 7 82 94 3 0 0
2 7 82 95 3 1 0
2 7 82 96 3 2 0
2 7 82 97 3 3 0.989147
2 8 94 117 0 0 0.965507
2 8 94 118 0 1 0
2 8 94 119 0 2 0
2 8 95 117 1 0 0
2 8 95 118 1 1 0
2 8 95 119 1 2 0
2 8 96 117 2 0 0
2 8 96 118 2 1 0.985631
2 8 96 119 2 2 0
2 8 97 117 3 0 0
2 8 97 118 3 1 0
2 8 97 119 3 2 0.967388
2 9 117 131 0 0 0.995346
2 9 117 132 0 1 0
2 9 118 131 1 0 0
2 9 118 132 1 1 0.992407
2 9 119 131 2 0 0
2 9 119 132 2 1 0
2 10 94 112 0 0 0.983508
2 10 94 113 0 1 0
2 10 94 114 0 2 0
2 10 95 112 1 0 0
2 10 95 113 1 1 0
2 10 95 114 1 2 0
2 10 96 112 2 0 0
2 10 96 113 2 1 0.939416
2 10 96 114 2 2 0
2 10 97 112 3 0 0
2 10 97 113 3 1 0
2 10 97 114 3 2 0.954176
2 11 79 98 0 0 0.959056
2 11 79 99 0 1 0
2 11 79 100 0 2 0
2 11 79 101 0 3 0
2 11 79 102 0 4 0
2 11 80 98 1 0 0
2 11 80 99 1 1 0.739978
2 11 80 100 1 2 0
2 11 80 101 1 3 0
2 11 80 102 1 4 0
2 11 81 98 2 0 0
2 11 81 99 2 1 0
2 11 81 100 2 2 0.99457
2 11 81 101 2 3 0
2 11 81 102 2 4 0
2 11 82 98 3 0 0
2 11 82 99 3 1 0
2 11 82 100 3 2 0
2 11 82 101 3 3 0.988919
2 11 82 102 3 4 0
2 12 98 120 0 0 0
2 12 98 121 0 1 0.915794
2 12 98 122 0 2 0
2 12 98 123 0 3 0
2 12 98 124 0 4 0
2 12 99 120 1 0 0.737823
2 12 99 121 1 1 0
2 12 99 122 1 2 0
2 12 99 123 1 3 0
2 12 99 124 1 4 0
2 12 100 120 2 0 0
2 12 100 121 2 1 0
2 12 100 122 2 2 0.999893
2 12 100 123 2 3 0
2 12 100 124 2 4 0
2 12 101 120 3 0 0
2 12 101 121 3 1 0
2 12 101 122 3 2 0
2 12 101 123 3 3 0
2 12 101 124 3 4 0.971953
2 12 102 120 4 0 0
2 12 102 121 4 1 0
2 12 102 122 4 2 0
2 12 102 123 4 3 0.892388
2 12 102 124 4 4 0
2 13 120 133 0 0 0
2 13 120 134 0 1 0
2 13 120 135 0 2 0
2 13 121 133 1 0 0.948203
2 13 121 134 1 1 0
2 13 121 135 1 2 0
2 13 122 133 2 0 0
2 13 122 134 2 1 0.978892
2 13 122 135 2 2 0
2 13 123 133 3 0 0
2 13 123 134 3 1 0
2 13 123 135 3 2 0.893229
2 13 124 133 4 0 0
2 13 124 134 4 1 0
2 13 124 135 4 2 0
2 14 98 115 0 0 0
2 14 98 116 0 1 0
2 14 99 115 1 0 0
2 14 99 116 1 1 0
2 14 100 115 2 0 0.983352
2 14 100 116 2 1 0
2 14 101 115 3 0 0
2 14 101 116 3 1 0.831694
2 14 102 115 4 0 0
2 14 102 116 4 1 0
2 15 79 92 0 0 0.981144
2 15 79 93 0 1 0
2 15 80 92 1 0 0
2 15 80 93 1 1 0
2 15 81 92 2 0 0
2 15 81 93 2 1 0.991735
2 15 82 92 3 0 0
2 15 82 93 3 1 0
2 16 128 136 0 0 0
2 16 129 136 1 0 0
2 16 130 136 2 0 0.891799
3 0 140 137 0 0 0
3 0 140 138 0 1 0
3 0 140 139 0 2 0.927062
3 0 141 137 1 0 0
3 0 141 138 1 1 0.955025
3 0 141 139 1 2 0
3 0 142 137 2 0 0.999153
3 0 142 138 2 1 0
3 0 142 139 2 2 0
3 1 143 160 0 0 0
3 1 143 161 0 1 0
3 1 143 162 0 2 0.979212
3 1 143 163 0 3 0
3 1 143 164 0 4 0
3 1 144 160 1 0 0
3 1 144 161 1 1 0
3 1 144 162 1 2 0
3 1 144 163 1 3 0.985718
3 1 144 164 1 4 0
3 1 145 160 2 0 0.328737
3 1 145 161 2 1 0.325416
3 1 145 162 2 2 0
3 1 145 163 2 3 0
3 1 145 164 2 4 0.345847
3 2 160 180 0 0 0.500247
3 2 160 181 0 1 0
3 2 160 182 0 2 0
3 2 160 183 0 3 0
3 2 161 180 1 0 0.499753
3 2 161 181 1 1 0
3 2 161 182 1 2 0
3 2 161 183 1 3 0
3 2 162 180 2 0 0
3 2 162 181 2 1 0.989811
3 2 162 182 2 2 0
3 2 162 183 2 3 0
3 2 163 180 3 0 0
3 2 163 181 3 1 0
3 2 163 182 3 2 0.996665
3 2 163 183 3 3 0
3 2 164 180 4 0 0
3 2 164 181 4 1 0
3 2 164 182 4 2 0
3 2 164 183 4 3 0.977923
3 3 137 143 0 0 0.940089
3 3 137 144 0 1 0
3 3 137 145 0 2 0
3 3 138 143 1 0 0
3 3 138 144 1 1 0.896294
3 3 138 145 1 2 0
3 3 139 143 2 0 0
3 3 139 144 2 1 0
3 3 139 145 2 2 0.811143
3 4 137 146 0 0 0
3 4 137 147 0 1 0.945793
3 4 137 148 0 2 0
3 4 137 149 0 3 0
3 4 138 146 1 0 0
3 4 138 147 1 1 0
3 4 138 148 1 2 0.886594
3 4 138 149 1 3 0
3 4 139 146 2 0 0
3 4 139 147 2 1 0
3 4 139 148 2 2 0
3 4 139 149 2 3 0.833427
3 5 146 165 0 0 0
3 5 146 166 0 1 0.297723
3 5 146 167 0 2 0
3 5 146 168 0 3 0.269947
3 5 147 165 1 0 0.990787
3 5 147 166 1 1 0
3 5 147 167 1 2 0
3 5 147 168 1 3 0
3 5 148 165 2 0 0
3 5 148 166 2 1 0
3 5 148 167 2 2 0.985999
3 5 148 168 2 3 0
3 5 149 165 3 0 0
3 5 149 166 3 1 0.269575
3 5 149 167 3 2 0
3 5 149 168 3 3 0.297012
3 6 165 184 0 0 0.978005
3 6 165 185 0 1 0
3 6 165 186 0 2 0
3 6 165 187 0 3 0
3 6 166 184 1 0 0
3 6 166 185 1 1 0.948429
3 6 166 186 1 2 0
3 6 166 187 1 3 0
3 6 167 184 2 0 0
3 6 167 185 2 1 0
3 6 167 186 2 2 0.963833
3 6 167 187 2 3 0
3 6 168 184 3 0 0
3 6 168 185 3 1 0
3 6 168 186 3 2 0
3 6 168 187 3 3 0.972467
3 7 140 153 0 0 0.916036
3 7 140 154 0 1 0
3 7 140 155 0 2 0
3 7 141 153 1 0 0
3 7 141 154 1 1 0.914262
3 7 141 155 1 2 0
3 7 142 153 2 0 0
3 7 142 154 2 1 0
3 7 142 155 2 2 0.999956
3 8 153 174 0 0 0
3 8 153 175 0 1 0
3 8 154 174 1 0 0
3 8 154 175 1 1 0.995008
3 8 155 174 2 0 0.963833
3 8 155 175 2 1 0
3 9 174 188 0 0 0.9893
3 9 174 189 0 1 0
3 9 175 188 1 0 0
3 9 175 189 1 1 0.988196
3 10 153 169 0 0 0.686652
3 10 153 170 0 1 0
3 10 153 171 0 2 0
3 10 154 169 1 0 0
3 10 154 170 1 1 0
3 10 154 171 1 2 0.988328
3 10 155 169 2 0 0
3 10 155 170 2 1 0.96332
3 10 155 171 2 2 0
3 11 140 156 0 0 0.925685
3 11 140 157 0 1 0
3 11 140 158 0 2 0
3 11 140 159 0 3 0
3 11 141 156 1 0 0
3 11 141 157 1 1 0.915692
3 11 141 158 1 2 0
3 11 141 159 1 3 0
3 11 142 156 2 0 0
3 11 142 157 2 1 0
3 11 142 158 2 2 0
3 11 142 159 2 3 0.996893
3 12 156 176 0 0 0
3 12 156 177 0 1 0
3 12 156 178 0 2 0
3 12 156 179 0 3 0.962346
3 12 157 176 1 0 0
3 12 157 177 1 1 0
3 12 157 178 1 2 0
3 12 157 179 1 3 0
3 12 158 176 2 0 0.500706
3 12 158 177 2 1 0.499294
3 12 158 178 2 2 0
3 12 158 179 2 3 0
3 12 159 176 3 0 0
3 12 159 177 3 1 0
3 12 159 178 3 2 0.995538
3 12 159 179 3 3 0
3 13 176 190 0 0 0
3 13 176 191 0 1 0
3 13 177 190 1 0 0
3 13 177 191 1 1 0
3 13 178 190 2 0 0.997259
3 13 178 191 2 1 0
3 13 179 190 3 0 0
3 13 179 191 3 1 0.949399
3 14 156 172 0 0 0.992744
3 14 156 173 0 1 0
3 14 157 172 1 0 0
3 14 157 173 1 1 0
3 14 158 172 2 0 0
3 14 158 173 2 1 0.959184
3 14 159 172 3 0 0
3 14 159 173 3 1 0
3 15 140 150 0 0 0.688382
3 15 140 151 0 1 0
3 15 140 152 0 2 0
3 15 141 150 1 0 0
3 15 141 151 1 1 0.93939
3 15 141 152 1 2 0
3 15 142 150 2 0 0
3 15 142 151 2 1 0
3 15 142 152 2 2 0.962137
3 16 184 192 0 0 0.996534
3 16 184 193 0 1 0
3 16 184 194 0 2 0
3 16 185 192 1 0 0
3 16 185 193 1 1 0.886527
3 16 185 194 1 2 0
3 16 186 192 2 0 0
3 16 186 193 2 1 0
3 16 186 194 2 2 0
3 16 187 192 3 0 0
3 16 187 193 3 1 0
3 16 187 194 3 2 0.899044
3 17 180 195 0 0 0.733718
3 17 180 196 0 1 0
3 17 180 197 0 2 0
3 17 180 198 0 3 0
3 17 181 195 1 0 0
3 17 181 196 1 1 0.964402
3 17 181 197 1 2 0
3 17 181 198 1 3 0
3 17 182 195 2 0 0
3 17 182 196 2 1 0
3 17 182 197 2 2 0.969443
3 17 182 198 2 3 0
3 17 183 195 3 0 0
3 17 183 196 3 1 0
3 17 183 197 3 2 0
3 17 183 198 3 3 0.961469
4 0 202 199 0 0 0
4 0 202 200 0 1 0.958421
4 0 202 201 0 2 0
4 0 203 199 1 0 0
4 0 203 200 1 1 0
4 0 203 201 1 2 0.994417
4 0 204 199 2 0 0.946421
4 0 204 200 2 1 0
4 0 204 201 2 2 0
4 1 205 219 0 0 0.517386
4 1 205 220 0 1 0
4 1 205 221 0 2 0.255751
4 1 206 219 1 0 0
4 1 206 220 1 1 0.976748
4 1 206 221 1 2 0
4 1 207 219 2 0 0
4 1 207 220 2 1 0
4 1 207 221 2 2 0.515148
4 2 219 235 0 0 0.510828
4 2 219 236 0 1 0
4 2 219 237 0 2 0.252644
4 2 220 235 1 0 0
4 2 220 236 1 1 0.962061
4 2 220 237 1 2 0
4 2 221 235 2 0 0
4 2 221 236 2 1 0
4 2 221 237 2 2 0.513831
4 3 199 205 0 0 0.964316
4 3 199 206 0 1 0
4 3 199 207 0 2 0
4 3 200 205 1 0 0
4 3 200 206 1 1 0.966449
4 3 200 207 1 2 0
4 3 201 205 2 0 0
4 3 201 206 2 1 0
4 3 201 207 2 2 0.859669
4 4 199 208 0 0 0.965574
4 4 199 209 0 1 0
4 4 199 210 0 2 0
4 4 200 208 1 0 0
4 4 200 209 1 1 0.948615
4 4 200 210 1 2 0
4 4 201 208 2 0 0
4 4 201 209 2 1 0
4 4 201 210 2 2 0.867915
4 5 208 222 0 0 0.991717
4 5 208 223 0 1 0
4 5 208 224 0 2 0
4 5 209 222 1 0 0
4 5 209 223 1 1 0.982984
4 5 209 224 1 2 0
4 5 210 222 2 0 0
4 5 210 223 2 1 0
4 5 210 224 2 2 0.985375
4 6 222 238 0 0 0.993859
4 6 222 239 0 1 0
4 6 222 240 0 2 0
4 6 223 238 1 0 0
4 6 223 239 1 1 0.97721
4 6 223 240 1 2 0
4 6 224 238 2 0 0
4 6 224 239 2 1 0
4 6 224 240 2 2 0.995944
4 7 202 213 0 0 0.989041
4 7 202 214 0 1 0
4 7 202 215 0 2 0
4 7 203 213 1 0 0
4 7 203 214 1 1 0.987233
4 7 203 215 1 2 0
4 7 204 213 2 0 0
4 7 204 214 2 1 0
4 7 204 215 2 2 0.981003
4 8 213 230 0 0 0.986205
4 8 213 231 0 1 0
4 8 214 230 1 0 0
4 8 214 231 1 1 0.996208
4 8 215 230 2 0 0
4 8 215 231 2 1 0
4 9 230 241 0 0 0
4 9 230 242 0 1 0.972655
4 9 230 243 0 2 0
4 9 231 241 1 0 0
4 9 231 242 1 1 0
4 9 231 243 1 2 0.997314
4 10 213 225 0 0 0
4 10 213 226 0 1 0
4 10 214 225 1 0 0.288231
4 10 214 226 1 1 0.297664
4 10 215 225 2 0 0.298522
4 10 215 226 2 1 0.286624
4 11 202 216 0 0 0.978401
4 11 202 217 0 1 0
4 11 202 218 0 2 0
4 11 203 216 1 0 0
4 11 203 217 1 1 0
4 11 203 218 1 2 0.988378
4 11 204 216 2 0 0
4 11 204 217 2 1 0.985985
4 11 204 218 2 2 0
4 12 216 232 0 0 0
4 12 216 233 0 1 0
4 12 216 234 0 2 0
4 12 217 232 1 0 0.995049
4 12 217 233 1 1 0
4 12 217 234 1 2 0
4 12 218 232 2 0 0
4 12 218 233 2 1 0
4 12 218 234 2 2 0.959995
4 13 232 244 0 0 0.990327
4 13 232 245 0 1 0
4 13 232 246 0 2 0
4 13 233 244 1 0 0
4 13 233 245 1 1 0.928789
4 13 233 246 1 2 0
4 13 234 244 2 0 0
4 13 234 245 2 1 0
4 13 234 246 2 2 0.990127
4 14 216 227 0 0 0
4 14 216 228 0 1 0.974729
4 14 216 229 0 2 0
4 14 217 227 1 0 0
4 14 217 228 1 1 0
4 14 217 229 1 2 0.965866
4 14 218 227 2 0 0.972382
4 14 218 228 2 1 0
4 14 218 229 2 2 0
4 15 202 211 0 0 0.991082
4 15 202 212 0 1 0
4 15 203 211 1 0 0
4 15 203 212 1 1 0
4 15 204 211 2 0 0
4 15 204 212 2 1 0.944839
4 16 238 247 0 0 0.979886
4 16 238 248 0 1 0
4 16 238 249 0 2 0
4 16 239 247 1 0 0
4 16 239 248 1 1 0.942197
4 16 239 249 1 2 0
4 16 240 247 2 0 0
4 16 240 248 2 1 0
4 16 240 249 2 2 0.971611
4 17 235 250 0 0 0.786716
4 17 235 251 0 1 0
4 17 235 252 0 2 0
4 17 236 250 1 0 0
4 17 236 251 1 1 0.942702
4 17 236 252 1 2 0
4 17 237 250 2 0 0
4 17 237 251 2 1 0
4 17 237 252 2 2 0.907443
E jointIdx viewA viewB aOverAllIdx bOverallIdx score
0 0 1 0 36 -1
0 0 1 0 37 -1
0 0 1 1 36 -1
0 0 1 1 37 -1
0 0 2 0 74 -1
0 0 2 0 75 0.783947
0 0 2 0 76 -1
0 0 2 0 77 -1
0 0 2 0 78 -1
0 0 2 1 74 -1
0 0 2 1 75 -1
0 0 2 1 76 0.9912
0 0 2 1 77 -1
0 0 2 1 78 -1
0 0 3 0 137 -1
0 0 3 0 138 0.789904
0 0 3 0 139 -1
0 0 3 1 137 0.982305
0 0 3 1 138 -1
0 0 3 1 139 -1
0 0 4 0 199 -1
0 0 4 0 200 -1
0 0 4 0 201 0.700236
0 0 4 1 199 -1
0 0 4 1 200 -1
0 0 4 1 201 -1
0 1 2 36 74 -1
0 1 2 36 75 -1
0 1 2 36 76 -1
0 1 2 36 77 -1
0 1 2 36 78 0.702369
0 1 2 37 74 -1
0 1 2 37 75 -1
0 1 2 37 76 -1
0 1 2 37 77 0.887904
0 1 2 37 78 -1
0 1 3 36 137 -1
0 1 3 36 138 -1
0 1 3 36 139 0.505169
0 1 3 37 137 -1
0 1 3 37 138 -1
0 1 3 37 139 0.494831
0 1 4 36 199 -1
0 1 4 36 200 0.867396
0 1 4 36 201 -1
0 1 4 37 199 0.613921
0 1 4 37 200 -1
0 1 4 37 201 -1
0 2 3 74 137 -1
0 2 3 74 138 -1
0 2 3 74 139 -1
0 2 3 75 137 -1
0 2 3 75 138 0.524616
0 2 3 75 139 -1
0 2 3 76 137 0.998501
0 2 3 76 138 -1
0 2 3 76 139 -1
0 2 3 77 137 -1
0 2 3 77 138 -1
0 2 3 77 139 0.460665
0 2 3 78 137 -1
0 2 3 78 138 -1
0 2 3 78 139 0.600366
0 2 4 74 199 -1
0 2 4 74 200 -1
0 2 4 74 201 -1
0 2 4 75 199 0.792801
0 2 4 75 200 -1
0 2 4 75 201 0.804005
0 2 4 76 199 0.35353
0 2 4 76 200 -1
0 2 4 76 201 0.802263
0 2 4 77 199 0.622357
0 2 4 77 200 -1
0 2 4 77 201 -1
0 2 4 78 199 -1
0 2 4 78 200 0.653126
0 2 4 78 201 -1
0 3 4 137 199 0.5865
0 3 4 137 200 0.290062
0 3 4 137 201 -1
0 3 4 138 199 -1
0 3 4 138 200 0.413694
0 3 4 138 201 0.940987
0 3 4 139 199 0.260628
0 3 4 139 200 0.296244
0 3 4 139 201 -1
1 0 1 2 38 -1
1 0 1 2 39 -1
1 0 1 2 40 0.714975
1 0 1 3 38 -1
1 0 1 3 39 -1
1 0 1 3 40 0.285025
1 0 2 2 79 -1
1 0 2 2 80 -1
1 0 2 2 81 0.890072
1 0 2 2 82 -1
1 0 2 3 79 0.843285
1 0 2 3 80 0.743558
1 0 2 3 81 -1
1 0 2 3 82 -1
1 0 3 2 140 -1
1 0 3 2 141 0.404822
1 0 3 2 142 0.544425
1 0 3 3 140 -1
1 0 3 3 141 0.595178
1 0 3 3 142 0.455575
1 0 4 2 202 0.250695
1 0 4 2 203 0.189667
1 0 4 2 204 0.254981
1 0 4 3 202 0.206102
1 0 4 3 203 0.266881
1 0 4 3 204 0.201834
1 1 2 38 79 -1
1 1 2 38 80 -1
1 1 2 38 81 -1
1 1 2 38 82 0.716054
1 1 2 39 79 0.737969
1 1 2 39 80 -1
1 1 2 39 81 0.469709
1 1 2 39 82 -1
1 1 2 40 79 0.409994
1 1 2 40 80 -1
1 1 2 40 81 0.897487
1 1 2 40 82 -1
1 1 3 38 140 0.478165
1 1 3 38 141 -1
1 1 3 38 142 -1
1 1 3 39 140 0.461296
1 1 3 39 141 -1
1 1 3 39 142 -1
1 1 3 40 140 0.0516612
1 1 3 40 141 0.337296
1 1 3 40 142 0.577618
1 1 4 38 202 0.668254
1 1 4 38 203 -1
1 1 4 38 204 -1
1 1 4 39 202 -1
1 1 4 39 203 -1
1 1 4 39 204 0.774154
1 1 4 40 202 -1
1 1 4 40 203 0.372394
1 1 4 40 204 -1
1 2 3 79 140 -1
1 2 3 79 141 0.831115
1 2 3 79 142 -1
1 2 3 80 140 -1
1 2 3 80 141 -1
1 2 3 80 142 0.430031
1 2 3 81 140 -1
1 2 3 81 141 -1
1 2 3 81 142 0.946761
1 2 3 82 140 0.987412
1 2 3 82 141 -1
1 2 3 82 142 -1
1 2 4 79 202 -1
1 2 4 79 203 0.910643
1 2 4 79 204 -1
1 2 4 80 202 -1
1 2 4 80 203 -1
1 2 4 80 204 -1
1 2 4 81 202 -1
1 2 4 81 203 0.176493
1 2 4 81 204 -1
1 2 4 82 202 0.93856
1 2 4 82 203 -1
1 2 4 82 204 -1
1 3 4 140 202 0.148368
1 3 4 140 203 0.138553
1 3 4 140 204 0.114383
1 3 4 141 202 0.132338
1 3 4 141 203 0.141929
1 3 4 141 204 0.129076
1 3 4 142 202 0.123811
1 3 4 142 203 0.121879
1 3 4 142 204 0.159251
2 0 1 4 41 -1
2 0 1 4 42 -1
2 0 1 5 41 -1
2 0 1 5 42 -1
2 0 2 4 83 -1
2 0 2 4 84 0.84928
2 0 2 4 85 -1
2 0 2 4 86 -1
2 0 2 5 83 -1
2 0 2 5 84 -1
2 0 2 5 85 0.844122
2 0 2 5 86 -1
2 0 3 4 143 -1
2 0 3 4 144 0.760805
2 0 3 4 145 -1
2 0 3 5 143 0.950202
2 0 3 5 144 -1
2 0 3 5 145 -1
2 0 4 4 205 -1
2 0 4 4 206 -1
2 0 4 4 207 0.610736
2 0 4 5 205 -1
2 0 4 5 206 -1
2 0 4 5 207 0.389264
2 1 2 41 83 -1
2 1 2 41 84 -1
2 1 2 41 85 -1
2 1 2 41 86 0.704884
2 1 2 42 83 -1
2 1 2 42 84 -1
2 1 2 42 85 -1
2 1 2 42 86 -1
2 1 3 41 143 -1
2 1 3 41 144 -1
2 1 3 41 145 0.535433
2 1 3 42 143 -1
2 1 3 42 144 -1
2 1 3 42 145 0.464567
2 1 4 41 205 -1
2 1 4 41 206 0.725554
2 1 4 41 207 -1
2 1 4 42 205 0.592124
2 1 4 42 206 -1
2 1 4 42 207 -1
2 2 3 83 143 -1
2 2 3 83 144 -1
2 2 3 83 145 -1
2 2 3 84 143 -1
2 2 3 84 144 0.890243
2 2 3 84 145 -1
2 2 3 85 143 0.868986
2 2 3 85 144 -1
2 2 3 85 145 -1
2 2 3 86 143 -1
2 2 3 86 144 -1
2 2 3 86 145 0.802928
2 2 4 83 205 -1
2 2 4 83 206 -1
2 2 4 83 207 -1
2 2 4 84 205 0.797839
2 2 4 84 206 -1
2 2 4 84 207 0.903454
2 2 4 85 205 0.840341
2 2 4 85 206 -1
2 2 4 85 207 0.413873
2 2 4 86 205 -1
2 2 4 86 206 0.594179
2 2 4 86 207 -1
2 3 4 143 205 0.449922
2 3 4 143 206 0.379793
2 3 4 143 207 -1
2 3 4 144 205 -1
2 3 4 144 206 0.392727
2 3 4 144 207 0.974292
2 3 4 145 205 0.437204
2 3 4 145 206 0.22748
2 3 4 145 207 -1
3 0 1 6 43 -1
3 0 1 6 44 -1
3 0 1 7 43 -1
3 0 1 7 44 -1
3 0 2 6 87 -1
3 0 2 6 88 0.451936
3 0 2 6 89 -1
3 0 2 6 90 -1
3 0 2 6 91 -1
3 0 2 7 87 -1
3 0 2 7 88 -1
3 0 2 7 89 0.924758
3 0 2 7 90 -1
3 0 2 7 91 -1
3 0 3 6 146 -1
3 0 3 6 147 -1
3 0 3 6 148 0.945715
3 0 3 6 149 -1
3 0 3 7 146 -1
3 0 3 7 147 0.803398
3 0 3 7 148 -1
3 0 3 7 149 -1
3 0 4 6 208 -1
3 0 4 6 209 -1
3 0 4 6 210 0.700144
3 0 4 7 208 -1
3 0 4 7 209 -1
3 0 4 7 210 -1
3 1 2 43 87 -1
3 1 2 43 88 -1
3 1 2 43 89 -1
3 1 2 43 90 -1
3 1 2 43 91 0.73283
3 1 2 44 87 -1
3 1 2 44 88 -1
3 1 2 44 89 -1
3 1 2 44 90 0.893031
3 1 2 44 91 -1
3 1 3 43 146 0.27802
3 1 3 43 147 -1
3 1 3 43 148 -1
3 1 3 43 149 0.386312
3 1 3 44 146 0.621386
3 1 3 44 147 -1
3 1 3 44 148 -1
3 1 3 44 149 0.613688
3 1 4 43 208 -1
3 1 4 43 209 0.94506
3 1 4 43 210 -1
3 1 4 44 208 0.585152
3 1 4 44 209 -1
3 1 4 44 210 -1
3 2 3 87 146 -1
3 2 3 87 147 -1
3 2 3 87 148 -1
3 2 3 87 149 -1
3 2 3 88 146 -1
3 2 3 88 147 -1
3 2 3 88 148 0.348215
3 2 3 88 149 -1
3 2 3 89 146 -1
3 2 3 89 147 0.72469
3 2 3 89 148 -1
3 2 3 89 149 -1
3 2 3 90 146 0.836408
3 2 3 90 147 -1
3 2 3 90 148 -1
3 2 3 90 149 0.141284
3 2 3 91 146 0.841708
3 2 3 91 147 -1
3 2 3 91 148 -1
3 2 3 91 149 0.411686
3 2 4 87 208 -1
3 2 4 87 209 -1
3 2 4 87 210 -1
3 2 4 88 208 0.379002
3 2 4 88 209 -1
3 2 4 88 210 0.54469
3 2 4 89 208 -1
3 2 4 89 209 -1
3 2 4 89 210 0.991847
3 2 4 90 208 0.756155
3 2 4 90 209 -1
3 2 4 90 210 -1
3 2 4 91 208 -1
3 2 4 91 209 0.976554
3 2 4 91 210 -1
3 3 4 146 208 0.725827
3 3 4 146 209 -1
3 3 4 146 210 -1
3 3 4 147 208 0.731152
3 3 4 147 209 0.297154
3 3 4 147 210 -1
3 3 4 148 208 -1
3 3 4 148 209 0.898933
3 3 4 148 210 0.828453
3 3 4 149 208 0.235208
3 3 4 149 209 0.451261
3 3 4 149 210 -1
4 0 1 8 45 -1
4 0 1 8 46 0.477558
4 0 1 9 45 0.312658
4 0 1 9 46 0.381395
4 0 2 8 92 0.982799
4 0 2 8 93 -1
4 0 2 9 92 -1
4 0 2 9 93 0.999555
4 0 3 8 150 -1
4 0 3 8 151 0.949654
4 0 3 8 152 0.0889053
4 0 3 9 150 -1
4 0 3 9 151 -1
4 0 3 9 152 0.911095
4 0 4 8 211 -1
4 0 4 8 212 -1
4 0 4 9 211 0.337931
4 0 4 9 212 0.638011
4 1 2 45 92 -1
4 1 2 45 93 -1
4 1 2 46 92 0.343656
4 1 2 46 93 0.656344
4 1 3 45 150 0.987094
4 1 3 45 151 -1
4 1 3 45 152 -1
4 1 3 46 150 -1
4 1 3 46 151 0.771087
4 1 3 46 152 0.988112
4 1 4 45 211 0.931086
4 1 4 45 212 -1
4 1 4 46 211 -1
4 1 4 46 212 0.0868877
4 2 3 92 150 -1
4 2 3 92 151 0.974806
4 2 3 92 152 -1
4 2 3 93 150 -1
4 2 3 93 151 -1
4 2 3 93 152 0.967877
4 2 4 92 211 -1
4 2 4 92 212 -1
4 2 4 93 211 -1
4 2 4 93 212 0.371496
4 3 4 150 211 0.235136
4 3 4 150 212 0.274718
4 3 4 151 211 0.354454
4 3 4 151 212 0.145098
4 3 4 152 211 0.189021
4 3 4 152 212 0.324814
5 0 1 10 47 -1
5 0 1 10 48 -1
5 0 1 11 47 -1
5 0 1 11 48 -1
5 0 2 10 94 -1
5 0 2 10 95 -1
5 0 2 10 96 0.721326
5 0 2 10 97 -1
5 0 2 11 94 0.979257
5 0 2 11 95 0.488231
5 0 2 11 96 -1
5 0 2 11 97 -1
5 0 3 10 153 -1
5 0 3 10 154 0.441875
5 0 3 10 155 0.490773
5 0 3 11 153 -1
5 0 3 11 154 0.558125
5 0 3 11 155 0.509227
5 0 4 10 213 0.234251
5 0 4 10 214 0.190736
5 0 4 10 215 0.230711
5 0 4 11 213 0.196757
5 0 4 11 214 0.244774
5 0 4 11 215 0.200663
5 1 2 47 94 -1
5 1 2 47 95 -1
5 1 2 47 96 -1
5 1 2 47 97 0.958837
5 1 2 48 94 0.514693
5 1 2 48 95 -1
5 1 2 48 96 0.890766
5 1 2 48 97 -1
5 1 3 47 153 0.711392
5 1 3 47 154 -1
5 1 3 47 155 -1
5 1 3 48 153 0.288608
5 1 3 48 154 -1
5 1 3 48 155 -1
5 1 4 47 213 0.773005
5 1 4 47 214 -1
5 1 4 47 215 -1
5 1 4 48 213 -1
5 1 4 48 214 -1
5 1 4 48 215 0.607774
5 2 3 94 153 -1
5 2 3 94 154 0.95783
5 2 3 94 155 -1
5 2 3 95 153 -1
5 2 3 95 154 -1
5 2 3 95 155 0.818919
5 2 3 96 153 -1
5 2 3 96 154 -1
5 2 3 96 155 0.920598
5 2 3 97 153 0.96559
5 2 3 97 154 -1
5 2 3 97 155 -1
5 2 4 94 213 -1
5 2 4 94 214 0.902347
5 2 4 94 215 0.179449
5 2 4 95 213 -1
5 2 4 95 214 -1
5 2 4 95 215 -1
5 2 4 96 213 -1
5 2 4 96 214 0.631686
5 2 4 96 215 0.407102
5 2 4 97 213 0.915636
5 2 4 97 214 -1
5 2 4 97 215 -1
5 3 4 153 213 0.160004
5 3 4 153 214 0.149308
5 3 4 153 215 0.111167
5 3 4 154 213 0.135716
5 3 4 154 214 0.147233
5 3 4 154 215 0.141046
5 3 4 155 213 0.132828
5 3 4 155 214 0.127217
5 3 4 155 215 0.16503
6 0 1 12 49 -1
6 0 1 12 50 0.00463724
6 0 1 12 51 0.831752
6 0 1 13 49 -1
6 0 1 13 50 -1
6 0 1 13 51 0.168248
6 0 2 12 98 -1
6 0 2 12 99 -1
6 0 2 12 100 0.854405
6 0 2 12 101 -1
6 0 2 12 102 -1
6 0 2 13 98 0.932242
6 0 2 13 99 0.849809
6 0 2 13 100 -1
6 0 2 13 101 -1
6 0 2 13 102 -1
6 0 3 12 156 -1
6 0 3 12 157 0.401048
6 0 3 12 158 -1
6 0 3 12 159 0.573051
6 0 3 13 156 -1
6 0 3 13 157 0.598952
6 0 3 13 158 -1
6 0 3 13 159 0.426949
6 0 4 12 216 0.264678
6 0 4 12 217 0.280208
6 0 4 12 218 0.209997
6 0 4 13 216 0.241054
6 0 4 13 217 0.228104
6 0 4 13 218 0.286656
6 1 2 49 98 -1
6 1 2 49 99 -1
6 1 2 49 100 -1
6 1 2 49 101 0.476068
6 1 2 49 102 -1
6 1 2 50 98 0.0208758
6 1 2 50 99 -1
6 1 2 50 100 -1
6 1 2 50 101 -1
6 1 2 50 102 0.877432
6 1 2 51 98 0.423388
6 1 2 51 99 -1
6 1 2 51 100 0.850065
6 1 2 51 101 -1
6 1 2 51 102 -1
6 1 3 49 156 0.371403
6 1 3 49 157 -1
6 1 3 49 158 0.264628
6 1 3 49 159 -1
6 1 3 50 156 0.549044
6 1 3 50 157 -1
6 1 3 50 158 0.406819
6 1 3 50 159 -1
6 1 3 51 156 0.0395125
6 1 3 51 157 0.247604
6 1 3 51 158 0.163186
6 1 3 51 159 0.382002
6 1 4 49 216 0.610494
6 1 4 49 217 -1
6 1 4 49 218 -1
6 1 4 50 216 -1
6 1 4 50 217 0.954524
6 1 4 50 218 -1
6 1 4 51 216 -1
6 1 4 51 217 -1
6 1 4 51 218 0.389911
6 2 3 98 156 -1
6 2 3 98 157 0.599625
6 2 3 98 158 -1
6 2 3 98 159 -1
6 2 3 99 156 -1
6 2 3 99 157 -1
6 2 3 99 158 -1
6 2 3 99 159 -1
6 2 3 100 156 -1
6 2 3 100 157 -1
6 2 3 100 158 -1
6 2 3 100 159 0.937468
6 2 3 101 156 0.897161
6 2 3 101 157 -1
6 2 3 101 158 -1
6 2 3 101 159 -1
6 2 3 102 156 -1
6 2 3 102 157 -1
6 2 3 102 158 0.373821
6 2 3 102 159 -1
6 2 4 98 216 -1
6 2 4 98 217 -1
6 2 4 98 218 0.821034
6 2 4 99 216 -1
6 2 4 99 217 -1
6 2 4 99 218 0.362449
6 2 4 100 216 -1
6 2 4 100 217 -1
6 2 4 100 218 -1
6 2 4 101 216 0.639314
6 2 4 101 217 -1
6 2 4 101 218 -1
6 2 4 102 216 -1
6 2 4 102 217 0.963454
6 2 4 102 218 -1
6 3 4 156 216 0.124113
6 3 4 156 217 0.0832991
6 3 4 156 218 0.137505
6 3 4 157 216 0.11446
6 3 4 157 217 0.0950644
6 3 4 157 218 0.135744
6 3 4 158 216 0.116119
6 3 4 158 217 0.164409
6 3 4 158 218 0.0499745
6 3 4 159 216 0.100263
6 3 4 159 217 0.135165
6 3 4 159 218 0.105656
7 0 1 14 52 0.300496
7 0 1 14 53 -1
7 0 1 15 52 -1
7 0 1 15 53 -1
7 0 2 14 103 -1
7 0 2 14 104 0.549869
7 0 2 14 105 -1
7 0 2 14 106 -1
7 0 2 15 103 -1
7 0 2 15 104 -1
7 0 2 15 105 0.88816
7 0 2 15 106 -1
7 0 3 14 160 -1
7 0 3 14 161 -1
7 0 3 14 162 -1
7 0 3 14 163 0.667421
7 0 3 14 164 -1
7 0 3 15 160 -1
7 0 3 15 161 -1
7 0 3 15 162 0.893643
7 0 3 15 163 -1
7 0 3 15 164 -1
7 0 4 14 219 -1
7 0 4 14 220 -1
7 0 4 14 221 0.94024
7 0 4 15 219 -1
7 0 4 15 220 -1
7 0 4 15 221 -1
7 1 2 52 103 -1
7 1 2 52 104 -1
7 1 2 52 105 -1
7 1 2 52 106 0.656322
7 1 2 53 103 -1
7 1 2 53 104 -1
7 1 2 53 105 -1
7 1 2 53 106 -1
7 1 3 52 160 0.979889
7 1 3 52 161 0.823813
7 1 3 52 162 -1
7 1 3 52 163 -1
7 1 3 52 164 0.296664
7 1 3 53 160 0.0031032
7 1 3 53 161 0.162655
7 1 3 53 162 -1
7 1 3 53 163 -1
7 1 3 53 164 -1
7 1 4 52 219 -1
7 1 4 52 220 0.864966
7 1 4 52 221 -1
7 1 4 53 219 0.943997
7 1 4 53 220 -1
7 1 4 53 221 0.839903
7 2 3 103 160 -1
7 2 3 103 161 -1
7 2 3 103 162 -1
7 2 3 103 163 -1
7 2 3 103 164 -1
7 2 3 104 160 -1
7 2 3 104 161 -1
7 2 3 104 162 -1
7 2 3 104 163 0.892731
7 2 3 104 164 -1
7 2 3 105 160 -1
7 2 3 105 161 -1
7 2 3 105 162 0.943276
7 2 3 105 163 -1
7 2 3 105 164 -1
7 2 3 106 160 0.35622
7 2 3 106 161 0.594441
7 2 3 106 162 -1
7 2 3 106 163 -1
7 2 3 106 164 0.737349
7 2 4 103 219 -1
7 2 4 103 220 -1
7 2 4 103 221 -1
7 2 4 104 219 -1
7 2 4 104 220 -1
7 2 4 104 221 0.43987
7 2 4 105 219 0.259034
7 2 4 105 220 -1
7 2 4 105 221 -1
7 2 4 106 219 -1
7 2 4 106 220 0.877283
7 2 4 106 221 -1
7 3 4 160 219 0.99185
7 3 4 160 220 -1
7 3 4 160 221 -1
7 3 4 161 219 0.873741
7 3 4 161 220 -1
7 3 4 161 221 -1
7 3 4 162 219 -1
7 3 4 162 220 0.670748
7 3 4 162 221 -1
7 3 4 163 219 -1
7 3 4 163 220 0.157146
7 3 4 163 221 0.598041
7 3 4 164 219 -1
7 3 4 164 220 0.544703
7 3 4 164 221 -1
8 0 1 16 54 -1
8 0 1 16 55 -1
8 0 1 17 54 -1
8 0 1 17 55 -1
8 0 2 16 107 -1
8 0 2 16 108 0.622239
8 0 2 16 109 -1
8 0 2 16 110 -1
8 0 2 16 111 -1
8 0 2 17 107 -1
8 0 2 17 108 -1
8 0 2 17 109 0.995529
8 0 2 17 110 -1
8 0 2 17 111 -1
8 0 3 16 165 -1
8 0 3 16 166 -1
8 0 3 16 167 0.958682
8 0 3 16 168 -1
8 0 3 17 165 0.655092
8 0 3 17 166 -1
8 0 3 17 167 -1
8 0 3 17 168 -1
8 0 4 16 222 -1
8 0 4 16 223 -1
8 0 4 16 224 0.903368
8 0 4 17 222 -1
8 0 4 17 223 -1
8 0 4 17 224 -1
8 1 2 54 107 -1
8 1 2 54 108 -1
8 1 2 54 109 -1
8 1 2 54 110 0.420415
8 1 2 54 111 -1
8 1 2 55 107 -1
8 1 2 55 108 -1
8 1 2 55 109 -1
8 1 2 55 110 -1
8 1 2 55 111 0.982913
8 1 3 54 165 -1
8 1 3 54 166 -1
8 1 3 54 167 -1
8 1 3 54 168 0.984774
8 1 3 55 165 -1
8 1 3 55 166 0.969612
8 1 3 55 167 -1
8 1 3 55 168 -1
8 1 4 54 222 -1
8 1 4 54 223 0.893184
8 1 4 54 224 -1
8 1 4 55 222 0.892524
8 1 4 55 223 -1
8 1 4 55 224 -1
8 2 3 107 165 -1
8 2 3 107 166 -1
8 2 3 107 167 -1
8 2 3 107 168 -1
8 2 3 108 165 -1
8 2 3 108 166 -1
8 2 3 108 167 0.544609
8 2 3 108 168 -1
8 2 3 109 165 0.622626
8 2 3 109 166 -1
8 2 3 109 167 -1
8 2 3 109 168 -1
8 2 3 110 165 -1
8 2 3 110 166 0.809999
8 2 3 110 167 -1
8 2 3 110 168 0.372739
8 2 3 111 165 -1
8 2 3 111 166 0.977545
8 2 3 111 167 -1
8 2 3 111 168 0.349439
8 2 4 107 222 -1
8 2 4 107 223 -1
8 2 4 107 224 -1
8 2 4 108 222 0.727587
8 2 4 108 223 -1
8 2 4 108 224 0.897847
8 2 4 109 222 -1
8 2 4 109 223 -1
8 2 4 109 224 -1
8 2 4 110 222 -1
8 2 4 110 223 0.601456
8 2 4 110 224 -1
8 2 4 111 222 0.803338
8 2 4 111 223 -1
8 2 4 111 224 0.851256
8 3 4 165 222 0.19888
8 3 4 165 223 -1
8 3 4 165 224 -1
8 3 4 166 222 0.838046
8 3 4 166 223 -1
8 3 4 166 224 -1
8 3 4 167 222 -1
8 3 4 167 223 0.642446
8 3 4 167 224 0.846885
8 3 4 168 222 -1
8 3 4 168 223 0.838264
8 3 4 168 224 -1
9 1 2 56 112 -1
9 1 2 56 113 -1
9 1 2 56 114 -1
9 1 2 57 112 -1
9 1 2 57 113 -1
9 1 2 57 114 0.892138
9 1 3 56 169 0.157588
9 1 3 56 170 -1
9 1 3 56 171 -1
9 1 3 57 169 0.833156
9 1 3 57 170 -1
9 1 3 57 171 -1
9 1 4 56 225 -1
9 1 4 56 226 -1
9 1 4 57 225 -1
9 1 4 57 226 -1
9 2 3 112 169 -1
9 2 3 112 170 -1
9 2 3 112 171 0.841495
9 2 3 113 169 -1
9 2 3 113 170 0.979393
9 2 3 113 171 -1
9 2 3 114 169 0.945517
9 2 3 114 170 -1
9 2 3 114 171 -1
9 2 4 112 225 0.884948
9 2 4 112 226 -1
9 2 4 113 225 -1
9 2 4 113 226 0.96602
9 2 4 114 225 -1
9 2 4 114 226 -1
9 3 4 169 225 0.406926
9 3 4 169 226 0.0174969
9 3 4 170 225 0.119987
9 3 4 170 226 0.478977
9 3 4 171 225 0.288807
9 3 4 171 226 0.234209
10 0 1 18 58 -1
10 0 1 18 59 0.692864
10 0 1 19 58 -1
10 0 1 19 59 0.307136
10 0 2 18 115 0.959337
10 0 2 18 116 -1
10 0 2 19 115 -1
10 0 2 19 116 -1
10 0 3 18 172 -1
10 0 3 18 173 -1
10 0 3 19 172 -1
10 0 3 19 173 -1
10 0 4 18 227 -1
10 0 4 18 228 -1
10 0 4 18 229 0.220454
10 0 4 19 227 0.933453
10 0 4 19 228 -1
10 0 4 19 229 -1
10 1 2 58 115 0.493711
10 1 2 58 116 -1
10 1 2 59 115 0.506289
10 1 2 59 116 -1
10 1 3 58 172 0.558342
10 1 3 58 173 0.441658
10 1 3 59 172 -1
10 1 3 59 173 -1
10 1 4 58 227 -1
10 1 4 58 228 -1
10 1 4 58 229 0.802417
10 1 4 59 227 0.0968063
10 1 4 59 228 -1
10 1 4 59 229 -1
10 2 3 115 172 -1
10 2 3 115 173 -1
10 2 3 116 172 0.782627
10 2 3 116 173 -1
10 2 4 115 227 -1
10 2 4 115 228 -1
10 2 4 115 229 -1
10 2 4 116 227 -1
10 2 4 116 228 0.812075
10 2 4 116 229 -1
10 3 4 172 227 0.49029
10 3 4 172 228 0.440905
10 3 4 172 229 0.00675587
10 3 4 173 227 -1
10 3 4 173 228 0.12794
10 3 4 173 229 0.908686
11 0 1 20 60 -1
11 0 1 20 61 0.436004
11 0 1 21 60 -1
11 0 1 21 61 0.563996
11 0 2 20 117 0.758027
11 0 2 20 118 -1
11 0 2 20 119 -1
11 0 2 21 117 -1
11 0 2 21 118 0.897557
11 0 2 21 119 -1
11 0 3 20 174 0.2615
11 0 3 20 175 0.609841
11 0 3 21 174 0.563373
11 0 3 21 175 0.166727
11 0 4 20 230 -1
11 0 4 20 231 0.479756
11 0 4 21 230 -1
11 0 4 21 231 0.520244
11 1 2 60 117 -1
11 1 2 60 118 -1
11 1 2 60 119 0.796731
11 1 2 61 117 0.19948
11 1 2 61 118 0.917486
11 1 2 61 119 -1
11 1 3 60 174 0.360406
11 1 3 60 175 0.354637
11 1 3 61 174 0.355881
11 1 3 61 175 0.359679
11 1 4 60 230 0.938918
11 1 4 60 231 -1
11 1 4 61 230 -1
11 1 4 61 231 0.134868
11 2 3 117 174 -1
11 2 3 117 175 0.982272
11 2 3 118 174 0.863379
11 2 3 118 175 -1
11 2 3 119 174 -1
11 2 3 119 175 -1
11 2 4 117 230 -1
11 2 4 117 231 0.880998
11 2 4 118 230 -1
11 2 4 118 231 0.0635235
11 2 4 119 230 0.81341
11 2 4 119 231 -1
11 3 4 174 230 0.414823
11 3 4 174 231 0.287874
11 3 4 175 230 0.28748
11 3 4 175 231 0.399999
12 0 1 22 62 -1
12 0 1 22 63 0.412473
12 0 1 23 62 -1
12 0 1 23 63 0.587527
12 0 2 22 120 0.573133
12 0 2 22 121 0.39998
12 0 2 22 122 -1
12 0 2 22 123 -1
12 0 2 22 124 -1
12 0 2 23 120 -1
12 0 2 23 121 -1
12 0 2 23 122 0.932756
12 0 2 23 123 -1
12 0 2 23 124 -1
12 0 3 22 176 -1
12 0 3 22 177 -1
12 0 3 22 178 -1
12 0 3 22 179 -1
12 0 3 23 176 -1
12 0 3 23 177 -1
12 0 3 23 178 0.902411
12 0 3 23 179 -1
12 0 4 22 232 -1
12 0 4 22 233 -1
12 0 4 22 234 0.982708
12 0 4 23 232 -1
12 0 4 23 233 -1
12 0 4 23 234 -1
12 1 2 62 120 -1
12 1 2 62 121 -1
12 1 2 62 122 -1
12 1 2 62 123 -1
12 1 2 62 124 0.327881
12 1 2 63 120 -1
12 1 2 63 121 0.611982
12 1 2 63 122 0.888126
12 1 2 63 123 -1
12 1 2 63 124 -1
12 1 3 62 176 0.168449
12 1 3 62 177 0.163914
12 1 3 62 178 0.111875
12 1 3 62 179 0.26427
12 1 3 63 176 0.177514
12 1 3 63 177 0.182448
12 1 3 63 178 0.239077
12 1 3 63 179 0.0732422
12 1 4 62 232 0.738501
12 1 4 62 233 0.394345
12 1 4 62 234 -1
12 1 4 63 232 0.261499
12 1 4 63 233 -1
12 1 4 63 234 0.761895
12 2 3 120 176 -1
12 2 3 120 177 -1
12 2 3 120 178 -1
12 2 3 120 179 -1
12 2 3 121 176 -1
12 2 3 121 177 -1
12 2 3 121 178 -1
12 2 3 121 179 -1
12 2 3 122 176 -1
12 2 3 122 177 -1
12 2 3 122 178 0.838653
12 2 3 122 179 -1
12 2 3 123 176 -1
12 2 3 123 177 -1
12 2 3 123 178 -1
12 2 3 123 179 0.650052
12 2 3 124 176 0.0960821
12 2 3 124 177 0.259078
12 2 3 124 178 -1
12 2 3 124 179 0.73897
12 2 4 120 232 -1
12 2 4 120 233 -1
12 2 4 120 234 -1
12 2 4 121 232 -1
12 2 4 121 233 -1
12 2 4 121 234 0.437027
12 2 4 122 232 -1
12 2 4 122 233 -1
12 2 4 122 234 -1
12 2 4 123 232 0.922103
12 2 4 123 233 -1
12 2 4 123 234 -1
12 2 4 124 232 -1
12 2 4 124 233 0.610315
12 2 4 124 234 -1
12 3 4 176 232 0.359661
12 3 4 176 233 -1
12 3 4 176 234 -1
12 3 4 177 232 0.359132
12 3 4 177 233 -1
12 3 4 177 234 -1
12 3 4 178 232 0.22862
12 3 4 178 233 0.221338
12 3 4 178 234 0.382277
12 3 4 179 232 0.00203202
12 3 4 179 233 0.327314
12 3 4 179 234 0.669163
13 0 1 24 64 -1
13 0 1 24 65 -1
13 0 1 25 64 0.0983357
13 0 1 25 65 -1
13 0 2 24 125 -1
13 0 2 24 126 0.992666
13 0 2 24 127 -1
13 0 2 25 125 -1
13 0 2 25 126 -1
13 0 2 25 127 0.227536
13 0 3 24 180 -1
13 0 3 24 181 -1
13 0 3 24 182 0.987464
13 0 3 24 183 -1
13 0 3 25 180 -1
13 0 3 25 181 0.53625
13 0 3 25 182 -1
13 0 3 25 183 -1
13 0 4 24 235 -1
13 0 4 24 236 -1
13 0 4 24 237 0.943179
13 0 4 25 235 -1
13 0 4 25 236 -1
13 0 4 25 237 -1
13 1 2 64 125 -1
13 1 2 64 126 -1
13 1 2 64 127 -1
13 1 2 65 125 -1
13 1 2 65 126 -1
13 1 2 65 127 -1
13 1 3 64 180 0.778605
13 1 3 64 181 -1
13 1 3 64 182 -1
13 1 3 64 183 0.768162
13 1 3 65 180 -1
13 1 3 65 181 -1
13 1 3 65 182 -1
13 1 3 65 183 -1
13 1 4 64 235 -1
13 1 4 64 236 0.949393
13 1 4 64 237 -1
13 1 4 65 235 0.853617
13 1 4 65 236 -1
13 1 4 65 237 -1
13 2 3 125 180 -1
13 2 3 125 181 -1
13 2 3 125 182 -1
13 2 3 125 183 -1
13 2 3 126 180 -1
13 2 3 126 181 -1
13 2 3 126 182 0.998124
13 2 3 126 183 -1
13 2 3 127 180 -1
13 2 3 127 181 0.663838
13 2 3 127 182 -1
13 2 3 127 183 -1
13 2 4 125 235 -1
13 2 4 125 236 -1
13 2 4 125 237 -1
13 2 4 126 235 -1
13 2 4 126 236 -1
13 2 4 126 237 0.677936
13 2 4 127 235 -1
13 2 4 127 236 -1
13 2 4 127 237 -1
13 3 4 180 235 0.716606
13 3 4 180 236 -1
13 3 4 180 237 -1
13 3 4 181 235 -1
13 3 4 181 236 0.517684
13 3 4 181 237 -1
13 3 4 182 235 -1
13 3 4 182 236 -1
13 3 4 182 237 0.878048
13 3 4 183 235 -1
13 3 4 183 236 0.943214
13 3 4 183 237 -1
14 0 1 26 66 0.874883
14 0 1 26 67 -1
14 0 1 27 66 -1
14 0 1 27 67 -1
14 0 2 26 128 -1
14 0 2 26 129 0.169521
14 0 2 26 130 -1
14 0 2 27 128 -1
14 0 2 27 129 -1
14 0 2 27 130 0.392388
14 0 3 26 184 -1
14 0 3 26 185 -1
14 0 3 26 186 0.921651
14 0 3 26 187 -1
14 0 3 27 184 0.703046
14 0 3 27 185 -1
14 0 3 27 186 -1
14 0 3 27 187 -1
14 0 4 26 238 -1
14 0 4 26 239 -1
14 0 4 26 240 0.907618
14 0 4 27 238 -1
14 0 4 27 239 -1
14 0 4 27 240 -1
14 1 2 66 128 -1
14 1 2 66 129 -1
14 1 2 66 130 -1
14 1 2 67 128 -1
14 1 2 67 129 -1
14 1 2 67 130 -1
14 1 3 66 184 -1
14 1 3 66 185 -1
14 1 3 66 186 -1
14 1 3 66 187 0.732691
14 1 3 67 184 -1
14 1 3 67 185 0.44195
14 1 3 67 186 -1
14 1 3 67 187 -1
14 1 4 66 238 -1
14 1 4 66 239 0.88859
14 1 4 66 240 -1
14 1 4 67 238 0.82171
14 1 4 67 239 -1
14 1 4 67 240 -1
14 2 3 128 184 -1
14 2 3 128 185 -1
14 2 3 128 186 -1
14 2 3 128 187 -1
14 2 3 129 184 -1
14 2 3 129 185 -1
14 2 3 129 186 0.0430204
14 2 3 129 187 -1
14 2 3 130 184 0.749529
14 2 3 130 185 -1
14 2 3 130 186 -1
14 2 3 130 187 -1
14 2 4 128 238 -1
14 2 4 128 239 -1
14 2 4 128 240 -1
14 2 4 129 238 0.920729
14 2 4 129 239 -1
14 2 4 129 240 0.964726
14 2 4 130 238 -1
14 2 4 130 239 -1
14 2 4 130 240 -1
14 3 4 184 238 0.192471
14 3 4 184 239 -1
14 3 4 184 240 -1
14 3 4 185 238 0.512738
14 3 4 185 239 -1
14 3 4 185 240 -1
14 3 4 186 238 -1
14 3 4 186 239 0.322332
14 3 4 186 240 0.850743
14 3 4 187 238 -1
14 3 4 187 239 0.96588
14 3 4 187 240 -1
15 0 1 28 68 -1
15 0 1 28 69 -1
15 0 1 29 68 -1
15 0 1 29 69 0.00933141
15 0 2 28 131 0.92308
15 0 2 28 132 -1
15 0 2 29 131 -1
15 0 2 29 132 0.845975
15 0 3 28 188 0.00101823
15 0 3 28 189 0.823001
15 0 3 29 188 0.82583
15 0 3 29 189 0.171834
15 0 4 28 241 -1
15 0 4 28 242 -1
15 0 4 28 243 0.825124
15 0 4 29 241 -1
15 0 4 29 242 -1
15 0 4 29 243 0.174876
15 1 2 68 131 -1
15 1 2 68 132 -1
15 1 2 69 131 -1
15 1 2 69 132 -1
15 1 3 68 188 -1
15 1 3 68 189 -1
15 1 3 69 188 -1
15 1 3 69 189 -1
15 1 4 68 241 0.5879
15 1 4 68 242 -1
15 1 4 68 243 -1
15 1 4 69 241 0.4121
15 1 4 69 242 0.844837
15 1 4 69 243 -1
15 2 3 131 188 -1
15 2 3 131 189 0.876438
15 2 3 132 188 0.99348
15 2 3 132 189 -1
15 2 4 131 241 -1
15 2 4 131 242 -1
15 2 4 131 243 0.981744
15 2 4 132 241 -1
15 2 4 132 242 -1
15 2 4 132 243 -1
15 3 4 188 241 -1
15 3 4 188 242 0.81965
15 3 4 188 243 0.0293332
15 3 4 189 241 -1
15 3 4 189 242 0.172958
15 3 4 189 243 0.945929
16 0 1 30 70 -1
16 0 1 30 71 0.320954
16 0 1 31 70 -1
16 0 1 31 71 0.679046
16 0 2 30 133 0.727762
16 0 2 30 134 -1
16 0 2 30 135 -1
16 0 2 31 133 -1
16 0 2 31 134 0.858256
16 0 2 31 135 -1
16 0 3 30 190 -1
16 0 3 30 191 -1
16 0 3 31 190 0.846082
16 0 3 31 191 -1
16 0 4 30 244 -1
16 0 4 30 245 -1
16 0 4 30 246 0.982251
16 0 4 31 244 -1
16 0 4 31 245 -1
16 0 4 31 246 -1
16 1 2 70 133 -1
16 1 2 70 134 -1
16 1 2 70 135 -1
16 1 2 71 133 -1
16 1 2 71 134 0.87307
16 1 2 71 135 -1
16 1 3 70 190 0.426503
16 1 3 70 191 0.344776
16 1 3 71 190 0.531381
16 1 3 71 191 -1
16 1 4 70 244 0.659506
16 1 4 70 245 0.607882
16 1 4 70 246 -1
16 1 4 71 244 0.137021
16 1 4 71 245 -1
16 1 4 71 246 -1
16 2 3 133 190 -1
16 2 3 133 191 -1
16 2 3 134 190 0.9855
16 2 3 134 191 -1
16 2 3 135 190 -1
16 2 3 135 191 -1
16 2 4 133 244 0.498005
16 2 4 133 245 -1
16 2 4 133 246 0.915812
16 2 4 134 244 0.0355403
16 2 4 134 245 -1
16 2 4 134 246 -1
16 2 4 135 244 0.466455
16 2 4 135 245 -1
16 2 4 135 246 0.548668
16 3 4 190 244 -1
16 3 4 190 245 0.402245
16 3 4 190 246 -1
16 3 4 191 244 -1
16 3 4 191 245 0.597755
16 3 4 191 246 -1
17 0 1 32 72 0.324078
17 0 1 33 72 -1
17 0 2 32 136 -1
17 0 2 33 136 0.596207
17 0 3 32 192 -1
17 0 3 32 193 -1
17 0 3 32 194 -1
17 0 3 33 192 0.51179
17 0 3 33 193 -1
17 0 3 33 194 -1
17 0 4 32 247 -1
17 0 4 32 248 -1
17 0 4 32 249 0.981422
17 0 4 33 247 -1
17 0 4 33 248 -1
17 0 4 33 249 -1
17 1 2 72 136 -1
17 1 3 72 192 -1
17 1 3 72 193 0.273717
17 1 3 72 194 0.763325
17 1 4 72 247 -1
17 1 4 72 248 0.942788
17 1 4 72 249 -1
17 2 3 136 192 0.719132
17 2 3 136 193 -1
17 2 3 136 194 -1
17 2 4 136 247 -1
17 2 4 136 248 -1
17 2 4 136 249 0.535882
17 3 4 192 247 -1
17 3 4 192 248 -1
17 3 4 192 249 -1
17 3 4 193 247 0.963009
17 3 4 193 248 -1
17 3 4 193 249 -1
17 3 4 194 247 -1
17 3 4 194 248 0.978627
17 3 4 194 249 0.261649
18 0 1 34 73 0.0543702
18 0 1 35 73 0.318437
18 0 3 34 195 -1
18 0 3 34 196 -1
18 0 3 34 197 0.927266
18 0 3 34 198 -1
18 0 3 35 195 -1
18 0 3 35 196 0.607404
18 0 3 35 197 -1
18 0 3 35 198 -1
18 0 4 34 250 -1
18 0 4 34 251 -1
18 0 4 34 252 0.943325
18 0 4 35 250 -1
18 0 4 35 251 -1
18 0 4 35 252 -1
18 1 3 73 195 0.236007
18 1 3 73 196 -1
18 1 3 73 197 -1
18 1 3 73 198 0.788958
18 1 4 73 250 -1
18 1 4 73 251 0.836222
18 1 4 73 252 -1
18 3 4 195 250 0.41578
18 3 4 195 251 -1
18 3 4 195 252 -1
18 3 4 196 250 -1
18 3 4 196 251 0.964986
18 3 4 196 252 -1
18 3 4 197 250 -1
18 3 4 197 251 -1
18 3 4 197 252 0.846908
18 3 4 198 250 -1
18 3 4 198 251 0.957182
18 3 4 198 252 -1
end of Frame 206
