J OverallIdx viewIdx joint种类0-18(jointIdx) 该joint在图中的顺序(candidix) x y score
0 0 0 0 400.993 375.315 0.607772
1 0 0 1 734.69 394.355 0.643946
2 0 0 2 196.271 417.543 0.595225
3 0 0 3 575.019 482.9 0.491646
4 0 1 0 190.774 194.095 0.790049
5 0 1 1 389.67 206.636 0.76006
6 0 1 2 588.839 208.793 0.821209
7 0 1 3 729.226 210.915 0.8255
8 0 2 0 367.35 377.403 0.61933
9 0 2 1 695.495 396.486 0.605721
10 0 2 2 171.091 421.71 0.594487
11 0 2 3 639.327 485.014 0.469387
12 0 3 0 437.526 375.319 0.615562
13 0 3 1 774.044 394.257 0.676498
14 0 3 2 221.559 415.453 0.524
15 0 3 3 521.539 480.805 0.469507
16 0 4 0 392.535 130.783 0.884433
17 0 4 1 260.841 137.029 0.840912
18 0 4 2 701.135 158.128 0.84537
19 0 5 0 171.177 196.17 0.822518
20 0 5 1 328.16 208.775 0.817908
21 0 5 2 667.404 210.934 0.833841
22 0 6 0 213.126 193.984 0.736588
23 0 6 1 437.593 198.274 0.647548
24 0 6 2 504.68 202.433 0.768823
25 0 6 3 793.634 210.828 0.852303
26 0 7 0 367.266 514.59 0.739473
27 0 7 1 703.824 531.422 0.601069
28 0 7 2 187.85 586.228 0.699523
29 0 7 3 658.962 676.905 0.663942
30 0 8 0 434.543 512.366 0.647005
31 0 8 1 774.001 544.016 0.740551
32 0 8 2 218.704 581.945 0.71148
33 0 8 3 496.336 664.213 0.62226
34 0 9 0 199.101 120.171 0.824071
35 0 9 1 653.351 124.439 0.866567
36 0 9 2 347.815 141.189 0.874527
37 0 10 0 569.319 122.297 0.882433
38 0 10 1 414.985 126.573 0.210677
39 0 10 2 751.466 143.278 0.957206
40 0 11 0 325.194 301.573 0.826459
41 0 11 1 103.802 309.973 0.857113
42 0 11 2 712.318 354.294 0.767655
43 0 12 0 818.984 307.902 0.829379
44 0 12 1 415.061 318.393 0.7759
45 0 13 0 361.806 651.542 0.715016
46 0 13 1 698.275 668.469 0.458618
47 0 13 2 148.61 748.584 0.684348
48 0 14 0 406.667 632.637 0.68136
49 0 14 1 754.301 668.474 0.748246
50 0 14 2 190.797 723.266 0.755195
51 0 15 0 661.755 331.068 0.162923
52 0 15 1 204.66 375.307 0.786701
53 0 15 2 350.527 383.797 0.821828
54 0 16 0 818.757 390.145 0.858427
55 0 17 0 414.986 670.542 0.382084
56 0 17 1 790.776 725.411 0.688524
57 0 17 2 266.368 738.03 0.772185
58 0 18 0 378.585 674.789 0.524784
59 0 18 1 210.348 754.919 0.266135
60 1 0 0 473.896 360.577 0.347923
61 1 0 1 709.449 379.493 0.765472
62 1 0 2 530.007 396.433 0.709985
63 1 0 3 860.973 402.776 0.675778
64 1 1 0 541.197 225.597 0.846325
65 1 1 1 482.33 225.653 0.556116
66 1 1 2 863.899 244.706 0.87624
67 1 1 3 703.964 255.15 0.839455
68 1 2 0 471.083 360.607 0.505831
69 1 2 1 684.158 379.535 0.758136
70 1 2 2 566.46 398.534 0.653533
71 1 2 3 886.176 402.749 0.657701
72 1 3 0 737.529 377.486 0.714544
73 1 3 1 502.028 394.294 0.65628
74 1 3 2 835.692 404.866 0.654604
75 1 4 0 594.728 175.021 0.510998
76 1 4 1 527.105 176.996 0.874747
77 1 4 2 802.007 210.904 0.33112
78 1 4 3 706.849 210.954 0.951948
79 1 5 0 577.768 225.574 0.820863
80 1 5 1 479.54 227.67 0.841815
81 1 5 2 902.947 248.814 0.790441
82 1 5 3 661.792 255.118 0.847728
83 1 6 0 499.177 225.549 0.856475
84 1 6 1 835.705 244.535 0.879548
85 1 6 2 748.66 253.082 0.726888
86 1 7 0 487.986 457.592 0.203112
87 1 7 1 684.326 468.172 0.682773
88 1 7 2 863.758 518.737 0.826365
89 1 7 3 569.31 531.44 0.753973
90 1 8 0 729.227 466 0.710073
91 1 8 1 502.04 501.907 0.668415
92 1 8 2 816.132 531.409 0.856185
93 1 9 0 574.979 162.373 0.908198
94 1 9 1 482.421 177.178 0.950042
95 1 9 2 684.371 208.815 0.900604
96 1 10 0 821.689 196.097 0.904183
97 1 10 1 729.235 210.785 0.289602
98 1 11 0 586.13 310.003 0.827712
99 1 11 1 639.543 312.114 0.748386
100 1 12 0 796.35 309.941 0.876468
101 1 12 1 468.377 314.177 0.830058
102 1 13 0 684.304 552.52 0.544626
103 1 13 1 476.717 571.443 0.170081
104 1 13 2 866.633 630.454 0.807796
105 1 13 3 563.618 670.561 0.73243
106 1 14 0 726.364 550.377 0.579049
107 1 14 1 482.351 592.512 0.530926
108 1 14 2 832.862 655.805 0.746785
109 1 14 3 504.891 653.726 0.735602
110 1 15 0 622.556 366.931 0.836934
111 1 16 0 729.03 310.007 0.794355
112 1 16 1 515.968 362.799 0.530506
113 1 16 2 762.801 362.817 0.615164
114 1 17 0 723.468 567.233 0.201732
115 1 17 1 476.783 600.961 0.217884
116 1 17 2 529.986 651.629 0.22094
117 1 17 3 790.779 664.221 0.815477
118 1 18 0 684.28 573.584 0.28377
119 1 18 1 846.897 622.042 0.150946
120 1 18 2 605.688 666.289 0.65809
121 2 0 0 471.163 204.53 0.551048
122 2 0 1 776.752 295.276 0.318053
123 2 0 2 426.249 343.755 0.645543
124 2 0 3 687.035 436.491 0.689036
125 2 1 0 482.255 73.7046 0.844712
126 2 1 1 802.023 158.125 0.744482
127 2 1 2 420.732 179.291 0.824672
128 2 1 3 706.739 274.082 0.87463
129 2 2 0 443.045 204.539 0.494559
130 2 2 1 790.81 297.291 0.198753
131 2 2 2 459.799 345.874 0.656654
132 2 2 3 729.029 436.516 0.653274
133 2 3 0 499.2 204.516 0.632932
134 2 3 1 776.87 297.341 0.388319
135 2 3 2 395.351 341.577 0.672746
136 2 3 3 647.857 434.406 0.640806
137 2 4 0 527.074 42.198 0.901636
138 2 4 1 751.409 118.115 0.80508
139 2 5 0 443.059 73.711 0.710925
140 2 5 1 799.332 145.518 0.658619
141 2 5 2 471.171 193.903 0.781515
142 2 5 3 771.211 274.059 0.814012
143 2 6 0 515.957 69.5862 0.730117
144 2 6 1 804.873 164.514 0.778466
145 2 6 2 373.005 170.762 0.809263
146 2 6 3 647.769 274.092 0.813333
147 2 7 0 454.342 457.591 0.806533
148 2 7 1 703.756 548.22 0.849037
149 2 8 0 493.535 293.044 0.305734
150 2 8 1 751.69 404.887 0.467384
151 2 8 2 398.183 428.052 0.797868
152 2 8 3 617.104 539.838 0.824256
153 2 9 0 485.274 25.3945 0.899679
154 2 9 1 459.919 126.483 0.922369
155 2 9 2 748.75 191.84 0.861752
156 2 10 0 782.452 107.503 0.855708
157 2 10 1 670.264 193.993 0.815777
158 2 11 0 415.107 126.455 0.290289
159 2 11 1 774.016 194.059 0.211647
160 2 11 2 493.519 282.544 0.744114
161 2 11 3 793.625 377.449 0.874485
162 2 12 0 515.946 128.629 0.752447
163 2 12 1 347.833 248.816 0.812976
164 2 12 2 813.179 253.026 0.806301
165 2 12 3 617.072 385.895 0.805821
166 2 13 0 437.523 560.875 0.829977
167 2 13 1 684.346 647.34 0.82642
168 2 14 0 774.144 497.74 0.791848
169 2 14 1 372.945 529.297 0.836859
170 2 14 2 611.333 643.108 0.734212
171 2 15 0 510.422 358.445 0.78697
172 2 15 1 729.212 362.66 0.57177
173 2 16 0 535.595 177.209 0.868596
174 2 16 1 743.107 257.286 0.355778
175 2 16 2 799.367 309.927 0.236537
176 2 16 3 364.544 309.934 0.827313
177 2 16 4 608.548 394.326 0.217982
178 2 17 0 748.715 503.999 0.54133
179 2 17 1 386.99 529.255 0.483093
180 2 17 2 602.955 626.303 0.308587
181 2 18 0 437.331 558.801 0.549671
182 2 18 1 678.675 636.823 0.469388
183 3 0 0 510.4 312.061 0.624632
184 3 0 1 229.902 345.741 0.568181
185 3 0 2 664.705 358.477 0.699046
186 3 0 3 426.303 377.457 0.616247
187 3 1 0 414.942 177.091 0.906166
188 3 1 1 661.917 183.464 0.835757
189 3 1 2 213.04 185.582 0.667208
190 3 1 3 504.807 193.953 0.704987
191 3 2 0 487.993 312.159 0.562214
192 3 2 1 215.941 345.907 0.686736
193 3 2 2 684.321 354.287 0.629578
194 3 2 3 462.734 377.448 0.628065
195 3 3 0 530.125 309.999 0.68893
196 3 3 1 238.326 341.623 0.489726
197 3 3 2 650.612 360.581 0.687308
198 3 3 3 389.733 377.478 0.622915
199 3 4 0 594.597 134.926 0.669806
200 3 4 1 263.582 143.509 0.890816
201 3 4 2 485.188 158.087 0.359396
202 3 5 0 471.118 179.251 0.843655
203 3 5 1 684.276 179.302 0.820339
204 3 5 2 207.568 191.843 0.809922
205 3 6 0 350.512 177.158 0.870336
206 3 6 1 215.917 179.334 0.574288
207 3 6 2 639.504 185.599 0.844375
208 3 6 3 544.046 191.908 0.845439
209 3 7 0 524.373 413.271 0.410784
210 3 7 1 235.592 466.101 0.761835
211 3 7 2 681.318 470.203 0.783513
212 3 7 3 459.766 512.425 0.801031
213 3 8 0 546.808 413.297 0.634366
214 3 8 1 238.342 466 0.463848
215 3 8 2 636.54 482.914 0.809708
216 3 8 3 370.033 512.38 0.834104
217 3 9 0 440.383 105.407 0.666659
218 3 9 1 218.812 134.981 0.816925
219 3 9 2 465.49 143.423 0.258436
220 3 10 0 372.936 103.289 0.657901
221 3 10 1 617.131 126.459 0.952743
222 3 10 2 510.365 145.541 0.354132
223 3 11 0 723.507 267.774 0.785234
224 3 11 1 499.179 276.191 0.486014
225 3 11 2 193.501 278.462 0.88588
226 3 12 0 574.823 242.493 0.883325
227 3 12 1 664.723 278.465 0.894598
228 3 12 2 322.428 286.786 0.76727
229 3 13 0 527.215 503.965 0.52321
230 3 13 1 235.439 573.579 0.675662
231 3 13 2 692.682 586.23 0.767803
232 3 13 3 454.254 649.56 0.74723
233 3 14 0 507.659 506.113 0.206884
234 3 14 1 588.925 506.064 0.699986
235 3 14 2 235.547 569.323 0.437824
236 3 14 3 656.16 605.201 0.763735
237 3 14 4 370.177 651.591 0.658681
238 3 15 0 664.664 278.395 0.185793
239 3 15 1 482.31 350.041 0.318682
240 3 15 2 230.001 358.507 0.858679
241 3 16 0 549.643 253.046 0.811874
242 3 16 1 616.907 329.029 0.93495
243 3 16 2 302.731 377.47 0.820179
244 3 17 0 555.236 537.733 0.620953
245 3 17 1 299.999 584.129 0.303767
246 3 17 2 594.665 613.601 0.878242
247 3 17 3 373.001 655.816 0.30454
248 3 18 0 507.591 533.564 0.359626
249 3 18 1 297.222 586.198 0.530196
250 3 18 2 415.015 645.286 0.582052
251 4 0 0 695.507 274.11 0.58797
252 4 0 1 740.331 295.222 0.493982
253 4 0 2 370.301 343.735 0.580621
254 4 1 0 768.35 107.526 0.718731
255 4 1 1 370.104 126.445 0.905082
256 4 1 2 701.046 128.593 0.850854
257 4 2 0 670.252 269.932 0.649941
258 4 2 1 729.108 295.267 0.434184
259 4 2 2 417.963 345.793 0.594553
260 4 3 0 745.945 293.115 0.576603
261 4 3 1 325.298 343.697 0.602684
262 4 4 0 706.583 39.969 0.474621
263 4 4 1 647.806 82.2762 0.812547
264 4 5 0 751.483 101.234 0.612191
265 4 5 1 437.573 126.49 0.857804
266 4 5 2 661.745 126.631 0.903146
267 4 6 0 779.619 111.746 0.748746
268 4 6 1 300.128 124.415 0.858771
269 4 6 2 731.992 128.641 0.745971
270 4 7 0 675.874 381.735 0.736672
271 4 7 1 740.322 447.051 0.618545
272 4 7 2 417.987 522.967 0.667047
273 4 8 0 706.703 381.723 0.436962
274 4 8 1 715.066 447.058 0.703427
275 4 8 2 339.364 506.069 0.741881
276 4 9 0 420.61 44.3659 0.77125
277 4 10 0 734.747 29.5814 0.808839
278 4 10 1 347.885 44.2602 0.618456
279 4 10 2 689.944 75.8508 0.896397
280 4 11 0 664.65 189.737 0.770378
281 4 11 1 462.862 248.828 0.836039
282 4 12 0 790.745 225.665 0.718878
283 4 12 1 280.344 246.796 0.823428
284 4 13 0 684.326 480.73 0.789128
285 4 13 1 757.219 581.906 0.706478
286 4 13 2 420.696 666.303 0.730736
287 4 14 0 720.673 499.753 0.216523
288 4 14 1 779.665 603.132 0.709007
289 4 14 2 372.954 664.161 0.739874
290 4 15 0 642.202 231.981 0.846283
291 4 15 1 499.127 345.912 0.866777
292 4 16 0 748.734 326.799 0.72791
293 4 16 1 283.263 331.049 0.73574
294 4 17 0 723.562 632.594 0.732024
295 4 17 1 328.163 657.918 0.664455
296 4 18 0 639.396 508.216 0.753525
297 4 18 1 706.604 603.072 0.691296
298 4 18 2 457.137 649.469 0.510078
P viewIdx, pafIdx, aOverAllIdx, bOverAllIdx, CandidAIdx, CandidBIdx, score
0 0 4 0 0 0 0
0 0 4 1 0 1 0
0 0 4 2 0 2 0.940768
0 0 4 3 0 3 0
0 0 5 0 1 0 0.966514
0 0 5 1 1 1 0
0 0 5 2 1 2 0
0 0 5 3 1 3 0
0 0 6 0 2 0 0
0 0 6 1 2 1 0
0 0 6 2 2 2 0
0 0 6 3 2 3 0.973631
0 0 7 0 3 0 0
0 0 7 1 3 1 0.972749
0 0 7 2 3 2 0
0 0 7 3 3 3 0
0 1 8 26 0 0 0.985129
0 1 8 27 0 1 0
0 1 8 28 0 2 0
0 1 8 29 0 3 0
0 1 9 26 1 0 0
0 1 9 27 1 1 0.287878
0 1 9 28 1 2 0
0 1 9 29 1 3 0.256375
0 1 10 26 2 0 0
0 1 10 27 2 1 0
0 1 10 28 2 2 0.967672
0 1 10 29 2 3 0
0 1 11 26 3 0 0
0 1 11 27 3 1 0.25513
0 1 11 28 3 2 0
0 1 11 29 3 3 0.287558
0 2 26 45 0 0 0.984771
0 2 26 46 0 1 0
0 2 26 47 0 2 0
0 2 27 45 1 0 0
0 2 27 46 1 1 0.930981
0 2 27 47 1 2 0
0 2 28 45 2 0 0
0 2 28 46 2 1 0
0 2 28 47 2 2 0.966436
0 2 29 45 3 0 0
0 2 29 46 3 1 0
0 2 29 47 3 2 0
0 3 0 8 0 0 0.915719
0 3 0 9 0 1 0
0 3 0 10 0 2 0
0 3 0 11 0 3 0
0 3 1 8 1 0 0
0 3 1 9 1 1 0.923919
0 3 1 10 1 2 0
0 3 1 11 1 3 0
0 3 2 8 2 0 0
0 3 2 9 2 1 0
0 3 2 10 2 2 0.898163
0 3 2 11 2 3 0
0 3 3 8 3 0 0
0 3 3 9 3 1 0
0 3 3 10 3 2 0
0 3 3 11 3 3 0.85687
0 4 0 12 0 0 0.912781
0 4 0 13 0 1 0
0 4 0 14 0 2 0
0 4 0 15 0 3 0
0 4 1 12 1 0 0
0 4 1 13 1 1 0.925966
0 4 1 14 1 2 0
0 4 1 15 1 3 0
0 4 2 12 2 0 0
0 4 2 13 2 1 0
0 4 2 14 2 2 0.895815
0 4 2 15 2 3 0
0 4 3 12 3 0 0
0 4 3 13 3 1 0
0 4 3 14 3 2 0
0 4 3 15 3 3 0.846986
0 5 12 30 0 0 0.975297
0 5 12 31 0 1 0
0 5 12 32 0 2 0
0 5 12 33 0 3 0
0 5 13 30 1 0 0
0 5 13 31 1 1 0.991283
0 5 13 32 1 2 0
0 5 13 33 1 3 0
0 5 14 30 2 0 0
0 5 14 31 2 1 0
0 5 14 32 2 2 0.937639
0 5 14 33 2 3 0
0 5 15 30 3 0 0
0 5 15 31 3 1 0
0 5 15 32 3 2 0
0 5 15 33 3 3 0.964466
0 6 30 48 0 0 0.976299
0 6 30 49 0 1 0
0 6 30 50 0 2 0
0 6 31 48 1 0 0
0 6 31 49 1 1 0.978388
0 6 31 50 1 2 0
0 6 32 48 2 0 0
0 6 32 49 2 1 0
0 6 32 50 2 2 0.972716
0 6 33 48 3 0 0
0 6 33 49 3 1 0
0 6 33 50 3 2 0
0 7 4 19 0 0 0.942707
0 7 4 20 0 1 0
0 7 4 21 0 2 0
0 7 5 19 1 0 0
0 7 5 20 1 1 0.97777
0 7 5 21 1 2 0
0 7 6 19 2 0 0
0 7 6 20 2 1 0
0 7 6 21 2 2 0.93748
0 7 7 19 3 0 0
0 7 7 20 3 1 0
0 7 7 21 3 2 0
0 8 19 40 0 0 0
0 8 19 41 0 1 0.95014
0 8 19 42 0 2 0
0 8 20 40 1 0 0.984779
0 8 20 41 1 1 0
0 8 20 42 1 2 0
0 8 21 40 2 0 0
0 8 21 41 2 1 0
0 8 21 42 2 2 0.988002
0 9 40 51 0 0 0
0 9 40 52 0 1 0
0 9 40 53 0 2 0.99889
0 9 41 51 1 0 0
0 9 41 52 1 1 0.99821
0 9 41 53 1 2 0
0 9 42 51 2 0 0.73035
0 9 42 52 2 1 0
0 9 42 53 2 2 0
0 10 19 34 0 0 0.964235
0 10 19 35 0 1 0
0 10 19 36 0 2 0
0 10 20 34 1 0 0
0 10 20 35 1 1 0
0 10 20 36 1 2 0.95826
0 10 21 34 2 0 0
0 10 21 35 2 1 0.990948
0 10 21 36 2 2 0
0 11 4 22 0 0 0.951449
0 11 4 23 0 1 0
0 11 4 24 0 2 0
0 11 4 25 0 3 0
0 11 5 22 1 0 0
0 11 5 23 1 1 0.947873
0 11 5 24 1 2 0
0 11 5 25 1 3 0
0 11 6 22 2 0 0
0 11 6 23 2 1 0
0 11 6 24 2 2 0.97931
0 11 6 25 2 3 0
0 11 7 22 3 0 0
0 11 7 23 3 1 0
0 11 7 24 3 2 0
0 11 7 25 3 3 0.981955
0 12 22 43 0 0 0
0 12 22 44 0 1 0
0 12 23 43 1 0 0
0 12 23 44 1 1 0
0 12 24 43 2 0 0
0 12 24 44 2 1 0.958723
0 12 25 43 3 0 0.989906
0 12 25 44 3 1 0
0 13 43 54 0 0 0.997148
0 13 44 54 1 0 0
0 14 22 37 0 0 0
0 14 22 38 0 1 0
0 14 22 39 0 2 0
0 14 23 37 1 0 0
0 14 23 38 1 1 0.660674
0 14 23 39 1 2 0
0 14 24 37 2 0 0.982225
0 14 24 38 2 1 0
0 14 24 39 2 2 0
0 14 25 37 3 0 0
0 14 25 38 3 1 0
0 14 25 39 3 2 0.992385
0 15 4 16 0 0 0
0 15 4 17 0 1 0.941461
0 15 4 18 0 2 0
0 15 5 16 1 0 0.976145
0 15 5 17 1 1 0
0 15 5 18 1 2 0
0 15 6 16 2 0 0
0 15 6 17 2 1 0
0 15 6 18 2 2 0
0 15 7 16 3 0 0
0 15 7 17 3 1 0
0 15 7 18 3 2 0.984739
0 16 48 55 0 0 0.879046
0 16 48 56 0 1 0
0 16 48 57 0 2 0
0 16 49 55 1 0 0
0 16 49 56 1 1 0.974995
0 16 49 57 1 2 0
0 16 50 55 2 0 0
0 16 50 56 2 1 0
0 16 50 57 2 2 0.99929
0 17 45 58 0 0 0.9212
0 17 45 59 0 1 0
0 17 46 58 1 0 0
0 17 46 59 1 1 0
0 17 47 58 2 0 0
0 17 47 59 2 1 0.928234
1 0 64 60 0 0 0.273555
1 0 64 61 0 1 0
1 0 64 62 0 2 0.301027
1 0 64 63 0 3 0
1 0 65 60 1 0 0.303246
1 0 65 61 1 1 0
1 0 65 62 1 2 0.273423
1 0 65 63 1 3 0
1 0 66 60 2 0 0
1 0 66 61 2 1 0
1 0 66 62 2 2 0
1 0 66 63 2 3 0.981129
1 0 67 60 3 0 0
1 0 67 61 3 1 0.987927
1 0 67 62 3 2 0
1 0 67 63 3 3 0
1 1 68 86 0 0 0.504442
1 1 68 87 0 1 0
1 1 68 88 0 2 0
1 1 68 89 0 3 0.274368
1 1 69 86 1 0 0
1 1 69 87 1 1 0.97929
1 1 69 88 1 2 0
1 1 69 89 1 3 0
1 1 70 86 2 0 0
1 1 70 87 2 1 0
1 1 70 88 2 2 0
1 1 70 89 2 3 0.545606
1 1 71 86 3 0 0
1 1 71 87 3 1 0
1 1 71 88 3 2 0.957129
1 1 71 89 3 3 0
1 2 86 102 0 0 0
1 2 86 103 0 1 0.759319
1 2 86 104 0 2 0
1 2 86 105 0 3 0
1 2 87 102 1 0 0.940364
1 2 87 103 1 1 0
1 2 87 104 1 2 0
1 2 87 105 1 3 0
1 2 88 102 2 0 0
1 2 88 103 2 1 0
1 2 88 104 2 2 0.994666
1 2 88 105 2 3 0
1 2 89 102 3 0 0
1 2 89 103 3 1 0
1 2 89 104 3 2 0
1 2 89 105 3 3 0.98496
1 3 60 68 0 0 0.684255
1 3 60 69 0 1 0
1 3 60 70 0 2 0
1 3 60 71 0 3 0
1 3 61 68 1 0 0
1 3 61 69 1 1 0.957975
1 3 61 70 1 2 0
1 3 61 71 1 3 0
1 3 62 68 2 0 0
1 3 62 69 2 1 0
1 3 62 70 2 2 0.92132
1 3 62 71 2 3 0
1 3 63 68 3 0 0
1 3 63 69 3 1 0
1 3 63 70 3 2 0
1 3 63 71 3 3 0.911063
1 4 60 72 0 0 0
1 4 60 73 0 1 0
1 4 60 74 0 2 0
1 4 61 72 1 0 0.958554
1 4 61 73 1 1 0
1 4 61 74 1 2 0
1 4 62 72 2 0 0
1 4 62 73 2 1 0.919557
1 4 62 74 2 2 0
1 4 63 72 3 0 0
1 4 63 73 3 1 0
1 4 63 74 3 2 0.905406
1 5 72 90 0 0 0.952894
1 5 72 91 0 1 0
1 5 72 92 0 2 0
1 5 73 90 1 0 0
1 5 73 91 1 1 0.987158
1 5 73 92 1 2 0
1 5 74 90 2 0 0
1 5 74 91 2 1 0
1 5 74 92 2 2 0.982175
1 6 90 106 0 0 0.939428
1 6 90 107 0 1 0
1 6 90 108 0 2 0
1 6 90 109 0 3 0
1 6 91 106 1 0 0
1 6 91 107 1 1 0.477956
1 6 91 108 1 2 0
1 6 91 109 1 3 0.522044
1 6 92 106 2 0 0
1 6 92 107 2 1 0
1 6 92 108 2 2 0.999788
1 6 92 109 2 3 0
1 7 64 79 0 0 0.989975
1 7 64 80 0 1 0
1 7 64 81 0 2 0
1 7 64 82 0 3 0
1 7 65 79 1 0 0
1 7 65 80 1 1 0.695001
1 7 65 81 1 2 0
1 7 65 82 1 3 0
1 7 66 79 2 0 0
1 7 66 80 2 1 0
1 7 66 81 2 2 0.995324
1 7 66 82 2 3 0
1 7 67 79 3 0 0
1 7 67 80 3 1 0
1 7 67 81 3 2 0
1 7 67 82 3 3 0.978805
1 8 79 98 0 0 0.978129
1 8 79 99 0 1 0
1 8 80 98 1 0 0
1 8 80 99 1 1 0
1 8 81 98 2 0 0
1 8 81 99 2 1 0
1 8 82 98 3 0 0
1 8 82 99 3 1 0.946224
1 9 98 110 0 0 0.508937
1 9 99 110 1 0 0.491063
1 10 79 93 0 0 0.985084
1 10 79 94 0 1 0
1 10 79 95 0 2 0
1 10 80 93 1 0 0
1 10 80 94 1 1 0.976003
1 10 80 95 1 2 0
1 10 81 93 2 0 0
1 10 81 94 2 1 0
1 10 81 95 2 2 0
1 10 82 93 3 0 0
1 10 82 94 3 1 0
1 10 82 95 3 2 0.964441
1 11 64 83 0 0 0.968744
1 11 64 84 0 1 0
1 11 64 85 0 2 0
1 11 65 83 1 0 0
1 11 65 84 1 1 0
1 11 65 85 1 2 0
1 11 66 83 2 0 0
1 11 66 84 2 1 0.995841
1 11 66 85 2 2 0
1 11 67 83 3 0 0
1 11 67 84 3 1 0
1 11 67 85 3 2 0.968392
1 12 83 100 0 0 0
1 12 83 101 0 1 0.963107
1 12 84 100 1 0 0.532916
1 12 84 101 1 1 0
1 12 85 100 2 0 0.467084
1 12 85 101 2 1 0
1 13 100 111 0 0 0.534695
1 13 100 112 0 1 0
1 13 100 113 0 2 0.465305
1 13 101 111 1 0 0
1 13 101 112 1 1 0.982866
1 13 101 113 1 2 0
1 14 83 96 0 0 0
1 14 83 97 0 1 0
1 14 84 96 1 0 0.99774
1 14 84 97 1 1 0
1 14 85 96 2 0 0
1 14 85 97 2 1 0.775303
1 15 64 75 0 0 0.325271
1 15 64 76 0 1 0.302835
1 15 64 77 0 2 0
1 15 64 78 0 3 0
1 15 65 75 1 0 0.302779
1 15 65 76 1 1 0.325878
1 15 65 77 1 2 0
1 15 65 78 1 3 0
1 15 66 75 2 0 0
1 15 66 76 2 1 0
1 15 66 77 2 2 0.86769
1 15 66 78 2 3 0
1 15 67 75 3 0 0
1 15 67 76 3 1 0
1 15 67 77 3 2 0
1 15 67 78 3 3 0.980887
1 16 106 114 0 0 0.777868
1 16 106 115 0 1 0
1 16 106 116 0 2 0
1 16 106 117 0 3 0
1 16 107 114 1 0 0
1 16 107 115 1 1 0.684255
1 16 107 116 1 2 0
1 16 107 117 1 3 0
1 16 108 114 2 0 0
1 16 108 115 2 1 0
1 16 108 116 2 2 0
1 16 108 117 2 3 0.965015
1 16 109 114 3 0 0
1 16 109 115 3 1 0
1 16 109 116 3 2 0.803015
1 16 109 117 3 3 0
1 17 102 118 0 0 0.817338
1 17 102 119 0 1 0
1 17 102 120 0 2 0
1 17 103 118 1 0 0
1 17 103 119 1 1 0
1 17 103 120 1 2 0
1 17 104 118 2 0 0
1 17 104 119 2 1 0.771716
1 17 104 120 2 2 0
1 17 105 118 3 0 0
1 17 105 119 3 1 0
1 17 105 120 3 2 0.930689
2 0 125 121 0 0 0.28151
2 0 125 122 0 1 0
2 0 125 123 0 2 0.258711
2 0 125 124 0 3 0
2 0 126 121 1 0 0
2 0 126 122 1 1 0.506309
2 0 126 123 1 2 0
2 0 126 124 1 3 0.266108
2 0 127 121 2 0 0.257358
2 0 127 122 2 1 0
2 0 127 123 2 2 0.281454
2 0 127 124 2 3 0
2 0 128 121 3 0 0
2 0 128 122 3 1 0
2 0 128 123 3 2 0
2 0 128 124 3 3 0.521599
2 1 129 147 0 0 0.466904
2 1 129 148 0 1 0
2 1 130 147 1 0 0
2 1 130 148 1 1 0.468055
2 1 131 147 2 0 0.533096
2 1 131 148 2 1 0
2 1 132 147 3 0 0
2 1 132 148 3 1 0.531945
2 2 147 166 0 0 0.996796
2 2 147 167 0 1 0
2 2 148 166 1 0 0
2 2 148 167 1 1 0.995623
2 3 121 129 0 0 0.864085
2 3 121 130 0 1 0
2 3 121 131 0 2 0
2 3 121 132 0 3 0
2 3 122 129 1 0 0
2 3 122 130 1 1 0.695051
2 3 122 131 1 2 0
2 3 122 132 1 3 0
2 3 123 129 2 0 0
2 3 123 130 2 1 0
2 3 123 131 2 2 0.912884
2 3 123 132 2 3 0
2 3 124 129 3 0 0
2 3 124 130 3 1 0
2 3 124 131 3 2 0
2 3 124 132 3 3 0.914366
2 4 121 133 0 0 0.880903
2 4 121 134 0 1 0
2 4 121 135 0 2 0
2 4 121 136 0 3 0
2 4 122 133 1 0 0
2 4 122 134 1 1 0.684255
2 4 122 135 1 2 0
2 4 122 136 1 3 0
2 4 123 133 2 0 0
2 4 123 134 2 1 0
2 4 123 135 2 2 0.926385
2 4 123 136 2 3 0
2 4 124 133 3 0 0
2 4 124 134 3 1 0
2 4 124 135 3 2 0
2 4 124 136 3 3 0.917769
2 5 133 149 0 0 0.892219
2 5 133 150 0 1 0
2 5 133 151 0 2 0
2 5 133 152 0 3 0
2 5 134 149 1 0 0
2 5 134 150 1 1 0.86265
2 5 134 151 1 2 0
2 5 134 152 1 3 0
2 5 135 149 2 0 0
2 5 135 150 2 1 0
2 5 135 151 2 2 0.989375
2 5 135 152 2 3 0
2 5 136 149 3 0 0
2 5 136 150 3 1 0
2 5 136 151 3 2 0
2 5 136 152 3 3 0.949413
2 6 149 168 0 0 0
2 6 149 169 0 1 0
2 6 149 170 0 2 0
2 6 150 168 1 0 0.925356
2 6 150 169 1 1 0
2 6 150 170 1 2 0
2 6 151 168 2 0 0
2 6 151 169 2 1 0.969257
2 6 151 170 2 2 0
2 6 152 168 3 0 0
2 6 152 169 3 1 0
2 6 152 170 3 2 0.981224
2 7 125 139 0 0 0.977915
2 7 125 140 0 1 0
2 7 125 141 0 2 0
2 7 125 142 0 3 0
2 7 126 139 1 0 0
2 7 126 140 1 1 0.894219
2 7 126 141 1 2 0
2 7 126 142 1 3 0
2 7 127 139 2 0 0
2 7 127 140 2 1 0
2 7 127 141 2 2 0.993515
2 7 127 142 2 3 0
2 7 128 139 3 0 0
2 7 128 140 3 1 0
2 7 128 141 3 2 0
2 7 128 142 3 3 0.995209
2 8 139 158 0 0 0.482534
2 8 139 159 0 1 0
2 8 139 160 0 2 0.274403
2 8 139 161 0 3 0
2 8 140 158 1 0 0
2 8 140 159 1 1 0.463977
2 8 140 160 1 2 0
2 8 140 161 1 3 0.28656
2 8 141 158 2 0 0
2 8 141 159 2 1 0
2 8 141 160 2 2 0.52011
2 8 141 161 2 3 0
2 8 142 158 3 0 0
2 8 142 159 3 1 0
2 8 142 160 3 2 0
2 8 142 161 3 3 0.529937
2 9 158 171 0 0 0
2 9 158 172 0 1 0
2 9 159 171 1 0 0
2 9 159 172 1 1 0
2 9 160 171 2 0 0.984985
2 9 160 172 2 1 0
2 9 161 171 3 0 0
2 9 161 172 3 1 0.940888
2 10 139 153 0 0 0.50009
2 10 139 154 0 1 0
2 10 139 155 0 2 0
2 10 140 153 1 0 0
2 10 140 154 1 1 0
2 10 140 155 1 2 0
2 10 141 153 2 0 0.260058
2 10 141 154 2 1 0.514492
2 10 141 155 2 2 0
2 10 142 153 3 0 0
2 10 142 154 3 1 0
2 10 142 155 3 2 0.990239
2 11 125 143 0 0 0.973256
2 11 125 144 0 1 0
2 11 125 145 0 2 0
2 11 125 146 0 3 0
2 11 126 143 1 0 0
2 11 126 144 1 1 0.9198
2 11 126 145 1 2 0
2 11 126 146 1 3 0
2 11 127 143 2 0 0
2 11 127 144 2 1 0
2 11 127 145 2 2 0.991235
2 11 127 146 2 3 0
2 11 128 143 3 0 0
2 11 128 144 3 1 0
2 11 128 145 3 2 0
2 11 128 146 3 3 0.995649
2 12 143 162 0 0 0.966654
2 12 143 163 0 1 0
2 12 143 164 0 2 0
2 12 143 165 0 3 0
2 12 144 162 1 0 0
2 12 144 163 1 1 0
2 12 144 164 1 2 0.98133
2 12 144 165 1 3 0
2 12 145 162 2 0 0
2 12 145 163 2 1 0.951645
2 12 145 164 2 2 0
2 12 145 165 2 3 0
2 12 146 162 3 0 0
2 12 146 163 3 1 0
2 12 146 164 3 2 0
2 12 146 165 3 3 0.968922
2 13 162 173 0 0 0.999132
2 13 162 174 0 1 0
2 13 162 175 0 2 0
2 13 162 176 0 3 0
2 13 162 177 0 4 0
2 13 163 173 1 0 0
2 13 163 174 1 1 0
2 13 163 175 1 2 0
2 13 163 176 1 3 0.9962
2 13 163 177 1 4 0
2 13 164 173 2 0 0
2 13 164 174 2 1 0.530382
2 13 164 175 2 2 0.469618
2 13 164 176 2 3 0
2 13 164 177 2 4 0
2 13 165 173 3 0 0
2 13 165 174 3 1 0
2 13 165 175 3 2 0
2 13 165 176 3 3 0
2 13 165 177 3 4 0.720257
2 14 143 156 0 0 0
2 14 143 157 0 1 0
2 14 144 156 1 0 0.99137
2 14 144 157 1 1 0
2 14 145 156 2 0 0
2 14 145 157 2 1 0
2 14 146 156 3 0 0
2 14 146 157 3 1 0.974128
2 15 125 137 0 0 0.957969
2 15 125 138 0 1 0
2 15 126 137 1 0 0
2 15 126 138 1 1 0.986282
2 15 127 137 2 0 0
2 15 127 138 2 1 0
2 15 128 137 3 0 0
2 15 128 138 3 1 0
2 16 168 178 0 0 0.905799
2 16 168 179 0 1 0
2 16 168 180 0 2 0
2 16 169 178 1 0 0
2 16 169 179 1 1 0.772598
2 16 169 180 1 2 0
2 16 170 178 2 0 0
2 16 170 179 2 1 0
2 16 170 180 2 2 0.690711
2 17 166 181 0 0 0.684255
2 17 166 182 0 1 0
2 17 167 181 1 0 0
2 17 167 182 1 1 0.658782
3 0 187 183 0 0 0
3 0 187 184 0 1 0
3 0 187 185 0 2 0
3 0 187 186 0 3 0.990349
3 0 188 183 1 0 0
3 0 188 184 1 1 0
3 0 188 185 1 2 0.971559
3 0 188 186 1 3 0
3 0 189 183 2 0 0
3 0 189 184 2 1 0.915331
3 0 189 185 2 2 0
3 0 189 186 2 3 0
3 0 190 183 3 0 0.933574
3 0 190 184 3 1 0
3 0 190 185 3 2 0
3 0 190 186 3 3 0
3 1 191 209 0 0 0.28232
3 1 191 210 0 1 0
3 1 191 211 0 2 0
3 1 191 212 0 3 0.2675
3 1 192 209 1 0 0
3 1 192 210 1 1 0.959933
3 1 192 211 1 2 0
3 1 192 212 1 3 0
3 1 193 209 2 0 0
3 1 193 210 2 1 0
3 1 193 211 2 2 0.980273
3 1 193 212 2 3 0
3 1 194 209 3 0 0.266284
3 1 194 210 3 1 0
3 1 194 211 3 2 0
3 1 194 212 3 3 0.2815
3 2 209 229 0 0 0.504176
3 2 209 230 0 1 0
3 2 209 231 0 2 0
3 2 209 232 0 3 0.26654
3 2 210 229 1 0 0
3 2 210 230 1 1 0.986139
3 2 210 231 1 2 0
3 2 210 232 1 3 0
3 2 211 229 2 0 0
3 2 211 230 2 1 0
3 2 211 231 2 2 0.998528
3 2 211 232 2 3 0
3 2 212 229 3 0 0
3 2 212 230 3 1 0
3 2 212 231 3 2 0
3 2 212 232 3 3 0.532341
3 3 183 191 0 0 0.898993
3 3 183 192 0 1 0
3 3 183 193 0 2 0
3 3 183 194 0 3 0
3 3 184 191 1 0 0
3 3 184 192 1 1 0.854416
3 3 184 193 1 2 0
3 3 184 194 1 3 0
3 3 185 191 2 0 0
3 3 185 192 2 1 0
3 3 185 193 2 2 0.906496
3 3 185 194 2 3 0
3 3 186 191 3 0 0
3 3 186 192 3 1 0
3 3 186 193 3 2 0
3 3 186 194 3 3 0.89856
3 4 183 195 0 0 0.908633
3 4 183 196 0 1 0
3 4 183 197 0 2 0
3 4 183 198 0 3 0
3 4 184 195 1 0 0
3 4 184 196 1 1 0.856723
3 4 184 197 1 2 0
3 4 184 198 1 3 0
3 4 185 195 2 0 0
3 4 185 196 2 1 0
3 4 185 197 2 2 0.918669
3 4 185 198 2 3 0
3 4 186 195 3 0 0
3 4 186 196 3 1 0
3 4 186 197 3 2 0
3 4 186 198 3 3 0.906526
3 5 195 213 0 0 0.967665
3 5 195 214 0 1 0
3 5 195 215 0 2 0
3 5 195 216 0 3 0
3 5 196 213 1 0 0
3 5 196 214 1 1 0.880946
3 5 196 215 1 2 0
3 5 196 216 1 3 0
3 5 197 213 2 0 0
3 5 197 214 2 1 0
3 5 197 215 2 2 0.981281
3 5 197 216 2 3 0
3 5 198 213 3 0 0
3 5 198 214 3 1 0
3 5 198 215 3 2 0
3 5 198 216 3 3 0.977272
3 6 213 233 0 0 0.299176
3 6 213 234 0 1 0.211626
3 6 213 235 0 2 0
3 6 213 236 0 3 0.179393
3 6 213 237 0 4 0
3 6 214 233 1 0 0
3 6 214 234 1 1 0
3 6 214 235 1 2 0.888174
3 6 214 236 1 3 0
3 6 214 237 1 4 0
3 6 215 233 2 0 0
3 6 215 234 2 1 0.250521
3 6 215 235 2 2 0
3 6 215 236 2 3 0.300323
3 6 215 237 2 4 0
3 6 216 233 3 0 0
3 6 216 234 3 1 0
3 6 216 235 3 2 0
3 6 216 236 3 3 0
3 6 216 237 3 4 0.995253
3 7 187 202 0 0 0.968345
3 7 187 203 0 1 0
3 7 187 204 0 2 0
3 7 188 202 1 0 0
3 7 188 203 1 1 0.979647
3 7 188 204 1 2 0
3 7 189 202 2 0 0
3 7 189 203 2 1 0
3 7 189 204 2 2 0.861686
3 7 190 202 3 0 0
3 7 190 203 3 1 0
3 7 190 204 3 2 0
3 8 202 223 0 0 0
3 8 202 224 0 1 0.94144
3 8 202 225 0 2 0
3 8 203 223 1 0 0.995731
3 8 203 224 1 1 0
3 8 203 225 1 2 0
3 8 204 223 2 0 0
3 8 204 224 2 1 0
3 8 204 225 2 2 0.978844
3 9 223 238 0 0 0.855311
3 9 223 239 0 1 0
3 9 223 240 0 2 0
3 9 224 238 1 0 0
3 9 224 239 1 1 0.809067
3 9 224 240 1 2 0
3 9 225 238 2 0 0
3 9 225 239 2 1 0
3 9 225 240 2 2 0.99569
3 10 202 217 0 0 0.495341
3 10 202 218 0 1 0
3 10 202 219 0 2 0.504659
3 10 203 217 1 0 0
3 10 203 218 1 1 0
3 10 203 219 1 2 0
3 10 204 217 2 0 0
3 10 204 218 2 1 0.987283
3 10 204 219 2 2 0
3 11 187 205 0 0 0.990395
3 11 187 206 0 1 0
3 11 187 207 0 2 0
3 11 187 208 0 3 0
3 11 188 205 1 0 0
3 11 188 206 1 1 0
3 11 188 207 1 2 0.977285
3 11 188 208 1 3 0
3 11 189 205 2 0 0
3 11 189 206 2 1 0.81515
3 11 189 207 2 2 0
3 11 189 208 2 3 0
3 11 190 205 3 0 0
3 11 190 206 3 1 0
3 11 190 207 3 2 0
3 11 190 208 3 3 0.940824
3 12 205 226 0 0 0
3 12 205 227 0 1 0
3 12 205 228 0 2 0.970361
3 12 206 226 1 0 0
3 12 206 227 1 1 0
3 12 206 228 1 2 0
3 12 207 226 2 0 0
3 12 207 227 2 1 0.981312
3 12 207 228 2 2 0
3 12 208 226 3 0 0.997414
3 12 208 227 3 1 0
3 12 208 228 3 2 0
3 13 226 241 0 0 0.946714
3 13 226 242 0 1 0
3 13 226 243 0 2 0
3 13 227 241 1 0 0
3 13 227 242 1 1 0.934307
3 13 227 243 1 2 0
3 13 228 241 2 0 0
3 13 228 242 2 1 0
3 13 228 243 2 2 0.997483
3 14 205 220 0 0 0.934841
3 14 205 221 0 1 0
3 14 205 222 0 2 0
3 14 206 220 1 0 0
3 14 206 221 1 1 0
3 14 206 222 1 2 0
3 14 207 220 2 0 0
3 14 207 221 2 1 0.991116
3 14 207 222 2 2 0
3 14 208 220 3 0 0
3 14 208 221 3 1 0
3 14 208 222 3 2 0.844915
3 15 187 199 0 0 0
3 15 187 200 0 1 0
3 15 187 201 0 2 0
3 15 188 199 1 0 0.955074
3 15 188 200 1 1 0
3 15 188 201 1 2 0
3 15 189 199 2 0 0
3 15 189 200 2 1 0.916169
3 15 189 201 2 2 0
3 15 190 199 3 0 0
3 15 190 200 3 1 0
3 15 190 201 3 2 0.819569
3 16 233 244 0 0 0
3 16 233 245 0 1 0
3 16 233 246 0 2 0
3 16 233 247 0 3 0
3 16 234 244 1 0 0.895826
3 16 234 245 1 1 0
3 16 234 246 1 2 0
3 16 234 247 1 3 0
3 16 235 244 2 0 0
3 16 235 245 2 1 0.806084
3 16 235 246 2 2 0
3 16 235 247 2 3 0
3 16 236 244 3 0 0
3 16 236 245 3 1 0
3 16 236 246 3 2 0.991875
3 16 236 247 3 3 0
3 16 237 244 4 0 0
3 16 237 245 4 1 0
3 16 237 246 4 2 0
3 16 237 247 4 3 0.684255
3 17 229 248 0 0 0.823737
3 17 229 249 0 1 0
3 17 229 250 0 2 0
3 17 230 248 1 0 0
3 17 230 249 1 1 0.888142
3 17 230 250 1 2 0
3 17 231 248 2 0 0
3 17 231 249 2 1 0
3 17 231 250 2 2 0
3 17 232 248 3 0 0
3 17 232 249 3 1 0
3 17 232 250 3 2 0.912918
4 0 254 251 0 0 0.265861
4 0 254 252 0 1 0.280889
4 0 254 253 0 2 0
4 0 255 251 1 0 0
4 0 255 252 1 1 0
4 0 255 253 1 2 0.990923
4 0 256 251 2 0 0.280528
4 0 256 252 2 1 0.266139
4 0 256 253 2 2 0
4 1 257 270 0 0 0.283346
4 1 257 271 0 1 0.262722
4 1 257 272 0 2 0
4 1 258 270 1 0 0.262317
4 1 258 271 1 1 0.283808
4 1 258 272 1 2 0
4 1 259 270 2 0 0
4 1 259 271 2 1 0
4 1 259 272 2 2 0.958966
4 2 270 284 0 0 0.29038
4 2 270 285 0 1 0.258508
4 2 270 286 0 2 0
4 2 271 284 1 0 0.256705
4 2 271 285 1 1 0.29071
4 2 271 286 1 2 0
4 2 272 284 2 0 0
4 2 272 285 2 1 0
4 2 272 286 2 2 0.990776
4 3 251 257 0 0 0.506802
4 3 251 258 0 1 0
4 3 251 259 0 2 0
4 3 252 257 1 0 0.278259
4 3 252 258 1 1 0.488827
4 3 252 259 1 2 0
4 3 253 257 2 0 0
4 3 253 258 2 1 0
4 3 253 259 2 2 0.870739
4 4 251 260 0 0 0.521851
4 4 251 261 0 1 0
4 4 252 260 1 0 0.478149
4 4 252 261 1 1 0
4 4 253 260 2 0 0
4 4 253 261 2 1 0.868853
4 5 260 273 0 0 0.490046
4 5 260 274 0 1 0.509954
4 5 260 275 0 2 0
4 5 261 273 1 0 0
4 5 261 274 1 1 0
4 5 261 275 1 2 0.988465
4 6 273 287 0 0 0.261445
4 6 273 288 0 1 0.263728
4 6 273 289 0 2 0
4 6 274 287 1 0 0.263743
4 6 274 288 1 1 0.261513
4 6 274 289 1 2 0
4 6 275 287 2 0 0
4 6 275 288 2 1 0
4 6 275 289 2 2 0.990046
4 7 254 264 0 0 0.511735
4 7 254 265 0 1 0
4 7 254 266 0 2 0.256653
4 7 255 264 1 0 0
4 7 255 265 1 1 0.997209
4 7 255 266 1 2 0
4 7 256 264 2 0 0
4 7 256 265 2 1 0
4 7 256 266 2 2 0.524847
4 8 264 280 0 0 0
4 8 264 281 0 1 0
4 8 265 280 1 0 0
4 8 265 281 1 1 0.978252
4 8 266 280 2 0 0.984948
4 8 266 281 2 1 0
4 9 280 290 0 0 0.949721
4 9 280 291 0 1 0
4 9 281 290 1 0 0
4 9 281 291 1 1 0.998528
4 10 264 276 0 0 0
4 10 265 276 1 0 0.977882
4 10 266 276 2 0 0
4 11 254 267 0 0 0.505161
4 11 254 268 0 1 0
4 11 254 269 0 2 0
4 11 255 267 1 0 0
4 11 255 268 1 1 0.996359
4 11 255 269 1 2 0
4 11 256 267 2 0 0.256503
4 11 256 268 2 1 0
4 11 256 269 2 2 0.513817
4 12 267 282 0 0 0.534504
4 12 267 283 0 1 0
4 12 268 282 1 0 0
4 12 268 283 1 1 0.986714
4 12 269 282 2 0 0.465496
4 12 269 283 2 1 0
4 13 282 292 0 0 0.986288
4 13 282 293 0 1 0
4 13 283 292 1 0 0
4 13 283 293 1 1 0.985606
4 14 267 277 0 0 0.270145
4 14 267 278 0 1 0
4 14 267 279 0 2 0.251313
4 14 268 277 1 0 0
4 14 268 278 1 1 0.916306
4 14 268 279 1 2 0
4 14 269 277 2 0 0.251247
4 14 269 278 2 1 0
4 14 269 279 2 2 0.270217
4 15 254 262 0 0 0.503613
4 15 254 263 0 1 0.268914
4 15 255 262 1 0 0
4 15 255 263 1 1 0
4 15 256 262 2 0 0
4 15 256 263 2 1 0.541742
4 16 287 294 0 0 0
4 16 287 295 0 1 0
4 16 288 294 1 0 0.924925
4 16 288 295 1 1 0
4 16 289 294 2 0 0
4 16 289 295 2 1 0.941626
4 17 284 296 0 0 0.92779
4 17 284 297 0 1 0
4 17 284 298 0 2 0
4 17 285 296 1 0 0
4 17 285 297 1 1 0.939718
4 17 285 298 1 2 0
4 17 286 296 2 0 0
4 17 286 297 2 1 0
4 17 286 298 2 2 0.723768
E jointIdx viewA viewB aOverAllIdx bOverallIdx score
0 0 1 0 60 0.704535
0 0 1 0 61 0.38457
0 0 1 0 62 0.275485
0 0 1 0 63 -1
0 0 1 1 60 -1
0 0 1 1 61 0.649521
0 0 1 1 62 0.664189
0 0 1 1 63 -1
0 0 1 2 60 0.0304854
0 0 1 2 61 0.330655
0 0 1 2 62 0.405937
0 0 1 2 63 0.159671
0 0 1 3 60 -1
0 0 1 3 61 -0.818643
0 0 1 3 62 -1
0 0 1 3 63 0.844455
0 0 2 0 121 -1
0 0 2 0 122 0.962394
0 0 2 0 123 0.596742
0 0 2 0 124 -1
0 0 2 1 121 0.880321
0 0 2 1 122 -1
0 0 2 1 123 -1
0 0 2 1 124 -1
0 0 2 2 121 -1
0 0 2 2 122 -1
0 0 2 2 123 -1
0 0 2 2 124 0.650492
0 0 2 3 121 -1
0 0 2 3 122 0.958128
0 0 2 3 123 0.523457
0 0 2 3 124 -1
0 0 3 0 183 0.938311
0 0 3 0 184 -1
0 0 3 0 185 -1
0 0 3 0 186 0.490281
0 0 3 1 183 -1
0 0 3 1 184 0.863925
0 0 3 1 185 -1
0 0 3 1 186 -1
0 0 3 2 183 -1
0 0 3 2 184 -1
0 0 3 2 185 0.58861
0 0 3 2 186 -1
0 0 3 3 183 0.444207
0 0 3 3 184 -1
0 0 3 3 185 -1
0 0 3 3 186 0.971341
0 0 4 0 251 0.666841
0 0 4 0 252 0.848091
0 0 4 0 253 -1
0 0 4 1 251 -1
0 0 4 1 252 -1
0 0 4 1 253 0.886165
0 0 4 2 251 0.894951
0 0 4 2 252 0.865721
0 0 4 2 253 -1
0 0 4 3 251 -1
0 0 4 3 252 -1
0 0 4 3 253 -1
0 1 2 60 121 -1
0 1 2 60 122 -1
0 1 2 60 123 0.8599
0 1 2 60 124 0.781874
0 1 2 61 121 0.784202
0 1 2 61 122 -1
0 1 2 61 123 -1
0 1 2 61 124 -1
0 1 2 62 121 -1
0 1 2 62 122 -1
0 1 2 62 123 0.652487
0 1 2 62 124 0.915399
0 1 2 63 121 -1
0 1 2 63 122 0.706475
0 1 2 63 123 -1
0 1 2 63 124 -1
0 1 3 60 183 0.209157
0 1 3 60 184 0.186335
0 1 3 60 185 0.217032
0 1 3 60 186 0.313833
0 1 3 61 183 0.741753
0 1 3 61 184 0.690474
0 1 3 61 185 -1
0 1 3 61 186 -1
0 1 3 62 183 -1
0 1 3 62 184 -0.716736
0 1 3 62 185 0.867499
0 1 3 62 186 0.837685
0 1 3 63 183 0.719703
0 1 3 63 184 0.696638
0 1 3 63 185 -1
0 1 3 63 186 -1
0 1 4 60 251 -1
0 1 4 60 252 0.446269
0 1 4 60 253 -1
0 1 4 61 251 -1
0 1 4 61 252 -1
0 1 4 61 253 0.833247
0 1 4 62 251 0.818925
0 1 4 62 252 0.104389
0 1 4 62 253 -1
0 1 4 63 251 -1
0 1 4 63 252 -1
0 1 4 63 253 0.0421768
0 2 3 121 183 -1
0 2 3 121 184 0.847331
0 2 3 121 185 -1
0 2 3 121 186 -1
0 2 3 122 183 0.397758
0 2 3 122 184 -1
0 2 3 122 185 -1
0 2 3 122 186 0.346679
0 2 3 123 183 0.854791
0 2 3 123 184 -1
0 2 3 123 185 -1
0 2 3 123 186 0.797548
0 2 3 124 183 -1
0 2 3 124 184 -1
0 2 3 124 185 0.955428
0 2 3 124 186 -1
0 2 4 121 251 -1
0 2 4 121 252 -1
0 2 4 121 253 0.666201
0 2 4 122 251 -1
0 2 4 122 252 -1
0 2 4 122 253 0.484581
0 2 4 123 251 -1
0 2 4 123 252 0.664569
0 2 4 123 253 -1
0 2 4 124 251 0.993001
0 2 4 124 252 -1
0 2 4 124 253 -1
0 3 4 183 251 0.218927
0 3 4 183 252 -0.857551
0 3 4 183 253 -1
0 3 4 184 251 0.116654
0 3 4 184 252 0.354566
0 3 4 184 253 0.364455
0 3 4 185 251 0.245326
0 3 4 185 252 0.244945
0 3 4 185 253 0.247326
0 3 4 186 251 0.0543736
0 3 4 186 252 0.473388
0 3 4 186 253 0.344463
1 0 1 4 64 0.119291
1 0 1 4 65 0.113181
1 0 1 4 66 0.0760118
1 0 1 4 67 0.0571804
1 0 1 5 64 0.0939918
1 0 1 5 65 0.0991155
1 0 1 5 66 0.0875096
1 0 1 5 67 0.0775432
1 0 1 6 64 0.0777024
1 0 1 6 65 0.0807975
1 0 1 6 66 0.0934129
1 0 1 6 67 0.100653
1 0 1 7 64 0.0515838
1 0 1 7 65 0.0491089
1 0 1 7 66 0.104576
1 0 1 7 67 0.137622
1 0 2 4 125 -1
1 0 2 4 126 -1
1 0 2 4 127 -1
1 0 2 4 128 0.764384
1 0 2 5 125 -1
1 0 2 5 126 0.109181
1 0 2 5 127 0.966663
1 0 2 5 128 -1
1 0 2 6 125 0.237391
1 0 2 6 126 0.92749
1 0 2 6 127 -1
1 0 2 6 128 -1
1 0 2 7 125 0.880203
1 0 2 7 126 0.315602
1 0 2 7 127 -1
1 0 2 7 128 -1
1 0 3 4 187 0.0944504
1 0 3 4 188 0.225531
1 0 3 4 189 0.0327167
1 0 3 4 190 0.0643698
1 0 3 5 187 0.116735
1 0 3 5 188 0.0769258
1 0 3 5 189 0.088286
1 0 3 5 190 0.0975776
1 0 3 6 187 0.0886486
1 0 3 6 188 0.058981
1 0 3 6 189 0.118658
1 0 3 6 190 0.10454
1 0 3 7 187 0.07833
1 0 3 7 188 0.0552101
1 0 3 7 189 0.127567
1 0 3 7 190 0.107221
1 0 4 4 254 0.307843
1 0 4 4 255 -1
1 0 4 4 256 0.357105
1 0 4 5 254 0.187793
1 0 4 5 255 0.0368895
1 0 4 5 256 0.186418
1 0 4 6 254 0.155677
1 0 4 6 255 0.246824
1 0 4 6 256 0.135941
1 0 4 7 254 0.0732993
1 0 4 7 255 0.649772
1 0 4 7 256 0.0621979
1 1 2 64 125 -1
1 1 2 64 126 -1
1 1 2 64 127 0.00856739
1 1 2 64 128 0.983997
1 1 2 65 125 -1
1 1 2 65 126 -1
1 1 2 65 127 0.892038
1 1 2 65 128 0.37196
1 1 2 66 125 -1
1 1 2 66 126 0.779145
1 1 2 66 127 -1
1 1 2 66 128 -1
1 1 2 67 125 0.919606
1 1 2 67 126 -1
1 1 2 67 127 -1
1 1 2 67 128 -1
1 1 3 64 187 0.102695
1 1 3 64 188 0.11143
1 1 3 64 189 0.0634626
1 1 3 64 190 0.0719818
1 1 3 65 187 0.101235
1 1 3 65 188 0.109027
1 1 3 65 189 0.066794
1 1 3 65 190 0.0727556
1 1 3 66 187 0.078228
1 1 3 66 188 0.0660863
1 1 3 66 189 0.103993
1 1 3 66 190 0.10315
1 1 3 67 187 0.0627561
1 1 3 67 188 0.0573063
1 1 3 67 189 0.125502
1 1 3 67 190 0.107469
1 1 4 64 254 -1
1 1 4 64 255 -1
1 1 4 64 256 0.934094
1 1 4 65 254 0.862861
1 1 4 65 255 -1
1 1 4 65 256 -1
1 1 4 66 254 -1
1 1 4 66 255 0.619443
1 1 4 66 256 -1
1 1 4 67 254 -1
1 1 4 67 255 0.808004
1 1 4 67 256 -1
1 2 3 125 187 -1
1 2 3 125 188 -1
1 2 3 125 189 0.87241
1 2 3 125 190 -1
1 2 3 126 187 -1
1 2 3 126 188 -1
1 2 3 126 189 -1
1 2 3 126 190 0.739671
1 2 3 127 187 0.83849
1 2 3 127 188 -1
1 2 3 127 189 -1
1 2 3 127 190 -1
1 2 3 128 187 -1
1 2 3 128 188 0.953515
1 2 3 128 189 -1
1 2 3 128 190 -1
1 2 4 125 254 -1
1 2 4 125 255 0.793213
1 2 4 125 256 -1
1 2 4 126 254 -1
1 2 4 126 255 0.280079
1 2 4 126 256 -1
1 2 4 127 254 0.966472
1 2 4 127 255 -1
1 2 4 127 256 0.698018
1 2 4 128 254 0.538346
1 2 4 128 255 -1
1 2 4 128 256 0.942465
1 3 4 187 254 0.118604
1 3 4 187 255 0.116786
1 3 4 187 256 0.0800026
1 3 4 188 254 0.0927918
1 3 4 188 255 0.094358
1 3 4 188 256 0.125823
1 3 4 189 254 0.113738
1 3 4 189 255 0.116567
1 3 4 189 256 0.0849209
1 3 4 190 254 0.0888593
1 3 4 190 255 0.0858218
1 3 4 190 256 0.137552
2 0 1 8 68 0.679234
2 0 1 8 69 0.415886
2 0 1 8 70 0.234288
2 0 1 8 71 -1
2 0 1 9 68 -1
2 0 1 9 69 0.689171
2 0 1 9 70 0.560809
2 0 1 9 71 -1
2 0 1 10 68 0.00930302
2 0 1 10 69 0.298613
2 0 1 10 70 0.434752
2 0 1 10 71 0.173273
2 0 1 11 68 -1
2 0 1 11 69 -0.780337
2 0 1 11 70 -1
2 0 1 11 71 0.877462
2 0 2 8 129 -1
2 0 2 8 130 0.844671
2 0 2 8 131 0.890815
2 0 2 8 132 -1
2 0 2 9 129 0.754145
2 0 2 9 130 -1
2 0 2 9 131 -1
2 0 2 9 132 -1
2 0 2 10 129 -1
2 0 2 10 130 -1
2 0 2 10 131 -1
2 0 2 10 132 0.733833
2 0 2 11 129 -1
2 0 2 11 130 0.468556
2 0 2 11 131 -1
2 0 2 11 132 -1
2 0 3 8 191 0.501145
2 0 3 8 192 -1
2 0 3 8 193 -1
2 0 3 8 194 0.492509
2 0 3 9 191 0.1696
2 0 3 9 192 0.831526
2 0 3 9 193 -1
2 0 3 9 194 -1
2 0 3 10 191 -1
2 0 3 10 192 -1
2 0 3 10 193 0.633383
2 0 3 10 194 -1
2 0 3 11 191 0.49188
2 0 3 11 192 -1
2 0 3 11 193 -1
2 0 3 11 194 0.161034
2 0 4 8 257 0.838831
2 0 4 8 258 0.948116
2 0 4 8 259 -1
2 0 4 9 257 -1
2 0 4 9 258 -1
2 0 4 9 259 0.918639
2 0 4 10 257 0.974202
2 0 4 10 258 0.756413
2 0 4 10 259 -1
2 0 4 11 257 -1
2 0 4 11 258 -1
2 0 4 11 259 0.79178
2 1 2 68 129 -1
2 1 2 68 130 -1
2 1 2 68 131 0.863676
2 1 2 68 132 0.458008
2 1 2 69 129 0.880795
2 1 2 69 130 -1
2 1 2 69 131 -1
2 1 2 69 132 -1
2 1 2 70 129 -1
2 1 2 70 130 -1
2 1 2 70 131 0.355334
2 1 2 70 132 0.993123
2 1 2 71 129 -1
2 1 2 71 130 0.528305
2 1 2 71 131 -1
2 1 2 71 132 -1
2 1 3 68 191 0.190498
2 1 3 68 192 0.21426
2 1 3 68 193 0.26088
2 1 3 68 194 0.294219
2 1 3 69 191 0.609495
2 1 3 69 192 0.692627
2 1 3 69 193 -1
2 1 3 69 194 -1
2 1 3 70 191 -1
2 1 3 70 192 -0.842206
2 1 3 70 193 0.78342
2 1 3 70 194 0.92531
2 1 3 71 191 0.751777
2 1 3 71 192 0.792749
2 1 3 71 193 -1
2 1 3 71 194 -1
2 1 4 68 257 -1
2 1 4 68 258 0.172411
2 1 4 68 259 -1
2 1 4 69 257 -1
2 1 4 69 258 -1
2 1 4 69 259 0.905228
2 1 4 70 257 0.897483
2 1 4 70 258 -1
2 1 4 70 259 -1
2 1 4 71 257 -1
2 1 4 71 258 -1
2 1 4 71 259 -1
2 2 3 129 191 -1
2 2 3 129 192 0.820302
2 2 3 129 193 -1
2 2 3 129 194 -1
2 2 3 130 191 -1
2 2 3 130 192 -1
2 2 3 130 193 -1
2 2 3 130 194 0.898558
2 2 3 131 191 0.71325
2 2 3 131 192 -1
2 2 3 131 193 -1
2 2 3 131 194 0.570177
2 2 3 132 191 -1
2 2 3 132 192 -1
2 2 3 132 193 0.884319
2 2 3 132 194 -1
2 2 4 129 257 -1
2 2 4 129 258 -1
2 2 4 129 259 0.830499
2 2 4 130 257 -1
2 2 4 130 258 -1
2 2 4 130 259 -1
2 2 4 131 257 -1
2 2 4 131 258 0.880439
2 2 4 131 259 -1
2 2 4 132 257 0.930372
2 2 4 132 258 -1
2 2 4 132 259 -1
2 3 4 191 257 0.597418
2 3 4 191 258 -0.955366
2 3 4 191 259 -1
2 3 4 192 257 0.164118
2 3 4 192 258 0.386768
2 3 4 192 259 0.431045
2 3 4 193 257 0.630554
2 3 4 193 258 0.328821
2 3 4 193 259 0.0252626
2 3 4 194 257 -1
2 3 4 194 258 0.677905
2 3 4 194 259 0.721259
3 0 1 12 72 0.378645
3 0 1 12 73 0.329561
3 0 1 12 74 -1
3 0 1 13 72 0.628982
3 0 1 13 73 0.774809
3 0 1 13 74 -1
3 0 1 14 72 0.352152
3 0 1 14 73 0.371066
3 0 1 14 74 0.156494
3 0 1 15 72 -0.791755
3 0 1 15 73 -0.930614
3 0 1 15 74 0.855787
3 0 2 12 133 -1
3 0 2 12 134 0.652537
3 0 2 12 135 0.280419
3 0 2 12 136 -1
3 0 2 13 133 0.576359
3 0 2 13 134 -1
3 0 2 13 135 -1
3 0 2 13 136 -1
3 0 2 14 133 -1
3 0 2 14 134 -1
3 0 2 14 135 -1
3 0 2 14 136 0.591589
3 0 2 15 133 -1
3 0 2 15 134 0.741698
3 0 2 15 135 0.767954
3 0 2 15 136 -1
3 0 3 12 195 0.721911
3 0 3 12 196 -1
3 0 3 12 197 -1
3 0 3 12 198 0.498357
3 0 3 13 195 -1
3 0 3 13 196 0.735247
3 0 3 13 197 -1
3 0 3 13 198 -1
3 0 3 14 195 -1
3 0 3 14 196 -1
3 0 3 14 197 0.480379
3 0 3 14 198 -1
3 0 3 15 195 0.365964
3 0 3 15 196 -1
3 0 3 15 197 -1
3 0 3 15 198 0.272763
3 0 4 12 260 0.566408
3 0 4 12 261 -1
3 0 4 13 260 -1
3 0 4 13 261 0.885012
3 0 4 14 260 0.972888
3 0 4 14 261 -1
3 0 4 15 260 -1
3 0 4 15 261 -1
3 1 2 72 133 0.610068
3 1 2 72 134 0.358204
3 1 2 72 135 -1
3 1 2 72 136 -1
3 1 2 73 133 -1
3 1 2 73 134 -1
3 1 2 73 135 0.850638
3 1 2 73 136 0.850815
3 1 2 74 133 -1
3 1 2 74 134 0.996028
3 1 2 74 135 -1
3 1 2 74 136 -1
3 1 3 72 195 0.869817
3 1 3 72 196 0.937332
3 1 3 72 197 -1
3 1 3 72 198 -1
3 1 3 73 195 -1
3 1 3 73 196 -1
3 1 3 73 197 0.947703
3 1 3 73 198 0.646972
3 1 3 74 195 0.583961
3 1 3 74 196 0.703492
3 1 3 74 197 -1
3 1 3 74 198 -1
3 1 4 72 260 -1
3 1 4 72 261 0.902274
3 1 4 73 260 0.616785
3 1 4 73 261 -1
3 1 4 74 260 -1
3 1 4 74 261 0.722291
3 2 3 133 195 -1
3 2 3 133 196 0.97861
3 2 3 133 197 -1
3 2 3 133 198 -1
3 2 3 134 195 0.638256
3 2 3 134 196 -1
3 2 3 134 197 -1
3 2 3 134 198 -1
3 2 3 135 195 0.522598
3 2 3 135 196 -1
3 2 3 135 197 -1
3 2 3 135 198 0.982325
3 2 3 136 195 -1
3 2 3 136 196 -1
3 2 3 136 197 0.945542
3 2 3 136 198 -1
3 2 4 133 260 -1
3 2 4 133 261 0.54261
3 2 4 134 260 -1
3 2 4 134 261 0.907163
3 2 4 135 260 0.37017
3 2 4 135 261 -1
3 2 4 136 260 0.24061
3 2 4 136 261 -1
3 3 4 195 260 -0.848625
3 3 4 195 261 -1
3 3 4 196 260 0.448447
3 3 4 196 261 0.47156
3 3 4 197 260 0.390468
3 3 4 197 261 0.539881
3 3 4 198 260 0.511284
3 3 4 198 261 0.194885
4 0 1 16 75 0.272811
4 0 1 16 76 0.158244
4 0 1 16 77 0.101348
4 0 1 16 78 0.0845298
4 0 1 17 75 0.258214
4 0 1 17 76 0.150973
4 0 1 17 77 0.105865
4 0 1 17 78 0.0935318
4 0 1 18 75 -1
4 0 1 18 76 0.0270789
4 0 1 18 77 0.347654
4 0 1 18 78 0.439231
4 0 2 16 137 -1
4 0 2 16 138 0.446883
4 0 2 17 137 -1
4 0 2 17 138 -1
4 0 2 18 137 0.666763
4 0 2 18 138 0.333237
4 0 3 16 199 0.447203
4 0 3 16 200 -1
4 0 3 16 201 0.354453
4 0 3 17 199 0.975065
4 0 3 17 200 -1
4 0 3 17 201 -1
4 0 3 18 199 -1
4 0 3 18 200 0.894697
4 0 3 18 201 0.545421
4 0 4 16 262 0.658716
4 0 4 16 263 0.341284
4 0 4 17 262 0.271247
4 0 4 17 263 0.728753
4 0 4 18 262 -1
4 0 4 18 263 -1
4 1 2 75 137 0.404764
4 1 2 75 138 -1
4 1 2 76 137 -1
4 1 2 76 138 -1
4 1 2 77 137 -1
4 1 2 77 138 0.940932
4 1 2 78 137 0.917222
4 1 2 78 138 0.0827784
4 1 3 75 199 0.426341
4 1 3 75 200 -1
4 1 3 75 201 0.0796007
4 1 3 76 199 0.382697
4 1 3 76 200 0.0102732
4 1 3 76 201 0.0784651
4 1 3 77 199 0.0314794
4 1 3 77 200 0.475247
4 1 3 77 201 0.207573
4 1 3 78 199 0.0480871
4 1 3 78 200 0.457842
4 1 3 78 201 0.19939
4 1 4 75 262 -1
4 1 4 75 263 0.965763
4 1 4 76 262 0.935157
4 1 4 76 263 -1
4 1 4 77 262 -1
4 1 4 77 263 -1
4 1 4 78 262 -1
4 1 4 78 263 -1
4 2 3 137 199 -1
4 2 3 137 200 0.979398
4 2 3 137 201 -1
4 2 3 138 199 0.182398
4 2 3 138 200 -1
4 2 3 138 201 0.871661
4 2 4 137 262 -1
4 2 4 137 263 -1
4 2 4 138 262 0.0432909
4 2 4 138 263 -1
4 3 4 199 262 0.150257
4 3 4 199 263 0.353868
4 3 4 200 262 0.444208
4 3 4 200 263 0.231455
4 3 4 201 262 -1
4 3 4 201 263 0.297097
5 0 1 19 79 0.149724
5 0 1 19 80 0.127863
5 0 1 19 81 0.095911
5 0 1 19 82 0.0793948
5 0 1 20 79 0.108264
5 0 1 20 80 0.120848
5 0 1 20 81 0.112656
5 0 1 20 82 0.108314
5 0 1 21 79 0.07122
5 0 1 21 80 0.0827586
5 0 1 21 81 0.133822
5 0 1 21 82 0.160355
5 0 2 19 139 -1
5 0 2 19 140 -1
5 0 2 19 141 -1
5 0 2 19 142 0.893745
5 0 2 20 139 -1
5 0 2 20 140 -1
5 0 2 20 141 0.690341
5 0 2 20 142 -1
5 0 2 21 139 0.864384
5 0 2 21 140 0.867919
5 0 2 21 141 -1
5 0 2 21 142 -1
5 0 3 19 202 0.187205
5 0 3 19 203 0.418945
5 0 3 19 204 0.0643394
5 0 3 20 202 0.241875
5 0 3 20 203 0.144048
5 0 3 20 204 0.20346
5 0 3 21 202 0.171466
5 0 3 21 203 0.0685883
5 0 3 21 204 0.335134
5 0 4 19 264 0.190008
5 0 4 19 265 0.0879932
5 0 4 19 266 0.231359
5 0 4 20 264 0.193562
5 0 4 20 265 0.101393
5 0 4 20 266 0.220386
5 0 4 21 264 0.16189
5 0 4 21 265 0.334228
5 0 4 21 266 0.101573
5 1 2 79 139 0.389757
5 1 2 79 140 -1
5 1 2 79 141 -1
5 1 2 79 142 0.883494
5 1 2 80 139 -1
5 1 2 80 140 -1
5 1 2 80 141 0.85034
5 1 2 80 142 -1
5 1 2 81 139 -1
5 1 2 81 140 0.660904
5 1 2 81 141 -1
5 1 2 81 142 -1
5 1 2 82 139 0.899976
5 1 2 82 140 -1
5 1 2 82 141 -1
5 1 2 82 142 0.720265
5 1 3 79 202 0.15049
5 1 3 79 203 0.175967
5 1 3 79 204 0.0674362
5 1 3 80 202 0.148306
5 1 3 80 203 0.157392
5 1 3 80 204 0.0873019
5 1 3 81 202 0.120304
5 1 3 81 203 0.0953819
5 1 3 81 204 0.177786
5 1 3 82 202 0.0932186
5 1 3 82 203 0.0736368
5 1 3 82 204 0.22966
5 1 4 79 264 -1
5 1 4 79 265 -1
5 1 4 79 266 0.9792
5 1 4 80 264 0.71843
5 1 4 80 265 -1
5 1 4 80 266 -1
5 1 4 81 264 -1
5 1 4 81 265 0.298398
5 1 4 81 266 -1
5 1 4 82 264 -1
5 1 4 82 265 0.84168
5 1 4 82 266 -1
5 2 3 139 202 -1
5 2 3 139 203 -1
5 2 3 139 204 0.76746
5 2 3 140 202 0.187934
5 2 3 140 203 -1
5 2 3 140 204 -1
5 2 3 141 202 0.774571
5 2 3 141 203 -1
5 2 3 141 204 -1
5 2 3 142 202 -1
5 2 3 142 203 0.90265
5 2 3 142 204 -1
5 2 4 139 264 -1
5 2 4 139 265 0.992253
5 2 4 139 266 -1
5 2 4 140 264 -1
5 2 4 140 265 0.860118
5 2 4 140 266 -1
5 2 4 141 264 0.876268
5 2 4 141 265 -1
5 2 4 141 266 0.386752
5 2 4 142 264 0.498956
5 2 4 142 265 -1
5 2 4 142 266 0.939428
5 3 4 202 264 0.143937
5 3 4 202 265 0.139149
5 3 4 202 266 0.120088
5 3 4 203 264 0.116535
5 3 4 203 265 0.129127
5 3 4 203 266 0.151882
5 3 4 204 264 0.139018
5 3 4 204 265 0.132504
5 3 4 204 266 0.130813
6 0 1 22 83 0.143694
6 0 1 22 84 0.101281
6 0 1 22 85 0.0863079
6 0 1 23 83 0.133739
6 0 1 23 84 0.105371
6 0 1 23 85 0.0906055
6 0 1 24 83 0.113041
6 0 1 24 84 0.113433
6 0 1 24 85 0.100065
6 0 1 25 83 0.0272558
6 0 1 25 84 0.117644
6 0 1 25 85 0.174038
6 0 2 22 143 -1
6 0 2 22 144 -1
6 0 2 22 145 -1
6 0 2 22 146 0.612459
6 0 2 23 143 -1
6 0 2 23 144 0.587193
6 0 2 23 145 0.474727
6 0 2 23 146 -1
6 0 2 24 143 -1
6 0 2 24 144 0.873886
6 0 2 24 145 -1
6 0 2 24 146 -1
6 0 2 25 143 0.729915
6 0 2 25 144 -1
6 0 2 25 145 -1
6 0 2 25 146 -1
6 0 3 22 205 0.0698804
6 0 3 22 206 0.0482188
6 0 3 22 207 0.167713
6 0 3 22 208 0.0789538
6 0 3 23 205 0.101694
6 0 3 23 206 0.0845867
6 0 3 23 207 0.0793469
6 0 3 23 208 0.0925815
6 0 3 24 205 0.098822
6 0 3 24 206 0.102197
6 0 3 24 207 0.0670776
6 0 3 24 208 0.0906439
6 0 3 25 205 0.0804017
6 0 3 25 206 0.119236
6 0 3 25 207 0.063733
6 0 3 25 208 0.0957433
6 0 4 22 267 0.424327
6 0 4 22 268 -1
6 0 4 22 269 0.762542
6 0 4 23 267 0.298721
6 0 4 23 268 -1
6 0 4 23 269 0.517815
6 0 4 24 267 0.276145
6 0 4 24 268 -1
6 0 4 24 269 0.486655
6 0 4 25 267 0.000806982
6 0 4 25 268 0.893044
6 0 4 25 269 -1
6 1 2 83 143 -1
6 1 2 83 144 -1
6 1 2 83 145 0.359201
6 1 2 83 146 0.993952
6 1 2 84 143 -1
6 1 2 84 144 0.977401
6 1 2 84 145 -1
6 1 2 84 146 -1
6 1 2 85 143 0.706416
6 1 2 85 144 0.00257474
6 1 2 85 145 -1
6 1 2 85 146 -1
6 1 3 83 205 0.122193
6 1 3 83 206 0.0877555
6 1 3 83 207 0.144004
6 1 3 83 208 0.0976537
6 1 3 84 205 0.108899
6 1 3 84 206 0.126679
6 1 3 84 207 0.0937972
6 1 3 84 208 0.116591
6 1 3 85 205 0.102728
6 1 3 85 206 0.123216
6 1 3 85 207 0.0950548
6 1 3 85 208 0.124197
6 1 4 83 267 0.279093
6 1 4 83 268 -1
6 1 4 83 269 0.966668
6 1 4 84 267 -1
6 1 4 84 268 0.791451
6 1 4 84 269 -1
6 1 4 85 267 -1
6 1 4 85 268 0.805684
6 1 4 85 269 -1
6 2 3 143 205 -1
6 2 3 143 206 0.59829
6 2 3 143 207 -1
6 2 3 143 208 -1
6 2 3 144 205 -1
6 2 3 144 206 -1
6 2 3 144 207 -1
6 2 3 144 208 0.869048
6 2 3 145 205 0.974639
6 2 3 145 206 -1
6 2 3 145 207 -1
6 2 3 145 208 -1
6 2 3 146 205 -1
6 2 3 146 206 -1
6 2 3 146 207 0.961956
6 2 3 146 208 -1
6 2 4 143 267 -1
6 2 4 143 268 0.600969
6 2 4 143 269 -1
6 2 4 144 267 -1
6 2 4 144 268 -1
6 2 4 144 269 -1
6 2 4 145 267 0.986737
6 2 4 145 268 -1
6 2 4 145 269 0.773991
6 2 4 146 267 0.689369
6 2 4 146 268 -1
6 2 4 146 269 0.95378
6 3 4 205 267 0.113774
6 3 4 205 268 0.141585
6 3 4 205 269 0.080421
6 3 4 206 267 0.114021
6 3 4 206 268 0.138384
6 3 4 206 269 0.0828762
6 3 4 207 267 0.109266
6 3 4 207 268 0.079806
6 3 4 207 269 0.137173
6 3 4 208 267 0.103217
6 3 4 208 268 0.0731714
6 3 4 208 269 0.148877
7 0 1 26 86 0.355816
7 0 1 26 87 0.658052
7 0 1 26 88 -1
7 0 1 26 89 -1
7 0 1 27 86 -1
7 0 1 27 87 0.958396
7 0 1 27 88 -1
7 0 1 27 89 -1
7 0 1 28 86 -1
7 0 1 28 87 0.346338
7 0 1 28 88 0.118719
7 0 1 28 89 0.856784
7 0 1 29 86 -1
7 0 1 29 87 -0.962786
7 0 1 29 88 0.8875
7 0 1 29 89 -1
7 0 2 26 147 0.774017
7 0 2 26 148 -1
7 0 2 27 147 -1
7 0 2 27 148 -1
7 0 2 28 147 -1
7 0 2 28 148 0.353985
7 0 2 29 147 -1
7 0 2 29 148 -1
7 0 3 26 209 0.781743
7 0 3 26 210 -1
7 0 3 26 211 -1
7 0 3 26 212 0.575323
7 0 3 27 209 -1
7 0 3 27 210 0.884146
7 0 3 27 211 -1
7 0 3 27 212 -1
7 0 3 28 209 -1
7 0 3 28 210 -1
7 0 3 28 211 0.48
7 0 3 28 212 -1
7 0 3 29 209 0.499044
7 0 3 29 210 -1
7 0 3 29 211 -1
7 0 3 29 212 -1
7 0 4 26 270 0.651341
7 0 4 26 271 0.781492
7 0 4 26 272 -1
7 0 4 27 270 -1
7 0 4 27 271 -1
7 0 4 27 272 0.798849
7 0 4 28 270 0.967835
7 0 4 28 271 0.248883
7 0 4 28 272 -1
7 0 4 29 270 -1
7 0 4 29 271 -1
7 0 4 29 272 0.903787
7 1 2 86 147 0.406535
7 1 2 86 148 0.593465
7 1 2 87 147 -1
7 1 2 87 148 -1
7 1 2 88 147 -1
7 1 2 88 148 -1
7 1 2 89 147 0.391318
7 1 2 89 148 0.608682
7 1 3 86 209 0.206107
7 1 3 86 210 0.0430137
7 1 3 86 211 -1
7 1 3 86 212 0.125396
7 1 3 87 209 0.842862
7 1 3 87 210 0.816678
7 1 3 87 211 -1
7 1 3 87 212 -1
7 1 3 88 209 0.92621
7 1 3 88 210 0.9213
7 1 3 88 211 -1
7 1 3 88 212 -1
7 1 3 89 209 -0.97518
7 1 3 89 210 -1
7 1 3 89 211 0.785322
7 1 3 89 212 0.816557
7 1 4 86 270 -1
7 1 4 86 271 0.849219
7 1 4 86 272 -1
7 1 4 87 270 -1
7 1 4 87 271 -1
7 1 4 87 272 0.719942
7 1 4 88 270 -1
7 1 4 88 271 -1
7 1 4 88 272 -1
7 1 4 89 270 0.823468
7 1 4 89 271 -1
7 1 4 89 272 -1
7 2 3 147 209 0.510784
7 2 3 147 210 -1
7 2 3 147 211 -1
7 2 3 147 212 0.804122
7 2 3 148 209 -1
7 2 3 148 210 -1
7 2 3 148 211 0.890835
7 2 3 148 212 -1
7 2 4 147 270 -1
7 2 4 147 271 0.83705
7 2 4 147 272 -1
7 2 4 148 270 0.980718
7 2 4 148 271 -1
7 2 4 148 272 -1
7 3 4 209 270 0.252943
7 3 4 209 271 -1
7 3 4 209 272 -1
7 3 4 210 270 -1
7 3 4 210 271 0.832724
7 3 4 210 272 0.822274
7 3 4 211 270 0.990073
7 3 4 211 271 -1
7 3 4 211 272 -1
7 3 4 212 270 -1
7 3 4 212 271 0.894848
7 3 4 212 272 0.902877
8 0 1 30 90 0.556876
8 0 1 30 91 0.419187
8 0 1 30 92 -1
8 0 1 31 90 0.887015
8 0 1 31 91 0.711158
8 0 1 31 92 -1
8 0 1 32 90 0.533446
8 0 1 32 91 0.311451
8 0 1 32 92 -1
8 0 1 33 90 -1
8 0 1 33 91 -1
8 0 1 33 92 0.908699
8 0 2 30 149 -1
8 0 2 30 150 -1
8 0 2 30 151 0.804601
8 0 2 30 152 -1
8 0 2 31 149 0.700114
8 0 2 31 150 -1
8 0 2 31 151 -1
8 0 2 31 152 -1
8 0 2 32 149 -1
8 0 2 32 150 -1
8 0 2 32 151 -1
8 0 2 32 152 0.778806
8 0 2 33 149 -1
8 0 2 33 150 0.941251
8 0 2 33 151 -1
8 0 2 33 152 -1
8 0 3 30 213 0.170903
8 0 3 30 214 -1
8 0 3 30 215 -1
8 0 3 30 216 0.854574
8 0 3 31 213 -1
8 0 3 31 214 0.514236
8 0 3 31 215 -1
8 0 3 31 216 -1
8 0 3 32 213 -1
8 0 3 32 214 -1
8 0 3 32 215 0.818951
8 0 3 32 216 -1
8 0 3 33 213 0.739982
8 0 3 33 214 -1
8 0 3 33 215 -1
8 0 3 33 216 -1
8 0 4 30 273 -1
8 0 4 30 274 0.767185
8 0 4 30 275 -1
8 0 4 31 273 -1
8 0 4 31 274 -1
8 0 4 31 275 0.972676
8 0 4 32 273 0.52338
8 0 4 32 274 0.181755
8 0 4 32 275 -1
8 0 4 33 273 -1
8 0 4 33 274 -1
8 0 4 33 275 -1
8 1 2 90 149 0.584626
8 1 2 90 150 0.876865
8 1 2 90 151 -1
8 1 2 90 152 -1
8 1 2 91 149 -1
8 1 2 91 150 -1
8 1 2 91 151 0.752385
8 1 2 91 152 0.707998
8 1 2 92 149 0.552855
8 1 2 92 150 0.88695
8 1 2 92 151 -1
8 1 2 92 152 -1
8 1 3 90 213 0.465717
8 1 3 90 214 0.409424
8 1 3 90 215 -1
8 1 3 90 216 -1
8 1 3 91 213 -1
8 1 3 91 214 -1
8 1 3 91 215 0.690685
8 1 3 91 216 0.477699
8 1 3 92 213 0.628046
8 1 3 92 214 0.367021
8 1 3 92 215 -1
8 1 3 92 216 -1
8 1 4 90 273 -1
8 1 4 90 274 -1
8 1 4 90 275 0.893802
8 1 4 91 273 0.575242
8 1 4 91 274 0.791501
8 1 4 91 275 -1
8 1 4 92 273 -1
8 1 4 92 274 -1
8 1 4 92 275 0.665437
8 2 3 149 213 -1
8 2 3 149 214 0.80153
8 2 3 149 215 -1
8 2 3 149 216 -1
8 2 3 150 213 0.661049
8 2 3 150 214 -1
8 2 3 150 215 -1
8 2 3 150 216 -1
8 2 3 151 213 0.479612
8 2 3 151 214 -1
8 2 3 151 215 -1
8 2 3 151 216 0.957271
8 2 3 152 213 -1
8 2 3 152 214 -1
8 2 3 152 215 0.844952
8 2 3 152 216 -1
8 2 4 149 273 -1
8 2 4 149 274 -1
8 2 4 149 275 0.69717
8 2 4 150 273 -1
8 2 4 150 274 -1
8 2 4 150 275 0.557488
8 2 4 151 273 -1
8 2 4 151 274 0.434046
8 2 4 151 275 -1
8 2 4 152 273 0.577602
8 2 4 152 274 0.222023
8 2 4 152 275 -1
8 3 4 213 273 0.0763291
8 3 4 213 274 -1
8 3 4 213 275 -1
8 3 4 214 273 -1
8 3 4 214 274 0.915699
8 3 4 214 275 0.585855
8 3 4 215 273 0.727385
8 3 4 215 274 -1
8 3 4 215 275 -1
8 3 4 216 273 -1
8 3 4 216 274 0.656407
8 3 4 216 275 -1
9 0 1 34 93 0.260199
9 0 1 34 94 0.136113
9 0 1 34 95 0.133119
9 0 1 35 93 0.139305
9 0 1 35 94 0.202896
9 0 1 35 95 0.165496
9 0 1 36 93 0.121359
9 0 1 36 94 0.18251
9 0 1 36 95 0.217694
9 0 2 34 153 -1
9 0 2 34 154 0.13715
9 0 2 34 155 0.859369
9 0 2 35 153 0.86315
9 0 2 35 154 -1
9 0 2 35 155 -1
9 0 2 36 153 -1
9 0 2 36 154 0.871837
9 0 2 36 155 0.511325
9 0 3 34 217 -1
9 0 3 34 218 -1
9 0 3 34 219 -1
9 0 3 35 217 -1
9 0 3 35 218 0.400948
9 0 3 35 219 0.766706
9 0 3 36 217 0.892144
9 0 3 36 218 -1
9 0 3 36 219 0.556352
9 0 4 34 276 -1
9 0 4 35 276 0.869624
9 0 4 36 276 -1
9 1 2 93 153 0.547786
9 1 2 93 154 -1
9 1 2 93 155 0.86121
9 1 2 94 153 -1
9 1 2 94 154 0.917272
9 1 2 94 155 -1
9 1 2 95 153 0.905083
9 1 2 95 154 -1
9 1 2 95 155 0.831638
9 1 3 93 217 0.814309
9 1 3 93 218 -1
9 1 3 93 219 0.0985542
9 1 3 94 217 0.682816
9 1 3 94 218 0.043327
9 1 3 94 219 0.225443
9 1 3 95 217 -1
9 1 3 95 218 0.935592
9 1 3 95 219 0.578585
9 1 4 93 276 -1
9 1 4 94 276 -1
9 1 4 95 276 0.778393
9 2 3 153 217 -1
9 2 3 153 218 0.988237
9 2 3 153 219 -1
9 2 3 154 217 0.987093
9 2 3 154 218 -1
9 2 3 154 219 0.167175
9 2 3 155 217 -1
9 2 3 155 218 -1
9 2 3 155 219 -1
9 2 4 153 276 0.976195
9 2 4 154 276 -1
9 2 4 155 276 -1
9 3 4 217 276 0.44442
9 3 4 218 276 0.464278
9 3 4 219 276 0.0913017
10 0 1 37 96 0.260238
10 0 1 37 97 0.172642
10 0 1 38 96 0.250744
10 0 1 38 97 0.185609
10 0 1 39 96 0.157355
10 0 1 39 97 0.313148
10 0 2 37 156 0.544224
10 0 2 37 157 -1
10 0 2 38 156 0.175112
10 0 2 38 157 -1
10 0 2 39 156 0.280664
10 0 2 39 157 -1
10 0 3 37 220 0.576916
10 0 3 37 221 -1
10 0 3 37 222 0.458836
10 0 3 38 220 0.517213
10 0 3 38 221 0.0166726
10 0 3 38 222 0.262186
10 0 3 39 220 -1
10 0 3 39 221 -1
10 0 3 39 222 0.107784
10 0 4 37 277 -1
10 0 4 37 278 -1
10 0 4 37 279 -1
10 0 4 38 277 0.815272
10 0 4 38 278 -1
10 0 4 38 279 0.244405
10 0 4 39 277 -1
10 0 4 39 278 0.943027
10 0 4 39 279 -1
10 1 2 96 156 0.988424
10 1 2 96 157 -1
10 1 2 97 156 -1
10 1 2 97 157 -1
10 1 3 96 220 0.0813384
10 1 3 96 221 0.141222
10 1 3 96 222 0.533785
10 1 3 97 220 -1
10 1 3 97 221 -1
10 1 3 97 222 0.410027
10 1 4 96 277 -1
10 1 4 96 278 0.324092
10 1 4 96 279 -1
10 1 4 97 277 -1
10 1 4 97 278 0.675908
10 1 4 97 279 -1
10 2 3 156 220 -1
10 2 3 156 221 0.0272429
10 2 3 156 222 0.98692
10 2 3 157 220 -1
10 2 3 157 221 0.972757
10 2 3 157 222 -1
10 2 4 156 277 -1
10 2 4 156 278 -1
10 2 4 156 279 -1
10 2 4 157 277 0.514216
10 2 4 157 278 -1
10 2 4 157 279 0.977322
10 3 4 220 277 0.52523
10 3 4 220 278 0.357962
10 3 4 220 279 0.0592788
10 3 4 221 277 0.071437
10 3 4 221 278 0.147905
10 3 4 221 279 0.396174
10 3 4 222 277 -1
10 3 4 222 278 -1
10 3 4 222 279 0.418061
11 0 1 40 98 0.520061
11 0 1 40 99 0.479939
11 0 1 41 98 0.515011
11 0 1 41 99 0.484989
11 0 1 42 98 -1
11 0 1 42 99 -1
11 0 2 40 158 -1
11 0 2 40 159 -1
11 0 2 40 160 0.736415
11 0 2 40 161 -1
11 0 2 41 158 -1
11 0 2 41 159 -1
11 0 2 41 160 -1
11 0 2 41 161 0.88953
11 0 2 42 158 -1
11 0 2 42 159 0.876976
11 0 2 42 160 -1
11 0 2 42 161 -1
11 0 3 40 223 -1
11 0 3 40 224 0.976691
11 0 3 40 225 0.0105034
11 0 3 41 223 0.827909
11 0 3 41 224 -1
11 0 3 41 225 -1
11 0 3 42 223 -1
11 0 3 42 224 0.524051
11 0 3 42 225 0.121441
11 0 4 40 280 0.649646
11 0 4 40 281 -1
11 0 4 41 280 0.817229
11 0 4 41 281 -1
11 0 4 42 280 -1
11 0 4 42 281 -1
11 1 2 98 158 -1
11 1 2 98 159 -1
11 1 2 98 160 -1
11 1 2 98 161 0.71867
11 1 2 99 158 0.570309
11 1 2 99 159 -1
11 1 2 99 160 -1
11 1 2 99 161 0.28133
11 1 3 98 223 0.192768
11 1 3 98 224 0.194943
11 1 3 98 225 0.19022
11 1 3 99 223 0.192232
11 1 3 99 224 0.18989
11 1 3 99 225 0.194975
11 1 4 98 280 0.338742
11 1 4 98 281 0.264961
11 1 4 99 280 0.278287
11 1 4 99 281 0.333219
11 2 3 158 223 -1
11 2 3 158 224 -1
11 2 3 158 225 0.301248
11 2 3 159 223 -1
11 2 3 159 224 0.160296
11 2 3 159 225 -1
11 2 3 160 223 -1
11 2 3 160 224 0.677123
11 2 3 160 225 -1
11 2 3 161 223 0.936581
11 2 3 161 224 -1
11 2 3 161 225 -1
11 2 4 158 280 -1
11 2 4 158 281 0.537607
11 2 4 159 280 -1
11 2 4 159 281 -1
11 2 4 160 280 -1
11 2 4 160 281 -1
11 2 4 161 280 0.75624
11 2 4 161 281 -1
11 3 4 223 280 0.437401
11 3 4 223 281 0.0804169
11 3 4 224 280 0.267818
11 3 4 224 281 0.321441
11 3 4 225 280 0.184102
11 3 4 225 281 0.394807
12 0 1 43 100 0.344512
12 0 1 43 101 0.29954
12 0 1 44 100 0.310238
12 0 1 44 101 0.351074
12 0 2 43 162 0.773101
12 0 2 43 163 -1
12 0 2 43 164 -1
12 0 2 43 165 -1
12 0 2 44 162 -1
12 0 2 44 163 0.530136
12 0 2 44 164 0.911604
12 0 2 44 165 -1
12 0 3 43 226 0.437052
12 0 3 43 227 -1
12 0 3 43 228 0.102306
12 0 3 44 226 0.562948
12 0 3 44 227 -1
12 0 3 44 228 0.476878
12 0 4 43 282 -1
12 0 4 43 283 0.961112
12 0 4 44 282 0.580405
12 0 4 44 283 -1
12 1 2 100 162 0.0264998
12 1 2 100 163 -1
12 1 2 100 164 0.9868
12 1 2 100 165 -1
12 1 2 101 162 -1
12 1 2 101 163 0.876039
12 1 2 101 164 -1
12 1 2 101 165 0.864444
12 1 3 100 226 0.687989
12 1 3 100 227 0.161379
12 1 3 100 228 0.119907
12 1 3 101 226 0.0938995
12 1 3 101 227 0.419295
12 1 3 101 228 0.406975
12 1 4 100 282 -1
12 1 4 100 283 0.66195
12 1 4 101 282 0.875201
12 1 4 101 283 -1
12 2 3 162 226 -1
12 2 3 162 227 -1
12 2 3 162 228 -1
12 2 3 163 226 -1
12 2 3 163 227 -1
12 2 3 163 228 0.987597
12 2 3 164 226 0.737076
12 2 3 164 227 -1
12 2 3 164 228 -1
12 2 3 165 226 -1
12 2 3 165 227 0.923122
12 2 3 165 228 -1
12 2 4 162 282 -1
12 2 4 162 283 0.819891
12 2 4 163 282 0.934996
12 2 4 163 283 -1
12 2 4 164 282 -1
12 2 4 164 283 -1
12 2 4 165 282 0.327236
12 2 4 165 283 -1
12 3 4 226 282 -1
12 3 4 226 283 -1
12 3 4 227 282 0.311549
12 3 4 227 283 0.688451
12 3 4 228 282 0.635119
12 3 4 228 283 0.364881
13 0 1 45 102 0.929578
13 0 1 45 103 0.358453
13 0 1 45 104 -1
13 0 1 45 105 -1
13 0 1 46 102 0.70991
13 0 1 46 103 -1
13 0 1 46 104 -1
13 0 1 46 105 -1
13 0 1 47 102 -1
13 0 1 47 103 -1
13 0 1 47 104 -1
13 0 1 47 105 0.642175
13 0 2 45 166 0.760496
13 0 2 45 167 -1
13 0 2 46 166 -1
13 0 2 46 167 -1
13 0 2 47 166 -1
13 0 2 47 167 0.627532
13 0 3 45 229 0.598257
13 0 3 45 230 -1
13 0 3 45 231 -1
13 0 3 45 232 0.785823
13 0 3 46 229 -1
13 0 3 46 230 0.866094
13 0 3 46 231 -1
13 0 3 46 232 -1
13 0 3 47 229 -1
13 0 3 47 230 -1
13 0 3 47 231 0.80708
13 0 3 47 232 -1
13 0 4 45 284 0.310457
13 0 4 45 285 0.960579
13 0 4 45 286 -1
13 0 4 46 284 -1
13 0 4 46 285 -1
13 0 4 46 286 0.750392
13 0 4 47 284 0.76698
13 0 4 47 285 -1
13 0 4 47 286 -1
13 1 2 102 166 -1
13 1 2 102 167 -1
13 1 2 103 166 0.450724
13 1 2 103 167 0.549276
13 1 2 104 166 -1
13 1 2 104 167 -1
13 1 2 105 166 0.474226
13 1 2 105 167 0.525774
13 1 3 102 229 0.515096
13 1 3 102 230 0.627512
13 1 3 102 231 -1
13 1 3 102 232 -1
13 1 3 103 229 -1
13 1 3 103 230 -1
13 1 3 103 231 -1
13 1 3 103 232 0.302911
13 1 3 104 229 0.761744
13 1 3 104 230 0.986095
13 1 3 104 231 -1
13 1 3 104 232 -1
13 1 3 105 229 -1
13 1 3 105 230 -1
13 1 3 105 231 0.768683
13 1 3 105 232 0.471238
13 1 4 102 284 -1
13 1 4 102 285 -1
13 1 4 102 286 0.665981
13 1 4 103 284 -1
13 1 4 103 285 0.976387
13 1 4 103 286 -1
13 1 4 104 284 -1
13 1 4 104 285 -1
13 1 4 104 286 -1
13 1 4 105 284 0.709838
13 1 4 105 285 -1
13 1 4 105 286 -1
13 2 3 166 229 -1
13 2 3 166 230 -1
13 2 3 166 231 -1
13 2 3 166 232 0.976126
13 2 3 167 229 -1
13 2 3 167 230 -1
13 2 3 167 231 0.950115
13 2 3 167 232 -1
13 2 4 166 284 -1
13 2 4 166 285 0.853074
13 2 4 166 286 -1
13 2 4 167 284 0.973245
13 2 4 167 285 -1
13 2 4 167 286 -1
13 3 4 229 284 -1
13 3 4 229 285 -1
13 3 4 229 286 -1
13 3 4 230 284 -1
13 3 4 230 285 0.618174
13 3 4 230 286 0.93933
13 3 4 231 284 0.967842
13 3 4 231 285 -1
13 3 4 231 286 -1
13 3 4 232 284 -1
13 3 4 232 285 0.855899
13 3 4 232 286 0.626989
14 0 1 48 106 0.283584
14 0 1 48 107 0.704115
14 0 1 48 108 -1
14 0 1 48 109 -1
14 0 1 49 106 0.523501
14 0 1 49 107 0.18664
14 0 1 49 108 -1
14 0 1 49 109 -1
14 0 1 50 106 0.192915
14 0 1 50 107 -1
14 0 1 50 108 -1
14 0 1 50 109 0.885547
14 0 2 48 168 -1
14 0 2 48 169 0.99053
14 0 2 48 170 -1
14 0 2 49 168 -1
14 0 2 49 169 -1
14 0 2 49 170 -1
14 0 2 50 168 0.0524549
14 0 2 50 169 -1
14 0 2 50 170 0.690573
14 0 3 48 233 0.961273
14 0 3 48 234 -1
14 0 3 48 235 -1
14 0 3 48 236 -1
14 0 3 48 237 0.876452
14 0 3 49 233 -1
14 0 3 49 234 -1
14 0 3 49 235 0.610921
14 0 3 49 236 -1
14 0 3 49 237 -1
14 0 3 50 233 -1
14 0 3 50 234 -1
14 0 3 50 235 -1
14 0 3 50 236 0.746443
14 0 3 50 237 -1
14 0 4 48 287 -1
14 0 4 48 288 0.753462
14 0 4 48 289 -1
14 0 4 49 287 -1
14 0 4 49 288 -1
14 0 4 49 289 0.951366
14 0 4 50 287 0.978403
14 0 4 50 288 -1
14 0 4 50 289 -1
14 1 2 106 168 0.571854
14 1 2 106 169 -1
14 1 2 106 170 -1
14 1 2 107 168 -1
14 1 2 107 169 0.910897
14 1 2 107 170 0.339745
14 1 2 108 168 0.8508
14 1 2 108 169 -1
14 1 2 108 170 -1
14 1 2 109 168 -1
14 1 2 109 169 0.32433
14 1 2 109 170 0.87476
14 1 3 106 233 0.202566
14 1 3 106 234 -1
14 1 3 106 235 0.249461
14 1 3 106 236 -1
14 1 3 106 237 -1
14 1 3 107 233 -1
14 1 3 107 234 -1
14 1 3 107 235 -1
14 1 3 107 236 0.0756838
14 1 3 107 237 0.72726
14 1 3 108 233 0.346938
14 1 3 108 234 0.999979
14 1 3 108 235 -1
14 1 3 108 236 -1
14 1 3 108 237 -1
14 1 3 109 233 -1
14 1 3 109 234 -1
14 1 3 109 235 -1
14 1 3 109 236 0.974955
14 1 3 109 237 -1
14 1 4 106 287 -1
14 1 4 106 288 -1
14 1 4 106 289 0.293762
14 1 4 107 287 0.49798
14 1 4 107 288 0.423986
14 1 4 107 289 -1
14 1 4 108 287 -1
14 1 4 108 288 -1
14 1 4 108 289 -1
14 1 4 109 287 0.962308
14 1 4 109 288 -1
14 1 4 109 289 -1
14 2 3 168 233 -1
14 2 3 168 234 0.947445
14 2 3 168 235 -1
14 2 3 168 236 -1
14 2 3 168 237 -1
14 2 3 169 233 0.508182
14 2 3 169 234 0.589127
14 2 3 169 235 -1
14 2 3 169 236 -1
14 2 3 169 237 0.853819
14 2 3 170 233 -1
14 2 3 170 234 -1
14 2 3 170 235 -1
14 2 3 170 236 0.914694
14 2 3 170 237 -1
14 2 4 168 287 -1
14 2 4 168 288 -1
14 2 4 168 289 -1
14 2 4 169 287 -1
14 2 4 169 288 0.943494
14 2 4 169 289 -1
14 2 4 170 287 0.968463
14 2 4 170 288 -1
14 2 4 170 289 -1
14 3 4 233 287 -1
14 3 4 233 288 -1
14 3 4 233 289 -1
14 3 4 234 287 -1
14 3 4 234 288 -1
14 3 4 234 289 -1
14 3 4 235 287 -1
14 3 4 235 288 0.111652
14 3 4 235 289 0.879032
14 3 4 236 287 0.916968
14 3 4 236 288 -1
14 3 4 236 289 -1
14 3 4 237 287 -1
14 3 4 237 288 0.834805
14 3 4 237 289 -1
15 0 1 51 110 -1
15 0 1 52 110 0.834834
15 0 1 53 110 0.99962
15 0 2 51 171 -1
15 0 2 51 172 -1
15 0 2 52 171 -1
15 0 2 52 172 0.707493
15 0 2 53 171 0.792571
15 0 2 53 172 0.114678
15 0 3 51 238 -1
15 0 3 51 239 -1
15 0 3 51 240 -1
15 0 3 52 238 0.644426
15 0 3 52 239 -1
15 0 3 52 240 -1
15 0 3 53 238 0.541364
15 0 3 53 239 0.937363
15 0 3 53 240 -1
15 0 4 51 290 -1
15 0 4 51 291 0.189292
15 0 4 52 290 0.769561
15 0 4 52 291 -1
15 0 4 53 290 0.142367
15 0 4 53 291 -1
15 1 2 110 171 -1
15 1 2 110 172 0.872231
15 1 3 110 238 0.181024
15 1 3 110 239 0.30419
15 1 3 110 240 0.514785
15 1 4 110 290 0.496775
15 1 4 110 291 0.503225
15 2 3 171 238 0.224554
15 2 3 171 239 0.745286
15 2 3 171 240 -1
15 2 3 172 238 0.775446
15 2 3 172 239 -1
15 2 3 172 240 -1
15 2 4 171 290 -1
15 2 4 171 291 -1
15 2 4 172 290 0.573197
15 2 4 172 291 0.426803
15 3 4 238 290 0.571856
15 3 4 238 291 -1
15 3 4 239 290 -1
15 3 4 239 291 0.265217
15 3 4 240 290 -1
15 3 4 240 291 0.928791
16 0 1 54 111 -1
16 0 1 54 112 -1
16 0 1 54 113 0.901695
16 0 2 54 173 0.946868
16 0 2 54 174 -1
16 0 2 54 175 -1
16 0 2 54 176 -1
16 0 2 54 177 -1
16 0 3 54 241 0.956888
16 0 3 54 242 -1
16 0 3 54 243 -1
16 0 4 54 292 -1
16 0 4 54 293 0.950239
16 1 2 111 173 0.254903
16 1 2 111 174 0.956389
16 1 2 111 175 0.557686
16 1 2 111 176 -1
16 1 2 111 177 -1
16 1 2 112 173 -1
16 1 2 112 174 -1
16 1 2 112 175 -1
16 1 2 112 176 0.306931
16 1 2 112 177 0.841198
16 1 2 113 173 0.959615
16 1 2 113 174 0.453726
16 1 2 113 175 0.921877
16 1 2 113 176 -1
16 1 2 113 177 -1
16 1 3 111 241 0.951065
16 1 3 111 242 -1
16 1 3 111 243 -1
16 1 3 112 241 -1
16 1 3 112 242 0.966768
16 1 3 112 243 0.660271
16 1 3 113 241 -1
16 1 3 113 242 0.0933804
16 1 3 113 243 -1
16 1 4 111 292 -1
16 1 4 111 293 -1
16 1 4 112 292 0.345235
16 1 4 112 293 -1
16 1 4 113 292 -1
16 1 4 113 293 0.899464
16 2 3 173 241 -1
16 2 3 173 242 -1
16 2 3 173 243 -1
16 2 3 174 241 0.849103
16 2 3 174 242 -1
16 2 3 174 243 -1
16 2 3 175 241 -1
16 2 3 175 242 -1
16 2 3 175 243 -1
16 2 3 176 241 0.465102
16 2 3 176 242 -1
16 2 3 176 243 0.837612
16 2 3 177 241 -1
16 2 3 177 242 0.997241
16 2 3 177 243 -1
16 2 4 173 292 -1
16 2 4 173 293 0.976579
16 2 4 174 292 -1
16 2 4 174 293 0.841641
16 2 4 175 292 -1
16 2 4 175 293 0.0125353
16 2 4 176 292 0.982343
16 2 4 176 293 -1
16 2 4 177 292 -1
16 2 4 177 293 -1
16 3 4 241 292 -1
16 3 4 241 293 -1
16 3 4 242 292 -1
16 3 4 242 293 0.303201
16 3 4 243 292 0.944438
16 3 4 243 293 -1
17 0 1 55 114 0.495289
17 0 1 55 115 0.674432
17 0 1 55 116 -1
17 0 1 55 117 -1
17 0 1 56 114 0.210364
17 0 1 56 115 -1
17 0 1 56 116 0.771982
17 0 1 56 117 -1
17 0 1 57 114 0.294347
17 0 1 57 115 -1
17 0 1 57 116 0.964766
17 0 1 57 117 -1
17 0 2 55 178 -1
17 0 2 55 179 0.586322
17 0 2 55 180 -1
17 0 2 56 178 -1
17 0 2 56 179 -1
17 0 2 56 180 -1
17 0 2 57 178 0.503718
17 0 2 57 179 -1
17 0 2 57 180 0.323528
17 0 3 55 244 -1
17 0 3 55 245 -1
17 0 3 55 246 -1
17 0 3 55 247 0.55598
17 0 3 56 244 -1
17 0 3 56 245 -1
17 0 3 56 246 -1
17 0 3 56 247 -1
17 0 3 57 244 -1
17 0 3 57 245 -1
17 0 3 57 246 0.889838
17 0 3 57 247 -1
17 0 4 55 294 0.816297
17 0 4 55 295 -1
17 0 4 56 294 -1
17 0 4 56 295 0.86937
17 0 4 57 294 -1
17 0 4 57 295 -1
17 1 2 114 178 0.497111
17 1 2 114 179 -1
17 1 2 114 180 -1
17 1 2 115 178 -1
17 1 2 115 179 0.712083
17 1 2 115 180 0.807276
17 1 2 116 178 -1
17 1 2 116 179 0.74003
17 1 2 116 180 0.748872
17 1 2 117 178 0.849592
17 1 2 117 179 -1
17 1 2 117 180 -1
17 1 3 114 244 -1
17 1 3 114 245 -1
17 1 3 114 246 -1
17 1 3 114 247 -1
17 1 3 115 244 -1
17 1 3 115 245 -1
17 1 3 115 246 0.596176
17 1 3 115 247 0.56154
17 1 3 116 244 -1
17 1 3 116 245 -1
17 1 3 116 246 0.963949
17 1 3 116 247 -1
17 1 3 117 244 0.936404
17 1 3 117 245 0.146798
17 1 3 117 246 -1
17 1 3 117 247 -1
17 1 4 114 294 -1
17 1 4 114 295 0.639474
17 1 4 115 294 0.351145
17 1 4 115 295 -1
17 1 4 116 294 0.229942
17 1 4 116 295 -1
17 1 4 117 294 -1
17 1 4 117 295 0.49008
17 2 3 178 244 0.920475
17 2 3 178 245 -1
17 2 3 178 246 -1
17 2 3 178 247 -1
17 2 3 179 244 0.574409
17 2 3 179 245 -1
17 2 3 179 246 -1
17 2 3 179 247 0.902239
17 2 3 180 244 -1
17 2 3 180 245 -1
17 2 3 180 246 0.487987
17 2 3 180 247 -1
17 2 4 178 294 -1
17 2 4 178 295 0.305898
17 2 4 179 294 0.744589
17 2 4 179 295 -1
17 2 4 180 294 -1
17 2 4 180 295 -1
17 3 4 244 294 -1
17 3 4 244 295 -1
17 3 4 245 294 -1
17 3 4 245 295 0.552872
17 3 4 246 294 -1
17 3 4 246 295 0.137374
17 3 4 247 294 0.712923
17 3 4 247 295 -1
18 0 1 58 118 0.829894
18 0 1 58 119 -1
18 0 1 58 120 -1
18 0 1 59 118 0.126098
18 0 1 59 119 0.180884
18 0 1 59 120 0.578191
18 0 2 58 181 0.921534
18 0 2 58 182 -1
18 0 2 59 181 -1
18 0 2 59 182 0.22823
18 0 3 58 248 0.619289
18 0 3 58 249 -1
18 0 3 58 250 0.480671
18 0 3 59 248 -1
18 0 3 59 249 -1
18 0 3 59 250 -1
18 0 4 58 296 0.812529
18 0 4 58 297 0.540429
18 0 4 58 298 -1
18 0 4 59 296 0.187471
18 0 4 59 297 -1
18 0 4 59 298 -1
18 1 2 118 181 -1
18 1 2 118 182 -1
18 1 2 119 181 -1
18 1 2 119 182 -1
18 1 2 120 181 -1
18 1 2 120 182 0.198249
18 1 3 118 248 0.389015
18 1 3 118 249 0.508798
18 1 3 118 250 -1
18 1 3 119 248 0.064701
18 1 3 119 249 0.127595
18 1 3 119 250 -1
18 1 3 120 248 -1
18 1 3 120 249 -1
18 1 3 120 250 0.605853
18 1 4 118 296 -1
18 1 4 118 297 -1
18 1 4 118 298 0.569716
18 1 4 119 296 -1
18 1 4 119 297 -1
18 1 4 119 298 -1
18 1 4 120 296 0.806068
18 1 4 120 297 -1
18 1 4 120 298 -1
18 2 3 181 248 0.0515455
18 2 3 181 249 -1
18 2 3 181 250 0.416234
18 2 3 182 248 -1
18 2 3 182 249 -1
18 2 3 182 250 -1
18 2 4 181 296 -1
18 2 4 181 297 0.58777
18 2 4 181 298 -1
18 2 4 182 296 0.660517
18 2 4 182 297 -1
18 2 4 182 298 -1
18 3 4 248 296 0.35367
18 3 4 248 297 -1
18 3 4 248 298 -1
18 3 4 249 296 -1
18 3 4 249 297 0.424605
18 3 4 249 298 0.938472
18 3 4 250 296 -1
18 3 4 250 297 0.901703
18 3 4 250 298 0.379952
end of Frame 244
