J OverallIdx viewIdx joint种类0-18(jointIdx) 该joint在图中的顺序(candidix) x y score
0 0 0 0 501.952 383.786 0.699131
1 0 0 1 347.685 434.406 0.582342
2 0 1 0 344.873 208.708 0.877031
3 0 1 1 518.743 210.9 0.835925
4 0 2 0 482.23 383.798 0.65829
5 0 2 1 392.574 432.286 0.582201
6 0 3 0 521.629 383.775 0.678696
7 0 3 1 302.73 436.519 0.574443
8 0 4 0 459.928 153.934 0.917699
9 0 5 0 33.664 208.73 0.73183
10 0 5 1 406.61 210.884 0.827114
11 0 5 2 482.475 210.882 0.794994
12 0 6 0 280.372 200.304 0.825797
13 0 6 1 549.664 210.9 0.865762
14 0 7 0 499.135 516.634 0.711899
15 0 7 1 370.065 609.42 0.763502
16 0 8 0 527.214 520.83 0.754583
17 0 8 1 260.928 613.661 0.721141
18 0 9 0 367.43 124.426 0.921879
19 0 10 0 297.191 126.574 0.88091
20 0 10 1 507.603 145.492 0.913842
21 0 11 0 61.7237 301.587 0.723351
22 0 11 1 440.315 331.042 0.876388
23 0 12 0 608.483 280.491 0.850527
24 0 12 1 260.862 339.488 0.822209
25 0 13 0 507.591 630.541 0.826812
26 0 13 1 353.424 759.14 0.591388
27 0 14 0 549.601 651.549 0.766831
28 0 14 1 277.544 765.435 0.310007
29 0 15 0 89.7515 392.204 0.743245
30 0 15 1 409.456 398.585 0.610253
31 0 16 0 549.61 333.19 0.863946
32 0 16 1 255.077 434.388 0.762275
33 0 17 0 515.988 687.449 0.721826
34 0 18 0 451.446 649.446 0.802424
35 1 0 0 546.719 379.518 0.814906
36 1 0 1 210.326 390.112 0.708777
37 1 0 2 656.214 394.359 0.655055
38 1 1 0 199.133 212.931 0.873512
39 1 1 1 650.592 227.716 0.778609
40 1 1 2 546.813 244.671 0.937261
41 1 2 0 513.195 379.507 0.783428
42 1 2 1 168.412 392.186 0.699704
43 1 2 2 650.569 394.364 0.571129
44 1 3 0 572.018 379.545 0.834679
45 1 3 1 243.966 387.996 0.669112
46 1 3 2 659.072 396.398 0.72761
47 1 4 0 193.468 151.838 0.882976
48 1 4 1 597.465 181.359 0.793444
49 1 4 2 527.333 194.094 0.989637
50 1 5 0 145.814 210.818 0.895997
51 1 5 1 639.36 227.671 0.739624
52 1 5 2 504.727 244.67 0.940457
53 1 6 0 257.891 215.111 0.857642
54 1 6 1 661.903 227.761 0.923586
55 1 6 2 586.074 244.601 0.892528
56 1 7 0 524.442 482.932 0.855564
57 1 7 1 190.717 518.749 0.816852
58 1 7 2 661.718 520.882 0.755088
59 1 8 0 572.185 480.869 0.871108
60 1 8 1 257.902 516.704 0.821581
61 1 8 2 639.349 529.285 0.865804
62 1 9 0 168.363 143.421 0.273086
63 1 10 0 235.514 143.306 0.903971
64 1 10 1 628.143 177.085 0.885353
65 1 10 2 563.632 191.943 0.880939
66 1 11 0 459.928 293.163 0.97347
67 1 11 1 120.446 297.296 0.850986
68 1 12 0 619.844 293.122 0.906129
69 1 12 1 271.989 307.842 0.702928
70 1 12 2 684.319 326.773 0.885804
71 1 13 0 527.149 571.464 0.845737
72 1 13 1 659 634.72 0.770907
73 1 13 2 210.26 645.229 0.806621
74 1 14 0 580.476 571.446 0.799591
75 1 14 1 266.44 649.441 0.776794
76 1 14 2 684.272 655.789 0.778517
77 1 15 0 490.737 335.258 0.848188
78 1 15 1 123.252 379.495 0.900762
79 1 16 0 594.671 331.077 0.955477
80 1 16 1 280.348 390.114 0.632734
81 1 16 2 639.263 390.101 0.835222
82 1 17 0 583.326 598.886 0.790794
83 1 17 1 266.425 678.94 0.616442
84 1 17 2 628.185 678.995 0.755685
85 1 18 0 496.328 594.633 0.798036
86 1 18 1 597.402 649.546 0.730106
87 1 18 2 229.993 670.563 0.761378
88 2 0 0 412.219 288.909 0.792396
89 2 0 1 684.385 364.864 0.790269
90 2 0 2 459.83 632.602 0.381804
91 2 1 0 392.694 128.6 0.921127
92 2 1 1 723.464 215.055 0.83411
93 2 1 2 437.354 455.503 0.635871
94 2 2 0 378.636 293.094 0.748695
95 2 2 1 661.676 362.635 0.778805
96 2 2 2 434.686 651.59 0.327418
97 2 3 0 437.544 282.58 0.786054
98 2 3 1 712.26 373.261 0.721969
99 2 3 2 482.431 617.875 0.368983
100 2 4 0 417.83 92.7592 0.952306
101 2 4 1 664.704 166.575 0.867488
102 2 4 2 552.432 415.434 0.910766
103 2 5 0 347.707 141.242 0.843459
104 2 5 1 673.017 200.341 0.786982
105 2 5 2 412.254 482.913 0.700596
106 2 6 0 437.625 120.178 0.853225
107 2 6 1 771.07 229.802 0.833045
108 2 6 2 459.827 425.971 0.568617
109 2 7 0 373.059 387.981 0.771433
110 2 7 1 659.054 465.996 0.849112
111 2 7 2 426.233 759.081 0.240397
112 2 8 0 437.426 379.493 0.834595
113 2 8 1 706.748 472.356 0.821003
114 2 8 2 521.6 721.202 0.411618
115 2 9 0 373.059 75.9358 0.906756
116 2 9 1 476.695 394.282 0.847775
117 2 10 0 723.516 164.494 0.874858
118 2 11 0 280.604 210.838 0.948837
119 2 11 1 656.219 263.543 0.898126
120 2 11 2 375.759 626.258 0.762303
121 2 12 0 459.877 164.443 0.861348
122 2 12 1 776.951 324.682 0.865559
123 2 13 0 370.168 466.102 0.787653
124 2 13 1 656.218 546.099 0.877505
125 2 14 0 417.939 468.131 0.718884
126 2 14 1 729.076 565.068 0.910852
127 2 15 0 344.939 261.366 0.940172
128 2 15 1 639.415 328.974 0.927798
129 2 15 2 451.507 716.984 0.751894
130 2 16 0 462.714 225.579 0.906947
131 2 16 1 729.202 379.528 0.938889
132 2 17 0 692.695 598.81 0.818717
133 2 18 0 367.482 497.598 0.17115
134 2 18 1 628.185 577.798 0.824639
135 3 0 0 577.744 341.608 0.739863
136 3 0 1 302.889 366.946 0.69819
137 3 0 2 816.069 409.081 0.568199
138 3 1 0 821.745 172.856 0.835255
139 3 1 1 280.348 185.564 0.7728
140 3 1 2 572.068 194.029 0.954591
141 3 2 0 549.629 343.648 0.748965
142 3 2 1 286.016 371.117 0.652469
143 3 2 2 858.086 411.178 0.543844
144 3 3 0 614.119 341.582 0.749797
145 3 3 1 322.458 364.857 0.634863
146 3 3 2 773.926 404.89 0.565363
147 3 4 0 911.498 94.9801 0.361299
148 3 4 1 325.468 126.431 0.929391
149 3 4 2 552.413 141.341 0.9442
150 3 5 0 891.818 166.624 0.742904
151 3 5 1 258.12 189.803 0.814015
152 3 5 2 527.071 194.079 0.89634
153 3 6 0 754.332 172.889 0.792493
154 3 6 1 299.953 179.31 0.691631
155 3 6 2 617.101 193.977 0.909094
156 3 7 0 555.254 463.926 0.831168
157 3 7 1 291.7 514.484 0.683835
158 3 7 2 830.118 577.763 0.702537
159 3 8 0 633.753 461.725 0.803924
160 3 8 1 305.801 510.25 0.711736
161 3 8 2 816.11 560.935 0.709571
162 3 9 0 883.367 82.2808 0.817733
163 3 9 1 277.55 118.085 0.867281
164 3 10 0 594.433 130.738 0.892081
165 3 11 0 227.129 265.732 0.829005
166 3 11 1 502.02 274.136 0.890875
167 3 11 2 911.495 297.404 0.744681
168 3 12 0 639.219 271.983 0.852475
169 3 12 1 726.323 295.251 0.761902
170 3 13 0 572.112 562.986 0.866405
171 3 13 1 277.647 651.55 0.80116
172 3 13 2 799.211 706.419 0.425645
173 3 14 0 642.135 548.299 0.867756
174 3 14 1 305.683 615.767 0.848434
175 3 14 2 799.219 683.202 0.359816
176 3 15 0 277.595 326.888 0.897088
177 3 15 1 524.436 335.286 0.869373
178 3 15 2 950.587 411.204 0.686958
179 3 16 0 633.822 328.868 0.866552
180 3 16 1 701.137 415.421 0.693255
181 3 17 0 639.531 579.854 0.835152
182 3 17 1 370.069 617.828 0.891885
183 3 17 2 841.395 687.437 0.276073
184 3 18 0 586.139 592.544 0.833506
185 3 18 1 344.84 674.781 0.782917
186 3 18 2 838.534 697.931 0.242966
187 4 0 0 939.513 240.391 0.48131
188 4 0 1 1003.94 276.191 0.496524
189 4 0 2 658.956 337.391 0.542775
190 4 1 0 1029.2 109.627 0.863685
191 4 1 1 664.567 111.854 0.871205
192 4 1 2 942.274 124.391 0.549061
193 4 2 0 970.243 240.402 0.386935
194 4 2 1 1029.21 278.331 0.475988
195 4 2 2 591.7 295.212 0.162369
196 4 2 3 706.583 339.517 0.545634
197 4 3 0 917.048 240.382 0.613248
198 4 3 1 978.7 271.998 0.477313
199 4 3 2 611.371 331.079 0.459181
200 4 4 0 628.171 80.1895 0.780299
201 4 5 0 1029.2 105.465 0.170453
202 4 5 1 731.883 111.783 0.850002
203 4 5 2 577.689 122.295 0.334357
204 4 5 3 959.153 124.441 0.469949
205 4 6 0 597.308 111.837 0.823391
206 4 6 1 973.054 111.85 0.786487
207 4 6 2 931.029 122.243 0.633298
208 4 7 0 1004.07 392.181 0.731978
209 4 7 1 583.31 404.842 0.192873
210 4 7 2 698.228 516.596 0.761736
211 4 8 0 911.494 312.172 0.696874
212 4 8 1 933.831 377.398 0.781279
213 4 8 2 580.49 411.192 0.333554
214 4 8 3 614.224 512.362 0.723146
215 4 9 0 706.83 40.003 0.791032
216 4 9 1 1029.21 48.4834 0.653947
217 4 9 2 583.329 75.8103 0.878127
218 4 10 0 642.157 40.1039 0.5659
219 4 10 1 964.734 56.9596 0.778087
220 4 11 0 818.717 208.701 0.892373
221 4 12 0 975.852 204.531 0.76523
222 4 12 1 529.997 210.872 0.910376
223 4 13 0 995.436 501.836 0.796445
224 4 13 1 574.911 508.204 0.304305
225 4 13 2 689.903 660.003 0.766644
226 4 14 0 905.691 394.255 0.670785
227 4 14 1 922.651 489.242 0.785438
228 4 14 2 577.772 512.444 0.380981
229 4 14 3 600.17 638.915 0.739651
230 4 15 0 754.502 276.13 0.858834
231 4 16 0 588.954 274.14 0.801306
232 4 16 1 964.669 284.701 0.77601
233 4 17 0 900.179 404.862 0.421822
234 4 17 1 889.034 478.694 0.75322
235 4 17 2 611.295 641.017 0.416821
236 4 18 0 961.921 499.787 0.460443
237 4 18 1 740.295 647.37 0.738602
P viewIdx, pafIdx, aOverAllIdx, bOverAllIdx, CandidAIdx, CandidBIdx, score
0 0 2 0 0 0 0
0 0 2 1 0 1 0.989498
0 0 3 0 1 0 0.992207
0 0 3 1 1 1 0
0 1 4 14 0 0 0.982795
0 1 4 15 0 1 0
0 1 5 14 1 0 0
0 1 5 15 1 1 0.976111
0 2 14 25 0 0 0.989015
0 2 14 26 0 1 0
0 2 15 25 1 0 0
0 2 15 26 1 1 0.963689
0 3 0 4 0 0 0.920411
0 3 0 5 0 1 0
0 3 1 4 1 0 0
0 3 1 5 1 1 0.872837
0 4 0 6 0 0 0.919452
0 4 0 7 0 1 0
0 4 1 6 1 0 0
0 4 1 7 1 1 0.875841
0 5 6 16 0 0 0.984243
0 5 6 17 0 1 0
0 5 7 16 1 0 0
0 5 7 17 1 1 0.952429
0 6 16 27 0 0 0.999546
0 6 16 28 0 1 0
0 6 17 27 1 0 0
0 6 17 28 1 1 0.975389
0 7 2 9 0 0 0
0 7 2 10 0 1 0.994725
0 7 2 11 0 2 0
0 7 3 9 1 0 0
0 7 3 10 1 1 0
0 7 3 11 1 2 0.984747
0 8 9 21 0 0 0.985444
0 8 9 22 0 1 0
0 8 10 21 1 0 0
0 8 10 22 1 1 0.987754
0 8 11 21 2 0 0
0 8 11 22 2 1 0
0 9 21 29 0 0 0.975213
0 9 21 30 0 1 0
0 9 22 29 1 0 0
0 9 22 30 1 1 0.942961
0 10 9 18 0 0 0
0 10 10 18 1 0 0.998194
0 10 11 18 2 0 0
0 11 2 12 0 0 0.990619
0 11 2 13 0 1 0
0 11 3 12 1 0 0
0 11 3 13 1 1 0.992226
0 12 12 23 0 0 0
0 12 12 24 0 1 0.95797
0 12 13 23 1 0 0.990073
0 12 13 24 1 1 0
0 13 23 31 0 0 0.974661
0 13 23 32 0 1 0
0 13 24 31 1 0 0
0 13 24 32 1 1 0.99081
0 14 12 19 0 0 0.998379
0 14 12 20 0 1 0
0 14 13 19 1 0 0
0 14 13 20 1 1 0.991952
0 15 2 8 0 0 0
0 15 3 8 1 0 0.993676
0 16 27 33 0 0 0.948036
0 16 28 33 1 0 0
0 17 25 34 0 0 0.965475
0 17 26 34 1 0 0
1 0 38 35 0 0 0
1 0 38 36 0 1 0.98009
1 0 38 37 0 2 0
1 0 39 35 1 0 0
1 0 39 36 1 1 0
1 0 39 37 1 2 0.944026
1 0 40 35 2 0 0.995257
1 0 40 36 2 1 0
1 0 40 37 2 2 0
1 1 41 56 0 0 0.985342
1 1 41 57 0 1 0
1 1 41 58 0 2 0
1 1 42 56 1 0 0
1 1 42 57 1 1 0.977791
1 1 42 58 1 2 0
1 1 43 56 2 0 0
1 1 43 57 2 1 0
1 1 43 58 2 2 0.95616
1 2 56 71 0 0 0.997498
1 2 56 72 0 1 0
1 2 56 73 0 2 0
1 2 57 71 1 0 0
1 2 57 72 1 1 0
1 2 57 73 1 2 0.991112
1 2 58 71 2 0 0
1 2 58 72 2 1 0.982811
1 2 58 73 2 2 0
1 3 35 41 0 0 0.976456
1 3 35 42 0 1 0
1 3 35 43 0 2 0
1 3 36 41 1 0 0
1 3 36 42 1 1 0.918533
1 3 36 43 1 2 0
1 3 37 41 2 0 0
1 3 37 42 2 1 0
1 3 37 43 2 2 0.762403
1 4 35 44 0 0 0.973234
1 4 35 45 0 1 0
1 4 35 46 0 2 0
1 4 36 44 1 0 0
1 4 36 45 1 1 0.909898
1 4 36 46 1 2 0
1 4 37 44 2 0 0
1 4 37 45 2 1 0
1 4 37 46 2 2 0.778156
1 5 44 59 0 0 0.99929
1 5 44 60 0 1 0
1 5 44 61 0 2 0
1 5 45 59 1 0 0
1 5 45 60 1 1 0.983225
1 5 45 61 1 2 0
1 5 46 59 2 0 0
1 5 46 60 2 1 0
1 5 46 61 2 2 0.981272
1 6 59 74 0 0 0.515999
1 6 59 75 0 1 0
1 6 59 76 0 2 0.248855
1 6 60 74 1 0 0
1 6 60 75 1 1 0.997769
1 6 60 76 1 2 0
1 6 61 74 2 0 0
1 6 61 75 2 1 0
1 6 61 76 2 2 0.517499
1 7 38 50 0 0 0.997446
1 7 38 51 0 1 0
1 7 38 52 0 2 0
1 7 39 50 1 0 0
1 7 39 51 1 1 0.951788
1 7 39 52 1 2 0
1 7 40 50 2 0 0
1 7 40 51 2 1 0
1 7 40 52 2 2 0.99172
1 8 50 66 0 0 0
1 8 50 67 0 1 0.991328
1 8 51 66 1 0 0
1 8 51 67 1 1 0
1 8 52 66 2 0 0.983715
1 8 52 67 2 1 0
1 9 66 77 0 0 0.985673
1 9 66 78 0 1 0
1 9 67 77 1 0 0
1 9 67 78 1 1 0.999056
1 10 50 62 0 0 0.753787
1 10 51 62 1 0 0
1 10 52 62 2 0 0
1 11 38 53 0 0 0.996595
1 11 38 54 0 1 0
1 11 38 55 0 2 0
1 11 39 53 1 0 0
1 11 39 54 1 1 0.511913
1 11 39 55 1 2 0
1 11 40 53 2 0 0
1 11 40 54 2 1 0.254343
1 11 40 55 2 2 0.521102
1 12 53 68 0 0 0
1 12 53 69 0 1 0.995307
1 12 53 70 0 2 0
1 12 54 68 1 0 0.249221
1 12 54 69 1 1 0
1 12 54 70 1 2 0.277102
1 12 55 68 2 0 0.276801
1 12 55 69 2 1 0
1 12 55 70 2 2 0.250571
1 13 68 79 0 0 0.515
1 13 68 80 0 1 0
1 13 68 81 0 2 0.255966
1 13 69 79 1 0 0
1 13 69 80 1 1 0.977835
1 13 69 81 1 2 0
1 13 70 79 2 0 0
1 13 70 80 2 1 0
1 13 70 81 2 2 0.521388
1 14 53 63 0 0 0.997648
1 14 53 64 0 1 0
1 14 53 65 0 2 0
1 14 54 63 1 0 0
1 14 54 64 1 1 0.535128
1 14 54 65 1 2 0
1 14 55 63 2 0 0
1 14 55 64 2 1 0.246936
1 14 55 65 2 2 0.536918
1 15 38 47 0 0 0.995692
1 15 38 48 0 1 0
1 15 38 49 0 2 0
1 15 39 47 1 0 0
1 15 39 48 1 1 0.978188
1 15 39 49 1 2 0
1 15 40 47 2 0 0
1 15 40 48 2 1 0
1 15 40 49 2 2 0.989785
1 16 74 82 0 0 0.984716
1 16 74 83 0 1 0
1 16 74 84 0 2 0
1 16 75 82 1 0 0
1 16 75 83 1 1 0.930315
1 16 75 84 1 2 0
1 16 76 82 2 0 0
1 16 76 83 2 1 0
1 16 76 84 2 2 0.972779
1 17 71 85 0 0 0.969542
1 17 71 86 0 1 0
1 17 71 87 0 2 0
1 17 72 85 1 0 0
1 17 72 86 1 1 0.957549
1 17 72 87 1 2 0
1 17 73 85 2 0 0
1 17 73 86 2 1 0
1 17 73 87 2 2 0.994913
2 0 91 88 0 0 0.996976
2 0 91 89 0 1 0
2 0 91 90 0 2 0
2 0 92 88 1 0 0
2 0 92 89 1 1 0.976383
2 0 92 90 1 2 0
2 0 93 88 2 0 0
2 0 93 89 2 1 0
2 0 93 90 2 2 0.957617
2 1 94 109 0 0 0.969845
2 1 94 110 0 1 0
2 1 94 111 0 2 0
2 1 95 109 1 0 0
2 1 95 110 1 1 0.995634
2 1 95 111 1 2 0
2 1 96 109 2 0 0
2 1 96 110 2 1 0
2 1 96 111 2 2 0.892831
2 2 109 123 0 0 0.989651
2 2 109 124 0 1 0
2 2 110 123 1 0 0
2 2 110 124 1 1 0.989232
2 2 111 123 2 0 0
2 2 111 124 2 1 0
2 3 88 94 0 0 0.95524
2 3 88 95 0 1 0
2 3 88 96 0 2 0
2 3 89 94 1 0 0
2 3 89 95 1 1 0.963698
2 3 89 96 1 2 0
2 3 90 94 2 0 0
2 3 90 95 2 1 0
2 3 90 96 2 2 0.796219
2 4 88 97 0 0 0.929251
2 4 88 98 0 1 0
2 4 88 99 0 2 0
2 4 89 97 1 0 0
2 4 89 98 1 1 0.956996
2 4 89 99 1 2 0
2 4 90 97 2 0 0
2 4 90 98 2 1 0
2 4 90 99 2 2 0.810525
2 5 97 112 0 0 0.991831
2 5 97 113 0 1 0
2 5 97 114 0 2 0
2 5 98 112 1 0 0
2 5 98 113 1 1 0.995987
2 5 98 114 1 2 0
2 5 99 112 2 0 0
2 5 99 113 2 1 0
2 5 99 114 2 2 0.872343
2 6 112 125 0 0 0.943711
2 6 112 126 0 1 0
2 6 113 125 1 0 0
2 6 113 126 1 1 0.998044
2 6 114 125 2 0 0
2 6 114 126 2 1 0
2 7 91 103 0 0 0.976574
2 7 91 104 0 1 0
2 7 91 105 0 2 0
2 7 92 103 1 0 0
2 7 92 104 1 1 0.994301
2 7 92 105 1 2 0
2 7 93 103 2 0 0
2 7 93 104 2 1 0
2 7 93 105 2 2 0.921196
2 8 103 118 0 0 0.973022
2 8 103 119 0 1 0
2 8 103 120 0 2 0
2 8 104 118 1 0 0
2 8 104 119 1 1 0.980407
2 8 104 120 1 2 0
2 8 105 118 2 0 0
2 8 105 119 2 1 0
2 8 105 120 2 2 0.964903
2 9 118 127 0 0 0.986831
2 9 118 128 0 1 0
2 9 118 129 0 2 0
2 9 119 127 1 0 0
2 9 119 128 1 1 0.995423
2 9 119 129 1 2 0
2 9 120 127 2 0 0
2 9 120 128 2 1 0
2 9 120 129 2 2 0.996879
2 10 103 115 0 0 0.967463
2 10 103 116 0 1 0
2 10 104 115 1 0 0
2 10 104 116 1 1 0
2 10 105 115 2 0 0
2 10 105 116 2 1 0.97939
2 11 91 106 0 0 0.984433
2 11 91 107 0 1 0
2 11 91 108 0 2 0
2 11 92 106 1 0 0
2 11 92 107 1 1 0.999514
2 11 92 108 1 2 0
2 11 93 106 2 0 0
2 11 93 107 2 1 0
2 11 93 108 2 2 0.894712
2 12 106 121 0 0 0.998492
2 12 106 122 0 1 0
2 12 107 121 1 0 0
2 12 107 122 1 1 0.997777
2 12 108 121 2 0 0
2 12 108 122 2 1 0
2 13 121 130 0 0 0.993735
2 13 121 131 0 1 0
2 13 122 130 1 0 0
2 13 122 131 1 1 0.979836
2 14 106 117 0 0 0
2 14 107 117 1 0 0.988621
2 14 108 117 2 0 0
2 15 91 100 0 0 0.971841
2 15 91 101 0 1 0
2 15 91 102 0 2 0
2 15 92 100 1 0 0
2 15 92 101 1 1 0.9862
2 15 92 102 1 2 0
2 15 93 100 2 0 0
2 15 93 101 2 1 0
2 15 93 102 2 2 0.971971
2 16 125 132 0 0 0
2 16 126 132 1 0 0.952615
2 17 123 133 0 0 0.862749
2 17 123 134 0 1 0
2 17 124 133 1 0 0
2 17 124 134 1 1 0.989795
3 0 138 135 0 0 0
3 0 138 136 0 1 0
3 0 138 137 0 2 0.98622
3 0 139 135 1 0 0
3 0 139 136 1 1 0.967729
3 0 139 137 1 2 0
3 0 140 135 2 0 0.998898
3 0 140 136 2 1 0
3 0 140 137 2 2 0
3 1 141 156 0 0 0.999938
3 1 141 157 0 1 0
3 1 141 158 0 2 0
3 1 142 156 1 0 0
3 1 142 157 1 1 0.942861
3 1 142 158 1 2 0
3 1 143 156 2 0 0
3 1 143 157 2 1 0
3 1 143 158 2 2 0.978395
3 2 156 170 0 0 0.985368
3 2 156 171 0 1 0
3 2 156 172 0 2 0
3 2 157 170 1 0 0
3 2 157 171 1 1 0.98752
3 2 157 172 1 2 0
3 2 158 170 2 0 0
3 2 158 171 2 1 0
3 2 158 172 2 2 0.963226
3 3 135 141 0 0 0.942703
3 3 135 142 0 1 0
3 3 135 143 0 2 0
3 3 136 141 1 0 0
3 3 136 142 1 1 0.900558
3 3 136 143 1 2 0
3 3 137 141 2 0 0
3 3 137 142 2 1 0
3 3 137 143 2 2 0.884337
3 4 135 144 0 0 0.94913
3 4 135 145 0 1 0
3 4 135 146 0 2 0
3 4 136 144 1 0 0
3 4 136 145 1 1 0.89455
3 4 136 146 1 2 0
3 4 137 144 2 0 0
3 4 137 145 2 1 0
3 4 137 146 2 2 0.878158
3 5 144 159 0 0 0.996838
3 5 144 160 0 1 0
3 5 144 161 0 2 0
3 5 145 159 1 0 0
3 5 145 160 1 1 0.950048
3 5 145 161 1 2 0
3 5 146 159 2 0 0
3 5 146 160 2 1 0
3 5 146 161 2 2 0.969401
3 6 159 173 0 0 0.995403
3 6 159 174 0 1 0
3 6 159 175 0 2 0
3 6 160 173 1 0 0
3 6 160 174 1 1 0.989476
3 6 160 175 1 2 0
3 6 161 173 2 0 0
3 6 161 174 2 1 0
3 6 161 175 2 2 0.932018
3 7 138 150 0 0 0.974725
3 7 138 151 0 1 0
3 7 138 152 0 2 0
3 7 139 150 1 0 0
3 7 139 151 1 1 0.953086
3 7 139 152 1 2 0
3 7 140 150 2 0 0
3 7 140 151 2 1 0
3 7 140 152 2 2 0.999746
3 8 150 165 0 0 0
3 8 150 166 0 1 0
3 8 150 167 0 2 0.969368
3 8 151 165 1 0 0.970554
3 8 151 166 1 1 0
3 8 151 167 1 2 0
3 8 152 165 2 0 0
3 8 152 166 2 1 0.996865
3 8 152 167 2 2 0
3 9 165 176 0 0 0.986738
3 9 165 177 0 1 0
3 9 165 178 0 2 0
3 9 166 176 1 0 0
3 9 166 177 1 1 0.992198
3 9 166 178 1 2 0
3 9 167 176 2 0 0
3 9 167 177 2 1 0
3 9 167 178 2 2 0.988028
3 10 150 162 0 0 0.987893
3 10 150 163 0 1 0
3 10 151 162 1 0 0
3 10 151 163 1 1 0.989648
3 10 152 162 2 0 0
3 10 152 163 2 1 0
3 11 138 153 0 0 0.986697
3 11 138 154 0 1 0
3 11 138 155 0 2 0
3 11 139 153 1 0 0
3 11 139 154 1 1 0.941055
3 11 139 155 1 2 0
3 11 140 153 2 0 0
3 11 140 154 2 1 0
3 11 140 155 2 2 0.998786
3 12 153 168 0 0 0
3 12 153 169 0 1 0.971206
3 12 154 168 1 0 0
3 12 154 169 1 1 0
3 12 155 168 2 0 0.995997
3 12 155 169 2 1 0
3 13 168 179 0 0 0.987549
3 13 168 180 0 1 0
3 13 169 179 1 0 0
3 13 169 180 1 1 0.989886
3 14 153 164 0 0 0
3 14 154 164 1 0 0
3 14 155 164 2 0 0.996931
3 15 138 147 0 0 0.805759
3 15 138 148 0 1 0
3 15 138 149 0 2 0
3 15 139 147 1 0 0
3 15 139 148 1 1 0.955157
3 15 139 149 1 2 0
3 15 140 147 2 0 0
3 15 140 148 2 1 0
3 15 140 149 2 2 0.999921
3 16 173 181 0 0 0.978894
3 16 173 182 0 1 0
3 16 173 183 0 2 0
3 16 174 181 1 0 0
3 16 174 182 1 1 0.992938
3 16 174 183 1 2 0
3 16 175 181 2 0 0
3 16 175 182 2 1 0
3 16 175 183 2 2 0
3 17 170 184 0 0 0.999914
3 17 170 185 0 1 0
3 17 170 186 0 2 0
3 17 171 184 1 0 0
3 17 171 185 1 1 0.980114
3 17 171 186 1 2 0
3 17 172 184 2 0 0
3 17 172 185 2 1 0
3 17 172 186 2 2 0.587724
4 0 190 187 0 0 0.280691
4 0 190 188 0 1 0.309228
4 0 190 189 0 2 0
4 0 191 187 1 0 0
4 0 191 188 1 1 0
4 0 191 189 1 2 0.992766
4 0 192 187 2 0 0.31102
4 0 192 188 2 1 0.280344
4 0 192 189 2 2 0
4 1 193 208 0 0 0.447725
4 1 193 209 0 1 0
4 1 193 210 0 2 0
4 1 194 208 1 0 0.552275
4 1 194 209 1 1 0
4 1 194 210 1 2 0
4 1 195 208 2 0 0
4 1 195 209 2 1 0.775128
4 1 195 210 2 2 0
4 1 196 208 3 0 0
4 1 196 209 3 1 0
4 1 196 210 3 2 0.974937
4 2 208 223 0 0 0.985174
4 2 208 224 0 1 0
4 2 208 225 0 2 0
4 2 209 223 1 0 0
4 2 209 224 1 1 0.78027
4 2 209 225 1 2 0
4 2 210 223 2 0 0
4 2 210 224 2 1 0
4 2 210 225 2 2 0.990864
4 3 187 193 0 0 0.50443
4 3 187 194 0 1 0.287409
4 3 187 195 0 2 0
4 3 187 196 0 3 0
4 3 188 193 1 0 0
4 3 188 194 1 1 0.516406
4 3 188 195 1 2 0
4 3 188 196 1 3 0
4 3 189 193 2 0 0
4 3 189 194 2 1 0
4 3 189 195 2 2 0
4 3 189 196 2 3 0.863427
4 4 187 197 0 0 0.507686
4 4 187 198 0 1 0
4 4 187 199 0 2 0
4 4 188 197 1 0 0.284273
4 4 188 198 1 1 0.509644
4 4 188 199 1 2 0
4 4 189 197 2 0 0
4 4 189 198 2 1 0
4 4 189 199 2 2 0.858116
4 5 197 211 0 0 0.285932
4 5 197 212 0 1 0.267247
4 5 197 213 0 2 0
4 5 197 214 0 3 0
4 5 198 211 1 0 0.266261
4 5 198 212 1 1 0.285966
4 5 198 213 1 2 0
4 5 198 214 1 3 0
4 5 199 211 2 0 0
4 5 199 212 2 1 0
4 5 199 213 2 2 0.479627
4 5 199 214 2 3 0.520373
4 6 211 226 0 0 0.273159
4 6 211 227 0 1 0.260299
4 6 211 228 0 2 0
4 6 211 229 0 3 0
4 6 212 226 1 0 0.260094
4 6 212 227 1 1 0.272848
4 6 212 228 1 2 0
4 6 212 229 1 3 0
4 6 213 226 2 0 0
4 6 213 227 2 1 0
4 6 213 228 2 2 0.499034
4 6 213 229 2 3 0.27846
4 6 214 226 3 0 0
4 6 214 227 3 1 0
4 6 214 228 3 2 0
4 6 214 229 3 3 0.535676
4 7 190 201 0 0 0.44114
4 7 190 202 0 1 0
4 7 190 203 0 2 0
4 7 190 204 0 3 0
4 7 191 201 1 0 0
4 7 191 202 1 1 0.985309
4 7 191 203 1 2 0
4 7 191 204 1 3 0
4 7 192 201 2 0 0.315807
4 7 192 202 2 1 0
4 7 192 203 2 2 0
4 7 192 204 2 3 0.492569
4 8 201 220 0 0 0
4 8 202 220 1 0 0.989999
4 8 203 220 2 0 0
4 8 204 220 3 0 0
4 9 220 230 0 0 0.984013
4 10 201 215 0 0 0
4 10 201 216 0 1 0.829538
4 10 201 217 0 2 0
4 10 202 215 1 0 0.981898
4 10 202 216 1 1 0
4 10 202 217 1 2 0
4 10 203 215 2 0 0
4 10 203 216 2 1 0
4 10 203 217 2 2 0.885998
4 10 204 215 3 0 0
4 10 204 216 3 1 0
4 10 204 217 3 2 0
4 11 190 205 0 0 0
4 11 190 206 0 1 0.50256
4 11 190 207 0 2 0.264433
4 11 191 205 1 0 0.967489
4 11 191 206 1 1 0
4 11 191 207 1 2 0
4 11 192 205 2 0 0
4 11 192 206 2 1 0
4 11 192 207 2 2 0.489137
4 12 205 221 0 0 0
4 12 205 222 0 1 0.958575
4 12 206 221 1 0 0.54064
4 12 206 222 1 1 0
4 12 207 221 2 0 0.45936
4 12 207 222 2 1 0
4 13 221 231 0 0 0
4 13 221 232 0 1 0.972386
4 13 222 231 1 0 0.99129
4 13 222 232 1 1 0
4 14 205 218 0 0 0.846309
4 14 205 219 0 1 0
4 14 206 218 1 0 0
4 14 206 219 1 1 0.525265
4 14 207 218 2 0 0
4 14 207 219 2 1 0.474735
4 15 190 200 0 0 0
4 15 191 200 1 0 0
4 15 192 200 2 0 0
4 16 226 233 0 0 0.730283
4 16 226 234 0 1 0
4 16 226 235 0 2 0
4 16 227 233 1 0 0
4 16 227 234 1 1 0.975853
4 16 227 235 1 2 0
4 16 228 233 2 0 0
4 16 228 234 2 1 0
4 16 228 235 2 2 0
4 16 229 233 3 0 0
4 16 229 234 3 1 0
4 16 229 235 3 2 0.684255
4 17 223 236 0 0 0.872325
4 17 223 237 0 1 0
4 17 224 236 1 0 0
4 17 224 237 1 1 0
4 17 225 236 2 0 0
4 17 225 237 2 1 0.919959
E jointIdx viewA viewB aOverAllIdx bOverallIdx score
0 0 1 0 35 0.445586
0 0 1 0 36 0.336108
0 0 1 0 37 0.147315
0 0 1 1 35 0.214505
0 0 1 1 36 -1
0 0 1 1 37 0.740307
0 0 2 0 88 0.874058
0 0 2 0 89 -1
0 0 2 0 90 -1
0 0 2 1 88 -1
0 0 2 1 89 0.864966
0 0 2 1 90 -1
0 0 3 0 135 -1
0 0 3 0 136 0.969004
0 0 3 0 137 -1
0 0 3 1 135 0.918813
0 0 3 1 136 -1
0 0 3 1 137 -1
0 0 4 0 187 -1
0 0 4 0 188 -1
0 0 4 0 189 0.590843
0 0 4 1 187 -1
0 0 4 1 188 -1
0 0 4 1 189 0.409157
0 1 2 35 88 0.98303
0 1 2 35 89 0.148541
0 1 2 35 90 -1
0 1 2 36 88 -1
0 1 2 36 89 -1
0 1 2 36 90 0.878193
0 1 2 37 88 -1
0 1 2 37 89 0.729462
0 1 2 37 90 -1
0 1 3 35 135 0.965329
0 1 3 35 136 0.831749
0 1 3 35 137 -1
0 1 3 36 135 -1
0 1 3 36 136 -1
0 1 3 36 137 0.977764
0 1 3 37 135 0.914293
0 1 3 37 136 0.966486
0 1 3 37 137 -1
0 1 4 35 187 -1
0 1 4 35 188 -1
0 1 4 35 189 0.993902
0 1 4 36 187 0.744323
0 1 4 36 188 0.995149
0 1 4 36 189 -1
0 1 4 37 187 -1
0 1 4 37 188 -1
0 1 4 37 189 -1
0 2 3 88 135 -1
0 2 3 88 136 0.844442
0 2 3 88 137 -1
0 2 3 89 135 0.964414
0 2 3 89 136 -1
0 2 3 89 137 -1
0 2 3 90 135 -1
0 2 3 90 136 -1
0 2 3 90 137 0.810296
0 2 4 88 187 -1
0 2 4 88 188 -1
0 2 4 88 189 0.965494
0 2 4 89 187 -1
0 2 4 89 188 -1
0 2 4 89 189 -1
0 2 4 90 187 -1
0 2 4 90 188 0.60317
0 2 4 90 189 -1
0 3 4 135 187 0.666214
0 3 4 135 188 0.0584669
0 3 4 135 189 -1
0 3 4 136 187 0.105463
0 3 4 136 188 0.25382
0 3 4 136 189 0.393983
0 3 4 137 187 0.0849688
0 3 4 137 188 0.303814
0 3 4 137 189 0.33532
1 0 1 2 38 0.269039
1 0 1 2 39 0.263855
1 0 1 2 40 0.221459
1 0 1 3 38 0.0907409
1 0 1 3 39 0.266846
1 0 1 3 40 0.321381
1 0 2 2 91 -1
1 0 2 2 92 0.954231
1 0 2 2 93 -1
1 0 2 3 91 0.913164
1 0 2 3 92 -1
1 0 2 3 93 -1
1 0 3 2 138 -1
1 0 3 2 139 0.454943
1 0 3 2 140 0.539105
1 0 3 3 138 -1
1 0 3 3 139 0.545057
1 0 3 3 140 0.460895
1 0 4 2 190 0.307131
1 0 4 2 191 0.211241
1 0 4 2 192 0.30336
1 0 4 3 190 0.223296
1 0 4 3 191 0.322893
1 0 4 3 192 0.222991
1 1 2 38 91 -1
1 1 2 38 92 -1
1 1 2 38 93 0.764922
1 1 2 39 91 -1
1 1 2 39 92 0.907623
1 1 2 39 93 -1
1 1 2 40 91 0.993907
1 1 2 40 92 -1
1 1 2 40 93 -1
1 1 3 38 138 0.314641
1 1 3 38 139 0.114995
1 1 3 38 140 0.131618
1 1 3 39 138 0.161747
1 1 3 39 139 0.171018
1 1 3 39 140 0.19749
1 1 3 40 138 0.0647128
1 1 3 40 139 0.244691
1 1 3 40 140 0.205352
1 1 4 38 190 0.952289
1 1 4 38 191 -1
1 1 4 38 192 0.985392
1 1 4 39 190 -1
1 1 4 39 191 -1
1 1 4 39 192 -1
1 1 4 40 190 -1
1 1 4 40 191 0.857281
1 1 4 40 192 -1
1 2 3 91 138 -1
1 2 3 91 139 0.903108
1 2 3 91 140 -1
1 2 3 92 138 -1
1 2 3 92 139 -1
1 2 3 92 140 0.980645
1 2 3 93 138 0.715628
1 2 3 93 139 -1
1 2 3 93 140 -1
1 2 4 91 190 -1
1 2 4 91 191 0.903754
1 2 4 91 192 -1
1 2 4 92 190 -1
1 2 4 92 191 0.628282
1 2 4 92 192 -1
1 2 4 93 190 0.882228
1 2 4 93 191 -1
1 2 4 93 192 -1
1 3 4 138 190 0.14875
1 3 4 138 191 0.140578
1 3 4 138 192 0.124384
1 3 4 139 190 0.130613
1 3 4 139 191 0.169107
1 3 4 139 192 0.119137
1 3 4 140 190 0.136157
1 3 4 140 191 0.10209
1 3 4 140 192 0.174073
2 0 1 4 41 0.492015
2 0 1 4 42 0.307414
2 0 1 4 43 0.148436
2 0 1 5 41 0.116075
2 0 1 5 42 -1
2 0 1 5 43 0.733329
2 0 2 4 94 0.968856
2 0 2 4 95 -1
2 0 2 4 96 -1
2 0 2 5 94 -1
2 0 2 5 95 0.551319
2 0 2 5 96 -1
2 0 3 4 141 -1
2 0 3 4 142 0.804087
2 0 3 4 143 -1
2 0 3 5 141 0.863141
2 0 3 5 142 -1
2 0 3 5 143 -1
2 0 4 4 193 -1
2 0 4 4 194 -1
2 0 4 4 195 0.552941
2 0 4 4 196 0.534858
2 0 4 5 193 -1
2 0 4 5 194 -1
2 0 4 5 195 0.447059
2 0 4 5 196 0.465142
2 1 2 41 94 0.811506
2 1 2 41 95 -1
2 1 2 41 96 -1
2 1 2 42 94 -1
2 1 2 42 95 -1
2 1 2 42 96 0.860989
2 1 2 43 94 -1
2 1 2 43 95 0.630606
2 1 2 43 96 -1
2 1 3 41 141 0.798789
2 1 3 41 142 0.708874
2 1 3 41 143 -1
2 1 3 42 141 -1
2 1 3 42 142 -1
2 1 3 42 143 0.855929
2 1 3 43 141 0.962768
2 1 3 43 142 0.990898
2 1 3 43 143 -1
2 1 4 41 193 -1
2 1 4 41 194 -1
2 1 4 41 195 -1
2 1 4 41 196 0.895156
2 1 4 42 193 0.71085
2 1 4 42 194 0.880173
2 1 4 42 195 -1
2 1 4 42 196 -1
2 1 4 43 193 -1
2 1 4 43 194 -1
2 1 4 43 195 0.722224
2 1 4 43 196 -1
2 2 3 94 141 -1
2 2 3 94 142 0.829368
2 2 3 94 143 -1
2 2 3 95 141 0.742003
2 2 3 95 142 -1
2 2 3 95 143 -1
2 2 3 96 141 -1
2 2 3 96 142 -1
2 2 3 96 143 0.96726
2 2 4 94 193 -1
2 2 4 94 194 -1
2 2 4 94 195 -1
2 2 4 94 196 0.885598
2 2 4 95 193 -1
2 2 4 95 194 -1
2 2 4 95 195 0.902885
2 2 4 95 196 -1
2 2 4 96 193 -1
2 2 4 96 194 0.563414
2 2 4 96 195 -1
2 2 4 96 196 -1
2 3 4 141 193 0.604529
2 3 4 141 194 0.0515328
2 3 4 141 195 0.843292
2 3 4 141 196 -1
2 3 4 142 193 0.093676
2 3 4 142 194 0.271327
2 3 4 142 195 0.0686294
2 3 4 142 196 0.355479
2 3 4 143 193 0.186923
2 3 4 143 194 0.353146
2 3 4 143 195 0.00234463
2 3 4 143 196 0.144496
3 0 1 6 44 0.434181
3 0 1 6 45 0.360793
3 0 1 6 46 0.127699
3 0 1 7 44 0.27708
3 0 1 7 45 -1
3 0 1 7 46 0.787378
3 0 2 6 97 0.789514
3 0 2 6 98 -1
3 0 2 6 99 -1
3 0 2 7 97 -1
3 0 2 7 98 0.989301
3 0 2 7 99 -1
3 0 3 6 144 -1
3 0 3 6 145 0.812632
3 0 3 6 146 -1
3 0 3 7 144 0.799005
3 0 3 7 145 -1
3 0 3 7 146 -1
3 0 4 6 197 -1
3 0 4 6 198 -1
3 0 4 6 199 0.796046
3 0 4 7 197 -1
3 0 4 7 198 -1
3 0 4 7 199 0.0854732
3 1 2 44 97 0.971025
3 1 2 44 98 0.387431
3 1 2 44 99 -1
3 1 2 45 97 -1
3 1 2 45 98 -1
3 1 2 45 99 0.67897
3 1 2 46 97 -1
3 1 2 46 98 0.828526
3 1 2 46 99 -1
3 1 3 44 144 0.843699
3 1 3 44 145 0.957151
3 1 3 44 146 -1
3 1 3 45 144 -1
3 1 3 45 145 -1
3 1 3 45 146 0.988037
3 1 3 46 144 0.850555
3 1 3 46 145 0.927355
3 1 3 46 146 -1
3 1 4 44 197 -1
3 1 4 44 198 -1
3 1 4 44 199 0.824717
3 1 4 45 197 0.759149
3 1 4 45 198 0.898965
3 1 4 45 199 -1
3 1 4 46 197 -1
3 1 4 46 198 -1
3 1 4 46 199 -1
3 2 3 97 144 -1
3 2 3 97 145 0.969393
3 2 3 97 146 -1
3 2 3 98 144 0.797222
3 2 3 98 145 -1
3 2 3 98 146 -1
3 2 3 99 144 -1
3 2 3 99 145 -1
3 2 3 99 146 0.478496
3 2 4 97 197 -1
3 2 4 97 198 -1
3 2 4 97 199 0.830884
3 2 4 98 197 -1
3 2 4 98 198 -1
3 2 4 98 199 -1
3 2 4 99 197 -1
3 2 4 99 198 0.727563
3 2 4 99 199 -1
3 3 4 144 197 0.706265
3 3 4 144 198 0.0890102
3 3 4 144 199 -1
3 3 4 145 197 0.0961525
3 3 4 145 198 0.207119
3 3 4 145 199 0.425404
3 3 4 146 197 0.0399504
3 3 4 146 198 0.232981
3 3 4 146 199 0.450173
4 0 1 8 47 0.0587039
4 0 1 8 48 0.338854
4 0 1 8 49 0.602442
4 0 2 8 100 0.950371
4 0 2 8 101 0.300399
4 0 2 8 102 -1
4 0 3 8 147 -1
4 0 3 8 148 0.955301
4 0 3 8 149 0.362791
4 0 4 8 200 0.785798
4 1 2 47 100 -1
4 1 2 47 101 -1
4 1 2 47 102 0.980894
4 1 2 48 100 -1
4 1 2 48 101 0.901611
4 1 2 48 102 -1
4 1 2 49 100 0.979357
4 1 2 49 101 0.097932
4 1 2 49 102 -1
4 1 3 47 147 0.814362
4 1 3 47 148 -1
4 1 3 47 149 -1
4 1 3 48 147 -1
4 1 3 48 148 0.631867
4 1 3 48 149 0.818601
4 1 3 49 147 -1
4 1 3 49 148 0.900351
4 1 3 49 149 0.966381
4 1 4 47 200 -1
4 1 4 48 200 0.820722
4 1 4 49 200 -1
4 2 3 100 147 -1
4 2 3 100 148 0.902447
4 2 3 100 149 -1
4 2 3 101 147 -1
4 2 3 101 148 -1
4 2 3 101 149 0.982049
4 2 3 102 147 0.882359
4 2 3 102 148 -1
4 2 3 102 149 -1
4 2 4 100 200 0.966451
4 2 4 101 200 0.899677
4 2 4 102 200 -1
4 3 4 147 200 0.264558
4 3 4 148 200 0.262888
4 3 4 149 200 0.472554
5 0 1 9 50 0.258165
5 0 1 9 51 0.166881
5 0 1 9 52 0.119534
5 0 1 10 50 0.135809
5 0 1 10 51 0.166341
5 0 1 10 52 0.187881
5 0 1 11 50 0.0690699
5 0 1 11 51 0.172405
5 0 1 11 52 0.219551
5 0 2 9 103 -1
5 0 2 9 104 -1
5 0 2 9 105 -1
5 0 2 10 103 0.468819
5 0 2 10 104 0.810068
5 0 2 10 105 -1
5 0 2 11 103 0.864372
5 0 2 11 104 0.298611
5 0 2 11 105 -1
5 0 3 9 150 0.275106
5 0 3 9 151 0.166474
5 0 3 9 152 0.161146
5 0 3 10 150 -1
5 0 3 10 151 0.39698
5 0 3 10 152 0.42225
5 0 3 11 150 -1
5 0 3 11 151 0.42106
5 0 3 11 152 0.401613
5 0 4 9 201 0.164523
5 0 4 9 202 0.0745532
5 0 4 9 203 0.0677912
5 0 4 9 204 0.192299
5 0 4 10 201 0.116926
5 0 4 10 202 0.136887
5 0 4 10 203 0.135112
5 0 4 10 204 0.104213
5 0 4 11 201 0.0958087
5 0 4 11 202 0.152611
5 0 4 11 203 0.160123
5 0 4 11 204 0.0847581
5 1 2 50 103 -1
5 1 2 50 104 -1
5 1 2 50 105 0.990763
5 1 2 51 103 -1
5 1 2 51 104 0.806292
5 1 2 51 105 -1
5 1 2 52 103 0.991511
5 1 2 52 104 -1
5 1 2 52 105 -1
5 1 3 50 150 0.47971
5 1 3 50 151 0.112905
5 1 3 50 152 0.137928
5 1 3 51 150 0.151229
5 1 3 51 151 0.189874
5 1 3 51 152 0.248996
5 1 3 52 150 0.00974425
5 1 3 52 151 0.29675
5 1 3 52 152 0.232254
5 1 4 50 201 0.79883
5 1 4 50 202 -1
5 1 4 50 203 -1
5 1 4 50 204 0.93753
5 1 4 51 201 -1
5 1 4 51 202 -1
5 1 4 51 203 0.926356
5 1 4 51 204 -1
5 1 4 52 201 -1
5 1 4 52 202 0.970507
5 1 4 52 203 -1
5 1 4 52 204 -1
5 2 3 103 150 -1
5 2 3 103 151 0.993976
5 2 3 103 152 -1
5 2 3 104 150 -1
5 2 3 104 151 -1
5 2 3 104 152 0.940365
5 2 3 105 150 0.99943
5 2 3 105 151 -1
5 2 3 105 152 -1
5 2 4 103 201 -1
5 2 4 103 202 0.890431
5 2 4 103 203 -1
5 2 4 103 204 -1
5 2 4 104 201 -1
5 2 4 104 202 -1
5 2 4 104 203 0.646608
5 2 4 104 204 -1
5 2 4 105 201 0.591934
5 2 4 105 202 -1
5 2 4 105 203 -1
5 2 4 105 204 -1
5 3 4 150 201 0.103322
5 3 4 150 202 0.104403
5 3 4 150 203 0.108242
5 3 4 150 204 0.0768735
5 3 4 151 201 0.0977488
5 3 4 151 202 0.103974
5 3 4 151 203 0.101713
5 3 4 151 204 0.0916414
5 3 4 152 201 0.0950974
5 3 4 152 202 0.0863069
5 3 4 152 203 0.0845881
5 3 4 152 204 0.133186
6 0 1 12 53 0.338349
6 0 1 12 54 0.249053
6 0 1 12 55 0.168789
6 0 1 13 53 0.0951843
6 0 1 13 54 0.226145
6 0 1 13 55 0.343859
6 0 2 12 106 -1
6 0 2 12 107 0.992346
6 0 2 12 108 -1
6 0 2 13 106 0.95794
6 0 2 13 107 -1
6 0 2 13 108 -1
6 0 3 12 153 -1
6 0 3 12 154 0.438969
6 0 3 12 155 0.545736
6 0 3 13 153 -1
6 0 3 13 154 0.561031
6 0 3 13 155 0.454264
6 0 4 12 205 0.220151
6 0 4 12 206 0.350608
6 0 4 12 207 0.318846
6 0 4 13 205 0.369872
6 0 4 13 206 0.24616
6 0 4 13 207 0.232805
6 1 2 53 106 -1
6 1 2 53 107 -1
6 1 2 53 108 0.487811
6 1 2 54 106 -1
6 1 2 54 107 0.984168
6 1 2 54 108 -1
6 1 2 55 106 0.998714
6 1 2 55 107 -1
6 1 2 55 108 -1
6 1 3 53 153 0.260731
6 1 3 53 154 0.124162
6 1 3 53 155 0.129742
6 1 3 54 153 0.150535
6 1 3 54 154 0.172063
6 1 3 54 155 0.172475
6 1 3 55 153 0.0791298
6 1 3 55 154 0.204989
6 1 3 55 155 0.198434
6 1 4 53 205 -1
6 1 4 53 206 0.953184
6 1 4 53 207 0.940905
6 1 4 54 205 0.54682
6 1 4 54 206 -1
6 1 4 54 207 -1
6 1 4 55 205 0.843159
6 1 4 55 206 -1
6 1 4 55 207 -1
6 2 3 106 153 -1
6 2 3 106 154 0.94241
6 2 3 106 155 -1
6 2 3 107 153 -1
6 2 3 107 154 -1
6 2 3 107 155 0.926916
6 2 3 108 153 0.397469
6 2 3 108 154 -1
6 2 3 108 155 -1
6 2 4 106 205 0.836097
6 2 4 106 206 -1
6 2 4 106 207 -1
6 2 4 107 205 0.642072
6 2 4 107 206 -1
6 2 4 107 207 -1
6 2 4 108 205 -1
6 2 4 108 206 0.699576
6 2 4 108 207 0.169138
6 3 4 153 205 0.14391
6 3 4 153 206 0.15313
6 3 4 153 207 0.129681
6 3 4 154 205 0.193807
6 3 4 154 206 0.128319
6 3 4 154 207 0.112798
6 3 4 155 205 0.0825103
6 3 4 155 206 0.146849
6 3 4 155 207 0.189983
7 0 1 14 56 0.940279
7 0 1 14 57 0.439229
7 0 1 14 58 -1
7 0 1 15 56 -1
7 0 1 15 57 -1
7 0 1 15 58 0.922464
7 0 2 14 109 0.892045
7 0 2 14 110 -1
7 0 2 14 111 -1
7 0 2 15 109 -1
7 0 2 15 110 0.690464
7 0 2 15 111 -1
7 0 3 14 156 -1
7 0 3 14 157 0.94607
7 0 3 14 158 -1
7 0 3 15 156 0.932316
7 0 3 15 157 -1
7 0 3 15 158 -1
7 0 4 14 208 -1
7 0 4 14 209 0.470228
7 0 4 14 210 0.558248
7 0 4 15 208 -1
7 0 4 15 209 0.529772
7 0 4 15 210 0.441752
7 1 2 56 109 0.877429
7 1 2 56 110 0.196597
7 1 2 56 111 -1
7 1 2 57 109 -1
7 1 2 57 110 -1
7 1 2 57 111 0.840769
7 1 2 58 109 -1
7 1 2 58 110 0.544877
7 1 2 58 111 -1
7 1 3 56 156 0.942621
7 1 3 56 157 0.813914
7 1 3 56 158 -1
7 1 3 57 156 -1
7 1 3 57 157 -1
7 1 3 57 158 0.973151
7 1 3 58 156 0.794364
7 1 3 58 157 0.957156
7 1 3 58 158 -1
7 1 4 56 208 -1
7 1 4 56 209 -1
7 1 4 56 210 0.846204
7 1 4 57 208 0.868126
7 1 4 57 209 -1
7 1 4 57 210 -1
7 1 4 58 208 -1
7 1 4 58 209 0.771227
7 1 4 58 210 -1
7 2 3 109 156 -1
7 2 3 109 157 0.927303
7 2 3 109 158 -1
7 2 3 110 156 0.75218
7 2 3 110 157 -1
7 2 3 110 158 -1
7 2 3 111 156 -1
7 2 3 111 157 -1
7 2 3 111 158 0.915622
7 2 4 109 208 -1
7 2 4 109 209 -1
7 2 4 109 210 0.715486
7 2 4 110 208 -1
7 2 4 110 209 0.742596
7 2 4 110 210 -1
7 2 4 111 208 0.890971
7 2 4 111 209 -1
7 2 4 111 210 -1
7 3 4 156 208 -1
7 3 4 156 209 0.846164
7 3 4 156 210 -1
7 3 4 157 208 0.711777
7 3 4 157 209 -1
7 3 4 157 210 0.553383
7 3 4 158 208 0.633639
7 3 4 158 209 -1
7 3 4 158 210 -1
8 0 1 16 59 0.892256
8 0 1 16 60 0.623627
8 0 1 16 61 -1
8 0 1 17 59 -1
8 0 1 17 60 -1
8 0 1 17 61 0.957704
8 0 2 16 112 0.821045
8 0 2 16 113 -1
8 0 2 16 114 -1
8 0 2 17 112 -1
8 0 2 17 113 0.634083
8 0 2 17 114 -1
8 0 3 16 159 -1
8 0 3 16 160 0.732998
8 0 3 16 161 -1
8 0 3 17 159 0.771883
8 0 3 17 160 -1
8 0 3 17 161 -1
8 0 4 16 211 -1
8 0 4 16 212 -1
8 0 4 16 213 0.444947
8 0 4 16 214 0.498958
8 0 4 17 211 -1
8 0 4 17 212 -1
8 0 4 17 213 0.0973147
8 0 4 17 214 -1
8 1 2 59 112 0.992377
8 1 2 59 113 0.614086
8 1 2 59 114 -1
8 1 2 60 112 -1
8 1 2 60 113 -1
8 1 2 60 114 0.795522
8 1 2 61 112 0.830917
8 1 2 61 113 0.709233
8 1 2 61 114 -1
8 1 3 59 159 0.225873
8 1 3 59 160 0.750484
8 1 3 59 161 -1
8 1 3 60 159 -1
8 1 3 60 160 -1
8 1 3 60 161 0.589156
8 1 3 61 159 0.730351
8 1 3 61 160 0.523832
8 1 3 61 161 -1
8 1 4 59 211 -1
8 1 4 59 212 -1
8 1 4 59 213 -1
8 1 4 59 214 0.927785
8 1 4 60 211 0.274796
8 1 4 60 212 0.939469
8 1 4 60 213 -1
8 1 4 60 214 -1
8 1 4 61 211 -1
8 1 4 61 212 -1
8 1 4 61 213 0.722603
8 1 4 61 214 -1
8 2 3 112 159 -1
8 2 3 112 160 0.948907
8 2 3 112 161 -1
8 2 3 113 159 0.375361
8 2 3 113 160 -1
8 2 3 113 161 -1
8 2 3 114 159 -1
8 2 3 114 160 -1
8 2 3 114 161 0.896317
8 2 4 112 211 -1
8 2 4 112 212 -1
8 2 4 112 213 -1
8 2 4 112 214 0.666014
8 2 4 113 211 -1
8 2 4 113 212 -1
8 2 4 113 213 0.705736
8 2 4 113 214 -1
8 2 4 114 211 -1
8 2 4 114 212 0.836713
8 2 4 114 213 -1
8 2 4 114 214 -1
8 3 4 159 211 0.512537
8 3 4 159 212 0.00459018
8 3 4 159 213 0.685296
8 3 4 159 214 -1
8 3 4 160 211 -1
8 3 4 160 212 0.238458
8 3 4 160 213 -1
8 3 4 160 214 0.845866
8 3 4 161 211 -1
8 3 4 161 212 0.756952
8 3 4 161 213 -1
8 3 4 161 214 -1
9 0 1 18 62 0.97389
9 0 2 18 115 0.653765
9 0 2 18 116 -1
9 0 3 18 162 -1
9 0 3 18 163 -1
9 0 4 18 215 0.977651
9 0 4 18 216 -1
9 0 4 18 217 0.997501
9 1 2 62 115 -1
9 1 2 62 116 0.958588
9 1 3 62 162 0.969948
9 1 3 62 163 -1
9 1 4 62 215 -1
9 1 4 62 216 0.92979
9 1 4 62 217 -1
9 2 3 115 162 -1
9 2 3 115 163 0.873132
9 2 3 116 162 0.916774
9 2 3 116 163 -1
9 2 4 115 215 0.917594
9 2 4 115 216 -1
9 2 4 115 217 0.787587
9 2 4 116 215 -1
9 2 4 116 216 0.914445
9 2 4 116 217 -1
9 3 4 162 215 0.219756
9 3 4 162 216 0.267717
9 3 4 162 217 0.153227
9 3 4 163 215 0.263296
9 3 4 163 216 0.222782
9 3 4 163 217 0.162293
10 0 1 19 63 0.356128
10 0 1 19 64 0.269706
10 0 1 19 65 0.157582
10 0 1 20 63 -1
10 0 1 20 64 0.344732
10 0 1 20 65 0.617145
10 0 2 19 117 0.873038
10 0 2 20 117 0.126962
10 0 3 19 164 0.843201
10 0 3 20 164 -1
10 0 4 19 218 0.23835
10 0 4 19 219 -1
10 0 4 20 218 0.76165
10 0 4 20 219 -1
10 1 2 63 117 -1
10 1 2 64 117 0.943953
10 1 2 65 117 0.018388
10 1 3 63 164 -1
10 1 3 64 164 0.918918
10 1 3 65 164 0.682324
10 1 4 63 218 -1
10 1 4 63 219 0.950347
10 1 4 64 218 -1
10 1 4 64 219 -1
10 1 4 65 218 0.970981
10 1 4 65 219 -1
10 2 3 117 164 0.960211
10 2 4 117 218 0.523461
10 2 4 117 219 -1
10 3 4 164 218 0.21563
10 3 4 164 219 0.706166
11 0 1 21 66 0.541465
11 0 1 21 67 0.458535
11 0 1 22 66 -1
11 0 1 22 67 -1
11 0 2 21 118 -1
11 0 2 21 119 -1
11 0 2 21 120 -1
11 0 2 22 118 -1
11 0 2 22 119 0.945473
11 0 2 22 120 -1
11 0 3 21 165 -1
11 0 3 21 166 -1
11 0 3 21 167 -1
11 0 3 22 165 -1
11 0 3 22 166 0.927084
11 0 3 22 167 -1
11 0 4 21 220 0.715446
11 0 4 22 220 -1
11 1 2 66 118 0.939025
11 1 2 66 119 -1
11 1 2 66 120 -1
11 1 2 67 118 -1
11 1 2 67 119 -1
11 1 2 67 120 0.687603
11 1 3 66 165 0.515912
11 1 3 66 166 0.447043
11 1 3 66 167 0.0278641
11 1 3 67 165 -1
11 1 3 67 166 0.215285
11 1 3 67 167 0.93968
11 1 4 66 220 0.960171
11 1 4 67 220 -1
11 2 3 118 165 0.939006
11 2 3 118 166 -1
11 2 3 118 167 -1
11 2 3 119 165 -1
11 2 3 119 166 0.905968
11 2 3 119 167 -1
11 2 3 120 165 -1
11 2 3 120 166 -1
11 2 3 120 167 0.804419
11 2 4 118 220 0.95474
11 2 4 119 220 -1
11 2 4 120 220 -1
11 3 4 165 220 0.317732
11 3 4 166 220 0.308524
11 3 4 167 220 0.373744
12 0 1 23 68 0.483212
12 0 1 23 69 0.393451
12 0 1 23 70 0.0783449
12 0 1 24 68 0.143775
12 0 1 24 69 -1
12 0 1 24 70 0.861177
12 0 2 23 121 0.855838
12 0 2 23 122 -1
12 0 2 24 121 -1
12 0 2 24 122 0.982961
12 0 3 23 168 -1
12 0 3 23 169 -1
12 0 3 24 168 0.988528
12 0 3 24 169 -1
12 0 4 23 221 0.331851
12 0 4 23 222 0.345129
12 0 4 24 221 -1
12 0 4 24 222 0.50925
12 1 2 68 121 0.491831
12 1 2 68 122 0.508169
12 1 2 69 121 -1
12 1 2 69 122 -1
12 1 2 70 121 0.458734
12 1 2 70 122 0.541266
12 1 3 68 168 0.226658
12 1 3 68 169 -1
12 1 3 69 168 0.180588
12 1 3 69 169 0.665836
12 1 3 70 168 0.405784
12 1 3 70 169 0.24913
12 1 4 68 221 -1
12 1 4 68 222 0.891245
12 1 4 69 221 0.968265
12 1 4 69 222 -1
12 1 4 70 221 -1
12 1 4 70 222 0.628918
12 2 3 121 168 -1
12 2 3 121 169 -1
12 2 3 122 168 0.993568
12 2 3 122 169 -1
12 2 4 121 221 -1
12 2 4 121 222 0.859385
12 2 4 122 221 -1
12 2 4 122 222 0.140615
12 3 4 168 221 0.300693
12 3 4 168 222 0.619669
12 3 4 169 221 0.618953
12 3 4 169 222 0.208763
13 0 1 25 71 0.965246
13 0 1 25 72 -1
13 0 1 25 73 0.79723
13 0 1 26 71 -1
13 0 1 26 72 0.946394
13 0 1 26 73 -1
13 0 2 25 123 0.876421
13 0 2 25 124 -1
13 0 2 26 123 -1
13 0 2 26 124 0.759638
13 0 3 25 170 -1
13 0 3 25 171 0.920329
13 0 3 25 172 -1
13 0 3 26 170 0.814053
13 0 3 26 171 -1
13 0 3 26 172 -1
13 0 4 25 223 -1
13 0 4 25 224 0.491188
13 0 4 25 225 0.799782
13 0 4 26 223 -1
13 0 4 26 224 0.508812
13 0 4 26 225 0.200218
13 1 2 71 123 0.690425
13 1 2 71 124 0.309575
13 1 2 72 123 -1
13 1 2 72 124 0.701103
13 1 2 73 123 -1
13 1 2 73 124 -1
13 1 3 71 170 0.662996
13 1 3 71 171 0.867947
13 1 3 71 172 -1
13 1 3 72 170 0.736127
13 1 3 72 171 0.999593
13 1 3 72 172 -1
13 1 3 73 170 -1
13 1 3 73 171 -1
13 1 3 73 172 0.751503
13 1 4 71 223 -1
13 1 4 71 224 -1
13 1 4 71 225 0.848399
13 1 4 72 223 -1
13 1 4 72 224 0.975358
13 1 4 72 225 -1
13 1 4 73 223 0.849023
13 1 4 73 224 -1
13 1 4 73 225 -1
13 2 3 123 170 -1
13 2 3 123 171 0.787776
13 2 3 123 172 -1
13 2 3 124 170 0.967422
13 2 3 124 171 -1
13 2 3 124 172 -1
13 2 4 123 223 -1
13 2 4 123 224 -1
13 2 4 123 225 0.750441
13 2 4 124 223 -1
13 2 4 124 224 0.805709
13 2 4 124 225 -1
13 3 4 170 223 -1
13 3 4 170 224 0.926461
13 3 4 170 225 -1
13 3 4 171 223 0.320978
13 3 4 171 224 -1
13 3 4 171 225 0.94563
13 3 4 172 223 0.2911
13 3 4 172 224 -1
13 3 4 172 225 -1
14 0 1 27 74 0.914176
14 0 1 27 75 0.943535
14 0 1 27 76 -1
14 0 1 28 74 -1
14 0 1 28 75 -1
14 0 1 28 76 0.483066
14 0 2 27 125 0.595304
14 0 2 27 126 -1
14 0 2 28 125 -1
14 0 2 28 126 0.540616
14 0 3 27 173 -1
14 0 3 27 174 0.864845
14 0 3 27 175 -1
14 0 3 28 173 0.471679
14 0 3 28 174 -1
14 0 3 28 175 -1
14 0 4 27 226 -1
14 0 4 27 227 -1
14 0 4 27 228 -1
14 0 4 27 229 0.920347
14 0 4 28 226 -1
14 0 4 28 227 -1
14 0 4 28 228 -1
14 0 4 28 229 -1
14 1 2 74 125 0.318992
14 1 2 74 126 0.681008
14 1 2 75 125 -1
14 1 2 75 126 -1
14 1 2 76 125 0.125167
14 1 2 76 126 0.874833
14 1 3 74 173 0.0103388
14 1 3 74 174 0.819333
14 1 3 74 175 -1
14 1 3 75 173 -1
14 1 3 75 174 -1
14 1 3 75 175 0.940583
14 1 3 76 173 0.698023
14 1 3 76 174 0.11688
14 1 3 76 175 -1
14 1 4 74 226 -1
14 1 4 74 227 -1
14 1 4 74 228 -1
14 1 4 74 229 0.96869
14 1 4 75 226 0.111229
14 1 4 75 227 0.948491
14 1 4 75 228 -1
14 1 4 75 229 -1
14 1 4 76 226 -1
14 1 4 76 227 -1
14 1 4 76 228 0.536144
14 1 4 76 229 -1
14 2 3 125 173 -1
14 2 3 125 174 0.723445
14 2 3 125 175 -1
14 2 3 126 173 0.787598
14 2 3 126 174 -1
14 2 3 126 175 -1
14 2 4 125 226 -1
14 2 4 125 227 -1
14 2 4 125 228 -1
14 2 4 125 229 0.609129
14 2 4 126 226 -1
14 2 4 126 227 -1
14 2 4 126 228 0.351555
14 2 4 126 229 -1
14 3 4 173 226 0.795965
14 3 4 173 227 -1
14 3 4 173 228 0.228394
14 3 4 173 229 -1
14 3 4 174 226 -1
14 3 4 174 227 0.370905
14 3 4 174 228 -1
14 3 4 174 229 0.927189
14 3 4 175 226 -1
14 3 4 175 227 0.676375
14 3 4 175 228 -1
14 3 4 175 229 -1
15 0 1 29 77 0.127944
15 0 1 29 78 0.33553
15 0 1 30 77 -1
15 0 1 30 78 -1
15 0 2 29 127 -1
15 0 2 29 128 -1
15 0 2 29 129 -1
15 0 2 30 127 -1
15 0 2 30 128 0.743785
15 0 2 30 129 -1
15 0 3 29 176 -1
15 0 3 29 177 -1
15 0 3 29 178 -1
15 0 3 30 176 -1
15 0 3 30 177 0.731585
15 0 3 30 178 -1
15 0 4 29 230 0.525752
15 0 4 30 230 -1
15 1 2 77 127 0.941194
15 1 2 77 128 -1
15 1 2 77 129 -1
15 1 2 78 127 -1
15 1 2 78 128 -1
15 1 2 78 129 0.834271
15 1 3 77 176 0.972056
15 1 3 77 177 0.496017
15 1 3 77 178 -1
15 1 3 78 176 -1
15 1 3 78 177 -1
15 1 3 78 178 0.843242
15 1 4 77 230 0.982058
15 1 4 78 230 -1
15 2 3 127 176 0.924787
15 2 3 127 177 -1
15 2 3 127 178 -1
15 2 3 128 176 -1
15 2 3 128 177 0.949184
15 2 3 128 178 -1
15 2 3 129 176 -1
15 2 3 129 177 -1
15 2 3 129 178 0.940921
15 2 4 127 230 0.968369
15 2 4 128 230 -1
15 2 4 129 230 -1
15 3 4 176 230 0.44812
15 3 4 177 230 0.342814
15 3 4 178 230 0.209066
16 0 1 31 79 0.91387
16 0 1 31 80 -1
16 0 1 31 81 -1
16 0 1 32 79 -1
16 0 1 32 80 -1
16 0 1 32 81 0.773416
16 0 2 31 130 0.919241
16 0 2 31 131 -1
16 0 2 32 130 -1
16 0 2 32 131 0.790845
16 0 3 31 179 -1
16 0 3 31 180 -1
16 0 3 32 179 0.875929
16 0 3 32 180 -1
16 0 4 31 231 0.475466
16 0 4 31 232 0.0687347
16 0 4 32 231 0.524534
16 0 4 32 232 -1
16 1 2 79 130 0.630797
16 1 2 79 131 0.369203
16 1 2 80 130 -1
16 1 2 80 131 -1
16 1 2 81 130 0.277822
16 1 2 81 131 0.722178
16 1 3 79 179 -1
16 1 3 79 180 -1
16 1 3 80 179 -1
16 1 3 80 180 0.893783
16 1 3 81 179 0.95663
16 1 3 81 180 -1
16 1 4 79 231 0.770741
16 1 4 79 232 -1
16 1 4 80 231 -1
16 1 4 80 232 0.898901
16 1 4 81 231 0.769354
16 1 4 81 232 -1
16 2 3 130 179 -1
16 2 3 130 180 -1
16 2 3 131 179 0.937193
16 2 3 131 180 -1
16 2 4 130 231 0.495442
16 2 4 130 232 -1
16 2 4 131 231 0.504558
16 2 4 131 232 -1
16 3 4 179 231 0.868893
16 3 4 179 232 -1
16 3 4 180 231 -1
16 3 4 180 232 0.984936
17 0 1 33 82 0.948172
17 0 1 33 83 0.895054
17 0 1 33 84 -1
17 0 2 33 132 -1
17 0 3 33 181 -1
17 0 3 33 182 0.828452
17 0 3 33 183 -1
17 0 4 33 233 -1
17 0 4 33 234 -1
17 0 4 33 235 0.924699
17 1 2 82 132 0.442778
17 1 2 83 132 -1
17 1 2 84 132 0.984872
17 1 3 82 181 -1
17 1 3 82 182 0.990813
17 1 3 82 183 -1
17 1 3 83 181 -1
17 1 3 83 182 -1
17 1 3 83 183 0.913632
17 1 3 84 181 0.920075
17 1 3 84 182 -1
17 1 3 84 183 -1
17 1 4 82 233 -1
17 1 4 82 234 -1
17 1 4 82 235 0.852261
17 1 4 83 233 0.0976479
17 1 4 83 234 0.680699
17 1 4 83 235 -1
17 1 4 84 233 -1
17 1 4 84 234 -1
17 1 4 84 235 0.186982
17 2 3 132 181 0.955644
17 2 3 132 182 -1
17 2 3 132 183 -1
17 2 4 132 233 -1
17 2 4 132 234 -1
17 2 4 132 235 -1
17 3 4 181 233 0.446974
17 3 4 181 234 0.0217083
17 3 4 181 235 -1
17 3 4 182 233 -1
17 3 4 182 234 0.188623
17 3 4 182 235 0.469728
17 3 4 183 233 -1
17 3 4 183 234 0.789668
17 3 4 183 235 -1
18 0 1 34 85 0.927004
18 0 1 34 86 -1
18 0 1 34 87 0.396311
18 0 2 34 133 0.545565
18 0 2 34 134 -1
18 0 3 34 184 -1
18 0 3 34 185 0.748179
18 0 3 34 186 -1
18 0 4 34 236 -1
18 0 4 34 237 0.910305
18 1 2 85 133 0.58095
18 1 2 85 134 0.41905
18 1 2 86 133 0.33854
18 1 2 86 134 0.66146
18 1 2 87 133 -1
18 1 2 87 134 -1
18 1 3 85 184 0.740821
18 1 3 85 185 0.905393
18 1 3 85 186 -1
18 1 3 86 184 0.832972
18 1 3 86 185 0.957794
18 1 3 86 186 -1
18 1 3 87 184 -1
18 1 3 87 185 -1
18 1 3 87 186 0.88229
18 1 4 85 236 -1
18 1 4 85 237 0.823749
18 1 4 86 236 -1
18 1 4 86 237 -1
18 1 4 87 236 0.79254
18 1 4 87 237 -1
18 2 3 133 184 -1
18 2 3 133 185 0.334979
18 2 3 133 186 -1
18 2 3 134 184 0.952068
18 2 3 134 185 -1
18 2 3 134 186 -1
18 2 4 133 236 -1
18 2 4 133 237 0.722238
18 2 4 134 236 -1
18 2 4 134 237 -1
18 3 4 184 236 -1
18 3 4 184 237 -1
18 3 4 185 236 0.0219721
18 3 4 185 237 0.881671
18 3 4 186 236 0.242777
18 3 4 186 237 -1
end of Frame 169
