J OverallIdx viewIdx joint种类0-18(jointIdx) 该joint在图中的顺序(candidix) x y score
0 0 0 0 594.588 396.492 0.75384
1 0 0 1 353.35 432.253 0.585188
2 0 1 0 347.874 198.281 0.838693
3 0 1 1 616.997 217.208 0.890028
4 0 2 0 560.82 394.323 0.69265
5 0 2 1 389.746 430.156 0.523409
6 0 3 0 633.748 400.623 0.682452
7 0 3 1 325.314 432.313 0.59316
8 0 4 0 274.853 143.337 0.843555
9 0 4 1 591.688 145.579 0.903128
10 0 5 0 389.717 204.516 0.793631
11 0 5 1 569.315 212.948 0.888665
12 0 6 0 311.326 196.15 0.804619
13 0 6 1 664.757 225.53 0.830074
14 0 7 0 530.119 529.313 0.810306
15 0 7 1 347.875 581.99 0.705569
16 0 8 0 619.847 533.574 0.821901
17 0 8 1 325.238 596.734 0.751541
18 0 10 0 305.616 126.465 0.924432
19 0 10 1 639.344 143.386 0.918128
20 0 11 0 544.091 303.673 0.831508
21 0 11 1 437.382 316.364 0.855145
22 0 12 0 701.091 309.93 0.79838
23 0 12 1 311.263 331.145 0.797128
24 0 13 0 530.145 641.009 0.804575
25 0 13 1 353.329 721.204 0.438697
26 0 14 0 616.949 649.555 0.874866
27 0 14 1 350.469 738.057 0.549301
28 0 15 0 375.833 366.897 0.490804
29 0 15 1 507.541 369.033 0.857697
30 0 16 0 706.549 392.166 0.832217
31 0 16 1 280.297 423.837 0.830622
32 0 17 0 628.133 685.289 0.803108
33 0 17 1 302.729 725.382 0.419224
34 0 18 0 479.534 666.313 0.832323
35 0 18 1 302.808 716.997 0.459965
36 1 0 0 171.168 390.083 0.62307
37 1 0 1 530.092 463.928 0.523396
38 1 1 0 185.011 187.692 0.703433
39 1 1 1 524.305 191.866 0.789792
40 1 2 0 193.586 392.187 0.621759
41 1 2 1 577.679 466.017 0.487096
42 1 3 0 151.426 385.905 0.552649
43 1 3 1 485.234 463.904 0.498038
44 1 4 0 258.111 145.545 0.923373
45 1 5 0 558.04 191.91 0.767451
46 1 5 1 193.514 189.765 0.812334
47 1 6 0 165.481 187.637 0.636475
48 1 6 1 482.216 191.812 0.754291
49 1 7 0 241.128 518.727 0.77365
50 1 7 1 619.804 628.345 0.64309
51 1 8 0 165.323 529.331 0.791314
52 1 8 1 482.277 617.846 0.805308
53 1 9 0 583.304 94.9839 0.820851
54 1 9 1 213.131 128.677 0.915734
55 1 9 2 616.981 177.192 0.343389
56 1 10 0 504.912 99.1511 0.491472
57 1 10 1 619.793 177.178 0.314509
58 1 11 0 207.49 295.121 0.802604
59 1 11 1 639.439 324.757 0.821977
60 1 13 0 277.587 666.306 0.787073
61 1 13 1 636.562 765.28 0.645843
62 1 14 0 137.434 674.798 0.71972
63 1 14 1 409.459 765.362 0.619005
64 1 15 0 723.494 253.02 0.771812
65 1 15 1 257.942 347.927 0.85657
66 1 16 0 673.031 335.3 0.21876
67 1 17 0 201.897 685.358 0.726048
68 1 18 0 333.759 659.994 0.742276
69 2 0 0 813.27 189.793 0.266299
70 2 0 1 434.608 261.424 0.75974
71 2 0 2 650.589 360.62 0.767374
72 2 0 3 1029.21 638.924 0.459098
73 2 0 4 501.961 693.76 0.571878
74 2 1 0 437.344 107.516 0.853554
75 2 1 1 821.797 145.497 0.247825
76 2 1 2 678.604 210.911 0.88876
77 2 1 3 504.633 466.086 0.851694
78 2 2 0 818.818 189.809 0.237222
79 2 2 1 415.076 261.5 0.762433
80 2 2 2 616.941 356.337 0.783217
81 2 2 3 549.655 689.525 0.532109
82 2 3 0 802.084 189.779 0.271277
83 2 3 1 445.952 261.386 0.716069
84 2 3 2 684.233 364.763 0.809079
85 2 3 3 981.572 636.805 0.495281
86 2 3 4 454.22 693.772 0.54657
87 2 4 0 485.243 56.989 0.90341
88 2 4 1 667.46 189.744 0.837972
89 2 5 0 409.439 109.678 0.829949
90 2 5 1 841.17 145.511 0.216559
91 2 5 2 619.772 206.589 0.854935
92 2 5 3 594.509 476.56 0.673997
93 2 6 0 460.004 99.0975 0.728986
94 2 6 1 816.067 143.355 0.287645
95 2 6 2 729.138 221.395 0.854021
96 2 6 3 1029.21 447.022 0.601361
97 2 6 4 412.127 463.793 0.82102
98 2 7 0 796.521 213.002 0.181279
99 2 7 1 414.969 362.608 0.824012
100 2 7 2 597.269 463.884 0.845093
101 2 7 3 549.775 763.293 0.530813
102 2 8 0 793.603 212.986 0.342907
103 2 8 1 443.143 360.514 0.67315
104 2 8 2 673.07 468.103 0.772198
105 2 8 3 950.729 733.877 0.535546
106 2 8 4 459.834 765.311 0.258828
107 2 9 0 440.311 44.246 0.892272
108 2 9 1 642.194 153.899 0.641659
109 2 9 2 566.505 362.726 0.783051
110 2 10 0 706.734 162.329 0.897796
111 2 10 1 460.022 352.133 0.687197
112 2 11 0 846.957 162.319 0.150033
113 2 11 1 378.63 194.026 0.890893
114 2 11 2 594.412 261.372 0.933699
115 2 11 3 617.037 607.274 0.818515
116 2 12 0 796.563 164.465 0.200449
117 2 12 1 454.248 168.714 0.538154
118 2 12 2 745.898 305.777 0.845387
119 2 12 3 911.494 466.063 0.812337
120 2 12 4 389.868 582.027 0.857112
121 2 13 0 403.801 466.039 0.608809
122 2 13 1 594.514 554.611 0.510057
123 2 14 0 796.51 257.253 0.364491
124 2 14 1 457.122 455.475 0.437203
125 2 14 2 661.866 550.425 0.846604
126 2 15 0 406.658 267.805 0.837811
127 2 15 1 594.395 322.596 0.847959
128 2 16 0 462.764 215.121 0.817423
129 2 16 1 706.744 371.094 0.868883
130 2 16 2 922.638 383.817 0.530548
131 2 17 0 650.62 567.219 0.414933
132 3 0 0 560.901 345.814 0.73164
133 3 0 1 238.467 364.863 0.668624
134 3 0 2 908.59 375.336 0.492269
135 3 1 0 905.788 162.342 0.644693
136 3 1 1 232.795 187.645 0.670684
137 3 1 2 552.413 194.03 0.946385
138 3 2 0 532.803 345.851 0.717419
139 3 2 1 257.889 366.887 0.676839
140 3 2 2 939.479 362.726 0.398305
141 3 3 0 591.616 345.797 0.752488
142 3 3 1 229.936 364.857 0.620602
143 3 3 2 883.362 381.673 0.448483
144 3 4 0 914.194 113.831 0.538081
145 3 4 1 294.505 126.569 0.89264
146 3 4 2 586.096 143.456 0.861023
147 3 5 0 931.053 160.237 0.546564
148 3 5 1 235.721 189.78 0.836552
149 3 5 2 510.37 196.105 0.8674
150 3 6 0 877.78 162.393 0.647265
151 3 6 1 216.038 183.425 0.584337
152 3 6 2 981.597 187.645 0.439602
153 3 6 3 594.56 193.93 0.917872
154 3 7 0 953.543 463.965 0.393001
155 3 7 1 546.861 472.314 0.794839
156 3 7 2 288.821 497.682 0.812739
157 3 7 3 863.622 556.676 0.591033
158 3 8 0 588.949 464 0.76737
159 3 8 1 950.628 463.913 0.36612
160 3 8 2 238.294 493.44 0.793643
161 3 8 3 889.091 588.336 0.677263
162 3 9 0 541.24 132.831 0.829934
163 3 9 1 252.385 126.455 0.90102
164 3 10 0 821.607 77.988 0.782626
165 3 10 1 956.315 124.373 0.825599
166 3 11 0 465.533 274.128 0.851072
167 3 11 1 235.716 282.571 0.890831
168 3 12 0 597.447 265.743 0.809668
169 3 12 1 860.843 288.899 0.593473
170 3 13 0 1029.21 562.984 0.524329
171 3 13 1 546.896 579.914 0.789943
172 3 13 2 280.533 628.392 0.801935
173 3 13 3 830.045 681.044 0.700067
174 3 14 0 572.237 550.455 0.824119
175 3 14 1 1029.21 560.94 0.239428
176 3 14 2 229.966 611.528 0.523324
177 3 14 3 931.086 759.094 0.703899
178 3 15 0 510.454 326.903 0.889795
179 3 15 1 300.02 356.352 0.856875
180 3 16 0 614.038 326.856 0.846625
181 3 16 1 799.257 343.624 0.741296
182 3 17 0 594.536 586.27 0.819566
183 3 17 1 866.547 748.54 0.57192
184 3 18 0 975.805 596.784 0.568387
185 3 18 1 569.258 615.719 0.709224
186 3 18 2 347.828 643.14 0.772415
187 3 18 3 779.6 664.24 0.625703
188 4 0 0 701.065 246.691 0.694426
189 4 0 1 981.522 263.578 0.749071
190 4 0 2 569.208 341.618 0.571074
191 4 1 0 998.415 109.625 0.89054
192 4 1 1 535.658 126.41 0.841897
193 4 1 2 706.781 126.51 0.881939
194 4 2 0 678.65 244.682 0.687067
195 4 2 1 953.459 261.469 0.781393
196 4 2 2 614.14 341.584 0.558708
197 4 3 0 723.484 246.711 0.703311
198 4 3 1 1029.2 267.802 0.680354
199 4 3 2 524.343 343.721 0.549133
200 4 4 0 945.001 59.0561 0.884964
201 4 4 1 701.052 84.3706 0.834791
202 4 5 0 959.044 109.632 0.866914
203 4 5 1 605.763 118.083 0.78514
204 4 5 2 678.661 126.501 0.707825
205 4 6 0 1029.21 107.57 0.62193
206 4 6 1 737.517 126.577 0.892918
207 4 6 2 465.52 128.613 0.826078
208 4 7 0 661.937 339.493 0.734044
209 4 7 1 928.296 366.97 0.849374
210 4 7 2 630.994 514.476 0.730495
211 4 8 0 731.878 331.111 0.847975
212 4 8 1 1003.96 379.575 0.833566
213 4 8 2 544.029 531.369 0.786852
214 4 9 0 552.53 46.4268 0.643971
215 4 9 1 639.349 73.826 0.937062
216 4 10 0 493.52 56.9016 0.683905
217 4 10 1 992.758 52.7096 0.859427
218 4 10 2 729.039 82.2855 0.805207
219 4 11 0 950.56 175.064 0.733415
220 4 11 1 644.971 238.25 0.763027
221 4 12 0 732.061 175.073 0.888704
222 4 12 1 1029.21 202.437 0.228824
223 4 12 2 437.553 246.772 0.890944
224 4 13 0 661.826 417.542 0.77608
225 4 13 1 905.753 474.424 0.820159
226 4 13 2 642.31 653.732 0.769409
227 4 14 0 771.153 407.01 0.841298
228 4 14 1 1001.3 480.772 0.821628
229 4 14 2 552.584 670.545 0.794475
230 4 15 0 933.774 213.03 0.783661
231 4 15 1 661.981 314.157 0.910217
232 4 16 0 687.002 158.082 0.860468
233 4 16 1 973.157 229.904 0.806129
234 4 16 2 426.314 347.951 0.801106
235 4 17 0 751.496 430.218 0.856469
236 4 17 1 964.726 495.588 0.789051
237 4 17 2 687.085 533.525 0.287144
238 4 17 3 504.83 662.134 0.680028
239 4 18 0 673.042 432.317 0.247604
240 4 18 1 863.699 480.813 0.757219
241 4 18 2 675.844 632.546 0.793271
P viewIdx, pafIdx, aOverAllIdx, bOverAllIdx, CandidAIdx, CandidBIdx, score
0 0 2 0 0 0 0
0 0 2 1 0 1 0.969211
0 0 3 0 1 0 0.980232
0 0 3 1 1 1 0
0 1 4 14 0 0 0.969625
0 1 4 15 0 1 0
0 1 5 14 1 0 0
0 1 5 15 1 1 0.953921
0 2 14 24 0 0 0.994433
0 2 14 25 0 1 0
0 2 15 24 1 0 0
0 2 15 25 1 1 0.952017
0 3 0 4 0 0 0.944994
0 3 0 5 0 1 0
0 3 1 4 1 0 0
0 3 1 5 1 1 0.871405
0 4 0 6 0 0 0.930283
0 4 0 7 0 1 0
0 4 1 6 1 0 0
0 4 1 7 1 1 0.872903
0 5 6 16 0 0 0.99231
0 5 6 17 0 1 0
0 5 7 16 1 0 0
0 5 7 17 1 1 0.984495
0 6 16 26 0 0 0.998713
0 6 16 27 0 1 0
0 6 17 26 1 0 0
0 6 17 27 1 1 0.984876
0 7 2 10 0 0 0.987055
0 7 2 11 0 1 0
0 7 3 10 1 0 0
0 7 3 11 1 1 0.997633
0 8 10 20 0 0 0
0 8 10 21 0 1 0.998129
0 8 11 20 1 0 0.992207
0 8 11 21 1 1 0
0 9 20 28 0 0 0
0 9 20 29 0 1 0.988422
0 9 21 28 1 0 0.893424
0 9 21 29 1 1 0
0 11 2 12 0 0 0.992843
0 11 2 13 0 1 0
0 11 3 12 1 0 0
0 11 3 13 1 1 0.99449
0 12 12 22 0 0 0
0 12 12 23 0 1 0.970404
0 12 13 22 1 0 0.996709
0 12 13 23 1 1 0
0 13 22 30 0 0 0.992759
0 13 22 31 0 1 0
0 13 23 30 1 0 0
0 13 23 31 1 1 0.978103
0 14 12 18 0 0 0.993938
0 14 12 19 0 1 0
0 14 13 18 1 0 0
0 14 13 19 1 1 0.992841
0 15 2 8 0 0 0.99977
0 15 2 9 0 1 0
0 15 3 8 1 0 0
0 15 3 9 1 1 0.994135
0 16 26 32 0 0 0.995743
0 16 26 33 0 1 0
0 16 27 32 1 0 0
0 16 27 33 1 1 0.823711
0 17 24 34 0 0 0.946413
0 17 24 35 0 1 0
0 17 25 34 1 0 0
0 17 25 35 1 1 0.764501
1 0 38 36 0 0 0.95958
1 0 38 37 0 1 0
1 0 39 36 1 0 0
1 0 39 37 1 1 0.972597
1 1 40 49 0 0 0.972743
1 1 40 50 0 1 0
1 1 41 49 1 0 0
1 1 41 50 1 1 0.964092
1 2 49 60 0 0 0.993608
1 2 49 61 0 1 0
1 2 50 60 1 0 0
1 2 50 61 1 1 0.978294
1 3 36 40 0 0 0.902724
1 3 36 41 0 1 0
1 3 37 40 1 0 0
1 3 37 41 1 1 0.860966
1 4 36 42 0 0 0.89458
1 4 36 43 0 1 0
1 4 37 42 1 0 0
1 4 37 43 1 1 0.866998
1 5 42 51 0 0 0.964818
1 5 42 52 0 1 0
1 5 43 51 1 0 0
1 5 43 52 1 1 0.966264
1 6 51 62 0 0 0.995469
1 6 51 63 0 1 0
1 6 52 62 1 0 0
1 6 52 63 1 1 0.974999
1 7 38 45 0 0 0
1 7 38 46 0 1 0.934455
1 7 39 45 1 0 0.983457
1 7 39 46 1 1 0
1 8 45 58 0 0 0
1 8 45 59 0 1 0.993447
1 8 46 58 1 0 0.978684
1 8 46 59 1 1 0
1 9 58 64 0 0 0
1 9 58 65 0 1 0.994949
1 9 59 64 1 0 0.963491
1 9 59 65 1 1 0
1 10 45 53 0 0 0.534982
1 10 45 54 0 1 0
1 10 45 55 0 2 0.465018
1 10 46 53 1 0 0
1 10 46 54 1 1 0.967422
1 10 46 55 1 2 0
1 11 38 47 0 0 0.927655
1 11 38 48 0 1 0
1 11 39 47 1 0 0
1 11 39 48 1 1 0.985489
1 14 47 56 0 0 0
1 14 47 57 0 1 0
1 14 48 56 1 0 0.862142
1 14 48 57 1 1 0
1 15 38 44 0 0 0.937787
1 15 39 44 1 0 0
1 16 62 67 0 0 0.979047
1 16 63 67 1 0 0
1 17 60 68 0 0 0.965194
1 17 61 68 1 0 0
2 0 74 69 0 0 0
2 0 74 70 0 1 0.985219
2 0 74 71 0 2 0
2 0 74 72 0 3 0
2 0 74 73 0 4 0
2 0 75 69 1 0 0.817321
2 0 75 70 1 1 0
2 0 75 71 1 2 0
2 0 75 72 1 3 0
2 0 75 73 1 4 0
2 0 76 69 2 0 0
2 0 76 70 2 1 0
2 0 76 71 2 2 0.986859
2 0 76 72 2 3 0
2 0 76 73 2 4 0
2 0 77 69 3 0 0
2 0 77 70 3 1 0
2 0 77 71 3 2 0
2 0 77 72 3 3 0
2 0 77 73 3 4 0.989982
2 1 78 98 0 0 0.704571
2 1 78 99 0 1 0
2 1 78 100 0 2 0
2 1 78 101 0 3 0
2 1 79 98 1 0 0
2 1 79 99 1 1 0.984938
2 1 79 100 1 2 0
2 1 79 101 1 3 0
2 1 80 98 2 0 0
2 1 80 99 2 1 0
2 1 80 100 2 2 0.99097
2 1 80 101 2 3 0
2 1 81 98 3 0 0
2 1 81 99 3 1 0
2 1 81 100 3 2 0
2 1 81 101 3 3 0.979556
2 2 98 121 0 0 0
2 2 98 122 0 1 0
2 2 99 121 1 0 0.970553
2 2 99 122 1 1 0
2 2 100 121 2 0 0
2 2 100 122 2 1 0.954427
2 2 101 121 3 0 0
2 2 101 122 3 1 0
2 3 69 78 0 0 0.707171
2 3 69 79 0 1 0
2 3 69 80 0 2 0
2 3 69 81 0 3 0
2 3 70 78 1 0 0
2 3 70 79 1 1 0.94264
2 3 70 80 1 2 0
2 3 70 81 1 3 0
2 3 71 78 2 0 0
2 3 71 79 2 1 0
2 3 71 80 2 2 0.966495
2 3 71 81 2 3 0
2 3 72 78 3 0 0
2 3 72 79 3 1 0
2 3 72 80 3 2 0
2 3 72 81 3 3 0
2 3 73 78 4 0 0
2 3 73 79 4 1 0
2 3 73 80 4 2 0
2 3 73 81 4 3 0.870532
2 4 69 82 0 0 0.724117
2 4 69 83 0 1 0
2 4 69 84 0 2 0
2 4 69 85 0 3 0
2 4 69 86 0 4 0
2 4 70 82 1 0 0
2 4 70 83 1 1 0.939582
2 4 70 84 1 2 0
2 4 70 85 1 3 0
2 4 70 86 1 4 0
2 4 71 82 2 0 0
2 4 71 83 2 1 0
2 4 71 84 2 2 0.973662
2 4 71 85 2 3 0
2 4 71 86 2 4 0
2 4 72 82 3 0 0
2 4 72 83 3 1 0
2 4 72 84 3 2 0
2 4 72 85 3 3 0.884057
2 4 72 86 3 4 0
2 4 73 82 4 0 0
2 4 73 83 4 1 0
2 4 73 84 4 2 0
2 4 73 85 4 3 0
2 4 73 86 4 4 0.884801
2 5 82 102 0 0 0.831937
2 5 82 103 0 1 0
2 5 82 104 0 2 0
2 5 82 105 0 3 0
2 5 82 106 0 4 0
2 5 83 102 1 0 0
2 5 83 103 1 1 0.940573
2 5 83 104 1 2 0
2 5 83 105 1 3 0
2 5 83 106 1 4 0
2 5 84 102 2 0 0
2 5 84 103 2 1 0
2 5 84 104 2 2 0.978167
2 5 84 105 2 3 0
2 5 84 106 2 4 0
2 5 85 102 3 0 0
2 5 85 103 3 1 0
2 5 85 104 3 2 0
2 5 85 105 3 3 0.941754
2 5 85 106 3 4 0
2 5 86 102 4 0 0
2 5 86 103 4 1 0
2 5 86 104 4 2 0
2 5 86 105 4 3 0
2 5 86 106 4 4 0.98205
2 6 102 123 0 0 0.870336
2 6 102 124 0 1 0
2 6 102 125 0 2 0
2 6 103 123 1 0 0
2 6 103 124 1 1 0.893772
2 6 103 125 1 2 0
2 6 104 123 2 0 0
2 6 104 124 2 1 0
2 6 104 125 2 2 0.989643
2 6 105 123 3 0 0
2 6 105 124 3 1 0
2 6 105 125 3 2 0
2 6 106 123 4 0 0
2 6 106 124 4 1 0
2 6 106 125 4 2 0
2 7 74 89 0 0 0.982337
2 7 74 90 0 1 0
2 7 74 91 0 2 0
2 7 74 92 0 3 0
2 7 75 89 1 0 0
2 7 75 90 1 1 0.754735
2 7 75 91 1 2 0
2 7 75 92 1 3 0
2 7 76 89 2 0 0
2 7 76 90 2 1 0
2 7 76 91 2 2 0.998557
2 7 76 92 2 3 0
2 7 77 89 3 0 0
2 7 77 90 3 1 0
2 7 77 91 3 2 0
2 7 77 92 3 3 0.975944
2 8 89 112 0 0 0
2 8 89 113 0 1 0.975095
2 8 89 114 0 2 0
2 8 89 115 0 3 0
2 8 90 112 1 0 0.73898
2 8 90 113 1 1 0
2 8 90 114 1 2 0
2 8 90 115 1 3 0
2 8 91 112 2 0 0
2 8 91 113 2 1 0
2 8 91 114 2 2 0.985881
2 8 91 115 2 3 0
2 8 92 112 3 0 0
2 8 92 113 3 1 0
2 8 92 114 3 2 0
2 8 92 115 3 3 0.970641
2 9 112 126 0 0 0
2 9 112 127 0 1 0
2 9 113 126 1 0 0.993988
2 9 113 127 1 1 0
2 9 114 126 2 0 0
2 9 114 127 2 1 0.998002
2 9 115 126 3 0 0
2 9 115 127 3 1 0
2 10 89 107 0 0 0.978576
2 10 89 108 0 1 0
2 10 89 109 0 2 0
2 10 90 107 1 0 0
2 10 90 108 1 1 0
2 10 90 109 1 2 0
2 10 91 107 2 0 0
2 10 91 108 2 1 0.926651
2 10 91 109 2 2 0
2 10 92 107 3 0 0
2 10 92 108 3 1 0
2 10 92 109 3 2 0.97473
2 11 74 93 0 0 0.967677
2 11 74 94 0 1 0
2 11 74 95 0 2 0
2 11 74 96 0 3 0
2 11 74 97 0 4 0
2 11 75 93 1 0 0
2 11 75 94 1 1 0.752005
2 11 75 95 1 2 0
2 11 75 96 1 3 0
2 11 75 97 1 4 0
2 11 76 93 2 0 0
2 11 76 94 2 1 0
2 11 76 95 2 2 0.997062
2 11 76 96 2 3 0
2 11 76 97 2 4 0
2 11 77 93 3 0 0
2 11 77 94 3 1 0
2 11 77 95 3 2 0
2 11 77 96 3 3 0
2 11 77 97 3 4 0.995482
2 12 93 116 0 0 0
2 12 93 117 0 1 0.943138
2 12 93 118 0 2 0
2 12 93 119 0 3 0
2 12 93 120 0 4 0
2 12 94 116 1 0 0.738703
2 12 94 117 1 1 0
2 12 94 118 1 2 0
2 12 94 119 1 3 0
2 12 94 120 1 4 0
2 12 95 116 2 0 0
2 12 95 117 2 1 0
2 12 95 118 2 2 0.993341
2 12 95 119 2 3 0
2 12 95 120 2 4 0
2 12 96 116 3 0 0
2 12 96 117 3 1 0
2 12 96 118 3 2 0
2 12 96 119 3 3 0.929278
2 12 96 120 3 4 0
2 12 97 116 4 0 0
2 12 97 117 4 1 0
2 12 97 118 4 2 0
2 12 97 119 4 3 0
2 12 97 120 4 4 0.988154
2 13 116 128 0 0 0
2 13 116 129 0 1 0
2 13 116 130 0 2 0
2 13 117 128 1 0 0.963297
2 13 117 129 1 1 0
2 13 117 130 1 2 0
2 13 118 128 2 0 0
2 13 118 129 2 1 0.991068
2 13 118 130 2 2 0
2 13 119 128 3 0 0
2 13 119 129 3 1 0
2 13 119 130 3 2 0.908985
2 13 120 128 4 0 0
2 13 120 129 4 1 0
2 13 120 130 4 2 0
2 14 93 110 0 0 0
2 14 93 111 0 1 0
2 14 94 110 1 0 0
2 14 94 111 1 1 0
2 14 95 110 2 0 0.993908
2 14 95 111 2 1 0
2 14 96 110 3 0 0
2 14 96 111 3 1 0
2 14 97 110 4 0 0
2 14 97 111 4 1 0.946689
2 15 74 87 0 0 0.969181
2 15 74 88 0 1 0
2 15 75 87 1 0 0
2 15 75 88 1 1 0
2 15 76 87 2 0 0
2 15 76 88 2 1 0.992323
2 15 77 87 3 0 0
2 15 77 88 3 1 0
2 16 123 131 0 0 0
2 16 124 131 1 0 0
2 16 125 131 2 0 0.894905
3 0 135 132 0 0 0
3 0 135 133 0 1 0
3 0 135 134 0 2 0.959455
3 0 136 132 1 0 0
3 0 136 133 1 1 0.944513
3 0 136 134 1 2 0
3 0 137 132 2 0 0.999605
3 0 137 133 2 1 0
3 0 137 134 2 2 0
3 1 138 154 0 0 0
3 1 138 155 0 1 0.97294
3 1 138 156 0 2 0
3 1 138 157 0 3 0
3 1 139 154 1 0 0
3 1 139 155 1 1 0
3 1 139 156 1 2 0.99271
3 1 139 157 1 3 0
3 1 140 154 2 0 0.488515
3 1 140 155 2 1 0
3 1 140 156 2 2 0
3 1 140 157 2 3 0.511485
3 2 154 170 0 0 0.903023
3 2 154 171 0 1 0
3 2 154 172 0 2 0
3 2 154 173 0 3 0
3 2 155 170 1 0 0
3 2 155 171 1 1 0.992465
3 2 155 172 1 2 0
3 2 155 173 1 3 0
3 2 156 170 2 0 0
3 2 156 171 2 1 0
3 2 156 172 2 2 0.997824
3 2 156 173 2 3 0
3 2 157 170 3 0 0
3 2 157 171 3 1 0
3 2 157 172 3 2 0
3 2 157 173 3 3 0.966
3 3 132 138 0 0 0.949851
3 3 132 139 0 1 0
3 3 132 140 0 2 0
3 3 133 138 1 0 0
3 3 133 139 1 1 0.883568
3 3 133 140 1 2 0
3 3 134 138 2 0 0
3 3 134 139 2 1 0
3 3 134 140 2 2 0.824833
3 4 132 141 0 0 0.953231
3 4 132 142 0 1 0
3 4 132 143 0 2 0
3 4 133 141 1 0 0
3 4 133 142 1 1 0.880087
3 4 133 143 1 2 0
3 4 134 141 2 0 0
3 4 134 142 2 1 0
3 4 134 143 2 2 0.838236
3 5 141 158 0 0 0.985528
3 5 141 159 0 1 0
3 5 141 160 0 2 0
3 5 141 161 0 3 0
3 5 142 158 1 0 0
3 5 142 159 1 1 0
3 5 142 160 1 2 0.98554
3 5 142 161 1 3 0
3 5 143 158 2 0 0
3 5 143 159 2 1 0.456069
3 5 143 160 2 2 0
3 5 143 161 2 3 0.543931
3 6 158 174 0 0 0.979498
3 6 158 175 0 1 0
3 6 158 176 0 2 0
3 6 158 177 0 3 0
3 6 159 174 1 0 0
3 6 159 175 1 1 0.843229
3 6 159 176 1 2 0
3 6 159 177 1 3 0
3 6 160 174 2 0 0
3 6 160 175 2 1 0
3 6 160 176 2 2 0.971817
3 6 160 177 2 3 0
3 6 161 174 3 0 0
3 6 161 175 3 1 0
3 6 161 176 3 2 0
3 6 161 177 3 3 0.967788
3 7 135 147 0 0 0.907276
3 7 135 148 0 1 0
3 7 135 149 0 2 0
3 7 136 147 1 0 0
3 7 136 148 1 1 0.874107
3 7 136 149 1 2 0
3 7 137 147 2 0 0
3 7 137 148 2 1 0
3 7 137 149 2 2 0.998953
3 8 147 166 0 0 0
3 8 147 167 0 1 0
3 8 148 166 1 0 0
3 8 148 167 1 1 0.988806
3 8 149 166 2 0 0.959915
3 8 149 167 2 1 0
3 9 166 178 0 0 0.989777
3 9 166 179 0 1 0
3 9 167 178 1 0 0
3 9 167 179 1 1 0.98777
3 10 147 162 0 0 0
3 10 147 163 0 1 0
3 10 148 162 1 0 0
3 10 148 163 1 1 0.988813
3 10 149 162 2 0 0.976636
3 10 149 163 2 1 0
3 11 135 150 0 0 0.913768
3 11 135 151 0 1 0
3 11 135 152 0 2 0
3 11 135 153 0 3 0
3 11 136 150 1 0 0
3 11 136 151 1 1 0.881887
3 11 136 152 1 2 0
3 11 136 153 1 3 0
3 11 137 150 2 0 0
3 11 137 151 2 1 0
3 11 137 152 2 2 0
3 11 137 153 2 3 0.995194
3 12 150 168 0 0 0
3 12 150 169 0 1 0.961209
3 12 151 168 1 0 0
3 12 151 169 1 1 0
3 12 152 168 2 0 0
3 12 152 169 2 1 0
3 12 153 168 3 0 0.999577
3 12 153 169 3 1 0
3 13 168 180 0 0 0.997924
3 13 168 181 0 1 0
3 13 169 180 1 0 0
3 13 169 181 1 1 0.956727
3 14 150 164 0 0 0.986696
3 14 150 165 0 1 0
3 14 151 164 1 0 0
3 14 151 165 1 1 0
3 14 152 164 2 0 0
3 14 152 165 2 1 0.916643
3 14 153 164 3 0 0
3 14 153 165 3 1 0
3 15 135 144 0 0 0.723396
3 15 135 145 0 1 0
3 15 135 146 0 2 0
3 15 136 144 1 0 0
3 15 136 145 1 1 0.924848
3 15 136 146 1 2 0
3 15 137 144 2 0 0
3 15 137 145 2 1 0
3 15 137 146 2 2 0.969599
3 16 174 182 0 0 0.991223
3 16 174 183 0 1 0
3 16 175 182 1 0 0
3 16 175 183 1 1 0
3 16 176 182 2 0 0
3 16 176 183 2 1 0
3 16 177 182 3 0 0
3 16 177 183 3 1 0.909377
3 17 170 184 0 0 0.877587
3 17 170 185 0 1 0
3 17 170 186 0 2 0
3 17 170 187 0 3 0
3 17 171 184 1 0 0
3 17 171 185 1 1 0.964933
3 17 171 186 1 2 0
3 17 171 187 1 3 0
3 17 172 184 2 0 0
3 17 172 185 2 1 0
3 17 172 186 2 2 0.984779
3 17 172 187 2 3 0
3 17 173 184 3 0 0
3 17 173 185 3 1 0
3 17 173 186 3 2 0
3 17 173 187 3 3 0.963581
4 0 191 188 0 0 0
4 0 191 189 0 1 0.960942
4 0 191 190 0 2 0
4 0 192 188 1 0 0
4 0 192 189 1 1 0
4 0 192 190 1 2 0.982096
4 0 193 188 2 0 0.959784
4 0 193 189 2 1 0
4 0 193 190 2 2 0
4 1 194 208 0 0 0.507859
4 1 194 209 0 1 0
4 1 194 210 0 2 0.256197
4 1 195 208 1 0 0
4 1 195 209 1 1 0.981392
4 1 195 210 1 2 0
4 1 196 208 2 0 0
4 1 196 209 2 1 0
4 1 196 210 2 2 0.511517
4 2 208 224 0 0 0.50839
4 2 208 225 0 1 0
4 2 208 226 0 2 0.253877
4 2 209 224 1 0 0
4 2 209 225 1 1 0.992991
4 2 209 226 1 2 0
4 2 210 224 2 0 0
4 2 210 225 2 1 0
4 2 210 226 2 2 0.508097
4 3 188 194 0 0 0.944219
4 3 188 195 0 1 0
4 3 188 196 0 2 0
4 3 189 194 1 0 0
4 3 189 195 1 1 0.961004
4 3 189 196 1 2 0
4 3 190 194 2 0 0
4 3 190 195 2 1 0
4 3 190 196 2 2 0.870027
4 4 188 197 0 0 0.937687
4 4 188 198 0 1 0
4 4 188 199 0 2 0
4 4 189 197 1 0 0
4 4 189 198 1 1 0.939724
4 4 189 199 1 2 0
4 4 190 197 2 0 0
4 4 190 198 2 1 0
4 4 190 199 2 2 0.869354
4 5 197 211 0 0 0.997173
4 5 197 212 0 1 0
4 5 197 213 0 2 0
4 5 198 211 1 0 0
4 5 198 212 1 1 0.983634
4 5 198 213 1 2 0
4 5 199 211 2 0 0
4 5 199 212 2 1 0
4 5 199 213 2 2 0.987647
4 6 211 227 0 0 0.987571
4 6 211 228 0 1 0
4 6 211 229 0 2 0
4 6 212 227 1 0 0
4 6 212 228 1 1 0.993757
4 6 212 229 1 2 0
4 6 213 227 2 0 0
4 6 213 228 2 1 0
4 6 213 229 2 2 0.993654
4 7 191 202 0 0 0.999239
4 7 191 203 0 1 0
4 7 191 204 0 2 0
4 7 192 202 1 0 0
4 7 192 203 1 1 0.980486
4 7 192 204 1 2 0
4 7 193 202 2 0 0
4 7 193 203 2 1 0
4 7 193 204 2 2 0.98099
4 8 202 219 0 0 0.976412
4 8 202 220 0 1 0
4 8 203 219 1 0 0
4 8 203 220 1 1 0.537632
4 8 204 219 2 0 0
4 8 204 220 2 1 0.462368
4 9 219 230 0 0 0.959368
4 9 219 231 0 1 0
4 9 220 230 1 0 0
4 9 220 231 1 1 0.976484
4 10 202 214 0 0 0
4 10 202 215 0 1 0
4 10 203 214 1 0 0.283211
4 10 203 215 1 1 0.280058
4 10 204 214 2 0 0.27993
4 10 204 215 2 1 0.283349
4 11 191 205 0 0 0.995601
4 11 191 206 0 1 0
4 11 191 207 0 2 0
4 11 192 205 1 0 0
4 11 192 206 1 1 0
4 11 192 207 1 2 0.99169
4 11 193 205 2 0 0
4 11 193 206 2 1 0.990082
4 11 193 207 2 2 0
4 12 205 221 0 0 0
4 12 205 222 0 1 0
4 12 205 223 0 2 0
4 12 206 221 1 0 0.984975
4 12 206 222 1 1 0
4 12 206 223 1 2 0
4 12 207 221 2 0 0
4 12 207 222 2 1 0
4 12 207 223 2 2 0.967841
4 13 221 232 0 0 0.987757
4 13 221 233 0 1 0
4 13 221 234 0 2 0
4 13 222 232 1 0 0
4 13 222 233 1 1 0.90852
4 13 222 234 1 2 0
4 13 223 232 2 0 0
4 13 223 233 2 1 0
4 13 223 234 2 2 0.976467
4 14 205 216 0 0 0
4 14 205 217 0 1 0.996175
4 14 205 218 0 2 0
4 14 206 216 1 0 0
4 14 206 217 1 1 0
4 14 206 218 1 2 0.991854
4 14 207 216 2 0 0.956508
4 14 207 217 2 1 0
4 14 207 218 2 2 0
4 15 191 200 0 0 0.98892
4 15 191 201 0 1 0
4 15 192 200 1 0 0
4 15 192 201 1 1 0
4 15 193 200 2 0 0
4 15 193 201 2 1 0.977029
4 16 227 235 0 0 0.980364
4 16 227 236 0 1 0
4 16 227 237 0 2 0
4 16 227 238 0 3 0
4 16 228 235 1 0 0
4 16 228 236 1 1 0.938766
4 16 228 237 1 2 0
4 16 228 238 1 3 0
4 16 229 235 2 0 0
4 16 229 236 2 1 0
4 16 229 237 2 2 0
4 16 229 238 2 3 0.976412
4 17 224 239 0 0 0.832214
4 17 224 240 0 1 0
4 17 224 241 0 2 0
4 17 225 239 1 0 0
4 17 225 240 1 1 0.971875
4 17 225 241 1 2 0
4 17 226 239 2 0 0
4 17 226 240 2 1 0
4 17 226 241 2 2 0.852085
E jointIdx viewA viewB aOverAllIdx bOverallIdx score
0 0 1 0 36 -1
0 0 1 0 37 -1
0 0 1 1 36 -1
0 0 1 1 37 -1
0 0 2 0 69 -1
0 0 2 0 70 0.782623
0 0 2 0 71 -1
0 0 2 0 72 -1
0 0 2 0 73 -1
0 0 2 1 69 -1
0 0 2 1 70 -1
0 0 2 1 71 0.997169
0 0 2 1 72 -1
0 0 2 1 73 -1
0 0 3 0 132 -1
0 0 3 0 133 0.832291
0 0 3 0 134 -1
0 0 3 1 132 0.987165
0 0 3 1 133 -1
0 0 3 1 134 -1
0 0 4 0 188 -1
0 0 4 0 189 -1
0 0 4 0 190 0.752309
0 0 4 1 188 -1
0 0 4 1 189 -1
0 0 4 1 190 -1
0 1 2 36 69 -1
0 1 2 36 70 -1
0 1 2 36 71 -1
0 1 2 36 72 -1
0 1 2 36 73 0.783356
0 1 2 37 69 -1
0 1 2 37 70 -1
0 1 2 37 71 -1
0 1 2 37 72 0.968667
0 1 2 37 73 -1
0 1 3 36 132 -1
0 1 3 36 133 -1
0 1 3 36 134 0.44313
0 1 3 37 132 -1
0 1 3 37 133 -1
0 1 3 37 134 0.55687
0 1 4 36 188 -1
0 1 4 36 189 0.818117
0 1 4 36 190 -1
0 1 4 37 188 0.61831
0 1 4 37 189 -1
0 1 4 37 190 -1
0 2 3 69 132 -1
0 2 3 69 133 -1
0 2 3 69 134 -1
0 2 3 70 132 -1
0 2 3 70 133 0.501988
0 2 3 70 134 -1
0 2 3 71 132 0.966006
0 2 3 71 133 -1
0 2 3 71 134 -1
0 2 3 72 132 -1
0 2 3 72 133 -1
0 2 3 72 134 0.581656
0 2 3 73 132 -1
0 2 3 73 133 -1
0 2 3 73 134 0.515491
0 2 4 69 188 -1
0 2 4 69 189 -1
0 2 4 69 190 -1
0 2 4 70 188 0.953604
0 2 4 70 189 -1
0 2 4 70 190 0.904025
0 2 4 71 188 0.528807
0 2 4 71 189 -1
0 2 4 71 190 0.638839
0 2 4 72 188 0.555048
0 2 4 72 189 -1
0 2 4 72 190 0.174593
0 2 4 73 188 -1
0 2 4 73 189 0.728889
0 2 4 73 190 -1
0 3 4 132 188 0.36998
0 3 4 132 189 0.290389
0 3 4 132 190 -1
0 3 4 133 188 -1
0 3 4 133 189 0.441516
0 3 4 133 190 0.924424
0 3 4 134 188 0.0418581
0 3 4 134 189 0.268096
0 3 4 134 190 -1
1 0 1 2 38 0.099077
1 0 1 2 39 0.137307
1 0 1 3 38 -1
1 0 1 3 39 -1
1 0 2 2 74 -1
1 0 2 2 75 -1
1 0 2 2 76 0.829315
1 0 2 2 77 -1
1 0 2 3 74 0.839401
1 0 2 3 75 0.756159
1 0 2 3 76 -1
1 0 2 3 77 -1
1 0 3 2 135 -1
1 0 3 2 136 0.362194
1 0 3 2 137 0.518976
1 0 3 3 135 -1
1 0 3 3 136 0.637806
1 0 3 3 137 0.481024
1 0 4 2 191 0.239564
1 0 4 2 192 0.218598
1 0 4 2 193 0.264345
1 0 4 3 191 0.237511
1 0 4 3 192 0.259044
1 0 4 3 193 0.21719
1 1 2 38 74 -1
1 1 2 38 75 -1
1 1 2 38 76 -1
1 1 2 38 77 0.783511
1 1 2 39 74 0.94006
1 1 2 39 75 -1
1 1 2 39 76 0.671926
1 1 2 39 77 -1
1 1 3 38 135 0.53926
1 1 3 38 136 -1
1 1 3 38 137 -1
1 1 3 39 135 0.46074
1 1 3 39 136 -1
1 1 3 39 137 -1
1 1 4 38 191 0.669032
1 1 4 38 192 -1
1 1 4 38 193 -1
1 1 4 39 191 -1
1 1 4 39 192 -1
1 1 4 39 193 0.716571
1 2 3 74 135 -1
1 2 3 74 136 0.755282
1 2 3 74 137 -1
1 2 3 75 135 -1
1 2 3 75 136 -1
1 2 3 75 137 0.39183
1 2 3 76 135 -1
1 2 3 76 136 -1
1 2 3 76 137 0.968751
1 2 3 77 135 0.904156
1 2 3 77 136 -1
1 2 3 77 137 -1
1 2 4 74 191 -1
1 2 4 74 192 0.863005
1 2 4 74 193 -1
1 2 4 75 191 -1
1 2 4 75 192 -1
1 2 4 75 193 -1
1 2 4 76 191 -1
1 2 4 76 192 0.126576
1 2 4 76 193 0.0642369
1 2 4 77 191 0.937265
1 2 4 77 192 -1
1 2 4 77 193 -1
1 3 4 135 191 0.141278
1 3 4 135 192 0.142764
1 3 4 135 193 0.119187
1 3 4 136 191 0.132101
1 3 4 136 192 0.141958
1 3 4 136 193 0.130197
1 3 4 137 191 0.131194
1 3 4 137 192 0.118829
1 3 4 137 193 0.154897
2 0 1 4 40 0.0207598
2 0 1 4 41 -1
2 0 1 5 40 -1
2 0 1 5 41 -1
2 0 2 4 78 -1
2 0 2 4 79 0.906602
2 0 2 4 80 -1
2 0 2 4 81 -1
2 0 2 5 78 -1
2 0 2 5 79 -1
2 0 2 5 80 0.827898
2 0 2 5 81 -1
2 0 3 4 138 -1
2 0 3 4 139 0.83648
2 0 3 4 140 -1
2 0 3 5 138 0.982766
2 0 3 5 139 -1
2 0 3 5 140 -1
2 0 4 4 194 -1
2 0 4 4 195 -1
2 0 4 4 196 0.676968
2 0 4 5 194 -1
2 0 4 5 195 -1
2 0 4 5 196 0.323032
2 1 2 40 78 -1
2 1 2 40 79 -1
2 1 2 40 80 -1
2 1 2 40 81 0.755449
2 1 2 41 78 -1
2 1 2 41 79 -1
2 1 2 41 80 -1
2 1 2 41 81 -1
2 1 3 40 138 -1
2 1 3 40 139 -1
2 1 3 40 140 0.464904
2 1 3 41 138 -1
2 1 3 41 139 -1
2 1 3 41 140 0.535096
2 1 4 40 194 -1
2 1 4 40 195 0.813879
2 1 4 40 196 -1
2 1 4 41 194 0.520036
2 1 4 41 195 -1
2 1 4 41 196 0.064734
2 2 3 78 138 -1
2 2 3 78 139 -1
2 2 3 78 140 -1
2 2 3 79 138 -1
2 2 3 79 139 0.908655
2 2 3 79 140 -1
2 2 3 80 138 0.882255
2 2 3 80 139 -1
2 2 3 80 140 -1
2 2 3 81 138 -1
2 2 3 81 139 -1
2 2 3 81 140 0.715637
2 2 4 78 194 -1
2 2 4 78 195 -1
2 2 4 78 196 -1
2 2 4 79 194 0.552391
2 2 4 79 195 -1
2 2 4 79 196 0.843115
2 2 4 80 194 0.870246
2 2 4 80 195 -1
2 2 4 80 196 0.314329
2 2 4 81 194 -1
2 2 4 81 195 0.69486
2 2 4 81 196 -1
2 3 4 138 194 0.230013
2 3 4 138 195 0.395607
2 3 4 138 196 -1
2 3 4 139 194 -1
2 3 4 139 195 0.393243
2 3 4 139 196 0.954519
2 3 4 140 194 0.199863
2 3 4 140 195 0.21115
2 3 4 140 196 -1
3 0 1 6 42 -1
3 0 1 6 43 -1
3 0 1 7 42 -1
3 0 1 7 43 -1
3 0 2 6 82 -1
3 0 2 6 83 0.464085
3 0 2 6 84 -1
3 0 2 6 85 -1
3 0 2 6 86 -1
3 0 2 7 82 -1
3 0 2 7 83 -1
3 0 2 7 84 0.954973
3 0 2 7 85 -1
3 0 2 7 86 -1
3 0 3 6 141 -1
3 0 3 6 142 0.921364
3 0 3 6 143 -1
3 0 3 7 141 0.805879
3 0 3 7 142 -1
3 0 3 7 143 -1
3 0 4 6 197 -1
3 0 4 6 198 -1
3 0 4 6 199 0.657909
3 0 4 7 197 -1
3 0 4 7 198 -1
3 0 4 7 199 -1
3 1 2 42 82 -1
3 1 2 42 83 -1
3 1 2 42 84 -1
3 1 2 42 85 -1
3 1 2 42 86 0.819434
3 1 2 43 82 -1
3 1 2 43 83 -1
3 1 2 43 84 -1
3 1 2 43 85 0.806848
3 1 2 43 86 -1
3 1 3 42 141 -1
3 1 3 42 142 -1
3 1 3 42 143 0.364271
3 1 3 43 141 -1
3 1 3 43 142 -1
3 1 3 43 143 0.635729
3 1 4 42 197 -1
3 1 4 42 198 0.876952
3 1 4 42 199 -1
3 1 4 43 197 0.74022
3 1 4 43 198 -1
3 1 4 43 199 -1
3 2 3 82 141 -1
3 2 3 82 142 -1
3 2 3 82 143 -1
3 2 3 83 141 -1
3 2 3 83 142 0.308248
3 2 3 83 143 -1
3 2 3 84 141 0.757396
3 2 3 84 142 -1
3 2 3 84 143 -1
3 2 3 85 141 -1
3 2 3 85 142 -1
3 2 3 85 143 0.378826
3 2 3 86 141 -1
3 2 3 86 142 -1
3 2 3 86 143 0.377335
3 2 4 82 197 -1
3 2 4 82 198 -1
3 2 4 82 199 -1
3 2 4 83 197 0.570841
3 2 4 83 198 -1
3 2 4 83 199 0.58348
3 2 4 84 197 -1
3 2 4 84 198 -1
3 2 4 84 199 0.937976
3 2 4 85 197 0.623909
3 2 4 85 198 -1
3 2 4 85 199 -1
3 2 4 86 197 -1
3 2 4 86 198 0.810668
3 2 4 86 199 -1
3 3 4 141 197 0.470587
3 3 4 141 198 0.165754
3 3 4 141 199 -1
3 3 4 142 197 -1
3 3 4 142 198 0.605135
3 3 4 142 199 0.819535
3 3 4 143 197 -1
3 3 4 143 198 0.229111
3 3 4 143 199 -1
4 0 1 8 44 0.478153
4 0 1 9 44 -1
4 0 2 8 87 -1
4 0 2 8 88 0.912865
4 0 2 9 87 0.950884
4 0 2 9 88 -1
4 0 3 8 144 -1
4 0 3 8 145 -1
4 0 3 8 146 0.965745
4 0 3 9 144 -1
4 0 3 9 145 0.917293
4 0 3 9 146 0.0143915
4 0 4 8 200 0.306797
4 0 4 8 201 0.693203
4 0 4 9 200 -1
4 0 4 9 201 -1
4 1 2 44 87 -1
4 1 2 44 88 -1
4 1 3 44 144 0.992762
4 1 3 44 145 -1
4 1 3 44 146 -1
4 1 4 44 200 0.951311
4 1 4 44 201 -1
4 2 3 87 144 -1
4 2 3 87 145 0.985227
4 2 3 87 146 -1
4 2 3 88 144 -1
4 2 3 88 145 -1
4 2 3 88 146 0.99414
4 2 4 87 200 -1
4 2 4 87 201 -1
4 2 4 88 200 -1
4 2 4 88 201 0.683328
4 3 4 144 200 0.212858
4 3 4 144 201 0.25646
4 3 4 145 200 0.326647
4 3 4 145 201 0.150251
4 3 4 146 200 0.179313
4 3 4 146 201 0.28777
5 0 1 10 45 -1
5 0 1 10 46 -1
5 0 1 11 45 -1
5 0 1 11 46 -1
5 0 2 10 89 -1
5 0 2 10 90 -1
5 0 2 10 91 0.640966
5 0 2 10 92 -1
5 0 2 11 89 0.9911
5 0 2 11 90 0.537748
5 0 2 11 91 -1
5 0 2 11 92 -1
5 0 3 10 147 -1
5 0 3 10 148 0.405155
5 0 3 10 149 0.475537
5 0 3 11 147 -1
5 0 3 11 148 0.594845
5 0 3 11 149 0.524463
5 0 4 10 202 0.239291
5 0 4 10 203 0.19208
5 0 4 10 204 0.240921
5 0 4 11 202 0.203593
5 0 4 11 203 0.251283
5 0 4 11 204 0.201946
5 1 2 45 89 0.146378
5 1 2 45 90 -1
5 1 2 45 91 0.516408
5 1 2 45 92 -1
5 1 2 46 89 -1
5 1 2 46 90 -1
5 1 2 46 91 -1
5 1 2 46 92 0.988998
5 1 3 45 147 0.378009
5 1 3 45 148 -1
5 1 3 45 149 -1
5 1 3 46 147 0.621991
5 1 3 46 148 -1
5 1 3 46 149 -1
5 1 4 45 202 -1
5 1 4 45 203 -1
5 1 4 45 204 0.535985
5 1 4 46 202 0.901045
5 1 4 46 203 -1
5 1 4 46 204 -1
5 2 3 89 147 -1
5 2 3 89 148 0.983278
5 2 3 89 149 -1
5 2 3 90 147 -1
5 2 3 90 148 -1
5 2 3 90 149 0.906247
5 2 3 91 147 -1
5 2 3 91 148 -1
5 2 3 91 149 0.933047
5 2 3 92 147 0.994705
5 2 3 92 148 -1
5 2 3 92 149 -1
5 2 4 89 202 -1
5 2 4 89 203 0.966756
5 2 4 89 204 0.282192
5 2 4 90 202 -1
5 2 4 90 203 -1
5 2 4 90 204 -1
5 2 4 91 202 -1
5 2 4 91 203 0.419923
5 2 4 91 204 0.66384
5 2 4 92 202 0.999744
5 2 4 92 203 -1
5 2 4 92 204 -1
5 3 4 147 202 0.133111
5 3 4 147 203 0.154806
5 3 4 147 204 0.109832
5 3 4 148 202 0.132045
5 3 4 148 203 0.13472
5 3 4 148 204 0.132226
5 3 4 149 202 0.134061
5 3 4 149 203 0.105985
5 3 4 149 204 0.160308
6 0 1 12 47 0.245135
6 0 1 12 48 0.233386
6 0 1 13 47 -1
6 0 1 13 48 -1
6 0 2 12 93 -1
6 0 2 12 94 -1
6 0 2 12 95 0.888405
6 0 2 12 96 -1
6 0 2 12 97 -1
6 0 2 13 93 0.912346
6 0 2 13 94 0.83896
6 0 2 13 95 -1
6 0 2 13 96 -1
6 0 2 13 97 -1
6 0 3 12 150 -1
6 0 3 12 151 0.420974
6 0 3 12 152 -1
6 0 3 12 153 0.573569
6 0 3 13 150 -1
6 0 3 13 151 0.579026
6 0 3 13 152 -1
6 0 3 13 153 0.426431
6 0 4 12 205 0.241267
6 0 4 12 206 0.282759
6 0 4 12 207 0.237576
6 0 4 13 205 0.266427
6 0 4 13 206 0.234669
6 0 4 13 207 0.269252
6 1 2 47 93 -1
6 1 2 47 94 -1
6 1 2 47 95 -1
6 1 2 47 96 -1
6 1 2 47 97 0.632305
6 1 2 48 93 0.168905
6 1 2 48 94 -1
6 1 2 48 95 0.0132837
6 1 2 48 96 0.986893
6 1 2 48 97 -1
6 1 3 47 150 0.48236
6 1 3 47 151 -1
6 1 3 47 152 0.401009
6 1 3 47 153 -1
6 1 3 48 150 0.51764
6 1 3 48 151 -1
6 1 3 48 152 0.598991
6 1 3 48 153 0.0273943
6 1 4 47 205 0.636022
6 1 4 47 206 -1
6 1 4 47 207 -1
6 1 4 48 205 -1
6 1 4 48 206 0.954343
6 1 4 48 207 -1
6 2 3 93 150 -1
6 2 3 93 151 0.496864
6 2 3 93 152 -1
6 2 3 93 153 -1
6 2 3 94 150 -1
6 2 3 94 151 -1
6 2 3 94 152 -1
6 2 3 94 153 -1
6 2 3 95 150 -1
6 2 3 95 151 -1
6 2 3 95 152 -1
6 2 3 95 153 0.872923
6 2 3 96 150 -1
6 2 3 96 151 -1
6 2 3 96 152 0.430079
6 2 3 96 153 -1
6 2 3 97 150 0.935056
6 2 3 97 151 -1
6 2 3 97 152 -1
6 2 3 97 153 -1
6 2 4 93 205 -1
6 2 4 93 206 -1
6 2 4 93 207 0.726566
6 2 4 94 205 -1
6 2 4 94 206 -1
6 2 4 94 207 0.444739
6 2 4 95 205 -1
6 2 4 95 206 -1
6 2 4 95 207 -1
6 2 4 96 205 -1
6 2 4 96 206 0.960314
6 2 4 96 207 -1
6 2 4 97 205 0.791259
6 2 4 97 206 -1
6 2 4 97 207 -1
6 3 4 150 205 0.11763
6 3 4 150 206 0.0898342
6 3 4 150 207 0.13435
6 3 4 151 205 0.110593
6 3 4 151 206 0.0986109
6 3 4 151 207 0.132946
6 3 4 152 205 0.119072
6 3 4 152 206 0.14271
6 3 4 152 207 0.0697777
6 3 4 153 205 0.10589
6 3 4 153 206 0.127372
6 3 4 153 207 0.104847
7 0 1 14 49 0.250889
7 0 1 14 50 -1
7 0 1 15 49 -1
7 0 1 15 50 -1
7 0 2 14 98 -1
7 0 2 14 99 0.569426
7 0 2 14 100 -1
7 0 2 14 101 -1
7 0 2 15 98 -1
7 0 2 15 99 -1
7 0 2 15 100 0.967371
7 0 2 15 101 -1
7 0 3 14 154 -1
7 0 3 14 155 -1
7 0 3 14 156 0.72177
7 0 3 14 157 -1
7 0 3 15 154 -1
7 0 3 15 155 0.928053
7 0 3 15 156 -1
7 0 3 15 157 -1
7 0 4 14 208 -1
7 0 4 14 209 -1
7 0 4 14 210 0.845326
7 0 4 15 208 -1
7 0 4 15 209 -1
7 0 4 15 210 -1
7 1 2 49 98 -1
7 1 2 49 99 -1
7 1 2 49 100 -1
7 1 2 49 101 0.55352
7 1 2 50 98 -1
7 1 2 50 99 -1
7 1 2 50 100 -1
7 1 2 50 101 -1
7 1 3 49 154 0.664849
7 1 3 49 155 -1
7 1 3 49 156 -1
7 1 3 49 157 0.525076
7 1 3 50 154 0.180451
7 1 3 50 155 -1
7 1 3 50 156 -1
7 1 3 50 157 -1
7 1 4 49 208 -1
7 1 4 49 209 0.825131
7 1 4 49 210 -1
7 1 4 50 208 0.876564
7 1 4 50 209 -1
7 1 4 50 210 0.454777
7 2 3 98 154 -1
7 2 3 98 155 -1
7 2 3 98 156 -1
7 2 3 98 157 -1
7 2 3 99 154 -1
7 2 3 99 155 -1
7 2 3 99 156 0.853299
7 2 3 99 157 -1
7 2 3 100 154 -1
7 2 3 100 155 0.94355
7 2 3 100 156 -1
7 2 3 100 157 -1
7 2 3 101 154 0.951205
7 2 3 101 155 -1
7 2 3 101 156 -1
7 2 3 101 157 0.928184
7 2 4 98 208 -1
7 2 4 98 209 -1
7 2 4 98 210 -1
7 2 4 99 208 -1
7 2 4 99 209 -1
7 2 4 99 210 0.456803
7 2 4 100 208 0.162737
7 2 4 100 209 -1
7 2 4 100 210 -1
7 2 4 101 208 -1
7 2 4 101 209 0.849827
7 2 4 101 210 -1
7 3 4 154 208 0.640023
7 3 4 154 209 -1
7 3 4 154 210 -1
7 3 4 155 208 -1
7 3 4 155 209 0.665624
7 3 4 155 210 -1
7 3 4 156 208 -1
7 3 4 156 209 0.235578
7 3 4 156 210 0.552095
7 3 4 157 208 -1
7 3 4 157 209 0.792749
7 3 4 157 210 -1
8 0 1 16 51 -1
8 0 1 16 52 -1
8 0 1 17 51 -1
8 0 1 17 52 -1
8 0 2 16 102 -1
8 0 2 16 103 0.427585
8 0 2 16 104 -1
8 0 2 16 105 -1
8 0 2 16 106 -1
8 0 2 17 102 -1
8 0 2 17 103 -1
8 0 2 17 104 0.866784
8 0 2 17 105 -1
8 0 2 17 106 -1
8 0 3 16 158 -1
8 0 3 16 159 -1
8 0 3 16 160 0.914175
8 0 3 16 161 -1
8 0 3 17 158 0.699957
8 0 3 17 159 -1
8 0 3 17 160 -1
8 0 3 17 161 -1
8 0 4 16 211 -1
8 0 4 16 212 -1
8 0 4 16 213 0.960594
8 0 4 17 211 -1
8 0 4 17 212 -1
8 0 4 17 213 -1
8 1 2 51 102 -1
8 1 2 51 103 -1
8 1 2 51 104 -1
8 1 2 51 105 -1
8 1 2 51 106 0.622002
8 1 2 52 102 -1
8 1 2 52 103 -1
8 1 2 52 104 -1
8 1 2 52 105 0.844997
8 1 2 52 106 -1
8 1 3 51 158 -1
8 1 3 51 159 -1
8 1 3 51 160 -1
8 1 3 51 161 0.850846
8 1 3 52 158 -1
8 1 3 52 159 0.949709
8 1 3 52 160 -1
8 1 3 52 161 -1
8 1 4 51 211 -1
8 1 4 51 212 0.955041
8 1 4 51 213 -1
8 1 4 52 211 0.977746
8 1 4 52 212 -1
8 1 4 52 213 -1
8 2 3 102 158 -1
8 2 3 102 159 -1
8 2 3 102 160 -1
8 2 3 102 161 -1
8 2 3 103 158 -1
8 2 3 103 159 -1
8 2 3 103 160 0.263884
8 2 3 103 161 -1
8 2 3 104 158 0.820636
8 2 3 104 159 -1
8 2 3 104 160 -1
8 2 3 104 161 -1
8 2 3 105 158 -1
8 2 3 105 159 0.844701
8 2 3 105 160 -1
8 2 3 105 161 -1
8 2 3 106 158 -1
8 2 3 106 159 0.936608
8 2 3 106 160 -1
8 2 3 106 161 0.448274
8 2 4 102 211 -1
8 2 4 102 212 -1
8 2 4 102 213 -1
8 2 4 103 211 0.96723
8 2 4 103 212 -1
8 2 4 103 213 0.857839
8 2 4 104 211 0.0379735
8 2 4 104 212 -1
8 2 4 104 213 -1
8 2 4 105 211 0.97354
8 2 4 105 212 -1
8 2 4 105 213 0.6361
8 2 4 106 211 -1
8 2 4 106 212 0.637562
8 2 4 106 213 -1
8 3 4 158 211 -1
8 3 4 158 212 -1
8 3 4 158 213 -1
8 3 4 159 211 0.768732
8 3 4 159 212 -1
8 3 4 159 213 -1
8 3 4 160 211 -1
8 3 4 160 212 0.674867
8 3 4 160 213 0.777438
8 3 4 161 211 -1
8 3 4 161 212 0.916954
8 3 4 161 213 -1
9 1 2 53 107 -1
9 1 2 53 108 -1
9 1 2 53 109 -1
9 1 2 54 107 -1
9 1 2 54 108 -1
9 1 2 54 109 0.920688
9 1 2 55 107 0.440627
9 1 2 55 108 0.596199
9 1 2 55 109 -1
9 1 3 53 162 -1
9 1 3 53 163 -1
9 1 3 54 162 -1
9 1 3 54 163 -1
9 1 3 55 162 0.703715
9 1 3 55 163 0.296285
9 1 4 53 214 -1
9 1 4 53 215 -1
9 1 4 54 214 -1
9 1 4 54 215 -1
9 1 4 55 214 0.464485
9 1 4 55 215 0.535515
9 2 3 107 162 -1
9 2 3 107 163 0.839706
9 2 3 108 162 0.953205
9 2 3 108 163 -1
9 2 3 109 162 -1
9 2 3 109 163 -1
9 2 4 107 214 0.852113
9 2 4 107 215 -1
9 2 4 108 214 -1
9 2 4 108 215 0.997807
9 2 4 109 214 -1
9 2 4 109 215 -1
9 3 4 162 214 0.20456
9 3 4 162 215 0.47795
9 3 4 163 214 0.480819
9 3 4 163 215 0.235972
10 0 1 18 56 -1
10 0 1 18 57 0.697875
10 0 1 19 56 -1
10 0 1 19 57 0.302125
10 0 2 18 110 0.969455
10 0 2 18 111 -1
10 0 2 19 110 -1
10 0 2 19 111 -1
10 0 3 18 164 -1
10 0 3 18 165 -1
10 0 3 19 164 -1
10 0 3 19 165 -1
10 0 4 18 216 -1
10 0 4 18 217 -1
10 0 4 18 218 0.346811
10 0 4 19 216 0.72732
10 0 4 19 217 -1
10 0 4 19 218 -1
10 1 2 56 110 0.461267
10 1 2 56 111 -1
10 1 2 57 110 0.538733
10 1 2 57 111 -1
10 1 3 56 164 0.499121
10 1 3 56 165 0.500879
10 1 3 57 164 -1
10 1 3 57 165 -1
10 1 4 56 216 -1
10 1 4 56 217 -1
10 1 4 56 218 0.982881
10 1 4 57 216 -1
10 1 4 57 217 -1
10 1 4 57 218 -1
10 2 3 110 164 -1
10 2 3 110 165 -1
10 2 3 111 164 0.87761
10 2 3 111 165 -1
10 2 4 110 216 -1
10 2 4 110 217 -1
10 2 4 110 218 -1
10 2 4 111 216 -1
10 2 4 111 217 0.877195
10 2 4 111 218 -1
10 3 4 164 216 0.393367
10 3 4 164 217 0.48784
10 3 4 164 218 0.0330236
10 3 4 165 216 -1
10 3 4 165 217 0.264308
10 3 4 165 218 0.863371
11 0 1 20 58 -1
11 0 1 20 59 0.42917
11 0 1 21 58 -1
11 0 1 21 59 0.57083
11 0 2 20 112 -1
11 0 2 20 113 0.924867
11 0 2 20 114 -1
11 0 2 20 115 -1
11 0 2 21 112 -1
11 0 2 21 113 -1
11 0 2 21 114 0.833204
11 0 2 21 115 -1
11 0 3 20 166 0.243966
11 0 3 20 167 0.562373
11 0 3 21 166 0.545185
11 0 3 21 167 0.179259
11 0 4 20 219 -1
11 0 4 20 220 0.530519
11 0 4 21 219 -1
11 0 4 21 220 0.469481
11 1 2 58 112 -1
11 1 2 58 113 -1
11 1 2 58 114 -1
11 1 2 58 115 0.743851
11 1 2 59 112 -1
11 1 2 59 113 -1
11 1 2 59 114 0.792376
11 1 2 59 115 -1
11 1 3 58 166 0.360199
11 1 3 58 167 0.342179
11 1 3 59 166 0.380216
11 1 3 59 167 0.390924
11 1 4 58 219 0.802833
11 1 4 58 220 -1
11 1 4 59 219 -1
11 1 4 59 220 0.065223
11 2 3 112 166 0.374059
11 2 3 112 167 -1
11 2 3 113 166 -1
11 2 3 113 167 0.979379
11 2 3 114 166 0.798095
11 2 3 114 167 -1
11 2 3 115 166 -1
11 2 3 115 167 -1
11 2 4 112 219 -1
11 2 4 112 220 -1
11 2 4 113 219 -1
11 2 4 113 220 0.945338
11 2 4 114 219 -1
11 2 4 114 220 0.177949
11 2 4 115 219 0.809946
11 2 4 115 220 -1
11 3 4 166 219 0.43479
11 3 4 166 220 0.279198
11 3 4 167 219 0.285
11 3 4 167 220 0.420439
12 0 2 22 116 0.577084
12 0 2 22 117 0.513141
12 0 2 22 118 -1
12 0 2 22 119 -1
12 0 2 22 120 -1
12 0 2 23 116 -1
12 0 2 23 117 -1
12 0 2 23 118 0.946092
12 0 2 23 119 -1
12 0 2 23 120 -1
12 0 3 22 168 -1
12 0 3 22 169 -1
12 0 3 23 168 0.838523
12 0 3 23 169 -1
12 0 4 22 221 -1
12 0 4 22 222 -1
12 0 4 22 223 0.878386
12 0 4 23 221 -1
12 0 4 23 222 -1
12 0 4 23 223 -1
12 2 3 116 168 -1
12 2 3 116 169 -1
12 2 3 117 168 -1
12 2 3 117 169 -1
12 2 3 118 168 0.781601
12 2 3 118 169 -1
12 2 3 119 168 -1
12 2 3 119 169 0.483325
12 2 3 120 168 -1
12 2 3 120 169 0.789931
12 2 4 116 221 -1
12 2 4 116 222 -1
12 2 4 116 223 -1
12 2 4 117 221 -1
12 2 4 117 222 -1
12 2 4 117 223 0.581772
12 2 4 118 221 -1
12 2 4 118 222 -1
12 2 4 118 223 -1
12 2 4 119 221 0.993786
12 2 4 119 222 -1
12 2 4 119 223 -1
12 2 4 120 221 -1
12 2 4 120 222 0.696271
12 2 4 120 223 -1
12 3 4 168 221 0.414851
12 3 4 168 222 0.296759
12 3 4 168 223 0.267295
12 3 4 169 221 0.0261437
12 3 4 169 222 0.4185
12 3 4 169 223 0.514734
13 0 1 24 60 -1
13 0 1 24 61 -1
13 0 1 25 60 -1
13 0 1 25 61 -1
13 0 2 24 121 0.810432
13 0 2 24 122 -1
13 0 2 25 121 -1
13 0 2 25 122 0.689917
13 0 3 24 170 -1
13 0 3 24 171 -1
13 0 3 24 172 0.892186
13 0 3 24 173 -1
13 0 3 25 170 -1
13 0 3 25 171 0.809265
13 0 3 25 172 -1
13 0 3 25 173 -1
13 0 4 24 224 -1
13 0 4 24 225 -1
13 0 4 24 226 0.886162
13 0 4 25 224 -1
13 0 4 25 225 -1
13 0 4 25 226 -1
13 1 2 60 121 -1
13 1 2 60 122 -1
13 1 2 61 121 -1
13 1 2 61 122 -1
13 1 3 60 170 0.63558
13 1 3 60 171 -1
13 1 3 60 172 -1
13 1 3 60 173 0.803214
13 1 3 61 170 -1
13 1 3 61 171 -1
13 1 3 61 172 -1
13 1 3 61 173 -1
13 1 4 60 224 -1
13 1 4 60 225 0.845541
13 1 4 60 226 -1
13 1 4 61 224 0.737713
13 1 4 61 225 -1
13 1 4 61 226 -1
13 2 3 121 170 -1
13 2 3 121 171 -1
13 2 3 121 172 0.70842
13 2 3 121 173 -1
13 2 3 122 170 -1
13 2 3 122 171 0.85289
13 2 3 122 172 -1
13 2 3 122 173 -1
13 2 4 121 224 -1
13 2 4 121 225 -1
13 2 4 121 226 0.84979
13 2 4 122 224 -1
13 2 4 122 225 -1
13 2 4 122 226 -1
13 3 4 170 224 0.968898
13 3 4 170 225 -1
13 3 4 170 226 -1
13 3 4 171 224 -1
13 3 4 171 225 0.423167
13 3 4 171 226 -1
13 3 4 172 224 -1
13 3 4 172 225 -1
13 3 4 172 226 0.851538
13 3 4 173 224 -1
13 3 4 173 225 0.974794
13 3 4 173 226 -1
14 0 1 26 62 0.875309
14 0 1 26 63 -1
14 0 1 27 62 -1
14 0 1 27 63 -1
14 0 2 26 123 -1
14 0 2 26 124 -1
14 0 2 26 125 -1
14 0 2 27 123 -1
14 0 2 27 124 -1
14 0 2 27 125 0.425646
14 0 3 26 174 -1
14 0 3 26 175 -1
14 0 3 26 176 0.884761
14 0 3 26 177 -1
14 0 3 27 174 0.831676
14 0 3 27 175 -1
14 0 3 27 176 -1
14 0 3 27 177 -1
14 0 4 26 227 -1
14 0 4 26 228 -1
14 0 4 26 229 0.906224
14 0 4 27 227 -1
14 0 4 27 228 -1
14 0 4 27 229 -1
14 1 2 62 123 -1
14 1 2 62 124 -1
14 1 2 62 125 -1
14 1 2 63 123 -1
14 1 2 63 124 -1
14 1 2 63 125 -1
14 1 3 62 174 -1
14 1 3 62 175 -1
14 1 3 62 176 -1
14 1 3 62 177 0.732339
14 1 3 63 174 -1
14 1 3 63 175 0.551778
14 1 3 63 176 -1
14 1 3 63 177 -1
14 1 4 62 227 -1
14 1 4 62 228 0.855361
14 1 4 62 229 -1
14 1 4 63 227 0.866148
14 1 4 63 228 -1
14 1 4 63 229 -1
14 2 3 123 174 -1
14 2 3 123 175 -1
14 2 3 123 176 -1
14 2 3 123 177 -1
14 2 3 124 174 -1
14 2 3 124 175 -1
14 2 3 124 176 -1
14 2 3 124 177 -1
14 2 3 125 174 0.620556
14 2 3 125 175 -1
14 2 3 125 176 -1
14 2 3 125 177 -1
14 2 4 123 227 -1
14 2 4 123 228 -1
14 2 4 123 229 -1
14 2 4 124 227 0.808606
14 2 4 124 228 -1
14 2 4 124 229 0.737716
14 2 4 125 227 -1
14 2 4 125 228 -1
14 2 4 125 229 -1
14 3 4 174 227 0.073147
14 3 4 174 228 -1
14 3 4 174 229 -1
14 3 4 175 227 0.583615
14 3 4 175 228 -1
14 3 4 175 229 -1
14 3 4 176 227 -1
14 3 4 176 228 0.424951
14 3 4 176 229 0.9564
14 3 4 177 227 -1
14 3 4 177 228 0.9836
14 3 4 177 229 -1
15 0 1 28 64 -1
15 0 1 28 65 0.0481953
15 0 1 29 64 -1
15 0 1 29 65 -1
15 0 2 28 126 -1
15 0 2 28 127 0.835148
15 0 2 29 126 0.971585
15 0 2 29 127 -1
15 0 3 28 178 0.762253
15 0 3 28 179 0.204466
15 0 3 29 178 0.0443651
15 0 3 29 179 0.790467
15 0 4 28 230 -1
15 0 4 28 231 0.0756149
15 0 4 29 230 -1
15 0 4 29 231 0.924385
15 1 2 64 126 -1
15 1 2 64 127 -1
15 1 2 65 126 -1
15 1 2 65 127 -1
15 1 3 64 178 -1
15 1 3 64 179 -1
15 1 3 65 178 0.100769
15 1 3 65 179 0.133207
15 1 4 64 230 -1
15 1 4 64 231 -1
15 1 4 65 230 0.633196
15 1 4 65 231 -1
15 2 3 126 178 -1
15 2 3 126 179 0.867516
15 2 3 127 178 0.945222
15 2 3 127 179 -1
15 2 4 126 230 -1
15 2 4 126 231 0.901439
15 2 4 127 230 -1
15 2 4 127 231 -1
15 3 4 178 230 0.640484
15 3 4 178 231 -1
15 3 4 179 230 0.0179592
15 3 4 179 231 0.982041
16 0 1 30 66 -1
16 0 1 31 66 -1
16 0 2 30 128 0.807089
16 0 2 30 129 -1
16 0 2 30 130 -1
16 0 2 31 128 -1
16 0 2 31 129 0.873228
16 0 2 31 130 -1
16 0 3 30 180 -1
16 0 3 30 181 -1
16 0 3 31 180 0.874241
16 0 3 31 181 -1
16 0 4 30 232 -1
16 0 4 30 233 -1
16 0 4 30 234 0.89999
16 0 4 31 232 -1
16 0 4 31 233 -1
16 0 4 31 234 -1
16 1 2 66 128 0.019324
16 1 2 66 129 -1
16 1 2 66 130 0.63684
16 1 3 66 180 -1
16 1 3 66 181 -1
16 1 4 66 232 0.125721
16 1 4 66 233 -1
16 1 4 66 234 0.017557
16 2 3 128 180 -1
16 2 3 128 181 -1
16 2 3 129 180 0.998535
16 2 3 129 181 -1
16 2 3 130 180 -1
16 2 3 130 181 -1
16 2 4 128 232 0.67572
16 2 4 128 233 -1
16 2 4 128 234 0.897415
16 2 4 129 232 -1
16 2 4 129 233 -1
16 2 4 129 234 -1
16 2 4 130 232 0.813488
16 2 4 130 233 -1
16 2 4 130 234 0.210419
16 3 4 180 232 -1
16 3 4 180 233 0.477408
16 3 4 180 234 -1
16 3 4 181 232 -1
16 3 4 181 233 0.522592
16 3 4 181 234 -1
17 0 1 32 67 0.370508
17 0 1 33 67 -1
17 0 2 32 131 -1
17 0 2 33 131 0.560923
17 0 3 32 182 -1
17 0 3 32 183 -1
17 0 3 33 182 0.520682
17 0 3 33 183 -1
17 0 4 32 235 -1
17 0 4 32 236 -1
17 0 4 32 237 -1
17 0 4 32 238 0.967273
17 0 4 33 235 -1
17 0 4 33 236 -1
17 0 4 33 237 0.873397
17 0 4 33 238 -1
17 1 2 67 131 -1
17 1 3 67 182 -1
17 1 3 67 183 0.754109
17 1 4 67 235 -1
17 1 4 67 236 0.959935
17 1 4 67 237 -1
17 1 4 67 238 -1
17 2 3 131 182 0.735854
17 2 3 131 183 -1
17 2 4 131 235 -1
17 2 4 131 236 -1
17 2 4 131 237 -1
17 2 4 131 238 0.384081
17 3 4 182 235 -1
17 3 4 182 236 -1
17 3 4 182 237 0.237933
17 3 4 182 238 -1
17 3 4 183 235 -1
17 3 4 183 236 0.988852
17 3 4 183 237 -1
17 3 4 183 238 0.288213
18 0 1 34 68 0.512232
18 0 1 35 68 0.232833
18 0 3 34 184 -1
18 0 3 34 185 -1
18 0 3 34 186 0.993562
18 0 3 34 187 -1
18 0 3 35 184 -1
18 0 3 35 185 0.667807
18 0 3 35 186 -1
18 0 3 35 187 -1
18 0 4 34 239 -1
18 0 4 34 240 -1
18 0 4 34 241 0.89071
18 0 4 35 239 -1
18 0 4 35 240 -1
18 0 4 35 241 -1
18 1 3 68 184 0.0211018
18 1 3 68 185 -1
18 1 3 68 186 -1
18 1 3 68 187 0.777058
18 1 4 68 239 -1
18 1 4 68 240 0.897196
18 1 4 68 241 -1
18 3 4 184 239 0.47253
18 3 4 184 240 -1
18 3 4 184 241 -1
18 3 4 185 239 -1
18 3 4 185 240 0.950981
18 3 4 185 241 -1
18 3 4 186 239 -1
18 3 4 186 240 -1
18 3 4 186 241 0.90259
18 3 4 187 239 -1
18 3 4 187 240 0.973351
18 3 4 187 241 -1
end of Frame 207
