J OverallIdx viewIdx joint种类0-18(jointIdx) 该joint在图中的顺序(candidix) x y score
0 0 0 0 412.125 364.781 0.625018
1 0 0 1 863.782 406.986 0.712598
2 0 0 2 257.889 430.162 0.659477
3 0 0 3 656.243 474.469 0.50289
4 0 1 0 246.767 200.326 0.68675
5 0 1 1 412.277 200.352 0.828619
6 0 1 2 664.658 208.784 0.869354
7 0 1 3 891.794 223.497 0.845149
8 0 2 0 370.141 364.827 0.642935
9 0 2 1 821.663 400.696 0.68535
10 0 2 2 235.692 430.222 0.633152
11 0 2 3 706.822 478.65 0.505374
12 0 3 0 445.948 364.822 0.574893
13 0 3 1 908.453 411.15 0.710925
14 0 3 2 277.519 430.126 0.585822
15 0 3 3 594.643 474.453 0.465596
16 0 4 0 311.287 141.188 0.812259
17 0 4 1 415.158 143.48 0.927732
18 0 4 2 860.836 162.391 0.914607
19 0 5 0 232.759 204.505 0.787426
20 0 5 1 356.127 202.464 0.768546
21 0 5 2 841.218 215.079 0.885303
22 0 5 3 748.72 219.312 0.786536
23 0 6 0 263.658 196.204 0.625977
24 0 6 1 591.764 194.084 0.818227
25 0 6 2 465.499 196.202 0.72866
26 0 6 3 950.671 225.655 0.867729
27 0 7 0 367.31 508.197 0.735314
28 0 7 1 824.521 548.203 0.792403
29 0 7 2 235.567 584.176 0.746936
30 0 7 3 681.406 678.984 0.733094
31 0 8 0 434.702 512.348 0.695845
32 0 8 1 880.533 548.335 0.797553
33 0 8 2 277.538 581.936 0.745993
34 0 8 3 538.392 660.023 0.664634
35 0 9 0 255.204 124.473 0.937466
36 0 9 1 381.383 143.346 0.850988
37 0 9 2 706.577 147.645 0.864451
38 0 10 0 440.285 137.035 0.451423
39 0 10 1 628.121 143.277 0.881681
40 0 10 2 908.674 149.697 0.888487
41 0 11 0 328.055 284.669 0.775216
42 0 11 1 813.26 307.828 0.799555
43 0 11 2 207.554 328.908 0.859746
44 0 11 3 751.541 343.738 0.666424
45 0 12 0 959.047 320.493 0.79925
46 0 12 1 504.817 329.023 0.824304
47 0 13 0 347.675 632.563 0.838013
48 0 13 1 886.251 634.697 0.831845
49 0 13 2 159.798 744.381 0.626146
50 0 14 0 417.928 632.514 0.738196
51 0 14 1 863.709 678.944 0.791066
52 0 14 2 257.972 729.573 0.749082
53 0 15 0 356.119 227.689 0.822445
54 0 15 1 776.74 381.665 0.851863
55 0 15 2 300.057 409.082 0.827428
56 0 16 0 476.714 379.525 0.744287
57 0 16 1 956.267 404.902 0.810832
58 0 17 0 415.121 655.82 0.550777
59 0 17 1 886.144 723.315 0.690558
60 0 17 2 331 740.168 0.730886
61 0 18 0 358.965 666.441 0.803369
62 0 18 1 877.766 666.256 0.336556
63 0 18 2 210.332 752.874 0.26805
64 1 0 0 754.456 369.011 0.635442
65 1 0 1 482.408 369.016 0.752016
66 1 0 2 552.444 396.46 0.71984
67 1 0 3 897.414 396.448 0.647473
68 1 1 0 482.156 227.827 0.681437
69 1 1 1 552.407 234.054 0.865255
70 1 1 2 869.415 244.553 0.681813
71 1 1 3 771.164 257.294 0.796786
72 1 2 0 462.722 369.045 0.757904
73 1 2 1 782.385 373.213 0.601801
74 1 2 2 908.641 396.361 0.574811
75 1 2 3 580.5 398.574 0.688561
76 1 3 0 731.892 366.898 0.64515
77 1 3 1 510.354 373.264 0.733312
78 1 3 2 886.247 398.523 0.720593
79 1 4 0 515.967 183.455 0.806691
80 1 4 1 611.328 177.174 0.43108
81 1 4 2 810.425 240.358 0.789748
82 1 5 0 594.636 229.864 0.88667
83 1 5 1 457.125 229.906 0.846454
84 1 5 2 886.138 244.62 0.627051
85 1 5 3 802.121 259.411 0.633497
86 1 6 0 507.635 234.091 0.874489
87 1 6 1 860.915 242.451 0.830575
88 1 6 2 729.193 250.979 0.761261
89 1 7 0 768.338 459.675 0.505731
90 1 7 1 459.895 480.81 0.890614
91 1 7 2 880.513 512.378 0.713107
92 1 7 3 583.334 529.289 0.757373
93 1 8 0 737.59 459.666 0.467955
94 1 8 1 485.222 482.893 0.814451
95 1 8 2 546.898 520.847 0.696325
96 1 8 3 844.079 514.452 0.815785
97 1 9 0 591.573 168.682 0.853277
98 1 9 1 479.44 179.275 0.899706
99 1 9 2 774.136 210.837 0.283215
100 1 10 0 751.59 213.021 0.678312
101 1 10 1 827.304 210.893 0.907176
102 1 11 0 465.471 312.097 0.430814
103 1 11 1 614.093 324.72 0.849794
104 1 11 2 869.367 328.918 0.753092
105 1 12 0 709.541 303.687 0.717614
106 1 12 1 818.985 314.185 0.894717
107 1 12 2 482.447 322.59 0.848769
108 1 13 0 754.471 548.208 0.307871
109 1 13 1 434.674 592.557 0.819698
110 1 13 2 874.944 622.081 0.723222
111 1 13 3 563.693 666.394 0.744613
112 1 14 0 748.663 546.101 0.327398
113 1 14 1 476.683 582.051 0.809622
114 1 14 2 889.033 638.974 0.75209
115 1 14 3 544.052 647.365 0.673423
116 1 15 0 807.611 362.61 0.820474
117 1 15 1 631.012 381.631 0.876423
118 1 16 0 754.333 348.018 0.815456
119 1 16 1 527.3 362.719 0.72407
120 1 17 0 729.164 560.911 0.170374
121 1 17 1 507.533 596.802 0.597017
122 1 17 2 591.688 655.801 0.171046
123 1 17 3 838.391 657.941 0.766929
124 1 18 0 465.539 611.557 0.777971
125 1 18 1 824.505 632.617 0.760288
126 1 18 2 611.382 666.335 0.702749
127 2 0 0 482.273 151.823 0.760094
128 2 0 1 771.196 278.263 0.781753
129 2 0 2 370.216 335.262 0.694365
130 2 0 3 661.871 411.217 0.777039
131 2 1 0 482.489 37.9312 0.875206
132 2 1 1 774.104 141.324 0.86128
133 2 1 2 367.265 160.343 0.809478
134 2 1 3 681.333 250.958 0.841173
135 2 2 0 459.9 153.904 0.72976
136 2 2 1 745.998 274.155 0.693595
137 2 2 2 392.511 339.522 0.681277
138 2 2 3 701.097 411.23 0.725219
139 2 3 0 502.042 149.733 0.738624
140 2 3 1 793.69 278.418 0.782218
141 2 3 2 347.851 329.006 0.664229
142 2 3 3 625.322 411.155 0.698868
143 2 4 0 437.527 118.052 0.6853
144 2 4 1 729.022 120.203 0.709228
145 2 5 0 457.179 42.1106 0.891058
146 2 5 1 748.673 134.988 0.708769
147 2 5 2 386.909 175 0.735554
148 2 5 3 732.078 250.941 0.827384
149 2 6 0 513.183 29.5343 0.80027
150 2 6 1 802.123 145.451 0.842202
151 2 6 2 344.882 149.751 0.686393
152 2 6 3 619.818 255.111 0.826164
153 2 7 0 457.015 231.955 0.764001
154 2 7 1 732.055 360.563 0.762291
155 2 7 2 395.387 451.291 0.779569
156 2 7 3 684.145 522.922 0.839893
157 2 8 0 493.525 244.581 0.78094
158 2 8 1 774.014 377.387 0.839607
159 2 8 2 375.748 432.333 0.726066
160 2 8 3 608.487 514.425 0.822517
161 2 9 0 400.998 109.642 0.865263
162 2 9 1 712.317 175.038 0.824711
163 2 10 0 754.33 99.113 0.857591
164 2 10 1 639.499 177.081 0.799526
165 2 11 0 440.257 111.742 0.861012
166 2 11 1 726.214 191.89 0.2121
167 2 11 2 415.024 280.445 0.881702
168 2 11 3 743.098 348 0.775137
169 2 12 0 510.356 92.8437 0.836654
170 2 12 1 796.274 229.823 0.911861
171 2 12 2 588.903 364.753 0.855428
172 2 13 0 434.587 316.288 0.634466
173 2 13 1 729.289 428.044 0.75832
174 2 13 2 372.958 569.404 0.815479
175 2 13 3 684.184 632.684 0.769726
176 2 14 0 482.206 326.864 0.894229
177 2 14 1 796.363 461.739 0.886294
178 2 14 2 375.856 514.521 0.626483
179 2 14 3 597.367 605.215 0.786574
180 2 15 0 457.039 166.574 0.737087
181 2 15 1 462.859 225.575 0.741419
182 2 15 2 687.108 362.66 0.274467
183 2 16 0 530.104 145.556 0.858756
184 2 16 1 731.946 267.818 0.488517
185 2 16 2 572.147 331.09 0.548222
186 2 17 0 504.895 343.718 0.738481
187 2 17 1 757.202 487.073 0.776372
188 2 17 2 417.787 516.686 0.61029
189 2 17 3 602.971 600.955 0.505014
190 2 18 0 454.308 333.208 0.189653
191 2 18 1 729.044 440.736 0.191238
192 2 18 2 423.435 571.428 0.710263
193 2 18 3 678.603 632.587 0.398643
194 3 0 0 499.18 316.314 0.634634
195 3 0 1 162.657 329.039 0.579683
196 3 0 2 617.047 356.353 0.707748
197 3 0 3 364.596 377.425 0.598007
198 3 1 0 347.582 179.239 0.898345
199 3 1 1 616.996 189.742 0.831723
200 3 1 2 468.325 196.053 0.80929
201 3 1 3 142.996 193.894 0.724641
202 3 2 0 527.209 312.136 0.66627
203 3 2 1 151.445 333.148 0.66011
204 3 2 2 636.596 354.243 0.63033
205 3 2 3 401.065 375.333 0.60413
206 3 3 0 465.584 320.524 0.586626
207 3 3 1 168.248 328.958 0.515743
208 3 3 2 602.925 358.442 0.66408
209 3 3 3 322.513 379.512 0.601166
210 3 4 0 552.422 141.223 0.678925
211 3 4 1 187.921 156.055 0.87499
212 3 5 0 403.838 177.122 0.808764
213 3 5 1 639.264 183.469 0.748658
214 3 5 2 513.216 191.842 0.757918
215 3 5 3 126.195 193.946 0.860387
216 3 6 0 283.176 183.484 0.829055
217 3 6 1 151.451 191.892 0.655768
218 3 6 2 524.412 191.875 0.202384
219 3 6 3 597.364 191.876 0.876284
220 3 6 4 429.112 206.615 0.622285
221 3 7 0 549.54 413.229 0.563756
222 3 7 1 168.113 447.092 0.82479
223 3 7 2 639.378 466.026 0.846515
224 3 7 3 415.19 518.799 0.805108
225 3 8 0 546.712 413.324 0.180887
226 3 8 1 485.179 425.974 0.518012
227 3 8 2 168.396 447.078 0.801216
228 3 8 3 594.589 480.82 0.775797
229 3 8 4 347.804 525.033 0.811189
230 3 9 0 386.948 103.303 0.808064
231 3 9 1 145.745 143.376 0.934168
232 3 9 2 473.879 147.598 0.430614
233 3 10 0 316.835 105.392 0.753907
234 3 10 1 575.016 128.572 0.922042
235 3 10 2 429.078 158.109 0.4939
236 3 11 0 541.197 255.159 0.700838
237 3 11 1 126.17 276.174 0.89326
238 3 11 2 445.913 278.327 0.756487
239 3 12 0 541.244 255.117 0.211785
240 3 12 1 616.958 290.94 0.870582
241 3 12 2 260.877 295.248 0.809903
242 3 13 0 572.068 501.846 0.545363
243 3 13 1 123.436 529.265 0.685503
244 3 13 2 687.066 582.013 0.831181
245 3 13 3 429.046 672.67 0.649768
246 3 14 0 501.981 525.087 0.464797
247 3 14 1 171.139 531.45 0.711433
248 3 14 2 608.48 598.795 0.799055
249 3 14 3 356.212 657.894 0.675644
250 3 15 0 524.474 282.607 0.644948
251 3 15 1 171.026 333.196 0.887178
252 3 16 0 521.547 278.261 0.19524
253 3 16 1 560.816 331.07 0.789311
254 3 16 2 271.965 394.237 0.7964
255 3 17 0 210.329 539.856 0.270127
256 3 17 1 552.469 598.859 0.817111
257 3 17 2 367.351 687.409 0.542208
258 3 18 0 552.408 520.829 0.38227
259 3 18 1 645.033 584.171 0.584608
260 3 18 2 445.897 666.417 0.489895
261 4 0 0 667.515 280.441 0.710516
262 4 0 1 372.95 290.96 0.765751
263 4 0 2 793.545 316.284 0.662024
264 4 0 3 216.006 369.026 0.539559
265 4 1 0 793.599 109.636 0.77202
266 4 1 1 176.659 132.872 0.801724
267 4 1 2 681.419 132.861 0.86089
268 4 1 3 353.324 156.001 0.835185
269 4 2 0 642.182 278.43 0.7563
270 4 2 1 347.736 293.059 0.742704
271 4 2 2 810.472 312.142 0.593188
272 4 2 3 263.612 366.897 0.52028
273 4 3 0 698.305 280.472 0.671379
274 4 3 1 398.257 286.805 0.7241
275 4 3 2 773.938 320.53 0.664835
276 4 3 3 171.026 373.244 0.560614
277 4 4 0 639.305 78.1199 0.925252
278 4 4 1 389.808 111.827 0.782654
279 4 5 0 818.76 105.405 0.685672
280 4 5 1 249.565 126.469 0.798625
281 4 5 2 639.505 132.876 0.884932
282 4 5 3 316.923 160.232 0.822917
283 4 6 0 771.132 111.82 0.72646
284 4 6 1 712.351 132.819 0.759424
285 4 6 2 392.77 145.5 0.870704
286 4 6 3 103.894 143.363 0.84034
287 4 7 0 658.982 396.503 0.755798
288 4 7 1 361.716 404.871 0.706635
289 4 7 2 796.489 459.661 0.805664
290 4 7 3 280.372 562.99 0.778537
291 4 8 0 429.024 383.758 0.775931
292 4 8 1 684.34 404.84 0.79122
293 4 8 2 754.339 468.131 0.80813
294 4 8 3 221.539 562.954 0.714954
295 4 9 0 218.691 42.2485 0.872429
296 4 9 1 347.726 107.533 0.74492
297 4 10 0 734.793 29.5248 0.805823
298 4 10 1 151.436 44.3466 0.157546
299 4 10 2 684.205 75.8365 0.978222
300 4 11 0 639.362 208.673 0.872104
301 4 11 1 300.121 257.229 0.767272
302 4 12 0 437.482 210.888 0.866887
303 4 12 1 754.492 219.328 0.79961
304 4 12 2 101.07 276.232 0.836841
305 4 13 0 681.51 480.838 0.834573
306 4 13 1 367.289 514.462 0.648795
307 4 13 2 818.964 598.795 0.830938
308 4 13 3 221.567 727.478 0.639023
309 4 14 0 409.422 474.471 0.737385
310 4 14 1 684.413 510.322 0.790022
311 4 14 2 771.229 617.838 0.781567
312 4 14 3 252.376 697.938 0.45355
313 4 15 0 616.919 261.552 0.945131
314 4 15 1 344.96 278.4 0.660369
315 4 15 2 347.702 347.975 0.822998
316 4 16 0 482.275 244.581 0.570299
317 4 16 1 703.95 261.566 0.829518
318 4 16 2 723.553 348.024 0.769842
319 4 16 3 123.353 369.065 0.834359
320 4 17 0 445.874 501.858 0.728961
321 4 17 1 642.325 533.48 0.799551
322 4 17 2 703.887 630.419 0.804183
323 4 17 3 294.477 738.064 0.232132
324 4 18 0 639.347 503.986 0.840795
325 4 18 1 373.022 541.928 0.650329
326 4 18 2 790.834 594.621 0.258156
327 4 18 3 286.122 748.524 0.580461
P viewIdx, pafIdx, aOverAllIdx, bOverAllIdx, CandidAIdx, CandidBIdx, score
0 0 4 0 0 0 0
0 0 4 1 0 1 0
0 0 4 2 0 2 0.937752
0 0 4 3 0 3 0
0 0 5 0 1 0 0.986346
0 0 5 1 1 1 0
0 0 5 2 1 2 0
0 0 5 3 1 3 0
0 0 6 0 2 0 0
0 0 6 1 2 1 0
0 0 6 2 2 2 0
0 0 6 3 2 3 0.984971
0 0 7 0 3 0 0
0 0 7 1 3 1 0.977023
0 0 7 2 3 2 0
0 0 7 3 3 3 0
0 1 8 27 0 0 0.98393
0 1 8 28 0 1 0
0 1 8 29 0 2 0
0 1 8 30 0 3 0
0 1 9 27 1 0 0
0 1 9 28 1 1 0.990661
0 1 9 29 1 2 0
0 1 9 30 1 3 0
0 1 10 27 2 0 0
0 1 10 28 2 1 0
0 1 10 29 2 2 0.962067
0 1 10 30 2 3 0
0 1 11 27 3 0 0
0 1 11 28 3 1 0
0 1 11 29 3 2 0
0 1 11 30 3 3 0.975975
0 2 27 47 0 0 0.993097
0 2 27 48 0 1 0
0 2 27 49 0 2 0
0 2 28 47 1 0 0
0 2 28 48 1 1 0.999445
0 2 28 49 1 2 0
0 2 29 47 2 0 0
0 2 29 48 2 1 0
0 2 29 49 2 2 0.977185
0 2 30 47 3 0 0
0 2 30 48 3 1 0
0 2 30 49 3 2 0
0 3 0 8 0 0 0.901964
0 3 0 9 0 1 0
0 3 0 10 0 2 0
0 3 0 11 0 3 0
0 3 1 8 1 0 0
0 3 1 9 1 1 0.925395
0 3 1 10 1 2 0
0 3 1 11 1 3 0
0 3 2 8 2 0 0
0 3 2 9 2 1 0
0 3 2 10 2 2 0.902867
0 3 2 11 2 3 0
0 3 3 8 3 0 0
0 3 3 9 3 1 0
0 3 3 10 3 2 0
0 3 3 11 3 3 0.866219
0 4 0 12 0 0 0.900581
0 4 0 13 0 1 0
0 4 0 14 0 2 0
0 4 0 15 0 3 0
0 4 1 12 1 0 0
0 4 1 13 1 1 0.930502
0 4 1 14 1 2 0
0 4 1 15 1 3 0
0 4 2 12 2 0 0
0 4 2 13 2 1 0
0 4 2 14 2 2 0.8951
0 4 2 15 2 3 0
0 4 3 12 3 0 0
0 4 3 13 3 1 0
0 4 3 14 3 2 0
0 4 3 15 3 3 0.862234
0 5 12 31 0 0 0.964197
0 5 12 32 0 1 0
0 5 12 33 0 2 0
0 5 12 34 0 3 0
0 5 13 31 1 0 0
0 5 13 32 1 1 0.992624
0 5 13 33 1 2 0
0 5 13 34 1 3 0
0 5 14 31 2 0 0
0 5 14 32 2 1 0
0 5 14 33 2 2 0.980761
0 5 14 34 2 3 0
0 5 15 31 3 0 0
0 5 15 32 3 1 0
0 5 15 33 3 2 0
0 5 15 34 3 3 0.94744
0 6 31 50 0 0 0.974933
0 6 31 51 0 1 0
0 6 31 52 0 2 0
0 6 32 50 1 0 0
0 6 32 51 1 1 0.996589
0 6 32 52 1 2 0
0 6 33 50 2 0 0
0 6 33 51 2 1 0
0 6 33 52 2 2 0.98774
0 6 34 50 3 0 0
0 6 34 51 3 1 0
0 6 34 52 3 2 0
0 7 4 19 0 0 0.919832
0 7 4 20 0 1 0
0 7 4 21 0 2 0
0 7 4 22 0 3 0
0 7 5 19 1 0 0
0 7 5 20 1 1 0.965891
0 7 5 21 1 2 0
0 7 5 22 1 3 0
0 7 6 19 2 0 0
0 7 6 20 2 1 0
0 7 6 21 2 2 0
0 7 6 22 2 3 0.999409
0 7 7 19 3 0 0
0 7 7 20 3 1 0
0 7 7 21 3 2 0.995054
0 7 7 22 3 3 0
0 8 19 41 0 0 0
0 8 19 42 0 1 0
0 8 19 43 0 2 0.985197
0 8 19 44 0 3 0
0 8 20 41 1 0 0.966212
0 8 20 42 1 1 0
0 8 20 43 1 2 0
0 8 20 44 1 3 0
0 8 21 41 2 0 0
0 8 21 42 2 1 0.288204
0 8 21 43 2 2 0
0 8 21 44 2 3 0.253456
0 8 22 41 3 0 0
0 8 22 42 3 1 0.25271
0 8 22 43 3 2 0
0 8 22 44 3 3 0.288539
0 9 41 53 0 0 0.964931
0 9 41 54 0 1 0
0 9 41 55 0 2 0
0 9 42 53 1 0 0
0 9 42 54 1 1 0.55261
0 9 42 55 1 2 0
0 9 43 53 2 0 0
0 9 43 54 2 1 0
0 9 43 55 2 2 0.995066
0 9 44 53 3 0 0
0 9 44 54 3 1 0.44739
0 9 44 55 3 2 0
0 10 19 35 0 0 0.989766
0 10 19 36 0 1 0
0 10 19 37 0 2 0
0 10 20 35 1 0 0
0 10 20 36 1 1 0.96935
0 10 20 37 1 2 0
0 10 21 35 2 0 0
0 10 21 36 2 1 0
0 10 21 37 2 2 0
0 10 22 35 3 0 0
0 10 22 36 3 1 0
0 10 22 37 3 2 0.99456
0 11 4 23 0 0 0.911333
0 11 4 24 0 1 0
0 11 4 25 0 2 0
0 11 4 26 0 3 0
0 11 5 23 1 0 0
0 11 5 24 1 1 0
0 11 5 25 1 2 0.957674
0 11 5 26 1 3 0
0 11 6 23 2 0 0
0 11 6 24 2 1 0.987085
0 11 6 25 2 2 0
0 11 6 26 2 3 0
0 11 7 23 3 0 0
0 11 7 24 3 1 0
0 11 7 25 3 2 0
0 11 7 26 3 3 0.996555
0 12 23 45 0 0 0
0 12 23 46 0 1 0
0 12 24 45 1 0 0
0 12 24 46 1 1 0.959251
0 12 25 45 2 0 0
0 12 25 46 2 1 0
0 12 26 45 3 0 0.998582
0 12 26 46 3 1 0
0 13 45 56 0 0 0
0 13 45 57 0 1 0.995054
0 13 46 56 1 0 0.946248
0 13 46 57 1 1 0
0 14 23 38 0 0 0
0 14 23 39 0 1 0
0 14 23 40 0 2 0
0 14 24 38 1 0 0
0 14 24 39 1 1 0.977642
0 14 24 40 1 2 0
0 14 25 38 2 0 0.863788
0 14 25 39 2 1 0
0 14 25 40 2 2 0
0 14 26 38 3 0 0
0 14 26 39 3 1 0
0 14 26 40 3 2 0.992861
0 15 4 16 0 0 0.945887
0 15 4 17 0 1 0
0 15 4 18 0 2 0
0 15 5 16 1 0 0
0 15 5 17 1 1 0.988295
0 15 5 18 1 2 0
0 15 6 16 2 0 0
0 15 6 17 2 1 0
0 15 6 18 2 2 0
0 15 7 16 3 0 0
0 15 7 17 3 1 0
0 15 7 18 3 2 0.989813
0 16 50 58 0 0 0.919912
0 16 50 59 0 1 0
0 16 50 60 0 2 0
0 16 51 58 1 0 0
0 16 51 59 1 1 0.960473
0 16 51 60 1 2 0
0 16 52 58 2 0 0
0 16 52 59 2 1 0
0 16 52 60 2 2 0.980189
0 17 47 61 0 0 0.972093
0 17 47 62 0 1 0
0 17 47 63 0 2 0
0 17 48 61 1 0 0
0 17 48 62 1 1 0.858194
0 17 48 63 1 2 0
0 17 49 61 2 0 0
0 17 49 62 2 1 0
0 17 49 63 2 2 0.898272
1 0 68 64 0 0 0
1 0 68 65 0 1 0.941151
1 0 68 66 0 2 0
1 0 68 67 0 3 0
1 0 69 64 1 0 0
1 0 69 65 1 1 0
1 0 69 66 1 2 0.999698
1 0 69 67 1 3 0
1 0 70 64 2 0 0
1 0 70 65 2 1 0
1 0 70 66 2 2 0
1 0 70 67 2 3 0.93153
1 0 71 64 3 0 0.95652
1 0 71 65 3 1 0
1 0 71 66 3 2 0
1 0 71 67 3 3 0
1 1 72 89 0 0 0
1 1 72 90 0 1 0.996307
1 1 72 91 0 2 0
1 1 72 92 0 3 0
1 1 73 89 1 0 0.935982
1 1 73 90 1 1 0
1 1 73 91 1 2 0
1 1 73 92 1 3 0
1 1 74 89 2 0 0
1 1 74 90 2 1 0
1 1 74 91 2 2 0.94465
1 1 74 92 2 3 0
1 1 75 89 3 0 0
1 1 75 90 3 1 0
1 1 75 91 3 2 0
1 1 75 92 3 3 0.970992
1 2 89 108 0 0 0.839688
1 2 89 109 0 1 0
1 2 89 110 0 2 0
1 2 89 111 0 3 0
1 2 90 108 1 0 0
1 2 90 109 1 1 0.995008
1 2 90 110 1 2 0
1 2 90 111 1 3 0
1 2 91 108 2 0 0
1 2 91 109 2 1 0
1 2 91 110 2 2 0.98283
1 2 91 111 2 3 0
1 2 92 108 3 0 0
1 2 92 109 3 1 0
1 2 92 110 3 2 0
1 2 92 111 3 3 0.98821
1 3 64 72 0 0 0
1 3 64 73 0 1 0.888132
1 3 64 74 0 2 0
1 3 64 75 0 3 0
1 3 65 72 1 0 0.939238
1 3 65 73 1 1 0
1 3 65 74 1 2 0
1 3 65 75 1 3 0
1 3 66 72 2 0 0
1 3 66 73 2 1 0
1 3 66 74 2 2 0
1 3 66 75 2 3 0.929377
1 3 67 72 3 0 0
1 3 67 73 3 1 0
1 3 67 74 3 2 0.857663
1 3 67 75 3 3 0
1 4 64 76 0 0 0.888703
1 4 64 77 0 1 0
1 4 64 78 0 2 0
1 4 65 76 1 0 0
1 4 65 77 1 1 0.919084
1 4 65 78 1 2 0
1 4 66 76 2 0 0
1 4 66 77 2 1 0
1 4 66 78 2 2 0
1 4 67 76 3 0 0
1 4 67 77 3 1 0
1 4 67 78 3 2 0.853024
1 5 76 93 0 0 0.917609
1 5 76 94 0 1 0
1 5 76 95 0 2 0
1 5 76 96 0 3 0
1 5 77 93 1 0 0
1 5 77 94 1 1 0.500844
1 5 77 95 1 2 0.499156
1 5 77 96 1 3 0
1 5 78 93 2 0 0
1 5 78 94 2 1 0
1 5 78 95 2 2 0
1 5 78 96 2 3 0.963306
1 6 93 112 0 0 0.860345
1 6 93 113 0 1 0
1 6 93 114 0 2 0
1 6 93 115 0 3 0
1 6 94 112 1 0 0
1 6 94 113 1 1 0.281011
1 6 94 114 1 2 0
1 6 94 115 1 3 0.253762
1 6 95 112 2 0 0
1 6 95 113 2 1 0.253392
1 6 95 114 2 2 0
1 6 95 115 2 3 0.281192
1 6 96 112 3 0 0
1 6 96 113 3 1 0
1 6 96 114 3 2 0.987923
1 6 96 115 3 3 0
1 7 68 82 0 0 0
1 7 68 83 0 1 0.930541
1 7 68 84 0 2 0
1 7 68 85 0 3 0
1 7 69 82 1 0 0.987043
1 7 69 83 1 1 0
1 7 69 84 1 2 0
1 7 69 85 1 3 0
1 7 70 82 2 0 0
1 7 70 83 2 1 0
1 7 70 84 2 2 0.517575
1 7 70 85 2 3 0
1 7 71 82 3 0 0
1 7 71 83 3 1 0
1 7 71 84 3 2 0.266163
1 7 71 85 3 3 0.526242
1 8 82 102 0 0 0
1 8 82 103 0 1 0.997361
1 8 82 104 0 2 0
1 8 83 102 1 0 0.95272
1 8 83 103 1 1 0
1 8 83 104 1 2 0
1 8 84 102 2 0 0
1 8 84 103 2 1 0
1 8 84 104 2 2 0.53698
1 8 85 102 3 0 0
1 8 85 103 3 1 0
1 8 85 104 3 2 0.46302
1 9 102 116 0 0 0
1 9 102 117 0 1 0
1 9 103 116 1 0 0
1 9 103 117 1 1 0.991609
1 9 104 116 2 0 0.959318
1 9 104 117 2 1 0
1 10 82 97 0 0 0.997672
1 10 82 98 0 1 0
1 10 82 99 0 2 0
1 10 83 97 1 0 0
1 10 83 98 1 1 0.991452
1 10 83 99 1 2 0
1 10 84 97 2 0 0
1 10 84 98 2 1 0
1 10 84 99 2 2 0
1 10 85 97 3 0 0
1 10 85 98 3 1 0
1 10 85 99 3 2 0.764921
1 11 68 86 0 0 0
1 11 68 87 0 1 0
1 11 68 88 0 2 0
1 11 69 86 1 0 0.887097
1 11 69 87 1 1 0
1 11 69 88 1 2 0
1 11 70 86 2 0 0
1 11 70 87 2 1 0.925821
1 11 70 88 2 2 0
1 11 71 86 3 0 0
1 11 71 87 3 1 0
1 11 71 88 3 2 0.936426
1 12 86 105 0 0 0
1 12 86 106 0 1 0
1 12 86 107 0 2 0.972852
1 12 87 105 1 0 0
1 12 87 106 1 1 0.956212
1 12 87 107 1 2 0
1 12 88 105 2 0 0.93467
1 12 88 106 2 1 0
1 12 88 107 2 2 0
1 13 105 118 0 0 0
1 13 105 119 0 1 0
1 13 106 118 1 0 0.945852
1 13 106 119 1 1 0
1 13 107 118 2 0 0
1 13 107 119 2 1 0.975942
1 14 86 100 0 0 0
1 14 86 101 0 1 0
1 14 87 100 1 0 0
1 14 87 101 1 1 0.990225
1 14 88 100 2 0 0.899751
1 14 88 101 2 1 0
1 15 68 79 0 0 0.553474
1 15 68 80 0 1 0
1 15 68 81 0 2 0
1 15 69 79 1 0 0.285438
1 15 69 80 1 1 0.543323
1 15 69 81 1 2 0
1 15 70 79 2 0 0
1 15 70 80 2 1 0
1 15 70 81 2 2 0.943985
1 15 71 79 3 0 0
1 15 71 80 3 1 0
1 15 71 81 3 2 0
1 16 112 120 0 0 0.674392
1 16 112 121 0 1 0
1 16 112 122 0 2 0
1 16 112 123 0 3 0
1 16 113 120 1 0 0
1 16 113 121 1 1 0.921201
1 16 113 122 1 2 0
1 16 113 123 1 3 0
1 16 114 120 2 0 0
1 16 114 121 2 1 0
1 16 114 122 2 2 0
1 16 114 123 2 3 0.954647
1 16 115 120 3 0 0
1 16 115 121 3 1 0
1 16 115 122 3 2 0
1 16 115 123 3 3 0
1 17 108 124 0 0 0
1 17 108 125 0 1 0
1 17 108 126 0 2 0
1 17 109 124 1 0 0.995294
1 17 109 125 1 1 0
1 17 109 126 1 2 0
1 17 110 124 2 0 0
1 17 110 125 2 1 0.974223
1 17 110 126 2 2 0
1 17 111 124 3 0 0
1 17 111 125 3 1 0
1 17 111 126 3 2 0.945496
2 0 131 127 0 0 0.989135
2 0 131 128 0 1 0
2 0 131 129 0 2 0
2 0 131 130 0 3 0
2 0 132 127 1 0 0
2 0 132 128 1 1 0.981807
2 0 132 129 1 2 0
2 0 132 130 1 3 0
2 0 133 127 2 0 0
2 0 133 128 2 1 0
2 0 133 129 2 2 0.987981
2 0 133 130 2 3 0
2 0 134 127 3 0 0
2 0 134 128 3 1 0
2 0 134 129 3 2 0
2 0 134 130 3 3 0.996733
2 1 135 153 0 0 0.967505
2 1 135 154 0 1 0
2 1 135 155 0 2 0
2 1 135 156 0 3 0
2 1 136 153 1 0 0
2 1 136 154 1 1 0.500679
2 1 136 155 1 2 0
2 1 136 156 1 3 0.256337
2 1 137 153 2 0 0
2 1 137 154 2 1 0
2 1 137 155 2 2 0.99124
2 1 137 156 2 3 0
2 1 138 153 3 0 0
2 1 138 154 3 1 0
2 1 138 155 3 2 0
2 1 138 156 3 3 0.509843
2 2 153 172 0 0 0.944695
2 2 153 173 0 1 0
2 2 153 174 0 2 0
2 2 153 175 0 3 0
2 2 154 172 1 0 0
2 2 154 173 1 1 0.97097
2 2 154 174 1 2 0
2 2 154 175 1 3 0
2 2 155 172 2 0 0
2 2 155 173 2 1 0
2 2 155 174 2 2 0.980235
2 2 155 175 2 3 0
2 2 156 172 3 0 0
2 2 156 173 3 1 0
2 2 156 174 3 2 0
2 2 156 175 3 3 0.999336
2 3 127 135 0 0 0.950231
2 3 127 136 0 1 0
2 3 127 137 0 2 0
2 3 127 138 0 3 0
2 3 128 135 1 0 0
2 3 128 136 1 1 0.960493
2 3 128 137 1 2 0
2 3 128 138 1 3 0
2 3 129 135 2 0 0
2 3 129 136 2 1 0
2 3 129 137 2 2 0.92061
2 3 129 138 2 3 0
2 3 130 135 3 0 0
2 3 130 136 3 1 0
2 3 130 137 3 2 0
2 3 130 138 3 3 0.94761
2 4 127 139 0 0 0.939061
2 4 127 140 0 1 0
2 4 127 141 0 2 0
2 4 127 142 0 3 0
2 4 128 139 1 0 0
2 4 128 140 1 1 0.958585
2 4 128 141 1 2 0
2 4 128 142 1 3 0
2 4 129 139 2 0 0
2 4 129 140 2 1 0
2 4 129 141 2 2 0.92839
2 4 129 142 2 3 0
2 4 130 139 3 0 0
2 4 130 140 3 1 0
2 4 130 141 3 2 0
2 4 130 142 3 3 0.946713
2 5 139 157 0 0 0.971925
2 5 139 158 0 1 0
2 5 139 159 0 2 0
2 5 139 160 0 3 0
2 5 140 157 1 0 0
2 5 140 158 1 1 0.985056
2 5 140 159 1 2 0
2 5 140 160 1 3 0
2 5 141 157 2 0 0
2 5 141 158 2 1 0
2 5 141 159 2 2 0.972535
2 5 141 160 2 3 0
2 5 142 157 3 0 0
2 5 142 158 3 1 0
2 5 142 159 3 2 0
2 5 142 160 3 3 0.977472
2 6 157 176 0 0 0.997927
2 6 157 177 0 1 0
2 6 157 178 0 2 0
2 6 157 179 0 3 0
2 6 158 176 1 0 0
2 6 158 177 1 1 0.999276
2 6 158 178 1 2 0
2 6 158 179 1 3 0
2 6 159 176 2 0 0
2 6 159 177 2 1 0
2 6 159 178 2 2 0.981699
2 6 159 179 2 3 0
2 6 160 176 3 0 0
2 6 160 177 3 1 0
2 6 160 178 3 2 0
2 6 160 179 3 3 0.992186
2 7 131 145 0 0 0.987276
2 7 131 146 0 1 0
2 7 131 147 0 2 0
2 7 131 148 0 3 0
2 7 132 145 1 0 0
2 7 132 146 1 1 0.982468
2 7 132 147 1 2 0
2 7 132 148 1 3 0
2 7 133 145 2 0 0
2 7 133 146 2 1 0
2 7 133 147 2 2 0.969031
2 7 133 148 2 3 0
2 7 134 145 3 0 0
2 7 134 146 3 1 0
2 7 134 147 3 2 0
2 7 134 148 3 3 0.980434
2 8 145 165 0 0 0.973163
2 8 145 166 0 1 0
2 8 145 167 0 2 0
2 8 145 168 0 3 0
2 8 146 165 1 0 0
2 8 146 166 1 1 0.464724
2 8 146 167 1 2 0
2 8 146 168 1 3 0.284844
2 8 147 165 2 0 0
2 8 147 166 2 1 0
2 8 147 167 2 2 0.997975
2 8 147 168 2 3 0
2 8 148 165 3 0 0
2 8 148 166 3 1 0
2 8 148 167 3 2 0
2 8 148 168 3 3 0.518281
2 9 165 180 0 0 0.986011
2 9 165 181 0 1 0
2 9 165 182 0 2 0
2 9 166 180 1 0 0
2 9 166 181 1 1 0
2 9 166 182 1 2 0
2 9 167 180 2 0 0
2 9 167 181 2 1 0.944072
2 9 167 182 2 2 0
2 9 168 180 3 0 0
2 9 168 181 3 1 0
2 9 168 182 3 2 0.872575
2 10 145 161 0 0 0
2 10 145 162 0 1 0
2 10 146 161 1 0 0
2 10 146 162 1 1 0
2 10 147 161 2 0 0.987226
2 10 147 162 2 1 0
2 10 148 161 3 0 0
2 10 148 162 3 1 0.99613
2 11 131 149 0 0 0.968707
2 11 131 150 0 1 0
2 11 131 151 0 2 0
2 11 131 152 0 3 0
2 11 132 149 1 0 0
2 11 132 150 1 1 0.99719
2 11 132 151 1 2 0
2 11 132 152 1 3 0
2 11 133 149 2 0 0
2 11 133 150 2 1 0
2 11 133 151 2 2 0.965724
2 11 133 152 2 3 0
2 11 134 149 3 0 0
2 11 134 150 3 1 0
2 11 134 151 3 2 0
2 11 134 152 3 3 0.980992
2 12 149 169 0 0 0.986721
2 12 149 170 0 1 0
2 12 149 171 0 2 0
2 12 150 169 1 0 0
2 12 150 170 1 1 0.985618
2 12 150 171 1 2 0
2 12 151 169 2 0 0
2 12 151 170 2 1 0
2 12 151 171 2 2 0
2 12 152 169 3 0 0
2 12 152 170 3 1 0
2 12 152 171 3 2 0.972688
2 13 169 183 0 0 0.983392
2 13 169 184 0 1 0
2 13 169 185 0 2 0
2 13 170 183 1 0 0
2 13 170 184 1 1 0.929262
2 13 170 185 1 2 0
2 13 171 183 2 0 0
2 13 171 184 2 1 0
2 13 171 185 2 2 0.875848
2 14 149 163 0 0 0
2 14 149 164 0 1 0
2 14 150 163 1 0 0.991611
2 14 150 164 1 1 0
2 14 151 163 2 0 0
2 14 151 164 2 1 0
2 14 152 163 3 0 0
2 14 152 164 3 1 0.963454
2 15 131 143 0 0 0
2 15 131 144 0 1 0
2 15 132 143 1 0 0
2 15 132 144 1 1 0.984365
2 15 133 143 2 0 0.934796
2 15 133 144 2 1 0
2 15 134 143 3 0 0
2 15 134 144 3 1 0
2 16 176 186 0 0 0.977442
2 16 176 187 0 1 0
2 16 176 188 0 2 0
2 16 176 189 0 3 0
2 16 177 186 1 0 0
2 16 177 187 1 1 0.957602
2 16 177 188 1 2 0
2 16 177 189 1 3 0
2 16 178 186 2 0 0
2 16 178 187 2 1 0
2 16 178 188 2 2 0.838423
2 16 178 189 2 3 0
2 16 179 186 3 0 0
2 16 179 187 3 1 0
2 16 179 188 3 2 0
2 16 179 189 3 3 0.711415
2 17 172 190 0 0 0.860299
2 17 172 191 0 1 0
2 17 172 192 0 2 0
2 17 172 193 0 3 0
2 17 173 190 1 0 0
2 17 173 191 1 1 0.832805
2 17 173 192 1 2 0
2 17 173 193 1 3 0
2 17 174 190 2 0 0
2 17 174 191 2 1 0
2 17 174 192 2 2 0.934843
2 17 174 193 2 3 0
2 17 175 190 3 0 0
2 17 175 191 3 1 0
2 17 175 192 3 2 0
2 17 175 193 3 3 0.717539
3 0 198 194 0 0 0
3 0 198 195 0 1 0
3 0 198 196 0 2 0
3 0 198 197 0 3 0.993888
3 0 199 194 1 0 0
3 0 199 195 1 1 0
3 0 199 196 1 2 0.972411
3 0 199 197 1 3 0
3 0 200 194 2 0 0.986617
3 0 200 195 2 1 0
3 0 200 196 2 2 0
3 0 200 197 2 3 0
3 0 201 194 3 0 0
3 0 201 195 3 1 0.92413
3 0 201 196 3 2 0
3 0 201 197 3 3 0
3 1 202 221 0 0 0.937095
3 1 202 222 0 1 0
3 1 202 223 0 2 0
3 1 202 224 0 3 0
3 1 203 221 1 0 0
3 1 203 222 1 1 0.966943
3 1 203 223 1 2 0
3 1 203 224 1 3 0
3 1 204 221 2 0 0
3 1 204 222 2 1 0
3 1 204 223 2 2 0.985931
3 1 204 224 2 3 0
3 1 205 221 3 0 0
3 1 205 222 3 1 0
3 1 205 223 3 2 0
3 1 205 224 3 3 0.967855
3 2 221 242 0 0 0.898295
3 2 221 243 0 1 0
3 2 221 244 0 2 0
3 2 221 245 0 3 0
3 2 222 242 1 0 0
3 2 222 243 1 1 0.964483
3 2 222 244 1 2 0
3 2 222 245 1 3 0
3 2 223 242 2 0 0
3 2 223 243 2 1 0
3 2 223 244 2 2 0.994635
3 2 223 245 2 3 0
3 2 224 242 3 0 0
3 2 224 243 3 1 0
3 2 224 244 3 2 0
3 2 224 245 3 3 0.994863
3 3 194 202 0 0 0.879287
3 3 194 203 0 1 0
3 3 194 204 0 2 0
3 3 194 205 0 3 0
3 3 195 202 1 0 0
3 3 195 203 1 1 0.844587
3 3 195 204 1 2 0
3 3 195 205 1 3 0
3 3 196 202 2 0 0
3 3 196 203 2 1 0
3 3 196 204 2 2 0.898423
3 3 196 205 2 3 0
3 3 197 202 3 0 0
3 3 197 203 3 1 0
3 3 197 204 3 2 0
3 3 197 205 3 3 0.890864
3 4 194 206 0 0 0.874816
3 4 194 207 0 1 0
3 4 194 208 0 2 0
3 4 194 209 0 3 0
3 4 195 206 1 0 0
3 4 195 207 1 1 0.824338
3 4 195 208 1 2 0
3 4 195 209 1 3 0
3 4 196 206 2 0 0
3 4 196 207 2 1 0
3 4 196 208 2 2 0.904532
3 4 196 209 2 3 0
3 4 197 206 3 0 0
3 4 197 207 3 1 0
3 4 197 208 3 2 0
3 4 197 209 3 3 0.890397
3 5 206 225 0 0 0.297161
3 5 206 226 0 1 0.532212
3 5 206 227 0 2 0
3 5 206 228 0 3 0
3 5 206 229 0 4 0
3 5 207 225 1 0 0
3 5 207 226 1 1 0
3 5 207 227 1 2 0.945575
3 5 207 228 1 3 0
3 5 207 229 1 4 0
3 5 208 225 2 0 0.279219
3 5 208 226 2 1 0
3 5 208 227 2 2 0
3 5 208 228 2 3 0.560457
3 5 208 229 2 4 0
3 5 209 225 3 0 0
3 5 209 226 3 1 0
3 5 209 227 3 2 0
3 5 209 228 3 3 0
3 5 209 229 3 4 0.98276
3 6 225 246 0 0 0
3 6 225 247 0 1 0
3 6 225 248 0 2 0.461708
3 6 225 249 0 3 0
3 6 226 246 1 0 0.899676
3 6 226 247 1 1 0
3 6 226 248 1 2 0
3 6 226 249 1 3 0
3 6 227 246 2 0 0
3 6 227 247 2 1 0.977352
3 6 227 248 2 2 0
3 6 227 249 2 3 0
3 6 228 246 3 0 0
3 6 228 247 3 1 0
3 6 228 248 3 2 0.538292
3 6 228 249 3 3 0
3 6 229 246 4 0 0
3 6 229 247 4 1 0
3 6 229 248 4 2 0
3 6 229 249 4 3 0.997905
3 7 198 212 0 0 0.51802
3 7 198 213 0 1 0
3 7 198 214 0 2 0.258621
3 7 198 215 0 3 0
3 7 199 212 1 0 0
3 7 199 213 1 1 0.963719
3 7 199 214 1 2 0
3 7 199 215 1 3 0
3 7 200 212 2 0 0
3 7 200 213 2 1 0
3 7 200 214 2 2 0.508261
3 7 200 215 2 3 0
3 7 201 212 3 0 0
3 7 201 213 3 1 0
3 7 201 214 3 2 0
3 7 201 215 3 3 0.952708
3 8 212 236 0 0 0
3 8 212 237 0 1 0
3 8 212 238 0 2 0.982909
3 8 213 236 1 0 0
3 8 213 237 1 1 0
3 8 213 238 1 2 0
3 8 214 236 2 0 0.973955
3 8 214 237 2 1 0
3 8 214 238 2 2 0
3 8 215 236 3 0 0
3 8 215 237 3 1 0.998629
3 8 215 238 3 2 0
3 9 236 250 0 0 0.905094
3 9 236 251 0 1 0
3 9 237 250 1 0 0
3 9 237 251 1 1 0.995295
3 9 238 250 2 0 0
3 9 238 251 2 1 0
3 10 212 230 0 0 0.535462
3 10 212 231 0 1 0
3 10 212 232 0 2 0
3 10 213 230 1 0 0
3 10 213 231 1 1 0
3 10 213 232 1 2 0
3 10 214 230 2 0 0.268837
3 10 214 231 2 1 0
3 10 214 232 2 2 0.504262
3 10 215 230 3 0 0
3 10 215 231 3 1 0.978092
3 10 215 232 3 2 0
3 11 198 216 0 0 0.970967
3 11 198 217 0 1 0
3 11 198 218 0 2 0
3 11 198 219 0 3 0
3 11 198 220 0 4 0
3 11 199 216 1 0 0
3 11 199 217 1 1 0
3 11 199 218 1 2 0
3 11 199 219 1 3 0.986072
3 11 199 220 1 4 0
3 11 200 216 2 0 0
3 11 200 217 2 1 0
3 11 200 218 2 2 0
3 11 200 219 2 3 0
3 11 200 220 2 4 0.907214
3 11 201 216 3 0 0
3 11 201 217 3 1 0.930376
3 11 201 218 3 2 0
3 11 201 219 3 3 0
3 11 201 220 3 4 0
3 12 216 239 0 0 0
3 12 216 240 0 1 0
3 12 216 241 0 2 0.958288
3 12 217 239 1 0 0
3 12 217 240 1 1 0
3 12 217 241 1 2 0
3 12 218 239 2 0 0.787688
3 12 218 240 2 1 0
3 12 218 241 2 2 0
3 12 219 239 3 0 0
3 12 219 240 3 1 0.979678
3 12 219 241 3 2 0
3 12 220 239 4 0 0
3 12 220 240 4 1 0
3 12 220 241 4 2 0
3 13 239 252 0 0 0.704236
3 13 239 253 0 1 0
3 13 239 254 0 2 0
3 13 240 252 1 0 0
3 13 240 253 1 1 0.961586
3 13 240 254 1 2 0
3 13 241 252 2 0 0
3 13 241 253 2 1 0
3 13 241 254 2 2 0.997355
3 14 216 233 0 0 0.958588
3 14 216 234 0 1 0
3 14 216 235 0 2 0
3 14 217 233 1 0 0
3 14 217 234 1 1 0
3 14 217 235 1 2 0
3 14 218 233 2 0 0
3 14 218 234 2 1 0
3 14 218 235 2 2 0.424118
3 14 219 233 3 0 0
3 14 219 234 3 1 0.985756
3 14 219 235 3 2 0
3 14 220 233 4 0 0
3 14 220 234 4 1 0
3 14 220 235 4 2 0.575882
3 15 198 210 0 0 0
3 15 198 211 0 1 0
3 15 199 210 1 0 0.947593
3 15 199 211 1 1 0
3 15 200 210 2 0 0
3 15 200 211 2 1 0
3 15 201 210 3 0 0
3 15 201 211 3 1 0.953338
3 16 246 255 0 0 0
3 16 246 256 0 1 0
3 16 246 257 0 2 0
3 16 247 255 1 0 0.800001
3 16 247 256 1 1 0
3 16 247 257 1 2 0
3 16 248 255 2 0 0
3 16 248 256 2 1 0.998388
3 16 248 257 2 2 0
3 16 249 255 3 0 0
3 16 249 256 3 1 0
3 16 249 257 3 2 0.869424
3 17 242 258 0 0 0.739956
3 17 242 259 0 1 0
3 17 242 260 0 2 0
3 17 243 258 1 0 0
3 17 243 259 1 1 0
3 17 243 260 1 2 0
3 17 244 258 2 0 0
3 17 244 259 2 1 0.903959
3 17 244 260 2 2 0
3 17 245 258 3 0 0
3 17 245 259 3 1 0
3 17 245 260 3 2 0.603034
4 0 265 261 0 0 0
4 0 265 262 0 1 0
4 0 265 263 0 2 0.979106
4 0 265 264 0 3 0
4 0 266 261 1 0 0
4 0 266 262 1 1 0
4 0 266 263 1 2 0
4 0 266 264 1 3 0.981232
4 0 267 261 2 0 0.969666
4 0 267 262 2 1 0
4 0 267 263 2 2 0
4 0 267 264 2 3 0
4 0 268 261 3 0 0
4 0 268 262 3 1 0.975315
4 0 268 263 3 2 0
4 0 268 264 3 3 0
4 1 269 287 0 0 0.986874
4 1 269 288 0 1 0
4 1 269 289 0 2 0
4 1 269 290 0 3 0
4 1 270 287 1 0 0
4 1 270 288 1 1 0.988329
4 1 270 289 1 2 0
4 1 270 290 1 3 0
4 1 271 287 2 0 0
4 1 271 288 2 1 0
4 1 271 289 2 2 0.980091
4 1 271 290 2 3 0
4 1 272 287 3 0 0
4 1 272 288 3 1 0
4 1 272 289 3 2 0
4 1 272 290 3 3 0.956261
4 2 287 305 0 0 0.99636
4 2 287 306 0 1 0
4 2 287 307 0 2 0
4 2 287 308 0 3 0
4 2 288 305 1 0 0
4 2 288 306 1 1 0.984623
4 2 288 307 1 2 0
4 2 288 308 1 3 0
4 2 289 305 2 0 0
4 2 289 306 2 1 0
4 2 289 307 2 2 0.982667
4 2 289 308 2 3 0
4 2 290 305 3 0 0
4 2 290 306 3 1 0
4 2 290 307 3 2 0
4 2 290 308 3 3 0.96879
4 3 261 269 0 0 0.934613
4 3 261 270 0 1 0
4 3 261 271 0 2 0
4 3 261 272 0 3 0
4 3 262 269 1 0 0
4 3 262 270 1 1 0.962847
4 3 262 271 1 2 0
4 3 262 272 1 3 0
4 3 263 269 2 0 0
4 3 263 270 2 1 0
4 3 263 271 2 2 0.880735
4 3 263 272 2 3 0
4 3 264 269 3 0 0
4 3 264 270 3 1 0
4 3 264 271 3 2 0
4 3 264 272 3 3 0.858434
4 4 261 273 0 0 0.933724
4 4 261 274 0 1 0
4 4 261 275 0 2 0
4 4 261 276 0 3 0
4 4 262 273 1 0 0
4 4 262 274 1 1 0.945321
4 4 262 275 1 2 0
4 4 262 276 1 3 0
4 4 263 273 2 0 0
4 4 263 274 2 1 0
4 4 263 275 2 2 0.891077
4 4 263 276 2 3 0
4 4 264 273 3 0 0
4 4 264 274 3 1 0
4 4 264 275 3 2 0
4 4 264 276 3 3 0.863215
4 5 273 291 0 0 0
4 5 273 292 0 1 0.286919
4 5 273 293 0 2 0.256018
4 5 273 294 0 3 0
4 5 274 291 1 0 0.99928
4 5 274 292 1 1 0
4 5 274 293 1 2 0
4 5 274 294 1 3 0
4 5 275 291 2 0 0
4 5 275 292 2 1 0.25536
4 5 275 293 2 2 0.287148
4 5 275 294 2 3 0
4 5 276 291 3 0 0
4 5 276 292 3 1 0
4 5 276 293 3 2 0
4 5 276 294 3 3 0.982054
4 6 291 309 0 0 0.98743
4 6 291 310 0 1 0
4 6 291 311 0 2 0
4 6 291 312 0 3 0
4 6 292 309 1 0 0
4 6 292 310 1 1 0.524646
4 6 292 311 1 2 0.252004
4 6 292 312 1 3 0
4 6 293 309 2 0 0
4 6 293 310 2 1 0
4 6 293 311 2 2 0.523783
4 6 293 312 2 3 0
4 6 294 309 3 0 0
4 6 294 310 3 1 0
4 6 294 311 3 2 0
4 6 294 312 3 3 0.972959
4 7 265 279 0 0 0.971084
4 7 265 280 0 1 0
4 7 265 281 0 2 0
4 7 265 282 0 3 0
4 7 266 279 1 0 0
4 7 266 280 1 1 0.983394
4 7 266 281 1 2 0
4 7 266 282 1 3 0
4 7 267 279 2 0 0
4 7 267 280 2 1 0
4 7 267 281 2 2 0.982972
4 7 267 282 2 3 0
4 7 268 279 3 0 0
4 7 268 280 3 1 0
4 7 268 281 3 2 0
4 7 268 282 3 3 0.982282
4 8 279 300 0 0 0
4 8 279 301 0 1 0
4 8 280 300 1 0 0
4 8 280 301 1 1 0.503276
4 8 281 300 2 0 0.997089
4 8 281 301 2 1 0
4 8 282 300 3 0 0
4 8 282 301 3 1 0.496724
4 9 300 313 0 0 0.988979
4 9 300 314 0 1 0
4 9 300 315 0 2 0
4 9 301 313 1 0 0
4 9 301 314 1 1 0.491748
4 9 301 315 1 2 0.508252
4 10 279 295 0 0 0
4 10 279 296 0 1 0
4 10 280 295 1 0 0.992719
4 10 280 296 1 1 0
4 10 281 295 2 0 0
4 10 281 296 2 1 0
4 10 282 295 3 0 0
4 10 282 296 3 1 0.949144
4 11 265 283 0 0 0.95977
4 11 265 284 0 1 0
4 11 265 285 0 2 0
4 11 265 286 0 3 0
4 11 266 283 1 0 0
4 11 266 284 1 1 0
4 11 266 285 1 2 0
4 11 266 286 1 3 0.967417
4 11 267 283 2 0 0
4 11 267 284 2 1 0.985024
4 11 267 285 2 2 0
4 11 267 286 2 3 0
4 11 268 283 3 0 0
4 11 268 284 3 1 0
4 11 268 285 3 2 0.977482
4 11 268 286 3 3 0
4 12 283 302 0 0 0
4 12 283 303 0 1 0.513435
4 12 283 304 0 2 0
4 12 284 302 1 0 0
4 12 284 303 1 1 0.486565
4 12 284 304 1 2 0
4 12 285 302 2 0 0.999307
4 12 285 303 2 1 0
4 12 285 304 2 2 0
4 12 286 302 3 0 0
4 12 286 303 3 1 0
4 12 286 304 3 2 0.986683
4 13 302 316 0 0 0.959015
4 13 302 317 0 1 0
4 13 302 318 0 2 0
4 13 302 319 0 3 0
4 13 303 316 1 0 0
4 13 303 317 1 1 0.501461
4 13 303 318 1 2 0.498539
4 13 303 319 1 3 0
4 13 304 316 2 0 0
4 13 304 317 2 1 0
4 13 304 318 2 2 0
4 13 304 319 2 3 0.997992
4 14 283 297 0 0 0.283288
4 14 283 298 0 1 0
4 14 283 299 0 2 0.250004
4 14 284 297 1 0 0.25029
4 14 284 298 1 1 0
4 14 284 299 1 2 0.283098
4 14 285 297 2 0 0
4 14 285 298 2 1 0
4 14 285 299 2 2 0
4 14 286 297 3 0 0
4 14 286 298 3 1 0.639627
4 14 286 299 3 2 0
4 15 265 277 0 0 0
4 15 265 278 0 1 0
4 15 266 277 1 0 0
4 15 266 278 1 1 0
4 15 267 277 2 0 0.987553
4 15 267 278 2 1 0
4 15 268 277 3 0 0
4 15 268 278 3 1 0.950781
4 16 309 320 0 0 0.995508
4 16 309 321 0 1 0
4 16 309 322 0 2 0
4 16 309 323 0 3 0
4 16 310 320 1 0 0
4 16 310 321 1 1 0.951152
4 16 310 322 1 2 0
4 16 310 323 1 3 0
4 16 311 320 2 0 0
4 16 311 321 2 1 0
4 16 311 322 2 2 0.962637
4 16 311 323 2 3 0
4 16 312 320 3 0 0
4 16 312 321 3 1 0
4 16 312 322 3 2 0
4 16 312 323 3 3 0.799861
4 17 305 324 0 0 0.978354
4 17 305 325 0 1 0
4 17 305 326 0 2 0
4 17 305 327 0 3 0
4 17 306 324 1 0 0
4 17 306 325 1 1 0.920063
4 17 306 326 1 2 0
4 17 306 327 1 3 0
4 17 307 324 2 0 0
4 17 307 325 2 1 0
4 17 307 326 2 2 0.818231
4 17 307 327 2 3 0
4 17 308 324 3 0 0
4 17 308 325 3 1 0
4 17 308 326 3 2 0
4 17 308 327 3 3 0.900283
E jointIdx viewA viewB aOverAllIdx bOverallIdx score
0 0 1 0 64 0.496499
0 0 1 0 65 0.832788
0 0 1 0 66 0.0414876
0 0 1 0 67 -1
0 0 1 1 64 0.717144
0 0 1 1 65 -1
0 0 1 1 66 0.981677
0 0 1 1 67 0.189955
0 0 1 2 64 0.660329
0 0 1 2 65 -0.998673
0 0 1 2 66 0.774539
0 0 1 2 67 0.563805
0 0 1 3 64 -1
0 0 1 3 65 -1
0 0 1 3 66 -1
0 0 1 3 67 0.900342
0 0 2 0 127 -1
0 0 2 0 128 0.856474
0 0 2 0 129 0.558242
0 0 2 0 130 -1
0 0 2 1 127 0.519502
0 0 2 1 128 -1
0 0 2 1 129 -1
0 0 2 1 130 -1
0 0 2 2 127 -1
0 0 2 2 128 -1
0 0 2 2 129 -1
0 0 2 2 130 0.798619
0 0 2 3 127 -1
0 0 2 3 128 0.746223
0 0 2 3 129 -1
0 0 2 3 130 -1
0 0 3 0 194 0.833776
0 0 3 0 195 -1
0 0 3 0 196 -1
0 0 3 0 197 0.671938
0 0 3 1 194 -1
0 0 3 1 195 0.664262
0 0 3 1 196 -1
0 0 3 1 197 -1
0 0 3 2 194 -1
0 0 3 2 195 -1
0 0 3 2 196 0.855083
0 0 3 2 197 -1
0 0 3 3 194 0.929191
0 0 3 3 195 -1
0 0 3 3 196 -1
0 0 3 3 197 0.939152
0 0 4 0 261 0.936965
0 0 4 0 262 -1
0 0 4 0 263 0.870441
0 0 4 0 264 -1
0 0 4 1 261 -1
0 0 4 1 262 -1
0 0 4 1 263 -1
0 0 4 1 264 0.772402
0 0 4 2 261 0.724291
0 0 4 2 262 -1
0 0 4 2 263 0.741612
0 0 4 2 264 -1
0 0 4 3 261 -1
0 0 4 3 262 0.632719
0 0 4 3 263 -1
0 0 4 3 264 -1
0 1 2 64 127 0.807171
0 1 2 64 128 0.381393
0 1 2 64 129 -1
0 1 2 64 130 -1
0 1 2 65 127 -1
0 1 2 65 128 -1
0 1 2 65 129 0.574078
0 1 2 65 130 0.508699
0 1 2 66 127 -1
0 1 2 66 128 -1
0 1 2 66 129 -1
0 1 2 66 130 0.949063
0 1 2 67 127 -1
0 1 2 67 128 0.447533
0 1 2 67 129 -1
0 1 2 67 130 -1
0 1 3 64 194 0.783978
0 1 3 64 195 0.923991
0 1 3 64 196 -1
0 1 3 64 197 -1
0 1 3 65 194 0.259872
0 1 3 65 195 -1
0 1 3 65 196 0.680697
0 1 3 65 197 0.865022
0 1 3 66 194 -1
0 1 3 66 195 -1
0 1 3 66 196 0.954037
0 1 3 66 197 0.780567
0 1 3 67 194 0.925635
0 1 3 67 195 0.679063
0 1 3 67 196 -1
0 1 3 67 197 -1
0 1 4 64 261 -1
0 1 4 64 262 0.729321
0 1 4 64 263 -1
0 1 4 64 264 0.970455
0 1 4 65 261 -1
0 1 4 65 262 -1
0 1 4 65 263 0.492892
0 1 4 65 264 -1
0 1 4 66 261 0.696673
0 1 4 66 262 -1
0 1 4 66 263 -1
0 1 4 66 264 -1
0 1 4 67 261 -1
0 1 4 67 262 0.771855
0 1 4 67 263 -1
0 1 4 67 264 0.264408
0 2 3 127 194 -1
0 2 3 127 195 0.793378
0 2 3 127 196 -1
0 2 3 127 197 -1
0 2 3 128 194 0.741058
0 2 3 128 195 -1
0 2 3 128 196 -1
0 2 3 128 197 -1
0 2 3 129 194 0.533343
0 2 3 129 195 -1
0 2 3 129 196 -1
0 2 3 129 197 0.959061
0 2 3 130 194 -1
0 2 3 130 195 -1
0 2 3 130 196 0.927197
0 2 3 130 197 -1
0 2 4 127 261 -1
0 2 4 127 262 0.670427
0 2 4 127 263 -1
0 2 4 127 264 0.793685
0 2 4 128 261 -1
0 2 4 128 262 0.804463
0 2 4 128 263 -1
0 2 4 128 264 0.542626
0 2 4 129 261 -1
0 2 4 129 262 -1
0 2 4 129 263 0.924699
0 2 4 129 264 -1
0 2 4 130 261 0.849431
0 2 4 130 262 -1
0 2 4 130 263 -1
0 2 4 130 264 -1
0 3 4 194 261 0.205568
0 3 4 194 262 0.957408
0 3 4 194 263 -1
0 3 4 194 264 -1
0 3 4 195 261 0.154584
0 3 4 195 262 0.132009
0 3 4 195 263 0.174123
0 3 4 195 264 0.353638
0 3 4 196 261 0.396277
0 3 4 196 262 0.041555
0 3 4 196 263 -1
0 3 4 196 264 0.340771
0 3 4 197 261 0.0380291
0 3 4 197 262 -1
0 3 4 197 263 0.873457
0 3 4 197 264 0.286765
1 0 1 4 68 0.199219
1 0 1 4 69 0.170122
1 0 1 4 70 0.0840018
1 0 1 4 71 0.062372
1 0 1 5 68 0.190641
1 0 1 5 69 0.17668
1 0 1 5 70 0.0851294
1 0 1 5 71 0.061855
1 0 1 6 68 0.125987
1 0 1 6 69 0.160147
1 0 1 6 70 0.091682
1 0 1 6 71 0.0952694
1 0 1 7 68 -0.699324
1 0 1 7 69 -0.649209
1 0 1 7 70 0.15715
1 0 1 7 71 0.301496
1 0 2 4 131 -1
1 0 2 4 132 -1
1 0 2 4 133 -1
1 0 2 4 134 0.843137
1 0 2 5 131 -1
1 0 2 5 132 0.0142189
1 0 2 5 133 0.935404
1 0 2 5 134 -1
1 0 2 6 131 -1
1 0 2 6 132 0.852833
1 0 2 6 133 -1
1 0 2 6 134 -1
1 0 2 7 131 0.972786
1 0 2 7 132 0.0320945
1 0 2 7 133 -1
1 0 2 7 134 -1
1 0 3 4 198 0.0998284
1 0 3 4 199 0.136325
1 0 3 4 200 0.0741379
1 0 3 4 201 0.0536585
1 0 3 5 198 0.118498
1 0 3 5 199 0.100975
1 0 3 5 200 0.0833023
1 0 3 5 201 0.0639672
1 0 3 6 198 0.0887654
1 0 3 6 199 0.0692155
1 0 3 6 200 0.10615
1 0 3 6 201 0.104998
1 0 3 7 198 0.0567946
1 0 3 7 199 0.0655845
1 0 3 7 200 0.10279
1 0 3 7 201 0.148116
1 0 4 4 265 0.276883
1 0 4 4 266 -0.641735
1 0 4 4 267 0.296872
1 0 4 4 268 0.331565
1 0 4 5 265 0.2853
1 0 4 5 266 -0.756246
1 0 4 5 267 0.260067
1 0 4 5 268 0.439593
1 0 4 6 265 0.183141
1 0 4 6 266 -1
1 0 4 6 267 0.174871
1 0 4 6 268 0.55733
1 0 4 7 265 0.00814117
1 0 4 7 266 0.826867
1 0 4 7 267 0.0186278
1 0 4 7 268 -0.655283
1 1 2 68 131 -1
1 1 2 68 132 -1
1 1 2 68 133 0.802572
1 1 2 68 134 0.16842
1 1 2 69 131 -1
1 1 2 69 132 -1
1 1 2 69 133 -1
1 1 2 69 134 0.839404
1 1 2 70 131 -1
1 1 2 70 132 0.709012
1 1 2 70 133 -1
1 1 2 70 134 -1
1 1 2 71 131 0.741269
1 1 2 71 132 0.0223063
1 1 2 71 133 -1
1 1 2 71 134 -1
1 1 3 68 198 0.0958835
1 1 3 68 199 0.101944
1 1 3 68 200 0.0755382
1 1 3 68 201 0.058361
1 1 3 69 198 0.0975982
1 1 3 69 199 0.0929778
1 1 3 69 200 0.0773585
1 1 3 69 201 0.0657481
1 1 3 70 198 0.0882743
1 1 3 70 199 0.0830164
1 1 3 70 200 0.0924934
1 1 3 70 201 0.0718478
1 1 3 71 198 0.0542229
1 1 3 71 199 0.0591689
1 1 3 71 200 0.093379
1 1 3 71 201 0.14631
1 1 4 68 265 0.52917
1 1 4 68 266 -1
1 1 4 68 267 -1
1 1 4 68 268 -1
1 1 4 69 265 -1
1 1 4 69 266 -1
1 1 4 69 267 0.951106
1 1 4 69 268 -1
1 1 4 70 265 -1
1 1 4 70 266 0.941402
1 1 4 70 267 -1
1 1 4 70 268 0.695061
1 1 4 71 265 -1
1 1 4 71 266 0.900938
1 1 4 71 267 -1
1 1 4 71 268 0.870247
1 2 3 131 198 -1
1 2 3 131 199 -1
1 2 3 131 200 -1
1 2 3 131 201 0.956183
1 2 3 132 198 -1
1 2 3 132 199 -1
1 2 3 132 200 0.782906
1 2 3 132 201 -1
1 2 3 133 198 0.802338
1 2 3 133 199 -1
1 2 3 133 200 -1
1 2 3 133 201 -1
1 2 3 134 198 -1
1 2 3 134 199 0.984242
1 2 3 134 200 -1
1 2 3 134 201 -1
1 2 4 131 265 -1
1 2 4 131 266 0.762823
1 2 4 131 267 -1
1 2 4 131 268 0.0252557
1 2 4 132 265 -1
1 2 4 132 266 -1
1 2 4 132 267 -1
1 2 4 132 268 0.992523
1 2 4 133 265 0.771947
1 2 4 133 266 -1
1 2 4 133 267 0.527795
1 2 4 133 268 -1
1 2 4 134 265 0.00486195
1 2 4 134 266 -1
1 2 4 134 267 0.874029
1 2 4 134 268 -1
1 3 4 198 265 0.106353
1 3 4 198 266 0.119322
1 3 4 198 267 0.0644489
1 3 4 198 268 0.0489475
1 3 4 199 265 0.0751754
1 3 4 199 266 0.0555389
1 3 4 199 267 0.103179
1 3 4 199 268 0.102998
1 3 4 200 265 0.0699268
1 3 4 200 266 0.0573415
1 3 4 200 267 0.100699
1 3 4 200 268 0.110943
1 3 4 201 265 0.0873326
1 3 4 201 266 0.103554
1 3 4 201 267 0.0731134
1 3 4 201 268 0.0776121
2 0 1 8 72 0.85263
2 0 1 8 73 0.340994
2 0 1 8 74 -1
2 0 1 8 75 -1
2 0 1 9 72 -1
2 0 1 9 73 0.829623
2 0 1 9 74 0.10336
2 0 1 9 75 0.631509
2 0 1 10 72 -0.800822
2 0 1 10 73 0.568418
2 0 1 10 74 0.440755
2 0 1 10 75 0.714439
2 0 1 11 72 -1
2 0 1 11 73 -0.880411
2 0 1 11 74 0.867074
2 0 1 11 75 -1
2 0 2 8 135 -1
2 0 2 8 136 0.417887
2 0 2 8 137 0.914889
2 0 2 8 138 -1
2 0 2 9 135 0.397692
2 0 2 9 136 -1
2 0 2 9 137 -1
2 0 2 9 138 -1
2 0 2 10 135 -1
2 0 2 10 136 -1
2 0 2 10 137 -1
2 0 2 10 138 0.835345
2 0 2 11 135 -1
2 0 2 11 136 0.58507
2 0 2 11 137 -1
2 0 2 11 138 -1
2 0 3 8 202 0.939225
2 0 3 8 203 -1
2 0 3 8 204 -1
2 0 3 8 205 0.779321
2 0 3 9 202 -1
2 0 3 9 203 0.660236
2 0 3 9 204 -1
2 0 3 9 205 -1
2 0 3 10 202 -1
2 0 3 10 203 -1
2 0 3 10 204 0.810204
2 0 3 10 205 -1
2 0 3 11 202 0.705438
2 0 3 11 203 -1
2 0 3 11 204 -1
2 0 3 11 205 0.383129
2 0 4 8 269 0.638626
2 0 4 8 270 -1
2 0 4 8 271 0.764069
2 0 4 8 272 -1
2 0 4 9 269 -1
2 0 4 9 270 -1
2 0 4 9 271 -1
2 0 4 9 272 0.728904
2 0 4 10 269 0.942402
2 0 4 10 270 -1
2 0 4 10 271 0.685935
2 0 4 10 272 -1
2 0 4 11 269 -1
2 0 4 11 270 0.565765
2 0 4 11 271 -1
2 0 4 11 272 -1
2 1 2 72 135 -1
2 1 2 72 136 -1
2 1 2 72 137 0.987225
2 1 2 72 138 0.00222355
2 1 2 73 135 0.458681
2 1 2 73 136 0.801898
2 1 2 73 137 -1
2 1 2 73 138 -1
2 1 2 74 135 -1
2 1 2 74 136 0.073024
2 1 2 74 137 -1
2 1 2 74 138 -1
2 1 2 75 135 -1
2 1 2 75 136 -1
2 1 2 75 137 -1
2 1 2 75 138 0.952787
2 1 3 72 202 0.167593
2 1 3 72 203 -1
2 1 3 72 204 0.762071
2 1 3 72 205 0.922255
2 1 3 73 202 0.841663
2 1 3 73 203 0.998737
2 1 3 73 204 -1
2 1 3 73 205 -1
2 1 3 74 202 0.944599
2 1 3 74 203 0.826198
2 1 3 74 204 -1
2 1 3 74 205 -1
2 1 3 75 202 -1
2 1 3 75 203 -1
2 1 3 75 204 0.865194
2 1 3 75 205 0.925988
2 1 4 72 269 -1
2 1 4 72 270 -1
2 1 4 72 271 0.698805
2 1 4 72 272 -1
2 1 4 73 269 -1
2 1 4 73 270 0.742536
2 1 4 73 271 -1
2 1 4 73 272 0.519348
2 1 4 74 269 -1
2 1 4 74 270 0.835302
2 1 4 74 271 -1
2 1 4 74 272 -1
2 1 4 75 269 0.673397
2 1 4 75 270 -1
2 1 4 75 271 -1
2 1 4 75 272 -1
2 2 3 135 202 -1
2 2 3 135 203 0.728696
2 2 3 135 204 -1
2 2 3 135 205 -1
2 2 3 136 202 0.663785
2 2 3 136 203 -1
2 2 3 136 204 -1
2 2 3 136 205 0.632643
2 2 3 137 202 0.475087
2 2 3 137 203 -1
2 2 3 137 204 -1
2 2 3 137 205 0.869566
2 2 3 138 202 -1
2 2 3 138 203 -1
2 2 3 138 204 0.976598
2 2 3 138 205 -1
2 2 4 135 269 -1
2 2 4 135 270 0.91521
2 2 4 135 271 -1
2 2 4 135 272 0.731231
2 2 4 136 269 -1
2 2 4 136 270 0.433677
2 2 4 136 271 -1
2 2 4 136 272 0.923674
2 2 4 137 269 -1
2 2 4 137 270 -1
2 2 4 137 271 0.528345
2 2 4 137 272 -1
2 2 4 138 269 0.822641
2 2 4 138 270 -1
2 2 4 138 271 -1
2 2 4 138 272 -1
2 3 4 202 269 0.220296
2 3 4 202 270 0.812188
2 3 4 202 271 -1
2 3 4 202 272 -1
2 3 4 203 269 0.147233
2 3 4 203 270 0.0801579
2 3 4 203 271 0.23972
2 3 4 203 272 0.400968
2 3 4 204 269 0.430648
2 3 4 204 270 0.0769247
2 3 4 204 271 -1
2 3 4 204 272 0.0875564
2 3 4 205 269 0.0256092
2 3 4 205 270 -1
2 3 4 205 271 0.789231
2 3 4 205 272 0.552533
3 0 1 12 76 0.565077
3 0 1 12 77 0.683675
3 0 1 12 78 -1
3 0 1 13 76 0.446773
3 0 1 13 77 -1
3 0 1 13 78 0.199215
3 0 1 14 76 0.452767
3 0 1 14 77 0.10946
3 0 1 14 78 0.437773
3 0 1 15 76 -1
3 0 1 15 77 -1
3 0 1 15 78 0.928194
3 0 2 12 139 -1
3 0 2 12 140 0.873729
3 0 2 12 141 0.327771
3 0 2 12 142 -1
3 0 2 13 139 0.68751
3 0 2 13 140 -1
3 0 2 13 141 -1
3 0 2 13 142 -1
3 0 2 14 139 -1
3 0 2 14 140 -1
3 0 2 14 141 -1
3 0 2 14 142 0.760657
3 0 2 15 139 -1
3 0 2 15 140 0.886722
3 0 2 15 141 0.666829
3 0 2 15 142 -1
3 0 3 12 206 0.814485
3 0 3 12 207 -1
3 0 3 12 208 -1
3 0 3 12 209 0.667933
3 0 3 13 206 -1
3 0 3 13 207 0.784546
3 0 3 13 208 -1
3 0 3 13 209 -1
3 0 3 14 206 -1
3 0 3 14 207 -1
3 0 3 14 208 0.834304
3 0 3 14 209 -1
3 0 3 15 206 0.366951
3 0 3 15 207 -1
3 0 3 15 208 -1
3 0 3 15 209 0.295692
3 0 4 12 273 0.729358
3 0 4 12 274 -1
3 0 4 12 275 0.932621
3 0 4 12 276 -1
3 0 4 13 273 -1
3 0 4 13 274 -1
3 0 4 13 275 -1
3 0 4 13 276 0.881465
3 0 4 14 273 0.438765
3 0 4 14 274 -1
3 0 4 14 275 0.82753
3 0 4 14 276 -1
3 0 4 15 273 -1
3 0 4 15 274 0.720898
3 0 4 15 275 -1
3 0 4 15 276 -1
3 1 2 76 139 0.202559
3 1 2 76 140 -1
3 1 2 76 141 -1
3 1 2 76 142 -1
3 1 2 77 139 -1
3 1 2 77 140 -1
3 1 2 77 141 0.084359
3 1 2 77 142 0.929339
3 1 2 78 139 -1
3 1 2 78 140 0.888444
3 1 2 78 141 -1
3 1 2 78 142 -1
3 1 3 76 206 0.382824
3 1 3 76 207 0.902215
3 1 3 76 208 -1
3 1 3 76 209 -1
3 1 3 77 206 0.135209
3 1 3 77 207 -1
3 1 3 77 208 0.640239
3 1 3 77 209 0.888633
3 1 3 78 206 0.481967
3 1 3 78 207 0.578149
3 1 3 78 208 -1
3 1 3 78 209 -1
3 1 4 76 273 -1
3 1 4 76 274 0.668797
3 1 4 76 275 -1
3 1 4 76 276 0.652465
3 1 4 77 273 0.55849
3 1 4 77 274 -1
3 1 4 77 275 0.0449083
3 1 4 77 276 -1
3 1 4 78 273 -1
3 1 4 78 274 0.787438
3 1 4 78 275 -1
3 1 4 78 276 0.641101
3 2 3 139 206 -1
3 2 3 139 207 0.826382
3 2 3 139 208 -1
3 2 3 139 209 -1
3 2 3 140 206 0.0866089
3 2 3 140 207 -1
3 2 3 140 208 -1
3 2 3 140 209 -1
3 2 3 141 206 0.601202
3 2 3 141 207 -1
3 2 3 141 208 -1
3 2 3 141 209 0.78071
3 2 3 142 206 -1
3 2 3 142 207 -1
3 2 3 142 208 0.906949
3 2 3 142 209 -1
3 2 4 139 273 -1
3 2 4 139 274 0.303936
3 2 4 139 275 -1
3 2 4 139 276 0.832792
3 2 4 140 273 -1
3 2 4 140 274 0.792268
3 2 4 140 275 -1
3 2 4 140 276 0.306242
3 2 4 141 273 -1
3 2 4 141 274 -1
3 2 4 141 275 0.67825
3 2 4 141 276 -1
3 2 4 142 273 0.938374
3 2 4 142 274 -1
3 2 4 142 275 -1
3 2 4 142 276 -1
3 3 4 206 273 0.219289
3 3 4 206 274 0.853174
3 3 4 206 275 -1
3 3 4 206 276 -1
3 3 4 207 273 0.152405
3 3 4 207 274 0.128763
3 3 4 207 275 0.154787
3 3 4 207 276 0.352678
3 3 4 208 273 0.379585
3 3 4 208 274 -1
3 3 4 208 275 -1
3 3 4 208 276 0.510619
3 3 4 209 273 0.0374636
3 3 4 209 274 -1
3 3 4 209 275 0.978315
3 3 4 209 276 0.0697092
4 0 1 16 79 0.484135
4 0 1 16 80 0.374844
4 0 1 16 81 0.123782
4 0 1 17 79 0.498037
4 0 1 17 80 0.34204
4 0 1 17 81 0.140373
4 0 1 18 79 -1
4 0 1 18 80 -1
4 0 1 18 81 0.489507
4 0 2 16 143 0.491523
4 0 2 16 144 -1
4 0 2 17 143 0.60895
4 0 2 17 144 0.39105
4 0 2 18 143 -1
4 0 2 18 144 -1
4 0 3 16 210 0.922032
4 0 3 16 211 -1
4 0 3 17 210 0.637262
4 0 3 17 211 -1
4 0 3 18 210 -1
4 0 3 18 211 0.959252
4 0 4 16 277 0.834288
4 0 4 16 278 0.165712
4 0 4 17 277 0.662811
4 0 4 17 278 0.337189
4 0 4 18 277 -1
4 0 4 18 278 -1
4 1 2 79 143 0.700939
4 1 2 79 144 -1
4 1 2 80 143 -1
4 1 2 80 144 0.0303859
4 1 2 81 143 -1
4 1 2 81 144 0.852206
4 1 3 79 210 0.787825
4 1 3 79 211 -1
4 1 3 80 210 0.743011
4 1 3 80 211 -1
4 1 3 81 210 -1
4 1 3 81 211 0.519738
4 1 4 79 277 -1
4 1 4 79 278 -1
4 1 4 80 277 0.830787
4 1 4 80 278 -1
4 1 4 81 277 -1
4 1 4 81 278 0.507931
4 2 3 143 210 -1
4 2 3 143 211 -1
4 2 3 144 210 0.499939
4 2 3 144 211 -1
4 2 4 143 277 0.688358
4 2 4 143 278 -1
4 2 4 144 277 -1
4 2 4 144 278 0.677601
4 3 4 210 277 0.366325
4 3 4 210 278 0.324816
4 3 4 211 277 0.360306
4 3 4 211 278 0.335909
5 0 1 19 82 0.120862
5 0 1 19 83 0.132331
5 0 1 19 84 0.0840531
5 0 1 19 85 0.0587335
5 0 1 20 82 0.118013
5 0 1 20 83 0.135207
5 0 1 20 84 0.0851493
5 0 1 20 85 0.0576586
5 0 1 21 82 0.0400102
5 0 1 21 83 0.00571686
5 0 1 21 84 0.116516
5 0 1 21 85 0.165411
5 0 1 22 82 0.0474305
5 0 1 22 83 0.0260843
5 0 1 22 84 0.105651
5 0 1 22 85 0.158099
5 0 2 19 145 -1
5 0 2 19 146 -1
5 0 2 19 147 -1
5 0 2 19 148 0.995462
5 0 2 20 145 -1
5 0 2 20 146 -1
5 0 2 20 147 0.773297
5 0 2 20 148 0.0825164
5 0 2 21 145 0.880425
5 0 2 21 146 0.164052
5 0 2 21 147 -1
5 0 2 21 148 -1
5 0 2 22 145 0.454747
5 0 2 22 146 0.63595
5 0 2 22 147 -1
5 0 2 22 148 -1
5 0 3 19 212 0.114457
5 0 3 19 213 0.144309
5 0 3 19 214 0.0903904
5 0 3 19 215 0.0534175
5 0 3 20 212 0.130771
5 0 3 20 213 0.108753
5 0 3 20 214 0.0993417
5 0 3 20 215 0.0545371
5 0 3 21 212 0.0654605
5 0 3 21 213 0.0608367
5 0 3 21 214 0.100309
5 0 3 21 215 0.1471
5 0 3 22 212 0.0635935
5 0 3 22 213 0.0603216
5 0 3 22 214 0.0975658
5 0 3 22 215 0.152091
5 0 4 19 279 0.437194
5 0 4 19 280 -0.661475
5 0 4 19 281 0.50985
5 0 4 19 282 0.202171
5 0 4 20 279 0.498279
5 0 4 20 280 -0.609127
5 0 4 20 281 0.418035
5 0 4 20 282 0.198124
5 0 4 21 279 -0.843774
5 0 4 21 280 0.939388
5 0 4 21 281 -0.801212
5 0 4 21 282 0.0271338
5 0 4 22 279 0.364816
5 0 4 22 280 -1
5 0 4 22 281 0.344149
5 0 4 22 282 0.34197
5 1 2 82 145 -1
5 1 2 82 146 -1
5 1 2 82 147 -1
5 1 2 82 148 0.95405
5 1 2 83 145 -1
5 1 2 83 146 -1
5 1 2 83 147 0.861238
5 1 2 83 148 -1
5 1 2 84 145 -1
5 1 2 84 146 0.335953
5 1 2 84 147 -1
5 1 2 84 148 -1
5 1 2 85 145 -1
5 1 2 85 146 0.444226
5 1 2 85 147 -1
5 1 2 85 148 -1
5 1 3 82 212 0.108424
5 1 3 82 213 0.110431
5 1 3 82 214 0.0816603
5 1 3 82 215 0.0492833
5 1 3 83 212 0.103716
5 1 3 83 213 0.103345
5 1 3 83 214 0.0808978
5 1 3 83 215 0.065245
5 1 3 84 212 0.0848712
5 1 3 84 213 0.0805217
5 1 3 84 214 0.109241
5 1 3 84 215 0.0775231
5 1 3 85 212 0.0492989
5 1 3 85 213 0.0525893
5 1 3 85 214 0.0866163
5 1 3 85 215 0.191174
5 1 4 82 279 -1
5 1 4 82 280 -1
5 1 4 82 281 0.869083
5 1 4 82 282 -1
5 1 4 83 279 0.808061
5 1 4 83 280 -1
5 1 4 83 281 -1
5 1 4 83 282 -1
5 1 4 84 279 -1
5 1 4 84 280 0.793585
5 1 4 84 281 -1
5 1 4 84 282 0.584331
5 1 4 85 279 -1
5 1 4 85 280 0.589712
5 1 4 85 281 -1
5 1 4 85 282 0.857183
5 2 3 145 212 -1
5 2 3 145 213 -1
5 2 3 145 214 -1
5 2 3 145 215 0.976713
5 2 3 146 212 -1
5 2 3 146 213 -1
5 2 3 146 214 0.374918
5 2 3 146 215 -1
5 2 3 147 212 0.686519
5 2 3 147 213 -1
5 2 3 147 214 -1
5 2 3 147 215 -1
5 2 3 148 212 -1
5 2 3 148 213 0.963597
5 2 3 148 214 -1
5 2 3 148 215 -1
5 2 4 145 279 -1
5 2 4 145 280 0.823325
5 2 4 145 281 -1
5 2 4 145 282 0.38291
5 2 4 146 279 -1
5 2 4 146 280 -1
5 2 4 146 281 -1
5 2 4 146 282 0.79526
5 2 4 147 279 0.678161
5 2 4 147 280 -1
5 2 4 147 281 0.0202118
5 2 4 147 282 -1
5 2 4 148 279 -1
5 2 4 148 280 -1
5 2 4 148 281 0.959449
5 2 4 148 282 -1
5 3 4 212 279 0.108297
5 3 4 212 280 0.124251
5 3 4 212 281 0.0668165
5 3 4 212 282 0.0434969
5 3 4 213 279 0.0857562
5 3 4 213 280 0.0714304
5 3 4 213 281 0.104397
5 3 4 213 282 0.0919605
5 3 4 214 279 0.0732644
5 3 4 214 280 0.0581656
5 3 4 214 281 0.108689
5 3 4 214 282 0.123712
5 3 4 215 279 0.087015
5 3 4 215 280 0.0971456
5 3 4 215 281 0.0786961
5 3 4 215 282 0.0963603
6 0 1 23 86 0.227304
6 0 1 23 87 0.121283
6 0 1 23 88 0.108534
6 0 1 24 86 0.232849
6 0 1 24 87 0.122552
6 0 1 24 88 0.103709
6 0 1 25 86 0.23199
6 0 1 25 87 0.120988
6 0 1 25 88 0.106199
6 0 1 26 86 -0.681806
6 0 1 26 87 0.113733
6 0 1 26 88 0.226752
6 0 2 23 149 -1
6 0 2 23 150 -1
6 0 2 23 151 -1
6 0 2 23 152 0.57326
6 0 2 24 149 -1
6 0 2 24 150 0.981707
6 0 2 24 151 -1
6 0 2 24 152 -1
6 0 2 25 149 -1
6 0 2 25 150 0.362106
6 0 2 25 151 0.542881
6 0 2 25 152 -1
6 0 2 26 149 0.927874
6 0 2 26 150 -1
6 0 2 26 151 -1
6 0 2 26 152 -1
6 0 3 23 216 0.0756579
6 0 3 23 217 0.053021
6 0 3 23 218 0.086893
6 0 3 23 219 0.107452
6 0 3 23 220 0.0543675
6 0 3 24 216 0.0928172
6 0 3 24 217 0.0693458
6 0 3 24 218 0.0891577
6 0 3 24 219 0.0782495
6 0 3 24 220 0.060807
6 0 3 25 216 0.0868851
6 0 3 25 217 0.0660183
6 0 3 25 218 0.0863353
6 0 3 25 219 0.0883518
6 0 3 25 220 0.0595182
6 0 3 26 216 0.0600724
6 0 3 26 217 0.124364
6 0 3 26 218 0.0562338
6 0 3 26 219 0.0506554
6 0 3 26 220 0.139448
6 0 4 23 283 0.735355
6 0 4 23 284 0.515311
6 0 4 23 285 0.350213
6 0 4 23 286 -0.741381
6 0 4 24 283 0.231851
6 0 4 24 284 0.0857005
6 0 4 24 285 0.621367
6 0 4 24 286 -1
6 0 4 25 283 0.608406
6 0 4 25 284 0.396391
6 0 4 25 285 0.619933
6 0 4 25 286 -1
6 0 4 26 283 -1
6 0 4 26 284 -1
6 0 4 26 285 -0.713679
6 0 4 26 286 0.861057
6 1 2 86 149 -1
6 1 2 86 150 -1
6 1 2 86 151 0.52376
6 1 2 86 152 0.879953
6 1 2 87 149 -1
6 1 2 87 150 0.993582
6 1 2 87 151 -1
6 1 2 87 152 -1
6 1 2 88 149 0.237914
6 1 2 88 150 -1
6 1 2 88 151 -1
6 1 2 88 152 -1
6 1 3 86 216 0.0857133
6 1 3 86 217 0.0748658
6 1 3 86 218 0.0873779
6 1 3 86 219 0.0959949
6 1 3 86 220 0.0773054
6 1 3 87 216 0.0935441
6 1 3 87 217 0.0678289
6 1 3 87 218 0.0956893
6 1 3 87 219 0.0913854
6 1 3 87 220 0.0685746
6 1 3 88 216 0.0766078
6 1 3 88 217 0.112215
6 1 3 88 218 0.0728899
6 1 3 88 219 0.0685832
6 1 3 88 220 0.109091
6 1 4 86 283 0.298865
6 1 4 86 284 0.689304
6 1 4 86 285 -1
6 1 4 86 286 -1
6 1 4 87 283 -1
6 1 4 87 284 -1
6 1 4 87 285 0.932995
6 1 4 87 286 0.602175
6 1 4 88 283 -1
6 1 4 88 284 -1
6 1 4 88 285 0.861785
6 1 4 88 286 0.606452
6 2 3 149 216 -1
6 2 3 149 217 0.968217
6 2 3 149 218 -1
6 2 3 149 219 -1
6 2 3 149 220 -1
6 2 3 150 216 -1
6 2 3 150 217 -1
6 2 3 150 218 0.735751
6 2 3 150 219 -1
6 2 3 150 220 0.0790964
6 2 3 151 216 0.999018
6 2 3 151 217 -1
6 2 3 151 218 -1
6 2 3 151 219 -1
6 2 3 151 220 -1
6 2 3 152 216 -1
6 2 3 152 217 -1
6 2 3 152 218 0.123522
6 2 3 152 219 0.984226
6 2 3 152 220 -1
6 2 4 149 283 -1
6 2 4 149 284 -1
6 2 4 149 285 -1
6 2 4 149 286 0.89311
6 2 4 150 283 -1
6 2 4 150 284 -1
6 2 4 150 285 0.840135
6 2 4 150 286 -1
6 2 4 151 283 0.942175
6 2 4 151 284 0.823462
6 2 4 151 285 -1
6 2 4 151 286 -1
6 2 4 152 283 0.690224
6 2 4 152 284 0.99468
6 2 4 152 285 -1
6 2 4 152 286 -1
6 3 4 216 283 0.0837565
6 3 4 216 284 0.0521718
6 3 4 216 285 0.049454
6 3 4 216 286 0.08098
6 3 4 217 283 0.0743667
6 3 4 217 284 0.0541703
6 3 4 217 285 0.0541357
6 3 4 217 286 0.08357
6 3 4 218 283 0.0573019
6 3 4 218 284 0.0687566
6 3 4 218 285 0.0724306
6 3 4 218 286 0.0623627
6 3 4 219 283 0.0542641
6 3 4 219 284 0.0731899
6 3 4 219 285 0.0782347
6 3 4 219 286 0.0531246
6 3 4 220 283 0.0554806
6 3 4 220 284 0.0841102
6 3 4 220 285 0.0760352
6 3 4 220 286 0.0406239
7 0 1 27 89 0.529911
7 0 1 27 90 0.963836
7 0 1 27 91 -1
7 0 1 27 92 -1
7 0 1 28 89 0.810613
7 0 1 28 90 -1
7 0 1 28 91 -1
7 0 1 28 92 -1
7 0 1 29 89 0.530078
7 0 1 29 90 -1
7 0 1 29 91 0.142603
7 0 1 29 92 0.817136
7 0 1 30 89 -1
7 0 1 30 90 -1
7 0 1 30 91 0.810559
7 0 1 30 92 -1
7 0 2 27 153 -1
7 0 2 27 154 0.523631
7 0 2 27 155 0.912243
7 0 2 27 156 -1
7 0 2 28 153 -1
7 0 2 28 154 -1
7 0 2 28 155 -1
7 0 2 28 156 -1
7 0 2 29 153 -1
7 0 2 29 154 -1
7 0 2 29 155 -1
7 0 2 29 156 0.456002
7 0 2 30 153 -1
7 0 2 30 154 0.815777
7 0 2 30 155 -1
7 0 2 30 156 -1
7 0 3 27 221 0.747105
7 0 3 27 222 -1
7 0 3 27 223 -1
7 0 3 27 224 0.977897
7 0 3 28 221 -1
7 0 3 28 222 0.635708
7 0 3 28 223 -1
7 0 3 28 224 -1
7 0 3 29 221 -1
7 0 3 29 222 -1
7 0 3 29 223 0.717786
7 0 3 29 224 -1
7 0 3 30 221 -1
7 0 3 30 222 -1
7 0 3 30 223 -1
7 0 3 30 224 -1
7 0 4 27 287 0.79348
7 0 4 27 288 -1
7 0 4 27 289 0.967213
7 0 4 27 290 -1
7 0 4 28 287 -1
7 0 4 28 288 -1
7 0 4 28 289 -1
7 0 4 28 290 0.904475
7 0 4 29 287 0.796248
7 0 4 29 288 -1
7 0 4 29 289 0.998186
7 0 4 29 290 -1
7 0 4 30 287 -1
7 0 4 30 288 0.66932
7 0 4 30 289 -1
7 0 4 30 290 -1
7 1 2 89 153 0.857361
7 1 2 89 154 0.998605
7 1 2 89 155 -1
7 1 2 89 156 -1
7 1 2 90 153 -1
7 1 2 90 154 -1
7 1 2 90 155 0.940493
7 1 2 90 156 0.273104
7 1 2 91 153 0.0192587
7 1 2 91 154 0.480985
7 1 2 91 155 -1
7 1 2 91 156 -1
7 1 2 92 153 -1
7 1 2 92 154 -1
7 1 2 92 155 -1
7 1 2 92 156 0.838299
7 1 3 89 221 0.101567
7 1 3 89 222 0.702165
7 1 3 89 223 -1
7 1 3 89 224 -1
7 1 3 90 221 -1
7 1 3 90 222 -1
7 1 3 90 223 0.897091
7 1 3 90 224 0.992501
7 1 3 91 221 0.599016
7 1 3 91 222 0.487689
7 1 3 91 223 -1
7 1 3 91 224 -1
7 1 3 92 221 -1
7 1 3 92 222 -1
7 1 3 92 223 0.986797
7 1 3 92 224 0.864278
7 1 4 89 287 -1
7 1 4 89 288 0.663758
7 1 4 89 289 -1
7 1 4 89 290 -1
7 1 4 90 287 -1
7 1 4 90 288 -1
7 1 4 90 289 0.81357
7 1 4 90 290 -1
7 1 4 91 287 -1
7 1 4 91 288 0.885956
7 1 4 91 289 -1
7 1 4 91 290 -1
7 1 4 92 287 0.832372
7 1 4 92 288 -1
7 1 4 92 289 -1
7 1 4 92 290 -1
7 2 3 153 221 -1
7 2 3 153 222 0.233961
7 2 3 153 223 -1
7 2 3 153 224 -1
7 2 3 154 221 0.13709
7 2 3 154 222 -1
7 2 3 154 223 -1
7 2 3 154 224 -1
7 2 3 155 221 0.869002
7 2 3 155 222 -1
7 2 3 155 223 -1
7 2 3 155 224 0.895972
7 2 3 156 221 -1
7 2 3 156 222 -1
7 2 3 156 223 0.760022
7 2 3 156 224 -1
7 2 4 153 287 -1
7 2 4 153 288 0.597381
7 2 4 153 289 -1
7 2 4 153 290 0.109944
7 2 4 154 287 -1
7 2 4 154 288 0.609865
7 2 4 154 289 -1
7 2 4 154 290 -1
7 2 4 155 287 -1
7 2 4 155 288 -1
7 2 4 155 289 0.648405
7 2 4 155 290 -1
7 2 4 156 287 0.864956
7 2 4 156 288 -1
7 2 4 156 289 -1
7 2 4 156 290 -1
7 3 4 221 287 -1
7 3 4 221 288 0.835248
7 3 4 221 289 -1
7 3 4 221 290 -1
7 3 4 222 287 0.233126
7 3 4 222 288 -1
7 3 4 222 289 0.346002
7 3 4 222 290 0.549732
7 3 4 223 287 0.76554
7 3 4 223 288 -1
7 3 4 223 289 -1
7 3 4 223 290 -1
7 3 4 224 287 -1
7 3 4 224 288 -1
7 3 4 224 289 0.686387
7 3 4 224 290 0.825964
8 0 1 31 93 0.670578
8 0 1 31 94 0.992582
8 0 1 31 95 -1
8 0 1 31 96 -1
8 0 1 32 93 0.603729
8 0 1 32 94 -1
8 0 1 32 95 0.312524
8 0 1 32 96 -1
8 0 1 33 93 0.417136
8 0 1 33 94 -1
8 0 1 33 95 0.886125
8 0 1 33 96 0.175497
8 0 1 34 93 -1
8 0 1 34 94 -1
8 0 1 34 95 -1
8 0 1 34 96 0.925669
8 0 2 31 157 -1
8 0 2 31 158 0.391594
8 0 2 31 159 0.797835
8 0 2 31 160 -1
8 0 2 32 157 0.828372
8 0 2 32 158 -1
8 0 2 32 159 -1
8 0 2 32 160 -1
8 0 2 33 157 -1
8 0 2 33 158 -1
8 0 2 33 159 -1
8 0 2 33 160 0.672646
8 0 2 34 157 -1
8 0 2 34 158 0.903477
8 0 2 34 159 -1
8 0 2 34 160 -1
8 0 3 31 225 0.170152
8 0 3 31 226 0.841242
8 0 3 31 227 -1
8 0 3 31 228 -1
8 0 3 31 229 0.917977
8 0 3 32 225 -1
8 0 3 32 226 -1
8 0 3 32 227 0.963144
8 0 3 32 228 -1
8 0 3 32 229 -1
8 0 3 33 225 -1
8 0 3 33 226 -1
8 0 3 33 227 -1
8 0 3 33 228 0.842323
8 0 3 33 229 -1
8 0 3 34 225 0.861576
8 0 3 34 226 0.275204
8 0 3 34 227 -1
8 0 3 34 228 -1
8 0 3 34 229 -1
8 0 4 31 291 -1
8 0 4 31 292 0.366941
8 0 4 31 293 0.720344
8 0 4 31 294 -1
8 0 4 32 291 -1
8 0 4 32 292 -1
8 0 4 32 293 -1
8 0 4 32 294 0.913729
8 0 4 33 291 -1
8 0 4 33 292 0.763997
8 0 4 33 293 0.765689
8 0 4 33 294 -1
8 0 4 34 291 0.737314
8 0 4 34 292 -1
8 0 4 34 293 -1
8 0 4 34 294 -1
8 1 2 93 157 0.459612
8 1 2 93 158 0.553823
8 1 2 93 159 -1
8 1 2 93 160 -1
8 1 2 94 157 -1
8 1 2 94 158 -1
8 1 2 94 159 0.887512
8 1 2 94 160 0.93796
8 1 2 95 157 -1
8 1 2 95 158 -1
8 1 2 95 159 0.502168
8 1 2 95 160 0.779915
8 1 2 96 157 0.979593
8 1 2 96 158 0.904301
8 1 2 96 159 -1
8 1 2 96 160 -1
8 1 3 93 225 0.281468
8 1 3 93 226 0.2043
8 1 3 93 227 0.921212
8 1 3 93 228 -1
8 1 3 93 229 -1
8 1 3 94 225 -1
8 1 3 94 226 -1
8 1 3 94 227 -1
8 1 3 94 228 0.69012
8 1 3 94 229 0.950594
8 1 3 95 225 -1
8 1 3 95 226 -1
8 1 3 95 227 -1
8 1 3 95 228 0.979704
8 1 3 95 229 0.514512
8 1 3 96 225 0.855915
8 1 3 96 226 0.812143
8 1 3 96 227 0.164538
8 1 3 96 228 -1
8 1 3 96 229 -1
8 1 4 93 291 0.652501
8 1 4 93 292 -1
8 1 4 93 293 -1
8 1 4 93 294 0.911916
8 1 4 94 291 -1
8 1 4 94 292 -1
8 1 4 94 293 0.931026
8 1 4 94 294 -1
8 1 4 95 291 -1
8 1 4 95 292 0.937162
8 1 4 95 293 -1
8 1 4 95 294 -1
8 1 4 96 291 0.882206
8 1 4 96 292 -1
8 1 4 96 293 -1
8 1 4 96 294 0.403188
8 2 3 157 225 -1
8 2 3 157 226 -1
8 2 3 157 227 0.858302
8 2 3 157 228 -1
8 2 3 157 229 -1
8 2 3 158 225 0.764814
8 2 3 158 226 0.388076
8 2 3 158 227 -1
8 2 3 158 228 -1
8 2 3 158 229 -1
8 2 3 159 225 0.490783
8 2 3 159 226 0.969272
8 2 3 159 227 -1
8 2 3 159 228 -1
8 2 3 159 229 0.886453
8 2 3 160 225 -1
8 2 3 160 226 -1
8 2 3 160 227 -1
8 2 3 160 228 0.759522
8 2 3 160 229 -1
8 2 4 157 291 0.915341
8 2 4 157 292 -1
8 2 4 157 293 -1
8 2 4 157 294 0.47814
8 2 4 158 291 0.788365
8 2 4 158 292 -1
8 2 4 158 293 -1
8 2 4 158 294 0.0985875
8 2 4 159 291 -1
8 2 4 159 292 -1
8 2 4 159 293 0.819645
8 2 4 159 294 -1
8 2 4 160 291 -1
8 2 4 160 292 0.877573
8 2 4 160 293 -1
8 2 4 160 294 -1
8 3 4 225 291 0.910219
8 3 4 225 292 -1
8 3 4 225 293 -1
8 3 4 225 294 -1
8 3 4 226 291 0.392197
8 3 4 226 292 0.130466
8 3 4 226 293 -1
8 3 4 226 294 -1
8 3 4 227 291 -1
8 3 4 227 292 0.450626
8 3 4 227 293 0.359934
8 3 4 227 294 0.759542
8 3 4 228 291 -1
8 3 4 228 292 0.927315
8 3 4 228 293 -1
8 3 4 228 294 -1
8 3 4 229 291 -1
8 3 4 229 292 -1
8 3 4 229 293 0.893585
8 3 4 229 294 -1
9 0 1 35 97 0.415331
9 0 1 35 98 0.152656
9 0 1 35 99 0.11213
9 0 1 36 97 0.221886
9 0 1 36 98 0.197152
9 0 1 36 99 0.154353
9 0 1 37 97 -1
9 0 1 37 98 0.229065
9 0 1 37 99 0.412317
9 0 2 35 161 0.251269
9 0 2 35 162 0.748731
9 0 2 36 161 0.610059
9 0 2 36 162 0.389941
9 0 2 37 161 -1
9 0 2 37 162 -1
9 0 3 35 230 -1
9 0 3 35 231 -1
9 0 3 35 232 -1
9 0 3 36 230 0.911363
9 0 3 36 231 -1
9 0 3 36 232 0.683102
9 0 3 37 230 -1
9 0 3 37 231 0.593733
9 0 3 37 232 0.429138
9 0 4 35 295 -1
9 0 4 35 296 -1
9 0 4 36 295 -1
9 0 4 36 296 -1
9 0 4 37 295 -1
9 0 4 37 296 0.837899
9 1 2 97 161 -1
9 1 2 97 162 0.97658
9 1 2 98 161 0.940915
9 1 2 98 162 -1
9 1 2 99 161 -1
9 1 2 99 162 -1
9 1 3 97 230 0.903755
9 1 3 97 231 -1
9 1 3 97 232 0.169353
9 1 3 98 230 0.99347
9 1 3 98 231 -1
9 1 3 98 232 0.298207
9 1 3 99 230 -1
9 1 3 99 231 0.841648
9 1 3 99 232 0.532439
9 1 4 97 295 -1
9 1 4 97 296 -1
9 1 4 98 295 -1
9 1 4 98 296 -1
9 1 4 99 295 0.598406
9 1 4 99 296 0.401594
9 2 3 161 230 0.887828
9 2 3 161 231 -1
9 2 3 161 232 -1
9 2 3 162 230 -1
9 2 3 162 231 -1
9 2 3 162 232 -1
9 2 4 161 295 -1
9 2 4 161 296 -1
9 2 4 162 295 -1
9 2 4 162 296 -1
9 3 4 230 295 0.674166
9 3 4 230 296 -1
9 3 4 231 295 0.772521
9 3 4 231 296 0.227479
9 3 4 232 295 -1
9 3 4 232 296 0.624342
10 0 1 38 100 0.181408
10 0 1 38 101 0.212049
10 0 1 39 100 0.184287
10 0 1 39 101 0.209352
10 0 1 40 100 0.224622
10 0 1 40 101 0.17157
10 0 2 38 163 0.213706
10 0 2 38 164 -1
10 0 2 39 163 0.965327
10 0 2 39 164 -1
10 0 2 40 163 -1
10 0 2 40 164 -1
10 0 3 38 233 0.616577
10 0 3 38 234 0.135799
10 0 3 38 235 0.135284
10 0 3 39 233 0.314152
10 0 3 39 234 -1
10 0 3 39 235 0.499425
10 0 3 40 233 -1
10 0 3 40 234 -1
10 0 3 40 235 0.306699
10 0 4 38 297 0.889982
10 0 4 38 298 -1
10 0 4 38 299 0.361708
10 0 4 39 297 -1
10 0 4 39 298 -1
10 0 4 39 299 -1
10 0 4 40 297 -1
10 0 4 40 298 0.981879
10 0 4 40 299 -1
10 1 2 100 163 0.12201
10 1 2 100 164 -1
10 1 2 101 163 0.87799
10 1 2 101 164 -1
10 1 3 100 233 -1
10 1 3 100 234 0.0179355
10 1 3 100 235 0.493476
10 1 3 101 233 -1
10 1 3 101 234 -1
10 1 3 101 235 0.506524
10 1 4 100 297 -1
10 1 4 100 298 0.528883
10 1 4 100 299 -1
10 1 4 101 297 -1
10 1 4 101 298 0.471117
10 1 4 101 299 -1
10 2 3 163 233 -1
10 2 3 163 234 0.175425
10 2 3 163 235 0.449806
10 2 3 164 233 -1
10 2 3 164 234 0.824575
10 2 3 164 235 -1
10 2 4 163 297 -1
10 2 4 163 298 -1
10 2 4 163 299 -1
10 2 4 164 297 0.640713
10 2 4 164 298 -1
10 2 4 164 299 0.954851
10 3 4 233 297 0.577266
10 3 4 233 298 0.308218
10 3 4 233 299 0.063628
10 3 4 234 297 0.109503
10 3 4 234 298 0.0937249
10 3 4 234 299 0.442708
10 3 4 235 297 -1
10 3 4 235 298 -1
10 3 4 235 299 0.378125
11 0 1 41 102 0.5064
11 0 1 41 103 0.108591
11 0 1 41 104 0.0897201
11 0 1 42 102 0.25251
11 0 1 42 103 0.183061
11 0 1 42 104 0.117656
11 0 1 43 102 0.250996
11 0 1 43 103 0.172884
11 0 1 43 104 0.128215
11 0 1 44 102 -1
11 0 1 44 103 0.14562
11 0 1 44 104 0.38678
11 0 2 41 165 -1
11 0 2 41 166 -1
11 0 2 41 167 0.94026
11 0 2 41 168 -1
11 0 2 42 165 0.985254
11 0 2 42 166 -1
11 0 2 42 167 -1
11 0 2 42 168 -1
11 0 2 43 165 -1
11 0 2 43 166 -1
11 0 2 43 167 -1
11 0 2 43 168 0.938477
11 0 2 44 165 -1
11 0 2 44 166 0.736649
11 0 2 44 167 -1
11 0 2 44 168 -1
11 0 3 41 236 0.442572
11 0 3 41 237 0.148938
11 0 3 41 238 0.40849
11 0 3 42 236 0.2675
11 0 3 42 237 0.926205
11 0 3 42 238 -1
11 0 3 43 236 -1
11 0 3 43 237 -1
11 0 3 43 238 -1
11 0 3 44 236 0.506679
11 0 3 44 237 0.121745
11 0 3 44 238 0.371576
11 0 4 41 300 0.619025
11 0 4 41 301 -1
11 0 4 42 300 -1
11 0 4 42 301 0.846525
11 0 4 43 300 0.897901
11 0 4 43 301 -1
11 0 4 44 300 -1
11 0 4 44 301 0.526095
11 1 2 102 165 -1
11 1 2 102 166 -1
11 1 2 102 167 0.898354
11 1 2 102 168 -1
11 1 2 103 165 -1
11 1 2 103 166 -1
11 1 2 103 167 -1
11 1 2 103 168 0.904976
11 1 2 104 165 -1
11 1 2 104 166 0.778639
11 1 2 104 167 -1
11 1 2 104 168 -1
11 1 3 102 236 0.14734
11 1 3 102 237 0.15133
11 1 3 102 238 0.205514
11 1 3 103 236 0.141703
11 1 3 103 237 0.149749
11 1 3 103 238 0.211188
11 1 3 104 236 0.21161
11 1 3 104 237 0.202264
11 1 3 104 238 0.113312
11 1 4 102 300 -1
11 1 4 102 301 -1
11 1 4 103 300 0.96792
11 1 4 103 301 -1
11 1 4 104 300 0.0804734
11 1 4 104 301 0.568943
11 2 3 165 236 -1
11 2 3 165 237 0.94778
11 2 3 165 238 -1
11 2 3 166 236 -1
11 2 3 166 237 -1
11 2 3 166 238 0.600697
11 2 3 167 236 0.208713
11 2 3 167 237 -1
11 2 3 167 238 0.812529
11 2 3 168 236 -1
11 2 3 168 237 -1
11 2 3 168 238 -1
11 2 4 165 300 -1
11 2 4 165 301 0.991398
11 2 4 166 300 -1
11 2 4 166 301 0.94194
11 2 4 167 300 -1
11 2 4 167 301 -1
11 2 4 168 300 0.894112
11 2 4 168 301 -1
11 3 4 236 300 0.329009
11 3 4 236 301 0.0621774
11 3 4 237 300 0.204073
11 3 4 237 301 0.294874
11 3 4 238 300 0.211485
11 3 4 238 301 0.286584
12 0 1 45 105 0.160743
12 0 1 45 106 0.412978
12 0 1 45 107 0.161443
12 0 1 46 105 0.245271
12 0 1 46 106 0.265629
12 0 1 46 107 0.318756
12 0 2 45 169 0.979291
12 0 2 45 170 -1
12 0 2 45 171 -1
12 0 2 46 169 -1
12 0 2 46 170 0.819309
12 0 2 46 171 -1
12 0 3 45 239 0.189193
12 0 3 45 240 -1
12 0 3 45 241 -1
12 0 3 46 239 0.810807
12 0 3 46 240 -1
12 0 3 46 241 0.538727
12 0 4 45 302 -1
12 0 4 45 303 -1
12 0 4 45 304 0.981046
12 0 4 46 302 0.917942
12 0 4 46 303 0.00513971
12 0 4 46 304 -1
12 1 2 105 169 0.0470889
12 1 2 105 170 -1
12 1 2 105 171 -1
12 1 2 106 169 0.54893
12 1 2 106 170 0.88993
12 1 2 106 171 -1
12 1 2 107 169 -1
12 1 2 107 170 -1
12 1 2 107 171 0.958757
12 1 3 105 239 0.437144
12 1 3 105 240 -1
12 1 3 105 241 0.0503306
12 1 3 106 239 0.451792
12 1 3 106 240 -1
12 1 3 106 241 -1
12 1 3 107 239 0.0583183
12 1 3 107 240 0.517124
12 1 3 107 241 0.36294
12 1 4 105 302 0.946021
12 1 4 105 303 -1
12 1 4 105 304 0.886928
12 1 4 106 302 0.943479
12 1 4 106 303 -1
12 1 4 106 304 0.667068
12 1 4 107 302 -1
12 1 4 107 303 0.924966
12 1 4 107 304 -1
12 2 3 169 239 -1
12 2 3 169 240 -1
12 2 3 169 241 -1
12 2 3 170 239 0.924881
12 2 3 170 240 -1
12 2 3 170 241 -1
12 2 3 171 239 -1
12 2 3 171 240 0.987903
12 2 3 171 241 -1
12 2 4 169 302 -1
12 2 4 169 303 -1
12 2 4 169 304 0.980461
12 2 4 170 302 0.861219
12 2 4 170 303 -1
12 2 4 170 304 -1
12 2 4 171 302 -1
12 2 4 171 303 0.912341
12 2 4 171 304 -1
12 3 4 239 302 0.986264
12 3 4 239 303 0.149767
12 3 4 239 304 -1
12 3 4 240 302 0.0173601
12 3 4 240 303 0.265076
12 3 4 240 304 0.460394
12 3 4 241 302 -1
12 3 4 241 303 0.376248
12 3 4 241 304 0.414997
13 0 1 47 108 0.442733
13 0 1 47 109 0.962854
13 0 1 47 110 -1
13 0 1 47 111 -1
13 0 1 48 108 0.281416
13 0 1 48 109 0.730321
13 0 1 48 110 -1
13 0 1 48 111 -1
13 0 1 49 108 0.22329
13 0 1 49 109 -1
13 0 1 49 110 -1
13 0 1 49 111 0.655835
13 0 2 47 172 -1
13 0 2 47 173 0.47146
13 0 2 47 174 0.944415
13 0 2 47 175 -1
13 0 2 48 172 0.505301
13 0 2 48 173 -1
13 0 2 48 174 -1
13 0 2 48 175 -1
13 0 2 49 172 -1
13 0 2 49 173 -1
13 0 2 49 174 -1
13 0 2 49 175 0.73685
13 0 3 47 242 0.563783
13 0 3 47 243 -1
13 0 3 47 244 -1
13 0 3 47 245 0.910083
13 0 3 48 242 -1
13 0 3 48 243 0.945643
13 0 3 48 244 -1
13 0 3 48 245 -1
13 0 3 49 242 -1
13 0 3 49 243 -1
13 0 3 49 244 0.771218
13 0 3 49 245 -1
13 0 4 47 305 0.790181
13 0 4 47 306 -1
13 0 4 47 307 0.943314
13 0 4 47 308 -1
13 0 4 48 305 -1
13 0 4 48 306 -1
13 0 4 48 307 -1
13 0 4 48 308 0.816268
13 0 4 49 305 0.776363
13 0 4 49 306 -1
13 0 4 49 307 0.357043
13 0 4 49 308 -1
13 1 2 108 172 0.707829
13 1 2 108 173 0.758485
13 1 2 108 174 -1
13 1 2 108 175 -1
13 1 2 109 172 -1
13 1 2 109 173 -1
13 1 2 109 174 0.920713
13 1 2 109 175 0.338297
13 1 2 110 172 0.0350155
13 1 2 110 173 0.905038
13 1 2 110 174 -1
13 1 2 110 175 -1
13 1 2 111 172 -1
13 1 2 111 173 -1
13 1 2 111 174 -1
13 1 2 111 175 0.931794
13 1 3 108 242 -1
13 1 3 108 243 0.386216
13 1 3 108 244 -1
13 1 3 108 245 -1
13 1 3 109 242 -1
13 1 3 109 243 -1
13 1 3 109 244 0.754179
13 1 3 109 245 0.976033
13 1 3 110 242 0.262637
13 1 3 110 243 -1
13 1 3 110 244 -1
13 1 3 110 245 -1
13 1 3 111 242 -1
13 1 3 111 243 -1
13 1 3 111 244 0.833542
13 1 3 111 245 0.826368
13 1 4 108 305 -1
13 1 4 108 306 0.411925
13 1 4 108 307 -1
13 1 4 108 308 0.862755
13 1 4 109 305 -1
13 1 4 109 306 -1
13 1 4 109 307 0.90821
13 1 4 109 308 -1
13 1 4 110 305 -1
13 1 4 110 306 0.757499
13 1 4 110 307 -1
13 1 4 110 308 -1
13 1 4 111 305 0.768641
13 1 4 111 306 -1
13 1 4 111 307 -1
13 1 4 111 308 -1
13 2 3 172 242 -1
13 2 3 172 243 0.546595
13 2 3 172 244 -1
13 2 3 172 245 -1
13 2 3 173 242 -1
13 2 3 173 243 -1
13 2 3 173 244 -1
13 2 3 173 245 -1
13 2 3 174 242 0.442223
13 2 3 174 243 -1
13 2 3 174 244 -1
13 2 3 174 245 0.987253
13 2 3 175 242 -1
13 2 3 175 243 -1
13 2 3 175 244 0.892569
13 2 3 175 245 -1
13 2 4 172 305 -1
13 2 4 172 306 -1
13 2 4 172 307 -1
13 2 4 172 308 0.724313
13 2 4 173 305 -1
13 2 4 173 306 0.851801
13 2 4 173 307 -1
13 2 4 173 308 -1
13 2 4 174 305 -1
13 2 4 174 306 -1
13 2 4 174 307 0.937822
13 2 4 174 308 -1
13 2 4 175 305 0.841232
13 2 4 175 306 -1
13 2 4 175 307 -1
13 2 4 175 308 -1
13 3 4 242 305 -1
13 3 4 242 306 0.481058
13 3 4 242 307 -1
13 3 4 242 308 -1
13 3 4 243 305 -1
13 3 4 243 306 -1
13 3 4 243 307 -1
13 3 4 243 308 0.613094
13 3 4 244 305 0.978555
13 3 4 244 306 -1
13 3 4 244 307 -1
13 3 4 244 308 -1
13 3 4 245 305 -1
13 3 4 245 306 -1
13 3 4 245 307 0.726195
13 3 4 245 308 -1
14 0 1 50 112 0.327358
14 0 1 50 113 0.993823
14 0 1 50 114 -1
14 0 1 50 115 -1
14 0 1 51 112 0.489895
14 0 1 51 113 -1
14 0 1 51 114 -1
14 0 1 51 115 -1
14 0 1 52 112 0.182747
14 0 1 52 113 -1
14 0 1 52 114 -1
14 0 1 52 115 0.900447
14 0 2 50 176 -1
14 0 2 50 177 -1
14 0 2 50 178 0.825062
14 0 2 50 179 -1
14 0 2 51 176 0.922478
14 0 2 51 177 -1
14 0 2 51 178 -1
14 0 2 51 179 -1
14 0 2 52 176 -1
14 0 2 52 177 0.0648327
14 0 2 52 178 -1
14 0 2 52 179 0.819394
14 0 3 50 246 0.625853
14 0 3 50 247 -1
14 0 3 50 248 -1
14 0 3 50 249 0.928838
14 0 3 51 246 -1
14 0 3 51 247 0.573031
14 0 3 51 248 -1
14 0 3 51 249 -1
14 0 3 52 246 -1
14 0 3 52 247 -1
14 0 3 52 248 0.80202
14 0 3 52 249 -1
14 0 4 50 309 -1
14 0 4 50 310 0.396017
14 0 4 50 311 0.904645
14 0 4 50 312 -1
14 0 4 51 309 -1
14 0 4 51 310 -1
14 0 4 51 311 -1
14 0 4 51 312 0.877405
14 0 4 52 309 -1
14 0 4 52 310 0.948321
14 0 4 52 311 0.360064
14 0 4 52 312 -1
14 1 2 112 176 0.91214
14 1 2 112 177 0.810292
14 1 2 112 178 -1
14 1 2 112 179 -1
14 1 2 113 176 -1
14 1 2 113 177 -1
14 1 2 113 178 0.822285
14 1 2 113 179 0.902148
14 1 2 114 176 0.633817
14 1 2 114 177 0.936244
14 1 2 114 178 -1
14 1 2 114 179 -1
14 1 2 115 176 -1
14 1 2 115 177 -1
14 1 2 115 178 0.828023
14 1 2 115 179 0.86993
14 1 3 112 246 -1
14 1 3 112 247 0.739848
14 1 3 112 248 -1
14 1 3 112 249 -1
14 1 3 113 246 -1
14 1 3 113 247 -1
14 1 3 113 248 0.404022
14 1 3 113 249 0.934473
14 1 3 114 246 0.358727
14 1 3 114 247 -1
14 1 3 114 248 -1
14 1 3 114 249 -1
14 1 3 115 246 -1
14 1 3 115 247 -1
14 1 3 115 248 0.997857
14 1 3 115 249 0.130967
14 1 4 112 309 0.389033
14 1 4 112 310 -1
14 1 4 112 311 -1
14 1 4 112 312 0.906712
14 1 4 113 309 -1
14 1 4 113 310 -1
14 1 4 113 311 0.791127
14 1 4 113 312 -1
14 1 4 114 309 0.808544
14 1 4 114 310 -1
14 1 4 114 311 -1
14 1 4 114 312 -1
14 1 4 115 309 -1
14 1 4 115 310 0.966502
14 1 4 115 311 -1
14 1 4 115 312 -1
14 2 3 176 246 -1
14 2 3 176 247 0.634665
14 2 3 176 248 -1
14 2 3 176 249 -1
14 2 3 177 246 0.536715
14 2 3 177 247 -1
14 2 3 177 248 -1
14 2 3 177 249 0.631662
14 2 3 178 246 0.972391
14 2 3 178 247 -1
14 2 3 178 248 -1
14 2 3 178 249 0.890866
14 2 3 179 246 -1
14 2 3 179 247 -1
14 2 3 179 248 0.949171
14 2 3 179 249 -1
14 2 4 176 309 0.073778
14 2 4 176 310 -1
14 2 4 176 311 -1
14 2 4 176 312 0.758404
14 2 4 177 309 0.869565
14 2 4 177 310 -1
14 2 4 177 311 -1
14 2 4 177 312 -1
14 2 4 178 309 -1
14 2 4 178 310 -1
14 2 4 178 311 0.656182
14 2 4 178 312 -1
14 2 4 179 309 -1
14 2 4 179 310 0.849827
14 2 4 179 311 -1
14 2 4 179 312 -1
14 3 4 246 309 -1
14 3 4 246 310 -1
14 3 4 246 311 -1
14 3 4 246 312 -1
14 3 4 247 309 -1
14 3 4 247 310 0.43662
14 3 4 247 311 -1
14 3 4 247 312 0.647783
14 3 4 248 309 -1
14 3 4 248 310 0.988889
14 3 4 248 311 -1
14 3 4 248 312 -1
14 3 4 249 309 -1
14 3 4 249 310 -1
14 3 4 249 311 0.823632
14 3 4 249 312 -1
15 0 1 53 116 -1
15 0 1 53 117 -1
15 0 1 54 116 0.576257
15 0 1 54 117 0.423743
15 0 1 55 116 0.48318
15 0 1 55 117 0.51682
15 0 2 53 180 0.0829787
15 0 2 53 181 0.801745
15 0 2 53 182 -1
15 0 2 54 180 0.728932
15 0 2 54 181 -1
15 0 2 54 182 -1
15 0 2 55 180 -1
15 0 2 55 181 -1
15 0 2 55 182 0.985956
15 0 3 53 250 -1
15 0 3 53 251 -1
15 0 3 54 250 0.255492
15 0 3 54 251 0.744508
15 0 3 55 250 -1
15 0 3 55 251 -1
15 0 4 53 313 -1
15 0 4 53 314 -1
15 0 4 53 315 -1
15 0 4 54 313 -1
15 0 4 54 314 0.314081
15 0 4 54 315 0.865203
15 0 4 55 313 0.738361
15 0 4 55 314 -1
15 0 4 55 315 -1
15 1 2 116 180 -1
15 1 2 116 181 -1
15 1 2 116 182 -1
15 1 2 117 180 -1
15 1 2 117 181 0.447676
15 1 2 117 182 0.900495
15 1 3 116 250 0.565882
15 1 3 116 251 0.434118
15 1 3 117 250 -1
15 1 3 117 251 0.144123
15 1 4 116 313 -1
15 1 4 116 314 0.901745
15 1 4 116 315 -1
15 1 4 117 313 0.993254
15 1 4 117 314 -1
15 1 4 117 315 -1
15 2 3 180 250 -1
15 2 3 180 251 0.783549
15 2 3 181 250 -1
15 2 3 181 251 -1
15 2 3 182 250 -1
15 2 3 182 251 -1
15 2 4 180 313 -1
15 2 4 180 314 0.353013
15 2 4 180 315 0.674571
15 2 4 181 313 0.679899
15 2 4 181 314 -1
15 2 4 181 315 -1
15 2 4 182 313 0.871971
15 2 4 182 314 -1
15 2 4 182 315 -1
15 3 4 250 313 0.196
15 3 4 250 314 0.335315
15 3 4 250 315 -1
15 3 4 251 313 0.323
15 3 4 251 314 -1
15 3 4 251 315 0.946602
16 0 1 56 118 0.527909
16 0 1 56 119 0.472091
16 0 1 57 118 -1
16 0 1 57 119 -1
16 0 2 56 183 -1
16 0 2 56 184 0.84725
16 0 2 56 185 -1
16 0 2 57 183 0.952988
16 0 2 57 184 -1
16 0 2 57 185 -1
16 0 3 56 252 0.592394
16 0 3 56 253 -1
16 0 3 56 254 0.816844
16 0 3 57 252 0.32007
16 0 3 57 253 -1
16 0 3 57 254 -1
16 0 4 56 316 0.846992
16 0 4 56 317 -1
16 0 4 56 318 0.768707
16 0 4 56 319 -1
16 0 4 57 316 -1
16 0 4 57 317 -1
16 0 4 57 318 -1
16 0 4 57 319 0.98716
16 1 2 118 183 0.585961
16 1 2 118 184 0.958205
16 1 2 118 185 -1
16 1 2 119 183 -1
16 1 2 119 184 -1
16 1 2 119 185 0.46328
16 1 3 118 252 0.764601
16 1 3 118 253 -1
16 1 3 118 254 -1
16 1 3 119 252 -1
16 1 3 119 253 0.9989
16 1 3 119 254 0.333511
16 1 4 118 316 0.969294
16 1 4 118 317 -1
16 1 4 118 318 -1
16 1 4 118 319 0.790649
16 1 4 119 316 -1
16 1 4 119 317 0.970025
16 1 4 119 318 0.392833
16 1 4 119 319 -1
16 2 3 183 252 -1
16 2 3 183 253 -1
16 2 3 183 254 -1
16 2 3 184 252 0.764926
16 2 3 184 253 -1
16 2 3 184 254 -1
16 2 3 185 252 0.319338
16 2 3 185 253 0.31668
16 2 3 185 254 -1
16 2 4 183 316 -1
16 2 4 183 317 -1
16 2 4 183 318 -1
16 2 4 183 319 0.88029
16 2 4 184 316 0.934094
16 2 4 184 317 -1
16 2 4 184 318 -1
16 2 4 184 319 -1
16 2 4 185 316 -1
16 2 4 185 317 0.494054
16 2 4 185 318 -1
16 2 4 185 319 -1
16 3 4 252 316 0.742217
16 3 4 252 317 -1
16 3 4 252 318 -1
16 3 4 252 319 -1
16 3 4 253 316 -1
16 3 4 253 317 0.98806
16 3 4 253 318 -1
16 3 4 253 319 -1
16 3 4 254 316 -1
16 3 4 254 317 -1
16 3 4 254 318 0.955309
16 3 4 254 319 -1
17 0 1 58 120 0.598099
17 0 1 58 121 0.933042
17 0 1 58 122 -1
17 0 1 58 123 -1
17 0 1 59 120 0.119572
17 0 1 59 121 -1
17 0 1 59 122 -1
17 0 1 59 123 -1
17 0 1 60 120 0.270071
17 0 1 60 121 -1
17 0 1 60 122 0.611706
17 0 1 60 123 -1
17 0 2 58 186 -1
17 0 2 58 187 -1
17 0 2 58 188 0.745418
17 0 2 58 189 -1
17 0 2 59 186 0.96666
17 0 2 59 187 -1
17 0 2 59 188 -1
17 0 2 59 189 -1
17 0 2 60 186 -1
17 0 2 60 187 0.800612
17 0 2 60 188 -1
17 0 2 60 189 0.0835152
17 0 3 58 255 -1
17 0 3 58 256 -1
17 0 3 58 257 0.903989
17 0 3 59 255 0.760786
17 0 3 59 256 -1
17 0 3 59 257 -1
17 0 3 60 255 -1
17 0 3 60 256 0.961125
17 0 3 60 257 -1
17 0 4 58 320 -1
17 0 4 58 321 0.944985
17 0 4 58 322 0.360892
17 0 4 58 323 -1
17 0 4 59 320 -1
17 0 4 59 321 -1
17 0 4 59 322 -1
17 0 4 59 323 -1
17 0 4 60 320 -1
17 0 4 60 321 0.968657
17 0 4 60 322 0.320802
17 0 4 60 323 -1
17 1 2 120 186 0.396781
17 1 2 120 187 0.764251
17 1 2 120 188 -1
17 1 2 120 189 -1
17 1 2 121 186 -1
17 1 2 121 187 -1
17 1 2 121 188 0.826664
17 1 2 121 189 0.785493
17 1 2 122 186 -1
17 1 2 122 187 -1
17 1 2 122 188 0.723414
17 1 2 122 189 0.391169
17 1 2 123 186 0.0264044
17 1 2 123 187 0.88908
17 1 2 123 188 -1
17 1 2 123 189 -1
17 1 3 120 255 0.580709
17 1 3 120 256 -1
17 1 3 120 257 -1
17 1 3 121 255 -1
17 1 3 121 256 0.796566
17 1 3 121 257 0.423647
17 1 3 122 255 -1
17 1 3 122 256 0.841816
17 1 3 122 257 0.807073
17 1 3 123 255 -1
17 1 3 123 256 -1
17 1 3 123 257 -1
17 1 4 120 320 0.759018
17 1 4 120 321 -1
17 1 4 120 322 -1
17 1 4 120 323 0.716605
17 1 4 121 320 -1
17 1 4 121 321 -1
17 1 4 121 322 0.806662
17 1 4 121 323 -1
17 1 4 122 320 -1
17 1 4 122 321 0.838447
17 1 4 122 322 -1
17 1 4 122 323 -1
17 1 4 123 320 0.692838
17 1 4 123 321 -1
17 1 4 123 322 -1
17 1 4 123 323 -1
17 2 3 186 255 0.76811
17 2 3 186 256 -1
17 2 3 186 257 -1
17 2 3 187 255 -1
17 2 3 187 256 -1
17 2 3 187 257 0.928006
17 2 3 188 255 -1
17 2 3 188 256 -1
17 2 3 188 257 0.468086
17 2 3 189 255 -1
17 2 3 189 256 0.14768
17 2 3 189 257 -1
17 2 4 186 320 0.823261
17 2 4 186 321 -1
17 2 4 186 322 -1
17 2 4 186 323 -1
17 2 4 187 320 0.823984
17 2 4 187 321 -1
17 2 4 187 322 -1
17 2 4 187 323 -1
17 2 4 188 320 -1
17 2 4 188 321 -1
17 2 4 188 322 0.813445
17 2 4 188 323 -1
17 2 4 189 320 -1
17 2 4 189 321 0.591816
17 2 4 189 322 -1
17 2 4 189 323 -1
17 3 4 255 320 -1
17 3 4 255 321 0.602568
17 3 4 255 322 -1
17 3 4 255 323 -1
17 3 4 256 320 -1
17 3 4 256 321 0.994739
17 3 4 256 322 -1
17 3 4 256 323 -1
17 3 4 257 320 -1
17 3 4 257 321 -1
17 3 4 257 322 0.487952
17 3 4 257 323 -1
18 0 1 61 124 0.97719
18 0 1 61 125 -1
18 0 1 61 126 -1
18 0 1 62 124 0.773522
18 0 1 62 125 -1
18 0 1 62 126 -1
18 0 1 63 124 -1
18 0 1 63 125 0.0821398
18 0 1 63 126 0.517254
18 0 2 61 190 -1
18 0 2 61 191 0.505901
18 0 2 61 192 0.88909
18 0 2 61 193 -1
18 0 2 62 190 0.585658
18 0 2 62 191 -1
18 0 2 62 192 -1
18 0 2 62 193 -1
18 0 2 63 190 -1
18 0 2 63 191 -1
18 0 2 63 192 -1
18 0 2 63 193 0.292821
18 0 3 61 258 0.868994
18 0 3 61 259 -1
18 0 3 61 260 0.95508
18 0 3 62 258 -1
18 0 3 62 259 -1
18 0 3 62 260 -1
18 0 3 63 258 -1
18 0 3 63 259 0.978353
18 0 3 63 260 -1
18 0 4 61 324 0.822555
18 0 4 61 325 -1
18 0 4 61 326 0.607764
18 0 4 61 327 -1
18 0 4 62 324 -1
18 0 4 62 325 -1
18 0 4 62 326 -1
18 0 4 62 327 0.0496811
18 0 4 63 324 0.266333
18 0 4 63 325 -1
18 0 4 63 326 0.794182
18 0 4 63 327 -1
18 1 2 124 190 -1
18 1 2 124 191 -1
18 1 2 124 192 0.982647
18 1 2 124 193 0.51909
18 1 2 125 190 0.777864
18 1 2 125 191 0.514705
18 1 2 125 192 -1
18 1 2 125 193 -1
18 1 2 126 190 -1
18 1 2 126 191 -1
18 1 2 126 192 -1
18 1 2 126 193 0.203587
18 1 3 124 258 -1
18 1 3 124 259 0.912799
18 1 3 124 260 0.922076
18 1 3 125 258 0.487747
18 1 3 125 259 -1
18 1 3 125 260 -1
18 1 3 126 258 -1
18 1 3 126 259 0.702427
18 1 3 126 260 0.607762
18 1 4 124 324 -1
18 1 4 124 325 -1
18 1 4 124 326 0.553666
18 1 4 124 327 -1
18 1 4 125 324 -1
18 1 4 125 325 0.764234
18 1 4 125 326 -1
18 1 4 125 327 -1
18 1 4 126 324 0.717538
18 1 4 126 325 -1
18 1 4 126 326 -1
18 1 4 126 327 -1
18 2 3 190 258 -1
18 2 3 190 259 -1
18 2 3 190 260 -1
18 2 3 191 258 -1
18 2 3 191 259 -1
18 2 3 191 260 -1
18 2 3 192 258 0.25064
18 2 3 192 259 -1
18 2 3 192 260 0.916632
18 2 3 193 258 -1
18 2 3 193 259 0.478926
18 2 3 193 260 -1
18 2 4 190 324 -1
18 2 4 190 325 0.00504255
18 2 4 190 326 -1
18 2 4 190 327 0.426086
18 2 4 191 324 -1
18 2 4 191 325 0.548185
18 2 4 191 326 -1
18 2 4 191 327 -1
18 2 4 192 324 -1
18 2 4 192 325 -1
18 2 4 192 326 0.568448
18 2 4 192 327 -1
18 2 4 193 324 0.661008
18 2 4 193 325 -1
18 2 4 193 326 -1
18 2 4 193 327 -1
18 3 4 258 324 -1
18 3 4 258 325 0.412704
18 3 4 258 326 -1
18 3 4 258 327 -1
18 3 4 259 324 0.918256
18 3 4 259 325 0.196712
18 3 4 259 326 -1
18 3 4 259 327 -1
18 3 4 260 324 -1
18 3 4 260 325 -1
18 3 4 260 326 0.769405
18 3 4 260 327 0.926854
end of Frame 261
