J OverallIdx viewIdx joint种类0-18(jointIdx) 该joint在图中的顺序(candidix) x y score
0 0 0 0 501.882 385.898 0.692508
1 0 0 1 342.043 430.217 0.574805
2 0 1 0 339.353 208.707 0.856485
3 0 1 1 510.355 210.932 0.856658
4 0 2 0 479.529 385.913 0.660194
5 0 2 1 384.189 430.166 0.588734
6 0 3 0 521.604 385.875 0.676397
7 0 3 1 294.444 432.258 0.542305
8 0 4 0 457.172 155.979 0.902296
9 0 5 0 401.016 210.899 0.833112
10 0 5 1 482.293 210.959 0.802013
11 0 6 0 274.737 198.249 0.799685
12 0 6 1 546.773 210.894 0.858573
13 0 7 0 499.124 516.658 0.726018
14 0 7 1 370.032 603.06 0.752001
15 0 8 0 527.238 518.772 0.768632
16 0 8 1 266.407 603.093 0.728947
17 0 9 0 367.332 124.469 0.913038
18 0 10 0 299.93 128.613 0.877399
19 0 10 1 504.749 145.447 0.937159
20 0 11 0 440.25 331.094 0.888207
21 0 12 0 602.977 280.412 0.869459
22 0 12 1 255.07 331.056 0.826029
23 0 13 0 507.549 630.521 0.830368
24 0 13 1 350.659 759.104 0.572266
25 0 14 0 549.606 649.496 0.784106
26 0 14 1 252.441 761.261 0.607853
27 0 15 0 401.035 402.801 0.67455
28 0 16 0 549.583 331.15 0.866692
29 0 16 1 241.218 430.237 0.652095
30 0 17 0 515.994 687.404 0.735364
31 0 17 1 218.823 736.015 0.258492
32 0 18 0 448.688 649.469 0.781383
33 0 18 1 305.758 761.266 0.174374
34 1 0 0 204.725 381.708 0.674744
35 1 0 1 546.706 379.575 0.820768
36 1 0 2 645.002 396.44 0.680199
37 1 1 0 212.986 202.403 0.881719
38 1 1 1 639.424 227.628 0.788355
39 1 1 2 546.804 246.682 0.919602
40 1 2 0 165.47 383.751 0.679552
41 1 2 1 513.211 379.552 0.787129
42 1 2 2 658.967 396.399 0.605376
43 1 3 0 241.165 381.666 0.67391
44 1 3 1 572.02 379.614 0.832215
45 1 3 2 639.338 396.451 0.723347
46 1 4 0 187.972 128.73 0.909667
47 1 4 1 527.188 194.078 0.990773
48 1 5 0 148.697 196.077 0.867158
49 1 5 1 645.053 225.545 0.622635
50 1 5 2 504.687 246.666 0.901707
51 1 6 0 272.048 208.784 0.819276
52 1 6 1 639.27 227.747 0.896495
53 1 6 2 586.135 244.674 0.86792
54 1 7 0 524.477 482.898 0.876601
55 1 7 1 659.076 525.07 0.768903
56 1 7 2 187.755 531.449 0.80073
57 1 8 0 572.204 480.865 0.850389
58 1 8 1 614.017 522.964 0.642803
59 1 8 2 235.637 531.389 0.818229
60 1 9 0 642.133 177.047 0.223622
61 1 10 0 235.627 124.426 0.904338
62 1 10 1 597.311 177.214 0.8178
63 1 10 2 555.26 191.924 0.80439
64 1 11 0 123.317 288.916 0.84277
65 1 11 1 459.927 295.111 0.977333
66 1 12 0 302.925 297.335 0.791358
67 1 12 1 605.714 295.167 0.758639
68 1 12 2 661.672 324.69 0.85517
69 1 13 0 527.173 573.532 0.846524
70 1 13 1 210.274 645.232 0.760654
71 1 13 2 659.079 643.139 0.781252
72 1 14 0 577.784 571.484 0.715037
73 1 14 1 594.387 649.528 0.846907
74 1 14 2 243.998 685.352 0.700661
75 1 15 0 488.022 335.259 0.856465
76 1 15 1 106.656 366.966 0.816625
77 1 16 0 594.387 331.085 0.934807
78 1 16 1 344.956 379.483 0.833688
79 1 16 2 616.84 387.983 0.826684
80 1 17 0 574.992 598.786 0.180764
81 1 17 1 530.088 651.537 0.880332
82 1 17 2 238.309 733.92 0.754086
83 1 18 0 490.781 594.66 0.807316
84 1 18 1 619.758 641.032 0.36457
85 1 18 2 213.157 678.938 0.628815
86 2 0 0 412.118 286.801 0.75454
87 2 0 1 681.504 356.35 0.621101
88 2 0 2 566.504 683.244 0.416709
89 2 1 0 392.767 128.707 0.893416
90 2 1 1 703.886 215.127 0.84869
91 2 1 2 560.906 478.669 0.646305
92 2 2 0 378.545 291.023 0.729287
93 2 2 1 656.218 347.955 0.587646
94 2 2 2 530.006 697.989 0.403318
95 2 3 0 437.43 280.528 0.782943
96 2 3 1 706.711 362.651 0.676826
97 2 3 2 597.393 672.663 0.418792
98 2 4 0 420.649 92.85 0.909851
99 2 4 1 639.367 160.342 0.942703
100 2 4 2 667.472 447.137 0.916378
101 2 5 0 347.74 143.312 0.831171
102 2 5 1 661.758 200.307 0.823582
103 2 5 2 524.386 512.38 0.599518
104 2 6 0 440.218 122.295 0.863969
105 2 6 1 745.96 234.037 0.791208
106 2 6 2 594.472 447.028 0.42792
107 2 7 0 372.92 394.24 0.834046
108 2 7 1 628.142 478.681 0.189478
109 2 8 0 434.642 381.657 0.846412
110 2 8 1 681.397 474.468 0.615224
111 2 9 0 375.747 76.0249 0.837082
112 2 9 1 594.459 411.235 0.875043
113 2 10 0 687.039 164.479 0.907782
114 2 11 0 280.593 210.787 0.917872
115 2 11 1 644.997 263.539 0.834746
116 2 11 2 476.782 643.142 0.733523
117 2 12 0 460 162.463 0.857487
118 2 12 1 765.532 328.831 0.899801
119 2 12 2 605.749 525.063 0.310285
120 2 13 0 370.138 478.685 0.876941
121 2 14 0 429.052 457.572 0.7806
122 2 14 1 661.745 565.183 0.662851
123 2 15 0 344.882 261.379 0.919008
124 2 15 1 633.775 329.017 0.670344
125 2 15 2 549.51 750.771 0.803856
126 2 16 0 465.522 225.589 0.875682
127 2 16 1 709.633 379.518 0.831148
128 2 16 2 656.178 562.947 0.386889
129 2 17 0 462.815 480.807 0.635182
130 2 17 1 706.722 596.787 0.507039
131 2 18 0 375.811 516.64 0.755266
132 3 0 0 574.981 343.659 0.756072
133 3 0 1 302.845 369.048 0.685087
134 3 0 2 886.272 390.126 0.603985
135 3 1 0 891.76 162.373 0.847086
136 3 1 1 280.427 187.683 0.785938
137 3 1 2 569.272 193.987 0.929634
138 3 2 0 549.538 343.723 0.751656
139 3 2 1 286.021 373.232 0.64823
140 3 2 2 917.033 394.356 0.556241
141 3 3 0 611.335 341.615 0.714096
142 3 3 1 322.377 366.938 0.602972
143 3 3 2 858.071 383.806 0.519328
144 3 4 0 989.925 92.7367 0.687125
145 3 4 1 330.953 126.396 0.880968
146 3 4 2 532.811 141.304 0.89514
147 3 5 0 953.338 160.36 0.803013
148 3 5 1 260.762 191.906 0.813172
149 3 5 2 521.552 194.12 0.854311
150 3 6 0 838.503 162.447 0.770353
151 3 6 1 300.033 181.32 0.677896
152 3 6 2 616.886 191.934 0.890168
153 3 7 0 555.242 463.898 0.831196
154 3 7 1 294.403 514.494 0.693063
155 3 7 2 894.577 554.592 0.645582
156 3 8 0 616.931 463.901 0.828516
157 3 8 1 305.798 510.276 0.730363
158 3 8 2 889.106 548.217 0.653826
159 3 9 0 950.536 75.8691 0.859411
160 3 9 1 280.313 120.191 0.890185
161 3 10 0 577.724 130.732 0.869391
162 3 11 0 221.534 265.735 0.824082
163 3 11 1 501.965 274.152 0.888865
164 3 11 2 956.345 295.18 0.793493
165 3 12 0 639.266 271.977 0.84377
166 3 12 1 810.477 278.347 0.606562
167 3 13 0 572.191 563.017 0.856851
168 3 13 1 277.671 651.547 0.803409
169 3 13 2 818.743 708.532 0.598701
170 3 14 0 625.41 579.89 0.766425
171 3 14 1 305.679 615.749 0.845557
172 3 14 2 903.026 683.213 0.75189
173 3 15 0 277.526 326.857 0.885221
174 3 15 1 521.541 337.405 0.811865
175 3 15 2 1029.2 392.19 0.730363
176 3 16 0 625.357 331.153 0.806046
177 3 16 1 815.986 362.691 0.677377
178 3 17 0 370.055 617.826 0.895869
179 3 17 1 619.703 615.641 0.770845
180 3 17 2 942.241 683.264 0.615462
181 3 18 0 583.335 596.716 0.81832
182 3 18 1 344.815 676.855 0.786885
183 3 18 2 813.208 750.676 0.295933
184 4 0 0 964.669 259.387 0.675988
185 4 0 1 658.961 335.295 0.550362
186 4 1 0 664.669 111.816 0.86518
187 4 1 1 975.817 109.758 0.91588
188 4 2 0 998.228 261.409 0.740056
189 4 2 1 706.556 339.484 0.555751
190 4 3 0 931.07 259.338 0.697003
191 4 3 1 611.329 331.053 0.496861
192 4 4 0 636.471 78.0974 0.809682
193 4 5 0 731.903 111.81 0.835122
194 4 5 1 1029.21 109.711 0.830831
195 4 6 0 597.357 111.84 0.848871
196 4 6 1 925.477 109.749 0.878825
197 4 7 0 978.674 366.887 0.839717
198 4 7 1 695.449 514.608 0.769701
199 4 8 0 914.217 362.643 0.799205
200 4 8 1 586.08 417.54 0.33824
201 4 8 2 616.985 510.28 0.731331
202 4 9 0 706.849 42.1796 0.788653
203 4 9 1 978.678 52.6847 0.601707
204 4 9 2 594.53 73.7226 0.825914
205 4 10 0 647.825 42.1594 0.495985
206 4 10 1 931.017 54.8526 0.801918
207 4 11 0 1029.21 185.566 0.326276
208 4 11 1 816.123 208.791 0.903817
209 4 12 0 902.956 193.899 0.859693
210 4 12 1 530.085 210.763 0.910646
211 4 13 0 992.673 480.852 0.774305
212 4 13 1 689.87 657.93 0.769963
213 4 14 0 908.601 466.024 0.872877
214 4 14 1 577.701 516.584 0.586558
215 4 14 2 600.169 638.939 0.739205
216 4 15 0 757.152 274.149 0.848067
217 4 16 0 849.735 255.139 0.794405
218 4 16 1 588.885 274.095 0.79985
219 4 17 0 889.055 461.743 0.597457
220 4 17 1 583.365 531.441 0.151936
221 4 17 2 611.308 641.061 0.424938
222 4 18 0 953.587 499.78 0.692177
223 4 18 1 737.559 647.392 0.725314
P viewIdx, pafIdx, aOverAllIdx, bOverAllIdx, CandidAIdx, CandidBIdx, score
0 0 2 0 0 0 0
0 0 2 1 0 1 0.988066
0 0 3 0 1 0 0.989061
0 0 3 1 1 1 0
0 1 4 13 0 0 0.989377
0 1 4 14 0 1 0
0 1 5 13 1 0 0
0 1 5 14 1 1 0.982227
0 2 13 23 0 0 0.99
0 2 13 24 0 1 0
0 2 14 23 1 0 0
0 2 14 24 1 1 0.954879
0 3 0 4 0 0 0.920476
0 3 0 5 0 1 0
0 3 1 4 1 0 0
0 3 1 5 1 1 0.872923
0 4 0 6 0 0 0.920397
0 4 0 7 0 1 0
0 4 1 6 1 0 0
0 4 1 7 1 1 0.879796
0 5 6 15 0 0 0.985653
0 5 6 16 0 1 0
0 5 7 15 1 0 0
0 5 7 16 1 1 0.96229
0 6 15 25 0 0 0.99873
0 6 15 26 0 1 0
0 6 16 25 1 0 0
0 6 16 26 1 1 0.981309
0 7 2 9 0 0 0.994985
0 7 2 10 0 1 0
0 7 3 9 1 0 0
0 7 3 10 1 1 0.980653
0 8 9 20 0 0 0.985311
0 8 10 20 1 0 0
0 9 20 27 0 0 0.946467
0 10 9 17 0 0 0.999228
0 10 10 17 1 0 0
0 11 2 11 0 0 0.988734
0 11 2 12 0 1 0
0 11 3 11 1 0 0
0 11 3 12 1 1 0.994878
0 12 11 21 0 0 0
0 12 11 22 0 1 0.987593
0 12 12 21 1 0 0.990923
0 12 12 22 1 1 0
0 13 21 28 0 0 0.95389
0 13 21 29 0 1 0
0 13 22 28 1 0 0
0 13 22 29 1 1 0.964411
0 14 11 18 0 0 0.996188
0 14 11 19 0 1 0
0 14 12 18 1 0 0
0 14 12 19 1 1 0.9918
0 15 2 8 0 0 0
0 15 3 8 1 0 0.993003
0 16 25 30 0 0 0.950846
0 16 25 31 0 1 0
0 16 26 30 1 0 0
0 16 26 31 1 1 0.710685
0 17 23 32 0 0 0.959208
0 17 23 33 0 1 0
0 17 24 32 1 0 0
0 17 24 33 1 1 0.722432
1 0 37 34 0 0 0.9846
1 0 37 35 0 1 0
1 0 37 36 0 2 0
1 0 38 34 1 0 0
1 0 38 35 1 1 0
1 0 38 36 1 2 0.950327
1 0 39 34 2 0 0
1 0 39 35 2 1 0.997047
1 0 39 36 2 2 0
1 1 40 54 0 0 0
1 1 40 55 0 1 0
1 1 40 56 0 2 0.999541
1 1 41 54 1 0 0.985767
1 1 41 55 1 1 0
1 1 41 56 1 2 0
1 1 42 54 2 0 0
1 1 42 55 2 1 0.974669
1 1 42 56 2 2 0
1 2 54 69 0 0 0.997675
1 2 54 70 0 1 0
1 2 54 71 0 2 0
1 2 55 69 1 0 0
1 2 55 70 1 1 0
1 2 55 71 1 2 0.988409
1 2 56 69 2 0 0
1 2 56 70 2 1 0.995145
1 2 56 71 2 2 0
1 3 34 40 0 0 0.911905
1 3 34 41 0 1 0
1 3 34 42 0 2 0
1 3 35 40 1 0 0
1 3 35 41 1 1 0.973377
1 3 35 42 1 2 0
1 3 36 40 2 0 0
1 3 36 41 2 1 0
1 3 36 42 2 2 0.853537
1 4 34 43 0 0 0.916398
1 4 34 44 0 1 0
1 4 34 45 0 2 0
1 4 35 43 1 0 0
1 4 35 44 1 1 0.969855
1 4 35 45 1 2 0
1 4 36 43 2 0 0
1 4 36 44 2 1 0
1 4 36 45 2 2 0.828731
1 5 43 57 0 0 0
1 5 43 58 0 1 0
1 5 43 59 0 2 0.991575
1 5 44 57 1 0 0.267508
1 5 44 58 1 1 0.25466
1 5 44 59 1 2 0
1 5 45 57 2 0 0.254282
1 5 45 58 2 1 0.267728
1 5 45 59 2 2 0
1 6 57 72 0 0 0.255215
1 6 57 73 0 1 0.249624
1 6 57 74 0 2 0
1 6 58 72 1 0 0.249591
1 6 58 73 1 1 0.255149
1 6 58 74 1 2 0
1 6 59 72 2 0 0
1 6 59 73 2 1 0
1 6 59 74 2 2 0.996836
1 7 37 48 0 0 0.992527
1 7 37 49 0 1 0
1 7 37 50 0 2 0
1 7 38 48 1 0 0
1 7 38 49 1 1 0.844096
1 7 38 50 1 2 0
1 7 39 48 2 0 0
1 7 39 49 2 1 0
1 7 39 50 2 2 0.989199
1 8 48 64 0 0 0.979252
1 8 48 65 0 1 0
1 8 49 64 1 0 0
1 8 49 65 1 1 0
1 8 50 64 2 0 0
1 8 50 65 2 1 0.989871
1 9 64 75 0 0 0
1 9 64 76 0 1 0.965965
1 9 65 75 1 0 0.989169
1 9 65 76 1 1 0
1 10 48 60 0 0 0
1 10 49 60 1 0 0.70115
1 10 50 60 2 0 0
1 11 37 51 0 0 0.99058
1 11 37 52 0 1 0
1 11 37 53 0 2 0
1 11 38 51 1 0 0
1 11 38 52 1 1 0.843269
1 11 38 53 1 2 0
1 11 39 51 2 0 0
1 11 39 52 2 1 0
1 11 39 53 2 2 0.996084
1 12 51 66 0 0 0.996231
1 12 51 67 0 1 0
1 12 51 68 0 2 0
1 12 52 66 1 0 0
1 12 52 67 1 1 0.251615
1 12 52 68 1 2 0.263815
1 12 53 66 2 0 0
1 12 53 67 2 1 0.263806
1 12 53 68 2 2 0.251785
1 13 66 77 0 0 0
1 13 66 78 0 1 0.988731
1 13 66 79 0 2 0
1 13 67 77 1 0 0.288747
1 13 67 78 1 1 0
1 13 67 79 1 2 0.254809
1 13 68 77 2 0 0.252487
1 13 68 78 2 1 0
1 13 68 79 2 2 0.288147
1 14 51 61 0 0 0.996742
1 14 51 62 0 1 0
1 14 51 63 0 2 0
1 14 52 61 1 0 0
1 14 52 62 1 1 0.262374
1 14 52 63 1 2 0.249465
1 14 53 61 2 0 0
1 14 53 62 2 1 0.249576
1 14 53 63 2 2 0.262424
1 15 37 46 0 0 0.99203
1 15 37 47 0 1 0
1 15 38 46 1 0 0
1 15 38 47 1 1 0
1 15 39 46 2 0 0
1 15 39 47 2 1 0.984534
1 16 72 80 0 0 0.721732
1 16 72 81 0 1 0
1 16 72 82 0 2 0
1 16 73 80 1 0 0
1 16 73 81 1 1 0.982036
1 16 73 82 1 2 0
1 16 74 80 2 0 0
1 16 74 81 2 1 0
1 16 74 82 2 2 0.954973
1 17 69 83 0 0 0.967238
1 17 69 84 0 1 0
1 17 69 85 0 2 0
1 17 70 83 1 0 0
1 17 70 84 1 1 0
1 17 70 85 1 2 0.943233
1 17 71 83 2 0 0
1 17 71 84 2 1 0.838964
1 17 71 85 2 2 0
2 0 89 86 0 0 0.994272
2 0 89 87 0 1 0
2 0 89 88 0 2 0
2 0 90 86 1 0 0
2 0 90 87 1 1 0.976925
2 0 90 88 1 2 0
2 0 91 86 2 0 0
2 0 91 87 2 1 0
2 0 91 88 2 2 0.952833
2 1 92 107 0 0 0.985854
2 1 92 108 0 1 0
2 1 93 107 1 0 0
2 1 93 108 1 1 0.84769
2 1 94 107 2 0 0
2 1 94 108 2 1 0
2 2 107 120 0 0 0.997308
2 2 108 120 1 0 0
2 3 86 92 0 0 0.946908
2 3 86 93 0 1 0
2 3 86 94 0 2 0
2 3 87 92 1 0 0
2 3 87 93 1 1 0.914252
2 3 87 94 1 2 0
2 3 88 92 2 0 0
2 3 88 93 2 1 0
2 3 88 94 2 2 0.820812
2 4 86 95 0 0 0.924792
2 4 86 96 0 1 0
2 4 86 97 0 2 0
2 4 87 95 1 0 0
2 4 87 96 1 1 0.922609
2 4 87 97 1 2 0
2 4 88 95 2 0 0
2 4 88 96 2 1 0
2 4 88 97 2 2 0.837829
2 5 95 109 0 0 0.994942
2 5 95 110 0 1 0
2 5 96 109 1 0 0
2 5 96 110 1 1 0.973429
2 5 97 109 2 0 0
2 5 97 110 2 1 0
2 6 109 121 0 0 0.987515
2 6 109 122 0 1 0
2 6 110 121 1 0 0
2 6 110 122 1 1 0.974616
2 7 89 101 0 0 0.964783
2 7 89 102 0 1 0
2 7 89 103 0 2 0
2 7 90 101 1 0 0
2 7 90 102 1 1 0.99416
2 7 90 103 1 2 0
2 7 91 101 2 0 0
2 7 91 102 2 1 0
2 7 91 103 2 2 0.924669
2 8 101 114 0 0 0.975223
2 8 101 115 0 1 0
2 8 101 116 0 2 0
2 8 102 114 1 0 0
2 8 102 115 1 1 0.961371
2 8 102 116 1 2 0
2 8 103 114 2 0 0
2 8 103 115 2 1 0
2 8 103 116 2 2 0.978105
2 9 114 123 0 0 0.987354
2 9 114 124 0 1 0
2 9 114 125 0 2 0
2 9 115 123 1 0 0
2 9 115 124 1 1 0.977258
2 9 115 125 1 2 0
2 9 116 123 2 0 0
2 9 116 124 2 1 0
2 9 116 125 2 2 0.99735
2 10 101 111 0 0 0.964184
2 10 101 112 0 1 0
2 10 102 111 1 0 0
2 10 102 112 1 1 0
2 10 103 111 2 0 0
2 10 103 112 2 1 0.952392
2 11 89 104 0 0 0.98252
2 11 89 105 0 1 0
2 11 89 106 0 2 0
2 11 90 104 1 0 0
2 11 90 105 1 1 0.997948
2 11 90 106 1 2 0
2 11 91 104 2 0 0
2 11 91 105 2 1 0
2 11 91 106 2 2 0.896362
2 12 104 117 0 0 0.999778
2 12 104 118 0 1 0
2 12 104 119 0 2 0
2 12 105 117 1 0 0
2 12 105 118 1 1 0.993149
2 12 105 119 1 2 0
2 12 106 117 2 0 0
2 12 106 118 2 1 0
2 12 106 119 2 2 0.819764
2 13 117 126 0 0 0.994347
2 13 117 127 0 1 0
2 13 117 128 0 2 0
2 13 118 126 1 0 0
2 13 118 127 1 1 0.981353
2 13 118 128 1 2 0
2 13 119 126 2 0 0
2 13 119 127 2 1 0
2 13 119 128 2 2 0.868698
2 14 104 113 0 0 0
2 14 105 113 1 0 0.986938
2 14 106 113 2 0 0
2 15 89 98 0 0 0.949893
2 15 89 99 0 1 0
2 15 89 100 0 2 0
2 15 90 98 1 0 0
2 15 90 99 1 1 0.991927
2 15 90 100 1 2 0
2 15 91 98 2 0 0
2 15 91 99 2 1 0
2 15 91 100 2 2 0.9498
2 16 121 129 0 0 0.997367
2 16 121 130 0 1 0
2 16 122 129 1 0 0
2 16 122 130 1 1 0.845732
2 17 120 131 0 0 0.967025
3 0 135 132 0 0 0
3 0 135 133 0 1 0
3 0 135 134 0 2 0.980004
3 0 136 132 1 0 0
3 0 136 133 1 1 0.964147
3 0 136 134 1 2 0
3 0 137 132 2 0 0.993101
3 0 137 133 2 1 0
3 0 137 134 2 2 0
3 1 138 153 0 0 0.997302
3 1 138 154 0 1 0
3 1 138 155 0 2 0
3 1 139 153 1 0 0
3 1 139 154 1 1 0.950427
3 1 139 155 1 2 0
3 1 140 153 2 0 0
3 1 140 154 2 1 0
3 1 140 155 2 2 0.956416
3 2 153 167 0 0 0.980185
3 2 153 168 0 1 0
3 2 153 169 0 2 0
3 2 154 167 1 0 0
3 2 154 168 1 1 0.990836
3 2 154 169 1 2 0
3 2 155 167 2 0 0
3 2 155 168 2 1 0
3 2 155 169 2 2 0.961393
3 3 132 138 0 0 0.940706
3 3 132 139 0 1 0
3 3 132 140 0 2 0
3 3 133 138 1 0 0
3 3 133 139 1 1 0.895687
3 3 133 140 1 2 0
3 3 134 138 2 0 0
3 3 134 139 2 1 0
3 3 134 140 2 2 0.898829
3 4 132 141 0 0 0.948577
3 4 132 142 0 1 0
3 4 132 143 0 2 0
3 4 133 141 1 0 0
3 4 133 142 1 1 0.885699
3 4 133 143 1 2 0
3 4 134 141 2 0 0
3 4 134 142 2 1 0
3 4 134 143 2 2 0.888403
3 5 141 156 0 0 0.99021
3 5 141 157 0 1 0
3 5 141 158 0 2 0
3 5 142 156 1 0 0
3 5 142 157 1 1 0.950045
3 5 142 158 1 2 0
3 5 143 156 2 0 0
3 5 143 157 2 1 0
3 5 143 158 2 2 0.944738
3 6 156 170 0 0 0.999505
3 6 156 171 0 1 0
3 6 156 172 0 2 0
3 6 157 170 1 0 0
3 6 157 171 1 1 0.989266
3 6 157 172 1 2 0
3 6 158 170 2 0 0
3 6 158 171 2 1 0
3 6 158 172 2 2 0.975117
3 7 135 147 0 0 0.982901
3 7 135 148 0 1 0
3 7 135 149 0 2 0
3 7 136 147 1 0 0
3 7 136 148 1 1 0.960325
3 7 136 149 1 2 0
3 7 137 147 2 0 0
3 7 137 148 2 1 0
3 7 137 149 2 2 0.998659
3 8 147 162 0 0 0
3 8 147 163 0 1 0
3 8 147 164 0 2 0.990858
3 8 148 162 1 0 0.960548
3 8 148 163 1 1 0
3 8 148 164 1 2 0
3 8 149 162 2 0 0
3 8 149 163 2 1 0.996555
3 8 149 164 2 2 0
3 9 162 173 0 0 0.98637
3 9 162 174 0 1 0
3 9 162 175 0 2 0
3 9 163 173 1 0 0
3 9 163 174 1 1 0.989578
3 9 163 175 1 2 0
3 9 164 173 2 0 0
3 9 164 174 2 1 0
3 9 164 175 2 2 0.998982
3 10 147 159 0 0 0.990405
3 10 147 160 0 1 0
3 10 148 159 1 0 0
3 10 148 160 1 1 0.983472
3 10 149 159 2 0 0
3 10 149 160 2 1 0
3 11 135 150 0 0 0.984434
3 11 135 151 0 1 0
3 11 135 152 0 2 0
3 11 136 150 1 0 0
3 11 136 151 1 1 0.938734
3 11 136 152 1 2 0
3 11 137 150 2 0 0
3 11 137 151 2 1 0
3 11 137 152 2 2 0.998668
3 12 150 165 0 0 0
3 12 150 166 0 1 0.934778
3 12 151 165 1 0 0
3 12 151 166 1 1 0
3 12 152 165 2 0 0.995915
3 12 152 166 2 1 0
3 13 165 176 0 0 0.973227
3 13 165 177 0 1 0
3 13 166 176 1 0 0
3 13 166 177 1 1 0.949872
3 14 150 161 0 0 0
3 14 151 161 1 0 0
3 14 152 161 2 0 0.990152
3 15 135 144 0 0 0.920768
3 15 135 145 0 1 0
3 15 135 146 0 2 0
3 15 136 144 1 0 0
3 15 136 145 1 1 0.955478
3 15 136 146 1 2 0
3 15 137 144 2 0 0
3 15 137 145 2 1 0
3 15 137 146 2 2 0.992141
3 16 170 178 0 0 0
3 16 170 179 0 1 0.958171
3 16 170 180 0 2 0
3 16 171 178 1 0 0.990866
3 16 171 179 1 1 0
3 16 171 180 1 2 0
3 16 172 178 2 0 0
3 16 172 179 2 1 0
3 16 172 180 2 2 0.889566
3 17 167 181 0 0 0.998934
3 17 167 182 0 1 0
3 17 167 183 0 2 0
3 17 168 181 1 0 0
3 17 168 182 1 1 0.978945
3 17 168 183 1 2 0
3 17 169 181 2 0 0
3 17 169 182 2 1 0
3 17 169 183 2 2 0.796583
4 0 186 184 0 0 0
4 0 186 185 0 1 0.993159
4 0 187 184 1 0 0.974876
4 0 187 185 1 1 0
4 1 188 197 0 0 0.982798
4 1 188 198 0 1 0
4 1 189 197 1 0 0
4 1 189 198 1 1 0.968983
4 2 197 211 0 0 0.999043
4 2 197 212 0 1 0
4 2 198 211 1 0 0
4 2 198 212 1 1 0.992065
4 3 184 188 0 0 0.939509
4 3 184 189 0 1 0
4 3 185 188 1 0 0
4 3 185 189 1 1 0.870056
4 4 184 190 0 0 0.938138
4 4 184 191 0 1 0
4 4 185 190 1 0 0
4 4 185 191 1 1 0.865034
4 5 190 199 0 0 0.959882
4 5 190 200 0 1 0
4 5 190 201 0 2 0
4 5 191 199 1 0 0
4 5 191 200 1 1 0.487266
4 5 191 201 1 2 0.512734
4 6 199 213 0 0 0.994977
4 6 199 214 0 1 0
4 6 199 215 0 2 0
4 6 200 213 1 0 0
4 6 200 214 1 1 0.329531
4 6 200 215 1 2 0.272306
4 6 201 213 2 0 0
4 6 201 214 2 1 0.265912
4 6 201 215 2 2 0.32619
4 7 186 193 0 0 0.985554
4 7 186 194 0 1 0
4 7 187 193 1 0 0
4 7 187 194 1 1 0.98979
4 8 193 207 0 0 0
4 8 193 208 0 1 0.990263
4 8 194 207 1 0 0.84297
4 8 194 208 1 1 0
4 9 207 216 0 0 0
4 9 208 216 1 0 0.977938
4 10 193 202 0 0 0.983757
4 10 193 203 0 1 0
4 10 193 204 0 2 0
4 10 194 202 1 0 0
4 10 194 203 1 1 0.958869
4 10 194 204 1 2 0
4 11 186 195 0 0 0.977955
4 11 186 196 0 1 0
4 11 187 195 1 0 0
4 11 187 196 1 1 0.991611
4 12 195 209 0 0 0
4 12 195 210 0 1 0.966097
4 12 196 209 1 0 0.985063
4 12 196 210 1 1 0
4 13 209 217 0 0 0.973836
4 13 209 218 0 1 0
4 13 210 217 1 0 0
4 13 210 218 1 1 0.990101
4 14 195 205 0 0 0.852329
4 14 195 206 0 1 0
4 14 196 205 1 0 0
4 14 196 206 1 1 0.975562
4 15 186 192 0 0 0
4 15 187 192 1 0 0
4 16 213 219 0 0 0.897591
4 16 213 220 0 1 0
4 16 213 221 0 2 0
4 16 214 219 1 0 0
4 16 214 220 1 1 0.668849
4 16 214 221 1 2 0
4 16 215 219 2 0 0
4 16 215 220 2 1 0
4 16 215 221 2 2 0.684255
4 17 211 222 0 0 0.870365
4 17 211 223 0 1 0
4 17 212 222 1 0 0
4 17 212 223 1 1 0.911166
E jointIdx viewA viewB aOverAllIdx bOverallIdx score
0 0 1 0 34 0.101957
0 0 1 0 35 0.547537
0 0 1 0 36 0.178733
0 0 1 1 34 -1
0 0 1 1 35 0.260079
0 0 1 1 36 0.758468
0 0 2 0 86 0.962139
0 0 2 0 87 -1
0 0 2 0 88 -1
0 0 2 1 86 -1
0 0 2 1 87 0.944425
0 0 2 1 88 -1
0 0 3 0 132 -1
0 0 3 0 133 0.965953
0 0 3 0 134 -1
0 0 3 1 132 0.90955
0 0 3 1 133 -1
0 0 3 1 134 -1
0 0 4 0 184 -1
0 0 4 0 185 0.639445
0 0 4 1 184 -1
0 0 4 1 185 0.360555
0 1 2 34 86 -1
0 1 2 34 87 -1
0 1 2 34 88 0.635357
0 1 2 35 86 0.938395
0 1 2 35 87 0.0160925
0 1 2 35 88 -1
0 1 2 36 86 -1
0 1 2 36 87 0.949627
0 1 2 36 88 -1
0 1 3 34 132 -1
0 1 3 34 133 -1
0 1 3 34 134 0.92331
0 1 3 35 132 0.999258
0 1 3 35 133 0.872665
0 1 3 35 134 -1
0 1 3 36 132 0.963365
0 1 3 36 133 0.902245
0 1 3 36 134 -1
0 1 4 34 184 0.845288
0 1 4 34 185 -1
0 1 4 35 184 -1
0 1 4 35 185 0.979881
0 1 4 36 184 -1
0 1 4 36 185 -1
0 2 3 86 132 -1
0 2 3 86 133 0.925557
0 2 3 86 134 -1
0 2 3 87 132 0.846437
0 2 3 87 133 -1
0 2 3 87 134 -1
0 2 3 88 132 -1
0 2 3 88 133 -1
0 2 3 88 134 0.484119
0 2 4 86 184 -1
0 2 4 86 185 0.953982
0 2 4 87 184 -1
0 2 4 87 185 -1
0 2 4 88 184 0.876051
0 2 4 88 185 -1
0 3 4 132 184 0.268695
0 3 4 132 185 -1
0 3 4 133 184 0.203016
0 3 4 133 185 0.570629
0 3 4 134 184 0.416479
0 3 4 134 185 -1
1 0 1 2 37 0.141892
1 0 1 2 38 0.317913
1 0 1 2 39 0.267792
1 0 1 3 37 -1
1 0 1 3 38 0.440935
1 0 1 3 39 0.529075
1 0 2 2 89 -1
1 0 2 2 90 0.975659
1 0 2 2 91 -1
1 0 2 3 89 0.980949
1 0 2 3 90 -1
1 0 2 3 91 -1
1 0 3 2 135 -1
1 0 3 2 136 0.447081
1 0 3 2 137 0.53932
1 0 3 3 135 -1
1 0 3 3 136 0.552919
1 0 3 3 137 0.46068
1 0 4 2 186 0.287976
1 0 4 2 187 0.41157
1 0 4 3 186 0.398593
1 0 4 3 187 0.281528
1 1 2 37 89 -1
1 1 2 37 90 -1
1 1 2 37 91 0.761547
1 1 2 38 89 -1
1 1 2 38 90 0.846075
1 1 2 38 91 -1
1 1 2 39 89 0.961003
1 1 2 39 90 -1
1 1 2 39 91 -1
1 1 3 37 135 0.711978
1 1 3 37 136 0.0477492
1 1 3 37 137 0.118624
1 1 3 38 135 0.09345
1 1 3 38 136 0.24976
1 1 3 38 137 0.290562
1 1 3 39 135 -1
1 1 3 39 136 0.592819
1 1 3 39 137 0.44879
1 1 4 37 186 -1
1 1 4 37 187 0.940681
1 1 4 38 186 0.044861
1 1 4 38 187 -1
1 1 4 39 186 0.813191
1 1 4 39 187 -1
1 2 3 89 135 -1
1 2 3 89 136 0.871217
1 2 3 89 137 -1
1 2 3 90 135 -1
1 2 3 90 136 -1
1 2 3 90 137 0.960157
1 2 3 91 135 0.677873
1 2 3 91 136 -1
1 2 3 91 137 -1
1 2 4 89 186 0.902392
1 2 4 89 187 -1
1 2 4 90 186 0.739958
1 2 4 90 187 -1
1 2 4 91 186 -1
1 2 4 91 187 0.992595
1 3 4 135 186 0.219829
1 3 4 135 187 0.188092
1 3 4 136 186 0.210012
1 3 4 136 187 0.196586
1 3 4 137 186 0.169734
1 3 4 137 187 0.231433
2 0 1 4 40 0.0748467
2 0 1 4 41 0.619288
2 0 1 4 42 0.169373
2 0 1 5 40 -1
2 0 1 5 41 0.15267
2 0 1 5 42 0.768259
2 0 2 4 92 0.852305
2 0 2 4 93 -1
2 0 2 4 94 -1
2 0 2 5 92 -1
2 0 2 5 93 0.939978
2 0 2 5 94 -1
2 0 3 4 138 -1
2 0 3 4 139 0.780164
2 0 3 4 140 -1
2 0 3 5 138 0.898765
2 0 3 5 139 -1
2 0 3 5 140 -1
2 0 4 4 188 -1
2 0 4 4 189 0.511292
2 0 4 5 188 -1
2 0 4 5 189 0.488708
2 1 2 40 92 -1
2 1 2 40 93 -1
2 1 2 40 94 0.843075
2 1 2 41 92 0.768823
2 1 2 41 93 -1
2 1 2 41 94 -1
2 1 2 42 92 -1
2 1 2 42 93 0.791135
2 1 2 42 94 -1
2 1 3 40 138 -1
2 1 3 40 139 -1
2 1 3 40 140 0.982061
2 1 3 41 138 0.799145
2 1 3 41 139 0.74872
2 1 3 41 140 -1
2 1 3 42 138 0.971875
2 1 3 42 139 0.973986
2 1 3 42 140 -1
2 1 4 40 188 0.845283
2 1 4 40 189 -1
2 1 4 41 188 -1
2 1 4 41 189 0.895003
2 1 4 42 188 -1
2 1 4 42 189 -1
2 2 3 92 138 -1
2 2 3 92 139 0.908367
2 2 3 92 140 -1
2 2 3 93 138 0.92163
2 2 3 93 139 -1
2 2 3 93 140 -1
2 2 3 94 138 -1
2 2 3 94 139 -1
2 2 3 94 140 0.718436
2 2 4 92 188 -1
2 2 4 92 189 0.849569
2 2 4 93 188 -1
2 2 4 93 189 -1
2 2 4 94 188 0.708405
2 2 4 94 189 -1
2 3 4 138 188 0.250513
2 3 4 138 189 -1
2 3 4 139 188 0.242445
2 3 4 139 189 0.532486
2 3 4 140 188 0.385069
2 3 4 140 189 -1
3 0 1 6 43 0.176517
3 0 1 6 44 0.483617
3 0 1 6 45 0.174872
3 0 1 7 43 -1
3 0 1 7 44 0.314144
3 0 1 7 45 0.751999
3 0 2 6 95 0.875403
3 0 2 6 96 -1
3 0 2 6 97 -1
3 0 2 7 95 -1
3 0 2 7 96 0.722658
3 0 2 7 97 -1
3 0 3 6 141 -1
3 0 3 6 142 0.812559
3 0 3 6 143 -1
3 0 3 7 141 0.866606
3 0 3 7 142 -1
3 0 3 7 143 -1
3 0 4 6 190 -1
3 0 4 6 191 0.835226
3 0 4 7 190 -1
3 0 4 7 191 -1
3 1 2 43 95 -1
3 1 2 43 96 -1
3 1 2 43 97 0.43024
3 1 2 44 95 0.985214
3 1 2 44 96 0.238849
3 1 2 44 97 -1
3 1 2 45 95 0.230483
3 1 2 45 96 0.770655
3 1 2 45 97 -1
3 1 3 43 141 -1
3 1 3 43 142 -1
3 1 3 43 143 0.914742
3 1 3 44 141 0.85125
3 1 3 44 142 0.998773
3 1 3 44 143 -1
3 1 3 45 141 0.936073
3 1 3 45 142 0.877035
3 1 3 45 143 -1
3 1 4 43 190 0.812357
3 1 4 43 191 -1
3 1 4 44 190 -1
3 1 4 44 191 0.822874
3 1 4 45 190 -1
3 1 4 45 191 0.0525956
3 2 3 95 141 -1
3 2 3 95 142 0.888724
3 2 3 95 143 -1
3 2 3 96 141 0.596721
3 2 3 96 142 -1
3 2 3 96 143 -1
3 2 3 97 141 -1
3 2 3 97 142 -1
3 2 3 97 143 0.177831
3 2 4 95 190 -1
3 2 4 95 191 0.869917
3 2 4 96 190 -1
3 2 4 96 191 -1
3 2 4 97 190 0.888407
3 2 4 97 191 -1
3 3 4 141 190 0.267046
3 3 4 141 191 -1
3 3 4 142 190 0.182695
3 3 4 142 191 0.610184
3 3 4 143 190 0.425001
3 3 4 143 191 0.0931769
4 0 1 8 46 -1
4 0 1 8 47 0.91029
4 0 2 8 98 0.884531
4 0 2 8 99 0.402162
4 0 2 8 100 -1
4 0 3 8 144 -1
4 0 3 8 145 0.992937
4 0 3 8 146 0.446671
4 0 4 8 192 0.832679
4 1 2 46 98 -1
4 1 2 46 99 -1
4 1 2 46 100 0.921155
4 1 2 47 98 0.95338
4 1 2 47 99 0.198546
4 1 2 47 100 -1
4 1 3 46 144 0.922798
4 1 3 46 145 -1
4 1 3 46 146 -1
4 1 3 47 144 -1
4 1 3 47 145 0.910198
4 1 3 47 146 0.996908
4 1 4 46 192 -1
4 1 4 47 192 -1
4 2 3 98 144 -1
4 2 3 98 145 0.871376
4 2 3 98 146 -1
4 2 3 99 144 -1
4 2 3 99 145 -1
4 2 3 99 146 0.995736
4 2 3 100 144 0.999567
4 2 3 100 145 -1
4 2 3 100 146 -1
4 2 4 98 192 0.925525
4 2 4 99 192 0.924418
4 2 4 100 192 -1
4 3 4 144 192 0.301134
4 3 4 145 192 0.265382
4 3 4 146 192 0.433484
5 0 1 9 48 -1
5 0 1 9 49 0.526956
5 0 1 9 50 0.491597
5 0 1 10 48 -1
5 0 1 10 49 0.473044
5 0 1 10 50 0.508403
5 0 2 9 101 0.357116
5 0 2 9 102 0.749703
5 0 2 9 103 -1
5 0 2 10 101 0.642884
5 0 2 10 102 0.250297
5 0 2 10 103 -1
5 0 3 9 147 -1
5 0 3 9 148 0.484453
5 0 3 9 149 0.513636
5 0 3 10 147 -1
5 0 3 10 148 0.515547
5 0 3 10 149 0.486364
5 0 4 9 193 0.306499
5 0 4 9 194 0.361038
5 0 4 10 193 0.349577
5 0 4 10 194 0.295038
5 1 2 48 101 -1
5 1 2 48 102 -1
5 1 2 48 103 0.914988
5 1 2 49 101 -1
5 1 2 49 102 0.591081
5 1 2 49 103 -1
5 1 2 50 101 0.999998
5 1 2 50 102 -1
5 1 2 50 103 -1
5 1 3 48 147 0.933739
5 1 3 48 148 -1
5 1 3 48 149 0.0522173
5 1 3 49 147 0.0231542
5 1 3 49 148 0.351264
5 1 3 49 149 0.405254
5 1 3 50 147 -1
5 1 3 50 148 0.963708
5 1 3 50 149 0.541669
5 1 4 48 193 -1
5 1 4 48 194 0.816314
5 1 4 49 193 -1
5 1 4 49 194 -1
5 1 4 50 193 0.962617
5 1 4 50 194 -1
5 2 3 101 147 -1
5 2 3 101 148 0.977114
5 2 3 101 149 -1
5 2 3 102 147 -1
5 2 3 102 148 -1
5 2 3 102 149 0.931845
5 2 3 103 147 0.922372
5 2 3 103 148 -1
5 2 3 103 149 -1
5 2 4 101 193 0.851991
5 2 4 101 194 -1
5 2 4 102 193 0.0149816
5 2 4 102 194 -1
5 2 4 103 193 -1
5 2 4 103 194 0.664283
5 3 4 147 193 0.217263
5 3 4 147 194 0.174094
5 3 4 148 193 0.191891
5 3 4 148 194 0.197097
5 3 4 149 193 0.170843
5 3 4 149 194 0.216178
6 0 1 11 51 0.325526
6 0 1 11 52 0.264867
6 0 1 11 53 0.171875
6 0 1 12 51 -1
6 0 1 12 52 0.373083
6 0 1 12 53 0.593186
6 0 2 11 104 -1
6 0 2 11 105 0.930826
6 0 2 11 106 -1
6 0 2 12 104 0.942058
6 0 2 12 105 -1
6 0 2 12 106 -1
6 0 3 11 150 -1
6 0 3 11 151 0.391097
6 0 3 11 152 0.567431
6 0 3 12 150 -1
6 0 3 12 151 0.608903
6 0 3 12 152 0.432569
6 0 4 11 195 0.304443
6 0 4 11 196 0.460841
6 0 4 12 195 0.44624
6 0 4 12 196 0.309913
6 1 2 51 104 -1
6 1 2 51 105 -1
6 1 2 51 106 0.687779
6 1 2 52 104 -1
6 1 2 52 105 0.924181
6 1 2 52 106 -1
6 1 2 53 104 0.987745
6 1 2 53 105 0.21897
6 1 2 53 106 -1
6 1 3 51 150 0.49254
6 1 3 51 151 0.11059
6 1 3 51 152 0.143188
6 1 3 52 150 0.117298
6 1 3 52 151 0.215168
6 1 3 52 152 0.229197
6 1 3 53 150 -1
6 1 3 53 151 0.449877
6 1 3 53 152 0.373659
6 1 4 51 195 -1
6 1 4 51 196 0.926912
6 1 4 52 195 0.722138
6 1 4 52 196 -1
6 1 4 53 195 0.84034
6 1 4 53 196 -1
6 2 3 104 150 -1
6 2 3 104 151 0.966982
6 2 3 104 152 -1
6 2 3 105 150 -1
6 2 3 105 151 -1
6 2 3 105 152 0.931149
6 2 3 106 150 0.450212
6 2 3 106 151 -1
6 2 3 106 152 -1
6 2 4 104 195 0.808825
6 2 4 104 196 -1
6 2 4 105 195 0.429621
6 2 4 105 196 -1
6 2 4 106 195 -1
6 2 4 106 196 0.752195
6 3 4 150 195 0.219804
6 3 4 150 196 0.198467
6 3 4 151 195 0.229365
6 3 4 151 196 0.190054
6 3 4 152 195 0.158602
6 3 4 152 196 0.252317
7 0 1 13 54 0.941594
7 0 1 13 55 -1
7 0 1 13 56 0.953876
7 0 1 14 54 -1
7 0 1 14 55 0.899709
7 0 1 14 56 -1
7 0 2 13 107 0.957984
7 0 2 13 108 -1
7 0 2 14 107 -1
7 0 2 14 108 0.531871
7 0 3 13 153 -1
7 0 3 13 154 0.97598
7 0 3 13 155 -1
7 0 3 14 153 0.866736
7 0 3 14 154 -1
7 0 3 14 155 -1
7 0 4 13 197 -1
7 0 4 13 198 0.594416
7 0 4 14 197 -1
7 0 4 14 198 0.405584
7 1 2 54 107 0.594461
7 1 2 54 108 0.405539
7 1 2 55 107 -1
7 1 2 55 108 0.0841431
7 1 2 56 107 -1
7 1 2 56 108 -1
7 1 3 54 153 0.942263
7 1 3 54 154 0.828009
7 1 3 54 155 -1
7 1 3 55 153 0.902673
7 1 3 55 154 0.837074
7 1 3 55 155 -1
7 1 3 56 153 -1
7 1 3 56 154 -1
7 1 3 56 155 0.935497
7 1 4 54 197 -1
7 1 4 54 198 0.895237
7 1 4 55 197 -1
7 1 4 55 198 -1
7 1 4 56 197 0.871571
7 1 4 56 198 -1
7 2 3 107 153 -1
7 2 3 107 154 0.959642
7 2 3 107 155 -1
7 2 3 108 153 0.589185
7 2 3 108 154 -1
7 2 3 108 155 -1
7 2 4 107 197 -1
7 2 4 107 198 0.88577
7 2 4 108 197 -1
7 2 4 108 198 -1
7 3 4 153 197 0.236161
7 3 4 153 198 -1
7 3 4 154 197 0.152215
7 3 4 154 198 0.586881
7 3 4 155 197 0.611624
7 3 4 155 198 -1
8 0 1 15 57 0.849476
8 0 1 15 58 -1
8 0 1 15 59 0.840937
8 0 1 16 57 -1
8 0 1 16 58 0.87777
8 0 1 16 59 -1
8 0 2 15 109 0.74165
8 0 2 15 110 -1
8 0 2 16 109 -1
8 0 2 16 110 0.656065
8 0 3 15 156 -1
8 0 3 15 157 0.694866
8 0 3 15 158 -1
8 0 3 16 156 0.940468
8 0 3 16 157 -1
8 0 3 16 158 -1
8 0 4 15 199 -1
8 0 4 15 200 0.505131
8 0 4 15 201 0.528412
8 0 4 16 199 -1
8 0 4 16 200 -1
8 0 4 16 201 -1
8 1 2 57 109 0.521655
8 1 2 57 110 0.478345
8 1 2 58 109 0.557449
8 1 2 58 110 0.442551
8 1 2 59 109 -1
8 1 2 59 110 -1
8 1 3 57 156 0.260416
8 1 3 57 157 0.7497
8 1 3 57 158 -1
8 1 3 58 156 0.824639
8 1 3 58 157 0.481101
8 1 3 58 158 -1
8 1 3 59 156 -1
8 1 3 59 157 -1
8 1 3 59 158 0.721555
8 1 4 57 199 -1
8 1 4 57 200 -1
8 1 4 57 201 0.892786
8 1 4 58 199 -1
8 1 4 58 200 0.454148
8 1 4 58 201 0.15679
8 1 4 59 199 0.765523
8 1 4 59 200 -1
8 1 4 59 201 -1
8 2 3 109 156 -1
8 2 3 109 157 0.987282
8 2 3 109 158 -1
8 2 3 110 156 0.565283
8 2 3 110 157 -1
8 2 3 110 158 -1
8 2 4 109 199 -1
8 2 4 109 200 -1
8 2 4 109 201 0.74155
8 2 4 110 199 -1
8 2 4 110 200 0.862307
8 2 4 110 201 -1
8 3 4 156 199 0.477359
8 3 4 156 200 0.616021
8 3 4 156 201 -1
8 3 4 157 199 -1
8 3 4 157 200 -1
8 3 4 157 201 0.870657
8 3 4 158 199 0.82068
8 3 4 158 200 0.236504
8 3 4 158 201 -1
9 0 1 17 60 0.932495
9 0 2 17 111 0.64697
9 0 2 17 112 -1
9 0 3 17 159 -1
9 0 3 17 160 -1
9 0 4 17 202 0.939105
9 0 4 17 203 -1
9 0 4 17 204 0.972766
9 1 2 60 111 -1
9 1 2 60 112 -1
9 1 3 60 159 -1
9 1 3 60 160 0.589998
9 1 4 60 202 -1
9 1 4 60 203 -1
9 1 4 60 204 0.976321
9 2 3 111 159 -1
9 2 3 111 160 0.83584
9 2 3 112 159 0.981936
9 2 3 112 160 -1
9 2 4 111 202 0.873784
9 2 4 111 203 -1
9 2 4 111 204 0.840363
9 2 4 112 202 -1
9 2 4 112 203 0.982208
9 2 4 112 204 -1
9 3 4 159 202 0.214984
9 3 4 159 203 0.264
9 3 4 159 204 0.143594
9 3 4 160 202 0.248272
9 3 4 160 203 0.204751
9 3 4 160 204 0.194765
10 0 1 18 61 0.149088
10 0 1 18 62 0.340288
10 0 1 18 63 0.204875
10 0 1 19 61 -1
10 0 1 19 62 0.358904
10 0 1 19 63 0.614018
10 0 2 18 113 0.977582
10 0 2 19 113 0.0224183
10 0 3 18 161 0.937166
10 0 3 19 161 -1
10 0 4 18 205 0.278497
10 0 4 18 206 0.0798091
10 0 4 19 205 0.721503
10 0 4 19 206 -1
10 1 2 61 113 -1
10 1 2 62 113 0.940739
10 1 2 63 113 0.223251
10 1 3 61 161 -1
10 1 3 62 161 0.993116
10 1 3 63 161 0.726299
10 1 4 61 205 -1
10 1 4 61 206 0.958468
10 1 4 62 205 0.431536
10 1 4 62 206 -1
10 1 4 63 205 0.90121
10 1 4 63 206 -1
10 2 3 113 161 0.97968
10 2 4 113 205 0.470154
10 2 4 113 206 -1
10 3 4 161 205 0.296388
10 3 4 161 206 0.673919
11 0 1 20 64 -1
11 0 1 20 65 -1
11 0 2 20 114 -1
11 0 2 20 115 0.954238
11 0 2 20 116 -1
11 0 3 20 162 -1
11 0 3 20 163 0.926085
11 0 3 20 164 -1
11 0 4 20 207 -1
11 0 4 20 208 -1
11 1 2 64 114 -1
11 1 2 64 115 -1
11 1 2 64 116 0.734272
11 1 2 65 114 0.984152
11 1 2 65 115 -1
11 1 2 65 116 -1
11 1 3 64 162 0.130179
11 1 3 64 163 0.227182
11 1 3 64 164 0.570705
11 1 3 65 162 0.451877
11 1 3 65 163 0.370014
11 1 3 65 164 0.0480747
11 1 4 64 207 0.728243
11 1 4 64 208 -1
11 1 4 65 207 0.208152
11 1 4 65 208 0.762834
11 2 3 114 162 0.889313
11 2 3 114 163 -1
11 2 3 114 164 -1
11 2 3 115 162 -1
11 2 3 115 163 0.965161
11 2 3 115 164 -1
11 2 3 116 162 -1
11 2 3 116 163 -1
11 2 3 116 164 0.863366
11 2 4 114 207 -1
11 2 4 114 208 0.980244
11 2 4 115 207 -1
11 2 4 115 208 -1
11 2 4 116 207 0.861943
11 2 4 116 208 -1
11 3 4 162 207 0.189719
11 3 4 162 208 0.192009
11 3 4 163 207 0.191887
11 3 4 163 208 0.189654
11 3 4 164 207 0.190862
11 3 4 164 208 0.190768
12 0 1 21 66 0.422054
12 0 1 21 67 0.371892
12 0 1 21 68 0.081387
12 0 1 22 66 -1
12 0 1 22 67 0.242734
12 0 1 22 68 0.834275
12 0 2 21 117 0.945626
12 0 2 21 118 -1
12 0 2 21 119 -1
12 0 2 22 117 -1
12 0 2 22 118 0.877685
12 0 2 22 119 -1
12 0 3 21 165 -1
12 0 3 21 166 -1
12 0 3 22 165 0.938397
12 0 3 22 166 -1
12 0 4 21 209 0.314482
12 0 4 21 210 0.379497
12 0 4 22 209 -1
12 0 4 22 210 0.483653
12 1 2 66 117 -1
12 1 2 66 118 -1
12 1 2 66 119 0.584739
12 1 2 67 117 0.738409
12 1 2 67 118 0.967695
12 1 2 67 119 -1
12 1 2 68 117 0.914006
12 1 2 68 118 0.894559
12 1 2 68 119 -1
12 1 3 66 165 0.200353
12 1 3 66 166 0.292961
12 1 3 67 165 0.218637
12 1 3 67 166 0.143852
12 1 3 68 165 0.266713
12 1 3 68 166 0.21381
12 1 4 66 209 0.863152
12 1 4 66 210 -1
12 1 4 67 209 -1
12 1 4 67 210 0.966263
12 1 4 68 209 -1
12 1 4 68 210 0.539628
12 2 3 117 165 -1
12 2 3 117 166 -1
12 2 3 118 165 0.959958
12 2 3 118 166 -1
12 2 3 119 165 -1
12 2 3 119 166 0.468918
12 2 4 117 209 -1
12 2 4 117 210 0.970969
12 2 4 118 209 -1
12 2 4 118 210 -1
12 2 4 119 209 0.98614
12 2 4 119 210 -1
12 3 4 165 209 0.305784
12 3 4 165 210 0.332567
12 3 4 166 209 0.33134
12 3 4 166 210 0.303053
13 0 1 23 69 0.907627
13 0 1 23 70 0.796165
13 0 1 23 71 -1
13 0 1 24 69 -1
13 0 1 24 70 -1
13 0 1 24 71 0.771751
13 0 2 23 120 0.80705
13 0 2 24 120 -1
13 0 3 23 167 -1
13 0 3 23 168 0.9203
13 0 3 23 169 -1
13 0 3 24 167 0.848296
13 0 3 24 168 -1
13 0 3 24 169 -1
13 0 4 23 211 -1
13 0 4 23 212 0.811364
13 0 4 24 211 -1
13 0 4 24 212 0.188635
13 1 2 69 120 0.827725
13 1 2 70 120 -1
13 1 2 71 120 -1
13 1 3 69 167 0.704187
13 1 3 69 168 0.921287
13 1 3 69 169 -1
13 1 3 70 167 -1
13 1 3 70 168 -1
13 1 3 70 169 0.952897
13 1 3 71 167 0.902682
13 1 3 71 168 0.779917
13 1 3 71 169 -1
13 1 4 69 211 -1
13 1 4 69 212 0.853987
13 1 4 70 211 0.595188
13 1 4 70 212 -1
13 1 4 71 211 -1
13 1 4 71 212 -1
13 2 3 120 167 -1
13 2 3 120 168 0.890642
13 2 3 120 169 -1
13 2 4 120 211 -1
13 2 4 120 212 0.984151
13 3 4 167 211 -1
13 3 4 167 212 -1
13 3 4 168 211 -1
13 3 4 168 212 0.97893
13 3 4 169 211 0.729489
13 3 4 169 212 -1
14 0 1 25 72 0.940187
14 0 1 25 73 -1
14 0 1 25 74 -1
14 0 1 26 72 -1
14 0 1 26 73 0.939553
14 0 1 26 74 -1
14 0 2 25 121 0.772787
14 0 2 25 122 -1
14 0 2 26 121 -1
14 0 2 26 122 0.580698
14 0 3 25 170 -1
14 0 3 25 171 0.831805
14 0 3 25 172 -1
14 0 3 26 170 0.88368
14 0 3 26 171 -1
14 0 3 26 172 -1
14 0 4 25 213 -1
14 0 4 25 214 -1
14 0 4 25 215 0.895249
14 0 4 26 213 -1
14 0 4 26 214 -1
14 0 4 26 215 -1
14 1 2 72 121 0.616875
14 1 2 72 122 0.383125
14 1 2 73 121 -1
14 1 2 73 122 0.492803
14 1 2 74 121 -1
14 1 2 74 122 -1
14 1 3 72 170 -1
14 1 3 72 171 0.849639
14 1 3 72 172 -1
14 1 3 73 170 0.810466
14 1 3 73 171 -1
14 1 3 73 172 -1
14 1 3 74 170 -1
14 1 3 74 171 -1
14 1 3 74 172 0.723877
14 1 4 72 213 -1
14 1 4 72 214 -1
14 1 4 72 215 0.956814
14 1 4 73 213 -1
14 1 4 73 214 -1
14 1 4 73 215 0.913333
14 1 4 74 213 0.967641
14 1 4 74 214 -1
14 1 4 74 215 -1
14 2 3 121 170 -1
14 2 3 121 171 0.942063
14 2 3 121 172 -1
14 2 3 122 170 0.34113
14 2 3 122 171 -1
14 2 3 122 172 -1
14 2 4 121 213 -1
14 2 4 121 214 -1
14 2 4 121 215 0.989218
14 2 4 122 213 -1
14 2 4 122 214 0.712133
14 2 4 122 215 -1
14 3 4 170 213 0.256911
14 3 4 170 214 0.996675
14 3 4 170 215 -1
14 3 4 171 213 -1
14 3 4 171 214 -1
14 3 4 171 215 0.926428
14 3 4 172 213 0.897722
14 3 4 172 214 -1
14 3 4 172 215 -1
15 0 1 27 75 -1
15 0 1 27 76 -1
15 0 2 27 123 -1
15 0 2 27 124 0.891327
15 0 2 27 125 -1
15 0 3 27 173 -1
15 0 3 27 174 0.838585
15 0 3 27 175 -1
15 0 4 27 216 -1
15 1 2 75 123 0.98683
15 1 2 75 124 -1
15 1 2 75 125 -1
15 1 2 76 123 -1
15 1 2 76 124 -1
15 1 2 76 125 0.849741
15 1 3 75 173 0.960647
15 1 3 75 174 0.469811
15 1 3 75 175 -1
15 1 3 76 173 -1
15 1 3 76 174 -1
15 1 3 76 175 0.677709
15 1 4 75 216 0.99487
15 1 4 76 216 -1
15 2 3 123 173 0.923701
15 2 3 123 174 -1
15 2 3 123 175 -1
15 2 3 124 173 -1
15 2 3 124 174 0.925187
15 2 3 124 175 -1
15 2 3 125 173 -1
15 2 3 125 174 -1
15 2 3 125 175 0.814867
15 2 4 123 216 0.963377
15 2 4 124 216 -1
15 2 4 125 216 -1
15 3 4 173 216 0.354808
15 3 4 174 216 0.29472
15 3 4 175 216 0.350472
16 0 1 28 77 0.955416
16 0 1 28 78 -1
16 0 1 28 79 -1
16 0 1 29 77 -1
16 0 1 29 78 -1
16 0 1 29 79 0.74817
16 0 2 28 126 0.883872
16 0 2 28 127 -1
16 0 2 28 128 -1
16 0 2 29 126 -1
16 0 2 29 127 0.624275
16 0 2 29 128 -1
16 0 3 28 176 -1
16 0 3 28 177 -1
16 0 3 29 176 0.689359
16 0 3 29 177 -1
16 0 4 28 217 0.0305309
16 0 4 28 218 0.496575
16 0 4 29 217 -1
16 0 4 29 218 0.503425
16 1 2 77 126 0.987145
16 1 2 77 127 0.407149
16 1 2 77 128 -1
16 1 2 78 126 -1
16 1 2 78 127 -1
16 1 2 78 128 0.921072
16 1 2 79 126 0.0475924
16 1 2 79 127 0.927558
16 1 2 79 128 -1
16 1 3 77 176 -1
16 1 3 77 177 -1
16 1 3 78 176 0.0495024
16 1 3 78 177 0.840814
16 1 3 79 176 0.948498
16 1 3 79 177 -1
16 1 4 77 217 -1
16 1 4 77 218 0.776997
16 1 4 78 217 0.890312
16 1 4 78 218 -1
16 1 4 79 217 -1
16 1 4 79 218 0.469446
16 2 3 126 176 -1
16 2 3 126 177 -1
16 2 3 127 176 0.943144
16 2 3 127 177 -1
16 2 3 128 176 -1
16 2 3 128 177 0.960018
16 2 4 126 217 -1
16 2 4 126 218 0.75983
16 2 4 127 217 -1
16 2 4 127 218 0.613558
16 2 4 128 217 0.872172
16 2 4 128 218 -1
16 3 4 176 217 0.250511
16 3 4 176 218 0.392789
16 3 4 177 217 0.387795
16 3 4 177 218 0.240173
17 0 1 30 80 0.809433
17 0 1 30 81 -1
17 0 1 30 82 -1
17 0 1 31 80 0.0863852
17 0 1 31 81 0.452423
17 0 1 31 82 0.452542
17 0 2 30 129 0.999052
17 0 2 30 130 -1
17 0 2 31 129 -1
17 0 2 31 130 0.472374
17 0 3 30 178 0.827985
17 0 3 30 179 -1
17 0 3 30 180 -1
17 0 3 31 178 -1
17 0 3 31 179 0.928981
17 0 3 31 180 -1
17 0 4 30 219 -1
17 0 4 30 220 0.13382
17 0 4 30 221 0.923944
17 0 4 31 219 -1
17 0 4 31 220 -1
17 0 4 31 221 -1
17 1 2 80 129 0.524949
17 1 2 80 130 0.475051
17 1 2 81 129 -1
17 1 2 81 130 -1
17 1 2 82 129 -1
17 1 2 82 130 -1
17 1 3 80 178 0.922511
17 1 3 80 179 -1
17 1 3 80 180 -1
17 1 3 81 178 -1
17 1 3 81 179 0.780719
17 1 3 81 180 -1
17 1 3 82 178 -1
17 1 3 82 179 -1
17 1 3 82 180 0.968538
17 1 4 80 219 -1
17 1 4 80 220 -1
17 1 4 80 221 0.924896
17 1 4 81 219 -1
17 1 4 81 220 -1
17 1 4 81 221 -1
17 1 4 82 219 0.957949
17 1 4 82 220 -1
17 1 4 82 221 -1
17 2 3 129 178 0.854
17 2 3 129 179 -1
17 2 3 129 180 -1
17 2 3 130 178 -1
17 2 3 130 179 0.61542
17 2 3 130 180 -1
17 2 4 129 219 -1
17 2 4 129 220 -1
17 2 4 129 221 0.630472
17 2 4 130 219 -1
17 2 4 130 220 0.847899
17 2 4 130 221 -1
17 3 4 178 219 -1
17 3 4 178 220 -1
17 3 4 178 221 0.468897
17 3 4 179 219 0.908898
17 3 4 179 220 0.506156
17 3 4 179 221 -1
17 3 4 180 219 0.987649
17 3 4 180 220 0.512202
17 3 4 180 221 -1
18 0 1 32 83 0.960452
18 0 1 32 84 -1
18 0 1 32 85 0.223167
18 0 1 33 83 -1
18 0 1 33 84 0.914923
18 0 1 33 85 -1
18 0 2 32 131 0.978121
18 0 2 33 131 -1
18 0 3 32 181 -1
18 0 3 32 182 0.762945
18 0 3 32 183 -1
18 0 3 33 181 0.874458
18 0 3 33 182 -1
18 0 3 33 183 -1
18 0 4 32 222 -1
18 0 4 32 223 0.6671
18 0 4 33 222 -1
18 0 4 33 223 0.3329
18 1 2 83 131 0.893756
18 1 2 84 131 -1
18 1 2 85 131 -1
18 1 3 83 181 0.736272
18 1 3 83 182 0.933179
18 1 3 83 183 -1
18 1 3 84 181 0.378149
18 1 3 84 182 0.522642
18 1 3 84 183 -1
18 1 3 85 181 -1
18 1 3 85 182 -1
18 1 3 85 183 0.999778
18 1 4 83 222 -1
18 1 4 83 223 0.973985
18 1 4 84 222 -1
18 1 4 84 223 -1
18 1 4 85 222 0.867649
18 1 4 85 223 -1
18 2 3 131 181 -1
18 2 3 131 182 0.797371
18 2 3 131 183 -1
18 2 4 131 222 -1
18 2 4 131 223 0.904898
18 3 4 181 222 -1
18 3 4 181 223 -1
18 3 4 182 222 -1
18 3 4 182 223 0.936548
18 3 4 183 222 0.738384
18 3 4 183 223 -1
end of Frame 175
