J OverallIdx viewIdx joint种类0-18(jointIdx) 该joint在图中的顺序(candidix) x y score
0 0 0 0 706.587 409.046 0.590596
1 0 0 1 235.68 430.135 0.577456
2 0 1 0 706.805 196.109 0.65745
3 0 1 1 252.397 204.569 0.780116
4 0 2 0 695.48 409.041 0.4859
5 0 2 1 260.842 432.319 0.579243
6 0 3 0 709.46 409.085 0.643368
7 0 3 1 213.043 423.851 0.487276
8 0 4 0 658.892 126.611 0.898686
9 0 5 0 695.461 196.094 0.538899
10 0 5 1 291.622 208.677 0.761235
11 0 6 0 213.019 198.206 0.792546
12 0 6 1 723.507 196.112 0.805595
13 0 7 0 689.877 554.619 0.563052
14 0 7 1 263.594 592.559 0.615156
15 0 8 0 706.849 565.127 0.703872
16 0 8 1 257.924 579.852 0.375046
17 0 9 0 325.147 126.5 0.885621
18 0 10 0 257.953 124.328 0.622786
19 0 10 1 706.569 126.621 0.92743
20 0 11 0 294.474 345.888 0.825409
21 0 12 0 748.836 297.292 0.883754
22 0 12 1 185.133 324.753 0.729164
23 0 13 0 706.767 685.293 0.726869
24 0 13 1 241.159 748.573 0.480528
25 0 14 0 729.231 719.021 0.745808
26 0 14 1 243.95 733.756 0.30537
27 0 15 0 664.741 341.594 0.461092
28 0 15 1 325.24 440.744 0.764081
29 0 16 0 678.649 375.358 0.790246
30 0 17 0 305.793 733.876 0.472367
31 0 17 1 661.695 738.068 0.751191
32 0 18 0 653.427 687.403 0.738634
33 0 18 1 302.864 738.04 0.412077
34 1 0 0 706.875 371.097 0.727181
35 1 0 1 617.115 396.396 0.753832
36 1 1 0 616.916 229.937 0.928417
37 1 1 1 726.307 244.612 0.899817
38 1 2 0 661.827 390.088 0.716967
39 1 3 0 731.877 369.057 0.720797
40 1 3 1 588.824 396.39 0.688264
41 1 4 0 698.256 194.004 0.910272
42 1 5 0 681.416 242.426 0.877494
43 1 6 0 566.47 229.833 0.877156
44 1 6 1 754.304 244.625 0.916781
45 1 7 0 684.353 478.66 0.724199
46 1 7 1 642.224 539.845 0.724297
47 1 8 0 731.923 476.538 0.818272
48 1 8 1 572.06 531.374 0.829656
49 1 9 0 642.255 177.162 0.429929
50 1 10 0 597.286 172.873 0.895231
51 1 10 1 731.985 194.072 0.961718
52 1 11 0 692.629 333.203 0.843918
53 1 12 0 790.813 305.77 0.871883
54 1 12 1 546.818 326.785 0.893123
55 1 13 0 703.881 565.06 0.826792
56 1 13 1 639.419 662.119 0.768873
57 1 14 0 748.718 569.348 0.820269
58 1 14 1 555.357 653.673 0.753142
59 1 15 0 681.489 394.374 0.803124
60 1 16 0 751.403 352.139 0.870107
61 1 16 1 566.47 381.624 0.785343
62 1 17 0 726.28 598.908 0.855056
63 1 17 1 566.443 653.697 0.455471
64 1 18 0 681.424 581.95 0.551433
65 1 18 1 639.325 664.271 0.431564
66 2 0 0 529.968 217.194 0.788985
67 2 0 1 720.672 400.651 0.696335
68 2 1 0 546.737 78.0842 0.90255
69 2 1 1 734.765 242.424 0.819911
70 2 2 0 504.63 215.096 0.782528
71 2 2 1 745.986 398.516 0.683154
72 2 3 0 560.846 219.3 0.7325
73 2 3 1 692.687 404.894 0.682588
74 2 4 0 549.566 37.9267 0.920111
75 2 4 1 667.407 174.976 0.871425
76 2 5 0 496.395 75.9657 0.866411
77 2 5 1 773.909 227.805 0.888308
78 2 6 0 591.758 84.324 0.861451
79 2 6 1 703.902 248.834 0.816044
80 2 7 0 487.971 312.073 0.840189
81 2 7 1 715.097 497.626 0.813398
82 2 8 0 549.748 314.238 0.871862
83 2 8 1 639.545 499.717 0.859649
84 2 9 0 527.224 25.2998 0.740771
85 2 10 0 574.812 33.7203 0.807428
86 2 10 1 717.915 177.117 0.888906
87 2 11 0 445.938 126.419 0.910485
88 2 11 1 774.083 318.378 0.798574
89 2 12 0 617 145.543 0.935099
90 2 12 1 684.159 364.774 0.874091
91 2 13 0 496.334 392.171 0.827052
92 2 13 1 698.321 584.177 0.816073
93 2 14 0 549.548 394.267 0.877143
94 2 14 1 636.482 603.127 0.810457
95 2 15 0 482.212 179.303 0.945247
96 2 15 1 729.038 352.129 0.26006
97 2 16 0 591.689 208.657 0.884152
98 2 16 1 645.052 396.504 0.795974
99 2 17 0 555.266 427.975 0.810592
100 2 17 1 597.258 577.779 0.758909
101 2 18 0 465.517 421.713 0.783228
102 2 18 1 667.489 571.432 0.393397
103 3 0 0 299.924 343.747 0.7579
104 3 0 1 614.193 345.765 0.698335
105 3 1 0 280.397 187.708 0.899897
106 3 1 1 611.352 191.92 0.779054
107 3 2 0 597.315 343.712 0.630497
108 3 2 1 263.675 345.798 0.744718
109 3 3 0 325.269 343.689 0.764298
110 3 3 1 625.375 345.857 0.703706
111 3 4 0 302.84 126.534 0.98448
112 3 4 1 569.24 141.197 0.909897
113 3 5 0 235.582 189.726 0.861999
114 3 5 1 591.66 191.902 0.663051
115 3 6 0 630.992 191.885 0.837476
116 3 6 1 325.216 185.552 0.860721
117 3 7 0 277.599 463.887 0.850551
118 3 7 1 633.7 463.963 0.695076
119 3 8 0 322.388 459.653 0.794901
120 3 8 1 614.051 470.23 0.745809
121 3 9 0 258.135 126.434 0.920942
122 3 10 0 614.159 128.671 0.929638
123 3 11 0 190.586 259.307 0.921763
124 3 12 0 336.528 246.774 0.826578
125 3 12 1 656.164 280.412 0.86142
126 3 13 0 277.635 560.883 0.807043
127 3 13 1 639.24 569.34 0.735637
128 3 14 0 322.373 548.223 0.841372
129 3 14 1 631.026 584.17 0.735269
130 3 15 0 255.11 295.255 0.91323
131 3 16 0 347.874 297.426 0.906311
132 3 16 1 611.376 345.911 0.813078
133 3 17 0 367.252 565.056 0.892295
134 3 17 1 572.092 603.084 0.750149
135 3 18 0 583.296 577.788 0.48645
136 3 18 1 283.323 596.789 0.81298
137 4 0 0 625.355 284.665 0.728236
138 4 0 1 389.836 333.172 0.664699
139 4 1 0 373.058 113.894 0.829277
140 4 1 1 630.977 139.141 0.846767
141 4 2 0 594.65 284.688 0.747973
142 4 2 1 412.125 335.256 0.625257
143 4 3 0 658.93 282.618 0.739713
144 4 3 1 370.114 331.073 0.624015
145 4 4 0 440.248 42.1491 0.758383
146 4 4 1 639.361 80.1585 0.923077
147 4 5 0 398.171 113.848 0.779885
148 4 5 1 580.543 139.211 0.834253
149 4 6 0 350.639 115.985 0.75808
150 4 6 1 678.692 137.021 0.814772
151 4 7 0 608.5 398.51 0.802875
152 4 7 1 431.887 493.438 0.746245
153 4 8 0 664.56 398.544 0.863988
154 4 8 1 386.977 480.822 0.726633
155 4 9 0 395.461 42.2051 0.937269
156 4 9 1 597.314 77.9996 0.920516
157 4 11 0 572.015 212.98 0.891619
158 4 11 1 412.318 223.521 0.871003
159 4 12 0 695.527 210.783 0.880315
160 4 12 1 333.722 223.494 0.760642
161 4 13 0 614.224 493.414 0.854121
162 4 13 1 414.966 638.962 0.7496
163 4 14 0 673.082 499.798 0.809827
164 4 14 1 373.01 619.936 0.707203
165 4 15 0 459.9 274.124 0.895768
166 4 15 1 574.906 276.271 0.895434
167 4 16 0 389.735 259.357 0.251968
168 4 16 1 675.842 272.014 0.82421
169 4 17 0 661.735 533.479 0.854445
170 4 18 0 608.523 518.791 0.812154
171 4 18 1 485.271 660.048 0.722369
P viewIdx, pafIdx, aOverAllIdx, bOverAllIdx, CandidAIdx, CandidBIdx, score
0 0 2 0 0 0 0.933755
0 0 2 1 0 1 0
0 0 3 0 1 0 0
0 0 3 1 1 1 0.968555
0 1 4 13 0 0 0.89358
0 1 4 14 0 1 0
0 1 5 13 1 0 0
0 1 5 14 1 1 0.943618
0 2 13 23 0 0 0.952936
0 2 13 24 0 1 0
0 2 14 23 1 0 0
0 2 14 24 1 1 0.951503
0 3 0 4 0 0 0.805878
0 3 0 5 0 1 0
0 3 1 4 1 0 0
0 3 1 5 1 1 0.892862
0 4 0 6 0 0 0.79706
0 4 0 7 0 1 0
0 4 1 6 1 0 0
0 4 1 7 1 1 0.884292
0 5 6 15 0 0 0.980916
0 5 6 16 0 1 0
0 5 7 15 1 0 0
0 5 7 16 1 1 0.906543
0 6 15 25 0 0 0.970685
0 6 15 26 0 1 0
0 6 16 25 1 0 0
0 6 16 26 1 1 0.858678
0 7 2 9 0 0 0.894195
0 7 2 10 0 1 0
0 7 3 9 1 0 0
0 7 3 10 1 1 0.98286
0 8 9 20 0 0 0
0 8 10 20 1 0 0.981961
0 9 20 27 0 0 0
0 9 20 28 0 1 0.996303
0 10 9 17 0 0 0
0 10 10 17 1 0 0.985506
0 11 2 11 0 0 0
0 11 2 12 0 1 0.912713
0 11 3 11 1 0 0.987429
0 11 3 12 1 1 0
0 12 11 21 0 0 0
0 12 11 22 0 1 0.962273
0 12 12 21 1 0 0.994822
0 12 12 22 1 1 0
0 13 21 29 0 0 0.986788
0 13 22 29 1 0 0
0 14 11 18 0 0 0.905693
0 14 11 19 0 1 0
0 14 12 18 1 0 0
0 14 12 19 1 1 0.995967
0 15 2 8 0 0 0.972577
0 15 3 8 1 0 0
0 16 25 30 0 0 0
0 16 25 31 0 1 0.965804
0 16 26 30 1 0 0.794807
0 16 26 31 1 1 0
0 17 23 32 0 0 0.947154
0 17 23 33 0 1 0
0 17 24 32 1 0 0
0 17 24 33 1 1 0.826173
1 0 36 34 0 0 0
1 0 36 35 0 1 0.996044
1 0 37 34 1 0 0.966565
1 0 37 35 1 1 0
1 1 38 45 0 0 0.513568
1 1 38 46 0 1 0.486432
1 2 45 55 0 0 0.279316
1 2 45 56 0 1 0.254484
1 2 46 55 1 0 0.252338
1 2 46 56 1 1 0.279298
1 3 34 38 0 0 0
1 3 35 38 1 0 0.917878
1 4 34 39 0 0 0.922063
1 4 34 40 0 1 0
1 4 35 39 1 0 0
1 4 35 40 1 1 0.936283
1 5 39 47 0 0 0.998416
1 5 39 48 0 1 0
1 5 40 47 1 0 0
1 5 40 48 1 1 0.987773
1 6 47 57 0 0 0.99357
1 6 47 58 0 1 0
1 6 48 57 1 0 0
1 6 48 58 1 1 0.965199
1 7 36 42 0 0 0.503888
1 7 37 42 1 0 0.496112
1 8 42 52 0 0 0.995587
1 9 52 59 0 0 0.985773
1 10 42 49 0 0 0.866188
1 11 36 43 0 0 0.997605
1 11 36 44 0 1 0
1 11 37 43 1 0 0
1 11 37 44 1 1 0.99458
1 12 43 53 0 0 0
1 12 43 54 0 1 0.997074
1 12 44 53 1 0 0.987101
1 12 44 54 1 1 0
1 13 53 60 0 0 0.991699
1 13 53 61 0 1 0
1 13 54 60 1 0 0
1 13 54 61 1 1 0.994155
1 14 43 50 0 0 0.981888
1 14 43 51 0 1 0
1 14 44 50 1 0 0
1 14 44 51 1 1 0.998528
1 15 36 41 0 0 0
1 15 37 41 1 0 0.995762
1 16 57 62 0 0 0.957136
1 16 57 63 0 1 0
1 16 58 62 1 0 0
1 16 58 63 1 1 0.583739
1 17 55 64 0 0 0.902912
1 17 55 65 0 1 0
1 17 56 64 1 0 0
1 17 56 65 1 1 0.684255
2 0 68 66 0 0 0.998725
2 0 68 67 0 1 0
2 0 69 66 1 0 0
2 0 69 67 1 1 0.981079
2 1 70 80 0 0 0.976408
2 1 70 81 0 1 0
2 1 71 80 1 0 0
2 1 71 81 1 1 0.971948
2 2 80 91 0 0 0.996218
2 2 80 92 0 1 0
2 2 81 91 1 0 0
2 2 81 92 1 1 0.979098
2 3 66 70 0 0 0.940358
2 3 66 71 0 1 0
2 3 67 70 1 0 0
2 3 67 71 1 1 0.924416
2 4 66 72 0 0 0.943999
2 4 66 73 0 1 0
2 4 67 72 1 0 0
2 4 67 73 1 1 0.927844
2 5 72 82 0 0 0.999037
2 5 72 83 0 1 0
2 5 73 82 1 0 0
2 5 73 83 1 1 0.943299
2 6 82 93 0 0 0.99744
2 6 82 94 0 1 0
2 6 83 93 1 0 0
2 6 83 94 1 1 0.990491
2 7 68 76 0 0 0.993084
2 7 68 77 0 1 0
2 7 69 76 1 0 0
2 7 69 77 1 1 0.987251
2 8 76 87 0 0 0.986405
2 8 76 88 0 1 0
2 8 77 87 1 0 0
2 8 77 88 1 1 0.991389
2 9 87 95 0 0 0.988959
2 9 87 96 0 1 0
2 9 88 95 1 0 0
2 9 88 96 1 1 0.806245
2 10 76 84 0 0 0.928442
2 10 77 84 1 0 0
2 11 68 78 0 0 0.995963
2 11 68 79 0 1 0
2 11 69 78 1 0 0
2 11 69 79 1 1 0.979647
2 12 78 89 0 0 0.989809
2 12 78 90 0 1 0
2 12 79 89 1 0 0
2 12 79 90 1 1 0.988276
2 13 89 97 0 0 0.987962
2 13 89 98 0 1 0
2 13 90 97 1 0 0
2 13 90 98 1 1 0.960872
2 14 78 85 0 0 0.988047
2 14 78 86 0 1 0
2 14 79 85 1 0 0
2 14 79 86 1 1 0.991595
2 15 68 74 0 0 0.993134
2 15 68 75 0 1 0
2 15 69 74 1 0 0
2 15 69 75 1 1 0.996075
2 16 93 99 0 0 0.994957
2 16 93 100 0 1 0
2 16 94 99 1 0 0
2 16 94 100 1 1 0.976443
2 17 91 101 0 0 0.969638
2 17 91 102 0 1 0
2 17 92 101 1 0 0
2 17 92 102 1 1 0.857534
3 0 105 103 0 0 0.992569
3 0 105 104 0 1 0
3 0 106 103 1 0 0
3 0 106 104 1 1 0.961486
3 1 107 117 0 0 0
3 1 107 118 0 1 0.958979
3 1 108 117 1 0 0.968957
3 1 108 118 1 1 0
3 2 117 126 0 0 0.995438
3 2 117 127 0 1 0
3 2 118 126 1 0 0
3 2 118 127 1 1 0.981613
3 3 103 107 0 0 0
3 3 103 108 0 1 0.956889
3 3 104 107 1 0 0.920113
3 3 104 108 1 1 0
3 4 103 109 0 0 0.955191
3 4 103 110 0 1 0
3 4 104 109 1 0 0
3 4 104 110 1 1 0.909157
3 5 109 119 0 0 0.994764
3 5 109 120 0 1 0
3 5 110 119 1 0 0
3 5 110 120 1 1 0.980223
3 6 119 128 0 0 0.99651
3 6 119 129 0 1 0
3 6 120 128 1 0 0
3 6 120 129 1 1 0.996945
3 7 105 113 0 0 0.991301
3 7 105 114 0 1 0
3 7 106 113 1 0 0
3 7 106 114 1 1 0.96744
3 8 113 123 0 0 0.996052
3 8 114 123 1 0 0
3 9 123 130 0 0 0.985312
3 10 113 121 0 0 0.972037
3 10 114 121 1 0 0
3 11 105 115 0 0 0
3 11 105 116 0 1 0.989407
3 11 106 115 1 0 0.973179
3 11 106 116 1 1 0
3 12 115 124 0 0 0
3 12 115 125 0 1 0.998406
3 12 116 124 1 0 0.989042
3 12 116 125 1 1 0
3 13 124 131 0 0 0.996534
3 13 124 132 0 1 0
3 13 125 131 1 0 0
3 13 125 132 1 1 0.98344
3 14 115 122 0 0 0.996687
3 14 116 122 1 0 0
3 15 105 111 0 0 0.990633
3 15 105 112 0 1 0
3 15 106 111 1 0 0
3 15 106 112 1 1 0.985046
3 16 128 133 0 0 0.993157
3 16 128 134 0 1 0
3 16 129 133 1 0 0
3 16 129 134 1 1 0.950704
3 17 126 135 0 0 0
3 17 126 136 0 1 0.963611
3 17 127 135 1 0 0.887336
3 17 127 136 1 1 0
4 0 139 137 0 0 0
4 0 139 138 0 1 0.969729
4 0 140 137 1 0 0.981351
4 0 140 138 1 1 0
4 1 141 151 0 0 0.994617
4 1 141 152 0 1 0
4 1 142 151 1 0 0
4 1 142 152 1 1 0.988196
4 2 151 161 0 0 0.990016
4 2 151 162 0 1 0
4 2 152 161 1 0 0
4 2 152 162 1 1 0.997516
4 3 137 141 0 0 0.92076
4 3 137 142 0 1 0
4 3 138 141 1 0 0
4 3 138 142 1 1 0.891719
4 4 137 143 0 0 0.925869
4 4 137 144 0 1 0
4 4 138 143 1 0 0
4 4 138 144 1 1 0.901844
4 5 143 153 0 0 0.999804
4 5 143 154 0 1 0
4 5 144 153 1 0 0
4 5 144 154 1 1 0.977164
4 6 153 163 0 0 0.996974
4 6 153 164 0 1 0
4 6 154 163 1 0 0
4 6 154 164 1 1 0.981025
4 7 139 147 0 0 0.976327
4 7 139 148 0 1 0
4 7 140 147 1 0 0
4 7 140 148 1 1 0.997185
4 8 147 157 0 0 0
4 8 147 158 0 1 0.98578
4 8 148 157 1 0 0.998364
4 8 148 158 1 1 0
4 9 157 165 0 0 0
4 9 157 166 0 1 0.992269
4 9 158 165 1 0 0.989877
4 9 158 166 1 1 0
4 10 147 155 0 0 0.994283
4 10 147 156 0 1 0
4 10 148 155 1 0 0
4 10 148 156 1 1 0.976379
4 11 139 149 0 0 0.971539
4 11 139 150 0 1 0
4 11 140 149 1 0 0
4 11 140 150 1 1 0.998351
4 12 149 159 0 0 0
4 12 149 160 0 1 0.946302
4 12 150 159 1 0 0.995819
4 12 150 160 1 1 0
4 13 159 167 0 0 0
4 13 159 168 0 1 0.989181
4 13 160 167 1 0 0.896344
4 13 160 168 1 1 0
4 15 139 145 0 0 0.90135
4 15 139 146 0 1 0
4 15 140 145 1 0 0
4 15 140 146 1 1 0.981302
4 16 163 169 0 0 0.972207
4 16 164 169 1 0 0
4 17 161 170 0 0 0.998027
4 17 161 171 0 1 0
4 17 162 170 1 0 0
4 17 162 171 1 1 0.976237
E jointIdx viewA viewB aOverAllIdx bOverallIdx score
0 0 1 0 34 0.353784
0 0 1 0 35 0.311551
0 0 1 1 34 0.306045
0 0 1 1 35 0.347213
0 0 2 0 66 0.904374
0 0 2 0 67 -1
0 0 2 1 66 -1
0 0 2 1 67 0.951605
0 0 3 0 103 0.875722
0 0 3 0 104 -1
0 0 3 1 103 -1
0 0 3 1 104 0.695911
0 0 4 0 137 -1
0 0 4 0 138 0.988231
0 0 4 1 137 0.799192
0 0 4 1 138 -1
0 1 2 34 66 0.970718
0 1 2 34 67 -1
0 1 2 35 66 -1
0 1 2 35 67 0.914061
0 1 3 34 103 0.717044
0 1 3 34 104 0.045885
0 1 3 35 103 0.177925
0 1 3 35 104 0.822075
0 1 4 34 137 -1
0 1 4 34 138 0.996277
0 1 4 35 137 0.8915
0 1 4 35 138 -1
0 2 3 66 103 0.684049
0 2 3 66 104 -1
0 2 3 67 103 -1
0 2 3 67 104 0.681891
0 2 4 66 137 -1
0 2 4 66 138 0.977452
0 2 4 67 137 0.927272
0 2 4 67 138 -1
0 3 4 103 137 0.265049
0 3 4 103 138 0.434713
0 3 4 104 137 0.431651
0 3 4 104 138 0.23817
1 0 1 2 36 0.279922
1 0 1 2 37 0.299667
1 0 1 3 36 0.299277
1 0 1 3 37 0.280773
1 0 2 2 68 0.944087
1 0 2 2 69 -1
1 0 2 3 68 -1
1 0 2 3 69 0.987267
1 0 3 2 105 0.367598
1 0 3 2 106 0.279399
1 0 3 3 105 0.269249
1 0 3 3 106 0.358856
1 0 4 2 139 0.843113
1 0 4 2 140 -1
1 0 4 3 139 -1
1 0 4 3 140 0.893846
1 1 2 36 68 -1
1 1 2 36 69 0.966328
1 1 2 37 68 0.984326
1 1 2 37 69 -1
1 1 3 36 105 0.261608
1 1 3 36 106 0.345887
1 1 3 37 105 0.34325
1 1 3 37 106 0.27254
1 1 4 36 139 0.133567
1 1 4 36 140 0.653383
1 1 4 37 139 0.643531
1 1 4 37 140 0.276292
1 2 3 68 105 0.899412
1 2 3 68 106 -1
1 2 3 69 105 -1
1 2 3 69 106 0.891953
1 2 4 68 139 0.796531
1 2 4 68 140 -1
1 2 4 69 139 -1
1 2 4 69 140 0.844178
1 3 4 105 139 0.517091
1 3 4 105 140 0.304905
1 3 4 106 139 0.141164
1 3 4 106 140 0.542262
2 0 1 4 38 0.509302
2 0 1 5 38 0.490698
2 0 2 4 70 0.767904
2 0 2 4 71 -1
2 0 2 5 70 -1
2 0 2 5 71 0.670221
2 0 3 4 107 -1
2 0 3 4 108 0.878909
2 0 3 5 107 0.637483
2 0 3 5 108 -1
2 0 4 4 141 -1
2 0 4 4 142 0.866299
2 0 4 5 141 0.734761
2 0 4 5 142 -1
2 1 2 38 70 0.0645534
2 1 2 38 71 0.526875
2 1 3 38 107 0.571318
2 1 3 38 108 0.428682
2 1 4 38 141 0.638097
2 1 4 38 142 0.102758
2 2 3 70 107 -1
2 2 3 70 108 0.903966
2 2 3 71 107 0.314521
2 2 3 71 108 -1
2 2 4 70 141 -1
2 2 4 70 142 0.981565
2 2 4 71 141 0.900801
2 2 4 71 142 -1
2 3 4 107 141 0.522103
2 3 4 107 142 0.194135
2 3 4 108 141 0.239012
2 3 4 108 142 0.550334
3 0 1 6 39 0.311108
3 0 1 6 40 0.300399
3 0 1 7 39 0.299278
3 0 1 7 40 0.30939
3 0 2 6 72 0.964719
3 0 2 6 73 -1
3 0 2 7 72 -1
3 0 2 7 73 0.858237
3 0 3 6 109 0.690366
3 0 3 6 110 -1
3 0 3 7 109 -1
3 0 3 7 110 0.700794
3 0 4 6 143 -1
3 0 4 6 144 0.792067
3 0 4 7 143 0.865751
3 0 4 7 144 -1
3 1 2 39 72 0.909696
3 1 2 39 73 -1
3 1 2 40 72 -1
3 1 2 40 73 0.951646
3 1 3 39 109 0.505815
3 1 3 39 110 -1
3 1 3 40 109 0.123849
3 1 3 40 110 0.876151
3 1 4 39 143 -1
3 1 4 39 144 0.825148
3 1 4 40 143 0.764647
3 1 4 40 144 -1
3 2 3 72 109 0.591093
3 2 3 72 110 -1
3 2 3 73 109 -1
3 2 3 73 110 0.873443
3 2 4 72 143 -1
3 2 4 72 144 0.995413
3 2 4 73 143 0.816857
3 2 4 73 144 -1
3 3 4 109 143 0.289156
3 3 4 109 144 0.387399
3 3 4 110 143 0.387566
3 3 4 110 144 0.274526
4 0 1 8 41 0.931569
4 0 2 8 74 0.93681
4 0 2 8 75 -1
4 0 3 8 111 0.90107
4 0 3 8 112 0.0989299
4 0 4 8 145 0.937836
4 0 4 8 146 -1
4 1 2 41 74 0.963044
4 1 2 41 75 -1
4 1 3 41 111 0.560814
4 1 3 41 112 0.439186
4 1 4 41 145 0.848399
4 1 4 41 146 -1
4 2 3 74 111 0.981649
4 2 3 74 112 -1
4 2 3 75 111 -1
4 2 3 75 112 0.984233
4 2 4 74 145 0.939793
4 2 4 74 146 -1
4 2 4 75 145 -1
4 2 4 75 146 0.86967
4 3 4 111 145 0.641461
4 3 4 111 146 0.256476
4 3 4 112 145 -1
4 3 4 112 146 0.647593
5 0 1 9 42 0.48122
5 0 1 10 42 0.51878
5 0 2 9 76 0.840515
5 0 2 9 77 -1
5 0 2 10 76 -1
5 0 2 10 77 0.918855
5 0 3 9 113 0.335735
5 0 3 9 114 0.302091
5 0 3 10 113 0.299413
5 0 3 10 114 0.330544
5 0 4 9 147 0.94347
5 0 4 9 148 0.0205366
5 0 4 10 147 -1
5 0 4 10 148 0.965537
5 1 2 42 76 0.51022
5 1 2 42 77 0.48978
5 1 3 42 113 0.480883
5 1 3 42 114 0.519117
5 1 4 42 147 0.528337
5 1 4 42 148 0.471663
5 2 3 76 113 0.954255
5 2 3 76 114 -1
5 2 3 77 113 -1
5 2 3 77 114 0.705215
5 2 4 76 147 0.784609
5 2 4 76 148 -1
5 2 4 77 147 -1
5 2 4 77 148 0.911585
5 3 4 113 147 0.505966
5 3 4 113 148 0.295131
5 3 4 114 147 0.189062
5 3 4 114 148 0.484447
6 0 1 11 43 0.306301
6 0 1 11 44 0.269172
6 0 1 12 43 0.269436
6 0 1 12 44 0.3071
6 0 2 11 78 -1
6 0 2 11 79 0.895223
6 0 2 12 78 0.908275
6 0 2 12 79 -1
6 0 3 11 115 0.424665
6 0 3 11 116 0.243737
6 0 3 12 115 0.275692
6 0 3 12 116 0.415651
6 0 4 11 149 -1
6 0 4 11 150 0.771348
6 0 4 12 149 0.81486
6 0 4 12 150 -1
6 1 2 43 78 -1
6 1 2 43 79 0.850244
6 1 2 44 78 0.959165
6 1 2 44 79 -1
6 1 3 43 115 0.322954
6 1 3 43 116 0.259311
6 1 3 44 115 0.262919
6 1 3 44 116 0.320941
6 1 4 43 149 -1
6 1 4 43 150 0.949189
6 1 4 44 149 0.784353
6 1 4 44 150 0.029455
6 2 3 78 115 -1
6 2 3 78 116 0.86473
6 2 3 79 115 0.834096
6 2 3 79 116 -1
6 2 4 78 149 0.726922
6 2 4 78 150 -1
6 2 4 79 149 -1
6 2 4 79 150 0.640951
6 3 4 115 149 0.126827
6 3 4 115 150 0.554207
6 3 4 116 149 0.530319
6 3 4 116 150 0.298109
7 0 1 13 45 0.659779
7 0 1 13 46 -1
7 0 1 14 45 0.340221
7 0 1 14 46 0.504117
7 0 2 13 80 0.790997
7 0 2 13 81 -1
7 0 2 14 80 -1
7 0 2 14 81 0.535892
7 0 3 13 117 0.99191
7 0 3 13 118 -1
7 0 3 14 117 -1
7 0 3 14 118 0.551759
7 0 4 13 151 -1
7 0 4 13 152 0.803662
7 0 4 14 151 0.490682
7 0 4 14 152 -1
7 1 2 45 80 0.876663
7 1 2 45 81 -1
7 1 2 46 80 -1
7 1 2 46 81 0.974706
7 1 3 45 117 0.981544
7 1 3 45 118 -1
7 1 3 46 117 -1
7 1 3 46 118 0.865807
7 1 4 45 151 -1
7 1 4 45 152 0.917817
7 1 4 46 151 0.876915
7 1 4 46 152 -1
7 2 3 80 117 0.759228
7 2 3 80 118 -1
7 2 3 81 117 -1
7 2 3 81 118 0.914716
7 2 4 80 151 0.164886
7 2 4 80 152 0.826025
7 2 4 81 151 0.805466
7 2 4 81 152 -1
7 3 4 117 151 0.0181816
7 3 4 117 152 0.957134
7 3 4 118 151 0.92535
7 3 4 118 152 -1
8 0 1 15 47 0.439588
8 0 1 15 48 0.273432
8 0 1 16 47 0.317149
8 0 1 16 48 0.448592
8 0 2 15 82 0.998537
8 0 2 15 83 -1
8 0 2 16 82 -1
8 0 2 16 83 0.952859
8 0 3 15 119 0.606266
8 0 3 15 120 -1
8 0 3 16 119 -1
8 0 3 16 120 0.839532
8 0 4 15 153 -1
8 0 4 15 154 0.915067
8 0 4 16 153 0.940488
8 0 4 16 154 -1
8 1 2 47 82 0.922768
8 1 2 47 83 -1
8 1 2 48 82 -1
8 1 2 48 83 0.866718
8 1 3 47 119 0.484954
8 1 3 47 120 -1
8 1 3 48 119 -1
8 1 3 48 120 0.83433
8 1 4 47 153 -1
8 1 4 47 154 0.833926
8 1 4 48 153 0.93276
8 1 4 48 154 -1
8 2 3 82 119 0.615741
8 2 3 82 120 -1
8 2 3 83 119 -1
8 2 3 83 120 0.919397
8 2 4 82 153 -1
8 2 4 82 154 0.883604
8 2 4 83 153 0.902074
8 2 4 83 154 -1
8 3 4 119 153 0.268994
8 3 4 119 154 0.642707
8 3 4 120 153 0.654755
8 3 4 120 154 0.101035
9 0 1 17 49 0.923875
9 0 2 17 84 -1
9 0 3 17 121 -1
9 0 4 17 155 -1
9 0 4 17 156 0.945368
9 1 2 49 84 0.643802
9 1 3 49 121 0.411768
9 1 4 49 155 -1
9 1 4 49 156 0.98741
9 2 3 84 121 0.950109
9 2 4 84 155 0.928254
9 2 4 84 156 -1
9 3 4 121 155 0.67314
9 3 4 121 156 0.32686
10 0 1 18 50 0.340197
10 0 1 18 51 0.254232
10 0 1 19 50 0.24278
10 0 1 19 51 0.3397
10 0 2 18 85 -1
10 0 2 18 86 0.954013
10 0 2 19 85 0.920422
10 0 2 19 86 -1
10 0 3 18 122 0.881875
10 0 3 19 122 -1
10 1 2 50 85 -1
10 1 2 50 86 0.944694
10 1 2 51 85 0.974565
10 1 2 51 86 -1
10 1 3 50 122 0.727885
10 1 3 51 122 0.272115
10 2 3 85 122 -1
10 2 3 86 122 0.950451
11 0 1 20 52 0.964774
11 0 2 20 87 -1
11 0 2 20 88 0.930687
11 0 3 20 123 -1
11 0 4 20 157 0.729018
11 0 4 20 158 0.270982
11 1 2 52 87 0.362482
11 1 2 52 88 0.637518
11 1 3 52 123 0.147623
11 1 4 52 157 0.806445
11 1 4 52 158 0.193555
11 2 3 87 123 0.9117
11 2 3 88 123 -1
11 2 4 87 157 -1
11 2 4 87 158 0.990262
11 2 4 88 157 0.856955
11 2 4 88 158 -1
11 3 4 123 157 0.509398
11 3 4 123 158 0.490602
12 0 1 21 53 0.376327
12 0 1 21 54 0.225348
12 0 1 22 53 0.256994
12 0 1 22 54 0.380118
12 0 2 21 89 0.97221
12 0 2 21 90 -1
12 0 2 22 89 -1
12 0 2 22 90 0.960411
12 0 3 21 124 0.935204
12 0 3 21 125 -1
12 0 3 22 124 -1
12 0 3 22 125 0.987995
12 0 4 21 159 -1
12 0 4 21 160 0.910697
12 0 4 22 159 0.931208
12 0 4 22 160 -1
12 1 2 53 89 0.952662
12 1 2 53 90 -1
12 1 2 54 89 -1
12 1 2 54 90 0.959017
12 1 3 53 124 0.892748
12 1 3 53 125 0.103323
12 1 3 54 124 -1
12 1 3 54 125 0.893073
12 1 4 53 159 -1
12 1 4 53 160 0.860804
12 1 4 54 159 0.95374
12 1 4 54 160 -1
12 2 3 89 124 0.956024
12 2 3 89 125 -1
12 2 3 90 124 -1
12 2 3 90 125 0.97992
12 2 4 89 159 -1
12 2 4 89 160 0.882936
12 2 4 90 159 0.948636
12 2 4 90 160 -1
12 3 4 124 159 0.26706
12 3 4 124 160 0.519497
12 3 4 125 159 0.483454
12 3 4 125 160 0.234628
13 0 1 23 55 0.858111
13 0 1 23 56 -1
13 0 1 24 55 0.141889
13 0 1 24 56 0.378116
13 0 2 23 91 0.888076
13 0 2 23 92 -1
13 0 2 24 91 -1
13 0 2 24 92 0.676554
13 0 3 23 126 0.969575
13 0 3 23 127 -1
13 0 3 24 126 -1
13 0 3 24 127 0.753685
13 0 4 23 161 -1
13 0 4 23 162 0.93005
13 0 4 24 161 0.343677
13 0 4 24 162 -1
13 1 2 55 91 0.75048
13 1 2 55 92 -1
13 1 2 56 91 -1
13 1 2 56 92 0.936817
13 1 3 55 126 0.824888
13 1 3 55 127 -1
13 1 3 56 126 -1
13 1 3 56 127 0.74653
13 1 4 55 161 -1
13 1 4 55 162 0.725177
13 1 4 56 161 0.809981
13 1 4 56 162 -1
13 2 3 91 126 0.920337
13 2 3 91 127 -1
13 2 3 92 126 -1
13 2 3 92 127 0.823208
13 2 4 91 161 0.190256
13 2 4 91 162 0.793793
13 2 4 92 161 0.775325
13 2 4 92 162 0.0626004
13 3 4 126 161 -1
13 3 4 126 162 0.871298
13 3 4 127 161 0.98152
13 3 4 127 162 -1
14 0 1 25 57 0.509302
14 0 1 25 58 0.279947
14 0 1 26 57 0.335523
14 0 1 26 58 0.499029
14 0 2 25 93 0.832731
14 0 2 25 94 -1
14 0 2 26 93 -1
14 0 2 26 94 0.7077
14 0 3 25 128 0.824378
14 0 3 25 129 -1
14 0 3 26 128 -1
14 0 3 26 129 0.684528
14 0 4 25 163 -1
14 0 4 25 164 0.981772
14 0 4 26 163 0.98531
14 0 4 26 164 -1
14 1 2 57 93 0.605646
14 1 2 57 94 -1
14 1 2 58 93 -1
14 1 2 58 94 0.867218
14 1 3 57 128 0.546338
14 1 3 57 129 -1
14 1 3 58 128 -1
14 1 3 58 129 0.87953
14 1 4 57 163 -1
14 1 4 57 164 0.60502
14 1 4 58 163 0.956236
14 1 4 58 164 -1
14 2 3 93 128 0.991028
14 2 3 93 129 -1
14 2 3 94 128 -1
14 2 3 94 129 0.988591
14 2 4 93 163 -1
14 2 4 93 164 0.912121
14 2 4 94 163 0.894883
14 2 4 94 164 -1
14 3 4 128 163 0.269867
14 3 4 128 164 0.626871
14 3 4 129 163 0.634482
14 3 4 129 164 -1
15 0 1 27 59 -1
15 0 1 28 59 0.838776
15 0 2 27 95 0.815073
15 0 2 27 96 -1
15 0 2 28 95 -1
15 0 2 28 96 0.75768
15 0 3 27 130 0.839877
15 0 3 28 130 -1
15 0 4 27 165 0.706518
15 0 4 27 166 0.179331
15 0 4 28 165 0.225572
15 0 4 28 166 0.737982
15 1 2 59 95 -1
15 1 2 59 96 0.921347
15 1 3 59 130 -1
15 1 4 59 165 -1
15 1 4 59 166 0.913739
15 2 3 95 130 0.967821
15 2 3 96 130 -1
15 2 4 95 165 0.831532
15 2 4 95 166 -1
15 2 4 96 165 -1
15 2 4 96 166 0.83578
15 3 4 130 165 0.580962
15 3 4 130 166 0.419038
16 0 1 29 60 0.602677
16 0 1 29 61 0.397323
16 0 2 29 97 0.962608
16 0 2 29 98 -1
16 0 3 29 131 0.767378
16 0 3 29 132 -1
16 0 4 29 167 0.678651
16 0 4 29 168 -1
16 1 2 60 97 0.846126
16 1 2 60 98 -1
16 1 2 61 97 -1
16 1 2 61 98 0.744808
16 1 3 60 131 0.897114
16 1 3 60 132 -1
16 1 3 61 131 -1
16 1 3 61 132 0.822476
16 1 4 60 167 0.644338
16 1 4 60 168 -1
16 1 4 61 167 -1
16 1 4 61 168 0.807162
16 2 3 97 131 0.833741
16 2 3 97 132 -1
16 2 3 98 131 -1
16 2 3 98 132 0.974256
16 2 4 97 167 0.540391
16 2 4 97 168 -1
16 2 4 98 167 -1
16 2 4 98 168 0.903512
16 3 4 131 167 0.618882
16 3 4 131 168 0.278399
16 3 4 132 167 -1
16 3 4 132 168 0.672418
17 0 1 30 62 0.295302
17 0 1 30 63 0.303411
17 0 1 31 62 0.302036
17 0 1 31 63 0.294369
17 0 2 30 99 -1
17 0 2 30 100 0.868445
17 0 2 31 99 0.845861
17 0 2 31 100 -1
17 0 3 30 133 -1
17 0 3 30 134 0.831813
17 0 3 31 133 0.730649
17 0 3 31 134 -1
17 0 4 30 169 0.889234
17 0 4 31 169 -1
17 1 2 62 99 0.801082
17 1 2 62 100 -1
17 1 2 63 99 -1
17 1 2 63 100 0.781744
17 1 3 62 133 0.784988
17 1 3 62 134 -1
17 1 3 63 133 -1
17 1 3 63 134 0.886786
17 1 4 62 169 -1
17 1 4 63 169 0.941059
17 2 3 99 133 0.892516
17 2 3 99 134 -1
17 2 3 100 133 -1
17 2 3 100 134 0.910864
17 2 4 99 169 -1
17 2 4 100 169 0.744746
17 3 4 133 169 0.510128
17 3 4 134 169 0.489872
18 0 1 32 64 0.660963
18 0 1 32 65 -1
18 0 1 33 64 0.339037
18 0 1 33 65 0.15249
18 0 2 32 101 0.863727
18 0 2 32 102 -1
18 0 2 33 101 -1
18 0 2 33 102 0.448731
18 0 3 32 135 -1
18 0 3 32 136 0.811928
18 0 3 33 135 0.936948
18 0 3 33 136 -1
18 0 4 32 170 -1
18 0 4 32 171 0.853684
18 0 4 33 170 0.32248
18 0 4 33 171 -1
18 1 2 64 101 0.406348
18 1 2 64 102 -1
18 1 2 65 101 -1
18 1 2 65 102 0.995921
18 1 3 64 135 -1
18 1 3 64 136 0.600216
18 1 3 65 135 0.928117
18 1 3 65 136 -1
18 1 4 64 170 -1
18 1 4 64 171 0.198248
18 1 4 65 170 0.75041
18 1 4 65 171 -1
18 2 3 101 135 -1
18 2 3 101 136 0.948105
18 2 3 102 135 0.780322
18 2 3 102 136 -1
18 2 4 101 170 0.299332
18 2 4 101 171 0.33047
18 2 4 102 170 0.335576
18 2 4 102 171 0.289199
18 3 4 135 170 0.913597
18 3 4 135 171 -1
18 3 4 136 170 -1
18 3 4 136 171 0.929939
end of Frame 16
