J OverallIdx viewIdx joint种类0-18(jointIdx) 该joint在图中的顺序(candidix) x y score
0 0 0 0 479.495 358.479 0.651601
1 0 0 1 280.337 411.154 0.566015
2 0 0 2 975.841 520.871 0.491006
3 0 1 0 987.115 196.153 0.743055
4 0 1 1 272.001 215.119 0.744682
5 0 1 2 485.157 210.87 0.890219
6 0 2 0 440.278 356.358 0.641085
7 0 2 1 297.222 413.305 0.557127
8 0 2 2 1029.21 529.282 0.314569
9 0 3 0 510.349 360.549 0.638644
10 0 3 1 258.105 404.858 0.490535
11 0 3 2 908.578 518.737 0.467188
12 0 4 0 866.488 141.192 0.875173
13 0 4 1 482.205 149.756 0.854058
14 0 4 2 347.621 162.386 0.883566
15 0 5 0 437.399 210.792 0.806972
16 0 5 1 300.022 227.806 0.797242
17 0 6 0 891.753 198.19 0.723337
18 0 6 1 241.186 208.764 0.726426
19 0 6 2 535.614 210.975 0.812776
20 0 7 0 440.333 484.985 0.414215
21 0 7 1 288.88 573.58 0.60732
22 0 7 2 1029.21 733.877 0.441118
23 0 8 0 524.438 478.674 0.448729
24 0 8 1 277.555 567.275 0.507013
25 0 8 2 852.478 714.864 0.521729
26 0 9 0 280.593 145.591 0.903284
27 0 10 0 933.863 107.55 0.86147
28 0 10 1 518.792 143.502 0.768492
29 0 11 0 401.007 284.642 0.748576
30 0 11 1 364.609 331.056 0.845303
31 0 12 0 541.263 288.897 0.781392
32 0 12 1 844.158 360.489 0.796084
33 0 13 0 451.459 630.521 0.239797
34 0 13 1 232.809 735.947 0.597159
35 0 14 0 549.612 643.163 0.450918
36 0 14 1 266.439 719.109 0.649631
37 0 15 0 431.889 234.107 0.747398
38 0 15 1 434.586 392.224 0.756216
39 0 16 0 487.978 244.71 0.793187
40 0 16 1 796.485 495.49 0.816483
41 0 17 0 530.113 685.355 0.328163
42 0 17 1 333.779 740.149 0.752523
43 0 18 0 431.818 678.981 0.159569
44 0 18 1 302.915 750.757 0.253373
45 1 0 0 810.424 377.418 0.74345
46 1 0 1 560.906 396.443 0.698903
47 1 0 2 1029.21 400.641 0.457102
48 1 1 0 569.231 242.507 0.913059
49 1 1 1 1029.21 246.804 0.786394
50 1 1 2 810.482 257.195 0.844357
51 1 2 0 779.578 377.419 0.751068
52 1 2 1 594.458 396.465 0.726663
53 1 3 0 838.405 377.42 0.753556
54 1 3 1 527.311 396.412 0.731758
55 1 3 2 1004.02 404.837 0.617277
56 1 4 0 639.226 202.463 0.464504
57 1 4 1 793.583 208.773 0.947488
58 1 4 2 953.644 221.427 0.899784
59 1 5 0 617.057 250.932 0.841145
60 1 5 1 1029.21 244.69 0.394945
61 1 5 2 773.875 259.355 0.896224
62 1 6 0 510.401 229.85 0.859215
63 1 6 1 844.181 248.871 0.851221
64 1 6 2 998.345 250.903 0.844832
65 1 7 0 796.308 468.163 0.848336
66 1 7 1 594.527 516.663 0.790871
67 1 8 0 835.716 470.206 0.793865
68 1 8 1 529.985 508.209 0.729801
69 1 8 2 987.139 516.646 0.737203
70 1 9 0 538.408 189.716 0.457074
71 1 9 1 616.975 191.893 0.967039
72 1 10 0 535.671 187.651 0.344594
73 1 10 1 821.598 206.623 0.911528
74 1 10 2 995.459 206.686 0.918952
75 1 11 0 762.756 316.294 0.652953
76 1 11 1 616.865 331.101 0.738983
77 1 12 0 863.844 311.976 0.921052
78 1 12 1 499.206 314.266 0.833644
79 1 12 2 998.239 328.887 0.92969
80 1 13 0 804.886 550.435 0.802161
81 1 13 1 597.307 653.664 0.757664
82 1 14 0 838.401 552.493 0.822185
83 1 14 1 507.56 584.105 0.394993
84 1 14 2 998.508 632.704 0.827399
85 1 14 3 546.792 647.37 0.788084
86 1 15 0 754.432 366.901 0.763634
87 1 16 0 863.689 366.882 0.914047
88 1 16 1 524.404 375.305 0.698779
89 1 16 2 973.187 396.503 0.86677
90 1 17 0 830.055 579.896 0.801762
91 1 17 1 521.64 601.003 0.158967
92 1 17 2 563.622 647.364 0.328046
93 1 17 3 953.449 645.291 0.753626
94 1 18 0 790.801 569.392 0.666662
95 1 18 1 614.08 653.688 0.439715
96 2 0 0 549.742 137.048 0.74382
97 2 0 1 793.499 225.651 0.757854
98 2 0 2 420.684 297.358 0.730977
99 2 0 3 633.816 392.242 0.709201
100 2 1 0 549.643 29.5578 0.913456
101 2 1 1 818.858 94.9405 0.762108
102 2 1 2 417.787 141.199 0.877487
103 2 1 3 661.932 242.437 0.87505
104 2 2 0 527.149 137.028 0.744834
105 2 2 1 774.137 223.499 0.746466
106 2 2 2 409.345 301.573 0.699747
107 2 2 3 661.773 390.094 0.688884
108 2 3 0 574.903 137.068 0.694249
109 2 3 1 799.27 227.778 0.795604
110 2 3 2 440.282 295.215 0.739641
111 2 3 3 600.149 396.359 0.698266
112 2 4 0 774.061 58.9824 0.935923
113 2 4 1 482.283 92.7646 0.939572
114 2 5 0 507.586 33.7526 0.854453
115 2 5 1 807.69 92.8437 0.668559
116 2 5 2 392.475 143.404 0.871269
117 2 5 3 706.558 242.502 0.861087
118 2 6 0 591.731 27.4887 0.90749
119 2 6 1 824.523 99.1573 0.815322
120 2 6 2 445.896 132.874 0.741983
121 2 6 3 625.354 242.436 0.807998
122 2 7 0 527.151 227.679 0.720964
123 2 7 1 765.546 291.016 0.731561
124 2 7 2 414.968 413.26 0.822233
125 2 7 3 658.901 497.642 0.84597
126 2 8 0 572.177 213.004 0.375275
127 2 8 1 793.503 316.282 0.771233
128 2 8 2 443.111 381.706 0.779833
129 2 8 3 594.649 510.245 0.834203
130 2 9 0 437.447 88.5602 0.907417
131 2 9 1 720.745 181.38 0.733153
132 2 10 0 818.786 44.3766 0.91139
133 2 10 1 661.896 162.451 0.844615
134 2 11 0 499.201 90.6065 0.839014
135 2 11 1 412.173 236.197 0.818074
136 2 11 2 656.244 307.838 0.223461
137 2 12 0 597.451 80.1329 0.380866
138 2 12 1 832.862 177.175 0.869596
139 2 12 2 482.231 206.664 0.679722
140 2 12 3 588.862 347.888 0.819567
141 2 13 0 524.36 305.739 0.433077
142 2 13 1 771.08 347.96 0.85058
143 2 13 2 401.047 516.611 0.813897
144 2 13 3 664.771 598.922 0.809485
145 2 14 0 549.576 295.206 0.185384
146 2 14 1 810.494 404.855 0.809013
147 2 14 2 434.643 457.606 0.807629
148 2 14 3 600.121 609.442 0.803491
149 2 15 0 487.963 141.298 0.723639
150 2 15 1 468.323 185.569 0.779795
151 2 15 2 594.572 303.656 0.434238
152 2 16 0 541.203 185.549 0.764662
153 2 16 1 818.897 244.552 0.885674
154 2 16 2 552.461 377.38 0.570977
155 2 17 0 771.125 415.438 0.813108
156 2 17 1 473.909 470.244 0.759315
157 2 17 2 594.587 598.817 0.475604
158 2 18 0 729.178 358.444 0.805163
159 2 18 1 451.471 525.046 0.775948
160 2 18 2 656.231 588.345 0.475609
161 3 0 0 434.738 312.074 0.801085
162 3 0 1 213.1 333.217 0.795001
163 3 0 2 311.317 360.537 0.643242
164 3 0 3 572.139 358.505 0.683769
165 3 1 0 300.137 177.038 0.763615
166 3 1 1 574.896 187.648 0.764463
167 3 1 2 190.713 193.898 0.936963
168 3 1 3 417.787 196.17 0.80267
169 3 2 0 409.396 312.168 0.761973
170 3 2 1 190.738 337.408 0.776984
171 3 2 2 563.69 358.477 0.562737
172 3 2 3 333.758 362.646 0.646688
173 3 3 0 459.971 312.003 0.801429
174 3 3 1 235.502 331.094 0.801972
175 3 3 2 294.404 358.458 0.579021
176 3 3 3 580.466 360.571 0.720354
177 3 4 0 364.634 126.505 0.222849
178 3 4 1 213.122 141.202 0.942684
179 3 4 2 403.813 162.432 0.571914
180 3 5 0 316.881 177.054 0.798041
181 3 5 1 560.879 189.813 0.719651
182 3 5 2 157.012 196.089 0.851483
183 3 5 3 387.026 198.242 0.669205
184 3 6 0 280.408 177.11 0.681109
185 3 6 1 591.764 183.454 0.862407
186 3 6 2 224.388 189.727 0.79624
187 3 6 3 457.028 194.121 0.875244
188 3 7 0 414.875 398.541 0.809015
189 3 7 1 199.13 440.69 0.790169
190 3 7 2 594.609 470.226 0.736579
191 3 7 3 361.797 499.74 0.792897
192 3 8 0 479.406 396.368 0.745206
193 3 8 1 232.771 432.272 0.851351
194 3 8 2 580.489 478.699 0.768491
195 3 8 3 322.495 493.37 0.804977
196 3 9 0 344.914 111.844 0.895307
197 3 9 1 171.083 141.322 0.936601
198 3 9 2 389.825 175.002 0.28879
199 3 10 0 560.825 128.599 0.891502
200 3 10 1 417.863 147.667 0.539252
201 3 11 0 370.072 261.444 0.849705
202 3 11 1 148.718 269.926 0.858473
203 3 11 2 532.811 278.271 0.83474
204 3 12 0 232.804 259.409 0.703537
205 3 12 1 482.202 257.239 0.854309
206 3 12 2 597.375 280.46 0.912125
207 3 13 0 417.785 466.094 0.763477
208 3 13 1 207.542 529.262 0.784128
209 3 13 2 639.467 581.929 0.834624
210 3 13 3 367.445 647.324 0.813189
211 3 14 0 504.842 466.004 0.826524
212 3 14 1 232.73 516.662 0.840082
213 3 14 2 602.953 596.739 0.795054
214 3 14 3 302.905 615.821 0.838318
215 3 15 0 392.703 210.769 0.886602
216 3 15 1 468.307 331.069 0.80048
217 3 15 2 171.126 337.432 0.878129
218 3 16 0 482.471 295.26 0.70019
219 3 16 1 257.985 312.1 0.85355
220 3 16 2 549.584 345.726 0.910189
221 3 17 0 488.032 495.544 0.734785
222 3 17 1 266.38 531.391 0.847097
223 3 17 2 549.76 598.943 0.864092
224 3 17 3 330.935 619.963 0.310618
225 3 18 0 415.065 482.968 0.503725
226 3 18 1 221.56 546.124 0.590707
227 3 18 2 395.488 638.907 0.636814
228 4 0 0 684.107 331.071 0.608619
229 4 0 1 165.431 360.557 0.568728
230 4 1 0 681.339 111.706 0.857005
231 4 1 1 145.834 128.586 0.817723
232 4 2 0 726.195 331.079 0.579657
233 4 2 1 185.074 360.563 0.549879
234 4 3 0 639.446 331.063 0.57851
235 4 3 1 145.717 358.469 0.487757
236 4 4 0 215.98 54.7777 0.474938
237 4 5 0 737.586 105.401 0.790162
238 4 5 1 171.159 128.72 0.743298
239 4 6 0 616.853 122.249 0.801247
240 4 6 1 114.999 126.54 0.724883
241 4 6 2 218.819 151.838 0.194661
242 4 7 0 709.602 470.27 0.704384
243 4 7 1 190.73 531.366 0.749327
244 4 8 0 258.059 398.522 0.262086
245 4 8 1 616.996 472.378 0.758478
246 4 8 2 165.437 512.428 0.689681
247 4 9 0 689.9 40.0972 0.449253
248 4 9 1 176.639 48.5071 0.812673
249 4 10 0 622.61 44.2758 0.754746
250 4 11 0 754.315 206.59 0.811571
251 4 11 1 190.793 274.144 0.860198
252 4 12 0 572.019 202.438 0.73118
253 4 12 1 257.948 225.625 0.415882
254 4 13 0 684.182 516.585 0.209396
255 4 13 1 726.341 615.714 0.79686
256 4 13 2 185.06 681.095 0.693482
257 4 14 0 286.067 487.114 0.385331
258 4 14 1 605.789 630.498 0.671487
259 4 14 2 171.036 662.097 0.556008
260 4 15 0 252.309 371.096 0.793988
261 4 16 0 572.118 267.827 0.398812
262 4 16 1 280.571 295.191 0.696165
263 4 17 0 302.809 522.956 0.488204
264 4 17 1 597.327 622.088 0.299048
265 4 17 2 215.996 638.954 0.280774
266 4 18 0 692.697 601.051 0.57234
267 4 18 1 263.608 681.044 0.758255
P viewIdx, pafIdx, aOverAllIdx, bOverAllIdx, CandidAIdx, CandidBIdx, score
0 0 3 0 0 0 0
0 0 3 1 0 1 0
0 0 3 2 0 2 0.941707
0 0 4 0 1 0 0
0 0 4 1 1 1 0.970352
0 0 4 2 1 2 0
0 0 5 0 2 0 0.987183
0 0 5 1 2 1 0
0 0 5 2 2 2 0
0 1 6 20 0 0 0.951952
0 1 6 21 0 1 0
0 1 6 22 0 2 0
0 1 7 20 1 0 0
0 1 7 21 1 1 0.956854
0 1 7 22 1 2 0
0 1 8 20 2 0 0
0 1 8 21 2 1 0
0 1 8 22 2 2 0.855962
0 2 20 33 0 0 0.871799
0 2 20 34 0 1 0
0 2 21 33 1 0 0
0 2 21 34 1 1 0.947833
0 2 22 33 2 0 0
0 2 22 34 2 1 0
0 3 0 6 0 0 0.919015
0 3 0 7 0 1 0
0 3 0 8 0 2 0
0 3 1 6 1 0 0
0 3 1 7 1 1 0.871564
0 3 1 8 1 2 0
0 3 2 6 2 0 0
0 3 2 7 2 1 0
0 3 2 8 2 2 0.855677
0 4 0 9 0 0 0.918219
0 4 0 10 0 1 0
0 4 0 11 0 2 0
0 4 1 9 1 0 0
0 4 1 10 1 1 0.858351
0 4 1 11 1 2 0
0 4 2 9 2 0 0
0 4 2 10 2 1 0
0 4 2 11 2 2 0.867194
0 5 9 23 0 0 0.970213
0 5 9 24 0 1 0
0 5 9 25 0 2 0
0 5 10 23 1 0 0
0 5 10 24 1 1 0.888892
0 5 10 25 1 2 0
0 5 11 23 2 0 0
0 5 11 24 2 1 0
0 5 11 25 2 2 0.959369
0 6 23 35 0 0 0.944515
0 6 23 36 0 1 0
0 6 24 35 1 0 0
0 6 24 36 1 1 0.952073
0 6 25 35 2 0 0
0 6 25 36 2 1 0
0 7 3 15 0 0 0
0 7 3 16 0 1 0
0 7 4 15 1 0 0
0 7 4 16 1 1 0.979962
0 7 5 15 2 0 0.989441
0 7 5 16 2 1 0
0 8 15 29 0 0 0.51248
0 8 15 30 0 1 0.254177
0 8 16 29 1 0 0
0 8 16 30 1 1 0.521368
0 9 29 37 0 0 0.957649
0 9 29 38 0 1 0
0 9 30 37 1 0 0
0 9 30 38 1 1 0.991309
0 10 15 26 0 0 0
0 10 16 26 1 0 0.994374
0 11 3 17 0 0 0.961644
0 11 3 18 0 1 0
0 11 3 19 0 2 0
0 11 4 17 1 0 0
0 11 4 18 1 1 0.971117
0 11 4 19 1 2 0
0 11 5 17 2 0 0
0 11 5 18 2 1 0
0 11 5 19 2 2 0.994536
0 12 17 31 0 0 0
0 12 17 32 0 1 0.949225
0 12 18 31 1 0 0
0 12 18 32 1 1 0
0 12 19 31 2 0 0.97612
0 12 19 32 2 1 0
0 13 31 39 0 0 0.99044
0 13 31 40 0 1 0
0 13 32 39 1 0 0
0 13 32 40 1 1 0.97577
0 14 17 27 0 0 0.972097
0 14 17 28 0 1 0
0 14 18 27 1 0 0
0 14 18 28 1 1 0
0 14 19 27 2 0 0
0 14 19 28 2 1 0.983277
0 15 3 12 0 0 0.968509
0 15 3 13 0 1 0
0 15 3 14 0 2 0
0 15 4 12 1 0 0
0 15 4 13 1 1 0
0 15 4 14 1 2 0.967346
0 15 5 12 2 0 0
0 15 5 13 2 1 0.992022
0 15 5 14 2 2 0
0 16 35 41 0 0 0.807406
0 16 35 42 0 1 0
0 16 36 41 1 0 0
0 16 36 42 1 1 0.967464
0 17 33 43 0 0 0.688797
0 17 33 44 0 1 0
0 17 34 43 1 0 0
0 17 34 44 1 1 0.862229
1 0 48 45 0 0 0
1 0 48 46 0 1 0.97525
1 0 48 47 0 2 0
1 0 49 45 1 0 0
1 0 49 46 1 1 0
1 0 49 47 1 2 0.921667
1 0 50 45 2 0 0.984835
1 0 50 46 2 1 0
1 0 50 47 2 2 0
1 1 51 65 0 0 0.989762
1 1 51 66 0 1 0
1 1 52 65 1 0 0
1 1 52 66 1 1 0.99299
1 2 65 80 0 0 0.994655
1 2 65 81 0 1 0
1 2 66 80 1 0 0
1 2 66 81 1 1 0.996604
1 3 45 51 0 0 0.96505
1 3 45 52 0 1 0
1 3 46 51 1 0 0
1 3 46 52 1 1 0.935294
1 3 47 51 2 0 0
1 3 47 52 2 1 0
1 4 45 53 0 0 0.967467
1 4 45 54 0 1 0
1 4 45 55 0 2 0
1 4 46 53 1 0 0
1 4 46 54 1 1 0.939914
1 4 46 55 1 2 0
1 4 47 53 2 0 0
1 4 47 54 2 1 0
1 4 47 55 2 2 0.869853
1 5 53 67 0 0 0.991532
1 5 53 68 0 1 0
1 5 53 69 0 2 0
1 5 54 67 1 0 0
1 5 54 68 1 1 0.989982
1 5 54 69 1 2 0
1 5 55 67 2 0 0
1 5 55 68 2 1 0
1 5 55 69 2 2 0.967427
1 6 67 82 0 0 0.993096
1 6 67 83 0 1 0
1 6 67 84 0 2 0
1 6 67 85 0 3 0
1 6 68 82 1 0 0
1 6 68 83 1 1 0.477683
1 6 68 84 1 2 0
1 6 68 85 1 3 0.522317
1 6 69 82 2 0 0
1 6 69 83 2 1 0
1 6 69 84 2 2 0.979721
1 6 69 85 2 3 0
1 7 48 59 0 0 0.999163
1 7 48 60 0 1 0
1 7 48 61 0 2 0
1 7 49 59 1 0 0
1 7 49 60 1 1 0.685042
1 7 49 61 1 2 0
1 7 50 59 2 0 0
1 7 50 60 2 1 0
1 7 50 61 2 2 0.997504
1 8 59 75 0 0 0
1 8 59 76 0 1 0.989948
1 8 60 75 1 0 0
1 8 60 76 1 1 0
1 8 61 75 2 0 0.947956
1 8 61 76 2 1 0
1 9 75 86 0 0 0.941476
1 9 76 86 1 0 0
1 10 59 70 0 0 0
1 10 59 71 0 1 0.9982
1 10 60 70 1 0 0
1 10 60 71 1 1 0
1 10 61 70 2 0 0
1 10 61 71 2 1 0
1 11 48 62 0 0 0.999475
1 11 48 63 0 1 0
1 11 48 64 0 2 0
1 11 49 62 1 0 0
1 11 49 63 1 1 0
1 11 49 64 1 2 0.972779
1 11 50 62 2 0 0
1 11 50 63 2 1 0.980959
1 11 50 64 2 2 0
1 12 62 77 0 0 0
1 12 62 78 0 1 0.977417
1 12 62 79 0 2 0
1 12 63 77 1 0 0.991879
1 12 63 78 1 1 0
1 12 63 79 1 2 0
1 12 64 77 2 0 0
1 12 64 78 2 1 0
1 12 64 79 2 2 0.993886
1 13 77 87 0 0 0.999863
1 13 77 88 0 1 0
1 13 77 89 0 2 0
1 13 78 87 1 0 0
1 13 78 88 1 1 0.98921
1 13 78 89 1 2 0
1 13 79 87 2 0 0
1 13 79 88 2 1 0
1 13 79 89 2 2 0.989992
1 14 62 72 0 0 0.859399
1 14 62 73 0 1 0
1 14 62 74 0 2 0
1 14 63 72 1 0 0
1 14 63 73 1 1 0.999952
1 14 63 74 1 2 0
1 14 64 72 2 0 0
1 14 64 73 2 1 0
1 14 64 74 2 2 0.993967
1 15 48 56 0 0 0.85862
1 15 48 57 0 1 0
1 15 48 58 0 2 0
1 15 49 56 1 0 0
1 15 49 57 1 1 0
1 15 49 58 1 2 0.996135
1 15 50 56 2 0 0
1 15 50 57 2 1 0.991756
1 15 50 58 2 2 0
1 16 82 90 0 0 0.984889
1 16 82 91 0 1 0
1 16 82 92 0 2 0
1 16 82 93 0 3 0
1 16 83 90 1 0 0
1 16 83 91 1 1 0
1 16 83 92 1 2 0
1 16 83 93 1 3 0
1 16 84 90 2 0 0
1 16 84 91 2 1 0
1 16 84 92 2 2 0
1 16 84 93 2 3 0.937569
1 16 85 90 3 0 0
1 16 85 91 3 1 0
1 16 85 92 3 2 0.798337
1 16 85 93 3 3 0
1 17 80 94 0 0 0.952608
1 17 80 95 0 1 0
1 17 81 94 1 0 0
1 17 81 95 1 1 0.654434
2 0 100 96 0 0 0.991439
2 0 100 97 0 1 0
2 0 100 98 0 2 0
2 0 100 99 0 3 0
2 0 101 96 1 0 0
2 0 101 97 1 1 0.946057
2 0 101 98 1 2 0
2 0 101 99 1 3 0
2 0 102 96 2 0 0
2 0 102 97 2 1 0
2 0 102 98 2 2 0.980682
2 0 102 99 2 3 0
2 0 103 96 3 0 0
2 0 103 97 3 1 0
2 0 103 98 3 2 0
2 0 103 99 3 3 0.986431
2 1 104 122 0 0 0.963534
2 1 104 123 0 1 0
2 1 104 124 0 2 0
2 1 104 125 0 3 0
2 1 105 122 1 0 0
2 1 105 123 1 1 0.965197
2 1 105 124 1 2 0
2 1 105 125 1 3 0
2 1 106 122 2 0 0
2 1 106 123 2 1 0
2 1 106 124 2 2 0.987305
2 1 106 125 2 3 0
2 1 107 122 3 0 0
2 1 107 123 3 1 0
2 1 107 124 3 2 0
2 1 107 125 3 3 0.992671
2 2 122 141 0 0 0.916821
2 2 122 142 0 1 0
2 2 122 143 0 2 0
2 2 122 144 0 3 0
2 2 123 141 1 0 0
2 2 123 142 1 1 0.987646
2 2 123 143 1 2 0
2 2 123 144 1 3 0
2 2 124 141 2 0 0
2 2 124 142 2 1 0
2 2 124 143 2 2 0.978683
2 2 124 144 2 3 0
2 2 125 141 3 0 0
2 2 125 142 3 1 0
2 2 125 143 3 2 0
2 2 125 144 3 3 0.996495
2 3 96 104 0 0 0.94169
2 3 96 105 0 1 0
2 3 96 106 0 2 0
2 3 96 107 0 3 0
2 3 97 104 1 0 0
2 3 97 105 1 1 0.957821
2 3 97 106 1 2 0
2 3 97 107 1 3 0
2 3 98 104 2 0 0
2 3 98 105 2 1 0
2 3 98 106 2 2 0.91927
2 3 98 107 2 3 0
2 3 99 104 3 0 0
2 3 99 105 3 1 0
2 3 99 106 3 2 0
2 3 99 107 3 3 0.943838
2 4 96 108 0 0 0.938167
2 4 96 109 0 1 0
2 4 96 110 0 2 0
2 4 96 111 0 3 0
2 4 97 108 1 0 0
2 4 97 109 1 1 0.963452
2 4 97 110 1 2 0
2 4 97 111 1 3 0
2 4 98 108 2 0 0
2 4 98 109 2 1 0
2 4 98 110 2 2 0.934789
2 4 98 111 2 3 0
2 4 99 108 3 0 0
2 4 99 109 3 1 0
2 4 99 110 3 2 0
2 4 99 111 3 3 0.94505
2 5 108 126 0 0 0.896173
2 5 108 127 0 1 0
2 5 108 128 0 2 0
2 5 108 129 0 3 0
2 5 109 126 1 0 0
2 5 109 127 1 1 0.988352
2 5 109 128 1 2 0
2 5 109 129 1 3 0
2 5 110 126 2 0 0
2 5 110 127 2 1 0
2 5 110 128 2 2 0.98336
2 5 110 129 2 3 0
2 5 111 126 3 0 0
2 5 111 127 3 1 0
2 5 111 128 3 2 0
2 5 111 129 3 3 0.990381
2 6 126 145 0 0 0.738522
2 6 126 146 0 1 0
2 6 126 147 0 2 0
2 6 126 148 0 3 0
2 6 127 145 1 0 0
2 6 127 146 1 1 0.992406
2 6 127 147 1 2 0
2 6 127 148 1 3 0
2 6 128 145 2 0 0
2 6 128 146 2 1 0
2 6 128 147 2 2 0.991063
2 6 128 148 2 3 0
2 6 129 145 3 0 0
2 6 129 146 3 1 0
2 6 129 147 3 2 0
2 6 129 148 3 3 0.999246
2 7 100 114 0 0 0.990021
2 7 100 115 0 1 0
2 7 100 116 0 2 0
2 7 100 117 0 3 0
2 7 101 114 1 0 0
2 7 101 115 1 1 0.920422
2 7 101 116 1 2 0
2 7 101 117 1 3 0
2 7 102 114 2 0 0
2 7 102 115 2 1 0
2 7 102 116 2 2 0.984455
2 7 102 117 2 3 0
2 7 103 114 3 0 0
2 7 103 115 3 1 0
2 7 103 116 3 2 0
2 7 103 117 3 3 0.999121
2 8 114 134 0 0 0.992653
2 8 114 135 0 1 0
2 8 114 136 0 2 0
2 8 115 134 1 0 0
2 8 115 135 1 1 0
2 8 115 136 1 2 0
2 8 116 134 2 0 0
2 8 116 135 2 1 0.99886
2 8 116 136 2 2 0
2 8 117 134 3 0 0
2 8 117 135 3 1 0
2 8 117 136 3 2 0.762457
2 9 134 149 0 0 0.982445
2 9 134 150 0 1 0
2 9 134 151 0 2 0
2 9 135 149 1 0 0
2 9 135 150 1 1 0.988909
2 9 135 151 1 2 0
2 9 136 149 2 0 0
2 9 136 150 2 1 0
2 9 136 151 2 2 0.768551
2 10 114 130 0 0 0
2 10 114 131 0 1 0
2 10 115 130 1 0 0
2 10 115 131 1 1 0
2 10 116 130 2 0 0.986381
2 10 116 131 2 1 0
2 10 117 130 3 0 0
2 10 117 131 3 1 0.961667
2 11 100 118 0 0 0.998532
2 11 100 119 0 1 0
2 11 100 120 0 2 0
2 11 100 121 0 3 0
2 11 101 118 1 0 0
2 11 101 119 1 1 0.92149
2 11 101 120 1 2 0
2 11 101 121 1 3 0
2 11 102 118 2 0 0
2 11 102 119 2 1 0
2 11 102 120 2 2 0.971815
2 11 102 121 2 3 0
2 11 103 118 3 0 0
2 11 103 119 3 1 0
2 11 103 120 3 2 0
2 11 103 121 3 3 0.995977
2 12 118 137 0 0 0.886198
2 12 118 138 0 1 0
2 12 118 139 0 2 0
2 12 118 140 0 3 0
2 12 119 137 1 0 0
2 12 119 138 1 1 0.990282
2 12 119 139 1 2 0
2 12 119 140 1 3 0
2 12 120 137 2 0 0
2 12 120 138 2 1 0
2 12 120 139 2 2 0.964876
2 12 120 140 2 3 0
2 12 121 137 3 0 0
2 12 121 138 3 1 0
2 12 121 139 3 2 0
2 12 121 140 3 3 0.969586
2 13 137 152 0 0 0
2 13 137 153 0 1 0
2 13 137 154 0 2 0
2 13 138 152 1 0 0
2 13 138 153 1 1 0.999147
2 13 138 154 1 2 0
2 13 139 152 2 0 0.97897
2 13 139 153 2 1 0
2 13 139 154 2 2 0
2 13 140 152 3 0 0
2 13 140 153 3 1 0
2 13 140 154 3 2 0.90344
2 14 118 132 0 0 0
2 14 118 133 0 1 0
2 14 119 132 1 0 0.995192
2 14 119 133 1 1 0
2 14 120 132 2 0 0
2 14 120 133 2 1 0
2 14 121 132 3 0 0
2 14 121 133 3 1 0.968809
2 15 100 112 0 0 0
2 15 100 113 0 1 0
2 15 101 112 1 0 0.983942
2 15 101 113 1 1 0
2 15 102 112 2 0 0
2 15 102 113 2 1 0.977878
2 15 103 112 3 0 0
2 15 103 113 3 1 0
2 16 145 155 0 0 0
2 16 145 156 0 1 0
2 16 145 157 0 2 0
2 16 146 155 1 0 0.985598
2 16 146 156 1 1 0
2 16 146 157 1 2 0
2 16 147 155 2 0 0
2 16 147 156 2 1 0.998673
2 16 147 157 2 2 0
2 16 148 155 3 0 0
2 16 148 156 3 1 0
2 16 148 157 3 2 0.726057
2 17 141 158 0 0 0
2 17 141 159 0 1 0
2 17 141 160 0 2 0
2 17 142 158 1 0 0.999371
2 17 142 159 1 1 0
2 17 142 160 1 2 0
2 17 143 158 2 0 0
2 17 143 159 2 1 0.990546
2 17 143 160 2 2 0
2 17 144 158 3 0 0
2 17 144 159 3 1 0
2 17 144 160 3 2 0.713336
3 0 165 161 0 0 0
3 0 165 162 0 1 0
3 0 165 163 0 2 0.964924
3 0 165 164 0 3 0
3 0 166 161 1 0 0
3 0 166 162 1 1 0
3 0 166 163 1 2 0
3 0 166 164 1 3 0.952247
3 0 167 161 2 0 0
3 0 167 162 2 1 0.997556
3 0 167 163 2 2 0
3 0 167 164 2 3 0
3 0 168 161 3 0 0.978336
3 0 168 162 3 1 0
3 0 168 163 3 2 0
3 0 168 164 3 3 0
3 1 169 188 0 0 0.290757
3 1 169 189 0 1 0
3 1 169 190 0 2 0
3 1 169 191 0 3 0.25282
3 1 170 188 1 0 0
3 1 170 189 1 1 0.996908
3 1 170 190 1 2 0
3 1 170 191 1 3 0
3 1 171 188 2 0 0
3 1 171 189 2 1 0
3 1 171 190 2 2 0.965735
3 1 171 191 2 3 0
3 1 172 188 3 0 0.250786
3 1 172 189 3 1 0
3 1 172 190 3 2 0
3 1 172 191 3 3 0.290879
3 2 188 207 0 0 0.523093
3 2 188 208 0 1 0
3 2 188 209 0 2 0
3 2 188 210 0 3 0.252444
3 2 189 207 1 0 0
3 2 189 208 1 1 0.98344
3 2 189 209 1 2 0
3 2 189 210 1 3 0
3 2 190 207 2 0 0
3 2 190 208 2 1 0
3 2 190 209 2 2 0.976769
3 2 190 210 2 3 0
3 2 191 207 3 0 0
3 2 191 208 3 1 0
3 2 191 209 3 2 0
3 2 191 210 3 3 0.523498
3 3 161 169 0 0 0.959232
3 3 161 170 0 1 0
3 3 161 171 0 2 0
3 3 161 172 0 3 0
3 3 162 169 1 0 0
3 3 162 170 1 1 0.932509
3 3 162 171 1 2 0
3 3 162 172 1 3 0
3 3 163 169 2 0 0
3 3 163 170 2 1 0
3 3 163 171 2 2 0
3 3 163 172 2 3 0.916787
3 3 164 169 3 0 0
3 3 164 170 3 1 0
3 3 164 171 3 2 0.86203
3 3 164 172 3 3 0
3 4 161 173 0 0 0.960844
3 4 161 174 0 1 0
3 4 161 175 0 2 0
3 4 161 176 0 3 0
3 4 162 173 1 0 0
3 4 162 174 1 1 0.930741
3 4 162 175 1 2 0
3 4 162 176 1 3 0
3 4 163 173 2 0 0
3 4 163 174 2 1 0
3 4 163 175 2 2 0.91482
3 4 163 176 2 3 0
3 4 164 173 3 0 0
3 4 164 174 3 1 0
3 4 164 175 3 2 0
3 4 164 176 3 3 0.868302
3 5 173 192 0 0 0.998441
3 5 173 193 0 1 0
3 5 173 194 0 2 0
3 5 173 195 0 3 0
3 5 174 192 1 0 0
3 5 174 193 1 1 0.284872
3 5 174 194 1 2 0
3 5 174 195 1 3 0.251578
3 5 175 192 2 0 0
3 5 175 193 2 1 0.251306
3 5 175 194 2 2 0
3 5 175 195 2 3 0.284984
3 5 176 192 3 0 0
3 5 176 193 3 1 0
3 5 176 194 3 2 0.97123
3 5 176 195 3 3 0
3 6 192 211 0 0 0.997784
3 6 192 212 0 1 0
3 6 192 213 0 2 0
3 6 192 214 0 3 0
3 6 193 211 1 0 0
3 6 193 212 1 1 0.993334
3 6 193 213 1 2 0
3 6 193 214 1 3 0
3 6 194 211 2 0 0
3 6 194 212 2 1 0
3 6 194 213 2 2 0.988658
3 6 194 214 2 3 0
3 6 195 211 3 0 0
3 6 195 212 3 1 0
3 6 195 213 3 2 0
3 6 195 214 3 3 0.99835
3 7 165 180 0 0 0.949169
3 7 165 181 0 1 0
3 7 165 182 0 2 0
3 7 165 183 0 3 0
3 7 166 180 1 0 0
3 7 166 181 1 1 0.967607
3 7 166 182 1 2 0
3 7 166 183 1 3 0
3 7 167 180 2 0 0
3 7 167 181 2 1 0
3 7 167 182 2 2 0.99703
3 7 167 183 2 3 0
3 7 168 180 3 0 0
3 7 168 181 3 1 0
3 7 168 182 3 2 0
3 7 168 183 3 3 0.923292
3 8 180 201 0 0 0.531606
3 8 180 202 0 1 0
3 8 180 203 0 2 0
3 8 181 201 1 0 0
3 8 181 202 1 1 0
3 8 181 203 1 2 0.956942
3 8 182 201 2 0 0
3 8 182 202 2 1 0.992741
3 8 182 203 2 2 0
3 8 183 201 3 0 0.468394
3 8 183 202 3 1 0
3 8 183 203 3 2 0
3 9 201 215 0 0 0.967856
3 9 201 216 0 1 0
3 9 201 217 0 2 0
3 9 202 215 1 0 0
3 9 202 216 1 1 0
3 9 202 217 1 2 0.999392
3 9 203 215 2 0 0
3 9 203 216 2 1 0.951527
3 9 203 217 2 2 0
3 10 180 196 0 0 0.548317
3 10 180 197 0 1 0
3 10 180 198 0 2 0
3 10 181 196 1 0 0
3 10 181 197 1 1 0
3 10 181 198 1 2 0
3 10 182 196 2 0 0
3 10 182 197 2 1 0.973756
3 10 182 198 2 2 0
3 10 183 196 3 0 0.28057
3 10 183 197 3 1 0
3 10 183 198 3 2 0.498868
3 11 165 184 0 0 0.943372
3 11 165 185 0 1 0
3 11 165 186 0 2 0
3 11 165 187 0 3 0
3 11 166 184 1 0 0
3 11 166 185 1 1 0.974108
3 11 166 186 1 2 0
3 11 166 187 1 3 0
3 11 167 184 2 0 0
3 11 167 185 2 1 0
3 11 167 186 2 2 0.994487
3 11 167 187 2 3 0
3 11 168 184 3 0 0
3 11 168 185 3 1 0
3 11 168 186 3 2 0
3 11 168 187 3 3 0.970859
3 12 184 204 0 0 0.460574
3 12 184 205 0 1 0
3 12 184 206 0 2 0
3 12 185 204 1 0 0
3 12 185 205 1 1 0
3 12 185 206 1 2 0.997491
3 12 186 204 2 0 0.539426
3 12 186 205 2 1 0
3 12 186 206 2 2 0
3 12 187 204 3 0 0
3 12 187 205 3 1 0.99773
3 12 187 206 3 2 0
3 13 204 218 0 0 0
3 13 204 219 0 1 0.965962
3 13 204 220 0 2 0
3 13 205 218 1 0 0.989212
3 13 205 219 1 1 0
3 13 205 220 1 2 0
3 13 206 218 2 0 0
3 13 206 219 2 1 0
3 13 206 220 2 2 0.964863
3 14 184 199 0 0 0
3 14 184 200 0 1 0
3 14 185 199 1 0 0.990454
3 14 185 200 1 1 0
3 14 186 199 2 0 0
3 14 186 200 2 1 0
3 14 187 199 3 0 0
3 14 187 200 3 1 0.939189
3 15 165 177 0 0 0.729028
3 15 165 178 0 1 0
3 15 165 179 0 2 0
3 15 166 177 1 0 0
3 15 166 178 1 1 0
3 15 166 179 1 2 0
3 15 167 177 2 0 0
3 15 167 178 2 1 0.984683
3 15 167 179 2 2 0
3 15 168 177 3 0 0
3 15 168 178 3 1 0
3 15 168 179 3 2 0.892576
3 16 211 221 0 0 0.949715
3 16 211 222 0 1 0
3 16 211 223 0 2 0
3 16 211 224 0 3 0
3 16 212 221 1 0 0
3 16 212 222 1 1 0.999124
3 16 212 223 1 2 0
3 16 212 224 1 3 0
3 16 213 221 2 0 0
3 16 213 222 2 1 0
3 16 213 223 2 2 0.998319
3 16 213 224 2 3 0
3 16 214 221 3 0 0
3 16 214 222 3 1 0
3 16 214 223 3 2 0
3 16 214 224 3 3 0.882524
3 17 207 225 0 0 0.913266
3 17 207 226 0 1 0
3 17 207 227 0 2 0
3 17 208 225 1 0 0
3 17 208 226 1 1 0.970927
3 17 208 227 1 2 0
3 17 209 225 2 0 0
3 17 209 226 2 1 0
3 17 209 227 2 2 0
3 17 210 225 3 0 0
3 17 210 226 3 1 0
3 17 210 227 3 2 0.863216
4 0 230 228 0 0 0.992376
4 0 230 229 0 1 0
4 0 231 228 1 0 0
4 0 231 229 1 1 0.949412
4 1 232 242 0 0 0.965561
4 1 232 243 0 1 0
4 1 233 242 1 0 0
4 1 233 243 1 1 0.976188
4 2 242 254 0 0 0.468661
4 2 242 255 0 1 0.531339
4 2 242 256 0 2 0
4 2 243 254 1 0 0
4 2 243 255 1 1 0
4 2 243 256 1 2 0.985968
4 3 228 232 0 0 0.883854
4 3 228 233 0 1 0
4 3 229 232 1 0 0
4 3 229 233 1 1 0.871671
4 4 228 234 0 0 0.880578
4 4 228 235 0 1 0
4 4 229 234 1 0 0
4 4 229 235 1 1 0.860399
4 5 234 244 0 0 0
4 5 234 245 0 1 0.951206
4 5 234 246 0 2 0
4 5 235 244 1 0 0
4 5 235 245 1 1 0
4 5 235 246 1 2 0.971403
4 6 244 257 0 0 0.854378
4 6 244 258 0 1 0
4 6 244 259 0 2 0
4 6 245 257 1 0 0
4 6 245 258 1 1 0.967756
4 6 245 259 1 2 0
4 6 246 257 2 0 0
4 6 246 258 2 1 0
4 6 246 259 2 2 0.977904
4 7 230 237 0 0 0.986884
4 7 230 238 0 1 0
4 7 231 237 1 0 0
4 7 231 238 1 1 0.978862
4 8 237 250 0 0 0.966481
4 8 237 251 0 1 0
4 8 238 250 1 0 0
4 8 238 251 1 1 0.982991
4 9 250 260 0 0 0
4 9 251 260 1 0 0.997436
4 10 237 247 0 0 0.885021
4 10 237 248 0 1 0
4 10 238 247 1 0 0
4 10 238 248 1 1 0.974326
4 11 230 239 0 0 0.979568
4 11 230 240 0 1 0
4 11 230 241 0 2 0
4 11 231 239 1 0 0
4 11 231 240 1 1 0.974922
4 11 231 241 1 2 0
4 12 239 252 0 0 0.982632
4 12 239 253 0 1 0
4 12 240 252 1 0 0
4 12 240 253 1 1 0
4 12 241 252 2 0 0
4 12 241 253 2 1 0.797935
4 13 252 261 0 0 0.946564
4 13 252 262 0 1 0
4 13 253 261 1 0 0
4 13 253 262 1 1 0.886518
4 14 239 249 0 0 0.993725
4 14 240 249 1 0 0
4 14 241 249 2 0 0
4 15 230 236 0 0 0
4 15 231 236 1 0 0.849315
4 16 257 263 0 0 0.878547
4 16 257 264 0 1 0
4 16 257 265 0 2 0
4 16 258 263 1 0 0
4 16 258 264 1 1 0.620068
4 16 258 265 1 2 0
4 16 259 263 2 0 0
4 16 259 264 2 1 0
4 16 259 265 2 2 0.704614
4 17 254 266 0 0 0
4 17 254 267 0 1 0
4 17 255 266 1 0 0.841999
4 17 255 267 1 1 0
4 17 256 266 2 0 0
4 17 256 267 2 1 0.987604
E jointIdx viewA viewB aOverAllIdx bOverallIdx score
0 0 1 0 45 0.169822
0 0 1 0 46 -1
0 0 1 0 47 -1
0 0 1 1 45 0.451211
0 0 1 1 46 0.47563
0 0 1 1 47 0.0731595
0 0 1 2 45 -1
0 0 1 2 46 -1
0 0 1 2 47 0.819369
0 0 2 0 96 -1
0 0 2 0 97 0.224887
0 0 2 0 98 0.452231
0 0 2 0 99 -1
0 0 2 1 96 -1
0 0 2 1 97 -1
0 0 2 1 98 -1
0 0 2 1 99 0.82637
0 0 2 2 96 -1
0 0 2 2 97 0.770289
0 0 2 2 98 -1
0 0 2 2 99 -1
0 0 3 0 161 0.929266
0 0 3 0 162 0.257605
0 0 3 0 163 0.728807
0 0 3 0 164 -1
0 0 3 1 161 -1
0 0 3 1 162 -1
0 0 3 1 163 -1
0 0 3 1 164 0.988647
0 0 3 2 161 0.883309
0 0 3 2 162 -1
0 0 3 2 163 0.875153
0 0 3 2 164 -1
0 0 4 0 228 0.415342
0 0 4 0 229 -1
0 0 4 1 228 0.0733091
0 0 4 1 229 -1
0 0 4 2 228 -1
0 0 4 2 229 0.892146
0 1 2 45 96 0.246842
0 1 2 45 97 -1
0 1 2 45 98 -1
0 1 2 45 99 -1
0 1 2 46 96 -1
0 1 2 46 97 -1
0 1 2 46 98 0.952239
0 1 2 46 99 0.942372
0 1 2 47 96 -1
0 1 2 47 97 0.41845
0 1 2 47 98 -1
0 1 2 47 99 -1
0 1 3 45 161 0.976323
0 1 3 45 162 0.887694
0 1 3 45 163 -1
0 1 3 45 164 -1
0 1 3 46 161 -1
0 1 3 46 162 -1
0 1 3 46 163 0.330732
0 1 3 46 164 0.99834
0 1 3 47 161 0.84998
0 1 3 47 162 0.635796
0 1 3 47 163 -1
0 1 3 47 164 -1
0 1 4 45 228 -1
0 1 4 45 229 0.966281
0 1 4 46 228 0.391993
0 1 4 46 229 -1
0 1 4 47 228 -1
0 1 4 47 229 -1
0 2 3 96 161 -1
0 2 3 96 162 0.139443
0 2 3 96 163 -1
0 2 3 96 164 -1
0 2 3 97 161 0.705586
0 2 3 97 162 -1
0 2 3 97 163 -1
0 2 3 97 164 -1
0 2 3 98 161 0.767141
0 2 3 98 162 -1
0 2 3 98 163 0.602331
0 2 3 98 164 -1
0 2 3 99 161 -1
0 2 3 99 162 -1
0 2 3 99 163 -1
0 2 3 99 164 0.831296
0 2 4 96 228 -1
0 2 4 96 229 0.288799
0 2 4 97 228 -1
0 2 4 97 229 0.570033
0 2 4 98 228 0.803578
0 2 4 98 229 -1
0 2 4 99 228 -1
0 2 4 99 229 -1
0 3 4 161 228 -1
0 3 4 161 229 -0.802796
0 3 4 162 228 0.29169
0 3 4 162 229 0.568628
0 3 4 163 228 0.67503
0 3 4 163 229 0.260885
0 3 4 164 228 0.0434921
0 3 4 164 229 0.767881
1 0 1 3 48 0.128802
1 0 1 3 49 0.136134
1 0 1 3 50 0.121458
1 0 1 4 48 0.127881
1 0 1 4 49 0.126886
1 0 1 4 50 0.133033
1 0 1 5 48 0.13054
1 0 1 5 49 0.124897
1 0 1 5 50 0.13201
1 0 2 3 100 0.613302
1 0 2 3 101 0.796064
1 0 2 3 102 -1
1 0 2 3 103 -1
1 0 2 4 100 -1
1 0 2 4 101 -1
1 0 2 4 102 -1
1 0 2 4 103 0.977259
1 0 2 5 100 -1
1 0 2 5 101 -1
1 0 2 5 102 0.985274
1 0 2 5 103 -1
1 0 3 3 165 0.0962975
1 0 3 3 166 0.0976575
1 0 3 3 167 0.107887
1 0 3 3 168 0.116864
1 0 3 4 165 0.113937
1 0 3 4 166 0.11387
1 0 3 4 167 0.100044
1 0 3 4 168 0.0941388
1 0 3 5 165 0.103646
1 0 3 5 166 0.102481
1 0 3 5 167 0.10796
1 0 3 5 168 0.10611
1 0 4 3 230 -1
1 0 4 3 231 0.74753
1 0 4 4 230 0.463775
1 0 4 4 231 -1
1 0 4 5 230 0.912223
1 0 4 5 231 -1
1 1 2 48 100 -1
1 1 2 48 101 -1
1 1 2 48 102 0.60998
1 1 2 48 103 0.907341
1 1 2 49 100 -1
1 1 2 49 101 0.584655
1 1 2 49 102 -1
1 1 2 49 103 -1
1 1 2 50 100 0.759376
1 1 2 50 101 -1
1 1 2 50 102 -1
1 1 2 50 103 -1
1 1 3 48 165 0.11721
1 1 3 48 166 0.11414
1 1 3 48 167 0.104954
1 1 3 48 168 0.109946
1 1 3 49 165 0.136616
1 1 3 49 166 0.131207
1 1 3 49 167 0.0777062
1 1 3 49 168 0.104508
1 1 3 50 165 0.0791253
1 1 3 50 166 0.0881028
1 1 3 50 167 0.152517
1 1 3 50 168 0.119799
1 1 4 48 230 0.325932
1 1 4 48 231 -1
1 1 4 49 230 -1
1 1 4 49 231 0.656701
1 1 4 50 230 -1
1 1 4 50 231 0.782402
1 2 3 100 165 -1
1 2 3 100 166 -1
1 2 3 100 167 0.761616
1 2 3 100 168 -1
1 2 3 101 165 -1
1 2 3 101 166 -1
1 2 3 101 167 -1
1 2 3 101 168 0.750795
1 2 3 102 165 0.748498
1 2 3 102 166 -1
1 2 3 102 167 -1
1 2 3 102 168 -1
1 2 3 103 165 -1
1 2 3 103 166 0.69995
1 2 3 103 167 -1
1 2 3 103 168 -1
1 2 4 100 230 -1
1 2 4 100 231 0.985228
1 2 4 101 230 -1
1 2 4 101 231 0.102216
1 2 4 102 230 0.967011
1 2 4 102 231 -1
1 2 4 103 230 0.730078
1 2 4 103 231 -1
1 3 4 165 230 0.166543
1 3 4 165 231 0.202446
1 3 4 166 230 0.20719
1 3 4 166 231 0.151915
1 3 4 167 230 0.172391
1 3 4 167 231 0.195176
1 3 4 168 230 0.202363
1 3 4 168 231 0.157916
2 0 1 6 51 0.172786
2 0 1 6 52 -1
2 0 1 7 51 0.516568
2 0 1 7 52 0.483432
2 0 1 8 51 -1
2 0 1 8 52 -1
2 0 2 6 104 -1
2 0 2 6 105 -1
2 0 2 6 106 0.754228
2 0 2 6 107 -1
2 0 2 7 104 -1
2 0 2 7 105 -1
2 0 2 7 106 -1
2 0 2 7 107 0.624138
2 0 2 8 104 -1
2 0 2 8 105 0.613684
2 0 2 8 106 -1
2 0 2 8 107 -1
2 0 3 6 169 0.742234
2 0 3 6 170 0.0569439
2 0 3 6 171 -1
2 0 3 6 172 0.7657
2 0 3 7 169 -1
2 0 3 7 170 -1
2 0 3 7 171 0.961559
2 0 3 7 172 -1
2 0 3 8 169 0.731607
2 0 3 8 170 -1
2 0 3 8 171 -1
2 0 3 8 172 0.48921
2 0 4 6 232 0.310556
2 0 4 6 233 -1
2 0 4 7 232 0.478675
2 0 4 7 233 -1
2 0 4 8 232 -1
2 0 4 8 233 0.189005
2 1 2 51 104 0.0560254
2 1 2 51 105 -1
2 1 2 51 106 -1
2 1 2 51 107 -1
2 1 2 52 104 -1
2 1 2 52 105 -1
2 1 2 52 106 0.254727
2 1 2 52 107 0.889573
2 1 3 51 169 0.823915
2 1 3 51 170 0.954174
2 1 3 51 171 -1
2 1 3 51 172 0.012251
2 1 3 52 169 -1
2 1 3 52 170 -1
2 1 3 52 171 0.872664
2 1 3 52 172 0.59397
2 1 4 51 232 -1
2 1 4 51 233 0.762468
2 1 4 52 232 -1
2 1 4 52 233 -1
2 2 3 104 169 -1
2 2 3 104 170 0.183505
2 2 3 104 171 -1
2 2 3 104 172 -1
2 2 3 105 169 0.44248
2 2 3 105 170 -1
2 2 3 105 171 -1
2 2 3 105 172 0.247331
2 2 3 106 169 0.936535
2 2 3 106 170 -1
2 2 3 106 171 -1
2 2 3 106 172 0.876287
2 2 3 107 169 -1
2 2 3 107 170 -1
2 2 3 107 171 0.633079
2 2 3 107 172 -1
2 2 4 104 232 -1
2 2 4 104 233 0.339592
2 2 4 105 232 -1
2 2 4 105 233 0.474978
2 2 4 106 232 0.510678
2 2 4 106 233 -1
2 2 4 107 232 -1
2 2 4 107 233 -1
2 3 4 169 232 -1
2 3 4 169 233 -0.872538
2 3 4 170 232 0.339737
2 3 4 170 233 0.576105
2 3 4 171 232 -1
2 3 4 171 233 0.834059
2 3 4 172 232 0.580534
2 3 4 172 233 0.331864
3 0 1 9 53 0.169355
3 0 1 9 54 -1
3 0 1 9 55 -1
3 0 1 10 53 0.451823
3 0 1 10 54 0.521458
3 0 1 10 55 0.0267192
3 0 1 11 53 -1
3 0 1 11 54 -1
3 0 1 11 55 0.859369
3 0 2 9 108 -1
3 0 2 9 109 0.439695
3 0 2 9 110 0.197336
3 0 2 9 111 -1
3 0 2 10 108 -1
3 0 2 10 109 -1
3 0 2 10 110 -1
3 0 2 10 111 0.983209
3 0 2 11 108 -1
3 0 2 11 109 0.950507
3 0 2 11 110 -1
3 0 2 11 111 -1
3 0 3 9 173 0.642278
3 0 3 9 174 0.44432
3 0 3 9 175 0.721293
3 0 3 9 176 -1
3 0 3 10 173 -1
3 0 3 10 174 -1
3 0 3 10 175 -1
3 0 3 10 176 0.987639
3 0 3 11 173 0.918284
3 0 3 11 174 -1
3 0 3 11 175 0.62751
3 0 3 11 176 -1
3 0 4 9 234 0.439476
3 0 4 9 235 -1
3 0 4 10 234 -1
3 0 4 10 235 -1
3 0 4 11 234 -1
3 0 4 11 235 -1
3 1 2 53 108 0.345363
3 1 2 53 109 -1
3 1 2 53 110 -1
3 1 2 53 111 -1
3 1 2 54 108 -1
3 1 2 54 109 -1
3 1 2 54 110 0.180847
3 1 2 54 111 0.837536
3 1 2 55 108 -1
3 1 2 55 109 0.833353
3 1 2 55 110 -1
3 1 2 55 111 -1
3 1 3 53 173 0.88389
3 1 3 53 174 0.784183
3 1 3 53 175 -1
3 1 3 53 176 -1
3 1 3 54 173 -1
3 1 3 54 174 -1
3 1 3 54 175 0.0868635
3 1 3 54 176 0.916933
3 1 3 55 173 0.978996
3 1 3 55 174 0.888873
3 1 3 55 175 -1
3 1 3 55 176 -1
3 1 4 53 234 -1
3 1 4 53 235 0.910719
3 1 4 54 234 -1
3 1 4 54 235 -1
3 1 4 55 234 -1
3 1 4 55 235 0.285701
3 2 3 108 173 -1
3 2 3 108 174 0.0569814
3 2 3 108 175 -1
3 2 3 108 176 -1
3 2 3 109 173 0.936352
3 2 3 109 174 -1
3 2 3 109 175 -1
3 2 3 109 176 -1
3 2 3 110 173 0.54657
3 2 3 110 174 -1
3 2 3 110 175 0.279936
3 2 3 110 176 -1
3 2 3 111 173 -1
3 2 3 111 174 -1
3 2 3 111 175 -1
3 2 3 111 176 0.96878
3 2 4 108 234 -1
3 2 4 108 235 0.253656
3 2 4 109 234 -1
3 2 4 109 235 0.830983
3 2 4 110 234 0.942944
3 2 4 110 235 -1
3 2 4 111 234 0.921681
3 2 4 111 235 -1
3 3 4 173 234 -1
3 3 4 173 235 -1
3 3 4 174 234 0.290029
3 3 4 174 235 0.709971
3 3 4 175 234 0.753641
3 3 4 175 235 0.246359
3 3 4 176 234 0.194725
3 3 4 176 235 0.790714
4 0 1 12 56 0.118384
4 0 1 12 57 0.117053
4 0 1 12 58 0.117708
4 0 1 13 56 0.116076
4 0 1 13 57 0.121399
4 0 1 13 58 0.115767
4 0 1 14 56 0.118754
4 0 1 14 57 0.114509
4 0 1 14 58 0.119798
4 0 2 12 112 0.880601
4 0 2 12 113 -1
4 0 2 13 112 -1
4 0 2 13 113 0.993556
4 0 2 14 112 -1
4 0 2 14 113 -1
4 0 3 12 177 0.0241335
4 0 3 12 178 0.321287
4 0 3 12 179 0.255436
4 0 3 13 177 0.281735
4 0 3 13 178 0.122705
4 0 3 13 179 0.159651
4 0 3 14 177 0.315559
4 0 3 14 178 0.0990755
4 0 3 14 179 0.145023
4 0 4 12 236 0.98661
4 0 4 13 236 -1
4 0 4 14 236 -1
4 1 2 56 112 -1
4 1 2 56 113 0.255904
4 1 2 57 112 -1
4 1 2 57 113 -1
4 1 2 58 112 0.978215
4 1 2 58 113 -1
4 1 3 56 177 0.349711
4 1 3 56 178 0.156067
4 1 3 56 179 0.130967
4 1 3 57 177 0.184153
4 1 3 57 178 0.19736
4 1 3 57 179 0.162736
4 1 3 58 177 -1
4 1 3 58 178 0.261795
4 1 3 58 179 0.386701
4 1 4 56 236 -1
4 1 4 57 236 0.954781
4 1 4 58 236 -1
4 2 3 112 177 -1
4 2 3 112 178 -1
4 2 3 112 179 0.935737
4 2 3 113 177 0.9317
4 2 3 113 178 -1
4 2 3 113 179 -1
4 2 4 112 236 -1
4 2 4 113 236 -1
4 3 4 177 236 0.994475
4 3 4 178 236 0.920241
4 3 4 179 236 -1
5 0 1 15 59 0.190295
5 0 1 15 60 0.225975
5 0 1 15 61 0.187063
5 0 1 16 59 0.209685
5 0 1 16 60 0.177659
5 0 1 16 61 0.212586
5 0 2 15 114 -1
5 0 2 15 115 -1
5 0 2 15 116 0.709599
5 0 2 15 117 -1
5 0 2 16 114 -1
5 0 2 16 115 -1
5 0 2 16 116 -1
5 0 2 16 117 0.986291
5 0 3 15 180 0.184662
5 0 3 15 181 0.175711
5 0 3 15 182 0.136614
5 0 3 15 183 0.150757
5 0 3 16 180 0.136311
5 0 3 16 181 0.145596
5 0 3 16 182 0.186149
5 0 3 16 183 0.17148
5 0 4 15 237 0.758944
5 0 4 15 238 -1
5 0 4 16 237 0.241056
5 0 4 16 238 -1
5 1 2 59 114 -1
5 1 2 59 115 -1
5 1 2 59 116 -1
5 1 2 59 117 0.91721
5 1 2 60 114 -1
5 1 2 60 115 0.42863
5 1 2 60 116 -1
5 1 2 60 117 -1
5 1 2 61 114 0.81948
5 1 2 61 115 -1
5 1 2 61 116 -1
5 1 2 61 117 -1
5 1 3 59 180 0.101132
5 1 3 59 181 0.101068
5 1 3 59 182 0.13301
5 1 3 59 183 0.127416
5 1 3 60 180 0.175351
5 1 3 60 181 0.161114
5 1 3 60 182 0.054097
5 1 3 60 183 0.0922729
5 1 3 61 180 0.0778176
5 1 3 61 181 0.0917258
5 1 3 61 182 0.159468
5 1 3 61 183 0.128719
5 1 4 59 237 -1
5 1 4 59 238 0.246097
5 1 4 60 237 -1
5 1 4 60 238 0.351737
5 1 4 61 237 -1
5 1 4 61 238 0.402166
5 2 3 114 180 -1
5 2 3 114 181 -1
5 2 3 114 182 0.865774
5 2 3 114 183 -1
5 2 3 115 180 -1
5 2 3 115 181 -1
5 2 3 115 182 -1
5 2 3 115 183 0.419186
5 2 3 116 180 0.96381
5 2 3 116 181 -1
5 2 3 116 182 -1
5 2 3 116 183 -1
5 2 3 117 180 -1
5 2 3 117 181 0.317502
5 2 3 117 182 -1
5 2 3 117 183 -1
5 2 4 114 237 -1
5 2 4 114 238 0.869381
5 2 4 115 237 -1
5 2 4 115 238 0.304834
5 2 4 116 237 0.856864
5 2 4 116 238 -1
5 2 4 117 237 0.478361
5 2 4 117 238 -1
5 3 4 180 237 0.183494
5 3 4 180 238 0.19329
5 3 4 181 237 0.191809
5 3 4 181 238 0.153977
5 3 4 182 237 0.17511
5 3 4 182 238 0.20304
5 3 4 183 237 0.19025
5 3 4 183 238 0.16633
6 0 1 17 62 0.107752
6 0 1 17 63 0.133489
6 0 1 17 64 0.133462
6 0 1 18 62 0.150478
6 0 1 18 63 0.114655
6 0 1 18 64 0.120129
6 0 1 19 62 0.118677
6 0 1 19 63 0.132342
6 0 1 19 64 0.126419
6 0 2 17 118 0.56725
6 0 2 17 119 0.938563
6 0 2 17 120 -1
6 0 2 17 121 -1
6 0 2 18 118 -1
6 0 2 18 119 -1
6 0 2 18 120 -1
6 0 2 18 121 0.820984
6 0 2 19 118 -1
6 0 2 19 119 -1
6 0 2 19 120 0.820703
6 0 2 19 121 -1
6 0 3 17 184 0.105542
6 0 3 17 185 0.0814741
6 0 3 17 186 0.116585
6 0 3 17 187 0.119779
6 0 3 18 184 0.111818
6 0 3 18 185 0.155132
6 0 3 18 186 0.0873619
6 0 3 18 187 0.090651
6 0 3 19 184 0.106228
6 0 3 19 185 0.0880265
6 0 3 19 186 0.118931
6 0 3 19 187 0.112765
6 0 4 17 239 -1
6 0 4 17 240 0.423765
6 0 4 17 241 0.888753
6 0 4 18 239 0.602888
6 0 4 18 240 -1
6 0 4 18 241 0.0875123
6 0 4 19 239 0.956347
6 0 4 19 240 -1
6 0 4 19 241 -1
6 1 2 62 118 -1
6 1 2 62 119 -1
6 1 2 62 120 0.403144
6 1 2 62 121 0.744248
6 1 2 63 118 0.829376
6 1 2 63 119 -1
6 1 2 63 120 -1
6 1 2 63 121 -1
6 1 2 64 118 -1
6 1 2 64 119 0.969743
6 1 2 64 120 -1
6 1 2 64 121 -1
6 1 3 62 184 0.120693
6 1 3 62 185 0.147439
6 1 3 62 186 0.0813557
6 1 3 62 187 0.0855143
6 1 3 63 184 0.099293
6 1 3 63 185 0.087308
6 1 3 63 186 0.121328
6 1 3 63 187 0.11646
6 1 3 64 184 0.10105
6 1 3 64 185 0.0866383
6 1 3 64 186 0.117707
6 1 3 64 187 0.118559
6 1 4 62 239 -1
6 1 4 62 240 -1
6 1 4 62 241 -1
6 1 4 63 239 -1
6 1 4 63 240 0.954795
6 1 4 63 241 0.712217
6 1 4 64 239 -1
6 1 4 64 240 0.598075
6 1 4 64 241 0.957503
6 2 3 118 184 0.305147
6 2 3 118 185 -1
6 2 3 118 186 0.73152
6 2 3 118 187 -1
6 2 3 119 184 -1
6 2 3 119 185 -1
6 2 3 119 186 -1
6 2 3 119 187 0.801133
6 2 3 120 184 0.508748
6 2 3 120 185 -1
6 2 3 120 186 0.101745
6 2 3 120 187 -1
6 2 3 121 184 -1
6 2 3 121 185 0.9909
6 2 3 121 186 -1
6 2 3 121 187 -1
6 2 4 118 239 -1
6 2 4 118 240 0.980213
6 2 4 118 241 0.0943156
6 2 4 119 239 -1
6 2 4 119 240 -1
6 2 4 119 241 0.968068
6 2 4 120 239 0.941411
6 2 4 120 240 -1
6 2 4 120 241 -1
6 2 4 121 239 -1
6 2 4 121 240 -1
6 2 4 121 241 -1
6 3 4 184 239 0.105696
6 3 4 184 240 0.182597
6 3 4 184 241 0.0689425
6 3 4 185 239 0.128305
6 3 4 185 240 0.079835
6 3 4 185 241 0.127805
6 3 4 186 239 0.115205
6 3 4 186 240 0.131236
6 3 4 186 241 0.100456
6 3 4 187 239 0.109906
6 3 4 187 240 0.0598003
6 3 4 187 241 0.165936
7 0 1 20 65 -1
7 0 1 20 66 -1
7 0 1 21 65 0.50856
7 0 1 21 66 0.49144
7 0 1 22 65 -1
7 0 1 22 66 -1
7 0 2 20 122 -1
7 0 2 20 123 -1
7 0 2 20 124 0.533798
7 0 2 20 125 -1
7 0 2 21 122 -1
7 0 2 21 123 -1
7 0 2 21 124 -1
7 0 2 21 125 0.453572
7 0 2 22 122 -1
7 0 2 22 123 0.800084
7 0 2 22 124 -1
7 0 2 22 125 -1
7 0 3 20 188 0.216386
7 0 3 20 189 -1
7 0 3 20 190 -1
7 0 3 20 191 0.609447
7 0 3 21 188 -1
7 0 3 21 189 -1
7 0 3 21 190 0.74566
7 0 3 21 191 -1
7 0 3 22 188 0.95473
7 0 3 22 189 -1
7 0 3 22 190 -1
7 0 3 22 191 -1
7 0 4 20 242 0.382611
7 0 4 20 243 -1
7 0 4 21 242 0.205786
7 0 4 21 243 -1
7 0 4 22 242 -1
7 0 4 22 243 -1
7 1 2 65 122 0.378181
7 1 2 65 123 -1
7 1 2 65 124 -1
7 1 2 65 125 -1
7 1 2 66 122 -1
7 1 2 66 123 -1
7 1 2 66 124 0.33944
7 1 2 66 125 0.777537
7 1 3 65 188 0.941484
7 1 3 65 189 0.805603
7 1 3 65 190 -1
7 1 3 65 191 -1
7 1 3 66 188 -1
7 1 3 66 189 -1
7 1 3 66 190 0.816426
7 1 3 66 191 0.557832
7 1 4 65 242 -1
7 1 4 65 243 0.915507
7 1 4 66 242 -1
7 1 4 66 243 -1
7 2 3 122 188 -1
7 2 3 122 189 0.288016
7 2 3 122 190 -1
7 2 3 122 191 -1
7 2 3 123 188 0.851284
7 2 3 123 189 -1
7 2 3 123 190 -1
7 2 3 123 191 -1
7 2 3 124 188 0.0326516
7 2 3 124 189 -1
7 2 3 124 190 -1
7 2 3 124 191 0.912089
7 2 3 125 188 -1
7 2 3 125 189 -1
7 2 3 125 190 0.770381
7 2 3 125 191 -1
7 2 4 122 242 -1
7 2 4 122 243 0.293842
7 2 4 123 242 -1
7 2 4 123 243 -1
7 2 4 124 242 0.856784
7 2 4 124 243 -1
7 2 4 125 242 -1
7 2 4 125 243 -1
7 3 4 188 242 -1
7 3 4 188 243 -1
7 3 4 189 242 0.202711
7 3 4 189 243 0.797289
7 3 4 190 242 -1
7 3 4 190 243 -1
7 3 4 191 242 0.724373
7 3 4 191 243 -1
8 0 1 23 67 -1
8 0 1 23 68 -1
8 0 1 23 69 -1
8 0 1 24 67 0.848682
8 0 1 24 68 0.790317
8 0 1 24 69 -1
8 0 1 25 67 -1
8 0 1 25 68 -1
8 0 1 25 69 0.924392
8 0 2 23 126 -1
8 0 2 23 127 0.716275
8 0 2 23 128 0.0607337
8 0 2 23 129 -1
8 0 2 24 126 -1
8 0 2 24 127 -1
8 0 2 24 128 -1
8 0 2 24 129 0.672128
8 0 2 25 126 -1
8 0 2 25 127 0.922853
8 0 2 25 128 0.22364
8 0 2 25 129 -1
8 0 3 23 192 0.241619
8 0 3 23 193 -1
8 0 3 23 194 -1
8 0 3 23 195 0.113244
8 0 3 24 192 -1
8 0 3 24 193 -1
8 0 3 24 194 0.987836
8 0 3 24 195 -1
8 0 3 25 192 0.79624
8 0 3 25 193 -1
8 0 3 25 194 -1
8 0 3 25 195 0.854643
8 0 4 23 244 -1
8 0 4 23 245 0.369951
8 0 4 23 246 -1
8 0 4 24 244 -1
8 0 4 24 245 -1
8 0 4 24 246 -1
8 0 4 25 244 0.968909
8 0 4 25 245 -1
8 0 4 25 246 -1
8 1 2 67 126 -1
8 1 2 67 127 0.026989
8 1 2 67 128 -1
8 1 2 67 129 -1
8 1 2 68 126 -1
8 1 2 68 127 -1
8 1 2 68 128 -1
8 1 2 68 129 0.796355
8 1 2 69 126 0.621663
8 1 2 69 127 0.982083
8 1 2 69 128 -1
8 1 2 69 129 -1
8 1 3 67 192 0.692396
8 1 3 67 193 0.689542
8 1 3 67 194 -1
8 1 3 67 195 -1
8 1 3 68 192 -1
8 1 3 68 193 -1
8 1 3 68 194 0.993639
8 1 3 68 195 -1
8 1 3 69 192 0.947588
8 1 3 69 193 0.976596
8 1 3 69 194 -1
8 1 3 69 195 -1
8 1 4 67 244 0.154455
8 1 4 67 245 -1
8 1 4 67 246 0.837873
8 1 4 68 244 -1
8 1 4 68 245 -1
8 1 4 68 246 -1
8 1 4 69 244 0.860497
8 1 4 69 245 -1
8 1 4 69 246 -1
8 2 3 126 192 -1
8 2 3 126 193 -1
8 2 3 126 194 -1
8 2 3 126 195 -1
8 2 3 127 192 0.863605
8 2 3 127 193 -1
8 2 3 127 194 -1
8 2 3 127 195 0.39028
8 2 3 128 192 0.736346
8 2 3 128 193 -1
8 2 3 128 194 -1
8 2 3 128 195 0.895449
8 2 3 129 192 -1
8 2 3 129 193 -1
8 2 3 129 194 0.655474
8 2 3 129 195 -1
8 2 4 126 244 0.728407
8 2 4 126 245 -1
8 2 4 126 246 -1
8 2 4 127 244 0.883526
8 2 4 127 245 -1
8 2 4 127 246 -1
8 2 4 128 244 -1
8 2 4 128 245 0.909185
8 2 4 128 246 -1
8 2 4 129 244 -1
8 2 4 129 245 0.712222
8 2 4 129 246 -1
8 3 4 192 244 0.841007
8 3 4 192 245 -1
8 3 4 192 246 -1
8 3 4 193 244 -1
8 3 4 193 245 0.205187
8 3 4 193 246 0.882025
8 3 4 194 244 -1
8 3 4 194 245 -1
8 3 4 194 246 0.894387
8 3 4 195 244 -1
8 3 4 195 245 0.881753
8 3 4 195 246 -1
9 0 1 26 70 0.481852
9 0 1 26 71 0.518148
9 0 2 26 130 -1
9 0 2 26 131 0.86649
9 0 3 26 196 0.315501
9 0 3 26 197 -1
9 0 3 26 198 -1
9 0 4 26 247 0.19763
9 0 4 26 248 -1
9 1 2 70 130 0.920525
9 1 2 70 131 0.0794748
9 1 2 71 130 -1
9 1 2 71 131 0.851345
9 1 3 70 196 0.548638
9 1 3 70 197 0.240909
9 1 3 70 198 -1
9 1 3 71 196 0.410883
9 1 3 71 197 0.297562
9 1 3 71 198 0.0331634
9 1 4 70 247 0.868087
9 1 4 70 248 -1
9 1 4 71 247 -1
9 1 4 71 248 -1
9 2 3 130 196 0.998775
9 2 3 130 197 -1
9 2 3 130 198 -1
9 2 3 131 196 -1
9 2 3 131 197 -1
9 2 3 131 198 -1
9 2 4 130 247 0.581034
9 2 4 130 248 -1
9 2 4 131 247 0.418966
9 2 4 131 248 -1
9 3 4 196 247 0.58335
9 3 4 196 248 0.41665
9 3 4 197 247 0.464633
9 3 4 197 248 0.535367
9 3 4 198 247 -1
9 3 4 198 248 -1
10 0 1 27 72 0.0890974
10 0 1 27 73 0.220138
10 0 1 27 74 0.317591
10 0 1 28 72 0.316084
10 0 1 28 73 0.228363
10 0 1 28 74 0.163126
10 0 2 27 132 0.821972
10 0 2 27 133 -1
10 0 2 28 132 -1
10 0 2 28 133 -1
10 0 3 27 199 -1
10 0 3 27 200 0.472203
10 0 3 28 199 -1
10 0 3 28 200 0.527797
10 0 4 27 249 -1
10 0 4 28 249 0.930405
10 1 2 72 132 -1
10 1 2 72 133 0.265098
10 1 2 73 132 -1
10 1 2 73 133 -1
10 1 2 74 132 0.870289
10 1 2 74 133 -1
10 1 3 72 199 0.620238
10 1 3 72 200 0.178312
10 1 3 73 199 0.106597
10 1 3 73 200 0.402446
10 1 3 74 199 -1
10 1 3 74 200 0.357261
10 1 4 72 249 0.016558
10 1 4 73 249 -1
10 1 4 74 249 -1
10 2 3 132 199 -1
10 2 3 132 200 0.799892
10 2 3 133 199 0.947441
10 2 3 133 200 -1
10 2 4 132 249 -1
10 2 4 133 249 0.210318
10 3 4 199 249 0.406732
10 3 4 200 249 0.287295
11 0 1 29 75 0.370821
11 0 1 29 76 0.144945
11 0 1 30 75 0.346211
11 0 1 30 76 0.470501
11 0 2 29 134 -1
11 0 2 29 135 0.800414
11 0 2 29 136 -1
11 0 2 30 134 -1
11 0 2 30 135 -1
11 0 2 30 136 0.62267
11 0 3 29 201 0.534388
11 0 3 29 202 0.318675
11 0 3 29 203 0.130963
11 0 3 30 201 -1
11 0 3 30 202 -1
11 0 3 30 203 0.793746
11 0 4 29 250 0.829641
11 0 4 29 251 -1
11 0 4 30 250 0.170359
11 0 4 30 251 -1
11 1 2 75 134 0.5972
11 1 2 75 135 -1
11 1 2 75 136 -1
11 1 2 76 134 -1
11 1 2 76 135 -1
11 1 2 76 136 0.92424
11 1 3 75 201 0.32537
11 1 3 75 202 0.336077
11 1 3 75 203 0.15687
11 1 3 76 201 0.164299
11 1 3 76 202 0.144379
11 1 3 76 203 0.47778
11 1 4 75 250 -1
11 1 4 75 251 0.817793
11 1 4 76 250 -1
11 1 4 76 251 -1
11 2 3 134 201 -1
11 2 3 134 202 0.763808
11 2 3 134 203 -1
11 2 3 135 201 0.995371
11 2 3 135 202 -1
11 2 3 135 203 -1
11 2 3 136 201 -1
11 2 3 136 202 -1
11 2 3 136 203 0.491659
11 2 4 134 250 -1
11 2 4 134 251 0.514698
11 2 4 135 250 0.702896
11 2 4 135 251 -1
11 2 4 136 250 -1
11 2 4 136 251 -1
11 3 4 201 250 0.253843
11 3 4 201 251 0.168176
11 3 4 202 250 0.19295
11 3 4 202 251 0.257286
11 3 4 203 250 0.223581
11 3 4 203 251 0.21246
12 0 1 31 77 0.402449
12 0 1 31 78 0.408756
12 0 1 31 79 0.153261
12 0 1 32 77 0.237939
12 0 1 32 78 -1
12 0 1 32 79 0.750625
12 0 2 31 137 -1
12 0 2 31 138 0.226913
12 0 2 31 139 0.64963
12 0 2 31 140 -1
12 0 2 32 137 -1
12 0 2 32 138 0.773087
12 0 2 32 139 -1
12 0 2 32 140 -1
12 0 3 31 204 0.750646
12 0 3 31 205 0.398103
12 0 3 31 206 -1
12 0 3 32 204 0.0376838
12 0 3 32 205 0.601897
12 0 3 32 206 -1
12 0 4 31 252 0.848274
12 0 4 31 253 -1
12 0 4 32 252 -1
12 0 4 32 253 0.891733
12 1 2 77 137 0.66067
12 1 2 77 138 -1
12 1 2 77 139 -1
12 1 2 77 140 -1
12 1 2 78 137 -1
12 1 2 78 138 -1
12 1 2 78 139 -1
12 1 2 78 140 0.876006
12 1 2 79 137 -1
12 1 2 79 138 0.983523
12 1 2 79 139 -1
12 1 2 79 140 -1
12 1 3 77 204 0.235005
12 1 3 77 205 0.220582
12 1 3 77 206 0.0474018
12 1 3 78 204 0.0825755
12 1 3 78 205 0.123199
12 1 3 78 206 0.463942
12 1 3 79 204 0.235563
12 1 3 79 205 0.212331
12 1 3 79 206 0.0605132
12 1 4 77 252 0.349414
12 1 4 77 253 0.650586
12 1 4 78 252 -1
12 1 4 78 253 -1
12 1 4 79 252 0.330818
12 1 4 79 253 0.669182
12 2 3 137 204 0.412967
12 2 3 137 205 -1
12 2 3 137 206 -1
12 2 3 138 204 -1
12 2 3 138 205 0.810189
12 2 3 138 206 -1
12 2 3 139 204 -1
12 2 3 139 205 -1
12 2 3 139 206 -1
12 2 3 140 204 -1
12 2 3 140 205 -1
12 2 3 140 206 0.914364
12 2 4 137 252 -1
12 2 4 137 253 -1
12 2 4 138 252 -1
12 2 4 138 253 0.941653
12 2 4 139 252 0.530947
12 2 4 139 253 -1
12 2 4 140 252 -1
12 2 4 140 253 -1
12 3 4 204 252 0.228603
12 3 4 204 253 0.254866
12 3 4 205 252 0.226378
12 3 4 205 253 0.257595
12 3 4 206 252 0.202386
12 3 4 206 253 0.100975
13 0 1 33 80 0.133352
13 0 1 33 81 -1
13 0 1 34 80 0.504104
13 0 1 34 81 0.495896
13 0 2 33 141 -1
13 0 2 33 142 -1
13 0 2 33 143 0.467601
13 0 2 33 144 -1
13 0 2 34 141 -1
13 0 2 34 142 -1
13 0 2 34 143 -1
13 0 2 34 144 0.674679
13 0 3 33 207 -1
13 0 3 33 208 -1
13 0 3 33 209 -1
13 0 3 33 210 0.50702
13 0 3 34 207 -1
13 0 3 34 208 -1
13 0 3 34 209 0.697186
13 0 3 34 210 -1
13 0 4 33 254 0.0826718
13 0 4 33 255 0.958607
13 0 4 33 256 -1
13 0 4 34 254 0.73434
13 0 4 34 255 -1
13 0 4 34 256 -1
13 1 2 80 141 0.703877
13 1 2 80 142 -1
13 1 2 80 143 -1
13 1 2 80 144 -1
13 1 2 81 141 -1
13 1 2 81 142 -1
13 1 2 81 143 0.399988
13 1 2 81 144 0.824233
13 1 3 80 207 0.81654
13 1 3 80 208 0.715222
13 1 3 80 209 -1
13 1 3 80 210 -1
13 1 3 81 207 -1
13 1 3 81 208 -1
13 1 3 81 209 0.698384
13 1 3 81 210 0.452029
13 1 4 80 254 -1
13 1 4 80 255 -1
13 1 4 80 256 0.752167
13 1 4 81 254 -1
13 1 4 81 255 -1
13 1 4 81 256 -1
13 2 3 141 207 -1
13 2 3 141 208 0.474732
13 2 3 141 209 -1
13 2 3 141 210 -1
13 2 3 142 207 0.890093
13 2 3 142 208 -1
13 2 3 142 209 -1
13 2 3 142 210 -1
13 2 3 143 207 -1
13 2 3 143 208 -1
13 2 3 143 209 -1
13 2 3 143 210 0.948345
13 2 3 144 207 -1
13 2 3 144 208 -1
13 2 3 144 209 0.861918
13 2 3 144 210 -1
13 2 4 141 254 -1
13 2 4 141 255 -1
13 2 4 141 256 0.445885
13 2 4 142 254 -1
13 2 4 142 255 -1
13 2 4 142 256 -1
13 2 4 143 254 -1
13 2 4 143 255 0.930047
13 2 4 143 256 -1
13 2 4 144 254 -1
13 2 4 144 255 -1
13 2 4 144 256 -1
13 3 4 207 254 -1
13 3 4 207 255 -1
13 3 4 207 256 -1
13 3 4 208 254 0.724348
13 3 4 208 255 -1
13 3 4 208 256 0.932353
13 3 4 209 254 0.31712
13 3 4 209 255 -1
13 3 4 209 256 -1
13 3 4 210 254 -1
13 3 4 210 255 0.865425
13 3 4 210 256 -1
14 0 1 35 82 0.0714423
14 0 1 35 83 0.975052
14 0 1 35 84 -1
14 0 1 35 85 -1
14 0 1 36 82 0.928558
14 0 1 36 83 -1
14 0 1 36 84 -1
14 0 1 36 85 0.711354
14 0 2 35 145 -1
14 0 2 35 146 -1
14 0 2 35 147 0.636504
14 0 2 35 148 -1
14 0 2 36 145 -1
14 0 2 36 146 -1
14 0 2 36 147 -1
14 0 2 36 148 0.49071
14 0 3 35 211 0.277479
14 0 3 35 212 -1
14 0 3 35 213 -1
14 0 3 35 214 0.767703
14 0 3 36 211 -1
14 0 3 36 212 -1
14 0 3 36 213 0.735144
14 0 3 36 214 -1
14 0 4 35 257 -1
14 0 4 35 258 0.993597
14 0 4 35 259 -1
14 0 4 36 257 -1
14 0 4 36 258 -1
14 0 4 36 259 -1
14 1 2 82 145 0.6143
14 1 2 82 146 0.410343
14 1 2 82 147 -1
14 1 2 82 148 -1
14 1 2 83 145 -1
14 1 2 83 146 -1
14 1 2 83 147 -1
14 1 2 83 148 0.407057
14 1 2 84 145 0.395476
14 1 2 84 146 0.999225
14 1 2 84 147 -1
14 1 2 84 148 -1
14 1 2 85 145 -1
14 1 2 85 146 -1
14 1 2 85 147 -1
14 1 2 85 148 0.758731
14 1 3 82 211 0.489014
14 1 3 82 212 0.673949
14 1 3 82 213 -1
14 1 3 82 214 -1
14 1 3 83 211 -1
14 1 3 83 212 -1
14 1 3 83 213 0.213905
14 1 3 83 214 0.0626045
14 1 3 84 211 0.865327
14 1 3 84 212 0.415422
14 1 3 84 213 -1
14 1 3 84 214 -1
14 1 3 85 211 -1
14 1 3 85 212 -1
14 1 3 85 213 0.940664
14 1 3 85 214 -1
14 1 4 82 257 0.243896
14 1 4 82 258 -1
14 1 4 82 259 0.523121
14 1 4 83 257 -1
14 1 4 83 258 -1
14 1 4 83 259 -1
14 1 4 84 257 0.96696
14 1 4 84 258 -1
14 1 4 84 259 -1
14 1 4 85 257 -1
14 1 4 85 258 -1
14 1 4 85 259 -1
14 2 3 145 211 -1
14 2 3 145 212 0.189636
14 2 3 145 213 -1
14 2 3 145 214 -1
14 2 3 146 211 0.750517
14 2 3 146 212 -1
14 2 3 146 213 -1
14 2 3 146 214 -1
14 2 3 147 211 0.886061
14 2 3 147 212 -1
14 2 3 147 213 -1
14 2 3 147 214 0.87519
14 2 3 148 211 -1
14 2 3 148 212 -1
14 2 3 148 213 0.731359
14 2 3 148 214 -1
14 2 4 145 257 0.525522
14 2 4 145 258 -1
14 2 4 145 259 0.16466
14 2 4 146 257 0.964805
14 2 4 146 258 -1
14 2 4 146 259 -1
14 2 4 147 257 -1
14 2 4 147 258 0.906519
14 2 4 147 259 -1
14 2 4 148 257 -1
14 2 4 148 258 0.811702
14 2 4 148 259 -1
14 3 4 211 257 0.884314
14 3 4 211 258 -1
14 3 4 211 259 -1
14 3 4 212 257 -1
14 3 4 212 258 -1
14 3 4 212 259 0.815213
14 3 4 213 257 -1
14 3 4 213 258 -1
14 3 4 213 259 0.560629
14 3 4 214 257 -1
14 3 4 214 258 0.942495
14 3 4 214 259 -1
15 0 1 37 86 -1
15 0 1 38 86 0.930968
15 0 2 37 149 0.0476344
15 0 2 37 150 0.958272
15 0 2 37 151 -1
15 0 2 38 149 -1
15 0 2 38 150 -1
15 0 2 38 151 0.921179
15 0 3 37 215 0.98128
15 0 3 37 216 -1
15 0 3 37 217 -1
15 0 3 38 215 -1
15 0 3 38 216 0.90946
15 0 3 38 217 -1
15 0 4 37 260 -1
15 0 4 38 260 -1
15 1 2 86 149 0.52559
15 1 2 86 150 0.113835
15 1 2 86 151 -1
15 1 3 86 215 -1
15 1 3 86 216 0.41625
15 1 3 86 217 0.78362
15 1 4 86 260 0.666844
15 2 3 149 215 0.169707
15 2 3 149 216 -1
15 2 3 149 217 0.26858
15 2 3 150 215 0.916421
15 2 3 150 216 -1
15 2 3 150 217 0.72463
15 2 3 151 215 -1
15 2 3 151 216 0.966524
15 2 3 151 217 -1
15 2 4 149 260 0.160636
15 2 4 150 260 0.489751
15 2 4 151 260 -1
15 3 4 215 260 -1
15 3 4 216 260 -1
15 3 4 217 260 0.903057
16 0 1 39 87 -1
16 0 1 39 88 -1
16 0 1 39 89 -1
16 0 1 40 87 -1
16 0 1 40 88 -1
16 0 1 40 89 0.853822
16 0 2 39 152 0.866321
16 0 2 39 153 -1
16 0 2 39 154 -1
16 0 2 40 152 -1
16 0 2 40 153 0.96568
16 0 2 40 154 -1
16 0 3 39 218 -1
16 0 3 39 219 -1
16 0 3 39 220 -1
16 0 3 40 218 0.516164
16 0 3 40 219 -1
16 0 3 40 220 -1
16 0 4 39 261 -1
16 0 4 39 262 -1
16 0 4 40 261 -1
16 0 4 40 262 0.962802
16 1 2 87 152 -1
16 1 2 87 153 0.448508
16 1 2 87 154 -1
16 1 2 88 152 -1
16 1 2 88 153 -1
16 1 2 88 154 0.788982
16 1 2 89 152 -1
16 1 2 89 153 0.902036
16 1 2 89 154 -1
16 1 3 87 218 0.979881
16 1 3 87 219 0.871258
16 1 3 87 220 -1
16 1 3 88 218 -1
16 1 3 88 219 -1
16 1 3 88 220 0.983833
16 1 3 89 218 0.659685
16 1 3 89 219 0.682021
16 1 3 89 220 -1
16 1 4 87 261 -1
16 1 4 87 262 0.846322
16 1 4 88 261 -1
16 1 4 88 262 -1
16 1 4 89 261 -1
16 1 4 89 262 0.84193
16 2 3 152 218 -1
16 2 3 152 219 0.809307
16 2 3 152 220 -1
16 2 3 153 218 0.502185
16 2 3 153 219 -1
16 2 3 153 220 -1
16 2 3 154 218 -1
16 2 3 154 219 -1
16 2 3 154 220 0.955173
16 2 4 152 261 -1
16 2 4 152 262 0.288738
16 2 4 153 261 -1
16 2 4 153 262 0.974726
16 2 4 154 261 -1
16 2 4 154 262 -1
16 3 4 218 261 0.278176
16 3 4 218 262 0.413171
16 3 4 219 261 0.31427
16 3 4 219 262 0.361779
16 3 4 220 261 0.237482
16 3 4 220 262 0.028493
17 0 1 41 90 0.0924085
17 0 1 41 91 0.606146
17 0 1 41 92 -1
17 0 1 41 93 -1
17 0 1 42 90 0.810162
17 0 1 42 91 -1
17 0 1 42 92 0.962986
17 0 1 42 93 -1
17 0 2 41 155 0.492336
17 0 2 41 156 0.989829
17 0 2 41 157 -1
17 0 2 42 155 -1
17 0 2 42 156 -1
17 0 2 42 157 0.16931
17 0 3 41 221 0.693147
17 0 3 41 222 -1
17 0 3 41 223 -1
17 0 3 41 224 0.7989
17 0 3 42 221 -1
17 0 3 42 222 -1
17 0 3 42 223 0.974945
17 0 3 42 224 -1
17 0 4 41 263 -1
17 0 4 41 264 0.858689
17 0 4 41 265 -1
17 0 4 42 263 -1
17 0 4 42 264 -1
17 0 4 42 265 -1
17 1 2 90 155 0.478464
17 1 2 90 156 -1
17 1 2 90 157 -1
17 1 2 91 155 -1
17 1 2 91 156 -1
17 1 2 91 157 0.616137
17 1 2 92 155 -1
17 1 2 92 156 -1
17 1 2 92 157 0.680398
17 1 2 93 155 0.935168
17 1 2 93 156 -1
17 1 2 93 157 -1
17 1 3 90 221 0.449652
17 1 3 90 222 0.898169
17 1 3 90 223 -1
17 1 3 90 224 -1
17 1 3 91 221 -1
17 1 3 91 222 -1
17 1 3 91 223 0.759207
17 1 3 91 224 0.06256
17 1 3 92 221 -1
17 1 3 92 222 -1
17 1 3 92 223 0.711898
17 1 3 92 224 -1
17 1 3 93 221 0.95731
17 1 3 93 222 0.396847
17 1 3 93 223 -1
17 1 3 93 224 -1
17 1 4 90 263 0.384853
17 1 4 90 264 -1
17 1 4 90 265 0.951326
17 1 4 91 263 -1
17 1 4 91 264 -1
17 1 4 91 265 -1
17 1 4 92 263 -1
17 1 4 92 264 0.00854629
17 1 4 92 265 -1
17 1 4 93 263 0.838396
17 1 4 93 264 -1
17 1 4 93 265 0.0672798
17 2 3 155 221 0.973521
17 2 3 155 222 -1
17 2 3 155 223 -1
17 2 3 155 224 0.857402
17 2 3 156 221 0.94738
17 2 3 156 222 -1
17 2 3 156 223 -1
17 2 3 156 224 0.833001
17 2 3 157 221 -1
17 2 3 157 222 -1
17 2 3 157 223 0.184843
17 2 3 157 224 -1
17 2 4 155 263 0.767176
17 2 4 155 264 -1
17 2 4 155 265 -1
17 2 4 156 263 -1
17 2 4 156 264 0.669964
17 2 4 156 265 -1
17 2 4 157 263 -1
17 2 4 157 264 0.9876
17 2 4 157 265 -1
17 3 4 221 263 0.89587
17 3 4 221 264 -1
17 3 4 221 265 -1
17 3 4 222 263 -1
17 3 4 222 264 -1
17 3 4 222 265 0.795831
17 3 4 223 263 -1
17 3 4 223 264 -1
17 3 4 223 265 0.598767
17 3 4 224 263 -1
17 3 4 224 264 0.823734
17 3 4 224 265 -1
18 0 1 43 94 0.40046
18 0 1 43 95 -1
18 0 1 44 94 0.438189
18 0 1 44 95 0.511122
18 0 2 43 158 -1
18 0 2 43 159 0.950561
18 0 2 43 160 -1
18 0 2 44 158 -1
18 0 2 44 159 -1
18 0 2 44 160 0.320048
18 0 3 43 225 -1
18 0 3 43 226 -1
18 0 3 43 227 0.826229
18 0 3 44 225 -1
18 0 3 44 226 -1
18 0 3 44 227 -1
18 0 4 43 266 0.670586
18 0 4 43 267 -1
18 0 4 44 266 0.329414
18 0 4 44 267 -1
18 1 2 94 158 -1
18 1 2 94 159 -1
18 1 2 94 160 -1
18 1 2 95 158 -1
18 1 2 95 159 0.356463
18 1 2 95 160 0.736532
18 1 3 94 225 0.690911
18 1 3 94 226 0.851845
18 1 3 94 227 -1
18 1 3 95 225 -1
18 1 3 95 226 -1
18 1 3 95 227 0.68654
18 1 4 94 266 -1
18 1 4 94 267 0.468707
18 1 4 95 266 -1
18 1 4 95 267 -1
18 2 3 158 225 0.798248
18 2 3 158 226 -1
18 2 3 158 227 -1
18 2 3 159 225 -1
18 2 3 159 226 -1
18 2 3 159 227 0.798219
18 2 3 160 225 -1
18 2 3 160 226 -1
18 2 3 160 227 -1
18 2 4 158 266 -1
18 2 4 158 267 -1
18 2 4 159 266 0.853223
18 2 4 159 267 -1
18 2 4 160 266 -1
18 2 4 160 267 -1
18 3 4 225 266 -1
18 3 4 225 267 -1
18 3 4 226 266 0.170373
18 3 4 226 267 0.829627
18 3 4 227 266 0.991658
18 3 4 227 267 -1
end of Frame 300
