J OverallIdx viewIdx joint种类0-18(jointIdx) 该joint在图中的顺序(candidix) x y score
0 0 0 0 56.2285 364.86 0.730021
1 0 0 1 504.68 390.107 0.722912
2 0 0 2 302.907 444.895 0.579298
3 0 1 0 280.479 194.099 0.896528
4 0 1 1 58.8448 213.016 0.903055
5 0 1 2 521.587 210.878 0.839007
6 0 2 0 27.9647 364.812 0.657608
7 0 2 1 482.437 390.099 0.684587
8 0 2 2 350.56 438.613 0.558643
9 0 3 0 95.3579 364.878 0.710726
10 0 3 1 524.348 390.094 0.689797
11 0 3 2 255.236 447.03 0.563604
12 0 4 0 459.982 151.852 0.905172
13 0 4 1 98.119 160.169 0.918774
14 0 5 0 353.411 194.004 0.827196
15 0 5 1 487.929 210.878 0.771826
16 0 6 0 210.231 194.092 0.829663
17 0 6 1 549.602 210.839 0.862942
18 0 6 2 117.763 219.289 0.814386
19 0 7 0 28.0537 487.087 0.740455
20 0 7 1 499.144 520.814 0.7287
21 0 7 2 339.282 619.973 0.696813
22 0 8 0 81.283 487.074 0.813508
23 0 8 1 527.268 527.118 0.786617
24 0 8 2 257.974 634.684 0.697516
25 0 9 0 300.142 107.599 0.91129
26 0 9 1 56.0833 145.541 0.880666
27 0 10 0 216.006 109.742 0.875038
28 0 10 1 504.897 145.46 0.91644
29 0 11 0 412.166 320.542 0.840441
30 0 12 0 605.733 278.343 0.87453
31 0 12 1 126.252 293.12 0.828586
32 0 12 2 190.718 345.772 0.87118
33 0 13 0 33.6462 607.299 0.708157
34 0 13 1 507.603 632.542 0.844997
35 0 13 2 350.672 765.476 0.477061
36 0 14 0 78.3651 596.701 0.811524
37 0 14 1 549.615 651.578 0.782553
38 0 15 0 372.946 398.511 0.754288
39 0 16 0 148.651 326.85 0.771942
40 0 16 1 549.643 333.171 0.868575
41 0 16 2 210.357 447.01 0.712188
42 0 17 0 78.6725 626.246 0.791608
43 0 17 1 513.25 687.479 0.737155
44 0 18 0 36.5339 649.502 0.56141
45 0 18 1 451.491 649.497 0.813816
46 1 0 0 157.002 366.917 0.404972
47 1 0 1 541.278 379.506 0.797648
48 1 0 2 681.509 396.445 0.611183
49 1 0 3 56.2104 436.486 0.593337
50 1 1 0 28.0392 193.888 0.761928
51 1 1 1 168.241 212.949 0.819263
52 1 1 2 673.083 223.549 0.584046
53 1 1 3 543.977 244.715 0.903644
54 1 2 0 140.149 366.903 0.370313
55 1 2 1 510.39 379.511 0.801791
56 1 2 2 678.649 396.437 0.464032
57 1 3 0 173.882 366.925 0.415116
58 1 3 1 569.304 379.523 0.813218
59 1 3 2 684.209 398.53 0.715964
60 1 3 3 106.543 432.258 0.556692
61 1 4 0 224.341 172.843 0.826596
62 1 4 1 611.33 177.174 0.858604
63 1 4 2 521.532 193.988 0.928089
64 1 5 0 142.91 210.923 0.712993
65 1 5 1 670.276 217.231 0.448388
66 1 5 2 502.022 246.775 0.886503
67 1 6 0 114.952 189.719 0.702136
68 1 6 1 196.313 213.038 0.678334
69 1 6 2 670.296 227.636 0.837074
70 1 6 3 577.765 244.545 0.880315
71 1 7 0 524.472 482.927 0.865598
72 1 7 1 661.811 531.358 0.710732
73 1 7 2 27.9438 615.679 0.627333
74 1 8 0 572.156 480.872 0.869705
75 1 8 1 168.148 499.782 0.616053
76 1 8 2 673.05 533.461 0.717295
77 1 8 3 103.863 598.953 0.782065
78 1 9 0 179.502 160.236 0.874449
79 1 10 0 33.8341 92.7041 0.944173
80 1 10 1 642.233 164.503 0.877843
81 1 10 2 552.425 193.913 0.950115
82 1 11 0 459.984 295.293 0.980726
83 1 11 1 168.201 303.618 0.310198
84 1 12 0 622.52 295.135 0.925149
85 1 12 1 168.148 303.637 0.809582
86 1 12 2 695.515 328.969 0.861646
87 1 13 0 527.124 571.496 0.83381
88 1 13 1 678.584 645.203 0.718709
89 1 13 2 58.8443 765.521 0.46448
90 1 14 0 580.471 571.492 0.795769
91 1 14 1 168.34 619.93 0.581964
92 1 14 2 692.736 666.337 0.751022
93 1 14 3 131.802 763.271 0.588537
94 1 15 0 488.003 335.293 0.846258
95 1 15 1 235.668 339.511 0.343423
96 1 16 0 594.654 333.153 0.912893
97 1 16 1 123.264 381.647 0.866505
98 1 16 2 647.761 398.575 0.785886
99 1 17 0 580.552 598.836 0.886439
100 1 17 1 207.537 651.62 0.549905
101 1 17 2 633.8 674.782 0.741882
102 1 18 0 493.609 594.669 0.787412
103 1 18 1 633.732 651.558 0.784804
104 2 0 0 401.05 284.648 0.727983
105 2 0 1 740.321 377.482 0.744535
106 2 0 2 218.723 632.573 0.561096
107 2 1 0 389.745 126.634 0.912142
108 2 1 1 779.647 234.04 0.806812
109 2 1 2 193.476 413.322 0.804629
110 2 1 3 872.14 716.984 0.359218
111 2 2 0 370.328 288.917 0.760893
112 2 2 1 709.531 366.899 0.736747
113 2 2 2 255.188 641.025 0.537466
114 2 3 0 434.616 280.467 0.76723
115 2 3 1 771.102 383.779 0.727412
116 2 3 2 187.874 626.274 0.513957
117 2 4 0 395.386 90.6803 0.938436
118 2 4 1 746.002 191.949 0.887593
119 2 4 2 1029.2 765.352 0.208027
120 2 5 0 339.35 141.237 0.810173
121 2 5 1 737.559 210.792 0.798514
122 2 5 2 235.678 444.935 0.630921
123 2 5 3 852.502 765.28 0.19703
124 2 6 0 434.743 116.013 0.858477
125 2 6 1 821.761 259.345 0.819308
126 2 6 2 148.562 379.585 0.7749
127 2 6 3 883.322 660.033 0.489312
128 2 7 0 370.268 394.269 0.863415
129 2 7 1 684.371 466.024 0.877258
130 2 7 2 325.371 733.708 0.850427
131 2 8 0 434.569 379.644 0.85179
132 2 8 1 751.432 480.847 0.858836
133 2 8 2 221.516 721.185 0.758071
134 2 9 0 361.775 75.8591 0.793438
135 2 9 1 263.67 326.805 0.825724
136 2 9 2 908.574 733.851 0.719947
137 2 10 0 417.953 73.7103 0.464386
138 2 10 1 799.205 191.873 0.926085
139 2 11 0 277.558 208.784 0.912108
140 2 11 1 717.942 267.809 0.826472
141 2 11 2 257.948 600.946 0.795145
142 2 12 0 454.279 162.428 0.818745
143 2 12 1 838.352 345.906 0.933133
144 2 13 0 370.181 478.693 0.864909
145 2 13 1 684.097 539.801 0.874777
146 2 14 0 431.795 455.513 0.792892
147 2 14 1 732.024 567.216 0.847465
148 2 15 0 330.98 259.39 0.891356
149 2 15 1 703.858 333.154 0.845044
150 2 15 2 344.941 617.856 0.84945
151 2 16 0 459.853 219.297 0.866676
152 2 16 1 776.802 396.421 0.926656
153 2 17 0 468.345 482.877 0.868991
154 2 17 1 698.287 596.705 0.838041
155 2 18 0 375.859 514.586 0.748984
156 2 18 1 644.99 563.024 0.880988
157 3 0 0 625.399 309.996 0.622817
158 3 0 1 297.27 371.159 0.647731
159 3 0 2 729.034 432.303 0.477494
160 3 1 0 709.62 174.951 0.792601
161 3 1 1 263.615 187.696 0.769056
162 3 1 2 622.647 185.566 0.558012
163 3 2 0 594.423 309.995 0.665916
164 3 2 1 280.436 375.35 0.665562
165 3 2 2 779.684 430.16 0.447053
166 3 3 0 661.865 307.889 0.669873
167 3 3 1 311.267 369.023 0.581368
168 3 3 2 670.253 434.398 0.440633
169 3 4 0 311.249 122.318 0.840895
170 3 4 1 622.598 141.203 0.85941
171 3 5 0 804.824 162.383 0.754678
172 3 5 1 586.062 185.583 0.788423
173 3 5 2 243.966 193.94 0.787526
174 3 6 0 639.327 181.385 0.722235
175 3 6 1 283.351 179.26 0.703241
176 3 7 0 594.356 451.232 0.787283
177 3 7 1 286.083 514.555 0.730045
178 3 7 2 773.882 628.337 0.748863
179 3 8 0 659.032 459.699 0.423595
180 3 8 1 305.811 508.217 0.73475
181 3 8 2 684.305 647.362 0.768261
182 3 9 0 737.507 63.2371 0.676232
183 3 9 1 257.955 115.981 0.876178
184 3 9 2 597.432 126.568 0.831415
185 3 10 0 642.165 75.9768 0.746596
186 3 10 1 653.458 128.684 0.606847
187 3 11 0 549.624 259.281 0.890986
188 3 11 1 210.217 278.253 0.891324
189 3 11 2 846.89 303.678 0.66078
190 3 12 0 600.134 295.227 0.615889
191 3 13 0 586.094 552.47 0.800197
192 3 13 1 277.647 651.568 0.786616
193 3 13 2 771.237 765.404 0.537828
194 3 14 0 645.016 550.432 0.546006
195 3 14 1 305.736 615.758 0.840324
196 3 15 0 566.407 318.427 0.732722
197 3 15 1 263.661 329.034 0.873639
198 3 15 2 818.968 388.03 0.460614
199 3 16 0 611.372 362.719 0.44834
200 3 17 0 370.041 617.807 0.879195
201 3 18 0 580.526 584.068 0.852572
202 3 18 1 342.147 674.792 0.777465
203 4 0 0 956.326 246.795 0.766147
204 4 0 1 580.462 276.249 0.516469
205 4 0 2 661.705 343.741 0.57817
206 4 1 0 664.653 113.883 0.861241
207 4 1 1 975.787 124.395 0.908987
208 4 1 2 574.988 126.546 0.458632
209 4 2 0 987.122 250.903 0.708283
210 4 2 1 591.639 278.336 0.639251
211 4 2 2 706.749 345.822 0.548029
212 4 3 0 931.117 246.72 0.769503
213 4 3 1 569.248 276.223 0.437686
214 4 3 2 616.915 341.589 0.527621
215 4 4 0 639.248 80.1057 0.877823
216 4 5 0 731.968 115.993 0.806636
217 4 5 1 572.087 126.618 0.760677
218 4 5 2 1029.2 126.518 0.862262
219 4 6 0 600.159 111.79 0.829591
220 4 6 1 933.791 118.12 0.857967
221 4 7 0 973.072 343.7 0.872015
222 4 7 1 588.953 392.185 0.611218
223 4 7 2 701.018 516.662 0.753607
224 4 8 0 911.365 331.031 0.882173
225 4 8 1 594.511 394.286 0.26076
226 4 8 2 616.838 504.002 0.722624
227 4 9 0 712.297 35.8521 0.798543
228 4 9 1 594.617 73.8316 0.970874
229 4 9 2 998.313 78.1122 0.876601
230 4 10 0 645.057 33.746 0.336181
231 4 10 1 956.294 75.8153 0.816072
232 4 11 0 1029.21 187.662 0.560124
233 4 11 1 818.811 213.038 0.916212
234 4 11 2 530.059 210.786 0.854378
235 4 12 0 908.522 183.463 0.873012
236 4 12 1 530.132 208.699 0.534387
237 4 13 0 959.142 428.089 0.784627
238 4 13 1 571.95 497.718 0.770394
239 4 13 2 1029.21 516.599 0.422077
240 4 13 3 689.881 657.922 0.768414
241 4 14 0 917.06 415.474 0.781616
242 4 14 1 572.038 497.636 0.154296
243 4 14 2 1029.21 516.715 0.344982
244 4 14 3 600.165 643.148 0.747273
245 4 15 0 1029.2 227.726 0.240809
246 4 15 1 577.657 269.91 0.79034
247 4 15 2 762.751 278.288 0.86228
248 4 16 0 908.702 227.765 0.78283
249 4 16 1 574.939 261.576 0.215886
250 4 17 0 908.615 427.968 0.554929
251 4 17 1 995.534 516.676 0.368539
252 4 17 2 605.753 636.844 0.398493
253 4 18 0 956.325 438.594 0.583695
254 4 18 1 583.317 516.588 0.231099
255 4 18 2 992.741 516.683 0.382848
256 4 18 3 740.301 647.406 0.710299
P viewIdx, pafIdx, aOverAllIdx, bOverAllIdx, CandidAIdx, CandidBIdx, score
0 0 3 0 0 0 0
0 0 3 1 0 1 0
0 0 3 2 0 2 0.986012
0 0 4 0 1 0 0.997026
0 0 4 1 1 1 0
0 0 4 2 1 2 0
0 0 5 0 2 0 0
0 0 5 1 2 1 0.980919
0 0 5 2 2 2 0
0 1 6 19 0 0 0.986205
0 1 6 20 0 1 0
0 1 6 21 0 2 0
0 1 7 19 1 0 0
0 1 7 20 1 1 0.981136
0 1 7 21 1 2 0
0 1 8 19 2 0 0
0 1 8 20 2 1 0
0 1 8 21 2 2 0.972554
0 2 19 33 0 0 0.990875
0 2 19 34 0 1 0
0 2 19 35 0 2 0
0 2 20 33 1 0 0
0 2 20 34 1 1 0.990036
0 2 20 35 1 2 0
0 2 21 33 2 0 0
0 2 21 34 2 1 0
0 2 21 35 2 2 0.985424
0 3 0 6 0 0 0.92919
0 3 0 7 0 1 0
0 3 0 8 0 2 0
0 3 1 6 1 0 0
0 3 1 7 1 1 0.92994
0 3 1 8 1 2 0
0 3 2 6 2 0 0
0 3 2 7 2 1 0
0 3 2 8 2 2 0.86676
0 4 0 9 0 0 0.927423
0 4 0 10 0 1 0
0 4 0 11 0 2 0
0 4 1 9 1 0 0
0 4 1 10 1 1 0.927096
0 4 1 11 1 2 0
0 4 2 9 2 0 0
0 4 2 10 2 1 0
0 4 2 11 2 2 0.868875
0 5 9 22 0 0 0.990551
0 5 9 23 0 1 0
0 5 9 24 0 2 0
0 5 10 22 1 0 0
0 5 10 23 1 1 0.988288
0 5 10 24 1 2 0
0 5 11 22 2 0 0
0 5 11 23 2 1 0
0 5 11 24 2 2 0.980947
0 6 22 36 0 0 0.998308
0 6 22 37 0 1 0
0 6 23 36 1 0 0
0 6 23 37 1 1 0.99997
0 6 24 36 2 0 0
0 6 24 37 2 1 0
0 7 3 14 0 0 0.9899
0 7 3 15 0 1 0
0 7 4 14 1 0 0
0 7 4 15 1 1 0
0 7 5 14 2 0 0
0 7 5 15 2 1 0.983128
0 8 14 29 0 0 0.996791
0 8 15 29 1 0 0
0 9 29 38 0 0 0.970499
0 10 14 25 0 0 0.996225
0 10 14 26 0 1 0
0 10 15 25 1 0 0
0 10 15 26 1 1 0
0 11 3 16 0 0 0.984373
0 11 3 17 0 1 0
0 11 3 18 0 2 0
0 11 4 16 1 0 0
0 11 4 17 1 1 0
0 11 4 18 1 2 0.994455
0 11 5 16 2 0 0
0 11 5 17 2 1 0.98914
0 11 5 18 2 2 0
0 12 16 30 0 0 0
0 12 16 31 0 1 0
0 12 16 32 0 2 0.97127
0 12 17 30 1 0 0.991286
0 12 17 31 1 1 0
0 12 17 32 1 2 0
0 12 18 30 2 0 0
0 12 18 31 2 1 0.992199
0 12 18 32 2 2 0
0 13 30 39 0 0 0
0 13 30 40 0 1 0.964785
0 13 30 41 0 2 0
0 13 31 39 1 0 0.993677
0 13 31 40 1 1 0
0 13 31 41 1 2 0
0 13 32 39 2 0 0
0 13 32 40 2 1 0
0 13 32 41 2 2 0.990086
0 14 16 27 0 0 0.994589
0 14 16 28 0 1 0
0 14 17 27 1 0 0
0 14 17 28 1 1 0.993455
0 14 18 27 2 0 0
0 14 18 28 2 1 0
0 15 3 12 0 0 0
0 15 3 13 0 1 0
0 15 4 12 1 0 0
0 15 4 13 1 1 0.969982
0 15 5 12 2 0 0.994359
0 15 5 13 2 1 0
0 16 36 42 0 0 0.986259
0 16 36 43 0 1 0
0 16 37 42 1 0 0
0 16 37 43 1 1 0.948027
0 17 33 44 0 0 0.929106
0 17 33 45 0 1 0
0 17 34 44 1 0 0
0 17 34 45 1 1 0.965143
0 17 35 44 2 0 0
0 17 35 45 2 1 0
1 0 50 46 0 0 0
1 0 50 47 0 1 0
1 0 50 48 0 2 0
1 0 50 49 0 3 0.984001
1 0 51 46 1 0 0.923211
1 0 51 47 1 1 0
1 0 51 48 1 2 0
1 0 51 49 1 3 0
1 0 52 46 2 0 0
1 0 52 47 2 1 0
1 0 52 48 2 2 0.913653
1 0 52 49 2 3 0
1 0 53 46 3 0 0
1 0 53 47 3 1 0.987463
1 0 53 48 3 2 0
1 0 53 49 3 3 0
1 1 54 71 0 0 0
1 1 54 72 0 1 0
1 1 54 73 0 2 0
1 1 55 71 1 0 0.983945
1 1 55 72 1 1 0
1 1 55 73 1 2 0
1 1 56 71 2 0 0
1 1 56 72 2 1 0.908224
1 1 56 73 2 2 0
1 2 71 87 0 0 0.99827
1 2 71 88 0 1 0
1 2 71 89 0 2 0
1 2 72 87 1 0 0
1 2 72 88 1 1 0.979327
1 2 72 89 1 2 0
1 2 73 87 2 0 0
1 2 73 88 2 1 0
1 2 73 89 2 2 0.994651
1 3 46 54 0 0 0.836259
1 3 46 55 0 1 0
1 3 46 56 0 2 0
1 3 47 54 1 0 0
1 3 47 55 1 1 0.980147
1 3 47 56 1 2 0
1 3 48 54 2 0 0
1 3 48 55 2 1 0
1 3 48 56 2 2 0.671058
1 3 49 54 3 0 0
1 3 49 55 3 1 0
1 3 49 56 3 2 0
1 4 46 57 0 0 0.525842
1 4 46 58 0 1 0
1 4 46 59 0 2 0
1 4 46 60 0 3 0
1 4 47 57 1 0 0
1 4 47 58 1 1 0.980469
1 4 47 59 1 2 0
1 4 47 60 1 3 0
1 4 48 57 2 0 0
1 4 48 58 2 1 0
1 4 48 59 2 2 0.735522
1 4 48 60 2 3 0
1 4 49 57 3 0 0.288173
1 4 49 58 3 1 0
1 4 49 59 3 2 0
1 4 49 60 3 3 0.539965
1 5 57 74 0 0 0
1 5 57 75 0 1 0.280602
1 5 57 76 0 2 0
1 5 57 77 0 3 0.266925
1 5 58 74 1 0 0.994682
1 5 58 75 1 1 0
1 5 58 76 1 2 0
1 5 58 77 1 3 0
1 5 59 74 2 0 0
1 5 59 75 2 1 0
1 5 59 76 2 2 0.975976
1 5 59 77 2 3 0
1 5 60 74 3 0 0
1 5 60 75 3 1 0.266652
1 5 60 76 3 2 0
1 5 60 77 3 3 0.279861
1 6 74 90 0 0 0.991786
1 6 74 91 0 1 0
1 6 74 92 0 2 0
1 6 74 93 0 3 0
1 6 75 90 1 0 0
1 6 75 91 1 1 0.292706
1 6 75 92 1 2 0
1 6 75 93 1 3 0.259942
1 6 76 90 2 0 0
1 6 76 91 2 1 0
1 6 76 92 2 2 0.988655
1 6 76 93 2 3 0
1 6 77 90 3 0 0
1 6 77 91 3 1 0.257704
1 6 77 92 3 2 0
1 6 77 93 3 3 0.292027
1 7 50 64 0 0 0
1 7 50 65 0 1 0
1 7 50 66 0 2 0
1 7 51 64 1 0 0.963837
1 7 51 65 1 1 0
1 7 51 66 1 2 0
1 7 52 64 2 0 0
1 7 52 65 2 1 0.752611
1 7 52 66 2 2 0
1 7 53 64 3 0 0
1 7 53 65 3 1 0
1 7 53 66 3 2 0.99479
1 8 64 82 0 0 0
1 8 64 83 0 1 0.838521
1 8 65 82 1 0 0
1 8 65 83 1 1 0
1 8 66 82 2 0 0.971454
1 8 66 83 2 1 0
1 9 82 94 0 0 0.985708
1 9 82 95 0 1 0
1 9 83 94 1 0 0
1 9 83 95 1 1 0.899907
1 10 64 78 0 0 0.957882
1 10 65 78 1 0 0
1 10 66 78 2 0 0
1 11 50 67 0 0 0.512721
1 11 50 68 0 1 0.257247
1 11 50 69 0 2 0
1 11 50 70 0 3 0
1 11 51 67 1 0 0
1 11 51 68 1 1 0.508213
1 11 51 69 1 2 0
1 11 51 70 1 3 0
1 11 52 67 2 0 0
1 11 52 68 2 1 0
1 11 52 69 2 2 0.780924
1 11 52 70 2 3 0
1 11 53 67 3 0 0
1 11 53 68 3 1 0
1 11 53 69 3 2 0
1 11 53 70 3 3 0.995952
1 12 67 84 0 0 0
1 12 67 85 0 1 0.536415
1 12 67 86 0 2 0
1 12 68 84 1 0 0
1 12 68 85 1 1 0.463585
1 12 68 86 1 2 0
1 12 69 84 2 0 0
1 12 69 85 2 1 0
1 12 69 86 2 2 0.509093
1 12 70 84 3 0 0.510126
1 12 70 85 3 1 0
1 12 70 86 3 2 0.250425
1 13 84 96 0 0 0.977426
1 13 84 97 0 1 0
1 13 84 98 0 2 0
1 13 85 96 1 0 0
1 13 85 97 1 1 0.98466
1 13 85 98 1 2 0
1 13 86 96 2 0 0
1 13 86 97 2 1 0
1 13 86 98 2 2 0.960909
1 14 67 79 0 0 0.999636
1 14 67 80 0 1 0
1 14 67 81 0 2 0
1 14 68 79 1 0 0
1 14 68 80 1 1 0
1 14 68 81 1 2 0
1 14 69 79 2 0 0
1 14 69 80 2 1 0.997712
1 14 69 81 2 2 0
1 14 70 79 3 0 0
1 14 70 80 3 1 0
1 14 70 81 3 2 0.99916
1 15 50 61 0 0 0
1 15 50 62 0 1 0
1 15 50 63 0 2 0
1 15 51 61 1 0 0.971432
1 15 51 62 1 1 0
1 15 51 63 1 2 0
1 15 52 61 2 0 0
1 15 52 62 2 1 0.960755
1 15 52 63 2 2 0
1 15 53 61 3 0 0
1 15 53 62 3 1 0
1 15 53 63 3 2 0.98607
1 16 90 99 0 0 0.974006
1 16 90 100 0 1 0
1 16 90 101 0 2 0
1 16 91 99 1 0 0
1 16 91 100 1 1 0.884293
1 16 91 101 1 2 0
1 16 92 99 2 0 0
1 16 92 100 2 1 0
1 16 92 101 2 2 0.955667
1 16 93 99 3 0 0
1 16 93 100 3 1 0
1 16 93 101 3 2 0
1 17 87 102 0 0 0.963131
1 17 87 103 0 1 0
1 17 88 102 1 0 0
1 17 88 103 1 1 0.995284
1 17 89 102 2 0 0
1 17 89 103 2 1 0
2 0 107 104 0 0 0.998846
2 0 107 105 0 1 0
2 0 107 106 0 2 0
2 0 108 104 1 0 0
2 0 108 105 1 1 0.9551
2 0 108 106 1 2 0
2 0 109 104 2 0 0
2 0 109 105 2 1 0
2 0 109 106 2 2 0.983669
2 0 110 104 3 0 0
2 0 110 105 3 1 0
2 0 110 106 3 2 0
2 1 111 128 0 0 0.990441
2 1 111 129 0 1 0
2 1 111 130 0 2 0
2 1 112 128 1 0 0
2 1 112 129 1 1 0.965778
2 1 112 130 1 2 0
2 1 113 128 2 0 0
2 1 113 129 2 1 0
2 1 113 130 2 2 0.980791
2 2 128 144 0 0 0.998669
2 2 128 145 0 1 0
2 2 129 144 1 0 0
2 2 129 145 1 1 0.999962
2 2 130 144 2 0 0
2 2 130 145 2 1 0
2 3 104 111 0 0 0.931875
2 3 104 112 0 1 0
2 3 104 113 0 2 0
2 3 105 111 1 0 0
2 3 105 112 1 1 0.969739
2 3 105 113 1 2 0
2 3 106 111 2 0 0
2 3 106 112 2 1 0
2 3 106 113 2 2 0.894321
2 4 104 114 0 0 0.933675
2 4 104 115 0 1 0
2 4 104 116 0 2 0
2 4 105 114 1 0 0
2 4 105 115 1 1 0.967135
2 4 105 116 1 2 0
2 4 106 114 2 0 0
2 4 106 115 2 1 0
2 4 106 116 2 2 0.899637
2 5 114 131 0 0 0.997109
2 5 114 132 0 1 0
2 5 114 133 0 2 0
2 5 115 131 1 0 0
2 5 115 132 1 1 0.999093
2 5 115 133 1 2 0
2 5 116 131 2 0 0
2 5 116 132 2 1 0
2 5 116 133 2 2 0.980285
2 6 131 146 0 0 0.995405
2 6 131 147 0 1 0
2 6 132 146 1 0 0
2 6 132 147 1 1 0.978505
2 6 133 146 2 0 0
2 6 133 147 2 1 0
2 7 107 120 0 0 0.98078
2 7 107 121 0 1 0
2 7 107 122 0 2 0
2 7 107 123 0 3 0
2 7 108 120 1 0 0
2 7 108 121 1 1 0.997714
2 7 108 122 1 2 0
2 7 108 123 1 3 0
2 7 109 120 2 0 0
2 7 109 121 2 1 0
2 7 109 122 2 2 0.980022
2 7 109 123 2 3 0
2 7 110 120 3 0 0
2 7 110 121 3 1 0
2 7 110 122 3 2 0
2 7 110 123 3 3 0.810697
2 8 120 139 0 0 0.992074
2 8 120 140 0 1 0
2 8 120 141 0 2 0
2 8 121 139 1 0 0
2 8 121 140 1 1 0.967662
2 8 121 141 1 2 0
2 8 122 139 2 0 0
2 8 122 140 2 1 0
2 8 122 141 2 2 0.97591
2 8 123 139 3 0 0
2 8 123 140 3 1 0
2 8 123 141 3 2 0
2 9 139 148 0 0 0.98598
2 9 139 149 0 1 0
2 9 139 150 0 2 0
2 9 140 148 1 0 0
2 9 140 149 1 1 0.999941
2 9 140 150 1 2 0
2 9 141 148 2 0 0
2 9 141 149 2 1 0
2 9 141 150 2 2 0.977114
2 10 120 134 0 0 0.969396
2 10 120 135 0 1 0
2 10 120 136 0 2 0
2 10 121 134 1 0 0
2 10 121 135 1 1 0
2 10 121 136 1 2 0
2 10 122 134 2 0 0
2 10 122 135 2 1 0.955365
2 10 122 136 2 2 0
2 10 123 134 3 0 0
2 10 123 135 3 1 0
2 10 123 136 3 2 0.868925
2 11 107 124 0 0 0.972852
2 11 107 125 0 1 0
2 11 107 126 0 2 0
2 11 107 127 0 3 0
2 11 108 124 1 0 0
2 11 108 125 1 1 0.993268
2 11 108 126 1 2 0
2 11 108 127 1 3 0
2 11 109 124 2 0 0
2 11 109 125 2 1 0
2 11 109 126 2 2 0.978577
2 11 109 127 2 3 0
2 11 110 124 3 0 0
2 11 110 125 3 1 0
2 11 110 126 3 2 0
2 11 110 127 3 3 0.856446
2 12 124 142 0 0 0.989565
2 12 124 143 0 1 0
2 12 125 142 1 0 0
2 12 125 143 1 1 0.990208
2 12 126 142 2 0 0
2 12 126 143 2 1 0
2 12 127 142 3 0 0
2 12 127 143 3 1 0
2 13 142 151 0 0 0.99223
2 13 142 152 0 1 0
2 13 143 151 1 0 0
2 13 143 152 1 1 0.987896
2 14 124 137 0 0 0.873214
2 14 124 138 0 1 0
2 14 125 137 1 0 0
2 14 125 138 1 1 0.987755
2 14 126 137 2 0 0
2 14 126 138 2 1 0
2 14 127 137 3 0 0
2 14 127 138 3 1 0
2 15 107 117 0 0 0.995184
2 15 107 118 0 1 0
2 15 107 119 0 2 0
2 15 108 117 1 0 0
2 15 108 118 1 1 0.995733
2 15 108 119 1 2 0
2 15 109 117 2 0 0
2 15 109 118 2 1 0
2 15 109 119 2 2 0
2 15 110 117 3 0 0
2 15 110 118 3 1 0
2 15 110 119 3 2 0
2 16 146 153 0 0 0.981948
2 16 146 154 0 1 0
2 16 147 153 1 0 0
2 16 147 154 1 1 0.962874
2 17 144 155 0 0 0.960874
2 17 144 156 0 1 0
2 17 145 155 1 0 0
2 17 145 156 1 1 0.99031
3 0 160 157 0 0 0
3 0 160 158 0 1 0
3 0 160 159 0 2 0.969064
3 0 161 157 1 0 0
3 0 161 158 1 1 0.965105
3 0 161 159 1 2 0
3 0 162 157 2 0 0.920317
3 0 162 158 2 1 0
3 0 162 159 2 2 0
3 1 163 176 0 0 0.985692
3 1 163 177 0 1 0
3 1 163 178 0 2 0
3 1 164 176 1 0 0
3 1 164 177 1 1 0.969235
3 1 164 178 1 2 0
3 1 165 176 2 0 0
3 1 165 177 2 1 0
3 1 165 178 2 2 0.978618
3 2 176 191 0 0 0.976651
3 2 176 192 0 1 0
3 2 176 193 0 2 0
3 2 177 191 1 0 0
3 2 177 192 1 1 0.986105
3 2 177 193 1 2 0
3 2 178 191 2 0 0
3 2 178 192 2 1 0
3 2 178 193 2 2 0.993469
3 3 157 163 0 0 0.904552
3 3 157 164 0 1 0
3 3 157 165 0 2 0
3 3 158 163 1 0 0
3 3 158 164 1 1 0.901827
3 3 158 165 1 2 0
3 3 159 163 2 0 0
3 3 159 164 2 1 0
3 3 159 165 2 2 0.839665
3 4 157 166 0 0 0.912436
3 4 157 167 0 1 0
3 4 157 168 0 2 0
3 4 158 166 1 0 0
3 4 158 167 1 1 0.881136
3 4 158 168 1 2 0
3 4 159 166 2 0 0
3 4 159 167 2 1 0
3 4 159 168 2 2 0.830618
3 5 166 179 0 0 0.265532
3 5 166 180 0 1 0
3 5 166 181 0 2 0.270276
3 5 167 179 1 0 0
3 5 167 180 1 1 0.957602
3 5 167 181 1 2 0
3 5 168 179 2 0 0.270247
3 5 168 180 2 1 0
3 5 168 181 2 2 0.26572
3 6 179 194 0 0 0.857236
3 6 179 195 0 1 0
3 6 180 194 1 0 0
3 6 180 195 1 1 0.988186
3 6 181 194 2 0 0
3 6 181 195 2 1 0
3 7 160 171 0 0 0.964193
3 7 160 172 0 1 0
3 7 160 173 0 2 0
3 7 161 171 1 0 0
3 7 161 172 1 1 0
3 7 161 173 1 2 0.956401
3 7 162 171 2 0 0
3 7 162 172 2 1 0.942359
3 7 162 173 2 2 0
3 8 171 187 0 0 0
3 8 171 188 0 1 0
3 8 171 189 0 2 0.976481
3 8 172 187 1 0 0.990383
3 8 172 188 1 1 0
3 8 172 189 1 2 0
3 8 173 187 2 0 0
3 8 173 188 2 1 0.988995
3 8 173 189 2 2 0
3 9 187 196 0 0 0.999622
3 9 187 197 0 1 0
3 9 187 198 0 2 0
3 9 188 196 1 0 0
3 9 188 197 1 1 0.989311
3 9 188 198 1 2 0
3 9 189 196 2 0 0
3 9 189 197 2 1 0
3 9 189 198 2 2 0.873791
3 10 171 182 0 0 0.961528
3 10 171 183 0 1 0
3 10 171 184 0 2 0
3 10 172 182 1 0 0
3 10 172 183 1 1 0
3 10 172 184 1 2 0.962192
3 10 173 182 2 0 0
3 10 173 183 2 1 0.979107
3 10 173 184 2 2 0
3 11 160 174 0 0 0.908459
3 11 160 175 0 1 0
3 11 161 174 1 0 0
3 11 161 175 1 1 0.930433
3 11 162 174 2 0 0
3 11 162 175 2 1 0
3 12 174 190 0 0 0.940109
3 12 175 190 1 0 0
3 13 190 199 0 0 0.929406
3 14 174 185 0 0 0.495238
3 14 174 186 0 1 0.504762
3 14 175 185 1 0 0
3 14 175 186 1 1 0
3 15 160 169 0 0 0
3 15 160 170 0 1 0
3 15 161 169 1 0 0.947325
3 15 161 170 1 1 0
3 15 162 169 2 0 0
3 15 162 170 2 1 0.890675
3 16 194 200 0 0 0
3 16 195 200 1 0 0.991482
3 17 191 201 0 0 0.977475
3 17 191 202 0 1 0
3 17 192 201 1 0 0
3 17 192 202 1 1 0.979101
3 17 193 201 2 0 0
3 17 193 202 2 1 0
4 0 206 203 0 0 0
4 0 206 204 0 1 0
4 0 206 205 0 2 0.996213
4 0 207 203 1 0 0.971413
4 0 207 204 1 1 0
4 0 207 205 1 2 0
4 0 208 203 2 0 0
4 0 208 204 2 1 0.84568
4 0 208 205 2 2 0
4 1 209 221 0 0 0.99555
4 1 209 222 0 1 0
4 1 209 223 0 2 0
4 1 210 221 1 0 0
4 1 210 222 1 1 0.965308
4 1 210 223 1 2 0
4 1 211 221 2 0 0
4 1 211 222 2 1 0
4 1 211 223 2 2 0.978316
4 2 221 237 0 0 0.97002
4 2 221 238 0 1 0
4 2 221 239 0 2 0
4 2 221 240 0 3 0
4 2 222 237 1 0 0
4 2 222 238 1 1 0.958351
4 2 222 239 1 2 0
4 2 222 240 1 3 0
4 2 223 237 2 0 0
4 2 223 238 2 1 0
4 2 223 239 2 2 0
4 2 223 240 2 3 0.992711
4 3 203 209 0 0 0.938748
4 3 203 210 0 1 0
4 3 203 211 0 2 0
4 3 204 209 1 0 0
4 3 204 210 1 1 0.782665
4 3 204 211 1 2 0
4 3 205 209 2 0 0
4 3 205 210 2 1 0
4 3 205 211 2 2 0.860333
4 4 203 212 0 0 0.946908
4 4 203 213 0 1 0
4 4 203 214 0 2 0
4 4 204 212 1 0 0
4 4 204 213 1 1 0.513543
4 4 204 214 1 2 0
4 4 205 212 2 0 0
4 4 205 213 2 1 0.303922
4 4 205 214 2 2 0.541234
4 5 212 224 0 0 0.969555
4 5 212 225 0 1 0
4 5 212 226 0 2 0
4 5 213 224 1 0 0
4 5 213 225 1 1 0.284204
4 5 213 226 1 2 0.279295
4 5 214 224 2 0 0
4 5 214 225 2 1 0.279436
4 5 214 226 2 2 0.283758
4 6 224 241 0 0 0.999066
4 6 224 242 0 1 0
4 6 224 243 0 2 0
4 6 224 244 0 3 0
4 6 225 241 1 0 0
4 6 225 242 1 1 0.478926
4 6 225 243 1 2 0
4 6 225 244 1 3 0.290865
4 6 226 241 2 0 0
4 6 226 242 2 1 0
4 6 226 243 2 2 0
4 6 226 244 2 3 0.541333
4 7 206 216 0 0 0.986573
4 7 206 217 0 1 0
4 7 206 218 0 2 0
4 7 207 216 1 0 0
4 7 207 217 1 1 0
4 7 207 218 1 2 0.986845
4 7 208 216 2 0 0
4 7 208 217 2 1 0.763465
4 7 208 218 2 2 0
4 8 216 232 0 0 0
4 8 216 233 0 1 0.992004
4 8 216 234 0 2 0
4 8 217 232 1 0 0
4 8 217 233 1 1 0
4 8 217 234 1 2 0.901434
4 8 218 232 2 0 0.963946
4 8 218 233 2 1 0
4 8 218 234 2 2 0
4 9 232 245 0 0 0.78833
4 9 232 246 0 1 0
4 9 232 247 0 2 0
4 9 233 245 1 0 0
4 9 233 246 1 1 0
4 9 233 247 1 2 0.976798
4 9 234 245 2 0 0
4 9 234 246 2 1 0.97775
4 9 234 247 2 2 0
4 10 216 227 0 0 0.990064
4 10 216 228 0 1 0
4 10 216 229 0 2 0
4 10 217 227 1 0 0
4 10 217 228 1 1 0.945951
4 10 217 229 1 2 0
4 10 218 227 2 0 0
4 10 218 228 2 1 0
4 10 218 229 2 2 0.992582
4 11 206 219 0 0 0.983296
4 11 206 220 0 1 0
4 11 207 219 1 0 0
4 11 207 220 1 1 0.981129
4 11 208 219 2 0 0
4 11 208 220 2 1 0
4 12 219 235 0 0 0
4 12 219 236 0 1 0.886367
4 12 220 235 1 0 0.978739
4 12 220 236 1 1 0
4 13 235 248 0 0 0.996833
4 13 235 249 0 1 0
4 13 236 248 1 0 0
4 13 236 249 1 1 0.794202
4 14 219 230 0 0 0.783453
4 14 219 231 0 1 0
4 14 220 230 1 0 0
4 14 220 231 1 1 0.951848
4 15 206 215 0 0 0
4 15 207 215 1 0 0
4 15 208 215 2 0 0.795042
4 16 241 250 0 0 0.732791
4 16 241 251 0 1 0
4 16 241 252 0 2 0
4 16 242 250 1 0 0
4 16 242 251 1 1 0
4 16 242 252 1 2 0
4 16 243 250 2 0 0
4 16 243 251 2 1 0.809021
4 16 243 252 2 2 0
4 16 244 250 3 0 0
4 16 244 251 3 1 0
4 16 244 252 3 2 0.684255
4 17 237 253 0 0 0.736206
4 17 237 254 0 1 0
4 17 237 255 0 2 0
4 17 237 256 0 3 0
4 17 238 253 1 0 0
4 17 238 254 1 1 0.771127
4 17 238 255 1 2 0
4 17 238 256 1 3 0
4 17 239 253 2 0 0
4 17 239 254 2 1 0
4 17 239 255 2 2 0.813081
4 17 239 256 2 3 0
4 17 240 253 3 0 0
4 17 240 254 3 1 0
4 17 240 255 3 2 0
4 17 240 256 3 3 0.918761
E jointIdx viewA viewB aOverAllIdx bOverallIdx score
0 0 1 0 46 0.786002
0 0 1 0 47 0.326522
0 0 1 0 48 0.0760686
0 0 1 0 49 -1
0 0 1 1 46 -1
0 0 1 1 47 0.624308
0 0 1 1 48 0.261945
0 0 1 1 49 0.0176401
0 0 1 2 46 -1
0 0 1 2 47 0.0491699
0 0 1 2 48 0.661987
0 0 1 2 49 -1
0 0 2 0 104 -1
0 0 2 0 105 -1
0 0 2 0 106 0.719205
0 0 2 1 104 0.927894
0 0 2 1 105 -1
0 0 2 1 106 -1
0 0 2 2 104 -1
0 0 2 2 105 0.899961
0 0 2 2 106 -1
0 0 3 0 157 -1
0 0 3 0 158 -1
0 0 3 0 159 0.868822
0 0 3 1 157 -1
0 0 3 1 158 0.902558
0 0 3 1 159 -1
0 0 3 2 157 0.679867
0 0 3 2 158 -1
0 0 3 2 159 -1
0 0 4 0 203 0.724275
0 0 4 0 204 -1
0 0 4 0 205 -1
0 0 4 1 203 -1
0 0 4 1 204 0.467716
0 0 4 1 205 0.906704
0 0 4 2 203 -1
0 0 4 2 204 0.791835
0 0 4 2 205 0.341958
0 1 2 46 104 -1
0 1 2 46 105 -1
0 1 2 46 106 0.325583
0 1 2 47 104 0.907236
0 1 2 47 105 -1
0 1 2 47 106 -1
0 1 2 48 104 -1
0 1 2 48 105 0.732897
0 1 2 48 106 -1
0 1 2 49 104 -1
0 1 2 49 105 -1
0 1 2 49 106 -1
0 1 3 46 157 -1
0 1 3 46 158 -1
0 1 3 46 159 0.902494
0 1 3 47 157 0.38957
0 1 3 47 158 0.877027
0 1 3 47 159 -1
0 1 3 48 157 0.505253
0 1 3 48 158 0.880236
0 1 3 48 159 -1
0 1 3 49 157 -1
0 1 3 49 158 -1
0 1 3 49 159 -1
0 1 4 46 203 0.547871
0 1 4 46 204 -1
0 1 4 46 205 -1
0 1 4 47 203 -1
0 1 4 47 204 -1
0 1 4 47 205 0.932966
0 1 4 48 203 -1
0 1 4 48 204 0.868592
0 1 4 48 205 -1
0 1 4 49 203 0.896788
0 1 4 49 204 -1
0 1 4 49 205 -1
0 2 3 104 157 -1
0 2 3 104 158 0.991308
0 2 3 104 159 -1
0 2 3 105 157 0.592597
0 2 3 105 158 -1
0 2 3 105 159 -1
0 2 3 106 157 -1
0 2 3 106 158 -1
0 2 3 106 159 0.626803
0 2 4 104 203 -1
0 2 4 104 204 -1
0 2 4 104 205 0.909931
0 2 4 105 203 -1
0 2 4 105 204 0.864353
0 2 4 105 205 -1
0 2 4 106 203 -1
0 2 4 106 204 -1
0 2 4 106 205 -1
0 3 4 157 203 0.246129
0 3 4 157 204 0.400714
0 3 4 157 205 -1
0 3 4 158 203 0.39599
0 3 4 158 204 -1
0 3 4 158 205 0.784714
0 3 4 159 203 -1
0 3 4 159 204 -1
0 3 4 159 205 0.944626
1 0 1 3 50 0.221596
1 0 1 3 51 0.1657
1 0 1 3 52 0.141704
1 0 1 3 53 0.080267
1 0 1 4 50 0.151566
1 0 1 4 51 0.156679
1 0 1 4 52 0.128557
1 0 1 4 53 0.130014
1 0 1 5 50 -1
1 0 1 5 51 0.0750092
1 0 1 5 52 0.223848
1 0 1 5 53 0.403635
1 0 2 3 107 -1
1 0 2 3 108 0.848125
1 0 2 3 109 -1
1 0 2 3 110 -1
1 0 2 4 107 -1
1 0 2 4 108 -1
1 0 2 4 109 0.931639
1 0 2 4 110 -1
1 0 2 5 107 0.923127
1 0 2 5 108 -1
1 0 2 5 109 -1
1 0 2 5 110 -1
1 0 3 3 160 0.173597
1 0 3 3 161 0.114862
1 0 3 3 162 0.275661
1 0 3 4 160 0.413032
1 0 3 4 161 0.137005
1 0 3 4 162 0.149145
1 0 3 5 160 -1
1 0 3 5 161 0.514884
1 0 3 5 162 0.234603
1 0 4 3 206 0.204687
1 0 4 3 207 0.0903046
1 0 4 3 208 0.196939
1 0 4 4 206 0.0828574
1 0 4 4 207 0.380066
1 0 4 4 208 0.111649
1 0 4 5 206 0.20255
1 0 4 5 207 0.103045
1 0 4 5 208 0.190144
1 1 2 50 107 -1
1 1 2 50 108 -1
1 1 2 50 109 -1
1 1 2 50 110 0.633314
1 1 2 51 107 -1
1 1 2 51 108 -1
1 1 2 51 109 0.549685
1 1 2 51 110 0.127089
1 1 2 52 107 -1
1 1 2 52 108 0.805517
1 1 2 52 109 -1
1 1 2 52 110 -1
1 1 2 53 107 0.952942
1 1 2 53 108 -1
1 1 2 53 109 -1
1 1 2 53 110 -1
1 1 3 50 160 0.160176
1 1 3 50 161 -1
1 1 3 50 162 0.0834197
1 1 3 51 160 0.194622
1 1 3 51 161 0.199928
1 1 3 51 162 0.142201
1 1 3 52 160 0.154803
1 1 3 52 161 0.186323
1 1 3 52 162 0.186242
1 1 3 53 160 0.0767356
1 1 3 53 161 0.491359
1 1 3 53 162 0.135758
1 1 4 50 206 -1
1 1 4 50 207 0.964296
1 1 4 50 208 -1
1 1 4 51 206 -1
1 1 4 51 207 0.956756
1 1 4 51 208 -1
1 1 4 52 206 -1
1 1 4 52 207 -1
1 1 4 52 208 0.960463
1 1 4 53 206 0.931991
1 1 4 53 207 -1
1 1 4 53 208 0.371232
1 2 3 107 160 -1
1 2 3 107 161 0.973822
1 2 3 107 162 -1
1 2 3 108 160 0.200858
1 2 3 108 161 -1
1 2 3 108 162 0.870964
1 2 3 109 160 0.97842
1 2 3 109 161 -1
1 2 3 109 162 0.464886
1 2 3 110 160 -1
1 2 3 110 161 -1
1 2 3 110 162 -1
1 2 4 107 206 0.952423
1 2 4 107 207 -1
1 2 4 107 208 0.439948
1 2 4 108 206 0.588394
1 2 4 108 207 -1
1 2 4 108 208 0.676844
1 2 4 109 206 -1
1 2 4 109 207 -1
1 2 4 109 208 -1
1 2 4 110 206 -1
1 2 4 110 207 0.64491
1 2 4 110 208 -1
1 3 4 160 206 0.139187
1 3 4 160 207 0.125059
1 3 4 160 208 0.140731
1 3 4 161 206 0.148324
1 3 4 161 207 0.128028
1 3 4 161 208 0.130154
1 3 4 162 206 0.117908
1 3 4 162 207 0.154546
1 3 4 162 208 0.136056
2 0 1 6 54 0.546137
2 0 1 6 55 0.251662
2 0 1 6 56 0.0549654
2 0 1 7 54 -1
2 0 1 7 55 0.613533
2 0 1 7 56 0.251417
2 0 1 8 54 -1
2 0 1 8 55 0.0259969
2 0 1 8 56 0.669853
2 0 2 6 111 -1
2 0 2 6 112 -1
2 0 2 6 113 0.858495
2 0 2 7 111 0.746074
2 0 2 7 112 -1
2 0 2 7 113 -1
2 0 2 8 111 -1
2 0 2 8 112 0.754822
2 0 2 8 113 -1
2 0 3 6 163 -1
2 0 3 6 164 -1
2 0 3 6 165 0.75836
2 0 3 7 163 0.0426219
2 0 3 7 164 0.71519
2 0 3 7 165 -1
2 0 3 8 163 0.63642
2 0 3 8 164 -1
2 0 3 8 165 -1
2 0 4 6 209 0.819852
2 0 4 6 210 -1
2 0 4 6 211 -1
2 0 4 7 209 -1
2 0 4 7 210 0.580366
2 0 4 7 211 0.969939
2 0 4 8 209 -1
2 0 4 8 210 0.591486
2 0 4 8 211 0.865338
2 1 2 54 111 -1
2 1 2 54 112 -1
2 1 2 54 113 0.643672
2 1 2 55 111 0.751544
2 1 2 55 112 -1
2 1 2 55 113 -1
2 1 2 56 111 -1
2 1 2 56 112 0.677541
2 1 2 56 113 -1
2 1 3 54 163 -1
2 1 3 54 164 -1
2 1 3 54 165 0.882709
2 1 3 55 163 0.209263
2 1 3 55 164 0.763306
2 1 3 55 165 -1
2 1 3 56 163 0.416282
2 1 3 56 164 0.838861
2 1 3 56 165 -1
2 1 4 54 209 0.574111
2 1 4 54 210 -1
2 1 4 54 211 -1
2 1 4 55 209 -1
2 1 4 55 210 -1
2 1 4 55 211 0.828838
2 1 4 56 209 -1
2 1 4 56 210 0.693754
2 1 4 56 211 -1
2 2 3 111 163 -1
2 2 3 111 164 0.973947
2 2 3 111 165 -1
2 2 3 112 163 0.482063
2 2 3 112 164 -1
2 2 3 112 165 -1
2 2 3 113 163 -1
2 2 3 113 164 -1
2 2 3 113 165 0.873385
2 2 4 111 209 -1
2 2 4 111 210 -1
2 2 4 111 211 0.838928
2 2 4 112 209 -1
2 2 4 112 210 0.973192
2 2 4 112 211 -1
2 2 4 113 209 -1
2 2 4 113 210 -1
2 2 4 113 211 -1
2 3 4 163 209 0.140631
2 3 4 163 210 0.375778
2 3 4 163 211 -1
2 3 4 164 209 0.463222
2 3 4 164 210 -1
2 3 4 164 211 0.745925
2 3 4 165 209 0.234218
2 3 4 165 210 -1
2 3 4 165 211 0.619365
3 0 1 9 57 0.783457
3 0 1 9 58 0.300505
3 0 1 9 59 0.036608
3 0 1 9 60 -1
3 0 1 10 57 -1
3 0 1 10 58 0.592228
3 0 1 10 59 0.227843
3 0 1 10 60 0.0907037
3 0 1 11 57 -1
3 0 1 11 58 0.107266
3 0 1 11 59 0.735549
3 0 1 11 60 -1
3 0 2 9 114 -1
3 0 2 9 115 0.438426
3 0 2 9 116 0.341214
3 0 2 10 114 0.927385
3 0 2 10 115 -1
3 0 2 10 116 -1
3 0 2 11 114 -1
3 0 2 11 115 0.935318
3 0 2 11 116 -1
3 0 3 9 166 0.00282228
3 0 3 9 167 -1
3 0 3 9 168 0.859071
3 0 3 10 166 -1
3 0 3 10 167 0.912583
3 0 3 10 168 -1
3 0 3 11 166 0.870013
3 0 3 11 167 -1
3 0 3 11 168 -1
3 0 4 9 212 0.673469
3 0 4 9 213 -1
3 0 4 9 214 -1
3 0 4 10 212 -1
3 0 4 10 213 0.40784
3 0 4 10 214 0.804684
3 0 4 11 212 -1
3 0 4 11 213 0.921531
3 0 4 11 214 -1
3 1 2 57 114 -1
3 1 2 57 115 -1
3 1 2 57 116 -1
3 1 2 58 114 0.968228
3 1 2 58 115 0.0904574
3 1 2 58 116 -1
3 1 2 59 114 -1
3 1 2 59 115 0.903501
3 1 2 59 116 -1
3 1 2 60 114 -1
3 1 2 60 115 -1
3 1 2 60 116 -1
3 1 3 57 166 -1
3 1 3 57 167 -1
3 1 3 57 168 0.941545
3 1 3 58 166 0.524131
3 1 3 58 167 0.994512
3 1 3 58 168 -1
3 1 3 59 166 0.516565
3 1 3 59 167 0.937944
3 1 3 59 168 -1
3 1 3 60 166 -1
3 1 3 60 167 -1
3 1 3 60 168 -1
3 1 4 57 212 0.447914
3 1 4 57 213 -1
3 1 4 57 214 -1
3 1 4 58 212 -1
3 1 4 58 213 -1
3 1 4 58 214 0.941292
3 1 4 59 212 -1
3 1 4 59 213 0.96744
3 1 4 59 214 -1
3 1 4 60 212 0.93912
3 1 4 60 213 -1
3 1 4 60 214 -1
3 2 3 114 166 -1
3 2 3 114 167 0.968156
3 2 3 114 168 -1
3 2 3 115 166 0.848735
3 2 3 115 167 -1
3 2 3 115 168 -1
3 2 3 116 166 -1
3 2 3 116 167 -1
3 2 3 116 168 0.285642
3 2 4 114 212 -1
3 2 4 114 213 -1
3 2 4 114 214 0.953688
3 2 4 115 212 -1
3 2 4 115 213 0.868831
3 2 4 115 214 -1
3 2 4 116 212 -1
3 2 4 116 213 -1
3 2 4 116 214 -1
3 3 4 166 212 0.218951
3 3 4 166 213 0.31461
3 3 4 166 214 -1
3 3 4 167 212 0.374386
3 3 4 167 213 -1
3 3 4 167 214 0.872476
3 3 4 168 212 -1
3 3 4 168 213 -1
3 3 4 168 214 0.486671
4 0 1 12 61 0.204768
4 0 1 12 62 0.182231
4 0 1 12 63 0.214889
4 0 1 13 61 0.203237
4 0 1 13 62 0.223995
4 0 1 13 63 0.193914
4 0 2 12 117 0.984562
4 0 2 12 118 -1
4 0 2 12 119 -1
4 0 2 13 117 -1
4 0 2 13 118 -1
4 0 2 13 119 -1
4 0 3 12 169 0.93861
4 0 3 12 170 -1
4 0 3 13 169 -1
4 0 3 13 170 0.283575
4 0 4 12 215 0.69583
4 0 4 13 215 0.119917
4 1 2 61 117 -1
4 1 2 61 118 -1
4 1 2 61 119 -1
4 1 2 62 117 -1
4 1 2 62 118 0.996647
4 1 2 62 119 -1
4 1 2 63 117 0.930594
4 1 2 63 118 -1
4 1 2 63 119 -1
4 1 3 61 169 0.0521018
4 1 3 61 170 0.169229
4 1 3 62 169 0.243483
4 1 3 62 170 0.288981
4 1 3 63 169 0.328034
4 1 3 63 170 0.223988
4 1 4 61 215 -1
4 1 4 62 215 0.863413
4 1 4 63 215 -1
4 2 3 117 169 0.91631
4 2 3 117 170 -1
4 2 3 118 169 -1
4 2 3 118 170 0.983551
4 2 3 119 169 -1
4 2 3 119 170 -1
4 2 4 117 215 0.971206
4 2 4 118 215 0.954044
4 2 4 119 215 -1
4 3 4 169 215 0.335597
4 3 4 170 215 0.664403
5 0 1 14 64 0.408709
5 0 1 14 65 0.315837
5 0 1 14 66 0.165498
5 0 1 15 64 0.0969451
5 0 1 15 65 0.249904
5 0 1 15 66 0.49751
5 0 2 14 120 0.308381
5 0 2 14 121 0.796672
5 0 2 14 122 -1
5 0 2 14 123 -1
5 0 2 15 120 0.691619
5 0 2 15 121 0.173923
5 0 2 15 122 -1
5 0 2 15 123 -1
5 0 3 14 171 -1
5 0 3 14 172 0.61116
5 0 3 14 173 0.282346
5 0 3 15 171 -1
5 0 3 15 172 0.38884
5 0 3 15 173 0.717654
5 0 4 14 216 0.260192
5 0 4 14 217 0.280683
5 0 4 14 218 0.0314082
5 0 4 15 216 0.245638
5 0 4 15 217 0.228244
5 0 4 15 218 0.15394
5 1 2 64 120 -1
5 1 2 64 121 -1
5 1 2 64 122 0.720846
5 1 2 64 123 -1
5 1 2 65 120 -1
5 1 2 65 121 0.709748
5 1 2 65 122 -1
5 1 2 65 123 -1
5 1 2 66 120 0.993896
5 1 2 66 121 -1
5 1 2 66 122 -1
5 1 2 66 123 -1
5 1 3 64 171 0.51025
5 1 3 64 172 0.171911
5 1 3 64 173 0.120072
5 1 3 65 171 0.349797
5 1 3 65 172 0.320619
5 1 3 65 173 0.0226058
5 1 3 66 171 -1
5 1 3 66 172 0.321287
5 1 3 66 173 0.760399
5 1 4 64 216 -1
5 1 4 64 217 -1
5 1 4 64 218 0.729804
5 1 4 65 216 -1
5 1 4 65 217 0.79423
5 1 4 65 218 -1
5 1 4 66 216 0.896178
5 1 4 66 217 -1
5 1 4 66 218 -1
5 2 3 120 171 -1
5 2 3 120 172 -1
5 2 3 120 173 0.993226
5 2 3 121 171 -1
5 2 3 121 172 0.98026
5 2 3 121 173 -1
5 2 3 122 171 0.894706
5 2 3 122 172 -1
5 2 3 122 173 -1
5 2 3 123 171 -1
5 2 3 123 172 -1
5 2 3 123 173 -1
5 2 4 120 216 0.883706
5 2 4 120 217 -1
5 2 4 120 218 -1
5 2 4 121 216 -1
5 2 4 121 217 0.842974
5 2 4 121 218 -1
5 2 4 122 216 -1
5 2 4 122 217 -1
5 2 4 122 218 -1
5 2 4 123 216 -1
5 2 4 123 217 -1
5 2 4 123 218 0.0282139
5 3 4 171 216 0.165681
5 3 4 171 217 0.135621
5 3 4 171 218 0.115477
5 3 4 172 216 0.130166
5 3 4 172 217 0.143521
5 3 4 172 218 0.153343
5 3 4 173 216 0.132891
5 3 4 173 217 0.14345
5 3 4 173 218 0.149712
6 0 1 16 67 0.185392
6 0 1 16 68 0.192445
6 0 1 16 69 0.146552
6 0 1 16 70 0.0774025
6 0 1 17 67 -1
6 0 1 17 68 0.0430006
6 0 1 17 69 0.243632
6 0 1 17 70 0.386771
6 0 1 18 67 0.0166841
6 0 1 18 68 0.166026
6 0 1 18 69 0.138689
6 0 1 18 70 0.168199
6 0 2 16 124 -1
6 0 2 16 125 0.829269
6 0 2 16 126 -1
6 0 2 16 127 -1
6 0 2 17 124 0.961936
6 0 2 17 125 -1
6 0 2 17 126 -1
6 0 2 17 127 -1
6 0 2 18 124 -1
6 0 2 18 125 0.231855
6 0 2 18 126 0.966247
6 0 2 18 127 -1
6 0 3 16 174 0.351674
6 0 3 16 175 0.124817
6 0 3 17 174 0.13957
6 0 3 17 175 0.342713
6 0 3 18 174 0.223478
6 0 3 18 175 0.256513
6 0 4 16 219 0.338945
6 0 4 16 220 0.293827
6 0 4 17 219 0.483189
6 0 4 17 220 0.185657
6 0 4 18 219 0.0205821
6 0 4 18 220 0.456415
6 1 2 67 124 -1
6 1 2 67 125 -1
6 1 2 67 126 0.802061
6 1 2 67 127 0.926413
6 1 2 68 124 -1
6 1 2 68 125 -1
6 1 2 68 126 0.297142
6 1 2 68 127 0.504623
6 1 2 69 124 -1
6 1 2 69 125 0.880147
6 1 2 69 126 -1
6 1 2 69 127 -1
6 1 2 70 124 0.826273
6 1 2 70 125 -1
6 1 2 70 126 -1
6 1 2 70 127 -1
6 1 3 67 174 0.0778004
6 1 3 67 175 -1
6 1 3 68 174 0.256526
6 1 3 68 175 0.391877
6 1 3 69 174 0.236262
6 1 3 69 175 0.439916
6 1 3 70 174 0.171508
6 1 3 70 175 0.593422
6 1 4 67 219 -1
6 1 4 67 220 0.861138
6 1 4 68 219 -1
6 1 4 68 220 0.773108
6 1 4 69 219 0.466729
6 1 4 69 220 -1
6 1 4 70 219 0.920795
6 1 4 70 220 -1
6 2 3 124 174 -1
6 2 3 124 175 0.988714
6 2 3 125 174 0.351114
6 2 3 125 175 -1
6 2 3 126 174 0.848196
6 2 3 126 175 -1
6 2 3 127 174 -1
6 2 3 127 175 -1
6 2 4 124 219 0.925159
6 2 4 124 220 -1
6 2 4 125 219 0.423103
6 2 4 125 220 -1
6 2 4 126 219 -1
6 2 4 126 220 -1
6 2 4 127 219 -1
6 2 4 127 220 0.9658
6 3 4 174 219 0.253982
6 3 4 174 220 0.360725
6 3 4 175 219 0.355597
6 3 4 175 220 0.259348
7 0 1 19 71 0.430457
7 0 1 19 72 -1
7 0 1 19 73 -1
7 0 1 20 71 0.9678
7 0 1 20 72 -1
7 0 1 20 73 -1
7 0 1 21 71 -1
7 0 1 21 72 0.992014
7 0 1 21 73 -1
7 0 2 19 128 -1
7 0 2 19 129 -1
7 0 2 19 130 0.937703
7 0 2 20 128 0.957319
7 0 2 20 129 -1
7 0 2 20 130 -1
7 0 2 21 128 -1
7 0 2 21 129 0.952998
7 0 2 21 130 -1
7 0 3 19 176 -1
7 0 3 19 177 -1
7 0 3 19 178 0.841542
7 0 3 20 176 -1
7 0 3 20 177 0.806338
7 0 3 20 178 -1
7 0 3 21 176 0.825698
7 0 3 21 177 -1
7 0 3 21 178 -1
7 0 4 19 221 0.503656
7 0 4 19 222 -1
7 0 4 19 223 -1
7 0 4 20 221 -1
7 0 4 20 222 0.364142
7 0 4 20 223 0.986389
7 0 4 21 221 -1
7 0 4 21 222 0.621859
7 0 4 21 223 0.541419
7 1 2 71 128 0.9542
7 1 2 71 129 0.0182242
7 1 2 71 130 -1
7 1 2 72 128 -1
7 1 2 72 129 0.95617
7 1 2 72 130 -1
7 1 2 73 128 -1
7 1 2 73 129 -1
7 1 2 73 130 -1
7 1 3 71 176 0.987475
7 1 3 71 177 0.78938
7 1 3 71 178 -1
7 1 3 72 176 0.906278
7 1 3 72 177 0.645727
7 1 3 72 178 -1
7 1 3 73 176 -1
7 1 3 73 177 -1
7 1 3 73 178 -1
7 1 4 71 221 -1
7 1 4 71 222 -1
7 1 4 71 223 0.798034
7 1 4 72 221 -1
7 1 4 72 222 0.929861
7 1 4 72 223 -1
7 1 4 73 221 0.952392
7 1 4 73 222 -1
7 1 4 73 223 -1
7 2 3 128 176 -1
7 2 3 128 177 0.871868
7 2 3 128 178 -1
7 2 3 129 176 0.963444
7 2 3 129 177 -1
7 2 3 129 178 -1
7 2 3 130 176 -1
7 2 3 130 177 -1
7 2 3 130 178 0.704642
7 2 4 128 221 -1
7 2 4 128 222 -1
7 2 4 128 223 0.834368
7 2 4 129 221 -1
7 2 4 129 222 0.922502
7 2 4 129 223 -1
7 2 4 130 221 -1
7 2 4 130 222 -1
7 2 4 130 223 -1
7 3 4 176 221 0.499308
7 3 4 176 222 0.997507
7 3 4 176 223 -1
7 3 4 177 221 -1
7 3 4 177 222 -1
7 3 4 177 223 0.567444
7 3 4 178 221 -1
7 3 4 178 222 -1
7 3 4 178 223 0.533494
8 0 1 22 74 0.351613
8 0 1 22 75 0.999347
8 0 1 22 76 -1
8 0 1 22 77 -1
8 0 1 23 74 0.977037
8 0 1 23 75 -1
8 0 1 23 76 -1
8 0 1 23 77 -1
8 0 1 24 74 -1
8 0 1 24 75 -1
8 0 1 24 76 0.887115
8 0 1 24 77 -1
8 0 2 22 131 -1
8 0 2 22 132 0.645029
8 0 2 22 133 0.961156
8 0 2 23 131 0.93468
8 0 2 23 132 -1
8 0 2 23 133 -1
8 0 2 24 131 -1
8 0 2 24 132 0.919136
8 0 2 24 133 0.365396
8 0 3 22 179 -1
8 0 3 22 180 -1
8 0 3 22 181 0.929231
8 0 3 23 179 -1
8 0 3 23 180 0.882987
8 0 3 23 181 -1
8 0 3 24 179 0.434649
8 0 3 24 180 -1
8 0 3 24 181 -1
8 0 4 22 224 0.289424
8 0 4 22 225 -1
8 0 4 22 226 -1
8 0 4 23 224 -1
8 0 4 23 225 -1
8 0 4 23 226 0.741394
8 0 4 24 224 -1
8 0 4 24 225 0.884422
8 0 4 24 226 -1
8 1 2 74 131 0.977439
8 1 2 74 132 0.434396
8 1 2 74 133 -1
8 1 2 75 131 -1
8 1 2 75 132 -1
8 1 2 75 133 0.70818
8 1 2 76 131 0.236384
8 1 2 76 132 0.870021
8 1 2 76 133 -1
8 1 2 77 131 -1
8 1 2 77 132 -1
8 1 2 77 133 -1
8 1 3 74 179 0.146405
8 1 3 74 180 0.7936
8 1 3 74 181 -1
8 1 3 75 179 -1
8 1 3 75 180 -1
8 1 3 75 181 0.940148
8 1 3 76 179 0.487468
8 1 3 76 180 0.645978
8 1 3 76 181 -1
8 1 3 77 179 -1
8 1 3 77 180 -1
8 1 3 77 181 -1
8 1 4 74 224 -1
8 1 4 74 225 -1
8 1 4 74 226 0.930393
8 1 4 75 224 0.150392
8 1 4 75 225 -1
8 1 4 75 226 -1
8 1 4 76 224 -1
8 1 4 76 225 0.604053
8 1 4 76 226 -1
8 1 4 77 224 0.746096
8 1 4 77 225 -1
8 1 4 77 226 -1
8 2 3 131 179 -1
8 2 3 131 180 0.972804
8 2 3 131 181 -1
8 2 3 132 179 0.326596
8 2 3 132 180 -1
8 2 3 132 181 -1
8 2 3 133 179 -1
8 2 3 133 180 -1
8 2 3 133 181 0.893499
8 2 4 131 224 -1
8 2 4 131 225 -1
8 2 4 131 226 0.783802
8 2 4 132 224 -1
8 2 4 132 225 0.406135
8 2 4 132 226 -1
8 2 4 133 224 -1
8 2 4 133 225 -1
8 2 4 133 226 -1
8 3 4 179 224 0.992135
8 3 4 179 225 0.911426
8 3 4 179 226 -1
8 3 4 180 224 -1
8 3 4 180 225 -1
8 3 4 180 226 0.938444
8 3 4 181 224 -1
8 3 4 181 225 -1
8 3 4 181 226 -1
9 0 1 25 78 -1
9 0 1 26 78 0.906393
9 0 2 25 134 0.512087
9 0 2 25 135 -1
9 0 2 25 136 -1
9 0 2 26 134 -1
9 0 2 26 135 0.848793
9 0 2 26 136 -1
9 0 3 25 182 -1
9 0 3 25 183 -1
9 0 3 25 184 0.972179
9 0 3 26 182 0.719048
9 0 3 26 183 -1
9 0 3 26 184 -1
9 0 4 25 227 0.96637
9 0 4 25 228 0.974175
9 0 4 25 229 -1
9 0 4 26 227 -1
9 0 4 26 228 -1
9 0 4 26 229 0.45264
9 1 2 78 134 -1
9 1 2 78 135 0.911343
9 1 2 78 136 -1
9 1 3 78 182 0.777964
9 1 3 78 183 -1
9 1 3 78 184 0.138167
9 1 4 78 227 -1
9 1 4 78 228 -1
9 1 4 78 229 0.90603
9 2 3 134 182 -1
9 2 3 134 183 0.999904
9 2 3 134 184 -1
9 2 3 135 182 0.954738
9 2 3 135 183 -1
9 2 3 135 184 0.557205
9 2 3 136 182 -1
9 2 3 136 183 -1
9 2 3 136 184 -1
9 2 4 134 227 0.9959
9 2 4 134 228 0.773991
9 2 4 134 229 -1
9 2 4 135 227 -1
9 2 4 135 228 -1
9 2 4 135 229 -1
9 2 4 136 227 -1
9 2 4 136 228 -1
9 2 4 136 229 0.996963
9 3 4 182 227 0.39078
9 3 4 182 228 -1
9 3 4 182 229 0.0320808
9 3 4 183 227 0.288034
9 3 4 183 228 0.197807
9 3 4 183 229 0.184029
9 3 4 184 227 0.0597472
9 3 4 184 228 0.477959
9 3 4 184 229 0.32242
10 0 1 27 79 0.266994
10 0 1 27 80 0.501855
10 0 1 27 81 0.132061
10 0 1 28 79 -1
10 0 1 28 80 0.158722
10 0 1 28 81 0.778621
10 0 2 27 137 -1
10 0 2 27 138 0.96205
10 0 2 28 137 0.930794
10 0 2 28 138 -1
10 0 3 27 185 0.180219
10 0 3 27 186 0.819781
10 0 3 28 185 -1
10 0 3 28 186 -1
10 0 4 27 230 0.125142
10 0 4 27 231 -1
10 0 4 28 230 0.874858
10 0 4 28 231 -1
10 1 2 79 137 -1
10 1 2 79 138 -1
10 1 2 80 137 -1
10 1 2 80 138 0.95066
10 1 2 81 137 0.994161
10 1 2 81 138 -1
10 1 3 79 185 -1
10 1 3 79 186 -1
10 1 3 80 185 -1
10 1 3 80 186 0.962053
10 1 3 81 185 -1
10 1 3 81 186 0.493684
10 1 4 79 230 -1
10 1 4 79 231 0.882108
10 1 4 80 230 -1
10 1 4 80 231 -1
10 1 4 81 230 0.890448
10 1 4 81 231 -1
10 2 3 137 185 -1
10 2 3 137 186 -1
10 2 3 138 185 -1
10 2 3 138 186 0.903746
10 2 4 137 230 0.764288
10 2 4 137 231 -1
10 2 4 138 230 0.235712
10 2 4 138 231 -1
10 3 4 185 230 0.847258
10 3 4 185 231 0.137316
10 3 4 186 230 -1
10 3 4 186 231 0.857463
11 0 1 29 82 0.122747
11 0 1 29 83 -1
11 0 2 29 139 -1
11 0 2 29 140 0.881567
11 0 2 29 141 -1
11 0 3 29 187 0.915993
11 0 3 29 188 -1
11 0 3 29 189 -1
11 0 4 29 232 -1
11 0 4 29 233 0.273249
11 0 4 29 234 0.923468
11 1 2 82 139 0.998842
11 1 2 82 140 -1
11 1 2 82 141 -1
11 1 2 83 139 -1
11 1 2 83 140 -1
11 1 2 83 141 -1
11 1 3 82 187 0.483996
11 1 3 82 188 0.510247
11 1 3 82 189 0.00575638
11 1 3 83 187 0.050362
11 1 3 83 188 0.0220143
11 1 3 83 189 0.927624
11 1 4 82 232 0.264469
11 1 4 82 233 0.959857
11 1 4 82 234 -1
11 1 4 83 232 0.735531
11 1 4 83 233 -1
11 1 4 83 234 -1
11 2 3 139 187 -1
11 2 3 139 188 0.977411
11 2 3 139 189 -1
11 2 3 140 187 0.880992
11 2 3 140 188 -1
11 2 3 140 189 -1
11 2 3 141 187 -1
11 2 3 141 188 -1
11 2 3 141 189 0.800045
11 2 4 139 232 -1
11 2 4 139 233 0.904141
11 2 4 139 234 -1
11 2 4 140 232 -1
11 2 4 140 233 -1
11 2 4 140 234 0.84416
11 2 4 141 232 -1
11 2 4 141 233 -1
11 2 4 141 234 -1
11 3 4 187 232 0.125121
11 3 4 187 233 0.0876707
11 3 4 187 234 0.484254
11 3 4 188 232 0.158699
11 3 4 188 233 0.167721
11 3 4 188 234 0.21193
11 3 4 189 232 0.366902
11 3 4 189 233 0.417418
11 3 4 189 234 -1
12 0 1 30 84 0.247269
12 0 1 30 85 0.448161
12 0 1 30 86 0.0233422
12 0 1 31 84 0.196882
12 0 1 31 85 0.41705
12 0 1 31 86 0.123407
12 0 1 32 84 0.0811759
12 0 1 32 85 -1
12 0 1 32 86 0.669994
12 0 2 30 142 0.87419
12 0 2 30 143 -1
12 0 2 31 142 -1
12 0 2 31 143 0.923893
12 0 2 32 142 -1
12 0 2 32 143 0.978242
12 0 3 30 190 -1
12 0 3 31 190 0.671701
12 0 3 32 190 0.385068
12 0 4 30 235 0.286015
12 0 4 30 236 0.320853
12 0 4 31 235 0.699976
12 0 4 31 236 0.134826
12 0 4 32 235 -1
12 0 4 32 236 0.442252
12 1 2 84 142 0.53572
12 1 2 84 143 0.46428
12 1 2 85 142 -1
12 1 2 85 143 -1
12 1 2 86 142 0.371974
12 1 2 86 143 0.628026
12 1 3 84 190 -1
12 1 3 85 190 0.539912
12 1 3 86 190 0.464664
12 1 4 84 235 -1
12 1 4 84 236 0.96789
12 1 4 85 235 0.995812
12 1 4 85 236 -1
12 1 4 86 235 -1
12 1 4 86 236 0.596051
12 2 3 142 190 -1
12 2 3 143 190 0.0920123
12 2 4 142 235 -1
12 2 4 142 236 0.853848
12 2 4 143 235 -1
12 2 4 143 236 0.146152
12 3 4 190 235 0.557075
12 3 4 190 236 0.142993
13 0 1 33 87 0.573629
13 0 1 33 88 -1
13 0 1 33 89 -1
13 0 1 34 87 0.991948
13 0 1 34 88 -1
13 0 1 34 89 -1
13 0 1 35 87 -1
13 0 1 35 88 0.70711
13 0 1 35 89 -1
13 0 2 33 144 -1
13 0 2 33 145 -1
13 0 2 34 144 0.841056
13 0 2 34 145 -1
13 0 2 35 144 -1
13 0 2 35 145 0.741867
13 0 3 33 191 -1
13 0 3 33 192 -1
13 0 3 33 193 0.767752
13 0 3 34 191 -1
13 0 3 34 192 0.954019
13 0 3 34 193 -1
13 0 3 35 191 0.723028
13 0 3 35 192 -1
13 0 3 35 193 -1
13 0 4 33 237 0.132436
13 0 4 33 238 -1
13 0 4 33 239 0.582888
13 0 4 33 240 -1
13 0 4 34 237 -1
13 0 4 34 238 0.613047
13 0 4 34 239 -1
13 0 4 34 240 0.975306
13 0 4 35 237 -1
13 0 4 35 238 0.933411
13 0 4 35 239 -1
13 0 4 35 240 0.304058
13 1 2 87 144 0.787269
13 1 2 87 145 0.0915883
13 1 2 88 144 -1
13 1 2 88 145 0.976047
13 1 2 89 144 -1
13 1 2 89 145 -1
13 1 3 87 191 0.782758
13 1 3 87 192 0.868705
13 1 3 87 193 -1
13 1 3 88 191 0.904214
13 1 3 88 192 0.951537
13 1 3 88 193 -1
13 1 3 89 191 -1
13 1 3 89 192 -1
13 1 3 89 193 -1
13 1 4 87 237 -1
13 1 4 87 238 -1
13 1 4 87 239 -1
13 1 4 87 240 0.852319
13 1 4 88 237 -1
13 1 4 88 238 0.843578
13 1 4 88 239 -1
13 1 4 88 240 -1
13 1 4 89 237 0.979993
13 1 4 89 238 -1
13 1 4 89 239 0.830766
13 1 4 89 240 -1
13 2 3 144 191 -1
13 2 3 144 192 0.890252
13 2 3 144 193 -1
13 2 3 145 191 0.927986
13 2 3 145 192 -1
13 2 3 145 193 -1
13 2 4 144 237 -1
13 2 4 144 238 -1
13 2 4 144 239 -1
13 2 4 144 240 0.983396
13 2 4 145 237 -1
13 2 4 145 238 0.893951
13 2 4 145 239 -1
13 2 4 145 240 -1
13 3 4 191 237 0.485839
13 3 4 191 238 0.980607
13 3 4 191 239 -1
13 3 4 191 240 -1
13 3 4 192 237 -1
13 3 4 192 238 -1
13 3 4 192 239 0.731983
13 3 4 192 240 0.979521
13 3 4 193 237 -1
13 3 4 193 238 -1
13 3 4 193 239 0.748209
13 3 4 193 240 -1
14 0 1 36 90 0.199005
14 0 1 36 91 0.799201
14 0 1 36 92 -1
14 0 1 36 93 -1
14 0 1 37 90 0.800995
14 0 1 37 91 -1
14 0 1 37 92 -1
14 0 1 37 93 -1
14 0 2 36 146 -1
14 0 2 36 147 0.951374
14 0 2 37 146 0.844884
14 0 2 37 147 -1
14 0 3 36 194 -1
14 0 3 36 195 -1
14 0 3 37 194 -1
14 0 3 37 195 0.864484
14 0 4 36 241 0.0744249
14 0 4 36 242 -1
14 0 4 36 243 0.790684
14 0 4 36 244 -1
14 0 4 37 241 -1
14 0 4 37 242 -1
14 0 4 37 243 -1
14 0 4 37 244 0.874249
14 1 2 90 146 0.476182
14 1 2 90 147 0.523818
14 1 2 91 146 -1
14 1 2 91 147 -1
14 1 2 92 146 0.440497
14 1 2 92 147 0.559503
14 1 2 93 146 -1
14 1 2 93 147 -1
14 1 3 90 194 -1
14 1 3 90 195 0.820419
14 1 3 91 194 -1
14 1 3 91 195 -1
14 1 3 92 194 0.744163
14 1 3 92 195 -1
14 1 3 93 194 -1
14 1 3 93 195 -1
14 1 4 90 241 -1
14 1 4 90 242 -1
14 1 4 90 243 -1
14 1 4 90 244 0.949728
14 1 4 91 241 0.117251
14 1 4 91 242 -1
14 1 4 91 243 0.469948
14 1 4 91 244 -1
14 1 4 92 241 -1
14 1 4 92 242 0.752217
14 1 4 92 243 -1
14 1 4 92 244 -1
14 1 4 93 241 0.845945
14 1 4 93 242 -1
14 1 4 93 243 0.163959
14 1 4 93 244 -1
14 2 3 146 194 -1
14 2 3 146 195 0.983772
14 2 3 147 194 0.756513
14 2 3 147 195 -1
14 2 4 146 241 -1
14 2 4 146 242 -1
14 2 4 146 243 -1
14 2 4 146 244 0.852061
14 2 4 147 241 -1
14 2 4 147 242 0.727854
14 2 4 147 243 -1
14 2 4 147 244 -1
14 3 4 194 241 0.716794
14 3 4 194 242 0.679783
14 3 4 194 243 -1
14 3 4 194 244 -1
14 3 4 195 241 -1
14 3 4 195 242 -1
14 3 4 195 243 0.638603
14 3 4 195 244 0.854038
15 0 1 38 94 -1
15 0 1 38 95 -1
15 0 2 38 148 -1
15 0 2 38 149 0.809045
15 0 2 38 150 -1
15 0 3 38 196 0.881228
15 0 3 38 197 -1
15 0 3 38 198 -1
15 0 4 38 245 -1
15 0 4 38 246 0.989464
15 0 4 38 247 0.122928
15 1 2 94 148 0.903087
15 1 2 94 149 -1
15 1 2 94 150 -1
15 1 2 95 148 -1
15 1 2 95 149 -1
15 1 2 95 150 -1
15 1 3 94 196 0.773377
15 1 3 94 197 0.98044
15 1 3 94 198 -1
15 1 3 95 196 0.193329
15 1 3 95 197 -1
15 1 3 95 198 0.209077
15 1 4 94 245 -1
15 1 4 94 246 -1
15 1 4 94 247 0.941693
15 1 4 95 245 0.761694
15 1 4 95 246 -1
15 1 4 95 247 -1
15 2 3 148 196 -1
15 2 3 148 197 0.938688
15 2 3 148 198 -1
15 2 3 149 196 0.949939
15 2 3 149 197 -1
15 2 3 149 198 -1
15 2 3 150 196 -1
15 2 3 150 197 -1
15 2 3 150 198 0.994917
15 2 4 148 245 -1
15 2 4 148 246 -1
15 2 4 148 247 0.985995
15 2 4 149 245 -1
15 2 4 149 246 0.79291
15 2 4 149 247 -1
15 2 4 150 245 0.180508
15 2 4 150 246 -1
15 2 4 150 247 -1
15 3 4 196 245 0.184085
15 3 4 196 246 0.489812
15 3 4 196 247 0.0648094
15 3 4 197 245 0.180204
15 3 4 197 246 0.234929
15 3 4 197 247 0.202932
15 3 4 198 245 0.263783
15 3 4 198 246 -1
15 3 4 198 247 0.418799
16 0 1 39 96 0.808128
16 0 1 39 97 -1
16 0 1 39 98 -1
16 0 1 40 96 0.971471
16 0 1 40 97 -1
16 0 1 40 98 -1
16 0 1 41 96 -1
16 0 1 41 97 -1
16 0 1 41 98 0.797474
16 0 2 39 151 -1
16 0 2 39 152 0.402329
16 0 2 40 151 0.938032
16 0 2 40 152 -1
16 0 2 41 151 -1
16 0 2 41 152 0.83077
16 0 3 39 199 0.758221
16 0 3 40 199 -1
16 0 3 41 199 0.427904
16 0 4 39 248 0.9391
16 0 4 39 249 -1
16 0 4 40 248 -1
16 0 4 40 249 0.993017
16 0 4 41 248 -1
16 0 4 41 249 0.866746
16 1 2 96 151 0.546643
16 1 2 96 152 0.453357
16 1 2 97 151 -1
16 1 2 97 152 -1
16 1 2 98 151 0.192274
16 1 2 98 152 0.807726
16 1 3 96 199 -1
16 1 3 97 199 -1
16 1 3 98 199 0.452238
16 1 4 96 248 -1
16 1 4 96 249 0.865019
16 1 4 97 248 0.760388
16 1 4 97 249 -1
16 1 4 98 248 -1
16 1 4 98 249 0.30314
16 2 3 151 199 -1
16 2 3 152 199 0.812278
16 2 4 151 248 -1
16 2 4 151 249 0.680428
16 2 4 152 248 -1
16 2 4 152 249 0.319572
16 3 4 199 248 0.354551
16 3 4 199 249 -1
17 0 1 42 99 0.137664
17 0 1 42 100 0.58384
17 0 1 42 101 -1
17 0 1 43 99 0.862336
17 0 1 43 100 -1
17 0 1 43 101 -1
17 0 2 42 153 -1
17 0 2 42 154 0.900186
17 0 2 43 153 0.947374
17 0 2 43 154 -1
17 0 3 42 200 -1
17 0 3 43 200 0.866981
17 0 4 42 250 -1
17 0 4 42 251 0.925444
17 0 4 42 252 -1
17 0 4 43 250 -1
17 0 4 43 251 -1
17 0 4 43 252 0.843608
17 1 2 99 153 0.60815
17 1 2 99 154 0.39185
17 1 2 100 153 -1
17 1 2 100 154 -1
17 1 2 101 153 0.249254
17 1 2 101 154 0.750746
17 1 3 99 200 0.98013
17 1 3 100 200 -1
17 1 3 101 200 -1
17 1 4 99 250 -1
17 1 4 99 251 -1
17 1 4 99 252 0.95224
17 1 4 100 250 0.62455
17 1 4 100 251 0.984208
17 1 4 100 252 -1
17 1 4 101 250 -1
17 1 4 101 251 -1
17 1 4 101 252 0.166985
17 2 3 153 200 0.930467
17 2 3 154 200 -1
17 2 4 153 250 -1
17 2 4 153 251 -1
17 2 4 153 252 0.703008
17 2 4 154 250 -1
17 2 4 154 251 -1
17 2 4 154 252 -1
17 3 4 200 250 -1
17 3 4 200 251 0.557131
17 3 4 200 252 0.577906
18 0 1 44 102 0.489917
18 0 1 44 103 -1
18 0 1 45 102 0.510083
18 0 1 45 103 -1
18 0 2 44 155 -1
18 0 2 44 156 -1
18 0 2 45 155 0.988623
18 0 2 45 156 -1
18 0 3 44 201 -1
18 0 3 44 202 -1
18 0 3 45 201 -1
18 0 3 45 202 0.788709
18 0 4 44 253 -1
18 0 4 44 254 -1
18 0 4 44 255 0.911385
18 0 4 44 256 -1
18 0 4 45 253 -1
18 0 4 45 254 0.72969
18 0 4 45 255 -1
18 0 4 45 256 0.909188
18 1 2 102 155 0.899287
18 1 2 102 156 0.00555873
18 1 2 103 155 -1
18 1 2 103 156 0.873973
18 1 3 102 201 0.291432
18 1 3 102 202 0.302371
18 1 3 103 201 0.303903
18 1 3 103 202 0.289183
18 1 4 102 253 -1
18 1 4 102 254 -1
18 1 4 102 255 -1
18 1 4 102 256 0.898296
18 1 4 103 253 -1
18 1 4 103 254 0.625947
18 1 4 103 255 -1
18 1 4 103 256 -1
18 2 3 155 201 -1
18 2 3 155 202 0.813867
18 2 3 156 201 0.886511
18 2 3 156 202 -1
18 2 4 155 253 -1
18 2 4 155 254 -1
18 2 4 155 255 -1
18 2 4 155 256 0.83103
18 2 4 156 253 -1
18 2 4 156 254 0.600935
18 2 4 156 255 -1
18 2 4 156 256 -1
18 3 4 201 253 0.814572
18 3 4 201 254 0.711997
18 3 4 201 255 -1
18 3 4 201 256 -1
18 3 4 202 253 -1
18 3 4 202 254 -1
18 3 4 202 255 0.469051
18 3 4 202 256 0.897478
end of Frame 157
