J OverallIdx viewIdx joint种类0-18(jointIdx) 该joint在图中的顺序(candidix) x y score
0 0 0 0 687.129 396.434 0.557264
1 0 0 1 241.221 425.926 0.60076
2 0 1 0 701.003 189.759 0.655248
3 0 1 1 243.966 210.828 0.826191
4 0 2 0 698.263 396.408 0.439429
5 0 2 1 269.186 428.083 0.61299
6 0 3 0 684.31 396.458 0.59059
7 0 3 1 215.97 419.61 0.542921
8 0 4 0 639.457 128.712 0.372509
9 0 5 0 706.736 183.43 0.534538
10 0 5 1 280.403 210.96 0.861958
11 0 6 0 687.055 191.874 0.839418
12 0 6 1 210.313 208.755 0.808338
13 0 7 0 692.709 558.798 0.569121
14 0 7 1 286.092 584.091 0.649094
15 0 8 0 684.225 565.148 0.676425
16 0 8 1 238.322 579.909 0.704884
17 0 9 0 300.137 134.996 0.839198
18 0 10 0 235.661 128.631 0.59157
19 0 10 1 664.611 126.62 0.894621
20 0 11 0 283.305 337.382 0.832069
21 0 12 0 715.085 276.14 0.84135
22 0 12 1 190.619 326.784 0.256914
23 0 13 0 709.529 697.928 0.687657
24 0 13 1 252.378 733.876 0.66228
25 0 14 0 689.96 719.038 0.729751
26 0 14 1 229.946 733.855 0.477818
27 0 15 0 319.677 421.77 0.787168
28 0 16 0 661.774 345.722 0.86098
29 0 17 0 297.179 733.922 0.169165
30 0 17 1 614.135 733.82 0.809359
31 0 18 0 659.085 683.237 0.363537
32 0 18 1 311.316 735.93 0.632712
33 1 0 0 706.615 379.552 0.818723
34 1 0 1 569.3 398.529 0.739857
35 1 1 0 560.891 238.297 0.82417
36 1 1 1 715.168 242.552 0.854137
37 1 2 0 687.066 379.572 0.789975
38 1 2 1 597.378 398.505 0.723462
39 1 3 0 720.759 379.569 0.780378
40 1 3 1 532.823 398.516 0.693358
41 1 4 0 673.036 193.926 0.891811
42 1 5 0 614.152 234.107 0.851219
43 1 5 1 698.296 242.549 0.786733
44 1 6 0 507.614 240.357 0.859338
45 1 6 1 737.497 242.533 0.861867
46 1 7 0 687.148 480.859 0.817639
47 1 7 1 614.114 527.122 0.78249
48 1 8 0 715.082 482.854 0.798068
49 1 8 1 549.526 529.307 0.813695
50 1 9 0 588.851 177.252 0.4296
51 1 10 0 535.694 177.01 0.865715
52 1 10 1 709.437 193.932 0.945136
53 1 11 0 639.249 335.318 0.896666
54 1 12 0 785.232 293.106 0.895393
55 1 12 1 499.208 331.132 0.847679
56 1 13 0 706.531 569.329 0.816344
57 1 13 1 622.554 660.016 0.762032
58 1 14 0 729.211 581.962 0.850296
59 1 14 1 555.263 655.781 0.756163
60 1 15 0 622.634 396.496 0.785465
61 1 16 0 732.058 331.121 0.884404
62 1 16 1 521.625 392.165 0.746927
63 1 17 0 692.66 601.062 0.761586
64 1 17 1 555.335 651.625 0.416886
65 1 18 0 661.859 582.109 0.952124
66 1 18 1 630.975 653.707 0.450333
67 2 0 0 527.218 225.637 0.832773
68 2 0 1 661.779 409.111 0.752226
69 2 1 0 541.221 80.1631 0.838595
70 2 1 1 673.045 250.965 0.78711
71 2 2 0 501.884 223.509 0.778007
72 2 2 1 684.393 402.78 0.714511
73 2 3 0 552.591 227.728 0.783781
74 2 3 1 636.547 413.232 0.716869
75 2 4 0 516.032 37.9317 0.836782
76 2 4 1 611.393 181.354 0.8556
77 2 5 0 490.728 75.9699 0.865849
78 2 5 1 709.487 234.067 0.807429
79 2 6 0 591.604 88.5657 0.827331
80 2 6 1 636.521 265.669 0.818839
81 2 7 0 496.404 318.428 0.795255
82 2 7 1 664.651 497.729 0.844271
83 2 8 0 549.812 326.767 0.861482
84 2 8 1 622.536 512.327 0.83406
85 2 10 0 560.817 35.8206 0.818755
86 2 10 1 661.686 189.742 0.86735
87 2 11 0 445.914 111.746 0.896938
88 2 11 1 723.425 316.312 0.682109
89 2 12 0 619.845 143.316 0.797293
90 2 12 1 614.225 375.374 0.856448
91 2 13 0 496.365 394.224 0.838588
92 2 13 1 684.366 598.815 0.877639
93 2 14 0 549.575 398.62 0.883613
94 2 14 1 630.92 603.136 0.795208
95 2 15 0 479.42 170.788 0.862796
96 2 15 1 675.826 345.813 0.249345
97 2 16 0 588.916 191.878 0.900074
98 2 16 1 583.308 411.166 0.763599
99 2 17 0 546.812 432.358 0.756132
100 2 17 1 594.59 581.921 0.793197
101 2 18 0 465.611 417.542 0.761928
102 2 18 1 675.861 594.618 0.273635
103 3 0 0 303.033 343.647 0.790956
104 3 0 1 597.262 360.511 0.685776
105 3 1 0 280.508 189.803 0.911717
106 3 1 1 597.362 193.953 0.789577
107 3 2 0 277.515 345.763 0.763897
108 3 2 1 583.305 358.424 0.590659
109 3 3 0 342.042 337.413 0.714622
110 3 3 1 614.045 360.622 0.708827
111 3 4 0 280.545 126.517 0.98
112 3 4 1 555.33 137.095 0.83591
113 3 5 0 235.513 191.838 0.873925
114 3 5 1 583.323 191.88 0.664316
115 3 6 0 328.078 185.556 0.854158
116 3 6 1 616.909 194.087 0.914388
117 3 7 0 277.629 463.856 0.846071
118 3 7 1 594.534 472.333 0.681846
119 3 8 0 328.239 455.496 0.78252
120 3 8 1 608.501 478.637 0.713306
121 3 9 0 257.839 126.464 0.871815
122 3 10 0 305.758 126.453 0.825397
123 3 10 1 605.708 128.643 0.889238
124 3 11 0 176.647 246.81 0.86236
125 3 12 0 364.557 234.082 0.838489
126 3 12 1 636.45 295.172 0.873244
127 3 13 0 277.568 560.874 0.802588
128 3 13 1 633.788 565.211 0.713942
129 3 14 0 330.926 550.331 0.842435
130 3 14 1 636.516 584.19 0.778701
131 3 15 0 235.41 297.295 0.944452
132 3 16 0 353.389 278.477 0.901922
133 3 16 1 588.931 360.561 0.808044
134 3 17 0 373.073 573.547 0.834565
135 3 17 1 572.117 603.063 0.780623
136 3 18 0 586.118 575.65 0.577934
137 3 18 1 280.592 594.673 0.838201
138 4 0 0 664.555 293.056 0.789069
139 4 0 1 415.083 328.975 0.424298
140 4 1 0 401.065 109.725 0.519298
141 4 1 1 681.346 141.213 0.897396
142 4 2 0 636.567 290.981 0.744742
143 4 2 1 417.78 331.074 0.534502
144 4 3 0 698.254 293.116 0.724613
145 4 3 1 415.057 328.987 0.316423
146 4 4 0 462.713 42.1847 0.644638
147 4 4 1 701.04 78.0509 0.900259
148 4 5 0 395.441 111.712 0.788912
149 4 5 1 628.202 139.177 0.820224
150 4 6 0 412.217 109.689 0.405053
151 4 6 1 729 141.243 0.883781
152 4 7 0 628.225 402.762 0.780093
153 4 7 1 415.165 497.658 0.665473
154 4 8 0 684.431 411.126 0.849115
155 4 8 1 420.727 482.889 0.257484
156 4 9 0 403.817 42.2222 0.852897
157 4 9 1 658.943 75.833 0.917357
158 4 11 0 389.745 208.777 0.873245
159 4 11 1 614.069 215.064 0.861226
160 4 12 0 737.587 213.045 0.843593
161 4 13 0 622.546 493.462 0.847466
162 4 13 1 412.113 647.317 0.758488
163 4 14 0 678.629 501.908 0.80197
164 4 14 1 415.067 598.845 0.507235
165 4 15 0 417.82 276.185 0.862844
166 4 15 1 616.799 278.367 0.905509
167 4 16 0 715.067 278.441 0.867901
168 4 17 0 661.723 533.517 0.866626
169 4 17 1 462.812 598.894 0.683973
170 4 18 0 602.96 518.79 0.815526
171 4 18 1 482.417 657.915 0.785879
P viewIdx, pafIdx, aOverAllIdx, bOverAllIdx, CandidAIdx, CandidBIdx, score
0 0 2 0 0 0 0.911043
0 0 2 1 0 1 0
0 0 3 0 1 0 0
0 0 3 1 1 1 0.965078
0 1 4 13 0 0 0.918868
0 1 4 14 0 1 0
0 1 5 13 1 0 0
0 1 5 14 1 1 0.955494
0 2 13 23 0 0 0.947145
0 2 13 24 0 1 0
0 2 14 23 1 0 0
0 2 14 24 1 1 0.967641
0 3 0 4 0 0 0.70947
0 3 0 5 0 1 0
0 3 1 4 1 0 0
0 3 1 5 1 1 0.908615
0 4 0 6 0 0 0.689815
0 4 0 7 0 1 0
0 4 1 6 1 0 0
0 4 1 7 1 1 0.896019
0 5 6 15 0 0 0.976362
0 5 6 16 0 1 0
0 5 7 15 1 0 0
0 5 7 16 1 1 0.961464
0 6 15 25 0 0 0.98201
0 6 15 26 0 1 0
0 6 16 25 1 0 0
0 6 16 26 1 1 0.977111
0 7 2 9 0 0 0.830027
0 7 2 10 0 1 0
0 7 3 9 1 0 0
0 7 3 10 1 1 0.992199
0 8 9 20 0 0 0
0 8 10 20 1 0 0.996118
0 9 20 27 0 0 0.998733
0 10 9 17 0 0 0
0 10 10 17 1 0 0.977604
0 11 2 11 0 0 0.892163
0 11 2 12 0 1 0
0 11 3 11 1 0 0
0 11 3 12 1 1 0.988968
0 12 11 21 0 0 0.991868
0 12 11 22 0 1 0
0 12 12 21 1 0 0
0 12 12 22 1 1 0.804181
0 13 21 28 0 0 0.983758
0 13 22 28 1 0 0
0 14 11 18 0 0 0
0 14 11 19 0 1 0.997252
0 14 12 18 1 0 0.879403
0 14 12 19 1 1 0
0 15 2 8 0 0 0.828569
0 15 3 8 1 0 0
0 16 25 29 0 0 0
0 16 25 30 0 1 0.964023
0 16 26 29 1 0 0.680293
0 16 26 30 1 1 0
0 17 23 31 0 0 0.742386
0 17 23 32 0 1 0
0 17 24 31 1 0 0
0 17 24 32 1 1 0.906069
1 0 35 33 0 0 0
1 0 35 34 0 1 0.980705
1 0 36 33 1 0 0.990215
1 0 36 34 1 1 0
1 1 37 46 0 0 0.985639
1 1 37 47 0 1 0
1 1 38 46 1 0 0
1 1 38 47 1 1 0.96893
1 2 46 56 0 0 0.982935
1 2 46 57 0 1 0
1 2 47 56 1 0 0
1 2 47 57 1 1 0.995516
1 3 33 37 0 0 0.968715
1 3 33 38 0 1 0
1 3 34 37 1 0 0
1 3 34 38 1 1 0.920624
1 4 33 39 0 0 0.960904
1 4 33 40 0 1 0
1 4 34 39 1 0 0
1 4 34 40 1 1 0.928733
1 5 39 48 0 0 0.976408
1 5 39 49 0 1 0
1 5 40 48 1 0 0
1 5 40 49 1 1 0.976379
1 6 48 58 0 0 0.979505
1 6 48 59 0 1 0
1 6 49 58 1 0 0
1 6 49 59 1 1 0.996163
1 7 35 42 0 0 0.976669
1 7 35 43 0 1 0
1 7 36 42 1 0 0
1 7 36 43 1 1 0.991412
1 8 42 53 0 0 0.997696
1 8 43 53 1 0 0
1 9 53 60 0 0 0.962675
1 10 42 50 0 0 0.874111
1 10 43 50 1 0 0
1 11 35 44 0 0 0.987187
1 11 35 45 0 1 0
1 11 36 44 1 0 0
1 11 36 45 1 1 0.988699
1 12 44 54 0 0 0
1 12 44 55 0 1 0.987011
1 12 45 54 1 0 0.990031
1 12 45 55 1 1 0
1 13 54 61 0 0 0.951538
1 13 54 62 0 1 0
1 13 55 61 1 0 0
1 13 55 62 1 1 0.993446
1 14 44 51 0 0 0.966502
1 14 44 52 0 1 0
1 14 45 51 1 0 0
1 14 45 52 1 1 0.99488
1 15 35 41 0 0 0
1 15 36 41 1 0 0.997637
1 16 58 63 0 0 0.942687
1 16 58 64 0 1 0
1 16 59 63 1 0 0
1 16 59 64 1 1 0.684255
1 17 56 65 0 0 0.979786
1 17 56 66 0 1 0
1 17 57 65 1 0 0
1 17 57 66 1 1 0.684255
2 0 69 67 0 0 0.999634
2 0 69 68 0 1 0
2 0 70 67 1 0 0
2 0 70 68 1 1 0.995771
2 1 71 81 0 0 0.98472
2 1 71 82 0 1 0
2 1 72 81 1 0 0
2 1 72 82 1 1 0.962628
2 2 81 91 0 0 0.982915
2 2 81 92 0 1 0
2 2 82 91 1 0 0
2 2 82 92 1 1 0.972919
2 3 67 71 0 0 0.969326
2 3 67 72 0 1 0
2 3 68 71 1 0 0
2 3 68 72 1 1 0.929506
2 4 67 73 0 0 0.967332
2 4 67 74 0 1 0
2 4 68 73 1 0 0
2 4 68 74 1 1 0.948679
2 5 73 83 0 0 0.998179
2 5 73 84 0 1 0
2 5 74 83 1 0 0
2 5 74 84 1 1 0.975262
2 6 83 93 0 0 0.998071
2 6 83 94 0 1 0
2 6 84 93 1 0 0
2 6 84 94 1 1 0.997548
2 7 69 77 0 0 0.994668
2 7 69 78 0 1 0
2 7 70 77 1 0 0
2 7 70 78 1 1 0.96009
2 8 77 87 0 0 0.952463
2 8 77 88 0 1 0
2 8 78 87 1 0 0
2 8 78 88 1 1 0.964328
2 9 87 95 0 0 0.988296
2 9 87 96 0 1 0
2 9 88 95 1 0 0
2 9 88 96 1 1 0.774825
2 11 69 79 0 0 0.991076
2 11 69 80 0 1 0
2 11 70 79 1 0 0
2 11 70 80 1 1 0.966909
2 12 79 89 0 0 0.996983
2 12 79 90 0 1 0
2 12 80 89 1 0 0
2 12 80 90 1 1 0.983414
2 13 89 97 0 0 0.97435
2 13 89 98 0 1 0
2 13 90 97 1 0 0
2 13 90 98 1 1 0.968567
2 14 79 85 0 0 0.993936
2 14 79 86 0 1 0
2 14 80 85 1 0 0
2 14 80 86 1 1 0.991613
2 15 69 75 0 0 0.989779
2 15 69 76 0 1 0
2 15 70 75 1 0 0
2 15 70 76 1 1 0.99494
2 16 93 99 0 0 0.966295
2 16 93 100 0 1 0
2 16 94 99 1 0 0
2 16 94 100 1 1 0.974664
2 17 91 101 0 0 0.955339
2 17 91 102 0 1 0
2 17 92 101 1 0 0
2 17 92 102 1 1 0.787227
3 0 105 103 0 0 0.991115
3 0 105 104 0 1 0
3 0 106 103 1 0 0
3 0 106 104 1 1 0.947263
3 1 107 117 0 0 0.994331
3 1 107 118 0 1 0
3 1 108 117 1 0 0
3 1 108 118 1 1 0.941469
3 2 117 127 0 0 0.996563
3 2 117 128 0 1 0
3 2 118 127 1 0 0
3 2 118 128 1 1 0.97958
3 3 103 107 0 0 0.954733
3 3 103 108 0 1 0
3 3 104 107 1 0 0
3 3 104 108 1 1 0.908997
3 4 103 109 0 0 0.947354
3 4 103 110 0 1 0
3 4 104 109 1 0 0
3 4 104 110 1 1 0.906307
3 5 109 119 0 0 0.980388
3 5 109 120 0 1 0
3 5 110 119 1 0 0
3 5 110 120 1 1 0.980996
3 6 119 129 0 0 0.996246
3 6 119 130 0 1 0
3 6 120 129 1 0 0
3 6 120 130 1 1 0.993614
3 7 105 113 0 0 0.994064
3 7 105 114 0 1 0
3 7 106 113 1 0 0
3 7 106 114 1 1 0.950969
3 8 113 124 0 0 0.974588
3 8 114 124 1 0 0
3 9 124 131 0 0 0.984629
3 10 113 121 0 0 0.985856
3 10 114 121 1 0 0
3 11 105 115 0 0 0.982656
3 11 105 116 0 1 0
3 11 106 115 1 0 0
3 11 106 116 1 1 0.964119
3 12 115 125 0 0 0.98931
3 12 115 126 0 1 0
3 12 116 125 1 0 0
3 12 116 126 1 1 0.9948
3 13 125 132 0 0 0.979791
3 13 125 133 0 1 0
3 13 126 132 1 0 0
3 13 126 133 1 1 0.995867
3 14 115 122 0 0 0.971596
3 14 115 123 0 1 0
3 14 116 122 1 0 0
3 14 116 123 1 1 0.98997
3 15 105 111 0 0 0.997217
3 15 105 112 0 1 0
3 15 106 111 1 0 0
3 15 106 112 1 1 0.973368
3 16 129 134 0 0 0.980504
3 16 129 135 0 1 0
3 16 130 134 1 0 0
3 16 130 135 1 1 0.966089
3 17 127 136 0 0 0
3 17 127 137 0 1 0.977814
3 17 128 136 1 0 0.912387
3 17 128 137 1 1 0
4 0 140 138 0 0 0
4 0 140 139 0 1 0.875124
4 0 141 138 1 0 0.996626
4 0 141 139 1 1 0
4 1 142 152 0 0 0.979511
4 1 142 153 0 1 0
4 1 143 152 1 0 0
4 1 143 153 1 1 0.964962
4 2 152 161 0 0 0.996568
4 2 152 162 0 1 0
4 2 153 161 1 0 0
4 2 153 162 1 1 0.982884
4 3 138 142 0 0 0.951594
4 3 138 143 0 1 0
4 3 139 142 1 0 0
4 3 139 143 1 1 0.684197
4 4 138 144 0 0 0.959506
4 4 138 145 0 1 0
4 4 139 144 1 0 0
4 4 139 145 1 1 0.684255
4 5 144 154 0 0 0.99561
4 5 144 155 0 1 0
4 5 145 154 1 0 0
4 5 145 155 1 1 0.809575
4 6 154 163 0 0 0.988932
4 6 154 164 0 1 0
4 6 155 163 1 0 0
4 6 155 164 1 1 0.843934
4 7 140 148 0 0 0.726532
4 7 140 149 0 1 0
4 7 141 148 1 0 0
4 7 141 149 1 1 0.999882
4 8 148 158 0 0 0.984614
4 8 148 159 0 1 0
4 8 149 158 1 0 0
4 8 149 159 1 1 0.994953
4 9 158 165 0 0 0.994771
4 9 158 166 0 1 0
4 9 159 165 1 0 0
4 9 159 166 1 1 0.997582
4 10 148 156 0 0 0.980754
4 10 148 157 0 1 0
4 10 149 156 1 0 0
4 10 149 157 1 1 0.990797
4 11 140 150 0 0 0.757243
4 11 140 151 0 1 0
4 11 141 150 1 0 0
4 11 141 151 1 1 0.997035
4 12 150 160 0 0 0
4 12 151 160 1 0 0.996194
4 13 160 167 0 0 0.962536
4 15 140 146 0 0 0.80408
4 15 140 147 0 1 0
4 15 141 146 1 0 0
4 15 141 147 1 1 0.997657
4 16 163 168 0 0 0.983004
4 16 163 169 0 1 0
4 16 164 168 1 0 0
4 16 164 169 1 1 0.905961
4 17 161 170 0 0 0.962803
4 17 161 171 0 1 0
4 17 162 170 1 0 0
4 17 162 171 1 1 0.988592
E jointIdx viewA viewB aOverAllIdx bOverallIdx score
0 0 1 0 33 0.361319
0 0 1 0 34 0.268938
0 0 1 1 33 0.28336
0 0 1 1 34 0.355822
0 0 2 0 67 0.830147
0 0 2 0 68 -1
0 0 2 1 67 -1
0 0 2 1 68 0.95356
0 0 3 0 103 0.726668
0 0 3 0 104 -1
0 0 3 1 103 -1
0 0 3 1 104 0.78179
0 0 4 0 138 -1
0 0 4 0 139 0.976002
0 0 4 1 138 0.822251
0 0 4 1 139 -1
0 1 2 33 67 0.997854
0 1 2 33 68 -1
0 1 2 34 67 -1
0 1 2 34 68 0.902613
0 1 3 33 103 0.945569
0 1 3 33 104 -1
0 1 3 34 103 -1
0 1 3 34 104 0.889916
0 1 4 33 138 -1
0 1 4 33 139 0.925823
0 1 4 34 138 0.922724
0 1 4 34 139 -1
0 2 3 67 103 0.833655
0 2 3 67 104 -1
0 2 3 68 103 -1
0 2 3 68 104 0.761611
0 2 4 67 138 -1
0 2 4 67 139 0.932158
0 2 4 68 138 0.928052
0 2 4 68 139 -1
0 3 4 103 138 0.267742
0 3 4 103 139 0.272725
0 3 4 104 138 0.272559
0 3 4 104 139 0.267808
1 0 1 2 35 0.279216
1 0 1 2 36 0.295899
1 0 1 3 35 0.29441
1 0 1 3 36 0.281514
1 0 2 2 69 0.798643
1 0 2 2 70 -1
1 0 2 3 69 -1
1 0 2 3 70 0.982299
1 0 3 2 105 0.3039
1 0 3 2 106 0.308273
1 0 3 3 105 0.308766
1 0 3 3 106 0.304773
1 0 4 2 140 0.956349
1 0 4 2 141 -1
1 0 4 3 140 -1
1 0 4 3 141 0.846006
1 1 2 35 69 -1
1 1 2 35 70 0.930812
1 1 2 36 69 0.986173
1 1 2 36 70 -1
1 1 3 35 105 0.273852
1 1 3 35 106 0.283757
1 1 3 36 105 0.284512
1 1 3 36 106 0.274478
1 1 4 35 140 0.0489314
1 1 4 35 141 0.783609
1 1 4 36 140 0.763591
1 1 4 36 141 0.194783
1 2 3 69 105 0.861785
1 2 3 69 106 -1
1 2 3 70 105 -1
1 2 3 70 106 0.881195
1 2 4 69 140 0.835643
1 2 4 69 141 -1
1 2 4 70 140 -1
1 2 4 70 141 0.764749
1 3 4 105 140 0.488292
1 3 4 105 141 0.340847
1 3 4 106 140 0.0564028
1 3 4 106 141 0.562111
2 0 1 4 37 0.393846
2 0 1 4 38 0.249796
2 0 1 5 37 0.271488
2 0 1 5 38 0.387422
2 0 2 4 71 0.771051
2 0 2 4 72 -1
2 0 2 5 71 -1
2 0 2 5 72 0.73159
2 0 3 4 107 0.785888
2 0 3 4 108 -1
2 0 3 5 107 -1
2 0 3 5 108 0.818858
2 0 4 4 142 -1
2 0 4 4 143 0.86492
2 0 4 5 142 0.8588
2 0 4 5 143 -1
2 1 2 37 71 0.92723
2 1 2 37 72 -1
2 1 2 38 71 -1
2 1 2 38 72 0.845351
2 1 3 37 107 0.938106
2 1 3 37 108 0.0574206
2 1 3 38 107 0.0409043
2 1 3 38 108 0.850008
2 1 4 37 142 -1
2 1 4 37 143 0.721054
2 1 4 38 142 0.960263
2 1 4 38 143 -1
2 2 3 71 107 0.909746
2 2 3 71 108 -1
2 2 3 72 107 -1
2 2 3 72 108 0.555709
2 2 4 71 142 -1
2 2 4 71 143 0.783998
2 2 4 72 142 0.958867
2 2 4 72 143 -1
2 3 4 107 142 0.280087
2 3 4 107 143 0.321636
2 3 4 108 142 0.319976
2 3 4 108 143 0.282993
3 0 1 6 39 0.317894
3 0 1 6 40 0.275807
3 0 1 7 39 0.282572
3 0 1 7 40 0.314104
3 0 2 6 73 0.816009
3 0 2 6 74 -1
3 0 2 7 73 -1
3 0 2 7 74 0.836775
3 0 3 6 109 0.630976
3 0 3 6 110 -1
3 0 3 7 109 -1
3 0 3 7 110 0.825319
3 0 4 6 144 -1
3 0 4 6 145 0.938095
3 0 4 7 144 0.803636
3 0 4 7 145 -1
3 1 2 39 73 0.972701
3 1 2 39 74 -1
3 1 2 40 73 -1
3 1 2 40 74 0.895553
3 1 3 39 109 0.95484
3 1 3 39 110 -1
3 1 3 40 109 -1
3 1 3 40 110 0.996607
3 1 4 39 144 -1
3 1 4 39 145 0.896297
3 1 4 40 144 0.97336
3 1 4 40 145 -1
3 2 3 73 109 0.645422
3 2 3 73 110 -1
3 2 3 74 109 -1
3 2 3 74 110 0.988581
3 2 4 73 144 -1
3 2 4 73 145 0.862835
3 2 4 74 144 0.754206
3 2 4 74 145 -1
3 3 4 109 144 0.294547
3 3 4 109 145 0.291372
3 3 4 110 144 0.291302
3 3 4 110 145 0.294418
4 0 1 8 41 0.912322
4 0 2 8 75 0.908508
4 0 2 8 76 -1
4 0 3 8 111 0.851982
4 0 3 8 112 0.0935687
4 0 4 8 146 0.944292
4 0 4 8 147 -1
4 1 2 41 75 0.994532
4 1 2 41 76 -1
4 1 3 41 111 0.560797
4 1 3 41 112 0.439203
4 1 4 41 146 0.979205
4 1 4 41 147 -1
4 2 3 75 111 0.977762
4 2 3 75 112 -1
4 2 3 76 111 -1
4 2 3 76 112 0.956492
4 2 4 75 146 0.968861
4 2 4 75 147 -1
4 2 4 76 146 -1
4 2 4 76 147 0.966114
4 3 4 111 146 0.63399
4 3 4 111 147 0.238995
4 3 4 112 146 0.0828706
4 3 4 112 147 0.612237
5 0 1 9 42 0.324962
5 0 1 9 43 0.277292
5 0 1 10 42 0.283018
5 0 1 10 43 0.31977
5 0 2 9 77 0.515262
5 0 2 9 78 -1
5 0 2 10 77 -1
5 0 2 10 78 0.942154
5 0 3 9 113 0.276634
5 0 3 9 114 0.365491
5 0 3 10 113 0.377646
5 0 3 10 114 0.304964
5 0 4 9 148 0.81776
5 0 4 9 149 -1
5 0 4 10 148 -1
5 0 4 10 149 0.971029
5 1 2 42 77 0.210312
5 1 2 42 78 0.68347
5 1 2 43 77 0.737246
5 1 2 43 78 0.146103
5 1 3 42 113 0.283437
5 1 3 42 114 0.33481
5 1 3 43 113 0.340425
5 1 3 43 114 0.292971
5 1 4 42 148 0.220443
5 1 4 42 149 0.501468
5 1 4 43 148 0.498012
5 1 4 43 149 0.267413
5 2 3 77 113 0.871579
5 2 3 77 114 -1
5 2 3 78 113 -1
5 2 3 78 114 0.799486
5 2 4 77 148 0.711361
5 2 4 77 149 -1
5 2 4 78 148 -1
5 2 4 78 149 0.883904
5 3 4 113 148 0.470898
5 3 4 113 149 0.323122
5 3 4 114 148 0.165824
5 3 4 114 149 0.50943
6 0 1 11 44 0.28456
6 0 1 11 45 0.321962
6 0 1 12 44 0.32222
6 0 1 12 45 0.29192
6 0 2 11 79 0.947082
6 0 2 11 80 -1
6 0 2 12 79 -1
6 0 2 12 80 0.988792
6 0 3 11 115 0.319967
6 0 3 11 116 0.280475
6 0 3 12 115 0.276644
6 0 3 12 116 0.317591
6 0 4 11 150 0.988332
6 0 4 11 151 -1
6 0 4 12 150 -1
6 0 4 12 151 0.746856
6 1 2 44 79 -1
6 1 2 44 80 0.803123
6 1 2 45 79 0.875909
6 1 2 45 80 -1
6 1 3 44 115 0.265204
6 1 3 44 116 0.263232
6 1 3 45 115 0.26331
6 1 3 45 116 0.265254
6 1 4 44 150 -1
6 1 4 44 151 0.929209
6 1 4 45 150 0.632625
6 1 4 45 151 -1
6 2 3 79 115 0.921674
6 2 3 79 116 -1
6 2 3 80 115 -1
6 2 3 80 116 0.975299
6 2 4 79 150 0.932459
6 2 4 79 151 -1
6 2 4 80 150 -1
6 2 4 80 151 0.69141
6 3 4 115 150 0.545398
6 3 4 115 151 0.331887
6 3 4 116 150 0.036018
6 3 4 116 151 0.58881
7 0 1 13 46 0.58392
7 0 1 13 47 0.1502
7 0 1 14 46 0.310706
7 0 1 14 47 0.554101
7 0 2 13 81 0.945249
7 0 2 13 82 -1
7 0 2 14 81 -1
7 0 2 14 82 0.56251
7 0 3 13 117 0.943256
7 0 3 13 118 -1
7 0 3 14 117 -1
7 0 3 14 118 0.855913
7 0 4 13 152 -1
7 0 4 13 153 0.971681
7 0 4 14 152 0.72393
7 0 4 14 153 -1
7 1 2 46 81 0.938546
7 1 2 46 82 -1
7 1 2 47 81 -1
7 1 2 47 82 0.718314
7 1 3 46 117 0.977713
7 1 3 46 118 -1
7 1 3 47 117 -1
7 1 3 47 118 0.844919
7 1 4 46 152 -1
7 1 4 46 153 0.763147
7 1 4 47 152 0.834754
7 1 4 47 153 -1
7 2 3 81 117 0.979787
7 2 3 81 118 -1
7 2 3 82 117 -1
7 2 3 82 118 0.784168
7 2 4 81 152 -1
7 2 4 81 153 0.860183
7 2 4 82 152 0.920695
7 2 4 82 153 -1
7 3 4 117 152 0.135987
7 3 4 117 153 0.847901
7 3 4 118 152 0.845226
7 3 4 118 153 -1
8 0 1 15 48 0.357268
8 0 1 15 49 0.262708
8 0 1 16 48 0.277123
8 0 1 16 49 0.359576
8 0 2 15 83 0.875735
8 0 2 15 84 -1
8 0 2 16 83 -1
8 0 2 16 84 0.96334
8 0 3 15 119 0.817553
8 0 3 15 120 -1
8 0 3 16 119 -1
8 0 3 16 120 0.880864
8 0 4 15 154 -1
8 0 4 15 155 0.903154
8 0 4 16 154 0.734621
8 0 4 16 155 -1
8 1 2 48 83 0.969421
8 1 2 48 84 -1
8 1 2 49 83 -1
8 1 2 49 84 0.967322
8 1 3 48 119 0.850935
8 1 3 48 120 -1
8 1 3 49 119 -1
8 1 3 49 120 0.86039
8 1 4 48 154 -1
8 1 4 48 155 0.812385
8 1 4 49 154 0.880024
8 1 4 49 155 -1
8 2 3 83 119 0.949572
8 2 3 83 120 -1
8 2 3 84 119 -1
8 2 3 84 120 0.925598
8 2 4 83 154 -1
8 2 4 83 155 0.740955
8 2 4 84 154 0.79635
8 2 4 84 155 -1
8 3 4 119 154 0.322409
8 3 4 119 155 0.490355
8 3 4 120 154 0.44208
8 3 4 120 155 0.151454
9 0 1 17 50 0.889386
9 0 3 17 121 -1
9 0 4 17 156 -1
9 0 4 17 157 0.981756
9 1 3 50 121 0.369752
9 1 4 50 156 -1
9 1 4 50 157 0.81472
9 3 4 121 156 0.652337
9 3 4 121 157 0.347663
10 0 1 18 51 0.284794
10 0 1 18 52 0.26908
10 0 1 19 51 0.269658
10 0 1 19 52 0.284269
10 0 2 18 85 -1
10 0 2 18 86 0.954871
10 0 2 19 85 0.989353
10 0 2 19 86 -1
10 0 3 18 122 -1
10 0 3 18 123 0.956386
10 0 3 19 122 0.985613
10 0 3 19 123 -1
10 1 2 51 85 -1
10 1 2 51 86 0.87798
10 1 2 52 85 0.942011
10 1 2 52 86 -1
10 1 3 51 122 0.216652
10 1 3 51 123 0.509227
10 1 3 52 122 0.508021
10 1 3 52 123 0.213183
10 2 3 85 122 0.990645
10 2 3 85 123 -1
10 2 3 86 122 -1
10 2 3 86 123 0.999828
11 0 1 20 53 0.915187
11 0 2 20 87 -1
11 0 2 20 88 0.91467
11 0 3 20 124 -1
11 0 4 20 158 0.383115
11 0 4 20 159 0.616885
11 1 2 53 87 -1
11 1 2 53 88 0.821554
11 1 3 53 124 -1
11 1 4 53 158 -1
11 1 4 53 159 0.865885
11 2 3 87 124 0.965738
11 2 3 88 124 -1
11 2 4 87 158 0.976283
11 2 4 87 159 -1
11 2 4 88 158 -1
11 2 4 88 159 0.910366
11 3 4 124 158 0.595819
11 3 4 124 159 0.404181
12 0 1 21 54 0.630582
12 0 1 21 55 -1
12 0 1 22 54 0.247682
12 0 1 22 55 0.619866
12 0 2 21 89 0.923486
12 0 2 21 90 -1
12 0 2 22 89 -1
12 0 2 22 90 0.964711
12 0 3 21 125 0.966542
12 0 3 21 126 -1
12 0 3 22 125 -1
12 0 3 22 126 0.936558
12 0 4 21 160 0.367976
12 0 4 22 160 0.632024
12 1 2 54 89 0.827872
12 1 2 54 90 -1
12 1 2 55 89 -1
12 1 2 55 90 0.899542
12 1 3 54 125 0.925426
12 1 3 54 126 -1
12 1 3 55 125 -1
12 1 3 55 126 0.990841
12 1 4 54 160 -1
12 1 4 55 160 0.831339
12 2 3 89 125 0.892697
12 2 3 89 126 -1
12 2 3 90 125 -1
12 2 3 90 126 0.967759
12 2 4 89 160 -1
12 2 4 90 160 0.800603
12 3 4 125 160 0.18076
12 3 4 126 160 0.812832
13 0 1 23 56 0.648409
13 0 1 23 57 -1
13 0 1 24 56 0.351591
13 0 1 24 57 0.287816
13 0 2 23 91 0.9977
13 0 2 23 92 -1
13 0 2 24 91 -1
13 0 2 24 92 0.251205
13 0 3 23 127 0.856993
13 0 3 23 128 -1
13 0 3 24 127 -1
13 0 3 24 128 0.663585
13 0 4 23 161 -1
13 0 4 23 162 0.909396
13 0 4 24 161 0.418693
13 0 4 24 162 -1
13 1 2 56 91 0.741443
13 1 2 56 92 -1
13 1 2 57 91 -1
13 1 2 57 92 0.714319
13 1 3 56 127 0.915581
13 1 3 56 128 -1
13 1 3 57 127 -1
13 1 3 57 128 0.999665
13 1 4 56 161 -1
13 1 4 56 162 0.685019
13 1 4 57 161 0.934994
13 1 4 57 162 -1
13 2 3 91 127 0.860769
13 2 3 91 128 -1
13 2 3 92 127 -1
13 2 3 92 128 0.71408
13 2 4 91 161 0.152919
13 2 4 91 162 0.845035
13 2 4 92 161 0.835138
13 2 4 92 162 -1
13 3 4 127 161 -1
13 3 4 127 162 0.739647
13 3 4 128 161 0.894043
13 3 4 128 162 -1
14 0 1 25 58 0.454958
14 0 1 25 59 0.228836
14 0 1 26 58 0.305342
14 0 1 26 59 0.480229
14 0 2 25 93 0.874586
14 0 2 25 94 -1
14 0 2 26 93 -1
14 0 2 26 94 0.924786
14 0 3 25 129 0.943016
14 0 3 25 130 -1
14 0 3 26 129 -1
14 0 3 26 130 0.773037
14 0 4 25 163 -1
14 0 4 25 164 0.786019
14 0 4 26 163 0.878774
14 0 4 26 164 -1
14 1 2 58 93 0.899478
14 1 2 58 94 -1
14 1 2 59 93 -1
14 1 2 59 94 0.875166
14 1 3 58 129 0.946449
14 1 3 58 130 -1
14 1 3 59 129 -1
14 1 3 59 130 0.886559
14 1 4 58 163 -1
14 1 4 58 164 0.842951
14 1 4 59 163 0.9095
14 1 4 59 164 -1
14 2 3 93 129 0.931237
14 2 3 93 130 -1
14 2 3 94 129 -1
14 2 3 94 130 0.892208
14 2 4 93 163 -1
14 2 4 93 164 0.757347
14 2 4 94 163 0.842771
14 2 4 94 164 -1
14 3 4 129 163 0.276049
14 3 4 129 164 0.632583
14 3 4 130 163 0.575999
14 3 4 130 164 -1
15 0 1 27 60 0.952249
15 0 2 27 95 -1
15 0 2 27 96 0.608225
15 0 3 27 131 -1
15 0 4 27 165 -1
15 0 4 27 166 0.830722
15 1 2 60 95 -1
15 1 2 60 96 0.508308
15 1 3 60 131 -1
15 1 4 60 165 -1
15 1 4 60 166 0.942254
15 2 3 95 131 0.951629
15 2 3 96 131 -1
15 2 4 95 165 0.993592
15 2 4 95 166 -1
15 2 4 96 165 -1
15 2 4 96 166 0.605925
15 3 4 131 165 0.61693
15 3 4 131 166 0.38307
16 0 1 28 61 0.828318
16 0 1 28 62 -1
16 0 2 28 97 0.886818
16 0 2 28 98 -1
16 0 3 28 132 0.779522
16 0 3 28 133 -1
16 0 4 28 167 -1
16 1 2 61 97 0.995181
16 1 2 61 98 -1
16 1 2 62 97 -1
16 1 2 62 98 0.759244
16 1 3 61 132 0.928627
16 1 3 61 133 -1
16 1 3 62 132 -1
16 1 3 62 133 0.992381
16 1 4 61 167 -1
16 1 4 62 167 0.873184
16 2 3 97 132 0.944804
16 2 3 97 133 -1
16 2 3 98 132 -1
16 2 3 98 133 0.915028
16 2 4 97 167 -1
16 2 4 98 167 0.709547
16 3 4 132 167 -1
16 3 4 133 167 0.848035
17 0 1 29 63 0.292836
17 0 1 29 64 0.290511
17 0 1 30 63 0.290611
17 0 1 30 64 0.293045
17 0 2 29 99 -1
17 0 2 29 100 0.907332
17 0 2 30 99 0.758446
17 0 2 30 100 -1
17 0 3 29 134 -1
17 0 3 29 135 0.959137
17 0 3 30 134 0.953917
17 0 3 30 135 -1
17 0 4 29 168 0.785847
17 0 4 29 169 -1
17 0 4 30 168 -1
17 0 4 30 169 0.936627
17 1 2 63 99 0.779305
17 1 2 63 100 -1
17 1 2 64 99 -1
17 1 2 64 100 0.755105
17 1 3 63 134 0.912532
17 1 3 63 135 -1
17 1 3 64 134 -1
17 1 3 64 135 0.815935
17 1 4 63 168 -1
17 1 4 63 169 0.855134
17 1 4 64 168 0.817127
17 1 4 64 169 -1
17 2 3 99 134 0.709437
17 2 3 99 135 -1
17 2 3 100 134 -1
17 2 3 100 135 0.999841
17 2 4 99 168 -1
17 2 4 99 169 0.904249
17 2 4 100 168 0.858159
17 2 4 100 169 -1
17 3 4 134 168 0.278918
17 3 4 134 169 0.357099
17 3 4 135 168 0.358821
17 3 4 135 169 0.270689
18 0 1 31 65 0.721628
18 0 1 31 66 -1
18 0 1 32 65 0.278372
18 0 1 32 66 0.375133
18 0 2 31 101 0.844378
18 0 2 31 102 -1
18 0 2 32 101 -1
18 0 2 32 102 -1
18 0 3 31 136 -1
18 0 3 31 137 0.758962
18 0 3 32 136 0.765182
18 0 3 32 137 -1
18 0 4 31 170 -1
18 0 4 31 171 0.812311
18 0 4 32 170 0.304285
18 0 4 32 171 -1
18 1 2 65 101 0.895531
18 1 2 65 102 -1
18 1 2 66 101 -1
18 1 2 66 102 0.516625
18 1 3 65 136 -1
18 1 3 65 137 0.876351
18 1 3 66 136 0.967899
18 1 3 66 137 -1
18 1 4 65 170 -1
18 1 4 65 171 0.766742
18 1 4 66 170 0.982641
18 1 4 66 171 -1
18 2 3 101 136 -1
18 2 3 101 137 0.913961
18 2 3 102 136 0.209531
18 2 3 102 137 -1
18 2 4 101 170 0.280617
18 2 4 101 171 0.254603
18 2 4 102 170 0.253993
18 2 4 102 171 0.280365
18 3 4 136 170 0.883096
18 3 4 136 171 -1
18 3 4 137 170 -1
18 3 4 137 171 0.951716
end of Frame 41
