J OverallIdx viewIdx joint种类0-18(jointIdx) 该joint在图中的顺序(candidix) x y score
0 0 0 0 120.581 358.499 0.751757
1 0 0 1 689.829 396.444 0.563149
2 0 0 2 325.187 428.092 0.575997
3 0 1 0 689.878 191.877 0.602155
4 0 1 1 328.133 210.84 0.894617
5 0 1 2 123.439 257.23 0.668288
6 0 2 0 103.772 356.389 0.702736
7 0 2 1 698.298 396.413 0.454166
8 0 2 2 370.276 432.295 0.544118
9 0 3 0 128.997 360.537 0.757975
10 0 3 1 684.33 396.496 0.595074
11 0 3 2 277.621 425.949 0.56664
12 0 4 0 628.163 134.955 0.674382
13 0 4 1 78.6242 229.819 0.88619
14 0 5 0 692.654 187.674 0.428945
15 0 5 1 406.661 212.955 0.80074
16 0 5 2 120.477 255.161 0.549633
17 0 6 0 687.12 193.974 0.840511
18 0 6 1 257.967 206.683 0.832507
19 0 6 2 129.049 255.173 0.811264
20 0 7 0 58.8571 409.053 0.835448
21 0 7 1 706.551 556.666 0.643566
22 0 7 2 347.825 626.255 0.660988
23 0 8 0 129.008 430.252 0.731734
24 0 8 1 684.239 563.027 0.707698
25 0 8 2 260.76 601.022 0.662434
26 0 9 0 392.578 128.626 0.910341
27 0 10 0 322.362 122.297 0.841078
28 0 10 1 661.806 128.633 0.895221
29 0 10 2 103.853 215.122 0.818953
30 0 11 0 437.407 345.933 0.884521
31 0 12 0 717.862 278.232 0.859086
32 0 12 1 126.228 303.667 0.843603
33 0 12 2 227.094 328.964 0.816529
34 0 13 0 81.2736 480.766 0.76628
35 0 13 1 712.328 697.903 0.669008
36 0 13 2 328.138 765.456 0.364147
37 0 14 0 142.931 499.732 0.608823
38 0 14 1 692.719 717.034 0.727654
39 0 14 2 235.458 765.523 0.374033
40 0 15 0 415.04 430.114 0.684433
41 0 16 0 92.5383 341.556 0.814547
42 0 16 1 658.891 345.785 0.839387
43 0 16 2 246.805 411.121 0.576029
44 0 17 0 120.626 514.469 0.335997
45 0 17 1 614.183 733.822 0.821137
46 0 18 0 67.2614 495.585 0.413407
47 0 18 1 661.747 683.178 0.338074
48 1 0 0 681.511 398.591 0.691841
49 1 1 0 684.336 236.173 0.878811
50 1 2 0 706.832 398.527 0.690346
51 1 3 0 27.9253 366.969 0.710862
52 1 3 1 650.612 400.633 0.64463
53 1 4 0 625.369 187.627 0.754808
54 1 5 0 723.567 242.502 0.803334
55 1 6 0 642.162 227.798 0.900965
56 1 6 1 737.492 240.421 0.350499
57 1 6 2 27.9331 263.586 0.822299
58 1 7 0 695.516 516.643 0.493853
59 1 8 0 30.9442 444.91 0.82349
60 1 8 1 717.89 480.781 0.165512
61 1 8 2 614.221 529.272 0.79857
62 1 10 0 656.191 177.025 0.905252
63 1 11 0 748.633 333.143 0.783392
64 1 12 0 774.053 295.247 0.814208
65 1 12 1 53.1933 316.322 0.852834
66 1 12 2 633.714 328.907 0.89076
67 1 13 0 726.383 579.81 0.491234
68 1 13 1 681.474 651.566 0.804024
69 1 14 0 729.153 573.573 0.20105
70 1 14 1 611.264 655.846 0.749585
71 1 15 0 703.89 379.587 0.752262
72 1 16 0 743.169 326.841 0.620881
73 1 16 1 58.9323 366.883 0.850034
74 1 16 2 614.2 396.495 0.860484
75 1 17 0 22.4188 529.289 0.3212
76 1 17 1 549.643 662.087 0.767848
77 1 18 0 726.243 596.801 0.224935
78 1 18 1 650.576 647.31 0.337928
79 2 0 0 521.516 227.78 0.783618
80 2 0 1 715.069 371.135 0.648075
81 2 1 0 529.96 80.1608 0.895502
82 2 1 1 737.563 221.415 0.729248
83 2 2 0 487.916 227.724 0.784631
84 2 2 1 717.885 366.918 0.556984
85 2 3 0 549.498 229.842 0.803344
86 2 3 1 709.634 377.396 0.730589
87 2 4 0 507.642 42.2906 0.932516
88 2 4 1 684.409 160.166 0.925884
89 2 5 0 482.407 75.8726 0.924391
90 2 5 1 729.068 210.873 0.651864
91 2 6 0 574.976 90.6252 0.869765
92 2 6 1 751.458 231.937 0.851937
93 2 7 0 488.047 320.504 0.817238
94 2 7 1 706.526 480.707 0.735994
95 2 8 0 549.549 326.799 0.869935
96 2 8 1 684.244 482.927 0.754353
97 2 10 0 549.831 39.9654 0.887317
98 2 10 1 734.759 158.144 0.901282
99 2 11 0 437.558 109.772 0.961595
100 2 12 0 619.73 143.436 0.945232
101 2 12 1 751.655 337.357 0.851586
102 2 13 0 496.376 392.153 0.825207
103 2 13 1 684.392 552.47 0.739453
104 2 14 0 549.679 400.634 0.867748
105 2 14 1 681.417 594.661 0.769644
106 2 15 0 462.831 170.787 0.881881
107 2 16 0 580.504 193.983 0.901329
108 2 16 1 701.086 383.848 0.793607
109 2 17 0 549.497 436.48 0.786203
110 2 17 1 630.975 615.743 0.753858
111 2 18 0 471.093 417.486 0.756997
112 2 18 1 639.322 552.467 0.825072
113 3 0 0 299.926 343.719 0.788756
114 3 0 1 580.497 345.82 0.762758
115 3 1 0 277.565 189.749 0.880935
116 3 1 1 577.758 194.044 0.890372
117 3 2 0 260.859 345.794 0.788472
118 3 2 1 555.312 345.834 0.740485
119 3 3 0 325.44 341.597 0.778694
120 3 3 1 605.691 345.811 0.737051
121 3 4 0 283.372 128.724 0.899863
122 3 4 1 549.712 143.317 0.981529
123 3 5 0 227.123 191.841 0.803776
124 3 5 1 546.801 196.112 0.876546
125 3 6 0 325.198 183.449 0.868481
126 3 6 1 617.038 191.941 0.893009
127 3 7 0 580.46 455.503 0.757457
128 3 7 1 269.226 463.889 0.790372
129 3 8 0 328.082 457.578 0.805674
130 3 8 1 616.882 459.717 0.819633
131 3 9 0 257.848 126.396 0.878068
132 3 10 0 308.464 124.384 0.455323
133 3 10 1 591.695 128.667 0.895438
134 3 11 0 190.788 259.338 0.755364
135 3 11 1 546.889 265.748 0.824086
136 3 12 0 347.881 240.32 0.879488
137 3 12 1 653.354 274.122 0.831387
138 3 13 0 600.091 550.403 0.841347
139 3 13 1 274.74 560.854 0.781614
140 3 14 0 331.003 550.318 0.840013
141 3 14 1 639.523 565.065 0.822408
142 3 15 0 229.915 297.304 0.88134
143 3 15 1 538.46 324.774 0.800019
144 3 16 0 350.554 282.538 0.894518
145 3 16 1 616.945 337.367 0.843106
146 3 17 0 373.104 573.552 0.825224
147 3 17 1 636.517 603.151 0.7693
148 3 18 0 566.436 581.917 0.878885
149 3 18 1 280.567 594.664 0.825704
150 4 0 0 588.951 288.895 0.735565
151 4 0 1 423.427 326.826 0.439697
152 4 1 0 409.427 109.575 0.479914
153 4 1 1 572.234 141.316 0.938814
154 4 2 0 555.24 290.967 0.720545
155 4 2 1 423.416 326.877 0.566982
156 4 3 0 616.951 286.782 0.763452
157 4 3 1 426.246 326.801 0.33252
158 4 4 0 482.319 48.5043 0.726681
159 4 4 1 602.921 82.2692 0.830888
160 4 5 0 406.581 109.667 0.774114
161 4 5 1 530.052 143.461 0.891544
162 4 6 0 415.026 109.581 0.351665
163 4 6 1 617.001 137.072 0.858961
164 4 7 0 569.2 396.531 0.815649
165 4 7 1 415.167 499.775 0.624443
166 4 8 0 639.223 392.214 0.828696
167 4 8 1 420.701 489.228 0.322557
168 4 9 0 423.414 42.1425 0.88065
169 4 9 1 558.052 80.1918 0.85586
170 4 11 0 392.693 208.739 0.894465
171 4 11 1 502.036 223.529 0.896695
172 4 12 0 628.166 210.953 0.860106
173 4 13 0 572.187 497.575 0.874703
174 4 13 1 412.101 647.302 0.765239
175 4 14 0 639.286 493.426 0.863622
176 4 14 1 414.988 596.773 0.571675
177 4 15 0 541.275 282.548 0.836445
178 4 15 1 434.64 276.242 0.851443
179 4 16 0 636.473 276.145 0.818887
180 4 17 0 684.141 512.458 0.930884
181 4 17 1 462.732 598.859 0.688429
182 4 18 0 597.337 520.847 0.828611
183 4 18 1 482.436 657.885 0.784022
P viewIdx, pafIdx, aOverAllIdx, bOverAllIdx, CandidAIdx, CandidBIdx, score
0 0 3 0 0 0 0
0 0 3 1 0 1 0.902586
0 0 3 2 0 2 0
0 0 4 0 1 0 0
0 0 4 1 1 1 0
0 0 4 2 1 2 0.994963
0 0 5 0 2 0 0.942675
0 0 5 1 2 1 0
0 0 5 2 2 2 0
0 1 6 20 0 0 0.955505
0 1 6 21 0 1 0
0 1 6 22 0 2 0
0 1 7 20 1 0 0
0 1 7 21 1 1 0.946835
0 1 7 22 1 2 0
0 1 8 20 2 0 0
0 1 8 21 2 1 0
0 1 8 22 2 2 0.935882
0 2 20 34 0 0 0.979027
0 2 20 35 0 1 0
0 2 20 36 0 2 0
0 2 21 34 1 0 0
0 2 21 35 1 1 0.96629
0 2 21 36 1 2 0
0 2 22 34 2 0 0
0 2 22 35 2 1 0
0 2 22 36 2 2 0.962906
0 3 0 6 0 0 0.962685
0 3 0 7 0 1 0
0 3 0 8 0 2 0
0 3 1 6 1 0 0
0 3 1 7 1 1 0.725032
0 3 1 8 1 2 0
0 3 2 6 2 0 0
0 3 2 7 2 1 0
0 3 2 8 2 2 0.868777
0 4 0 9 0 0 0.951629
0 4 0 10 0 1 0
0 4 0 11 0 2 0
0 4 1 9 1 0 0
0 4 1 10 1 1 0.693072
0 4 1 11 1 2 0
0 4 2 9 2 0 0
0 4 2 10 2 1 0
0 4 2 11 2 2 0.872006
0 5 9 23 0 0 0.963175
0 5 9 24 0 1 0
0 5 9 25 0 2 0
0 5 10 23 1 0 0
0 5 10 24 1 1 0.977379
0 5 10 25 1 2 0
0 5 11 23 2 0 0
0 5 11 24 2 1 0
0 5 11 25 2 2 0.958961
0 6 23 37 0 0 0.951762
0 6 23 38 0 1 0
0 6 23 39 0 2 0
0 6 24 37 1 0 0
0 6 24 38 1 1 0.98553
0 6 24 39 1 2 0
0 6 25 37 2 0 0
0 6 25 38 2 1 0
0 6 25 39 2 2 0.959573
0 7 3 14 0 0 0.724394
0 7 3 15 0 1 0
0 7 3 16 0 2 0
0 7 4 14 1 0 0
0 7 4 15 1 1 0.994316
0 7 4 16 1 2 0
0 7 5 14 2 0 0
0 7 5 15 2 1 0
0 7 5 16 2 2 0.845875
0 8 14 30 0 0 0
0 8 15 30 1 0 0.993517
0 8 16 30 2 0 0
0 9 30 40 0 0 0.960597
0 10 14 26 0 0 0
0 10 15 26 1 0 0.995377
0 10 16 26 2 0 0
0 11 3 17 0 0 0.700433
0 11 3 18 0 1 0
0 11 3 19 0 2 0
0 11 4 17 1 0 0
0 11 4 18 1 1 0.991216
0 11 4 19 1 2 0
0 11 5 17 2 0 0
0 11 5 18 2 1 0
0 11 5 19 2 2 0.878225
0 12 17 31 0 0 0.993894
0 12 17 32 0 1 0
0 12 17 33 0 2 0
0 12 18 31 1 0 0
0 12 18 32 1 1 0
0 12 18 33 1 2 0.972483
0 12 19 31 2 0 0
0 12 19 32 2 1 0.988606
0 12 19 33 2 2 0
0 13 31 41 0 0 0
0 13 31 42 0 1 0.984452
0 13 31 43 0 2 0
0 13 32 41 1 0 0.972295
0 13 32 42 1 1 0
0 13 32 43 1 2 0
0 13 33 41 2 0 0
0 13 33 42 2 1 0
0 13 33 43 2 2 0.943629
0 14 17 27 0 0 0
0 14 17 28 0 1 0.996301
0 14 17 29 0 2 0
0 14 18 27 1 0 0.98966
0 14 18 28 1 1 0
0 14 18 29 1 2 0
0 14 19 27 2 0 0
0 14 19 28 2 1 0
0 14 19 29 2 2 0.998688
0 15 3 12 0 0 0.92694
0 15 3 13 0 1 0
0 15 4 12 1 0 0
0 15 4 13 1 1 0
0 15 5 12 2 0 0
0 15 5 13 2 1 0.976628
0 16 37 44 0 0 0.832032
0 16 37 45 0 1 0
0 16 38 44 1 0 0
0 16 38 45 1 1 0.954317
0 16 39 44 2 0 0
0 16 39 45 2 1 0
0 17 34 46 0 0 0.877193
0 17 34 47 0 1 0
0 17 35 46 1 0 0
0 17 35 47 1 1 0.744151
0 17 36 46 2 0 0
0 17 36 47 2 1 0
1 0 49 48 0 0 0.990948
1 1 50 58 0 0 0.953332
1 2 58 67 0 0 0.492088
1 2 58 68 0 1 0.507912
1 3 48 50 0 0 0.903669
1 4 48 51 0 0 0
1 4 48 52 0 1 0.901639
1 5 51 59 0 0 0.987405
1 5 51 60 0 1 0
1 5 51 61 0 2 0
1 5 52 59 1 0 0
1 5 52 60 1 1 0
1 5 52 61 1 2 0.974785
1 6 59 69 0 0 0
1 6 59 70 0 1 0
1 6 60 69 1 0 0.707463
1 6 60 70 1 1 0
1 6 61 69 2 0 0
1 6 61 70 2 1 0.985266
1 7 49 54 0 0 0.98312
1 8 54 63 0 0 0.995361
1 9 63 71 0 0 0.978195
1 11 49 55 0 0 0.984529
1 11 49 56 0 1 0
1 11 49 57 0 2 0
1 12 55 64 0 0 0
1 12 55 65 0 1 0
1 12 55 66 0 2 0.98621
1 12 56 64 1 0 0.945382
1 12 56 65 1 1 0
1 12 56 66 1 2 0
1 12 57 64 2 0 0
1 12 57 65 2 1 0.990414
1 12 57 66 2 2 0
1 13 64 72 0 0 0.886831
1 13 64 73 0 1 0
1 13 64 74 0 2 0
1 13 65 72 1 0 0
1 13 65 73 1 1 0.997871
1 13 65 74 1 2 0
1 13 66 72 2 0 0
1 13 66 73 2 1 0
1 13 66 74 2 2 0.9955
1 14 55 62 0 0 0.988855
1 14 56 62 1 0 0
1 14 57 62 2 0 0
1 15 49 53 0 0 0.995018
1 16 69 75 0 0 0
1 16 69 76 0 1 0
1 16 70 75 1 0 0
1 16 70 76 1 1 0.962946
1 17 67 77 0 0 0.713616
1 17 67 78 0 1 0
1 17 68 77 1 0 0
1 17 68 78 1 1 0.847114
2 0 81 79 0 0 0.993116
2 0 81 80 0 1 0
2 0 82 79 1 0 0
2 0 82 80 1 1 0.956854
2 1 83 93 0 0 0.99371
2 1 83 94 0 1 0
2 1 84 93 1 0 0
2 1 84 94 1 1 0.934832
2 2 93 102 0 0 0.990653
2 2 93 103 0 1 0
2 2 94 102 1 0 0
2 2 94 103 1 1 0.946752
2 3 79 83 0 0 0.962637
2 3 79 84 0 1 0
2 3 80 83 1 0 0
2 3 80 84 1 1 0.729258
2 4 79 85 0 0 0.957769
2 4 79 86 0 1 0
2 4 80 85 1 0 0
2 4 80 86 1 1 0.734084
2 5 85 95 0 0 0.999273
2 5 85 96 0 1 0
2 5 86 95 1 0 0
2 5 86 96 1 1 0.965257
2 6 95 104 0 0 0.99534
2 6 95 105 0 1 0
2 6 96 104 1 0 0
2 6 96 105 1 1 0.980028
2 7 81 89 0 0 0.99462
2 7 81 90 0 1 0
2 7 82 89 1 0 0
2 7 82 90 1 1 0.928082
2 8 89 99 0 0 0.981674
2 8 90 99 1 0 0
2 9 99 106 0 0 0.988828
2 11 81 91 0 0 0.997797
2 11 81 92 0 1 0
2 11 82 91 1 0 0
2 11 82 92 1 1 0.95922
2 12 91 100 0 0 0.994655
2 12 91 101 0 1 0
2 12 92 100 1 0 0
2 12 92 101 1 1 0.998947
2 13 100 107 0 0 0.968605
2 13 100 108 0 1 0
2 13 101 107 1 0 0
2 13 101 108 1 1 0.960259
2 14 91 97 0 0 0.990091
2 14 91 98 0 1 0
2 14 92 97 1 0 0
2 14 92 98 1 1 0.989447
2 15 81 87 0 0 0.989458
2 15 81 88 0 1 0
2 15 82 87 1 0 0
2 15 82 88 1 1 0.989493
2 16 104 109 0 0 0.991349
2 16 104 110 0 1 0
2 16 105 109 1 0 0
2 16 105 110 1 1 0.961864
2 17 102 111 0 0 0.975579
2 17 102 112 0 1 0
2 17 103 111 1 0 0
2 17 103 112 1 1 0.909969
3 0 115 113 0 0 0.99115
3 0 115 114 0 1 0
3 0 116 113 1 0 0
3 0 116 114 1 1 0.979315
3 1 117 127 0 0 0
3 1 117 128 0 1 0.971555
3 1 118 127 1 0 0.985645
3 1 118 128 1 1 0
3 2 127 138 0 0 0.988439
3 2 127 139 0 1 0
3 2 128 138 1 0 0
3 2 128 139 1 1 0.987567
3 3 113 117 0 0 0.962147
3 3 113 118 0 1 0
3 3 114 117 1 0 0
3 3 114 118 1 1 0.953009
3 4 113 119 0 0 0.952775
3 4 113 120 0 1 0
3 4 114 119 1 0 0
3 4 114 120 1 1 0.954265
3 5 119 129 0 0 0.999857
3 5 119 130 0 1 0
3 5 120 129 1 0 0
3 5 120 130 1 1 0.979652
3 6 129 140 0 0 0.997426
3 6 129 141 0 1 0
3 6 130 140 1 0 0
3 6 130 141 1 1 0.996682
3 7 115 123 0 0 0.995839
3 7 115 124 0 1 0
3 7 116 123 1 0 0
3 7 116 124 1 1 0.999051
3 8 123 134 0 0 0.958665
3 8 123 135 0 1 0
3 8 124 134 1 0 0
3 8 124 135 1 1 0.99608
3 9 134 142 0 0 0.992081
3 9 134 143 0 1 0
3 9 135 142 1 0 0
3 9 135 143 1 1 0.978992
3 10 123 131 0 0 0.979025
3 10 124 131 1 0 0
3 11 115 125 0 0 0.985781
3 11 115 126 0 1 0
3 11 116 125 1 0 0
3 11 116 126 1 1 0.996236
3 12 125 136 0 0 0.997158
3 12 125 137 0 1 0
3 12 126 136 1 0 0
3 12 126 137 1 1 0.994088
3 13 136 144 0 0 0.996603
3 13 136 145 0 1 0
3 13 137 144 1 0 0
3 13 137 145 1 1 0.989037
3 14 125 132 0 0 0.882656
3 14 125 133 0 1 0
3 14 126 132 1 0 0
3 14 126 133 1 1 0.995365
3 15 115 121 0 0 0.993871
3 15 115 122 0 1 0
3 15 116 121 1 0 0
3 15 116 122 1 1 0.996523
3 16 140 146 0 0 0.978254
3 16 140 147 0 1 0
3 16 141 146 1 0 0
3 16 141 147 1 1 0.980419
3 17 138 148 0 0 0.973061
3 17 138 149 0 1 0
3 17 139 148 1 0 0
3 17 139 149 1 1 0.978183
4 0 152 150 0 0 0
4 0 152 151 0 1 0.867251
4 0 153 150 1 0 0.998433
4 0 153 151 1 1 0
4 1 154 164 0 0 0.987412
4 1 154 165 0 1 0
4 1 155 164 1 0 0
4 1 155 165 1 1 0.947705
4 2 164 173 0 0 0.996916
4 2 164 174 0 1 0
4 2 165 173 1 0 0
4 2 165 174 1 1 0.980493
4 3 150 154 0 0 0.952754
4 3 150 155 0 1 0
4 3 151 154 1 0 0
4 3 151 155 1 1 0.689178
4 4 150 156 0 0 0.936289
4 4 150 157 0 1 0
4 4 151 156 1 0 0
4 4 151 157 1 1 0.684255
4 5 156 166 0 0 0.999495
4 5 156 167 0 1 0
4 5 157 166 1 0 0
4 5 157 167 1 1 0.830176
4 6 166 175 0 0 0.998989
4 6 166 176 0 1 0
4 6 167 175 1 0 0
4 6 167 176 1 1 0.881764
4 7 152 160 0 0 0.648505
4 7 152 161 0 1 0
4 7 153 160 1 0 0
4 7 153 161 1 1 0.996847
4 8 160 170 0 0 0.987588
4 8 160 171 0 1 0
4 8 161 170 1 0 0
4 8 161 171 1 1 0.978499
4 9 170 177 0 0 0
4 9 170 178 0 1 0.995015
4 9 171 177 1 0 0.989775
4 9 171 178 1 1 0
4 10 160 168 0 0 0.987115
4 10 160 169 0 1 0
4 10 161 168 1 0 0
4 10 161 169 1 1 0.96646
4 11 152 162 0 0 0.701351
4 11 152 163 0 1 0
4 11 153 162 1 0 0
4 11 153 163 1 1 0.991869
4 12 162 172 0 0 0
4 12 163 172 1 0 0.993366
4 13 172 179 0 0 0.990394
4 15 152 158 0 0 0.842453
4 15 152 159 0 1 0
4 15 153 158 1 0 0
4 15 153 159 1 1 0.961945
4 16 175 180 0 0 0.980091
4 16 175 181 0 1 0
4 16 176 180 1 0 0
4 16 176 181 1 1 0.921955
4 17 173 182 0 0 0.980204
4 17 173 183 0 1 0
4 17 174 182 1 0 0
4 17 174 183 1 1 0.992813
E jointIdx viewA viewB aOverAllIdx bOverallIdx score
0 0 1 0 48 -1
0 0 1 1 48 0.337985
0 0 1 2 48 0.884812
0 0 2 0 79 -1
0 0 2 0 80 0.251309
0 0 2 1 79 0.748691
0 0 2 1 80 -1
0 0 2 2 79 -1
0 0 2 2 80 0.741353
0 0 3 0 113 -1
0 0 3 0 114 -1
0 0 3 1 113 0.732309
0 0 3 1 114 -1
0 0 3 2 113 -1
0 0 3 2 114 0.909616
0 0 4 0 150 -1
0 0 4 0 151 -1
0 0 4 1 150 -1
0 0 4 1 151 0.856281
0 0 4 2 150 0.859227
0 0 4 2 151 -1
0 1 2 48 79 0.282904
0 1 2 48 80 0.64956
0 1 3 48 113 0.344586
0 1 3 48 114 0.655414
0 1 4 48 150 0.522817
0 1 4 48 151 0.161462
0 2 3 79 113 0.888451
0 2 3 79 114 -1
0 2 3 80 113 -1
0 2 3 80 114 0.817105
0 2 4 79 150 0.0054453
0 2 4 79 151 0.874318
0 2 4 80 150 0.885367
0 2 4 80 151 -1
0 3 4 113 150 0.256967
0 3 4 113 151 0.398655
0 3 4 114 150 0.387914
0 3 4 114 151 0.252644
1 0 1 3 49 0.442982
1 0 1 4 49 0.394091
1 0 1 5 49 0.162927
1 0 2 3 81 0.8524
1 0 2 3 82 -1
1 0 2 4 81 -1
1 0 2 4 82 0.978707
1 0 2 5 81 -1
1 0 2 5 82 -1
1 0 3 3 115 0.281768
1 0 3 3 116 0.28793
1 0 3 4 115 0.305905
1 0 3 4 116 0.270301
1 0 3 5 115 0.00709707
1 0 3 5 116 0.059659
1 0 4 3 152 0.986484
1 0 4 3 153 -1
1 0 4 4 152 -1
1 0 4 4 153 0.999334
1 0 4 5 152 -1
1 0 4 5 153 0.27481
1 1 2 49 81 0.540336
1 1 2 49 82 0.459664
1 1 3 49 115 0.4281
1 1 3 49 116 0.5719
1 1 4 49 152 0.499685
1 1 4 49 153 0.500315
1 2 3 81 115 0.814232
1 2 3 81 116 -1
1 2 3 82 115 -1
1 2 3 82 116 0.863408
1 2 4 81 152 0.838318
1 2 4 81 153 -1
1 2 4 82 152 -1
1 2 4 82 153 0.947193
1 3 4 115 152 0.469547
1 3 4 115 153 0.318964
1 3 4 116 152 0.0934071
1 3 4 116 153 0.545139
2 0 1 6 50 -1
2 0 1 7 50 0.295889
2 0 1 8 50 0.902924
2 0 2 6 83 -1
2 0 2 6 84 0.0603366
2 0 2 7 83 0.65154
2 0 2 7 84 -1
2 0 2 8 83 -1
2 0 2 8 84 0.473565
2 0 3 6 117 -1
2 0 3 6 118 -1
2 0 3 7 117 0.888437
2 0 3 7 118 -1
2 0 3 8 117 -1
2 0 3 8 118 0.921318
2 0 4 6 154 -1
2 0 4 6 155 -1
2 0 4 7 154 -1
2 0 4 7 155 0.742229
2 0 4 8 154 0.859119
2 0 4 8 155 -1
2 1 2 50 83 0.681565
2 1 2 50 84 0.318435
2 1 3 50 117 0.388087
2 1 3 50 118 0.611913
2 1 4 50 154 0.56108
2 1 4 50 155 0.43892
2 2 3 83 117 0.86628
2 2 3 83 118 -1
2 2 3 84 117 -1
2 2 3 84 118 0.505637
2 2 4 83 154 0.381973
2 2 4 83 155 0.443194
2 2 4 84 154 0.538864
2 2 4 84 155 -1
2 3 4 117 154 0.280306
2 3 4 117 155 0.436669
2 3 4 118 154 0.421779
2 3 4 118 155 0.296459
3 0 1 9 51 0.630375
3 0 1 9 52 -1
3 0 1 10 51 -1
3 0 1 10 52 0.332723
3 0 1 11 51 -1
3 0 1 11 52 0.864043
3 0 2 9 85 -1
3 0 2 9 86 0.393404
3 0 2 10 85 0.76077
3 0 2 10 86 -1
3 0 2 11 85 -1
3 0 2 11 86 0.964719
3 0 3 9 119 -1
3 0 3 9 120 0.189063
3 0 3 10 119 0.642493
3 0 3 10 120 -1
3 0 3 11 119 -1
3 0 3 11 120 0.958867
3 0 4 9 156 -1
3 0 4 9 157 -1
3 0 4 10 156 -1
3 0 4 10 157 0.894307
3 0 4 11 156 0.831655
3 0 4 11 157 -1
3 1 2 51 85 -1
3 1 2 51 86 -1
3 1 2 52 85 -1
3 1 2 52 86 0.904398
3 1 3 51 119 -1
3 1 3 51 120 -1
3 1 3 52 119 0.216206
3 1 3 52 120 0.783794
3 1 4 51 156 -1
3 1 4 51 157 -1
3 1 4 52 156 0.553205
3 1 4 52 157 -1
3 2 3 85 119 0.818769
3 2 3 85 120 -1
3 2 3 86 119 -1
3 2 3 86 120 0.917072
3 2 4 85 156 -1
3 2 4 85 157 0.864352
3 2 4 86 156 0.694781
3 2 4 86 157 -1
3 3 4 119 156 0.259054
3 3 4 119 157 0.380295
3 3 4 120 156 0.385842
3 3 4 120 157 0.239168
4 0 1 12 53 0.891186
4 0 1 13 53 -1
4 0 2 12 87 0.950283
4 0 2 12 88 -1
4 0 2 13 87 -1
4 0 2 13 88 -1
4 0 3 12 121 0.495433
4 0 3 12 122 0.218465
4 0 3 13 121 0.356082
4 0 3 13 122 0.438288
4 0 4 12 158 0.885794
4 0 4 12 159 -1
4 0 4 13 158 -1
4 0 4 13 159 -1
4 1 2 53 87 0.411949
4 1 2 53 88 0.588051
4 1 3 53 121 0.424458
4 1 3 53 122 0.575543
4 1 4 53 158 0.233509
4 1 4 53 159 0.766491
4 2 3 87 121 0.933378
4 2 3 87 122 -1
4 2 3 88 121 -1
4 2 3 88 122 0.997249
4 2 4 87 158 0.942516
4 2 4 87 159 -1
4 2 4 88 158 -1
4 2 4 88 159 0.915143
4 3 4 121 158 0.621179
4 3 4 121 159 0.235339
4 3 4 122 158 0.0971913
4 3 4 122 159 0.643126
5 0 1 14 54 0.35053
5 0 1 15 54 0.418422
5 0 1 16 54 0.231048
5 0 2 14 89 0.647046
5 0 2 14 90 -1
5 0 2 15 89 -1
5 0 2 15 90 0.696411
5 0 2 16 89 -1
5 0 2 16 90 -1
5 0 3 14 123 0.250671
5 0 3 14 124 0.319116
5 0 3 15 123 0.331834
5 0 3 15 124 0.263281
5 0 3 16 123 0.0570701
5 0 3 16 124 0.086428
5 0 4 14 160 0.940379
5 0 4 14 161 -1
5 0 4 15 160 -1
5 0 4 15 161 0.997318
5 0 4 16 160 -1
5 0 4 16 161 0.313041
5 1 2 54 89 0.267527
5 1 2 54 90 0.488082
5 1 3 54 123 0.434506
5 1 3 54 124 0.565494
5 1 4 54 160 0.421168
5 1 4 54 161 0.578832
5 2 3 89 123 0.900142
5 2 3 89 124 -1
5 2 3 90 123 -1
5 2 3 90 124 0.729296
5 2 4 89 160 0.713777
5 2 4 89 161 -1
5 2 4 90 160 -1
5 2 4 90 161 0.697224
5 3 4 123 160 0.469708
5 3 4 123 161 0.311205
5 3 4 124 160 0.0867809
5 3 4 124 161 0.535929
6 0 1 17 55 0.428299
6 0 1 17 56 0.394907
6 0 1 17 57 -1
6 0 1 18 55 0.450774
6 0 1 18 56 0.410874
6 0 1 18 57 -1
6 0 1 19 55 0.0746995
6 0 1 19 56 0.119974
6 0 1 19 57 0.575768
6 0 2 17 91 0.861949
6 0 2 17 92 -1
6 0 2 18 91 -1
6 0 2 18 92 0.801033
6 0 2 19 91 -1
6 0 2 19 92 -1
6 0 3 17 125 0.31915
6 0 3 17 126 0.237321
6 0 3 18 125 0.252792
6 0 3 18 126 0.295852
6 0 3 19 125 0.0225984
6 0 3 19 126 0.0882267
6 0 4 17 162 0.967784
6 0 4 17 163 -1
6 0 4 18 162 -1
6 0 4 18 163 0.998821
6 0 4 19 162 -1
6 0 4 19 163 0.237178
6 1 2 55 91 0.184836
6 1 2 55 92 0.815164
6 1 2 56 91 0.841582
6 1 2 56 92 0.158418
6 1 2 57 91 -1
6 1 2 57 92 -1
6 1 3 55 125 0.251938
6 1 3 55 126 0.290297
6 1 3 56 125 0.292014
6 1 3 56 126 0.253403
6 1 3 57 125 0.0656774
6 1 3 57 126 0.0802351
6 1 4 55 162 0.315915
6 1 4 55 163 0.684085
6 1 4 56 162 0.580096
6 1 4 56 163 0.419904
6 1 4 57 162 -1
6 1 4 57 163 -1
6 2 3 91 125 0.924263
6 2 3 91 126 -1
6 2 3 92 125 -1
6 2 3 92 126 0.915187
6 2 4 91 162 0.832934
6 2 4 91 163 -1
6 2 4 92 162 -1
6 2 4 92 163 0.758596
6 3 4 125 162 0.526446
6 3 4 125 163 0.291463
6 3 4 126 162 0.0902408
6 3 4 126 163 0.559938
7 0 1 20 58 -1
7 0 1 21 58 0.0649316
7 0 1 22 58 0.744673
7 0 2 20 93 -1
7 0 2 20 94 0.930883
7 0 2 21 93 0.838883
7 0 2 21 94 -1
7 0 2 22 93 -1
7 0 2 22 94 0.458423
7 0 3 20 127 -1
7 0 3 20 128 -1
7 0 3 21 127 -1
7 0 3 21 128 0.997365
7 0 3 22 127 0.999014
7 0 3 22 128 -1
7 0 4 20 164 -1
7 0 4 20 165 -1
7 0 4 21 164 -1
7 0 4 21 165 0.821995
7 0 4 22 164 0.832361
7 0 4 22 165 -1
7 1 2 58 93 0.406199
7 1 2 58 94 0.14822
7 1 3 58 127 0.541782
7 1 3 58 128 0.00997287
7 1 4 58 164 0.501518
7 1 4 58 165 0.303738
7 2 3 93 127 -1
7 2 3 93 128 0.898271
7 2 3 94 127 0.476103
7 2 3 94 128 -1
7 2 4 93 164 0.353688
7 2 4 93 165 0.448636
7 2 4 94 164 0.430352
7 2 4 94 165 0.0604939
7 3 4 127 164 0.867251
7 3 4 127 165 -1
7 3 4 128 164 -1
7 3 4 128 165 0.966384
8 0 1 23 59 0.687297
8 0 1 23 60 -1
8 0 1 23 61 -1
8 0 1 24 59 -1
8 0 1 24 60 0.917554
8 0 1 24 61 0.185031
8 0 1 25 59 -1
8 0 1 25 60 0.505755
8 0 1 25 61 0.958187
8 0 2 23 95 -1
8 0 2 23 96 0.657895
8 0 2 24 95 0.842817
8 0 2 24 96 -1
8 0 2 25 95 -1
8 0 2 25 96 0.817169
8 0 3 23 129 -1
8 0 3 23 130 0.5539
8 0 3 24 129 0.738783
8 0 3 24 130 -1
8 0 3 25 129 -1
8 0 3 25 130 0.953547
8 0 4 23 166 -1
8 0 4 23 167 -1
8 0 4 24 166 -1
8 0 4 24 167 0.975929
8 0 4 25 166 0.903438
8 0 4 25 167 -1
8 1 2 59 95 -1
8 1 2 59 96 -1
8 1 2 60 95 0.935935
8 1 2 60 96 -1
8 1 2 61 95 -1
8 1 2 61 96 0.778714
8 1 3 59 129 -1
8 1 3 59 130 -1
8 1 3 60 129 0.725081
8 1 3 60 130 -1
8 1 3 61 129 -1
8 1 3 61 130 0.954743
8 1 4 59 166 -1
8 1 4 59 167 -1
8 1 4 60 166 -1
8 1 4 60 167 0.631871
8 1 4 61 166 0.702787
8 1 4 61 167 -1
8 2 3 95 129 0.908686
8 2 3 95 130 -1
8 2 3 96 129 -1
8 2 3 96 130 0.835639
8 2 4 95 166 -1
8 2 4 95 167 0.648888
8 2 4 96 166 0.570214
8 2 4 96 167 -1
8 3 4 129 166 0.229241
8 3 4 129 167 0.72687
8 3 4 130 166 0.748408
8 3 4 130 167 -1
9 0 3 26 131 -1
9 0 4 26 168 -1
9 0 4 26 169 0.970263
9 3 4 131 168 0.693632
9 3 4 131 169 0.306368
10 0 1 27 62 0.962322
10 0 1 28 62 0.640299
10 0 1 29 62 -1
10 0 2 27 97 -1
10 0 2 27 98 0.98953
10 0 2 28 97 0.913513
10 0 2 28 98 -1
10 0 2 29 97 -1
10 0 2 29 98 -1
10 0 3 27 132 -1
10 0 3 27 133 0.751226
10 0 3 28 132 0.929229
10 0 3 28 133 -1
10 0 3 29 132 0.653613
10 0 3 29 133 0.346387
10 1 2 62 97 0.467837
10 1 2 62 98 0.532163
10 1 3 62 132 0.405637
10 1 3 62 133 0.594363
10 2 3 97 132 0.997193
10 2 3 97 133 -1
10 2 3 98 132 -1
10 2 3 98 133 0.974864
11 0 1 30 63 0.981951
11 0 2 30 99 -1
11 0 3 30 134 -1
11 0 3 30 135 0.786829
11 0 4 30 170 0.500102
11 0 4 30 171 0.499898
11 1 2 63 99 0.806728
11 1 3 63 134 0.261494
11 1 3 63 135 0.738506
11 1 4 63 170 0.140836
11 1 4 63 171 0.859164
11 2 3 99 134 0.461466
11 2 3 99 135 -1
11 2 4 99 170 0.970135
11 2 4 99 171 0.0298654
11 3 4 134 170 0.343975
11 3 4 134 171 0.320782
11 3 4 135 170 0.314734
11 3 4 135 171 0.341267
12 0 1 31 64 0.397323
12 0 1 31 65 -1
12 0 1 31 66 -1
12 0 1 32 64 0.156231
12 0 1 32 65 0.398843
12 0 1 32 66 0.227226
12 0 1 33 64 0.151667
12 0 1 33 65 0.0365876
12 0 1 33 66 0.600405
12 0 2 31 100 0.934878
12 0 2 31 101 -1
12 0 2 32 100 -1
12 0 2 32 101 0.500829
12 0 2 33 100 -1
12 0 2 33 101 0.953364
12 0 3 31 136 0.934974
12 0 3 31 137 -1
12 0 3 32 136 -1
12 0 3 32 137 0.648823
12 0 3 33 136 -1
12 0 3 33 137 0.887772
12 0 4 31 172 0.260197
12 0 4 32 172 0.266053
12 0 4 33 172 0.47375
12 1 2 64 100 0.979099
12 1 2 64 101 -1
12 1 2 65 100 -1
12 1 2 65 101 -1
12 1 2 66 100 -1
12 1 2 66 101 0.991215
12 1 3 64 136 0.904915
12 1 3 64 137 0.0950852
12 1 3 65 136 -1
12 1 3 65 137 -1
12 1 3 66 136 -1
12 1 3 66 137 0.945785
12 1 4 64 172 -1
12 1 4 65 172 -1
12 1 4 66 172 0.986348
12 2 3 100 136 0.992015
12 2 3 100 137 -1
12 2 3 101 136 -1
12 2 3 101 137 0.909783
12 2 4 100 172 -1
12 2 4 101 172 0.956971
12 3 4 136 172 0.330094
12 3 4 137 172 0.669906
13 0 1 34 67 -1
13 0 1 34 68 -1
13 0 1 35 67 0.800928
13 0 1 35 68 -1
13 0 1 36 67 0.294336
13 0 1 36 68 0.566902
13 0 2 34 102 -1
13 0 2 34 103 0.523528
13 0 2 35 102 0.974675
13 0 2 35 103 -1
13 0 2 36 102 -1
13 0 2 36 103 0.699519
13 0 3 34 138 -1
13 0 3 34 139 -1
13 0 3 35 138 -1
13 0 3 35 139 0.844588
13 0 3 36 138 0.73097
13 0 3 36 139 -1
13 0 4 34 173 -1
13 0 4 34 174 -1
13 0 4 35 173 -1
13 0 4 35 174 0.858163
13 0 4 36 173 0.68525
13 0 4 36 174 -1
13 1 2 67 102 0.658765
13 1 2 67 103 -1
13 1 2 68 102 -1
13 1 2 68 103 0.751779
13 1 3 67 138 -1
13 1 3 67 139 0.972446
13 1 3 68 138 0.938183
13 1 3 68 139 -1
13 1 4 67 173 -1
13 1 4 67 174 0.372129
13 1 4 68 173 0.8388
13 1 4 68 174 -1
13 2 3 102 138 -1
13 2 3 102 139 0.874558
13 2 3 103 138 0.963619
13 2 3 103 139 -1
13 2 4 102 173 0.287941
13 2 4 102 174 0.34986
13 2 4 103 173 0.349723
13 2 4 103 174 0.28366
13 3 4 138 173 0.903128
13 3 4 138 174 -1
13 3 4 139 173 -1
13 3 4 139 174 0.757392
14 0 1 37 69 -1
14 0 1 37 70 -1
14 0 1 38 69 0.721689
14 0 1 38 70 -1
14 0 1 39 69 0.213095
14 0 1 39 70 0.786905
14 0 2 37 104 -1
14 0 2 37 105 -1
14 0 2 38 104 0.990302
14 0 2 38 105 -1
14 0 2 39 104 -1
14 0 2 39 105 0.849489
14 0 3 37 140 -1
14 0 3 37 141 0.755219
14 0 3 38 140 0.997261
14 0 3 38 141 -1
14 0 3 39 140 -1
14 0 3 39 141 0.954387
14 0 4 37 175 -1
14 0 4 37 176 -1
14 0 4 38 175 -1
14 0 4 38 176 0.737787
14 0 4 39 175 0.889046
14 0 4 39 176 -1
14 1 2 69 104 0.872096
14 1 2 69 105 -1
14 1 2 70 104 -1
14 1 2 70 105 0.879357
14 1 3 69 140 0.729616
14 1 3 69 141 -1
14 1 3 70 140 -1
14 1 3 70 141 0.979435
14 1 4 69 175 -1
14 1 4 69 176 0.73778
14 1 4 70 175 0.738775
14 1 4 70 176 -1
14 2 3 104 140 0.988091
14 2 3 104 141 -1
14 2 3 105 140 -1
14 2 3 105 141 0.906692
14 2 4 104 175 -1
14 2 4 104 176 0.834144
14 2 4 105 175 0.812665
14 2 4 105 176 -1
14 3 4 140 175 0.184022
14 3 4 140 176 0.815978
14 3 4 141 175 0.762646
14 3 4 141 176 -1
15 0 1 40 71 0.69358
15 0 2 40 106 -1
15 0 3 40 142 -1
15 0 3 40 143 0.792289
15 0 4 40 177 0.744614
15 0 4 40 178 0.255386
15 1 2 71 106 0.401578
15 1 3 71 142 -1
15 1 3 71 143 0.909063
15 1 4 71 177 0.693615
15 1 4 71 178 0.153905
15 2 3 106 142 0.897557
15 2 3 106 143 -1
15 2 4 106 177 -1
15 2 4 106 178 0.997702
15 3 4 142 177 0.266405
15 3 4 142 178 0.350613
15 3 4 143 177 0.358367
15 3 4 143 178 0.266742
16 0 1 41 72 0.553609
16 0 1 41 73 0.778537
16 0 1 41 74 -1
16 0 1 42 72 0.407005
16 0 1 42 73 0.301046
16 0 1 42 74 -1
16 0 1 43 72 0.0393856
16 0 1 43 73 -1
16 0 1 43 74 0.787911
16 0 2 41 107 -1
16 0 2 41 108 0.361072
16 0 2 42 107 0.926737
16 0 2 42 108 -1
16 0 2 43 107 -1
16 0 2 43 108 0.956053
16 0 3 41 144 -1
16 0 3 41 145 -1
16 0 3 42 144 0.855171
16 0 3 42 145 -1
16 0 3 43 144 -1
16 0 3 43 145 0.941711
16 0 4 41 179 -1
16 0 4 42 179 -1
16 0 4 43 179 0.838373
16 1 2 72 107 0.598744
16 1 2 72 108 -1
16 1 2 73 107 -1
16 1 2 73 108 -1
16 1 2 74 107 -1
16 1 2 74 108 0.905455
16 1 3 72 144 0.83106
16 1 3 72 145 -1
16 1 3 73 144 -1
16 1 3 73 145 -1
16 1 3 74 144 -1
16 1 3 74 145 0.881549
16 1 4 72 179 -1
16 1 4 73 179 -1
16 1 4 74 179 0.871817
16 2 3 107 144 0.995054
16 2 3 107 145 -1
16 2 3 108 144 -1
16 2 3 108 145 0.993488
16 2 4 107 179 -1
16 2 4 108 179 0.818331
16 3 4 144 179 0.129727
16 3 4 145 179 0.870273
17 0 1 44 75 0.460239
17 0 1 44 76 -1
17 0 1 45 75 -1
17 0 1 45 76 0.522352
17 0 2 44 109 -1
17 0 2 44 110 -1
17 0 2 45 109 0.887985
17 0 2 45 110 -1
17 0 3 44 146 -1
17 0 3 44 147 0.868487
17 0 3 45 146 0.952744
17 0 3 45 147 -1
17 0 4 44 180 -1
17 0 4 44 181 -1
17 0 4 45 180 -1
17 0 4 45 181 0.93629
17 1 2 75 109 -1
17 1 2 75 110 -1
17 1 2 76 109 -1
17 1 2 76 110 0.96354
17 1 3 75 146 -1
17 1 3 75 147 -1
17 1 3 76 146 -1
17 1 3 76 147 0.890817
17 1 4 75 180 -1
17 1 4 75 181 -1
17 1 4 76 180 0.87631
17 1 4 76 181 -1
17 2 3 109 146 0.834776
17 2 3 109 147 -1
17 2 3 110 146 -1
17 2 3 110 147 0.859001
17 2 4 109 180 -1
17 2 4 109 181 0.953152
17 2 4 110 180 0.783928
17 2 4 110 181 -1
17 3 4 146 180 0.25418
17 3 4 146 181 0.602457
17 3 4 147 180 0.605271
17 3 4 147 181 0.144041
18 0 1 46 77 -1
18 0 1 46 78 -1
18 0 1 47 77 0.114029
18 0 1 47 78 -1
18 0 2 46 111 -1
18 0 2 46 112 0.837287
18 0 2 47 111 0.784615
18 0 2 47 112 -1
18 0 3 46 148 -1
18 0 3 46 149 -1
18 0 3 47 148 -1
18 0 3 47 149 0.726923
18 0 4 46 182 -1
18 0 4 46 183 -1
18 0 4 47 182 -1
18 0 4 47 183 0.762823
18 1 2 77 111 0.0300783
18 1 2 77 112 -1
18 1 2 78 111 -1
18 1 2 78 112 0.737869
18 1 3 77 148 -1
18 1 3 77 149 0.600021
18 1 3 78 148 0.675783
18 1 3 78 149 -1
18 1 4 77 182 -1
18 1 4 77 183 -1
18 1 4 78 182 0.635323
18 1 4 78 183 0.196685
18 2 3 111 148 -1
18 2 3 111 149 0.942475
18 2 3 112 148 0.884069
18 2 3 112 149 -1
18 2 4 111 182 0.280706
18 2 4 111 183 0.291761
18 2 4 112 182 0.29075
18 2 4 112 183 0.278998
18 3 4 148 182 0.883056
18 3 4 148 183 -1
18 3 4 149 182 -1
18 3 4 149 183 0.952092
end of Frame 81
