J OverallIdx viewIdx joint种类0-18(jointIdx) 该joint在图中的顺序(candidix) x y score
0 0 0 0 684.309 396.414 0.567681
1 0 0 1 241.188 428.01 0.618708
2 0 1 0 698.222 191.854 0.565938
3 0 1 1 241.237 210.778 0.804351
4 0 2 0 681.496 396.451 0.435817
5 0 2 1 269.185 430.16 0.626584
6 0 3 0 684.374 396.45 0.608989
7 0 3 1 215.89 421.731 0.555674
8 0 4 0 645.018 132.813 0.506329
9 0 5 0 695.503 189.761 0.417792
10 0 5 1 280.407 210.924 0.84982
11 0 6 0 692.682 191.904 0.807032
12 0 6 1 210.233 208.671 0.741656
13 0 7 0 667.474 544.017 0.438679
14 0 7 1 288.824 579.919 0.658811
15 0 8 0 684.4 562.959 0.647396
16 0 8 1 238.424 579.923 0.715006
17 0 9 0 302.8 134.983 0.843051
18 0 10 0 238.32 128.635 0.5717
19 0 10 1 681.366 130.803 0.861769
20 0 11 0 283.373 337.417 0.82606
21 0 12 0 723.539 259.4 0.867333
22 0 12 1 190.617 326.843 0.399033
23 0 13 0 709.589 695.895 0.605771
24 0 13 1 255.201 735.988 0.663566
25 0 14 0 692.647 717.005 0.733278
26 0 14 1 232.778 740.14 0.474182
27 0 15 0 319.7 423.813 0.79881
28 0 16 0 667.456 329.034 0.837026
29 0 17 0 614.097 733.808 0.788351
30 0 17 1 300.063 735.929 0.201398
31 0 18 0 661.744 683.225 0.296948
32 0 18 1 311.286 735.931 0.570776
33 1 0 0 703.857 379.603 0.799361
34 1 0 1 571.917 398.54 0.742875
35 1 1 0 566.49 238.283 0.850321
36 1 1 1 706.827 244.598 0.914395
37 1 2 0 684.227 379.635 0.806828
38 1 2 1 597.42 398.531 0.713468
39 1 3 0 720.724 379.588 0.754165
40 1 3 1 532.911 398.537 0.680275
41 1 4 0 664.68 194.002 0.940999
42 1 5 0 616.862 236.141 0.866824
43 1 5 1 684.391 246.7 0.865952
44 1 6 0 510.435 240.34 0.826215
45 1 6 1 731.935 242.507 0.884321
46 1 7 0 689.823 480.865 0.811693
47 1 7 1 614.122 527.168 0.787039
48 1 8 0 715.154 482.849 0.797555
49 1 8 1 549.496 531.312 0.816957
50 1 9 0 591.581 177.254 0.519533
51 1 10 0 538.437 177.025 0.875475
52 1 10 1 706.64 193.994 0.955154
53 1 11 0 639.277 333.193 0.861913
54 1 12 0 785.245 280.521 0.874035
55 1 12 1 499.205 331.131 0.846893
56 1 13 0 706.563 567.31 0.82399
57 1 13 1 622.563 657.935 0.761371
58 1 14 0 729.147 581.934 0.853486
59 1 14 1 555.278 655.796 0.763291
60 1 15 0 678.584 333.172 0.240554
61 1 15 1 622.517 396.34 0.801468
62 1 16 0 734.79 326.881 0.887962
63 1 16 1 524.417 392.154 0.72255
64 1 17 0 692.689 603.072 0.743829
65 1 17 1 555.3 651.576 0.442586
66 1 18 0 661.842 584.086 0.912881
67 1 18 1 630.901 651.644 0.459777
68 2 0 0 527.086 227.672 0.850219
69 2 0 1 661.793 411.193 0.769108
70 2 1 0 527.134 82.2436 0.897193
71 2 1 1 675.885 248.896 0.798839
72 2 2 0 496.412 225.668 0.781668
73 2 2 1 684.376 406.951 0.715421
74 2 3 0 552.497 227.723 0.814351
75 2 3 1 636.611 413.321 0.733128
76 2 4 0 502.047 31.6454 0.88137
77 2 4 1 614.075 181.343 0.847865
78 2 5 0 479.516 78.0865 0.869205
79 2 5 1 709.562 229.948 0.8168
80 2 6 0 574.859 84.3714 0.834453
81 2 6 1 636.646 265.677 0.823429
82 2 7 0 499.148 318.416 0.79494
83 2 7 1 661.99 497.736 0.843557
84 2 8 0 549.695 328.881 0.875842
85 2 8 1 622.536 512.356 0.830209
86 2 10 0 546.829 27.518 0.886203
87 2 10 1 661.735 189.755 0.878989
88 2 11 0 434.613 124.451 0.955686
89 2 11 1 723.46 314.202 0.664015
90 2 12 0 628.146 128.592 0.823304
91 2 12 1 616.89 379.548 0.929495
92 2 13 0 496.412 392.207 0.820511
93 2 13 1 684.349 598.813 0.884975
94 2 14 0 549.57 400.711 0.854935
95 2 14 1 628.198 603.084 0.793721
96 2 15 0 468.319 177.054 0.918953
97 2 15 1 678.623 347.903 0.251294
98 2 16 0 591.663 181.371 0.887095
99 2 16 1 577.761 411.24 0.752715
100 2 17 0 546.79 432.345 0.740254
101 2 17 1 594.511 579.891 0.774288
102 2 18 0 473.911 415.458 0.747583
103 2 18 1 678.585 594.622 0.279579
104 3 0 0 302.85 343.666 0.807179
105 3 0 1 597.268 356.358 0.688616
106 3 1 0 274.766 191.861 0.883786
107 3 1 1 597.381 193.927 0.786871
108 3 2 0 274.786 345.804 0.753451
109 3 2 1 580.545 352.167 0.622367
110 3 3 0 330.913 337.413 0.729284
111 3 3 1 614.109 358.504 0.710019
112 3 4 0 269.172 126.511 0.920098
113 3 4 1 555.267 139.127 0.847005
114 3 5 0 583.285 191.866 0.651231
115 3 5 1 224.311 196.088 0.842586
116 3 6 0 322.392 181.35 0.847178
117 3 6 1 616.97 194.043 0.917316
118 3 7 0 277.681 463.881 0.84741
119 3 7 1 591.744 468.183 0.722413
120 3 8 0 328.095 459.671 0.819315
121 3 8 1 611.254 478.594 0.713827
122 3 9 0 235.58 128.658 0.825819
123 3 10 0 291.684 124.401 0.387875
124 3 10 1 602.953 128.641 0.886216
125 3 11 0 168.216 261.446 0.95425
126 3 12 0 350.513 227.643 0.933006
127 3 12 1 636.605 295.188 0.905751
128 3 13 0 277.617 560.898 0.821441
129 3 13 1 630.951 565.125 0.709818
130 3 14 0 330.886 550.349 0.85292
131 3 14 1 636.513 584.163 0.783792
132 3 15 0 232.817 299.504 0.892513
133 3 16 0 350.467 276.238 0.937672
134 3 16 1 594.373 360.541 0.828376
135 3 17 0 372.96 573.563 0.844744
136 3 17 1 572.17 603.053 0.79041
137 3 18 0 586.053 575.658 0.617225
138 3 18 1 280.583 596.661 0.846886
139 4 0 0 664.606 291.029 0.784166
140 4 0 1 415.051 328.938 0.521551
141 4 1 0 395.459 115.993 0.728996
142 4 1 1 678.688 141.191 0.879553
143 4 2 0 636.603 290.954 0.748124
144 4 2 1 420.664 328.989 0.590954
145 4 3 0 698.329 293.084 0.726697
146 4 3 1 406.671 326.853 0.389269
147 4 4 0 462.818 42.1144 0.725658
148 4 4 1 695.529 78.092 0.876341
149 4 5 0 412.313 118.12 0.763769
150 4 5 1 625.383 139.153 0.821835
151 4 6 0 384.174 113.862 0.659669
152 4 6 1 728.997 141.217 0.873346
153 4 7 0 628.194 400.689 0.78366
154 4 7 1 417.902 493.45 0.640652
155 4 8 0 687.005 411.147 0.852027
156 4 8 1 420.646 482.878 0.337591
157 4 9 0 412.121 42.2777 0.873246
158 4 9 1 656.214 75.8859 0.888029
159 4 11 0 614.076 215.062 0.855073
160 4 11 1 412.166 223.518 0.812751
161 4 12 0 347.865 185.602 0.48055
162 4 12 1 737.567 213.007 0.84555
163 4 13 0 622.551 493.423 0.842578
164 4 13 1 412.103 649.38 0.768969
165 4 14 0 678.616 501.921 0.800232
166 4 14 1 414.965 598.937 0.555793
167 4 15 0 616.813 278.304 0.914974
168 4 15 1 437.357 280.509 0.857774
169 4 16 0 712.373 280.454 0.855662
170 4 17 0 661.753 533.502 0.868953
171 4 17 1 462.767 598.947 0.730412
172 4 18 0 602.991 518.786 0.810932
173 4 18 1 485.111 662.088 0.782852
P viewIdx, pafIdx, aOverAllIdx, bOverAllIdx, CandidAIdx, CandidBIdx, score
0 0 2 0 0 0 0.896976
0 0 2 1 0 1 0
0 0 3 0 1 0 0
0 0 3 1 1 1 0.968225
0 1 4 13 0 0 0.90298
0 1 4 14 0 1 0
0 1 5 13 1 0 0
0 1 5 14 1 1 0.964394
0 2 13 23 0 0 0.912058
0 2 13 24 0 1 0
0 2 14 23 1 0 0
0 2 14 24 1 1 0.970446
0 3 0 4 0 0 0.673665
0 3 0 5 0 1 0
0 3 1 4 1 0 0
0 3 1 5 1 1 0.915796
0 4 0 6 0 0 0.652877
0 4 0 7 0 1 0
0 4 1 6 1 0 0
0 4 1 7 1 1 0.902293
0 5 6 15 0 0 0.975024
0 5 6 16 0 1 0
0 5 7 15 1 0 0
0 5 7 16 1 1 0.963774
0 6 15 25 0 0 0.979388
0 6 15 26 0 1 0
0 6 16 25 1 0 0
0 6 16 26 1 1 0.979548
0 7 2 9 0 0 0.684255
0 7 2 10 0 1 0
0 7 3 9 1 0 0
0 7 3 10 1 1 0.992681
0 8 9 20 0 0 0
0 8 10 20 1 0 0.995173
0 9 20 27 0 0 0.996603
0 10 9 17 0 0 0
0 10 10 17 1 0 0.978656
0 11 2 11 0 0 0.56779
0 11 2 12 0 1 0
0 11 3 11 1 0 0
0 11 3 12 1 1 0.987359
0 12 11 21 0 0 0.997064
0 12 11 22 0 1 0
0 12 12 21 1 0 0
0 12 12 22 1 1 0.858896
0 13 21 28 0 0 0.962435
0 13 22 28 1 0 0
0 14 11 18 0 0 0
0 14 11 19 0 1 0.999021
0 14 12 18 1 0 0.877636
0 14 12 19 1 1 0
0 15 2 8 0 0 0.873657
0 15 3 8 1 0 0
0 16 25 29 0 0 0.947674
0 16 25 30 0 1 0
0 16 26 29 1 0 0
0 16 26 30 1 1 0.660172
0 17 23 31 0 0 0.709638
0 17 23 32 0 1 0
0 17 24 31 1 0 0
0 17 24 32 1 1 0.870817
1 0 35 33 0 0 0
1 0 35 34 0 1 0.990108
1 0 36 33 1 0 0.988423
1 0 36 34 1 1 0
1 1 37 46 0 0 0.997697
1 1 37 47 0 1 0
1 1 38 46 1 0 0
1 1 38 47 1 1 0.964287
1 2 46 56 0 0 0.987542
1 2 46 57 0 1 0
1 2 47 56 1 0 0
1 2 47 57 1 1 0.995576
1 3 33 37 0 0 0.964033
1 3 33 38 0 1 0
1 3 34 37 1 0 0
1 3 34 38 1 1 0.921212
1 4 33 39 0 0 0.963423
1 4 33 40 0 1 0
1 4 34 39 1 0 0
1 4 34 40 1 1 0.923387
1 5 39 48 0 0 0.974963
1 5 39 49 0 1 0
1 5 40 48 1 0 0
1 5 40 49 1 1 0.973019
1 6 48 58 0 0 0.978219
1 6 48 59 0 1 0
1 6 49 58 1 0 0
1 6 49 59 1 1 0.996143
1 7 35 42 0 0 0.981854
1 7 35 43 0 1 0
1 7 36 42 1 0 0
1 7 36 43 1 1 0.99509
1 8 42 53 0 0 0.541081
1 8 43 53 1 0 0.458919
1 9 53 60 0 0 0
1 9 53 61 0 1 0.966372
1 10 42 50 0 0 0.894606
1 10 43 50 1 0 0
1 11 35 44 0 0 0.988938
1 11 35 45 0 1 0
1 11 36 44 1 0 0
1 11 36 45 1 1 0.996218
1 12 44 54 0 0 0
1 12 44 55 0 1 0.987342
1 12 45 54 1 0 0.989681
1 12 45 55 1 1 0
1 13 54 62 0 0 0.968228
1 13 54 63 0 1 0
1 13 55 62 1 0 0
1 13 55 63 1 1 0.986131
1 14 44 51 0 0 0.971596
1 14 44 52 0 1 0
1 14 45 51 1 0 0
1 14 45 52 1 1 0.993628
1 15 35 41 0 0 0
1 15 36 41 1 0 0.993749
1 16 58 64 0 0 0.951043
1 16 58 65 0 1 0
1 16 59 64 1 0 0
1 16 59 65 1 1 0.588575
1 17 56 66 0 0 0.975165
1 17 56 67 0 1 0
1 17 57 66 1 0 0
1 17 57 67 1 1 0.684255
2 0 70 68 0 0 0.9982
2 0 70 69 0 1 0
2 0 71 68 1 0 0
2 0 71 69 1 1 0.995668
2 1 72 82 0 0 0.982326
2 1 72 83 0 1 0
2 1 73 82 1 0 0
2 1 73 83 1 1 0.972373
2 2 82 92 0 0 0.982985
2 2 82 93 0 1 0
2 2 83 92 1 0 0
2 2 83 93 1 1 0.979012
2 3 68 72 0 0 0.972694
2 3 68 73 0 1 0
2 3 69 72 1 0 0
2 3 69 73 1 1 0.949231
2 4 68 74 0 0 0.969339
2 4 68 75 0 1 0
2 4 69 74 1 0 0
2 4 69 75 1 1 0.951751
2 5 74 84 0 0 0.999289
2 5 74 85 0 1 0
2 5 75 84 1 0 0
2 5 75 85 1 1 0.972802
2 6 84 94 0 0 0.999202
2 6 84 95 0 1 0
2 6 85 94 1 0 0
2 6 85 95 1 1 0.994386
2 7 70 78 0 0 0.994476
2 7 70 79 0 1 0
2 7 71 78 1 0 0
2 7 71 79 1 1 0.948077
2 8 78 88 0 0 0.995987
2 8 78 89 0 1 0
2 8 79 88 1 0 0
2 8 79 89 1 1 0.960146
2 9 88 96 0 0 0.989261
2 9 88 97 0 1 0
2 9 89 96 1 0 0
2 9 89 97 1 1 0.77034
2 11 70 80 0 0 0.984023
2 11 70 81 0 1 0
2 11 71 80 1 0 0
2 11 71 81 1 1 0.958917
2 12 80 90 0 0 0.988434
2 12 80 91 0 1 0
2 12 81 90 1 0 0
2 12 81 91 1 1 0.982445
2 13 90 98 0 0 0.962638
2 13 90 99 0 1 0
2 13 91 98 1 0 0
2 13 91 99 1 1 0.970946
2 14 80 86 0 0 0.993814
2 14 80 87 0 1 0
2 14 81 86 1 0 0
2 14 81 87 1 1 0.985515
2 15 70 76 0 0 0.990156
2 15 70 77 0 1 0
2 15 71 76 1 0 0
2 15 71 77 1 1 0.9973
2 16 94 100 0 0 0.955368
2 16 94 101 0 1 0
2 16 95 100 1 0 0
2 16 95 101 1 1 0.974243
2 17 92 102 0 0 0.96795
2 17 92 103 0 1 0
2 17 93 102 1 0 0
2 17 93 103 1 1 0.78315
3 0 106 104 0 0 0.995809
3 0 106 105 0 1 0
3 0 107 104 1 0 0
3 0 107 105 1 1 0.947345
3 1 108 118 0 0 0.987272
3 1 108 119 0 1 0
3 1 109 118 1 0 0
3 1 109 119 1 1 0.946562
3 2 118 128 0 0 0.994976
3 2 118 129 0 1 0
3 2 119 128 1 0 0
3 2 119 129 1 1 0.984236
3 3 104 108 0 0 0.953671
3 3 104 109 0 1 0
3 3 105 108 1 0 0
3 3 105 109 1 1 0.912514
3 4 104 110 0 0 0.943451
3 4 104 111 0 1 0
3 4 105 110 1 0 0
3 4 105 111 1 1 0.919683
3 5 110 120 0 0 0.998366
3 5 110 121 0 1 0
3 5 111 120 1 0 0
3 5 111 121 1 1 0.98518
3 6 120 130 0 0 0.995398
3 6 120 131 0 1 0
3 6 121 130 1 0 0
3 6 121 131 1 1 0.996695
3 7 106 114 0 0 0
3 7 106 115 0 1 0.999178
3 7 107 114 1 0 0.952696
3 7 107 115 1 1 0
3 8 114 125 0 0 0
3 8 115 125 1 0 0.982611
3 9 125 132 0 0 0.981594
3 10 114 122 0 0 0
3 10 115 122 1 0 0.963346
3 11 106 116 0 0 0.984185
3 11 106 117 0 1 0
3 11 107 116 1 0 0
3 11 107 117 1 1 0.966211
3 12 116 126 0 0 0.989702
3 12 116 127 0 1 0
3 12 117 126 1 0 0
3 12 117 127 1 1 0.996574
3 13 126 133 0 0 0.987917
3 13 126 134 0 1 0
3 13 127 133 1 0 0
3 13 127 134 1 1 0.996884
3 14 116 123 0 0 0.883719
3 14 116 124 0 1 0
3 14 117 123 1 0 0
3 14 117 124 1 1 0.985077
3 15 106 112 0 0 0.993227
3 15 106 113 0 1 0
3 15 107 112 1 0 0
3 15 107 113 1 1 0.972728
3 16 130 135 0 0 0.982545
3 16 130 136 0 1 0
3 16 131 135 1 0 0
3 16 131 136 1 1 0.968601
3 17 128 137 0 0 0
3 17 128 138 0 1 0.975491
3 17 129 137 1 0 0.928345
3 17 129 138 1 1 0
4 0 141 139 0 0 0
4 0 141 140 0 1 0.933137
4 0 142 139 1 0 0.991357
4 0 142 140 1 1 0
4 1 143 153 0 0 0.97878
4 1 143 154 0 1 0
4 1 144 153 1 0 0
4 1 144 154 1 1 0.946392
4 2 153 163 0 0 0.998663
4 2 153 164 0 1 0
4 2 154 163 1 0 0
4 2 154 164 1 1 0.98252
4 3 139 143 0 0 0.949024
4 3 139 144 0 1 0
4 3 140 143 1 0 0
4 3 140 144 1 1 0.764292
4 4 139 145 0 0 0.958647
4 4 139 146 0 1 0
4 4 140 145 1 0 0
4 4 140 146 1 1 0.766936
4 5 145 155 0 0 0.995612
4 5 145 156 0 1 0
4 5 146 155 1 0 0
4 5 146 156 1 1 0.842659
4 6 155 165 0 0 0.993982
4 6 155 166 0 1 0
4 6 156 165 1 0 0
4 6 156 166 1 1 0.87898
4 7 141 149 0 0 0.940725
4 7 141 150 0 1 0
4 7 142 149 1 0 0
4 7 142 150 1 1 0.999307
4 8 149 159 0 0 0
4 8 149 160 0 1 0.985506
4 8 150 159 1 0 0.995844
4 8 150 160 1 1 0
4 9 159 167 0 0 0.997499
4 9 159 168 0 1 0
4 9 160 167 1 0 0
4 9 160 168 1 1 0.99245
4 10 149 157 0 0 0.98988
4 10 149 158 0 1 0
4 10 150 157 1 0 0
4 10 150 158 1 1 0.984975
4 11 141 151 0 0 0.922823
4 11 141 152 0 1 0
4 11 142 151 1 0 0
4 11 142 152 1 1 0.997286
4 12 151 161 0 0 0.837097
4 12 151 162 0 1 0
4 12 152 161 1 0 0
4 12 152 162 1 1 0.995382
4 13 161 169 0 0 0
4 13 162 169 1 0 0.953143
4 15 141 147 0 0 0.880862
4 15 141 148 0 1 0
4 15 142 147 1 0 0
4 15 142 148 1 1 0.991587
4 16 165 170 0 0 0.983747
4 16 165 171 0 1 0
4 16 166 170 1 0 0
4 16 166 171 1 1 0.928466
4 17 163 172 0 0 0.96243
4 17 163 173 0 1 0
4 17 164 172 1 0 0
4 17 164 173 1 1 0.989953
E jointIdx viewA viewB aOverAllIdx bOverallIdx score
0 0 1 0 33 0.370078
0 0 1 0 34 0.272693
0 0 1 1 33 0.286928
0 0 1 1 34 0.365897
0 0 2 0 68 0.801789
0 0 2 0 69 -1
0 0 2 1 68 -1
0 0 2 1 69 0.938982
0 0 3 0 104 0.740622
0 0 3 0 105 -1
0 0 3 1 104 -1
0 0 3 1 105 0.690553
0 0 4 0 139 -1
0 0 4 0 140 0.938078
0 0 4 1 139 0.901394
0 0 4 1 140 -1
0 1 2 33 68 0.998507
0 1 2 33 69 -1
0 1 2 34 68 -1
0 1 2 34 69 0.830067
0 1 3 33 104 0.958919
0 1 3 33 105 0.00899392
0 1 3 34 104 -1
0 1 3 34 105 0.969146
0 1 4 33 139 -1
0 1 4 33 140 0.888048
0 1 4 34 139 0.890756
0 1 4 34 140 -1
0 2 3 68 104 0.884644
0 2 3 68 105 -1
0 2 3 69 104 -1
0 2 3 69 105 0.647775
0 2 4 68 139 -1
0 2 4 68 140 0.882052
0 2 4 69 139 0.999367
0 2 4 69 140 -1
0 3 4 104 139 0.274301
0 3 4 104 140 0.297315
0 3 4 105 139 0.297038
0 3 4 105 140 0.273557
1 0 1 2 35 0.286083
1 0 1 2 36 0.291703
1 0 1 3 35 0.291099
1 0 1 3 36 0.286561
1 0 2 2 70 0.740589
1 0 2 2 71 -1
1 0 2 3 70 -1
1 0 2 3 71 0.924507
1 0 3 2 106 0.313076
1 0 3 2 107 0.313208
1 0 3 3 106 0.313224
1 0 3 3 107 0.313104
1 0 4 2 141 0.950982
1 0 4 2 142 -1
1 0 4 3 141 -1
1 0 4 3 142 0.853167
1 1 2 35 70 -1
1 1 2 35 71 0.938103
1 1 2 36 70 0.97261
1 1 2 36 71 -1
1 1 3 35 106 0.271138
1 1 3 35 107 0.298846
1 1 3 36 106 0.300892
1 1 3 36 107 0.272987
1 1 4 35 141 0.0460971
1 1 4 35 142 0.759824
1 1 4 36 141 0.772724
1 1 4 36 142 0.181035
1 2 3 70 106 0.831044
1 2 3 70 107 -1
1 2 3 71 106 -1
1 2 3 71 107 0.905184
1 2 4 70 141 0.790994
1 2 4 70 142 -1
1 2 4 71 141 -1
1 2 4 71 142 0.74209
1 3 4 106 141 0.49741
1 3 4 106 142 0.325678
1 3 4 107 141 0.194646
1 3 4 107 142 0.52187
2 0 1 4 37 0.401372
2 0 1 4 38 0.25569
2 0 1 5 37 0.275227
2 0 1 5 38 0.397669
2 0 2 4 72 0.86065
2 0 2 4 73 -1
2 0 2 5 72 -1
2 0 2 5 73 0.672833
2 0 3 4 108 0.884203
2 0 3 4 109 -1
2 0 3 5 108 -1
2 0 3 5 109 0.648218
2 0 4 4 143 -1
2 0 4 4 144 0.970301
2 0 4 5 143 0.891307
2 0 4 5 144 -1
2 1 2 37 72 0.991593
2 1 2 37 73 -1
2 1 2 38 72 -1
2 1 2 38 73 0.767745
2 1 3 37 108 0.804939
2 1 3 37 109 0.15899
2 1 3 38 108 0.0332654
2 1 3 38 109 0.787963
2 1 4 37 143 -1
2 1 4 37 144 0.672711
2 1 4 38 143 0.959537
2 1 4 38 144 -1
2 2 3 72 108 0.960034
2 2 3 72 109 -1
2 2 3 73 108 -1
2 2 3 73 109 0.316431
2 2 4 72 143 -1
2 2 4 72 144 0.674441
2 2 4 73 143 0.883787
2 2 4 73 144 -1
2 3 4 108 143 0.281568
2 3 4 108 144 0.349754
2 3 4 109 143 0.344256
2 3 4 109 144 0.28168
3 0 1 6 39 0.323189
3 0 1 6 40 0.281987
3 0 1 7 39 0.288253
3 0 1 7 40 0.320121
3 0 2 6 74 0.815439
3 0 2 6 75 -1
3 0 2 7 74 -1
3 0 2 7 75 0.81043
3 0 3 6 110 0.70507
3 0 3 6 111 -1
3 0 3 7 110 -1
3 0 3 7 111 0.768957
3 0 4 6 145 -1
3 0 4 6 146 0.860576
3 0 4 7 145 0.838884
3 0 4 7 146 -1
3 1 2 39 74 0.972683
3 1 2 39 75 -1
3 1 2 40 74 -1
3 1 2 40 75 0.897498
3 1 3 39 110 0.979119
3 1 3 39 111 -1
3 1 3 40 110 -1
3 1 3 40 111 0.952057
3 1 4 39 145 -1
3 1 4 39 146 0.995301
3 1 4 40 145 0.970039
3 1 4 40 146 -1
3 2 3 74 110 0.795375
3 2 3 74 111 -1
3 2 3 75 110 -1
3 2 3 75 111 0.974891
3 2 4 74 145 -1
3 2 4 74 146 0.982448
3 2 4 75 145 0.754448
3 2 4 75 146 -1
3 3 4 110 145 0.288313
3 3 4 110 146 0.283395
3 3 4 111 145 0.282911
3 3 4 111 146 0.288089
4 0 1 8 41 0.97318
4 0 2 8 76 0.986291
4 0 2 8 77 -1
4 0 3 8 112 0.900755
4 0 3 8 113 0.0946556
4 0 4 8 147 0.958306
4 0 4 8 148 -1
4 1 2 41 76 0.92584
4 1 2 41 77 -1
4 1 3 41 112 0.536723
4 1 3 41 113 0.463277
4 1 4 41 147 0.922253
4 1 4 41 148 -1
4 2 3 76 112 0.867515
4 2 3 76 113 -1
4 2 3 77 112 -1
4 2 3 77 113 0.97607
4 2 4 76 147 0.936264
4 2 4 76 148 -1
4 2 4 77 147 -1
4 2 4 77 148 0.994403
4 3 4 112 147 0.65323
4 3 4 112 148 0.240422
4 3 4 113 147 0.0388545
4 3 4 113 148 0.652852
5 0 1 9 42 0.320184
5 0 1 9 43 0.277646
5 0 1 10 42 0.28432
5 0 1 10 43 0.319424
5 0 2 9 78 0.60266
5 0 2 9 79 -1
5 0 2 10 78 -1
5 0 2 10 79 0.864186
5 0 3 9 114 0.367808
5 0 3 9 115 0.302994
5 0 3 10 114 0.324251
5 0 3 10 115 0.377269
5 0 4 9 149 0.790451
5 0 4 9 150 -1
5 0 4 10 149 -1
5 0 4 10 150 0.977125
5 1 2 42 78 0.234314
5 1 2 42 79 0.491092
5 1 2 43 78 0.502873
5 1 2 43 79 0.247642
5 1 3 42 114 0.359842
5 1 3 42 115 0.266557
5 1 3 43 114 0.281811
5 1 3 43 115 0.371699
5 1 4 42 149 0.227138
5 1 4 42 150 0.474266
5 1 4 43 149 0.476201
5 1 4 43 150 0.258604
5 2 3 78 114 -1
5 2 3 78 115 0.8784
5 2 3 79 114 0.875628
5 2 3 79 115 -1
5 2 4 78 149 0.809194
5 2 4 78 150 -1
5 2 4 79 149 -1
5 2 4 79 150 0.841817
5 3 4 114 149 0.271789
5 3 4 114 150 0.414432
5 3 4 115 149 0.433117
5 3 4 115 150 0.315583
6 0 1 11 44 0.285515
6 0 1 11 45 0.321102
6 0 1 12 44 0.321267
6 0 1 12 45 0.292303
6 0 2 11 80 0.937488
6 0 2 11 81 -1
6 0 2 12 80 -1
6 0 2 12 81 0.989588
6 0 3 11 116 0.311355
6 0 3 11 117 0.265324
6 0 3 12 116 0.262088
6 0 3 12 117 0.311331
6 0 4 11 151 0.900189
6 0 4 11 152 -1
6 0 4 12 151 -1
6 0 4 12 152 0.746059
6 1 2 44 80 -1
6 1 2 44 81 0.83612
6 1 2 45 80 0.911149
6 1 2 45 81 -1
6 1 3 44 116 0.273349
6 1 3 44 117 0.274029
6 1 3 45 116 0.274022
6 1 3 45 117 0.273356
6 1 4 44 151 -1
6 1 4 44 152 0.873411
6 1 4 45 151 0.811884
6 1 4 45 152 -1
6 2 3 80 116 0.862736
6 2 3 80 117 -1
6 2 3 81 116 -1
6 2 3 81 117 0.975973
6 2 4 80 151 0.839722
6 2 4 80 152 -1
6 2 4 81 151 -1
6 2 4 81 152 0.691176
6 3 4 116 151 0.633667
6 3 4 116 152 0.283765
6 3 4 117 151 0.0964142
6 3 4 117 152 0.624523
7 0 1 13 46 0.563552
7 0 1 13 47 -1
7 0 1 14 46 0.325559
7 0 1 14 47 0.50368
7 0 2 13 82 0.938179
7 0 2 13 83 -1
7 0 2 14 82 -1
7 0 2 14 83 0.503838
7 0 3 13 118 0.985295
7 0 3 13 119 -1
7 0 3 14 118 -1
7 0 3 14 119 0.887176
7 0 4 13 153 -1
7 0 4 13 154 0.500014
7 0 4 14 153 0.732747
7 0 4 14 154 -1
7 1 2 46 82 0.953523
7 1 2 46 83 -1
7 1 2 47 82 -1
7 1 2 47 83 0.69566
7 1 3 46 118 0.998037
7 1 3 46 119 -1
7 1 3 47 118 -1
7 1 3 47 119 0.955979
7 1 4 46 153 -1
7 1 4 46 154 0.804823
7 1 4 47 153 0.855282
7 1 4 47 154 -1
7 2 3 82 118 0.995707
7 2 3 82 119 -1
7 2 3 83 118 -1
7 2 3 83 119 0.67706
7 2 4 82 153 -1
7 2 4 82 154 0.871959
7 2 4 83 153 0.849567
7 2 4 83 154 -1
7 3 4 118 153 0.117968
7 3 4 118 154 0.867945
7 3 4 119 153 0.877602
7 3 4 119 154 -1
8 0 1 15 48 0.386281
8 0 1 15 49 0.24517
8 0 1 16 48 0.277771
8 0 1 16 49 0.396803
8 0 2 15 84 0.783399
8 0 2 15 85 -1
8 0 2 16 84 -1
8 0 2 16 85 0.964912
8 0 3 15 120 0.689626
8 0 3 15 121 -1
8 0 3 16 120 -1
8 0 3 16 121 0.934653
8 0 4 15 155 -1
8 0 4 15 156 0.919113
8 0 4 16 155 0.764144
8 0 4 16 156 -1
8 1 2 48 84 0.976447
8 1 2 48 85 -1
8 1 2 49 84 -1
8 1 2 49 85 0.934919
8 1 3 48 120 0.74741
8 1 3 48 121 -1
8 1 3 49 120 -1
8 1 3 49 121 0.834907
8 1 4 48 155 -1
8 1 4 48 156 0.812088
8 1 4 49 155 0.827897
8 1 4 49 156 -1
8 2 3 84 120 0.922113
8 2 3 84 121 -1
8 2 3 85 120 -1
8 2 3 85 121 0.964267
8 2 4 84 155 -1
8 2 4 84 156 0.793133
8 2 4 85 155 0.753009
8 2 4 85 156 -1
8 3 4 120 155 0.309024
8 3 4 120 156 0.496468
8 3 4 121 155 0.455629
8 3 4 121 156 0.12543
9 0 1 17 50 0.884069
9 0 3 17 122 -1
9 0 4 17 157 -1
9 0 4 17 158 0.985463
9 1 3 50 122 0.281033
9 1 4 50 157 -1
9 1 4 50 158 0.818516
9 3 4 122 157 0.643865
9 3 4 122 158 0.356135
10 0 1 18 51 0.306904
10 0 1 18 52 0.267112
10 0 1 19 51 0.265923
10 0 1 19 52 0.30545
10 0 2 18 86 -1
10 0 2 18 87 0.936294
10 0 2 19 86 0.900399
10 0 2 19 87 -1
10 0 3 18 123 -1
10 0 3 18 124 0.949325
10 0 3 19 123 0.90476
10 0 3 19 124 -1
10 1 2 51 86 -1
10 1 2 51 87 0.907759
10 1 2 52 86 0.903066
10 1 2 52 87 -1
10 1 3 51 123 0.221375
10 1 3 51 124 0.501507
10 1 3 52 123 0.504282
10 1 3 52 124 0.217119
10 2 3 86 123 0.911738
10 2 3 86 124 -1
10 2 3 87 123 -1
10 2 3 87 124 0.967989
11 0 1 20 53 0.960662
11 0 2 20 88 -1
11 0 2 20 89 0.872238
11 0 3 20 125 -1
11 0 4 20 159 0.81183
11 0 4 20 160 0.18817
11 1 2 53 88 -1
11 1 2 53 89 0.820418
11 1 3 53 125 0.0472786
11 1 4 53 159 0.905118
11 1 4 53 160 -1
11 2 3 88 125 0.995
11 2 3 89 125 -1
11 2 4 88 159 -1
11 2 4 88 160 0.9515
11 2 4 89 159 0.871527
11 2 4 89 160 -1
11 3 4 125 159 0.515985
11 3 4 125 160 0.484015
12 0 1 21 54 0.743084
12 0 1 21 55 -1
12 0 1 22 54 0.20357
12 0 1 22 55 0.733373
12 0 2 21 90 0.999393
12 0 2 21 91 -1
12 0 2 22 90 -1
12 0 2 22 91 0.880696
12 0 3 21 126 0.937492
12 0 3 21 127 -1
12 0 3 22 126 -1
12 0 3 22 127 0.935421
12 0 4 21 161 0.26795
12 0 4 21 162 0.278504
12 0 4 22 161 0.278777
12 0 4 22 162 0.267387
12 1 2 54 90 0.960275
12 1 2 54 91 -1
12 1 2 55 90 -1
12 1 2 55 91 0.849561
12 1 3 54 126 0.910122
12 1 3 54 127 -1
12 1 3 55 126 -1
12 1 3 55 127 0.991397
12 1 4 54 161 0.918802
12 1 4 54 162 -1
12 1 4 55 161 -1
12 1 4 55 162 0.831677
12 2 3 90 126 0.934736
12 2 3 90 127 -1
12 2 3 91 126 -1
12 2 3 91 127 0.948889
12 2 4 90 161 0.958639
12 2 4 90 162 -1
12 2 4 91 161 -1
12 2 4 91 162 0.757637
12 3 4 126 161 0.932761
12 3 4 126 162 0.0672385
12 3 4 127 161 -1
12 3 4 127 162 0.811692
13 0 1 23 56 0.681537
13 0 1 23 57 -1
13 0 1 24 56 0.318463
13 0 1 24 57 0.358639
13 0 2 23 92 0.97733
13 0 2 23 93 -1
13 0 2 24 92 -1
13 0 2 24 93 0.239679
13 0 3 23 128 0.891275
13 0 3 23 129 -1
13 0 3 24 128 -1
13 0 3 24 129 0.698947
13 0 4 23 163 -1
13 0 4 23 164 0.930956
13 0 4 24 163 0.474707
13 0 4 24 164 -1
13 1 2 56 92 0.750408
13 1 2 56 93 -1
13 1 2 57 92 -1
13 1 2 57 93 0.683074
13 1 3 56 128 0.859695
13 1 3 56 129 -1
13 1 3 57 128 -1
13 1 3 57 129 0.986815
13 1 4 56 163 -1
13 1 4 56 164 0.631713
13 1 4 57 163 0.922769
13 1 4 57 164 -1
13 2 3 92 128 0.918871
13 2 3 92 129 -1
13 2 3 93 128 -1
13 2 3 93 129 0.665725
13 2 4 92 163 0.128198
13 2 4 92 164 0.836156
13 2 4 93 163 0.845541
13 2 4 93 164 -1
13 3 4 128 163 -1
13 3 4 128 164 0.703797
13 3 4 129 163 0.906533
13 3 4 129 164 -1
14 0 1 25 58 0.493517
14 0 1 25 59 0.178411
14 0 1 26 58 0.278585
14 0 1 26 59 0.514874
14 0 2 25 94 0.991529
14 0 2 25 95 -1
14 0 2 26 94 -1
14 0 2 26 95 0.982732
14 0 3 25 130 0.998868
14 0 3 25 131 -1
14 0 3 26 130 -1
14 0 3 26 131 0.767709
14 0 4 25 165 -1
14 0 4 25 166 0.754098
14 0 4 26 165 0.990898
14 0 4 26 166 -1
14 1 2 58 94 0.953988
14 1 2 58 95 -1
14 1 2 59 94 -1
14 1 2 59 95 0.894249
14 1 3 58 130 0.946141
14 1 3 58 131 -1
14 1 3 59 130 -1
14 1 3 59 131 0.885828
14 1 4 58 165 -1
14 1 4 58 166 0.844504
14 1 4 59 165 0.909482
14 1 4 59 166 -1
14 2 3 94 130 0.990946
14 2 3 94 131 -1
14 2 3 95 130 -1
14 2 3 95 131 0.885869
14 2 4 94 165 -1
14 2 4 94 166 0.80621
14 2 4 95 165 0.882859
14 2 4 95 166 -1
14 3 4 130 165 0.276083
14 3 4 130 166 0.632862
14 3 4 131 165 0.5759
14 3 4 131 166 -1
15 0 1 27 60 -1
15 0 1 27 61 0.988815
15 0 2 27 96 -1
15 0 2 27 97 0.636199
15 0 3 27 132 -1
15 0 4 27 167 0.797715
15 0 4 27 168 -1
15 1 2 60 96 0.78701
15 1 2 60 97 -1
15 1 2 61 96 -1
15 1 2 61 97 0.525579
15 1 3 60 132 0.91264
15 1 3 61 132 -1
15 1 4 60 167 -1
15 1 4 60 168 0.83366
15 1 4 61 167 0.941919
15 1 4 61 168 -1
15 2 3 96 132 0.991359
15 2 3 97 132 -1
15 2 4 96 167 -1
15 2 4 96 168 0.989791
15 2 4 97 167 0.618545
15 2 4 97 168 -1
15 3 4 132 167 0.406702
15 3 4 132 168 0.593298
16 0 1 28 62 0.992062
16 0 1 28 63 -1
16 0 2 28 98 0.929549
16 0 2 28 99 -1
16 0 3 28 133 0.987135
16 0 3 28 134 -1
16 0 4 28 169 -1
16 1 2 62 98 0.879349
16 1 2 62 99 -1
16 1 2 63 98 -1
16 1 2 63 99 0.672263
16 1 3 62 133 0.98937
16 1 3 62 134 -1
16 1 3 63 133 -1
16 1 3 63 134 0.964345
16 1 4 62 169 -1
16 1 4 63 169 0.869524
16 2 3 98 133 0.91265
16 2 3 98 134 -1
16 2 3 99 133 -1
16 2 3 99 134 0.995877
16 2 4 98 169 -1
16 2 4 99 169 0.641369
16 3 4 133 169 -1
16 3 4 134 169 0.89352
17 0 1 29 64 0.288064
17 0 1 29 65 0.278407
17 0 1 30 64 0.279268
17 0 1 30 65 0.288538
17 0 2 29 100 0.757684
17 0 2 29 101 -1
17 0 2 30 100 -1
17 0 2 30 101 0.939321
17 0 3 29 135 0.955866
17 0 3 29 136 -1
17 0 3 30 135 -1
17 0 3 30 136 0.931404
17 0 4 29 170 -1
17 0 4 29 171 0.934619
17 0 4 30 170 0.846974
17 0 4 30 171 -1
17 1 2 64 100 0.738505
17 1 2 64 101 -1
17 1 2 65 100 -1
17 1 2 65 101 0.711425
17 1 3 64 135 0.962244
17 1 3 64 136 -1
17 1 3 65 135 -1
17 1 3 65 136 0.816779
17 1 4 64 170 -1
17 1 4 64 171 0.828914
17 1 4 65 170 0.817141
17 1 4 65 171 -1
17 2 3 100 135 0.710448
17 2 3 100 136 -1
17 2 3 101 135 -1
17 2 3 101 136 0.952249
17 2 4 100 170 -1
17 2 4 100 171 0.904197
17 2 4 101 170 0.823964
17 2 4 101 171 -1
17 3 4 135 170 0.278992
17 3 4 135 171 0.357713
17 3 4 136 170 0.359454
17 3 4 136 171 0.27066
18 0 1 31 66 0.68627
18 0 1 31 67 -1
18 0 1 32 66 0.31373
18 0 1 32 67 0.417812
18 0 2 31 102 0.827698
18 0 2 31 103 -1
18 0 2 32 102 -1
18 0 2 32 103 -1
18 0 3 31 137 -1
18 0 3 31 138 0.688881
18 0 3 32 137 0.766898
18 0 3 32 138 -1
18 0 4 31 172 -1
18 0 4 31 173 0.750017
18 0 4 32 172 0.304533
18 0 4 32 173 -1
18 1 2 66 102 0.91692
18 1 2 66 103 -1
18 1 2 67 102 -1
18 1 2 67 103 0.509761
18 1 3 66 137 -1
18 1 3 66 138 0.882946
18 1 3 67 137 0.928503
18 1 3 67 138 -1
18 1 4 66 172 -1
18 1 4 66 173 0.712341
18 1 4 67 172 0.969562
18 1 4 67 173 -1
18 2 3 102 137 -1
18 2 3 102 138 0.861752
18 2 3 103 137 0.19874
18 2 3 103 138 -1
18 2 4 102 172 0.326609
18 2 4 102 173 0.292076
18 2 4 103 172 0.297672
18 2 4 103 173 0.327321
18 3 4 137 172 0.883513
18 3 4 137 173 -1
18 3 4 138 172 -1
18 3 4 138 173 0.910206
end of Frame 35
