J OverallIdx viewIdx joint种类0-18(jointIdx) 该joint在图中的顺序(candidix) x y score
0 0 0 0 566.433 396.425 0.723606
1 0 0 1 325.215 436.481 0.592863
2 0 1 0 325.404 208.7 0.886113
3 0 1 1 580.527 210.955 0.79239
4 0 2 0 549.519 396.364 0.726874
5 0 2 1 372.914 440.699 0.57575
6 0 3 0 577.732 396.521 0.710411
7 0 3 1 277.603 432.281 0.570031
8 0 4 0 518.818 149.728 0.830577
9 0 5 0 406.627 208.812 0.810048
10 0 5 1 552.583 210.865 0.744305
11 0 6 0 255.123 202.463 0.787216
12 0 6 1 608.586 212.992 0.791583
13 0 6 2 33.5505 223.538 0.755914
14 0 7 0 546.862 516.652 0.732086
15 0 7 1 347.695 630.447 0.75996
16 0 8 0 36.4168 480.756 0.652326
17 0 8 1 572.234 531.359 0.787738
18 0 8 2 258.012 605.185 0.701558
19 0 9 0 375.855 122.302 0.851973
20 0 10 0 302.901 124.38 0.909515
21 0 10 1 569.232 145.552 0.886965
22 0 11 0 560.902 311.996 0.208419
23 0 11 1 440.32 345.831 0.888173
24 0 12 0 659.01 295.289 0.9078
25 0 12 1 215.941 339.482 0.853408
26 0 13 0 566.413 634.754 0.74422
27 0 13 1 328.169 765.489 0.3829
28 0 14 0 53.2004 582.068 0.812186
29 0 14 1 577.776 666.284 0.765999
30 0 14 2 235.478 765.457 0.492305
31 0 15 0 527.103 318.394 0.265796
32 0 15 1 415.068 423.867 0.721714
33 0 16 0 594.507 345.765 0.926045
34 0 16 1 19.6025 398.512 0.599771
35 0 16 2 257.981 413.218 0.67137
36 0 17 0 56.2019 605.183 0.684061
37 0 17 1 521.528 683.231 0.673414
38 0 18 0 513.225 645.224 0.748881
39 1 0 0 594.638 381.636 0.743928
40 1 0 1 681.393 398.585 0.662748
41 1 0 2 145.744 409.058 0.736366
42 1 1 0 684.173 231.921 0.872293
43 1 1 1 140.174 242.544 0.880552
44 1 1 2 611.382 242.547 0.847581
45 1 2 0 572.105 379.607 0.809209
46 1 2 1 706.734 400.626 0.688843
47 1 2 2 103.851 411.143 0.702684
48 1 3 0 44.8279 375.376 0.579683
49 1 3 1 185.011 402.797 0.684858
50 1 3 2 636.601 392.175 0.70885
51 1 4 0 58.925 174.985 0.884793
52 1 4 1 120.628 183.445 0.832552
53 1 4 2 597.382 196.195 0.907117
54 1 5 0 78.6543 240.425 0.865742
55 1 5 1 720.751 236.183 0.795747
56 1 5 2 572.158 242.398 0.93906
57 1 6 0 30.8332 217.237 0.611217
58 1 6 1 642.199 232.003 0.94062
59 1 6 2 190.844 244.547 0.887677
60 1 7 0 563.719 480.706 0.800822
61 1 7 1 687.128 531.382 0.817103
62 1 7 2 123.471 546.152 0.793255
63 1 8 0 78.3705 480.841 0.848052
64 1 8 1 614.144 510.316 0.711011
65 1 8 2 190.769 541.941 0.80898
66 1 10 0 168.157 174.969 0.91473
67 1 10 1 642.288 179.186 0.902858
68 1 11 0 532.815 278.452 0.906044
69 1 11 1 56.0891 324.693 0.868293
70 1 11 2 751.486 328.948 0.957646
71 1 12 0 221.529 328.988 0.844991
72 1 12 1 639.409 328.911 0.949088
73 1 13 0 571.956 563.062 0.838486
74 1 13 1 131.802 651.564 0.755742
75 1 13 2 681.503 651.538 0.819914
76 1 14 0 600.167 565.076 0.153709
77 1 14 1 78.5535 598.895 0.768742
78 1 14 2 608.495 659.981 0.75613
79 1 14 3 210.338 676.896 0.75423
80 1 15 0 549.658 326.87 0.952401
81 1 15 1 706.569 379.598 0.712775
82 1 15 2 58.9662 396.396 0.871289
83 1 16 0 27.9838 362.738 0.259558
84 1 16 1 616.867 394.327 0.827849
85 1 16 2 255.135 411.1 0.856142
86 1 17 0 84.155 628.419 0.342416
87 1 17 1 549.61 662.15 0.804584
88 1 17 2 210.304 704.297 0.688543
89 1 18 0 527.201 581.96 0.839897
90 1 18 1 30.7284 645.23 0.311673
91 1 18 2 645.02 647.393 0.398682
92 1 18 3 162.601 681.134 0.72238
93 2 0 0 440.217 261.498 0.814002
94 2 0 1 712.292 369 0.616228
95 2 0 2 457.098 763.355 0.223329
96 2 1 0 459.905 109.755 0.940975
97 2 1 1 748.668 223.54 0.766039
98 2 1 2 434.557 563.03 0.638115
99 2 2 0 412.255 261.413 0.788068
100 2 2 1 706.694 362.754 0.571403
101 2 2 2 426.298 765.335 0.20505
102 2 3 0 473.893 261.557 0.738665
103 2 3 1 720.715 377.419 0.676673
104 2 3 2 482.276 738.074 0.17633
105 2 3 3 485.17 759.082 0.169889
106 2 4 0 488.04 80.1763 0.868242
107 2 4 1 687.075 166.599 0.86304
108 2 4 2 546.764 546.148 0.910538
109 2 5 0 412.153 109.543 0.849011
110 2 5 1 729.245 210.907 0.668343
111 2 5 2 401.038 598.851 0.634248
112 2 6 0 507.57 113.836 0.886235
113 2 6 1 754.448 234.095 0.809453
114 2 6 2 457.132 525.056 0.302863
115 2 7 0 395.361 362.72 0.862336
116 2 7 1 687.137 474.48 0.477788
117 2 8 0 457.111 362.79 0.875724
118 2 8 1 689.84 482.939 0.652205
119 2 9 0 459.899 59.0297 0.921005
120 2 9 1 33.7348 474.44 0.679896
121 2 9 2 471.141 497.707 0.845049
122 2 10 0 737.593 162.335 0.894416
123 2 11 0 336.568 145.602 0.840118
124 2 11 1 347.866 721.185 0.855647
125 2 11 2 30.8854 765.335 0.154172
126 2 12 0 524.486 160.284 0.914315
127 2 12 1 771.056 341.57 0.853811
128 2 13 0 389.755 447.05 0.864956
129 2 13 1 684.323 550.361 0.735154
130 2 14 0 443.151 447.024 0.819118
131 2 14 1 681.514 594.627 0.792029
132 2 15 0 373.079 210.978 0.915499
133 2 15 1 126.221 756.996 0.335738
134 2 16 0 507.576 210.859 0.902056
135 2 16 1 706.653 381.637 0.911052
136 2 17 0 633.687 615.773 0.766103
137 2 18 0 375.808 480.864 0.7608
138 2 18 1 639.391 550.425 0.847148
139 3 0 0 580.509 343.737 0.750531
140 3 0 1 286.024 352.169 0.700902
141 3 0 2 846.963 554.582 0.375049
142 3 1 0 283.222 181.336 0.85235
143 3 1 1 866.512 177.241 0.784699
144 3 1 2 588.831 193.988 0.890973
145 3 2 0 558.062 343.711 0.718884
146 3 2 1 263.599 354.284 0.673414
147 3 2 2 928.23 546.153 0.34446
148 3 3 0 605.689 345.736 0.727
149 3 3 1 308.497 352.124 0.664973
150 3 3 2 774.094 546.168 0.372125
151 3 4 0 344.857 130.807 0.872291
152 3 4 1 1029.2 132.836 0.226672
153 3 4 2 1009.63 134.97 0.224136
154 3 4 3 555.244 143.447 0.925318
155 3 5 0 255.232 177.173 0.873644
156 3 5 1 978.74 181.398 0.630997
157 3 5 2 549.495 194.043 0.89809
158 3 6 0 757.166 177.195 0.733986
159 3 6 1 319.61 187.697 0.734766
160 3 6 2 622.583 193.928 0.871422
161 3 7 0 580.535 453.354 0.765007
162 3 7 1 269.248 497.627 0.739503
163 3 7 2 903.016 763.388 0.408309
164 3 8 0 616.993 457.557 0.806725
165 3 8 1 303.007 493.412 0.803738
166 3 8 2 748.657 731.715 0.57369
167 3 9 0 911.514 48.4898 0.567574
168 3 9 1 975.762 113.875 0.794005
169 3 9 2 297.207 120.226 0.848522
170 3 10 0 793.544 48.4825 0.754511
171 3 10 1 594.569 132.895 0.875377
172 3 11 0 190.612 242.401 0.91176
173 3 11 1 544.095 265.719 0.789096
174 3 11 2 1029.21 339.492 0.312274
175 3 12 0 658.982 274.115 0.86916
176 3 12 1 745.904 364.796 0.61848
177 3 13 0 600.113 550.376 0.839184
178 3 13 1 260.744 620.001 0.721307
179 3 14 0 639.551 563.042 0.783871
180 3 14 1 302.795 603.063 0.851799
181 3 15 0 238.437 303.646 0.867664
182 3 15 1 538.39 326.84 0.834151
183 3 15 2 1029.2 434.398 0.291242
184 3 16 0 616.947 335.29 0.839407
185 3 16 1 729.089 499.734 0.156915
186 3 16 2 698.32 605.221 0.682568
187 3 17 0 633.73 594.652 0.414011
188 3 17 1 364.52 617.863 0.827489
189 3 18 0 569.217 581.908 0.865216
190 3 18 1 283.296 664.167 0.666111
191 4 0 0 1029.21 297.372 0.362153
192 4 0 1 572 343.707 0.593333
193 4 1 0 552.413 113.88 0.845178
194 4 2 0 611.33 345.818 0.539684
195 4 3 0 1001.22 295.219 0.616064
196 4 3 1 530.116 339.501 0.558318
197 4 5 0 611.27 105.467 0.808394
198 4 6 0 501.929 126.518 0.828558
199 4 6 1 1029.2 139.125 0.790094
200 4 7 0 628.205 514.569 0.760374
201 4 8 0 972.987 390.088 0.80363
202 4 8 1 552.415 508.195 0.768949
203 4 9 0 594.439 37.9244 0.866808
204 4 10 0 530.035 44.2399 0.270709
205 4 10 1 1009.59 92.7677 0.714766
206 4 10 2 1029.2 92.7949 0.706694
207 4 11 0 673.082 179.214 0.850674
208 4 12 0 995.428 215.092 0.836117
209 4 12 1 443.134 223.559 0.804485
210 4 12 2 499.156 229.9 0.289637
211 4 13 0 1029.21 503.986 0.3285
212 4 13 1 619.701 664.235 0.774511
213 4 14 0 945.049 472.326 0.799289
214 4 14 1 560.858 647.32 0.760325
215 4 15 0 658.933 261.377 0.882441
216 4 16 0 527.319 274.149 0.745472
217 4 16 1 956.223 286.749 0.851508
218 4 17 0 916.979 451.291 0.740099
219 4 17 1 583.25 634.759 0.196663
220 4 18 0 1001.15 512.328 0.291187
221 4 18 1 692.661 664.225 0.793699
P viewIdx, pafIdx, aOverAllIdx, bOverAllIdx, CandidAIdx, CandidBIdx, score
0 0 2 0 0 0 0
0 0 2 1 0 1 0.992278
0 0 3 0 1 0 0.970527
0 0 3 1 1 1 0
0 1 4 14 0 0 0.985305
0 1 4 15 0 1 0
0 1 5 14 1 0 0
0 1 5 15 1 1 0.965942
0 2 14 26 0 0 0.993182
0 2 14 27 0 1 0
0 2 15 26 1 0 0
0 2 15 27 1 1 0.968899
0 3 0 4 0 0 0.942329
0 3 0 5 0 1 0
0 3 1 4 1 0 0
0 3 1 5 1 1 0.878834
0 4 0 6 0 0 0.940437
0 4 0 7 0 1 0
0 4 1 6 1 0 0
0 4 1 7 1 1 0.874524
0 5 6 16 0 0 0
0 5 6 17 0 1 0.981064
0 5 6 18 0 2 0
0 5 7 16 1 0 0
0 5 7 17 1 1 0
0 5 7 18 1 2 0.967562
0 6 16 28 0 0 0.988145
0 6 16 29 0 1 0
0 6 16 30 0 2 0
0 6 17 28 1 0 0
0 6 17 29 1 1 0.993654
0 6 17 30 1 2 0
0 6 18 28 2 0 0
0 6 18 29 2 1 0
0 6 18 30 2 2 0.970064
0 7 2 9 0 0 0.994088
0 7 2 10 0 1 0
0 7 3 9 1 0 0
0 7 3 10 1 1 0.971671
0 8 9 22 0 0 0
0 8 9 23 0 1 0.991913
0 8 10 22 1 0 0.693723
0 8 10 23 1 1 0
0 9 22 31 0 0 0.683039
0 9 22 32 0 1 0
0 9 23 31 1 0 0
0 9 23 32 1 1 0.951072
0 10 9 19 0 0 0.995149
0 10 10 19 1 0 0
0 11 2 11 0 0 0.980711
0 11 2 12 0 1 0
0 11 2 13 0 2 0
0 11 3 11 1 0 0
0 11 3 12 1 1 0.979208
0 11 3 13 1 2 0
0 12 11 24 0 0 0
0 12 11 25 0 1 0.980927
0 12 12 24 1 0 0.99562
0 12 12 25 1 1 0
0 12 13 24 2 0 0
0 12 13 25 2 1 0
0 13 24 33 0 0 0.976816
0 13 24 34 0 1 0
0 13 24 35 0 2 0
0 13 25 33 1 0 0
0 13 25 34 1 1 0
0 13 25 35 1 2 0.988227
0 14 11 20 0 0 0.982516
0 14 11 21 0 1 0
0 14 12 20 1 0 0
0 14 12 21 1 1 0.993113
0 14 13 20 2 0 0
0 14 13 21 2 1 0
0 15 2 8 0 0 0
0 15 3 8 1 0 0.996006
0 16 28 36 0 0 0.937327
0 16 28 37 0 1 0
0 16 29 36 1 0 0
0 16 29 37 1 1 0.942882
0 16 30 36 2 0 0
0 16 30 37 2 1 0
0 17 26 38 0 0 0.961384
0 17 27 38 1 0 0
1 0 42 39 0 0 0
1 0 42 40 0 1 0.989865
1 0 42 41 0 2 0
1 0 43 39 1 0 0
1 0 43 40 1 1 0
1 0 43 41 1 2 0.989739
1 0 44 39 2 0 0.960979
1 0 44 40 2 1 0
1 0 44 41 2 2 0
1 1 45 60 0 0 0.985392
1 1 45 61 0 1 0
1 1 45 62 0 2 0
1 1 46 60 1 0 0
1 1 46 61 1 1 0.960788
1 1 46 62 1 2 0
1 1 47 60 2 0 0
1 1 47 61 2 1 0
1 1 47 62 2 2 0.968239
1 2 60 73 0 0 0.984137
1 2 60 74 0 1 0
1 2 60 75 0 2 0
1 2 61 73 1 0 0
1 2 61 74 1 1 0
1 2 61 75 1 2 0.991892
1 2 62 73 2 0 0
1 2 62 74 2 1 0.997503
1 2 62 75 2 2 0
1 3 39 45 0 0 0.95798
1 3 39 46 0 1 0
1 3 39 47 0 2 0
1 3 40 45 1 0 0
1 3 40 46 1 1 0.918399
1 3 40 47 1 2 0
1 3 41 45 2 0 0
1 3 41 46 2 1 0
1 3 41 47 2 2 0.925253
1 4 39 48 0 0 0
1 4 39 49 0 1 0
1 4 39 50 0 2 0.904301
1 4 40 48 1 0 0
1 4 40 49 1 1 0
1 4 40 50 1 2 0
1 4 41 48 2 0 0
1 4 41 49 2 1 0.92022
1 4 41 50 2 2 0
1 5 48 63 0 0 0.988503
1 5 48 64 0 1 0
1 5 48 65 0 2 0
1 5 49 63 1 0 0
1 5 49 64 1 1 0
1 5 49 65 1 2 0.989427
1 5 50 63 2 0 0
1 5 50 64 2 1 0.987444
1 5 50 65 2 2 0
1 6 63 76 0 0 0
1 6 63 77 0 1 0.988677
1 6 63 78 0 2 0
1 6 63 79 0 3 0
1 6 64 76 1 0 0.494534
1 6 64 77 1 1 0
1 6 64 78 1 2 0.505466
1 6 64 79 1 3 0
1 6 65 76 2 0 0
1 6 65 77 2 1 0
1 6 65 78 2 2 0
1 6 65 79 2 3 0.99783
1 7 42 54 0 0 0
1 7 42 55 0 1 0.99176
1 7 42 56 0 2 0
1 7 43 54 1 0 0.995889
1 7 43 55 1 1 0
1 7 43 56 1 2 0
1 7 44 54 2 0 0
1 7 44 55 2 1 0
1 7 44 56 2 2 0.998079
1 8 54 68 0 0 0
1 8 54 69 0 1 0.986511
1 8 54 70 0 2 0
1 8 55 68 1 0 0
1 8 55 69 1 1 0
1 8 55 70 1 2 0.997618
1 8 56 68 2 0 0.966435
1 8 56 69 2 1 0
1 8 56 70 2 2 0
1 9 68 80 0 0 0.998464
1 9 68 81 0 1 0
1 9 68 82 0 2 0
1 9 69 80 1 0 0
1 9 69 81 1 1 0
1 9 69 82 1 2 0.99921
1 9 70 80 2 0 0
1 9 70 81 2 1 0.971491
1 9 70 82 2 2 0
1 11 42 57 0 0 0
1 11 42 58 0 1 0.968539
1 11 42 59 0 2 0
1 11 43 57 1 0 0
1 11 43 58 1 1 0
1 11 43 59 1 2 0.998679
1 11 44 57 2 0 0
1 11 44 58 2 1 0
1 11 44 59 2 2 0
1 12 57 71 0 0 0
1 12 57 72 0 1 0
1 12 58 71 1 0 0
1 12 58 72 1 1 0.991533
1 12 59 71 2 0 0.995984
1 12 59 72 2 1 0
1 13 71 83 0 0 0
1 13 71 84 0 1 0
1 13 71 85 0 2 0.990714
1 13 72 83 1 0 0
1 13 72 84 1 1 0.975204
1 13 72 85 1 2 0
1 14 57 66 0 0 0
1 14 57 67 0 1 0
1 14 58 66 1 0 0
1 14 58 67 1 1 0.997917
1 14 59 66 2 0 0.999971
1 14 59 67 2 1 0
1 15 42 51 0 0 0
1 15 42 52 0 1 0
1 15 42 53 0 2 0.472894
1 15 43 51 1 0 0
1 15 43 52 1 1 0.989698
1 15 43 53 1 2 0
1 15 44 51 2 0 0
1 15 44 52 2 1 0
1 15 44 53 2 2 0.527106
1 16 76 86 0 0 0
1 16 76 87 0 1 0
1 16 76 88 0 2 0
1 16 77 86 1 0 0.88331
1 16 77 87 1 1 0
1 16 77 88 1 2 0
1 16 78 86 2 0 0
1 16 78 87 2 1 0.988519
1 16 78 88 2 2 0
1 16 79 86 3 0 0
1 16 79 87 3 1 0
1 16 79 88 3 2 0.985792
1 17 73 89 0 0 0.960238
1 17 73 90 0 1 0
1 17 73 91 0 2 0
1 17 73 92 0 3 0
1 17 74 89 1 0 0
1 17 74 90 1 1 0
1 17 74 91 1 2 0
1 17 74 92 1 3 0.972152
1 17 75 89 2 0 0
1 17 75 90 2 1 0
1 17 75 91 2 2 0.852655
1 17 75 92 2 3 0
2 0 96 93 0 0 0.98397
2 0 96 94 0 1 0
2 0 96 95 0 2 0
2 0 97 93 1 0 0
2 0 97 94 1 1 0.966521
2 0 97 95 1 2 0
2 0 98 93 2 0 0
2 0 98 94 2 1 0
2 0 98 95 2 2 0.939113
2 1 99 115 0 0 0.979849
2 1 99 116 0 1 0
2 1 100 115 1 0 0
2 1 100 116 1 1 0.868585
2 1 101 115 2 0 0
2 1 101 116 2 1 0
2 2 115 128 0 0 0.996377
2 2 115 129 0 1 0
2 2 116 128 1 0 0
2 2 116 129 1 1 0.916814
2 3 93 99 0 0 0.95707
2 3 93 100 0 1 0
2 3 93 101 0 2 0
2 3 94 99 1 0 0
2 3 94 100 1 1 0.861668
2 3 94 101 1 2 0
2 3 95 99 2 0 0
2 3 95 100 2 1 0
2 3 95 101 2 2 0.735993
2 4 93 102 0 0 0.957586
2 4 93 103 0 1 0
2 4 93 104 0 2 0
2 4 93 105 0 3 0
2 4 94 102 1 0 0
2 4 94 103 1 1 0.872943
2 4 94 104 1 2 0
2 4 94 105 1 3 0
2 4 95 102 2 0 0
2 4 95 103 2 1 0
2 4 95 104 2 2 0.503221
2 4 95 105 2 3 0.496779
2 5 102 117 0 0 0.996468
2 5 102 118 0 1 0
2 5 103 117 1 0 0
2 5 103 118 1 1 0.956157
2 5 104 117 2 0 0
2 5 104 118 2 1 0
2 5 105 117 3 0 0
2 5 105 118 3 1 0
2 6 117 130 0 0 0.972014
2 6 117 131 0 1 0
2 6 118 130 1 0 0
2 6 118 131 1 1 0.974532
2 7 96 109 0 0 0.998069
2 7 96 110 0 1 0
2 7 96 111 0 2 0
2 7 97 109 1 0 0
2 7 97 110 1 1 0.952
2 7 97 111 1 2 0
2 7 98 109 2 0 0
2 7 98 110 2 1 0
2 7 98 111 2 2 0.935556
2 8 109 123 0 0 0.971885
2 8 109 124 0 1 0
2 8 109 125 0 2 0
2 8 110 123 1 0 0
2 8 110 124 1 1 0
2 8 110 125 1 2 0
2 8 111 123 2 0 0
2 8 111 124 2 1 0.953336
2 8 111 125 2 2 0
2 9 123 132 0 0 0.991903
2 9 123 133 0 1 0
2 9 124 132 1 0 0
2 9 124 133 1 1 0
2 9 125 132 2 0 0
2 9 125 133 2 1 0.839423
2 10 109 119 0 0 0.986867
2 10 109 120 0 1 0
2 10 109 121 0 2 0
2 10 110 119 1 0 0
2 10 110 120 1 1 0
2 10 110 121 1 2 0
2 10 111 119 2 0 0
2 10 111 120 2 1 0
2 10 111 121 2 2 0.944785
2 11 96 112 0 0 0.999202
2 11 96 113 0 1 0
2 11 96 114 0 2 0
2 11 97 112 1 0 0
2 11 97 113 1 1 0.950688
2 11 97 114 1 2 0
2 11 98 112 2 0 0
2 11 98 113 2 1 0
2 11 98 114 2 2 0.908133
2 12 112 126 0 0 0.998028
2 12 112 127 0 1 0
2 12 113 126 1 0 0
2 12 113 127 1 1 0.990147
2 12 114 126 2 0 0
2 12 114 127 2 1 0
2 13 126 134 0 0 0.981814
2 13 126 135 0 1 0
2 13 127 134 1 0 0
2 13 127 135 1 1 0.999965
2 14 112 122 0 0 0
2 14 113 122 1 0 0.98001
2 14 114 122 2 0 0
2 15 96 106 0 0 0.935218
2 15 96 107 0 1 0
2 15 96 108 0 2 0
2 15 97 106 1 0 0
2 15 97 107 1 1 0.997617
2 15 97 108 1 2 0
2 15 98 106 2 0 0
2 15 98 107 2 1 0
2 15 98 108 2 2 0.967622
2 16 130 136 0 0 0
2 16 131 136 1 0 0.95545
2 17 128 137 0 0 0.956829
2 17 128 138 0 1 0
2 17 129 137 1 0 0
2 17 129 138 1 1 0.918655
3 0 142 139 0 0 0
3 0 142 140 0 1 0.990519
3 0 142 141 0 2 0
3 0 143 139 1 0 0
3 0 143 140 1 1 0
3 0 143 141 1 2 0.945027
3 0 144 139 2 0 0.972064
3 0 144 140 2 1 0
3 0 144 141 2 2 0
3 1 145 161 0 0 0.991203
3 1 145 162 0 1 0
3 1 145 163 0 2 0
3 1 146 161 1 0 0
3 1 146 162 1 1 0.958554
3 1 146 163 1 2 0
3 1 147 161 2 0 0
3 1 147 162 2 1 0
3 1 147 163 2 2 0.967698
3 2 161 177 0 0 0.985988
3 2 161 178 0 1 0
3 2 162 177 1 0 0
3 2 162 178 1 1 0.997297
3 2 163 177 2 0 0
3 2 163 178 2 1 0
3 3 139 145 0 0 0.955794
3 3 139 146 0 1 0
3 3 139 147 0 2 0
3 3 140 145 1 0 0
3 3 140 146 1 1 0.921106
3 3 140 147 1 2 0
3 3 141 145 2 0 0
3 3 141 146 2 1 0
3 3 141 147 2 2 0.813947
3 4 139 148 0 0 0.957967
3 4 139 149 0 1 0
3 4 139 150 0 2 0
3 4 140 148 1 0 0
3 4 140 149 1 1 0.924187
3 4 140 150 1 2 0
3 4 141 148 2 0 0
3 4 141 149 2 1 0
3 4 141 150 2 2 0.822587
3 5 148 164 0 0 0.978594
3 5 148 165 0 1 0
3 5 148 166 0 2 0
3 5 149 164 1 0 0
3 5 149 165 1 1 0.986439
3 5 149 166 1 2 0
3 5 150 164 2 0 0
3 5 150 165 2 1 0
3 5 150 166 2 2 0.95022
3 6 164 179 0 0 0.990406
3 6 164 180 0 1 0
3 6 165 179 1 0 0
3 6 165 180 1 1 0.99474
3 6 166 179 2 0 0
3 6 166 180 2 1 0
3 7 142 155 0 0 0.992615
3 7 142 156 0 1 0
3 7 142 157 0 2 0
3 7 143 155 1 0 0
3 7 143 156 1 1 0.954677
3 7 143 157 1 2 0
3 7 144 155 2 0 0
3 7 144 156 2 1 0
3 7 144 157 2 2 0.998987
3 8 155 172 0 0 0.986814
3 8 155 173 0 1 0
3 8 155 174 0 2 0
3 8 156 172 1 0 0
3 8 156 173 1 1 0
3 8 156 174 1 2 0.935882
3 8 157 172 2 0 0
3 8 157 173 2 1 0.991214
3 8 157 174 2 2 0
3 9 172 181 0 0 0.99108
3 9 172 182 0 1 0
3 9 172 183 0 2 0
3 9 173 181 1 0 0
3 9 173 182 1 1 0.984868
3 9 173 183 1 2 0
3 9 174 181 2 0 0
3 9 174 182 2 1 0
3 9 174 183 2 2 0.821341
3 10 155 167 0 0 0
3 10 155 168 0 1 0
3 10 155 169 0 2 0.98673
3 10 156 167 1 0 0.487814
3 10 156 168 1 1 0.512186
3 10 156 169 1 2 0
3 10 157 167 2 0 0
3 10 157 168 2 1 0
3 10 157 169 2 2 0
3 11 142 158 0 0 0
3 11 142 159 0 1 0.987723
3 11 142 160 0 2 0
3 11 143 158 1 0 0.972226
3 11 143 159 1 1 0
3 11 143 160 1 2 0
3 11 144 158 2 0 0
3 11 144 159 2 1 0
3 11 144 160 2 2 0.998994
3 12 158 175 0 0 0
3 12 158 176 0 1 0.961974
3 12 159 175 1 0 0
3 12 159 176 1 1 0
3 12 160 175 2 0 0.996489
3 12 160 176 2 1 0
3 13 175 184 0 0 0.990632
3 13 175 185 0 1 0
3 13 175 186 0 2 0
3 13 176 184 1 0 0
3 13 176 185 1 1 0.51015
3 13 176 186 1 2 0.48985
3 14 158 170 0 0 0.98013
3 14 158 171 0 1 0
3 14 159 170 1 0 0
3 14 159 171 1 1 0
3 14 160 170 2 0 0
3 14 160 171 2 1 0.99617
3 15 142 151 0 0 0.970165
3 15 142 152 0 1 0
3 15 142 153 0 2 0
3 15 142 154 0 3 0
3 15 143 151 1 0 0
3 15 143 152 1 1 0
3 15 143 153 1 2 0
3 15 143 154 1 3 0
3 15 144 151 2 0 0
3 15 144 152 2 1 0
3 15 144 153 2 2 0
3 15 144 154 2 3 0.988337
3 16 179 187 0 0 0.956138
3 16 179 188 0 1 0
3 16 180 187 1 0 0
3 16 180 188 1 1 0.998673
3 17 177 189 0 0 0.971733
3 17 177 190 0 1 0
3 17 178 189 1 0 0
3 17 178 190 1 1 0.926863
4 0 193 191 0 0 0
4 0 193 192 0 1 0.993965
4 1 194 200 0 0 0.984566
4 2 200 211 0 0 0
4 2 200 212 0 1 0.990961
4 3 191 194 0 0 0
4 3 192 194 1 0 0.882727
4 4 191 195 0 0 0.853011
4 4 191 196 0 1 0
4 4 192 195 1 0 0
4 4 192 196 1 1 0.89259
4 5 195 201 0 0 0.977496
4 5 195 202 0 1 0
4 5 196 201 1 0 0
4 5 196 202 1 1 0.963822
4 6 201 213 0 0 0.990477
4 6 201 214 0 1 0
4 6 202 213 1 0 0
4 6 202 214 1 1 0.985533
4 7 193 197 0 0 0.978782
4 8 197 207 0 0 0.995657
4 9 207 215 0 0 0.995615
4 10 197 203 0 0 0.994138
4 11 193 198 0 0 0.96081
4 11 193 199 0 1 0
4 12 198 208 0 0 0
4 12 198 209 0 1 0.507839
4 12 198 210 0 2 0.492161
4 12 199 208 1 0 0.990047
4 12 199 209 1 1 0
4 12 199 210 1 2 0
4 13 208 216 0 0 0
4 13 208 217 0 1 0.996855
4 13 209 216 1 0 0.508036
4 13 209 217 1 1 0
4 13 210 216 2 0 0.491964
4 13 210 217 2 1 0
4 14 198 204 0 0 0.77867
4 14 198 205 0 1 0
4 14 198 206 0 2 0
4 14 199 204 1 0 0
4 14 199 205 1 1 0.494732
4 14 199 206 1 2 0.502709
4 16 213 218 0 0 0.957685
4 16 213 219 0 1 0
4 16 214 218 1 0 0
4 16 214 219 1 1 0.738723
4 17 211 220 0 0 0.768696
4 17 211 221 0 1 0
4 17 212 220 1 0 0
4 17 212 221 1 1 0.966804
E jointIdx viewA viewB aOverAllIdx bOverallIdx score
0 0 1 0 39 0.384653
0 0 1 0 40 0.147374
0 0 1 0 41 0.261885
0 0 1 1 39 0.290845
0 0 1 1 40 0.728298
0 0 1 1 41 -1
0 0 2 0 93 0.940648
0 0 2 0 94 -1
0 0 2 0 95 -1
0 0 2 1 93 -1
0 0 2 1 94 0.898774
0 0 2 1 95 -1
0 0 3 0 139 -1
0 0 3 0 140 0.711344
0 0 3 0 141 -1
0 0 3 1 139 0.944251
0 0 3 1 140 -1
0 0 3 1 141 -1
0 0 4 0 191 -1
0 0 4 0 192 0.942564
0 0 4 1 191 -1
0 0 4 1 192 -1
0 1 2 39 93 0.879254
0 1 2 39 94 0.546777
0 1 2 39 95 -1
0 1 2 40 93 -1
0 1 2 40 94 0.665537
0 1 2 40 95 -1
0 1 2 41 93 -1
0 1 2 41 94 -1
0 1 2 41 95 0.289781
0 1 3 39 139 0.83207
0 1 3 39 140 0.653886
0 1 3 39 141 -1
0 1 3 40 139 0.846192
0 1 3 40 140 0.581794
0 1 3 40 141 -1
0 1 3 41 139 -1
0 1 3 41 140 -1
0 1 3 41 141 -1
0 1 4 39 191 -1
0 1 4 39 192 0.883415
0 1 4 40 191 -1
0 1 4 40 192 -1
0 1 4 41 191 0.632013
0 1 4 41 192 -1
0 2 3 93 139 -1
0 2 3 93 140 0.830849
0 2 3 93 141 -1
0 2 3 94 139 0.836106
0 2 3 94 140 -1
0 2 3 94 141 -1
0 2 3 95 139 -1
0 2 3 95 140 -1
0 2 3 95 141 0.773312
0 2 4 93 191 -1
0 2 4 93 192 0.971587
0 2 4 94 191 -1
0 2 4 94 192 0.0471725
0 2 4 95 191 0.989253
0 2 4 95 192 -1
0 3 4 139 191 -1
0 3 4 139 192 -1
0 3 4 140 191 0.323635
0 3 4 140 192 0.654388
0 3 4 141 191 -1
0 3 4 141 192 -1
1 0 1 2 42 0.265103
1 0 1 2 43 0.192202
1 0 1 2 44 0.230661
1 0 1 3 42 0.213102
1 0 1 3 43 0.232426
1 0 1 3 44 0.249322
1 0 2 2 96 -1
1 0 2 2 97 0.932645
1 0 2 2 98 -1
1 0 2 3 96 0.985734
1 0 2 3 97 -1
1 0 2 3 98 -1
1 0 3 2 142 0.504119
1 0 3 2 143 -1
1 0 3 2 144 0.552151
1 0 3 3 142 0.495881
1 0 3 3 143 -1
1 0 3 3 144 0.447849
1 0 4 2 193 0.28547
1 0 4 3 193 0.71453
1 1 2 42 96 -1
1 1 2 42 97 0.712912
1 1 2 42 98 -1
1 1 2 43 96 -1
1 1 2 43 97 -1
1 1 2 43 98 0.681038
1 1 2 44 96 0.991281
1 1 2 44 97 0.325517
1 1 2 44 98 -1
1 1 3 42 142 0.157089
1 1 3 42 143 0.191136
1 1 3 42 144 0.165769
1 1 3 43 142 0.161964
1 1 3 43 143 0.192722
1 1 3 43 144 0.160387
1 1 3 44 142 0.180796
1 1 3 44 143 0.120761
1 1 3 44 144 0.173802
1 1 4 42 193 0.662094
1 1 4 43 193 -1
1 1 4 44 193 0.931661
1 2 3 96 142 0.973505
1 2 3 96 143 -1
1 2 3 96 144 -1
1 2 3 97 142 -1
1 2 3 97 143 -1
1 2 3 97 144 0.91603
1 2 3 98 142 -1
1 2 3 98 143 -1
1 2 3 98 144 -1
1 2 4 96 193 0.879951
1 2 4 97 193 0.193841
1 2 4 98 193 -1
1 3 4 142 193 0.53347
1 3 4 143 193 0.25293
1 3 4 144 193 0.213601
2 0 1 4 45 0.524176
2 0 1 4 46 0.140726
2 0 1 4 47 0.253667
2 0 1 5 45 0.16389
2 0 1 5 46 0.775528
2 0 1 5 47 -1
2 0 2 4 99 0.748575
2 0 2 4 100 -1
2 0 2 4 101 -1
2 0 2 5 99 -1
2 0 2 5 100 0.682805
2 0 2 5 101 -1
2 0 3 4 145 -1
2 0 3 4 146 0.511186
2 0 3 4 147 -1
2 0 3 5 145 0.981852
2 0 3 5 146 -1
2 0 3 5 147 -1
2 0 4 4 194 0.752884
2 0 4 5 194 0.247116
2 1 2 45 99 0.823771
2 1 2 45 100 0.241958
2 1 2 45 101 -1
2 1 2 46 99 -1
2 1 2 46 100 0.441796
2 1 2 46 101 -1
2 1 2 47 99 -1
2 1 2 47 100 -1
2 1 2 47 101 0.781576
2 1 3 45 145 0.935182
2 1 3 45 146 0.600424
2 1 3 45 147 -1
2 1 3 46 145 0.848883
2 1 3 46 146 0.634082
2 1 3 46 147 -1
2 1 3 47 145 -1
2 1 3 47 146 -1
2 1 3 47 147 -1
2 1 4 45 194 0.964776
2 1 4 46 194 -1
2 1 4 47 194 -1
2 2 3 99 145 -1
2 2 3 99 146 0.78284
2 2 3 99 147 -1
2 2 3 100 145 0.653974
2 2 3 100 146 -1
2 2 3 100 147 -1
2 2 3 101 145 -1
2 2 3 101 146 -1
2 2 3 101 147 0.477256
2 2 4 99 194 0.850949
2 2 4 100 194 -1
2 2 4 101 194 -1
2 3 4 145 194 -1
2 3 4 146 194 0.615032
2 3 4 147 194 -1
3 0 1 6 48 -1
3 0 1 6 49 0.341158
3 0 1 6 50 0.424868
3 0 1 7 48 -1
3 0 1 7 49 -1
3 0 1 7 50 0.575132
3 0 2 6 102 0.929393
3 0 2 6 103 -1
3 0 2 6 104 -1
3 0 2 6 105 -1
3 0 2 7 102 -1
3 0 2 7 103 0.936541
3 0 2 7 104 -1
3 0 2 7 105 -1
3 0 3 6 148 -1
3 0 3 6 149 0.9234
3 0 3 6 150 -1
3 0 3 7 148 0.963206
3 0 3 7 149 -1
3 0 3 7 150 -1
3 0 4 6 195 -1
3 0 4 6 196 0.762146
3 0 4 7 195 -1
3 0 4 7 196 -1
3 1 2 48 102 -1
3 1 2 48 103 -1
3 1 2 48 104 0.311483
3 1 2 48 105 0.549689
3 1 2 49 102 -1
3 1 2 49 103 -1
3 1 2 49 104 0.0751756
3 1 2 49 105 -1
3 1 2 50 102 0.989191
3 1 2 50 103 0.964805
3 1 2 50 104 -1
3 1 2 50 105 -1
3 1 3 48 148 -1
3 1 3 48 149 -1
3 1 3 48 150 0.599522
3 1 3 49 148 -1
3 1 3 49 149 -1
3 1 3 49 150 -1
3 1 3 50 148 0.777178
3 1 3 50 149 0.609276
3 1 3 50 150 -1
3 1 4 48 195 -1
3 1 4 48 196 -1
3 1 4 49 195 0.621105
3 1 4 49 196 -1
3 1 4 50 195 -1
3 1 4 50 196 0.922504
3 2 3 102 148 -1
3 2 3 102 149 0.890643
3 2 3 102 150 -1
3 2 3 103 148 0.963015
3 2 3 103 149 -1
3 2 3 103 150 -1
3 2 3 104 148 -1
3 2 3 104 149 -1
3 2 3 104 150 0.200316
3 2 3 105 148 -1
3 2 3 105 149 -1
3 2 3 105 150 -1
3 2 4 102 195 -1
3 2 4 102 196 0.903557
3 2 4 103 195 -1
3 2 4 103 196 0.803936
3 2 4 104 195 0.894078
3 2 4 104 196 -1
3 2 4 105 195 0.751195
3 2 4 105 196 -1
3 3 4 148 195 -1
3 3 4 148 196 -1
3 3 4 149 195 0.3267
3 3 4 149 196 0.6733
3 3 4 150 195 -1
3 3 4 150 196 -1
4 0 1 8 51 0.270126
4 0 1 8 52 0.173178
4 0 1 8 53 0.556695
4 0 2 8 106 0.970702
4 0 2 8 107 -1
4 0 2 8 108 -1
4 0 3 8 151 0.955341
4 0 3 8 152 -1
4 0 3 8 153 -1
4 0 3 8 154 0.299088
4 1 2 51 106 -1
4 1 2 51 107 -1
4 1 2 51 108 0.545541
4 1 2 52 106 -1
4 1 2 52 107 -1
4 1 2 52 108 0.817876
4 1 2 53 106 0.990711
4 1 2 53 107 0.623689
4 1 2 53 108 -1
4 1 3 51 151 -1
4 1 3 51 152 0.966574
4 1 3 51 153 0.95722
4 1 3 51 154 0.052399
4 1 3 52 151 0.11128
4 1 3 52 152 0.336289
4 1 3 52 153 0.37644
4 1 3 52 154 0.134693
4 1 3 53 151 0.968698
4 1 3 53 152 -1
4 1 3 53 153 -1
4 1 3 53 154 0.684161
4 2 3 106 151 0.861483
4 2 3 106 152 -1
4 2 3 106 153 -1
4 2 3 106 154 -1
4 2 3 107 151 -1
4 2 3 107 152 -1
4 2 3 107 153 -1
4 2 3 107 154 0.935718
4 2 3 108 151 -1
4 2 3 108 152 0.919952
4 2 3 108 153 0.756772
4 2 3 108 154 -1
5 0 1 9 54 0.171966
5 0 1 9 55 0.25098
5 0 1 9 56 0.227435
5 0 1 10 54 0.201
5 0 1 10 55 0.217074
5 0 1 10 56 0.240448
5 0 2 9 109 -1
5 0 2 9 110 0.640449
5 0 2 9 111 -1
5 0 2 10 109 0.908437
5 0 2 10 110 -1
5 0 2 10 111 -1
5 0 3 9 155 0.54931
5 0 3 9 156 -1
5 0 3 9 157 0.530668
5 0 3 10 155 0.45069
5 0 3 10 156 -1
5 0 3 10 157 0.469332
5 0 4 9 197 0.375435
5 0 4 10 197 0.624565
5 1 2 54 109 -1
5 1 2 54 110 -1
5 1 2 54 111 0.954163
5 1 2 55 109 -1
5 1 2 55 110 0.405924
5 1 2 55 111 -1
5 1 2 56 109 0.892703
5 1 2 56 110 -1
5 1 2 56 111 -1
5 1 3 54 155 0.150174
5 1 3 54 156 0.218148
5 1 3 54 157 0.155672
5 1 3 55 155 0.175511
5 1 3 55 156 0.148006
5 1 3 55 157 0.158495
5 1 3 56 155 0.164375
5 1 3 56 156 0.128454
5 1 3 56 157 0.176841
5 1 4 54 197 -1
5 1 4 55 197 -1
5 1 4 56 197 0.885721
5 2 3 109 155 0.954501
5 2 3 109 156 -1
5 2 3 109 157 -1
5 2 3 110 155 -1
5 2 3 110 156 -1
5 2 3 110 157 0.725587
5 2 3 111 155 -1
5 2 3 111 156 0.581494
5 2 3 111 157 -1
5 2 4 109 197 0.910363
5 2 4 110 197 0.773735
5 2 4 111 197 -1
5 3 4 155 197 0.719163
5 3 4 156 197 0.0412654
5 3 4 157 197 0.239571
6 0 1 11 57 0.40892
6 0 1 11 58 0.201391
6 0 1 11 59 0.0780237
6 0 1 12 57 -1
6 0 1 12 58 0.248608
6 0 1 12 59 0.366138
6 0 1 13 57 0.319791
6 0 1 13 58 0.148145
6 0 1 13 59 0.2094
6 0 2 11 112 -1
6 0 2 11 113 0.878367
6 0 2 11 114 -1
6 0 2 12 112 0.910413
6 0 2 12 113 -1
6 0 2 12 114 -1
6 0 2 13 112 -1
6 0 2 13 113 -1
6 0 2 13 114 -1
6 0 3 11 158 -1
6 0 3 11 159 0.242328
6 0 3 11 160 0.364171
6 0 3 12 158 -1
6 0 3 12 159 0.381033
6 0 3 12 160 0.280382
6 0 3 13 158 0.312267
6 0 3 13 159 0.144901
6 0 3 13 160 0.136748
6 0 4 11 198 0.315166
6 0 4 11 199 0.147589
6 0 4 12 198 0.588298
6 0 4 12 199 0.121128
6 0 4 13 198 0.0515365
6 0 4 13 199 0.722018
6 1 2 57 112 -1
6 1 2 57 113 -1
6 1 2 57 114 -1
6 1 2 58 112 0.7503
6 1 2 58 113 0.957032
6 1 2 58 114 -1
6 1 2 59 112 -1
6 1 2 59 113 -1
6 1 2 59 114 0.570992
6 1 3 57 158 0.218355
6 1 3 57 159 0.133119
6 1 3 57 160 0.135634
6 1 3 58 158 0.138229
6 1 3 58 159 0.156878
6 1 3 58 160 0.181443
6 1 3 59 158 0.115414
6 1 3 59 159 0.19664
6 1 3 59 160 0.165094
6 1 4 57 198 -1
6 1 4 57 199 0.786878
6 1 4 58 198 0.592905
6 1 4 58 199 -1
6 1 4 59 198 -1
6 1 4 59 199 0.992309
6 2 3 112 158 -1
6 2 3 112 159 0.930179
6 2 3 112 160 -1
6 2 3 113 158 -1
6 2 3 113 159 -1
6 2 3 113 160 0.858747
6 2 3 114 158 -1
6 2 3 114 159 -1
6 2 3 114 160 -1
6 2 4 112 198 0.884935
6 2 4 112 199 -1
6 2 4 113 198 -1
6 2 4 113 199 -1
6 2 4 114 198 -1
6 2 4 114 199 0.928985
6 3 4 158 198 0.285372
6 3 4 158 199 0.205239
6 3 4 159 198 0.27446
6 3 4 159 199 0.224057
6 3 4 160 198 0.201639
6 3 4 160 199 0.349637
7 0 1 14 60 0.846626
7 0 1 14 61 -1
7 0 1 14 62 0.83636
7 0 1 15 60 -1
7 0 1 15 61 0.951804
7 0 1 15 62 -1
7 0 2 14 115 0.930812
7 0 2 14 116 -1
7 0 2 15 115 -1
7 0 2 15 116 0.778574
7 0 3 14 161 -1
7 0 3 14 162 0.916708
7 0 3 14 163 -1
7 0 3 15 161 0.930291
7 0 3 15 162 -1
7 0 3 15 163 -1
7 0 4 14 200 0.863018
7 0 4 15 200 -1
7 1 2 60 115 0.55128
7 1 2 60 116 0.448719
7 1 2 61 115 -1
7 1 2 61 116 0.448469
7 1 2 62 115 -1
7 1 2 62 116 -1
7 1 3 60 161 0.721199
7 1 3 60 162 0.750949
7 1 3 60 163 -1
7 1 3 61 161 0.954114
7 1 3 61 162 0.35695
7 1 3 61 163 -1
7 1 3 62 161 -1
7 1 3 62 162 -1
7 1 3 62 163 -1
7 1 4 60 200 0.917107
7 1 4 61 200 -1
7 1 4 62 200 -1
7 2 3 115 161 -1
7 2 3 115 162 0.998486
7 2 3 115 163 -1
7 2 3 116 161 0.657357
7 2 3 116 162 -1
7 2 3 116 163 -1
7 2 4 115 200 0.80883
7 2 4 116 200 -1
7 3 4 161 200 -1
7 3 4 162 200 0.650889
7 3 4 163 200 -1
8 0 1 16 63 0.467004
8 0 1 16 64 -1
8 0 1 16 65 -1
8 0 1 17 63 -1
8 0 1 17 64 0.128652
8 0 1 17 65 0.724239
8 0 1 18 63 -1
8 0 1 18 64 0.588558
8 0 1 18 65 -1
8 0 2 16 117 -1
8 0 2 16 118 -1
8 0 2 17 117 0.833983
8 0 2 17 118 -1
8 0 2 18 117 -1
8 0 2 18 118 0.78606
8 0 3 16 164 -1
8 0 3 16 165 -1
8 0 3 16 166 0.963951
8 0 3 17 164 -1
8 0 3 17 165 0.794385
8 0 3 17 166 -1
8 0 3 18 164 0.861886
8 0 3 18 165 -1
8 0 3 18 166 -1
8 0 4 16 201 0.388333
8 0 4 16 202 -1
8 0 4 17 201 -1
8 0 4 17 202 0.611111
8 0 4 18 201 -1
8 0 4 18 202 -1
8 1 2 63 117 -1
8 1 2 63 118 -1
8 1 2 64 117 0.347624
8 1 2 64 118 0.652376
8 1 2 65 117 -1
8 1 2 65 118 -1
8 1 3 63 164 -1
8 1 3 63 165 -1
8 1 3 63 166 0.468643
8 1 3 64 164 0.712995
8 1 3 64 165 0.428574
8 1 3 64 166 -1
8 1 3 65 164 -1
8 1 3 65 165 -1
8 1 3 65 166 -1
8 1 4 63 201 -1
8 1 4 63 202 -1
8 1 4 64 201 -1
8 1 4 64 202 0.802763
8 1 4 65 201 0.810726
8 1 4 65 202 -1
8 2 3 117 164 -1
8 2 3 117 165 0.976674
8 2 3 117 166 -1
8 2 3 118 164 0.890645
8 2 3 118 165 -1
8 2 3 118 166 -1
8 2 4 117 201 -1
8 2 4 117 202 0.878103
8 2 4 118 201 -1
8 2 4 118 202 -1
8 3 4 164 201 -1
8 3 4 164 202 -1
8 3 4 165 201 0.517533
8 3 4 165 202 0.482467
8 3 4 166 201 -1
8 3 4 166 202 -1
9 0 2 19 119 0.23174
9 0 2 19 120 -1
9 0 2 19 121 -1
9 0 3 19 167 -1
9 0 3 19 168 -1
9 0 3 19 169 -1
9 0 4 19 203 0.379901
9 2 3 119 167 -1
9 2 3 119 168 -1
9 2 3 119 169 0.928348
9 2 3 120 167 0.969028
9 2 3 120 168 0.118242
9 2 3 120 169 -1
9 2 3 121 167 -1
9 2 3 121 168 0.898642
9 2 3 121 169 -1
9 2 4 119 203 0.964989
9 2 4 120 203 -1
9 2 4 121 203 -1
9 3 4 167 203 0.646448
9 3 4 168 203 -1
9 3 4 169 203 0.93999
10 0 1 20 66 -1
10 0 1 20 67 0.673394
10 0 1 21 66 0.592401
10 0 1 21 67 0.276752
10 0 2 20 122 0.91988
10 0 2 21 122 -1
10 0 3 20 170 -1
10 0 3 20 171 0.885273
10 0 3 21 170 -1
10 0 3 21 171 -1
10 0 4 20 204 -1
10 0 4 20 205 -1
10 0 4 20 206 -1
10 0 4 21 204 0.7758
10 0 4 21 205 -1
10 0 4 21 206 -1
10 1 2 66 122 -1
10 1 2 67 122 0.890005
10 1 3 66 170 0.190472
10 1 3 66 171 0.296094
10 1 3 67 170 -1
10 1 3 67 171 0.703906
10 1 4 66 204 -1
10 1 4 66 205 0.830003
10 1 4 66 206 0.708533
10 1 4 67 204 0.816619
10 1 4 67 205 -1
10 1 4 67 206 -1
10 2 3 122 170 0.149915
10 2 3 122 171 0.850085
10 2 4 122 204 -1
10 2 4 122 205 -1
10 2 4 122 206 -1
10 3 4 170 204 0.185262
10 3 4 170 205 -1
10 3 4 170 206 -1
10 3 4 171 204 0.131814
10 3 4 171 205 0.435007
10 3 4 171 206 0.433178
11 0 1 22 68 -1
11 0 1 22 69 0.230106
11 0 1 22 70 0.412348
11 0 1 23 68 -1
11 0 1 23 69 -1
11 0 1 23 70 0.587652
11 0 2 22 123 -1
11 0 2 22 124 -1
11 0 2 22 125 -1
11 0 2 23 123 -1
11 0 2 23 124 -1
11 0 2 23 125 -1
11 0 3 22 172 -1
11 0 3 22 173 0.351818
11 0 3 22 174 -1
11 0 3 23 172 -1
11 0 3 23 173 0.648182
11 0 3 23 174 -1
11 0 4 22 207 -1
11 0 4 23 207 -1
11 1 2 68 123 0.861323
11 1 2 68 124 -1
11 1 2 68 125 -1
11 1 2 69 123 -1
11 1 2 69 124 0.746831
11 1 2 69 125 -1
11 1 2 70 123 -1
11 1 2 70 124 -1
11 1 2 70 125 -1
11 1 3 68 172 0.943161
11 1 3 68 173 0.442161
11 1 3 68 174 -1
11 1 3 69 172 -1
11 1 3 69 173 -1
11 1 3 69 174 0.990942
11 1 3 70 172 -1
11 1 3 70 173 0.890783
11 1 3 70 174 -1
11 1 4 68 207 0.455287
11 1 4 69 207 0.118048
11 1 4 70 207 0.426665
11 2 3 123 172 0.82589
11 2 3 123 173 -1
11 2 3 123 174 -1
11 2 3 124 172 -1
11 2 3 124 173 -1
11 2 3 124 174 0.864203
11 2 3 125 172 -1
11 2 3 125 173 -1
11 2 3 125 174 0.832284
11 2 4 123 207 0.89038
11 2 4 124 207 -1
11 2 4 125 207 -1
11 3 4 172 207 0.949928
11 3 4 173 207 0.494512
11 3 4 174 207 -1
12 0 1 24 71 0.324106
12 0 1 24 72 0.271583
12 0 1 25 71 0.311781
12 0 1 25 72 0.532663
12 0 2 24 126 0.955651
12 0 2 24 127 -1
12 0 2 25 126 -1
12 0 2 25 127 0.971511
12 0 3 24 175 -1
12 0 3 24 176 -1
12 0 3 25 175 0.972866
12 0 3 25 176 -1
12 0 4 24 208 -1
12 0 4 24 209 0.80611
12 0 4 24 210 0.766745
12 0 4 25 208 0.100611
12 0 4 25 209 0.19389
12 0 4 25 210 0.233255
12 1 2 71 126 -1
12 1 2 71 127 -1
12 1 2 72 126 -1
12 1 2 72 127 0.959007
12 1 3 71 175 -1
12 1 3 71 176 0.610943
12 1 3 72 175 0.964437
12 1 3 72 176 -1
12 1 4 71 208 0.920527
12 1 4 71 209 -1
12 1 4 71 210 -1
12 1 4 72 208 -1
12 1 4 72 209 0.0866433
12 1 4 72 210 0.445971
12 2 3 126 175 -1
12 2 3 126 176 -1
12 2 3 127 175 0.986827
12 2 3 127 176 -1
12 2 4 126 208 -1
12 2 4 126 209 0.965533
12 2 4 126 210 0.37917
12 2 4 127 208 -1
12 2 4 127 209 -1
12 2 4 127 210 -1
12 3 4 175 208 0.128096
12 3 4 175 209 0.440949
12 3 4 175 210 0.430955
12 3 4 176 208 0.44269
12 3 4 176 209 -1
12 3 4 176 210 -1
13 0 1 26 73 0.975838
13 0 1 26 74 0.404533
13 0 1 26 75 -1
13 0 1 27 73 -1
13 0 1 27 74 -1
13 0 1 27 75 0.567757
13 0 2 26 128 0.79148
13 0 2 26 129 -1
13 0 2 27 128 -1
13 0 2 27 129 0.746135
13 0 3 26 177 -1
13 0 3 26 178 0.930725
13 0 3 27 177 0.73062
13 0 3 27 178 -1
13 0 4 26 211 -1
13 0 4 26 212 0.979803
13 0 4 27 211 -1
13 0 4 27 212 -1
13 1 2 73 128 0.413143
13 1 2 73 129 0.586857
13 1 2 74 128 -1
13 1 2 74 129 -1
13 1 2 75 128 0.311896
13 1 2 75 129 0.688104
13 1 3 73 177 0.150465
13 1 3 73 178 0.849535
13 1 3 74 177 -1
13 1 3 74 178 -1
13 1 3 75 177 0.937838
13 1 3 75 178 -1
13 1 4 73 211 -1
13 1 4 73 212 0.717427
13 1 4 74 211 0.56899
13 1 4 74 212 -1
13 1 4 75 211 -1
13 1 4 75 212 -1
13 2 3 128 177 -1
13 2 3 128 178 0.860826
13 2 3 129 177 0.986543
13 2 3 129 178 -1
13 2 4 128 211 -1
13 2 4 128 212 0.96669
13 2 4 129 211 -1
13 2 4 129 212 -1
13 3 4 177 211 -1
13 3 4 177 212 -1
13 3 4 178 211 0.54613
13 3 4 178 212 0.45387
14 0 1 28 76 0.0888489
14 0 1 28 77 0.680065
14 0 1 28 78 -1
14 0 1 28 79 -1
14 0 1 29 76 0.562131
14 0 1 29 77 -1
14 0 1 29 78 -1
14 0 1 29 79 0.947682
14 0 1 30 76 -1
14 0 1 30 77 -1
14 0 1 30 78 0.834083
14 0 1 30 79 -1
14 0 2 28 130 -1
14 0 2 28 131 0.840856
14 0 2 29 130 0.8863
14 0 2 29 131 -1
14 0 2 30 130 -1
14 0 2 30 131 0.848385
14 0 3 28 179 -1
14 0 3 28 180 -1
14 0 3 29 179 -1
14 0 3 29 180 0.997962
14 0 3 30 179 0.969363
14 0 3 30 180 -1
14 0 4 28 213 0.462973
14 0 4 28 214 -1
14 0 4 29 213 -1
14 0 4 29 214 0.900584
14 0 4 30 213 -1
14 0 4 30 214 -1
14 1 2 76 130 0.713112
14 1 2 76 131 -1
14 1 2 77 130 -1
14 1 2 77 131 -1
14 1 2 78 130 -1
14 1 2 78 131 0.982419
14 1 2 79 130 -1
14 1 2 79 131 -1
14 1 3 76 179 -1
14 1 3 76 180 0.735745
14 1 3 77 179 -1
14 1 3 77 180 -1
14 1 3 78 179 0.874637
14 1 3 78 180 -1
14 1 3 79 179 -1
14 1 3 79 180 -1
14 1 4 76 213 -1
14 1 4 76 214 0.994603
14 1 4 77 213 -1
14 1 4 77 214 -1
14 1 4 78 213 -1
14 1 4 78 214 0.46066
14 1 4 79 213 0.979929
14 1 4 79 214 -1
14 2 3 130 179 -1
14 2 3 130 180 0.885315
14 2 3 131 179 0.872743
14 2 3 131 180 -1
14 2 4 130 213 -1
14 2 4 130 214 0.983919
14 2 4 131 213 -1
14 2 4 131 214 -1
14 3 4 179 213 -1
14 3 4 179 214 -1
14 3 4 180 213 0.351223
14 3 4 180 214 0.648777
15 0 1 31 80 0.935005
15 0 1 31 81 -1
15 0 1 31 82 -1
15 0 1 32 80 -1
15 0 1 32 81 0.794867
15 0 1 32 82 -1
15 0 2 31 132 0.854597
15 0 2 31 133 -1
15 0 2 32 132 -1
15 0 2 32 133 -1
15 0 3 31 181 0.935519
15 0 3 31 182 -1
15 0 3 31 183 -1
15 0 3 32 181 -1
15 0 3 32 182 0.921064
15 0 3 32 183 -1
15 0 4 31 215 0.926344
15 0 4 32 215 -1
15 1 2 80 132 0.970454
15 1 2 80 133 -1
15 1 2 81 132 -1
15 1 2 81 133 -1
15 1 2 82 132 -1
15 1 2 82 133 0.429904
15 1 3 80 181 0.927
15 1 3 80 182 0.232562
15 1 3 80 183 -1
15 1 3 81 181 -1
15 1 3 81 182 0.849397
15 1 3 81 183 -1
15 1 3 82 181 -1
15 1 3 82 182 -1
15 1 3 82 183 0.931405
15 1 4 80 215 0.892455
15 1 4 81 215 -1
15 1 4 82 215 -1
15 2 3 132 181 0.9726
15 2 3 132 182 -1
15 2 3 132 183 -1
15 2 3 133 181 -1
15 2 3 133 182 -1
15 2 3 133 183 0.459171
15 2 4 132 215 0.902802
15 2 4 133 215 -1
15 3 4 181 215 0.932789
15 3 4 182 215 0.946725
15 3 4 183 215 -1
16 0 1 33 83 0.0703949
16 0 1 33 84 -1
16 0 1 33 85 -1
16 0 1 34 83 -1
16 0 1 34 84 0.634651
16 0 1 34 85 0.817297
16 0 1 35 83 -1
16 0 1 35 84 0.862618
16 0 1 35 85 0.750663
16 0 2 33 134 0.888664
16 0 2 33 135 -1
16 0 2 34 134 -1
16 0 2 34 135 -1
16 0 2 35 134 -1
16 0 2 35 135 0.986894
16 0 3 33 184 -1
16 0 3 33 185 -1
16 0 3 33 186 -1
16 0 3 34 184 -1
16 0 3 34 185 0.390303
16 0 3 34 186 0.136704
16 0 3 35 184 0.990098
16 0 3 35 185 -1
16 0 3 35 186 -1
16 0 4 33 216 0.931962
16 0 4 33 217 -1
16 0 4 34 216 -1
16 0 4 34 217 0.923685
16 0 4 35 216 0.246615
16 0 4 35 217 -1
16 1 2 83 134 -1
16 1 2 83 135 -1
16 1 2 84 134 -1
16 1 2 84 135 0.885984
16 1 2 85 134 -1
16 1 2 85 135 -1
16 1 3 83 184 -1
16 1 3 83 185 0.878035
16 1 3 83 186 0.275409
16 1 3 84 184 0.889675
16 1 3 84 185 -1
16 1 3 84 186 -1
16 1 3 85 184 -1
16 1 3 85 185 0.0857745
16 1 3 85 186 -1
16 1 4 83 216 -1
16 1 4 83 217 -1
16 1 4 84 216 -1
16 1 4 84 217 -1
16 1 4 85 216 -1
16 1 4 85 217 0.867344
16 2 3 134 184 -1
16 2 3 134 185 -1
16 2 3 134 186 -1
16 2 3 135 184 0.97924
16 2 3 135 185 -1
16 2 3 135 186 -1
16 2 4 134 216 0.660355
16 2 4 134 217 -1
16 2 4 135 216 -1
16 2 4 135 217 -1
16 3 4 184 216 0.758668
16 3 4 184 217 -1
16 3 4 185 216 -1
16 3 4 185 217 -1
16 3 4 186 216 -1
16 3 4 186 217 -1
17 0 1 36 86 0.815291
17 0 1 36 87 -1
17 0 1 36 88 -1
17 0 1 37 86 -1
17 0 1 37 87 -1
17 0 1 37 88 0.481898
17 0 2 36 136 0.59008
17 0 2 37 136 -1
17 0 3 36 187 -1
17 0 3 36 188 -1
17 0 3 37 187 -1
17 0 3 37 188 0.782356
17 0 4 36 218 0.880356
17 0 4 36 219 -1
17 0 4 37 218 -1
17 0 4 37 219 0.606151
17 1 2 86 136 -1
17 1 2 87 136 0.942859
17 1 2 88 136 -1
17 1 3 86 187 -1
17 1 3 86 188 -1
17 1 3 87 187 0.907826
17 1 3 87 188 -1
17 1 3 88 187 -1
17 1 3 88 188 -1
17 1 4 86 218 -1
17 1 4 86 219 -1
17 1 4 87 218 -1
17 1 4 87 219 -1
17 1 4 88 218 0.962435
17 1 4 88 219 -1
17 2 3 136 187 0.952054
17 2 3 136 188 -1
17 2 4 136 218 -1
17 2 4 136 219 0.687537
17 3 4 187 218 0.740657
17 3 4 187 219 -1
17 3 4 188 218 -1
17 3 4 188 219 0.782508
18 0 1 38 89 0.996225
18 0 1 38 90 -1
18 0 1 38 91 -1
18 0 1 38 92 0.305791
18 0 2 38 137 0.895781
18 0 2 38 138 -1
18 0 3 38 189 -1
18 0 3 38 190 0.812649
18 0 4 38 220 -1
18 0 4 38 221 0.782284
18 1 2 89 137 0.688351
18 1 2 89 138 0.311649
18 1 2 90 137 -1
18 1 2 90 138 -1
18 1 2 91 137 -1
18 1 2 91 138 0.871328
18 1 2 92 137 -1
18 1 2 92 138 -1
18 1 3 89 189 0.37565
18 1 3 89 190 0.62435
18 1 3 90 189 -1
18 1 3 90 190 -1
18 1 3 91 189 0.457252
18 1 3 91 190 0.542748
18 1 3 92 189 -1
18 1 3 92 190 -1
18 1 4 89 220 -1
18 1 4 89 221 0.807675
18 1 4 90 220 -1
18 1 4 90 221 -1
18 1 4 91 220 -1
18 1 4 91 221 -1
18 1 4 92 220 0.813141
18 1 4 92 221 -1
18 2 3 137 189 -1
18 2 3 137 190 0.910919
18 2 3 138 189 0.790381
18 2 3 138 190 -1
18 2 4 137 220 -1
18 2 4 137 221 0.812691
18 2 4 138 220 -1
18 2 4 138 221 -1
18 3 4 189 220 -1
18 3 4 189 221 -1
18 3 4 190 220 0.275715
18 3 4 190 221 0.724285
end of Frame 141
