J OverallIdx viewIdx joint种类0-18(jointIdx) 该joint在图中的顺序(candidix) x y score
0 0 0 0 572.11 396.395 0.740552
1 0 0 1 347.602 425.976 0.606425
2 0 1 0 350.561 208.742 0.876904
3 0 1 1 577.765 223.507 0.835407
4 0 2 0 535.676 394.317 0.684694
5 0 2 1 384.187 425.937 0.554191
6 0 3 0 608.527 396.444 0.681702
7 0 3 1 305.641 425.971 0.588119
8 0 4 0 280.598 141.221 0.389502
9 0 4 1 546.716 147.636 0.877
10 0 5 0 398.252 210.912 0.851686
11 0 5 1 527.278 221.39 0.867613
12 0 6 0 302.844 200.297 0.832
13 0 6 1 633.77 223.538 0.808126
14 0 7 0 521.6 522.956 0.765128
15 0 7 1 358.904 581.98 0.765866
16 0 8 0 611.385 531.377 0.777968
17 0 8 1 283.344 581.966 0.766023
18 0 10 0 305.786 128.601 0.897424
19 0 10 1 591.779 145.513 0.914976
20 0 11 0 504.895 309.98 0.851679
21 0 11 1 437.35 326.806 0.901399
22 0 12 0 664.61 301.549 0.827763
23 0 12 1 288.824 328.968 0.85869
24 0 13 0 507.555 632.694 0.855869
25 0 13 1 350.53 740.136 0.517633
26 0 14 0 616.876 649.513 0.85005
27 0 14 1 325.381 733.824 0.572423
28 0 15 0 381.342 381.637 0.465416
29 0 15 1 476.714 375.321 0.823786
30 0 16 0 661.671 377.461 0.868672
31 0 16 1 260.894 413.266 0.832193
32 0 17 0 628.198 685.325 0.759706
33 0 17 1 283.261 748.569 0.249134
34 0 18 0 451.444 649.543 0.80015
35 1 0 0 145.961 379.602 0.566869
36 1 0 1 591.735 390.087 0.1503
37 1 0 2 434.727 449.164 0.508367
38 1 1 0 415 164.449 0.732781
39 1 1 1 157.065 179.228 0.610166
40 1 1 2 591.73 227.775 0.337633
41 1 2 0 154.277 379.59 0.603759
42 1 2 1 580.497 390.114 0.170937
43 1 2 2 479.503 449.186 0.47851
44 1 3 0 142.967 379.614 0.462448
45 1 3 1 616.922 390.079 0.188845
46 1 3 2 392.619 449.174 0.477953
47 1 4 0 229.943 141.307 0.880878
48 1 4 1 549.65 181.392 0.481849
49 1 5 0 437.454 166.581 0.764425
50 1 5 1 148.594 179.236 0.837087
51 1 5 2 594.525 227.76 0.232007
52 1 6 0 389.827 162.336 0.629997
53 1 6 1 168.226 179.248 0.537053
54 1 6 2 616.878 227.812 0.406962
55 1 7 0 193.464 529.208 0.817713
56 1 7 1 543.956 605.21 0.63917
57 1 8 0 151.4 529.205 0.762136
58 1 8 1 414.965 632.648 0.691102
59 1 9 0 473.936 69.5881 0.815596
60 1 9 1 185.031 126.405 0.869666
61 1 10 0 591.724 177.089 0.840755
62 1 11 0 143.027 288.888 0.763178
63 1 11 1 527.205 310.016 0.887878
64 1 11 2 639.345 324.725 0.220929
65 1 12 0 639.327 320.537 0.569378
66 1 13 0 154.262 681.042 0.667743
67 1 13 1 524.479 763.232 0.619788
68 1 14 0 137.45 679.01 0.632534
69 1 14 1 392.583 765.508 0.413202
70 1 15 0 616.969 242.484 0.778329
71 1 15 1 213.222 360.621 0.869769
72 1 15 2 594.554 381.624 0.215053
73 1 16 0 594.542 379.607 0.461962
74 1 18 0 224.317 704.308 0.701078
75 2 0 0 415.058 269.885 0.743614
76 2 0 1 622.656 362.715 0.781222
77 2 0 2 485.272 723.307 0.491094
78 2 1 0 415.119 111.811 0.863767
79 2 1 1 653.382 212.993 0.854637
80 2 1 2 482.397 495.592 0.881259
81 2 2 0 395.516 274.075 0.701955
82 2 2 1 594.576 358.469 0.775315
83 2 2 2 546.739 727.504 0.430298
84 2 3 0 434.651 265.708 0.720342
85 2 3 1 658.984 366.903 0.756965
86 2 3 2 437.501 725.376 0.505712
87 2 4 0 459.937 65.3765 0.89898
88 2 4 1 619.712 179.277 0.892692
89 2 5 0 389.697 124.433 0.793093
90 2 5 1 597.34 202.426 0.848813
91 2 5 2 574.894 501.884 0.752563
92 2 6 0 445.862 105.46 0.734097
93 2 6 1 703.889 227.696 0.867192
94 2 6 2 392.56 482.975 0.823568
95 2 7 0 392.516 375.338 0.781533
96 2 7 1 588.871 470.259 0.706956
97 2 8 0 417.905 362.69 0.802248
98 2 8 1 653.461 470.251 0.768159
99 2 9 0 414.935 59.01 0.942401
100 2 9 1 560.851 387.981 0.667207
101 2 10 0 667.42 160.282 0.884753
102 2 10 1 459.916 373.263 0.577441
103 2 11 0 367.389 210.91 0.936194
104 2 11 1 577.687 263.651 0.857444
105 2 11 2 928.189 548.274 0.680047
106 2 11 3 616.814 660.037 0.69801
107 2 12 0 434.691 175.014 0.519059
108 2 12 1 720.708 312.21 0.88734
109 2 12 2 364.55 617.835 0.677407
110 2 13 0 372.929 466.032 0.769759
111 2 13 1 594.419 569.375 0.531416
112 2 14 0 412.314 430.123 0.726731
113 2 14 1 661.883 554.572 0.83064
114 2 15 0 392.47 291.002 0.893028
115 2 15 1 574.876 328.86 0.816417
116 2 15 2 928.172 451.242 0.404688
117 2 16 0 456.992 219.301 0.745663
118 2 16 1 678.626 375.381 0.856695
119 2 16 2 398.203 662.107 0.424667
120 2 17 0 417.895 434.362 0.164416
121 2 17 1 642.136 582.005 0.755544
122 3 0 0 555.243 348.008 0.733272
123 3 0 1 243.985 375.368 0.678477
124 3 0 2 942.273 398.56 0.528124
125 3 1 0 947.808 160.162 0.76235
126 3 1 1 235.659 191.794 0.759932
127 3 1 2 546.723 194.052 0.912388
128 3 2 0 527.137 352.136 0.716396
129 3 2 1 258.028 377.432 0.711205
130 3 2 2 975.956 396.415 0.485826
131 3 3 0 591.666 347.939 0.756021
132 3 3 1 232.791 375.311 0.647973
133 3 3 2 911.351 404.842 0.53421
134 3 4 0 989.886 116.008 0.571821
135 3 4 1 302.803 126.478 0.936914
136 3 4 2 558.031 143.365 0.910376
137 3 5 0 995.499 153.905 0.763271
138 3 5 1 244.005 191.915 0.798801
139 3 5 2 496.41 196.197 0.829685
140 3 6 0 891.839 162.346 0.741138
141 3 6 1 221.588 189.726 0.613092
142 3 6 2 594.397 193.88 0.908574
143 3 7 0 529.957 480.806 0.835151
144 3 7 1 280.329 512.422 0.801436
145 3 7 2 931.02 573.562 0.440747
146 3 8 0 600.191 466.085 0.791797
147 3 8 1 1001.24 463.928 0.556842
148 3 8 2 241.197 497.684 0.775264
149 3 8 3 908.569 579.848 0.682295
150 3 9 0 933.815 67.4894 0.216781
151 3 9 1 518.808 132.863 0.820292
152 3 9 2 255.212 126.413 0.921666
153 3 10 0 860.924 73.7714 0.819909
154 3 10 1 1029.21 111.815 0.715822
155 3 11 0 460.016 278.335 0.952036
156 3 11 1 1029.2 282.579 0.497032
157 3 11 2 255.204 293.16 0.892506
158 3 12 0 600.203 267.816 0.792534
159 3 12 1 886.177 303.629 0.702188
160 3 13 0 1029.2 563.036 0.251761
161 3 13 1 546.793 581.982 0.844977
162 3 13 2 280.486 647.362 0.781234
163 3 13 3 959.101 717.028 0.625617
164 3 14 0 591.632 552.502 0.834327
165 3 14 1 1029.21 575.693 0.406513
166 3 14 2 221.587 611.514 0.447799
167 3 14 3 931.036 750.684 0.628048
168 3 15 0 501.995 343.656 0.875418
169 3 15 1 316.867 364.905 0.847669
170 3 16 0 602.943 333.151 0.802857
171 3 16 1 830.084 413.284 0.732186
172 3 17 0 987.097 588.338 0.438686
173 3 17 1 600.16 594.624 0.750639
174 3 17 2 863.835 746.514 0.618144
175 3 18 0 975.88 558.798 0.19437
176 3 18 1 569.2 615.758 0.79137
177 3 18 2 344.831 681.012 0.756656
178 4 0 0 751.425 250.917 0.770274
179 4 0 1 1001.06 259.288 0.742037
180 4 0 2 597.303 333.183 0.564267
181 4 1 0 1029.21 107.445 0.882946
182 4 1 1 757.208 124.4 0.851215
183 4 1 2 594.375 126.448 0.880407
184 4 2 0 731.868 250.904 0.729753
185 4 2 1 975.859 250.932 0.744206
186 4 2 2 642.301 331.096 0.557355
187 4 3 0 765.604 250.951 0.730323
188 4 3 1 1029.21 261.465 0.684215
189 4 3 2 549.753 335.262 0.566617
190 4 4 0 970.238 56.9686 0.871325
191 4 4 1 684.25 78.1005 0.782293
192 4 4 2 745.861 82.2032 0.664855
193 4 5 0 989.954 107.487 0.795088
194 4 5 1 734.804 124.37 0.757863
195 4 5 2 661.667 126.452 0.84717
196 4 6 0 1029.21 105.37 0.325141
197 4 6 1 782.416 124.382 0.85029
198 4 6 2 524.342 126.427 0.848548
199 4 7 0 723.557 328.936 0.748676
200 4 7 1 953.51 360.621 0.894962
201 4 7 2 664.608 525.063 0.760151
202 4 8 0 757.165 331.015 0.857761
203 4 8 1 1029.2 371.165 0.803181
204 4 8 2 552.488 527.2 0.726789
205 4 9 0 616.859 37.9767 0.519104
206 4 9 1 653.347 73.8061 0.818711
207 4 10 0 549.506 42.1424 0.749234
208 4 10 1 1029.2 46.4358 0.819423
209 4 10 2 773.943 78.0982 0.751389
210 4 11 0 981.509 175.009 0.79094
211 4 11 1 726.232 185.587 0.232736
212 4 11 2 698.231 242.484 0.790188
213 4 12 0 799.298 168.681 0.845642
214 4 12 1 482.456 242.455 0.883922
215 4 13 0 720.667 396.551 0.78224
216 4 13 1 967.486 459.635 0.818109
217 4 13 2 687.19 657.911 0.792135
218 4 14 0 773.891 411.241 0.887822
219 4 14 1 1004.03 476.583 0.74094
220 4 14 2 552.575 670.583 0.776163
221 4 15 0 709.481 164.467 0.279815
222 4 15 1 947.817 225.621 0.841486
223 4 15 2 706.785 314.274 0.856489
224 4 16 0 757.141 158.066 0.819566
225 4 16 1 1029.21 261.46 0.323052
226 4 16 2 476.769 324.697 0.809677
227 4 17 0 748.674 430.18 0.794548
228 4 17 1 973.049 495.561 0.721002
229 4 17 2 504.788 662.145 0.713867
230 4 18 0 703.785 413.378 0.684467
231 4 18 1 928.251 476.602 0.863785
232 4 18 2 743.115 647.331 0.767034
P viewIdx, pafIdx, aOverAllIdx, bOverAllIdx, CandidAIdx, CandidBIdx, score
0 0 2 0 0 0 0
0 0 2 1 0 1 0.990791
0 0 3 0 1 0 0.997427
0 0 3 1 1 1 0
0 1 4 14 0 0 0.979193
0 1 4 15 0 1 0
0 1 5 14 1 0 0
0 1 5 15 1 1 0.969715
0 2 14 24 0 0 0.993055
0 2 14 25 0 1 0
0 2 15 24 1 0 0
0 2 15 25 1 1 0.976138
0 3 0 4 0 0 0.941251
0 3 0 5 0 1 0
0 3 1 4 1 0 0
0 3 1 5 1 1 0.888371
0 4 0 6 0 0 0.927639
0 4 0 7 0 1 0
0 4 1 6 1 0 0
0 4 1 7 1 1 0.888335
0 5 6 16 0 0 0.986015
0 5 6 17 0 1 0
0 5 7 16 1 0 0
0 5 7 17 1 1 0.954781
0 6 16 26 0 0 0.991981
0 6 16 27 0 1 0
0 6 17 26 1 0 0
0 6 17 27 1 1 0.980585
0 7 2 10 0 0 0.996242
0 7 2 11 0 1 0
0 7 3 10 1 0 0
0 7 3 11 1 1 0.992567
0 8 10 20 0 0 0
0 8 10 21 0 1 0.987254
0 8 11 20 1 0 0.979022
0 8 11 21 1 1 0
0 9 20 28 0 0 0.261269
0 9 20 29 0 1 0.527423
0 9 21 28 1 0 0.512095
0 9 21 29 1 1 0
0 11 2 12 0 0 0.991993
0 11 2 13 0 1 0
0 11 3 12 1 0 0
0 11 3 13 1 1 0.990684
0 12 12 22 0 0 0
0 12 12 23 0 1 0.957369
0 12 13 22 1 0 0.999756
0 12 13 23 1 1 0
0 13 22 30 0 0 0.997456
0 13 22 31 0 1 0
0 13 23 30 1 0 0
0 13 23 31 1 1 0.96357
0 14 12 18 0 0 0.995099
0 14 12 19 0 1 0
0 14 13 18 1 0 0
0 14 13 19 1 1 0.991916
0 15 2 8 0 0 0.798157
0 15 2 9 0 1 0
0 15 3 8 1 0 0
0 15 3 9 1 1 0.994357
0 16 26 32 0 0 0.996598
0 16 26 33 0 1 0
0 16 27 32 1 0 0
0 16 27 33 1 1 0.720848
0 17 24 34 0 0 0.942227
0 17 25 34 1 0 0
1 0 38 35 0 0 0
1 0 38 36 0 1 0
1 0 38 37 0 2 0.942983
1 0 39 35 1 0 0.898782
1 0 39 36 1 1 0
1 0 39 37 1 2 0
1 0 40 35 2 0 0
1 0 40 36 2 1 0.703605
1 0 40 37 2 2 0
1 1 41 55 0 0 0.968108
1 1 41 56 0 1 0
1 1 42 55 1 0 0
1 1 42 56 1 1 0
1 1 43 55 2 0 0
1 1 43 56 2 1 0.981493
1 2 55 66 0 0 0.975892
1 2 55 67 0 1 0
1 2 56 66 1 0 0
1 2 56 67 1 1 0.980575
1 3 35 41 0 0 0.748765
1 3 35 42 0 1 0
1 3 35 43 0 2 0
1 3 36 41 1 0 0
1 3 36 42 1 1 0.684255
1 3 36 43 1 2 0
1 3 37 41 2 0 0
1 3 37 42 2 1 0
1 3 37 43 2 2 0.84826
1 4 35 44 0 0 0.737314
1 4 35 45 0 1 0
1 4 35 46 0 2 0
1 4 36 44 1 0 0
1 4 36 45 1 1 0
1 4 36 46 1 2 0
1 4 37 44 2 0 0
1 4 37 45 2 1 0
1 4 37 46 2 2 0.846429
1 5 44 57 0 0 0.964695
1 5 44 58 0 1 0
1 5 45 57 1 0 0
1 5 45 58 1 1 0
1 5 46 57 2 0 0
1 5 46 58 2 1 0.962141
1 6 57 68 0 0 0.969495
1 6 57 69 0 1 0
1 6 58 68 1 0 0
1 6 58 69 1 1 0.973333
1 7 38 49 0 0 0.950907
1 7 38 50 0 1 0
1 7 38 51 0 2 0
1 7 39 49 1 0 0
1 7 39 50 1 1 0.854987
1 7 39 51 1 2 0
1 7 40 49 2 0 0
1 7 40 50 2 1 0
1 7 40 51 2 2 0.684255
1 8 49 62 0 0 0
1 8 49 63 0 1 0.996488
1 8 49 64 0 2 0
1 8 50 62 1 0 0.981404
1 8 50 63 1 1 0
1 8 50 64 1 2 0
1 8 51 62 2 0 0
1 8 51 63 2 1 0
1 8 51 64 2 2 0.683172
1 9 62 70 0 0 0
1 9 62 71 0 1 0.998303
1 9 62 72 0 2 0
1 9 63 70 1 0 0.963256
1 9 63 71 1 1 0
1 9 63 72 1 2 0
1 9 64 70 2 0 0
1 9 64 71 2 1 0
1 9 64 72 2 2 0.754285
1 10 49 59 0 0 0.979216
1 10 49 60 0 1 0
1 10 50 59 1 0 0
1 10 50 60 1 1 0.978519
1 10 51 59 2 0 0
1 10 51 60 2 1 0
1 11 38 52 0 0 0.943198
1 11 38 53 0 1 0
1 11 38 54 0 2 0
1 11 39 52 1 0 0
1 11 39 53 1 1 0.860924
1 11 39 54 1 2 0
1 11 40 52 2 0 0
1 11 40 53 2 1 0
1 11 40 54 2 2 0.674179
1 12 52 65 0 0 0
1 12 53 65 1 0 0
1 12 54 65 2 0 0.893601
1 13 65 73 0 0 0.849687
1 14 52 61 0 0 0
1 14 53 61 1 0 0
1 14 54 61 2 0 0.935454
1 15 38 47 0 0 0
1 15 38 48 0 1 0
1 15 39 47 1 0 0.929819
1 15 39 48 1 1 0
1 15 40 47 2 0 0
1 15 40 48 2 1 0.76644
1 17 66 74 0 0 0.956098
1 17 67 74 1 0 0
2 0 78 75 0 0 0.984006
2 0 78 76 0 1 0
2 0 78 77 0 2 0
2 0 79 75 1 0 0
2 0 79 76 1 1 0.967824
2 0 79 77 1 2 0
2 0 80 75 2 0 0
2 0 80 76 2 1 0
2 0 80 77 2 2 0.986339
2 1 81 95 0 0 0.980822
2 1 81 96 0 1 0
2 1 82 95 1 0 0
2 1 82 96 1 1 0.993786
2 1 83 95 2 0 0
2 1 83 96 2 1 0
2 2 95 110 0 0 0.979696
2 2 95 111 0 1 0
2 2 96 110 1 0 0
2 2 96 111 1 1 0.981229
2 3 75 81 0 0 0.933945
2 3 75 82 0 1 0
2 3 75 83 0 2 0
2 3 76 81 1 0 0
2 3 76 82 1 1 0.970394
2 3 76 83 1 2 0
2 3 77 81 2 0 0
2 3 77 82 2 1 0
2 3 77 83 2 2 0.853403
2 4 75 84 0 0 0.921073
2 4 75 85 0 1 0
2 4 75 86 0 2 0
2 4 76 84 1 0 0
2 4 76 85 1 1 0.968446
2 4 76 86 1 2 0
2 4 77 84 2 0 0
2 4 77 85 2 1 0
2 4 77 86 2 2 0.858679
2 5 84 97 0 0 0.971079
2 5 84 98 0 1 0
2 5 85 97 1 0 0
2 5 85 98 1 1 0.985782
2 5 86 97 2 0 0
2 5 86 98 2 1 0
2 6 97 112 0 0 0.985873
2 6 97 113 0 1 0
2 6 98 112 1 0 0
2 6 98 113 1 1 0.985857
2 7 78 89 0 0 0.960971
2 7 78 90 0 1 0
2 7 78 91 0 2 0
2 7 79 89 1 0 0
2 7 79 90 1 1 0.999165
2 7 79 91 1 2 0
2 7 80 89 2 0 0
2 7 80 90 2 1 0
2 7 80 91 2 2 0.985688
2 8 89 103 0 0 0.992202
2 8 89 104 0 1 0
2 8 89 105 0 2 0
2 8 89 106 0 3 0
2 8 90 103 1 0 0
2 8 90 104 1 1 0.952828
2 8 90 105 1 2 0
2 8 90 106 1 3 0
2 8 91 103 2 0 0
2 8 91 104 2 1 0
2 8 91 105 2 2 0
2 8 91 106 2 3 0.97347
2 9 103 114 0 0 0.989302
2 9 103 115 0 1 0
2 9 103 116 0 2 0
2 9 104 114 1 0 0
2 9 104 115 1 1 0.997611
2 9 104 116 1 2 0
2 9 105 114 2 0 0
2 9 105 115 2 1 0
2 9 105 116 2 2 0.933676
2 9 106 114 3 0 0
2 9 106 115 3 1 0
2 9 106 116 3 2 0
2 10 89 99 0 0 0.998549
2 10 89 100 0 1 0
2 10 90 99 1 0 0
2 10 90 100 1 1 0
2 10 91 99 2 0 0
2 10 91 100 2 1 0.946761
2 11 78 92 0 0 0.970375
2 11 78 93 0 1 0
2 11 78 94 0 2 0
2 11 79 92 1 0 0
2 11 79 93 1 1 0.999351
2 11 79 94 1 2 0
2 11 80 92 2 0 0
2 11 80 93 2 1 0
2 11 80 94 2 2 0.984153
2 12 92 107 0 0 0.923047
2 12 92 108 0 1 0
2 12 92 109 0 2 0
2 12 93 107 1 0 0
2 12 93 108 1 1 0.992085
2 12 93 109 1 2 0
2 12 94 107 2 0 0
2 12 94 108 2 1 0
2 12 94 109 2 2 0.980515
2 13 107 117 0 0 0.957614
2 13 107 118 0 1 0
2 13 107 119 0 2 0
2 13 108 117 1 0 0
2 13 108 118 1 1 0.985056
2 13 108 119 1 2 0
2 13 109 117 2 0 0
2 13 109 118 2 1 0
2 13 109 119 2 2 0.919163
2 14 92 101 0 0 0
2 14 92 102 0 1 0
2 14 93 101 1 0 0.999227
2 14 93 102 1 1 0
2 14 94 101 2 0 0
2 14 94 102 2 1 0.879634
2 15 78 87 0 0 0.951582
2 15 78 88 0 1 0
2 15 79 87 1 0 0
2 15 79 88 1 1 0.988883
2 15 80 87 2 0 0
2 15 80 88 2 1 0
2 16 112 120 0 0 0.817853
2 16 112 121 0 1 0
2 16 113 120 1 0 0
2 16 113 121 1 1 0.931414
3 0 125 122 0 0 0
3 0 125 123 0 1 0
3 0 125 124 0 2 0.962022
3 0 126 122 1 0 0
3 0 126 123 1 1 0.962077
3 0 126 124 1 2 0
3 0 127 122 2 0 0.998367
3 0 127 123 2 1 0
3 0 127 124 2 2 0
3 1 128 143 0 0 0.997349
3 1 128 144 0 1 0
3 1 128 145 0 2 0
3 1 129 143 1 0 0
3 1 129 144 1 1 0.980365
3 1 129 145 1 2 0
3 1 130 143 2 0 0
3 1 130 144 2 1 0
3 1 130 145 2 2 0.916635
3 2 143 160 0 0 0
3 2 143 161 0 1 0.999752
3 2 143 162 0 2 0
3 2 143 163 0 3 0
3 2 144 160 1 0 0
3 2 144 161 1 1 0
3 2 144 162 1 2 0.998812
3 2 144 163 1 3 0
3 2 145 160 2 0 0
3 2 145 161 2 1 0
3 2 145 162 2 2 0
3 2 145 163 2 3 0.952921
3 3 122 128 0 0 0.914372
3 3 122 129 0 1 0
3 3 122 130 0 2 0
3 3 123 128 1 0 0
3 3 123 129 1 1 0.920807
3 3 123 130 1 2 0
3 3 124 128 2 0 0
3 3 124 129 2 1 0
3 3 124 130 2 2 0.870589
3 4 122 131 0 0 0.925114
3 4 122 132 0 1 0
3 4 122 133 0 2 0
3 4 123 131 1 0 0
3 4 123 132 1 1 0.918094
3 4 123 133 1 2 0
3 4 124 131 2 0 0
3 4 124 132 2 1 0
3 4 124 133 2 2 0.879666
3 5 131 146 0 0 0.999686
3 5 131 147 0 1 0
3 5 131 148 0 2 0
3 5 131 149 0 3 0
3 5 132 146 1 0 0
3 5 132 147 1 1 0
3 5 132 148 1 2 0.989682
3 5 132 149 1 3 0
3 5 133 146 2 0 0
3 5 133 147 2 1 0
3 5 133 148 2 2 0
3 5 133 149 2 3 0.978271
3 6 146 164 0 0 0.993957
3 6 146 165 0 1 0
3 6 146 166 0 2 0
3 6 146 167 0 3 0
3 6 147 164 1 0 0
3 6 147 165 1 1 0.888007
3 6 147 166 1 2 0
3 6 147 167 1 3 0
3 6 148 164 2 0 0
3 6 148 165 2 1 0
3 6 148 166 2 2 0.950312
3 6 148 167 2 3 0
3 6 149 164 3 0 0
3 6 149 165 3 1 0
3 6 149 166 3 2 0
3 6 149 167 3 3 0.976977
3 7 125 137 0 0 0.968426
3 7 125 138 0 1 0
3 7 125 139 0 2 0
3 7 126 137 1 0 0
3 7 126 138 1 1 0.90579
3 7 126 139 1 2 0
3 7 127 137 2 0 0
3 7 127 138 2 1 0
3 7 127 139 2 2 0.997559
3 8 137 155 0 0 0
3 8 137 156 0 1 0.906934
3 8 137 157 0 2 0
3 8 138 155 1 0 0
3 8 138 156 1 1 0
3 8 138 157 1 2 0.976913
3 8 139 155 2 0 0.975022
3 8 139 156 2 1 0
3 8 139 157 2 2 0
3 9 155 168 0 0 0.990635
3 9 155 169 0 1 0
3 9 156 168 1 0 0
3 9 156 169 1 1 0
3 9 157 168 2 0 0
3 9 157 169 2 1 0.988744
3 10 137 150 0 0 0.740226
3 10 137 151 0 1 0
3 10 137 152 0 2 0
3 10 138 150 1 0 0
3 10 138 151 1 1 0
3 10 138 152 1 2 0.974611
3 10 139 150 2 0 0
3 10 139 151 2 1 0.985794
3 10 139 152 2 2 0
3 11 125 140 0 0 0.965685
3 11 125 141 0 1 0
3 11 125 142 0 2 0
3 11 126 140 1 0 0
3 11 126 141 1 1 0.914346
3 11 126 142 1 2 0
3 11 127 140 2 0 0
3 11 127 141 2 1 0
3 11 127 142 2 2 0.996599
3 12 140 158 0 0 0
3 12 140 159 0 1 0.9621
3 12 141 158 1 0 0
3 12 141 159 1 1 0
3 12 142 158 2 0 0.992565
3 12 142 159 2 1 0
3 13 158 170 0 0 0.985661
3 13 158 171 0 1 0
3 13 159 170 1 0 0
3 13 159 171 1 1 0.957877
3 14 140 153 0 0 0.986476
3 14 140 154 0 1 0
3 14 141 153 1 0 0
3 14 141 154 1 1 0
3 14 142 153 2 0 0
3 14 142 154 2 1 0
3 15 125 134 0 0 0
3 15 125 135 0 1 0
3 15 125 136 0 2 0
3 15 126 134 1 0 0
3 15 126 135 1 1 0.937567
3 15 126 136 1 2 0
3 15 127 134 2 0 0
3 15 127 135 2 1 0
3 15 127 136 2 2 0.996391
3 16 164 172 0 0 0
3 16 164 173 0 1 0.992678
3 16 164 174 0 2 0
3 16 165 172 1 0 0.863612
3 16 165 173 1 1 0
3 16 165 174 1 2 0
3 16 166 172 2 0 0
3 16 166 173 2 1 0
3 16 166 174 2 2 0
3 16 167 172 3 0 0
3 16 167 173 3 1 0
3 16 167 174 3 2 0.893809
3 17 160 175 0 0 0.7505
3 17 160 176 0 1 0
3 17 160 177 0 2 0
3 17 161 175 1 0 0
3 17 161 176 1 1 0.990797
3 17 161 177 1 2 0
3 17 162 175 2 0 0
3 17 162 176 2 1 0
3 17 162 177 2 2 0.9855
3 17 163 175 3 0 0
3 17 163 176 3 1 0
3 17 163 177 3 2 0
4 0 181 178 0 0 0
4 0 181 179 0 1 0.977107
4 0 181 180 0 2 0
4 0 182 178 1 0 0.978029
4 0 182 179 1 1 0
4 0 182 180 1 2 0
4 0 183 178 2 0 0
4 0 183 179 2 1 0
4 0 183 180 2 2 0.995137
4 1 184 199 0 0 0.967983
4 1 184 200 0 1 0
4 1 184 201 0 2 0
4 1 185 199 1 0 0
4 1 185 200 1 1 0.99708
4 1 185 201 1 2 0
4 1 186 199 2 0 0
4 1 186 200 2 1 0
4 1 186 201 2 2 0.967027
4 2 199 215 0 0 0.968674
4 2 199 216 0 1 0
4 2 199 217 0 2 0
4 2 200 215 1 0 0
4 2 200 216 1 1 0.989313
4 2 200 217 1 2 0
4 2 201 215 2 0 0
4 2 201 216 2 1 0
4 2 201 217 2 2 0.978699
4 3 178 184 0 0 0.9461
4 3 178 185 0 1 0
4 3 178 186 0 2 0
4 3 179 184 1 0 0
4 3 179 185 1 1 0.953565
4 3 179 186 1 2 0
4 3 180 184 2 0 0
4 3 180 185 2 1 0
4 3 180 186 2 2 0.855028
4 4 178 187 0 0 0.934039
4 4 178 188 0 1 0
4 4 178 189 0 2 0
4 4 179 187 1 0 0
4 4 179 188 1 1 0.966944
4 4 179 189 1 2 0
4 4 180 187 2 0 0
4 4 180 188 2 1 0
4 4 180 189 2 2 0.863293
4 5 187 202 0 0 0.984629
4 5 187 203 0 1 0
4 5 187 204 0 2 0
4 5 188 202 1 0 0
4 5 188 203 1 1 0.983707
4 5 188 204 1 2 0
4 5 189 202 2 0 0
4 5 189 203 2 1 0
4 5 189 204 2 2 0.971793
4 6 202 218 0 0 0.986434
4 6 202 219 0 1 0
4 6 202 220 0 2 0
4 6 203 218 1 0 0
4 6 203 219 1 1 0.985175
4 6 203 220 1 2 0
4 6 204 218 2 0 0
4 6 204 219 2 1 0
4 6 204 220 2 2 0.995516
4 7 181 193 0 0 0.989044
4 7 181 194 0 1 0
4 7 181 195 0 2 0
4 7 182 193 1 0 0
4 7 182 194 1 1 0.989796
4 7 182 195 1 2 0
4 7 183 193 2 0 0
4 7 183 194 2 1 0
4 7 183 195 2 2 0.994636
4 8 193 210 0 0 0.968294
4 8 193 211 0 1 0
4 8 193 212 0 2 0
4 8 194 210 1 0 0
4 8 194 211 1 1 0.282035
4 8 194 212 1 2 0.290374
4 8 195 210 2 0 0
4 8 195 211 2 1 0.290233
4 8 195 212 2 2 0.283203
4 9 210 221 0 0 0
4 9 210 222 0 1 0.981152
4 9 210 223 0 2 0
4 9 211 221 1 0 0.788254
4 9 211 222 1 1 0
4 9 211 223 1 2 0
4 9 212 221 2 0 0
4 9 212 222 2 1 0
4 9 212 223 2 2 0.978426
4 10 193 205 0 0 0
4 10 193 206 0 1 0
4 10 194 205 1 0 0
4 10 194 206 1 1 0
4 10 195 205 2 0 0.489761
4 10 195 206 2 1 0.506244
4 11 181 196 0 0 0.684255
4 11 181 197 0 1 0
4 11 181 198 0 2 0
4 11 182 196 1 0 0
4 11 182 197 1 1 0.989932
4 11 182 198 1 2 0
4 11 183 196 2 0 0
4 11 183 197 2 1 0
4 11 183 198 2 2 0.995999
4 12 196 213 0 0 0
4 12 196 214 0 1 0
4 12 197 213 1 0 0.98354
4 12 197 214 1 1 0
4 12 198 213 2 0 0
4 12 198 214 2 1 0.981431
4 13 213 224 0 0 0.990644
4 13 213 225 0 1 0
4 13 213 226 0 2 0
4 13 214 224 1 0 0
4 13 214 225 1 1 0
4 13 214 226 1 2 0.982976
4 14 196 207 0 0 0
4 14 196 208 0 1 0.924088
4 14 196 209 0 2 0
4 14 197 207 1 0 0
4 14 197 208 1 1 0
4 14 197 209 1 2 0.960428
4 14 198 207 2 0 0.967838
4 14 198 208 2 1 0
4 14 198 209 2 2 0
4 15 181 190 0 0 0.995517
4 15 181 191 0 1 0
4 15 181 192 0 2 0
4 15 182 190 1 0 0
4 15 182 191 1 1 0
4 15 182 192 1 2 0.957218
4 15 183 190 2 0 0
4 15 183 191 2 1 0.78958
4 15 183 192 2 2 0
4 16 218 227 0 0 0.970299
4 16 218 228 0 1 0
4 16 218 229 0 2 0
4 16 219 227 1 0 0
4 16 219 228 1 1 0.94455
4 16 219 229 1 2 0
4 16 220 227 2 0 0
4 16 220 228 2 1 0
4 16 220 229 2 2 0.981895
4 17 215 230 0 0 0.92726
4 17 215 231 0 1 0
4 17 215 232 0 2 0
4 17 216 230 1 0 0
4 17 216 231 1 1 0.992568
4 17 216 232 1 2 0
4 17 217 230 2 0 0
4 17 217 231 2 1 0
4 17 217 232 2 2 0.939435
E jointIdx viewA viewB aOverAllIdx bOverallIdx score
0 0 1 0 35 -1
0 0 1 0 36 0.501864
0 0 1 0 37 -1
0 0 1 1 35 -1
0 0 1 1 36 0.498136
0 0 1 1 37 0.14761
0 0 2 0 75 0.81418
0 0 2 0 76 -1
0 0 2 0 77 -1
0 0 2 1 75 -1
0 0 2 1 76 0.980446
0 0 2 1 77 -1
0 0 3 0 122 -1
0 0 3 0 123 0.944468
0 0 3 0 124 -1
0 0 3 1 122 0.981128
0 0 3 1 123 -1
0 0 3 1 124 -1
0 0 4 0 178 -1
0 0 4 0 179 -1
0 0 4 0 180 0.636397
0 0 4 1 178 -1
0 0 4 1 179 -1
0 0 4 1 180 0.0518857
0 1 2 35 75 -1
0 1 2 35 76 -1
0 1 2 35 77 0.563896
0 1 2 36 75 0.920583
0 1 2 36 76 0.989839
0 1 2 36 77 -1
0 1 2 37 75 -1
0 1 2 37 76 -1
0 1 2 37 77 -1
0 1 3 35 122 -1
0 1 3 35 123 -1
0 1 3 35 124 0.906202
0 1 3 36 122 0.998785
0 1 3 36 123 0.797623
0 1 3 36 124 -1
0 1 3 37 122 -1
0 1 3 37 123 -1
0 1 3 37 124 0.323065
0 1 4 35 178 -1
0 1 4 35 179 0.725809
0 1 4 35 180 -1
0 1 4 36 178 -1
0 1 4 36 179 -1
0 1 4 36 180 0.915638
0 1 4 37 178 0.84586
0 1 4 37 179 -1
0 1 4 37 180 -1
0 2 3 75 122 -1
0 2 3 75 123 0.692534
0 2 3 75 124 -1
0 2 3 76 122 0.930267
0 2 3 76 123 -1
0 2 3 76 124 -1
0 2 3 77 122 -1
0 2 3 77 123 -1
0 2 3 77 124 0.738179
0 2 4 75 178 0.665791
0 2 4 75 179 -1
0 2 4 75 180 0.688216
0 2 4 76 178 0.038901
0 2 4 76 179 -1
0 2 4 76 180 0.752093
0 2 4 77 178 -1
0 2 4 77 179 0.631304
0 2 4 77 180 -1
0 3 4 122 178 0.479737
0 3 4 122 179 0.245628
0 3 4 122 180 0.0348189
0 3 4 123 178 -1
0 3 4 123 179 0.297093
0 3 4 123 180 0.651736
0 3 4 124 178 -1
0 3 4 124 179 0.411975
0 3 4 124 180 0.223502
1 0 1 2 38 -1
1 0 1 2 39 -1
1 0 1 2 40 0.733032
1 0 1 3 38 -1
1 0 1 3 39 -1
1 0 1 3 40 0.266968
1 0 2 2 78 -1
1 0 2 2 79 0.900203
1 0 2 2 80 -1
1 0 2 3 78 0.899854
1 0 2 3 79 -1
1 0 2 3 80 -1
1 0 3 2 125 -1
1 0 3 2 126 0.454244
1 0 3 2 127 0.580822
1 0 3 3 125 -1
1 0 3 3 126 0.545756
1 0 3 3 127 0.419178
1 0 4 2 181 0.203391
1 0 4 2 182 0.212121
1 0 4 2 183 0.195876
1 0 4 3 181 0.204506
1 0 4 3 182 0.196249
1 0 4 3 183 0.211614
1 1 2 38 78 0.424722
1 1 2 38 79 0.198177
1 1 2 38 80 -1
1 1 2 39 78 -1
1 1 2 39 79 -1
1 1 2 39 80 0.58339
1 1 2 40 78 0.456279
1 1 2 40 79 0.971636
1 1 2 40 80 -1
1 1 3 38 125 0.529831
1 1 3 38 126 -1
1 1 3 38 127 -1
1 1 3 39 125 0.454872
1 1 3 39 126 -1
1 1 3 39 127 -1
1 1 3 40 125 0.0129751
1 1 3 40 126 0.362444
1 1 3 40 127 0.615694
1 1 4 38 181 -1
1 1 4 38 182 0.844601
1 1 4 38 183 -1
1 1 4 39 181 0.516605
1 1 4 39 182 -1
1 1 4 39 183 -1
1 1 4 40 181 -1
1 1 4 40 182 -1
1 1 4 40 183 0.549048
1 2 3 78 125 -1
1 2 3 78 126 0.932036
1 2 3 78 127 -1
1 2 3 79 125 -1
1 2 3 79 126 -1
1 2 3 79 127 0.951771
1 2 3 80 125 0.854999
1 2 3 80 126 -1
1 2 3 80 127 -1
1 2 4 78 181 -1
1 2 4 78 182 -1
1 2 4 78 183 0.938225
1 2 4 79 181 -1
1 2 4 79 182 -1
1 2 4 79 183 0.542146
1 2 4 80 181 0.893127
1 2 4 80 182 -1
1 2 4 80 183 -1
1 3 4 125 181 0.143799
1 3 4 125 182 0.117936
1 3 4 125 183 0.130049
1 3 4 126 181 0.12848
1 3 4 126 182 0.128015
1 3 4 126 183 0.136824
1 3 4 127 181 0.122202
1 3 4 127 182 0.14659
1 3 4 127 183 0.125218
2 0 1 4 41 -1
2 0 1 4 42 0.50918
2 0 1 4 43 -1
2 0 1 5 41 -1
2 0 1 5 42 0.49082
2 0 1 5 43 0.0433813
2 0 2 4 81 0.92744
2 0 2 4 82 -1
2 0 2 4 83 -1
2 0 2 5 81 -1
2 0 2 5 82 0.845086
2 0 2 5 83 -1
2 0 3 4 128 -1
2 0 3 4 129 0.883256
2 0 3 4 130 -1
2 0 3 5 128 0.942431
2 0 3 5 129 -1
2 0 3 5 130 -1
2 0 4 4 184 -1
2 0 4 4 185 -1
2 0 4 4 186 0.487009
2 0 4 5 184 -1
2 0 4 5 185 -1
2 0 4 5 186 0.512991
2 1 2 41 81 -1
2 1 2 41 82 -1
2 1 2 41 83 0.634667
2 1 2 42 81 0.824408
2 1 2 42 82 0.978853
2 1 2 42 83 -1
2 1 2 43 81 -1
2 1 2 43 82 -1
2 1 2 43 83 -1
2 1 3 41 128 -1
2 1 3 41 129 -1
2 1 3 41 130 0.740988
2 1 3 42 128 0.968967
2 1 3 42 129 0.817509
2 1 3 42 130 -1
2 1 3 43 128 -1
2 1 3 43 129 -1
2 1 3 43 130 -1
2 1 4 41 184 -1
2 1 4 41 185 0.787889
2 1 4 41 186 -1
2 1 4 42 184 -1
2 1 4 42 185 -1
2 1 4 42 186 0.631202
2 1 4 43 184 0.881771
2 1 4 43 185 -1
2 1 4 43 186 -1
2 2 3 81 128 -1
2 2 3 81 129 0.927648
2 2 3 81 130 -1
2 2 3 82 128 0.971399
2 2 3 82 129 -1
2 2 3 82 130 -1
2 2 3 83 128 -1
2 2 3 83 129 -1
2 2 3 83 130 0.968576
2 2 4 81 184 0.809072
2 2 4 81 185 -1
2 2 4 81 186 0.840005
2 2 4 82 184 0.527665
2 2 4 82 185 -1
2 2 4 82 186 0.401515
2 2 4 83 184 -1
2 2 4 83 185 0.624497
2 2 4 83 186 -1
2 3 4 128 184 0.276866
2 3 4 128 185 0.281166
2 3 4 128 186 0.0928008
2 3 4 129 184 -1
2 3 4 129 185 0.166355
2 3 4 129 186 0.731684
2 3 4 130 184 -1
2 3 4 130 185 0.431057
2 3 4 130 186 -1
3 0 1 6 44 -1
3 0 1 6 45 0.461237
3 0 1 6 46 -1
3 0 1 7 44 -1
3 0 1 7 45 0.538763
3 0 1 7 46 0.247999
3 0 2 6 84 0.535288
3 0 2 6 85 -1
3 0 2 6 86 -1
3 0 2 7 84 -1
3 0 2 7 85 0.801938
3 0 2 7 86 -1
3 0 3 6 131 -1
3 0 3 6 132 0.904545
3 0 3 6 133 -1
3 0 3 7 131 0.861709
3 0 3 7 132 -1
3 0 3 7 133 -1
3 0 4 6 187 -1
3 0 4 6 188 -1
3 0 4 6 189 0.671565
3 0 4 7 187 -1
3 0 4 7 188 -1
3 0 4 7 189 -1
3 1 2 44 84 -1
3 1 2 44 85 -1
3 1 2 44 86 0.395806
3 1 2 45 84 0.783586
3 1 2 45 85 0.896075
3 1 2 45 86 -1
3 1 2 46 84 -1
3 1 2 46 85 -1
3 1 2 46 86 -1
3 1 3 44 131 -1
3 1 3 44 132 -1
3 1 3 44 133 0.962407
3 1 3 45 131 0.799366
3 1 3 45 132 0.899032
3 1 3 45 133 -1
3 1 3 46 131 -1
3 1 3 46 132 -1
3 1 3 46 133 0.580298
3 1 4 44 187 -1
3 1 4 44 188 0.848702
3 1 4 44 189 -1
3 1 4 45 187 -1
3 1 4 45 188 -1
3 1 4 45 189 0.788322
3 1 4 46 187 0.713947
3 1 4 46 188 -1
3 1 4 46 189 -1
3 2 3 84 131 -1
3 2 3 84 132 0.511406
3 2 3 84 133 -1
3 2 3 85 131 0.665393
3 2 3 85 132 -1
3 2 3 85 133 -1
3 2 3 86 131 -1
3 2 3 86 132 -1
3 2 3 86 133 0.501356
3 2 4 84 187 0.206355
3 2 4 84 188 -1
3 2 4 84 189 0.515597
3 2 4 85 187 -1
3 2 4 85 188 -1
3 2 4 85 189 0.941402
3 2 4 86 187 -1
3 2 4 86 188 0.687927
3 2 4 86 189 -1
3 3 4 131 187 0.600789
3 3 4 131 188 0.199852
3 3 4 131 189 0.0170102
3 3 4 132 187 -1
3 3 4 132 188 0.359561
3 3 4 132 189 0.448047
3 3 4 133 187 -1
3 3 4 133 188 0.423241
3 3 4 133 189 0.533467
4 0 1 8 47 0.322974
4 0 1 8 48 0.427493
4 0 1 9 47 -1
4 0 1 9 48 0.402475
4 0 2 8 87 -1
4 0 2 8 88 0.962197
4 0 2 9 87 0.997044
4 0 2 9 88 -1
4 0 3 8 134 -1
4 0 3 8 135 -1
4 0 3 8 136 0.761736
4 0 3 9 134 -1
4 0 3 9 135 0.976552
4 0 3 9 136 0.238264
4 0 4 8 190 0.13564
4 0 4 8 191 0.519296
4 0 4 8 192 0.335524
4 0 4 9 190 -1
4 0 4 9 191 0.0412808
4 0 4 9 192 -1
4 1 2 47 87 -1
4 1 2 47 88 -1
4 1 2 48 87 0.454797
4 1 2 48 88 0.545203
4 1 3 47 134 0.933515
4 1 3 47 135 -1
4 1 3 47 136 -1
4 1 3 48 134 -1
4 1 3 48 135 0.541043
4 1 3 48 136 0.744732
4 1 4 47 190 0.907385
4 1 4 47 191 -1
4 1 4 47 192 -1
4 1 4 48 190 -1
4 1 4 48 191 0.966936
4 1 4 48 192 -1
4 2 3 87 134 -1
4 2 3 87 135 0.888759
4 2 3 87 136 -1
4 2 3 88 134 -1
4 2 3 88 135 -1
4 2 3 88 136 0.914329
4 2 4 87 190 -1
4 2 4 87 191 -1
4 2 4 87 192 -1
4 2 4 88 190 -1
4 2 4 88 191 0.948241
4 2 4 88 192 0.35432
4 3 4 134 190 0.105864
4 3 4 134 191 0.163574
4 3 4 134 192 0.176376
4 3 4 135 190 0.243321
4 3 4 135 191 0.124856
4 3 4 135 192 0.101959
4 3 4 136 190 0.121716
4 3 4 136 191 0.160565
4 3 4 136 192 0.166457
5 0 1 10 49 -1
5 0 1 10 50 -1
5 0 1 10 51 0.645256
5 0 1 11 49 -1
5 0 1 11 50 -1
5 0 1 11 51 0.354744
5 0 2 10 89 0.0233696
5 0 2 10 90 0.732316
5 0 2 10 91 -1
5 0 2 11 89 0.870493
5 0 2 11 90 -1
5 0 2 11 91 -1
5 0 3 10 137 -1
5 0 3 10 138 0.466875
5 0 3 10 139 0.526207
5 0 3 11 137 -1
5 0 3 11 138 0.533125
5 0 3 11 139 0.473793
5 0 4 10 193 0.181357
5 0 4 10 194 0.186719
5 0 4 10 195 0.189832
5 0 4 11 193 0.191032
5 0 4 11 194 0.185847
5 0 4 11 195 0.182835
5 1 2 49 89 0.932442
5 1 2 49 90 0.646976
5 1 2 49 91 -1
5 1 2 50 89 -1
5 1 2 50 90 -1
5 1 2 50 91 0.97259
5 1 2 51 89 -1
5 1 2 51 90 0.600367
5 1 2 51 91 -1
5 1 3 49 137 0.79166
5 1 3 49 138 -1
5 1 3 49 139 -1
5 1 3 50 137 0.949962
5 1 3 50 138 -1
5 1 3 50 139 -1
5 1 3 51 137 -1
5 1 3 51 138 0.431254
5 1 3 51 139 0.621346
5 1 4 49 193 -1
5 1 4 49 194 0.453323
5 1 4 49 195 -1
5 1 4 50 193 0.776701
5 1 4 50 194 -1
5 1 4 50 195 -1
5 1 4 51 193 -1
5 1 4 51 194 -1
5 1 4 51 195 0.799129
5 2 3 89 137 -1
5 2 3 89 138 0.945184
5 2 3 89 139 -1
5 2 3 90 137 -1
5 2 3 90 138 -1
5 2 3 90 139 0.965814
5 2 3 91 137 0.707995
5 2 3 91 138 -1
5 2 3 91 139 -1
5 2 4 89 193 -1
5 2 4 89 194 0.270719
5 2 4 89 195 0.847847
5 2 4 90 193 -1
5 2 4 90 194 0.177883
5 2 4 90 195 0.914014
5 2 4 91 193 0.900103
5 2 4 91 194 -1
5 2 4 91 195 -1
5 3 4 137 193 0.165073
5 3 4 137 194 0.122907
5 3 4 137 195 0.121396
5 3 4 138 193 0.13202
5 3 4 138 194 0.138623
5 3 4 138 195 0.142458
5 3 4 139 193 0.121553
5 3 4 139 194 0.147923
5 3 4 139 195 0.144739
6 0 1 12 52 -1
6 0 1 12 53 -1
6 0 1 12 54 0.809642
6 0 1 13 52 -1
6 0 1 13 53 -1
6 0 1 13 54 0.190358
6 0 2 12 92 -1
6 0 2 12 93 0.868635
6 0 2 12 94 -1
6 0 2 13 92 0.907795
6 0 2 13 93 -1
6 0 2 13 94 -1
6 0 3 12 140 -1
6 0 3 12 141 0.369839
6 0 3 12 142 0.579294
6 0 3 13 140 -1
6 0 3 13 141 0.630161
6 0 3 13 142 0.420706
6 0 4 12 196 0.239573
6 0 4 12 197 0.252659
6 0 4 12 198 0.212985
6 0 4 13 196 0.230688
6 0 4 13 197 0.219371
6 0 4 13 198 0.253681
6 1 2 52 92 -1
6 1 2 52 93 -1
6 1 2 52 94 -1
6 1 2 53 92 -1
6 1 2 53 93 -1
6 1 2 53 94 0.162163
6 1 2 54 92 0.5224
6 1 2 54 93 0.894033
6 1 2 54 94 -1
6 1 3 52 140 0.45051
6 1 3 52 141 -1
6 1 3 52 142 -1
6 1 3 53 140 0.451181
6 1 3 53 141 -1
6 1 3 53 142 -1
6 1 3 54 140 0.0725298
6 1 3 54 141 0.32239
6 1 3 54 142 0.575449
6 1 4 52 196 -1
6 1 4 52 197 0.809623
6 1 4 52 198 -1
6 1 4 53 196 0.512405
6 1 4 53 197 0.0124677
6 1 4 53 198 -1
6 1 4 54 196 -1
6 1 4 54 197 -1
6 1 4 54 198 0.391594
6 2 3 92 140 -1
6 2 3 92 141 0.647184
6 2 3 92 142 -1
6 2 3 93 140 -1
6 2 3 93 141 -1
6 2 3 93 142 0.875291
6 2 3 94 140 0.9947
6 2 3 94 141 -1
6 2 3 94 142 -1
6 2 4 92 196 -1
6 2 4 92 197 -1
6 2 4 92 198 0.87782
6 2 4 93 196 -1
6 2 4 93 197 -1
6 2 4 93 198 -1
6 2 4 94 196 0.415743
6 2 4 94 197 -1
6 2 4 94 198 -1
6 3 4 140 196 0.144447
6 3 4 140 197 0.113871
6 3 4 140 198 0.139375
6 3 4 141 196 0.131876
6 3 4 141 197 0.125736
6 3 4 141 198 0.141626
6 3 4 142 196 0.122523
6 3 4 142 197 0.162111
6 3 4 142 198 0.115972
7 0 1 14 55 0.606615
7 0 1 14 56 -1
7 0 1 15 55 -1
7 0 1 15 56 -1
7 0 2 14 95 0.815402
7 0 2 14 96 -1
7 0 2 15 95 -1
7 0 2 15 96 0.822525
7 0 3 14 143 -1
7 0 3 14 144 0.915888
7 0 3 14 145 -1
7 0 3 15 143 0.960413
7 0 3 15 144 -1
7 0 3 15 145 -1
7 0 4 14 199 -1
7 0 4 14 200 -1
7 0 4 14 201 0.863617
7 0 4 15 199 -1
7 0 4 15 200 -1
7 0 4 15 201 -1
7 1 2 55 95 -1
7 1 2 55 96 -1
7 1 2 56 95 -1
7 1 2 56 96 -1
7 1 3 55 143 -1
7 1 3 55 144 -1
7 1 3 55 145 0.434996
7 1 3 56 143 -1
7 1 3 56 144 -1
7 1 3 56 145 -1
7 1 4 55 199 -1
7 1 4 55 200 0.898349
7 1 4 55 201 -1
7 1 4 56 199 0.387716
7 1 4 56 200 -1
7 1 4 56 201 0.728789
7 2 3 95 143 -1
7 2 3 95 144 0.900935
7 2 3 95 145 -1
7 2 3 96 143 0.845936
7 2 3 96 144 -1
7 2 3 96 145 -1
7 2 4 95 199 -1
7 2 4 95 200 -1
7 2 4 95 201 0.508973
7 2 4 96 199 0.775513
7 2 4 96 200 -1
7 2 4 96 201 -1
7 3 4 143 199 -1
7 3 4 143 200 0.873261
7 3 4 143 201 -1
7 3 4 144 199 -1
7 3 4 144 200 -1
7 3 4 144 201 0.568155
7 3 4 145 199 -1
7 3 4 145 200 0.681065
7 3 4 145 201 -1
8 0 1 16 57 -1
8 0 1 16 58 -1
8 0 1 17 57 -1
8 0 1 17 58 -1
8 0 2 16 97 0.499748
8 0 2 16 98 -1
8 0 2 17 97 -1
8 0 2 17 98 0.782115
8 0 3 16 146 -1
8 0 3 16 147 -1
8 0 3 16 148 0.988006
8 0 3 16 149 -1
8 0 3 17 146 0.843017
8 0 3 17 147 -1
8 0 3 17 148 -1
8 0 3 17 149 -1
8 0 4 16 202 -1
8 0 4 16 203 -1
8 0 4 16 204 0.976012
8 0 4 17 202 -1
8 0 4 17 203 -1
8 0 4 17 204 -1
8 1 2 57 97 -1
8 1 2 57 98 -1
8 1 2 58 97 -1
8 1 2 58 98 -1
8 1 3 57 146 -1
8 1 3 57 147 0.14061
8 1 3 57 148 -1
8 1 3 57 149 0.966396
8 1 3 58 146 -1
8 1 3 58 147 0.853072
8 1 3 58 148 -1
8 1 3 58 149 -1
8 1 4 57 202 -1
8 1 4 57 203 0.705248
8 1 4 57 204 -1
8 1 4 58 202 0.835079
8 1 4 58 203 -1
8 1 4 58 204 -1
8 2 3 97 146 -1
8 2 3 97 147 -1
8 2 3 97 148 0.497573
8 2 3 97 149 -1
8 2 3 98 146 0.60023
8 2 3 98 147 -1
8 2 3 98 148 -1
8 2 3 98 149 -1
8 2 4 97 202 0.950135
8 2 4 97 203 -1
8 2 4 97 204 0.751932
8 2 4 98 202 -1
8 2 4 98 203 -1
8 2 4 98 204 -1
8 3 4 146 202 0.0662214
8 3 4 146 203 -1
8 3 4 146 204 -1
8 3 4 147 202 0.9743
8 3 4 147 203 -1
8 3 4 147 204 -1
8 3 4 148 202 -1
8 3 4 148 203 0.591818
8 3 4 148 204 0.888898
8 3 4 149 202 -1
8 3 4 149 203 0.795926
8 3 4 149 204 -1
9 1 2 59 99 -1
9 1 2 59 100 -1
9 1 2 60 99 -1
9 1 2 60 100 0.939358
9 1 3 59 150 0.447886
9 1 3 59 151 -1
9 1 3 59 152 -1
9 1 3 60 150 0.552114
9 1 3 60 151 -1
9 1 3 60 152 -1
9 1 4 59 205 -1
9 1 4 59 206 -1
9 1 4 60 205 -1
9 1 4 60 206 -1
9 2 3 99 150 -1
9 2 3 99 151 -1
9 2 3 99 152 0.917255
9 2 3 100 150 0.926703
9 2 3 100 151 -1
9 2 3 100 152 -1
9 2 4 99 205 0.808626
9 2 4 99 206 0.191374
9 2 4 100 205 -1
9 2 4 100 206 -1
9 3 4 150 205 0.423337
9 3 4 150 206 0.0709776
9 3 4 151 205 0.106076
9 3 4 151 206 0.476886
9 3 4 152 205 0.308756
9 3 4 152 206 0.23021
10 0 1 18 61 0.680758
10 0 1 19 61 0.319242
10 0 2 18 101 0.979974
10 0 2 18 102 -1
10 0 2 19 101 -1
10 0 2 19 102 -1
10 0 3 18 153 -1
10 0 3 18 154 -1
10 0 3 19 153 -1
10 0 3 19 154 -1
10 0 4 18 207 -1
10 0 4 18 208 -1
10 0 4 18 209 0.266176
10 0 4 19 207 0.96014
10 0 4 19 208 -1
10 0 4 19 209 -1
10 1 2 61 101 0.989914
10 1 2 61 102 -1
10 1 3 61 153 -1
10 1 3 61 154 -1
10 1 4 61 207 0.174953
10 1 4 61 208 -1
10 1 4 61 209 -1
10 2 3 101 153 -1
10 2 3 101 154 -1
10 2 3 102 153 0.917514
10 2 3 102 154 -1
10 2 4 101 207 -1
10 2 4 101 208 -1
10 2 4 101 209 -1
10 2 4 102 207 -1
10 2 4 102 208 0.869411
10 2 4 102 209 -1
10 3 4 153 207 0.463547
10 3 4 153 208 0.364425
10 3 4 153 209 0.0637001
10 3 4 154 207 -1
10 3 4 154 208 0.225448
10 3 4 154 209 0.864612
11 0 1 20 62 -1
11 0 1 20 63 0.622619
11 0 1 20 64 0.436196
11 0 1 21 62 -1
11 0 1 21 63 0.377381
11 0 1 21 64 0.563804
11 0 2 20 103 0.803813
11 0 2 20 104 0.102126
11 0 2 20 105 -1
11 0 2 20 106 -1
11 0 2 21 103 -1
11 0 2 21 104 0.897874
11 0 2 21 105 -1
11 0 2 21 106 -1
11 0 3 20 155 0.42791
11 0 3 20 156 -1
11 0 3 20 157 0.780041
11 0 3 21 155 0.57209
11 0 3 21 156 -1
11 0 3 21 157 0.219959
11 0 4 20 210 -1
11 0 4 20 211 -1
11 0 4 20 212 0.522767
11 0 4 21 210 -1
11 0 4 21 211 -1
11 0 4 21 212 0.477233
11 1 2 62 103 -1
11 1 2 62 104 -1
11 1 2 62 105 -1
11 1 2 62 106 0.829108
11 1 2 63 103 0.966561
11 1 2 63 104 0.193013
11 1 2 63 105 -1
11 1 2 63 106 -1
11 1 2 64 103 -1
11 1 2 64 104 0.5803
11 1 2 64 105 -1
11 1 2 64 106 -1
11 1 3 62 155 0.108243
11 1 3 62 156 0.283768
11 1 3 62 157 0.11984
11 1 3 63 155 0.182284
11 1 3 63 156 0.102782
11 1 3 63 157 0.167749
11 1 3 64 155 0.173843
11 1 3 64 156 0.100538
11 1 3 64 157 0.178215
11 1 4 62 210 0.938007
11 1 4 62 211 0.228135
11 1 4 62 212 -1
11 1 4 63 210 -1
11 1 4 63 211 0.527834
11 1 4 63 212 0.819969
11 1 4 64 210 -1
11 1 4 64 211 0.24403
11 1 4 64 212 -1
11 2 3 103 155 -1
11 2 3 103 156 -1
11 2 3 103 157 0.927326
11 2 3 104 155 0.846914
11 2 3 104 156 -1
11 2 3 104 157 -1
11 2 3 105 155 -1
11 2 3 105 156 -1
11 2 3 105 157 -1
11 2 3 106 155 -1
11 2 3 106 156 0.882787
11 2 3 106 157 -1
11 2 4 103 210 -1
11 2 4 103 211 0.712981
11 2 4 103 212 0.813675
11 2 4 104 210 -1
11 2 4 104 211 0.326566
11 2 4 104 212 -1
11 2 4 105 210 -1
11 2 4 105 211 0.100703
11 2 4 105 212 0.868729
11 2 4 106 210 0.914143
11 2 4 106 211 -1
11 2 4 106 212 -1
11 3 4 155 210 0.214091
11 3 4 155 211 0.254008
11 3 4 155 212 0.263361
11 3 4 156 210 0.411146
11 3 4 156 211 0.413088
11 3 4 156 212 -1
11 3 4 157 210 0.141548
11 3 4 157 211 0.0983014
11 3 4 157 212 0.590239
12 0 1 22 65 0.447389
12 0 1 23 65 0.552611
12 0 2 22 107 0.468388
12 0 2 22 108 -1
12 0 2 22 109 -1
12 0 2 23 107 -1
12 0 2 23 108 0.978138
12 0 2 23 109 -1
12 0 3 22 158 -1
12 0 3 22 159 -1
12 0 3 23 158 0.824456
12 0 3 23 159 -1
12 0 4 22 213 -1
12 0 4 22 214 0.983699
12 0 4 23 213 -1
12 0 4 23 214 -1
12 1 2 65 107 0.791031
12 1 2 65 108 0.969742
12 1 2 65 109 -1
12 1 3 65 158 0.933076
12 1 3 65 159 -1
12 1 4 65 213 -1
12 1 4 65 214 0.786404
12 2 3 107 158 -1
12 2 3 107 159 -1
12 2 3 108 158 0.847522
12 2 3 108 159 -1
12 2 3 109 158 -1
12 2 3 109 159 0.75509
12 2 4 107 213 -1
12 2 4 107 214 0.584943
12 2 4 108 213 -1
12 2 4 108 214 -1
12 2 4 109 213 -1
12 2 4 109 214 -1
12 3 4 158 213 0.488979
12 3 4 158 214 0.339341
12 3 4 159 213 -1
12 3 4 159 214 0.660659
13 0 1 24 66 -1
13 0 1 24 67 -1
13 0 1 25 66 -1
13 0 1 25 67 -1
13 0 2 24 110 0.852459
13 0 2 24 111 -1
13 0 2 25 110 -1
13 0 2 25 111 0.614635
13 0 3 24 160 -1
13 0 3 24 161 -1
13 0 3 24 162 0.982657
13 0 3 24 163 -1
13 0 3 25 160 -1
13 0 3 25 161 0.99504
13 0 3 25 162 -1
13 0 3 25 163 -1
13 0 4 24 215 -1
13 0 4 24 216 -1
13 0 4 24 217 0.941238
13 0 4 25 215 -1
13 0 4 25 216 -1
13 0 4 25 217 -1
13 1 2 66 110 -1
13 1 2 66 111 -1
13 1 2 67 110 -1
13 1 2 67 111 -1
13 1 3 66 160 0.0323075
13 1 3 66 161 -1
13 1 3 66 162 -1
13 1 3 66 163 0.781965
13 1 3 67 160 -1
13 1 3 67 161 -1
13 1 3 67 162 -1
13 1 3 67 163 -1
13 1 4 66 215 -1
13 1 4 66 216 0.884894
13 1 4 66 217 -1
13 1 4 67 215 0.704284
13 1 4 67 216 -1
13 1 4 67 217 0.800361
13 2 3 110 160 -1
13 2 3 110 161 -1
13 2 3 110 162 0.829274
13 2 3 110 163 -1
13 2 3 111 160 -1
13 2 3 111 161 0.541062
13 2 3 111 162 -1
13 2 3 111 163 -1
13 2 4 110 215 -1
13 2 4 110 216 -1
13 2 4 110 217 0.755391
13 2 4 111 215 0.29813
13 2 4 111 216 -1
13 2 4 111 217 -1
13 3 4 160 215 0.6956
13 3 4 160 216 -1
13 3 4 160 217 -1
13 3 4 161 215 -1
13 3 4 161 216 0.436195
13 3 4 161 217 -1
13 3 4 162 215 -1
13 3 4 162 216 -1
13 3 4 162 217 0.898148
13 3 4 163 215 -1
13 3 4 163 216 0.979672
13 3 4 163 217 -1
14 0 1 26 68 0.858968
14 0 1 26 69 -1
14 0 1 27 68 -1
14 0 1 27 69 -1
14 0 2 26 112 0.727506
14 0 2 26 113 -1
14 0 2 27 112 -1
14 0 2 27 113 0.567629
14 0 3 26 164 -1
14 0 3 26 165 -1
14 0 3 26 166 0.76958
14 0 3 26 167 -1
14 0 3 27 164 0.694471
14 0 3 27 165 -1
14 0 3 27 166 -1
14 0 3 27 167 -1
14 0 4 26 218 -1
14 0 4 26 219 -1
14 0 4 26 220 0.908512
14 0 4 27 218 -1
14 0 4 27 219 -1
14 0 4 27 220 -1
14 1 2 68 112 -1
14 1 2 68 113 -1
14 1 2 69 112 -1
14 1 2 69 113 -1
14 1 3 68 164 -1
14 1 3 68 165 0.0524356
14 1 3 68 166 -1
14 1 3 68 167 0.871753
14 1 3 69 164 -1
14 1 3 69 165 0.441214
14 1 3 69 166 -1
14 1 3 69 167 -1
14 1 4 68 218 -1
14 1 4 68 219 0.971324
14 1 4 68 220 -1
14 1 4 69 218 0.946645
14 1 4 69 219 -1
14 1 4 69 220 -1
14 2 3 112 164 -1
14 2 3 112 165 -1
14 2 3 112 166 0.481925
14 2 3 112 167 -1
14 2 3 113 164 0.879692
14 2 3 113 165 -1
14 2 3 113 166 -1
14 2 3 113 167 -1
14 2 4 112 218 0.964589
14 2 4 112 219 -1
14 2 4 112 220 0.943003
14 2 4 113 218 -1
14 2 4 113 219 -1
14 2 4 113 220 -1
14 3 4 164 218 0.201882
14 3 4 164 219 -1
14 3 4 164 220 -1
14 3 4 165 218 0.756914
14 3 4 165 219 -1
14 3 4 165 220 -1
14 3 4 166 218 -1
14 3 4 166 219 0.34546
14 3 4 166 220 0.905499
14 3 4 167 218 -1
14 3 4 167 219 0.936055
14 3 4 167 220 -1
15 0 1 28 70 -1
15 0 1 28 71 -1
15 0 1 28 72 0.547306
15 0 1 29 70 -1
15 0 1 29 71 -1
15 0 1 29 72 0.452694
15 0 2 28 114 -1
15 0 2 28 115 0.911435
15 0 2 28 116 -1
15 0 2 29 114 0.962196
15 0 2 29 115 -1
15 0 2 29 116 -1
15 0 3 28 168 0.723249
15 0 3 28 169 0.172755
15 0 3 29 168 -1
15 0 3 29 169 0.827245
15 0 4 28 221 -1
15 0 4 28 222 -1
15 0 4 28 223 0.423707
15 0 4 29 221 -1
15 0 4 29 222 -1
15 0 4 29 223 0.576293
15 1 2 70 114 -1
15 1 2 70 115 -1
15 1 2 70 116 -1
15 1 2 71 114 -1
15 1 2 71 115 -1
15 1 2 71 116 -1
15 1 2 72 114 -1
15 1 2 72 115 0.979451
15 1 2 72 116 0.301648
15 1 3 70 168 -1
15 1 3 70 169 -1
15 1 3 71 168 -1
15 1 3 71 169 -1
15 1 3 72 168 0.494176
15 1 3 72 169 0.505824
15 1 4 70 221 0.415646
15 1 4 70 222 0.724038
15 1 4 70 223 -1
15 1 4 71 221 0.415131
15 1 4 71 222 0.82983
15 1 4 71 223 -1
15 1 4 72 221 0.169223
15 1 4 72 222 -1
15 1 4 72 223 -1
15 2 3 114 168 -1
15 2 3 114 169 0.958195
15 2 3 115 168 0.802427
15 2 3 115 169 -1
15 2 3 116 168 -1
15 2 3 116 169 -1
15 2 4 114 221 -1
15 2 4 114 222 -1
15 2 4 114 223 0.989014
15 2 4 115 221 -1
15 2 4 115 222 -1
15 2 4 115 223 -1
15 2 4 116 221 0.715879
15 2 4 116 222 -1
15 2 4 116 223 -1
15 3 4 168 221 -1
15 3 4 168 222 0.642238
15 3 4 168 223 0.172891
15 3 4 169 221 -1
15 3 4 169 222 0.141182
15 3 4 169 223 0.827109
16 0 1 30 73 0.456825
16 0 1 31 73 0.543175
16 0 2 30 117 0.838311
16 0 2 30 118 -1
16 0 2 30 119 -1
16 0 2 31 117 -1
16 0 2 31 118 0.797328
16 0 2 31 119 -1
16 0 3 30 170 -1
16 0 3 30 171 -1
16 0 3 31 170 0.776313
16 0 3 31 171 -1
16 0 4 30 224 -1
16 0 4 30 225 -1
16 0 4 30 226 0.895813
16 0 4 31 224 -1
16 0 4 31 225 -1
16 0 4 31 226 -1
16 1 2 73 117 -1
16 1 2 73 118 0.980796
16 1 2 73 119 -1
16 1 3 73 170 0.970427
16 1 3 73 171 -1
16 1 4 73 224 0.0305544
16 1 4 73 225 -1
16 1 4 73 226 -1
16 2 3 117 170 -1
16 2 3 117 171 -1
16 2 3 118 170 0.979303
16 2 3 118 171 -1
16 2 3 119 170 -1
16 2 3 119 171 0.670554
16 2 4 117 224 0.693231
16 2 4 117 225 -1
16 2 4 117 226 0.894298
16 2 4 118 224 0.610163
16 2 4 118 225 -1
16 2 4 118 226 -1
16 2 4 119 224 -1
16 2 4 119 225 0.7555
16 2 4 119 226 -1
16 3 4 170 224 -1
16 3 4 170 225 0.157411
16 3 4 170 226 0.0775021
16 3 4 171 224 -1
16 3 4 171 225 0.842589
16 3 4 171 226 0.18088
17 0 2 32 120 0.94813
17 0 2 32 121 -1
17 0 2 33 120 -1
17 0 2 33 121 0.787014
17 0 3 32 172 -1
17 0 3 32 173 -1
17 0 3 32 174 -1
17 0 3 33 172 -1
17 0 3 33 173 0.771733
17 0 3 33 174 -1
17 0 4 32 227 -1
17 0 4 32 228 -1
17 0 4 32 229 0.968011
17 0 4 33 227 -1
17 0 4 33 228 -1
17 0 4 33 229 -1
17 2 3 120 172 -1
17 2 3 120 173 -1
17 2 3 120 174 -1
17 2 3 121 172 -1
17 2 3 121 173 0.8261
17 2 3 121 174 -1
17 2 4 120 227 0.806802
17 2 4 120 228 -1
17 2 4 120 229 0.208181
17 2 4 121 227 0.193198
17 2 4 121 228 -1
17 2 4 121 229 0.791819
17 3 4 172 227 0.786661
17 3 4 172 228 -1
17 3 4 172 229 -1
17 3 4 173 227 -1
17 3 4 173 228 -1
17 3 4 173 229 -1
17 3 4 174 227 -1
17 3 4 174 228 0.929949
17 3 4 174 229 0.250869
18 0 1 34 74 -1
18 0 3 34 175 -1
18 0 3 34 176 -1
18 0 3 34 177 0.663389
18 0 4 34 230 -1
18 0 4 34 231 -1
18 0 4 34 232 0.871573
18 1 3 74 175 -1
18 1 3 74 176 -1
18 1 3 74 177 -1
18 1 4 74 230 -1
18 1 4 74 231 0.870866
18 1 4 74 232 -1
18 3 4 175 230 0.97971
18 3 4 175 231 -1
18 3 4 175 232 -1
18 3 4 176 230 -1
18 3 4 176 231 0.764373
18 3 4 176 232 -1
18 3 4 177 230 -1
18 3 4 177 231 -1
18 3 4 177 232 0.979903
end of Frame 203
