J OverallIdx viewIdx joint种类0-18(jointIdx) 该joint在图中的顺序(candidix) x y score
0 0 0 0 496.309 392.207 0.684809
1 0 0 1 280.561 428.021 0.616352
2 0 1 0 266.368 210.762 0.867903
3 0 1 1 504.718 210.833 0.891045
4 0 2 0 476.731 392.232 0.664016
5 0 2 1 325.414 425.922 0.614424
6 0 3 0 513.207 392.178 0.662879
7 0 3 1 235.705 428.04 0.59468
8 0 4 0 459.829 145.596 0.946787
9 0 5 0 473.918 208.782 0.793657
10 0 5 1 336.56 208.735 0.804844
11 0 6 0 193.625 210.854 0.84779
12 0 6 1 530.136 210.935 0.845896
13 0 7 0 493.586 518.724 0.712615
14 0 7 1 325.326 586.248 0.795391
15 0 8 0 527.14 525.089 0.777589
16 0 8 1 241.138 594.67 0.707593
17 0 9 0 300.103 124.416 0.912886
18 0 10 0 232.823 128.61 0.584855
19 0 10 1 504.817 143.45 0.948292
20 0 11 0 468.33 282.577 0.255
21 0 11 1 387 326.897 0.889216
22 0 12 0 594.641 278.385 0.928578
23 0 12 1 171.187 337.36 0.818958
24 0 13 0 507.559 632.543 0.843008
25 0 13 1 342.172 744.381 0.58345
26 0 14 0 549.615 649.545 0.7977
27 0 14 1 255.102 763.319 0.614345
28 0 15 0 457.059 324.751 0.158817
29 0 15 1 350.562 400.629 0.670122
30 0 16 0 538.4 333.145 0.808532
31 0 16 1 213.037 413.284 0.675208
32 0 17 0 513.196 687.436 0.755282
33 0 18 0 451.449 649.512 0.811797
34 1 0 0 532.931 379.581 0.601017
35 1 0 1 137.388 396.408 0.548953
36 1 0 2 597.363 396.448 0.677063
37 1 1 0 142.94 193.919 0.781792
38 1 1 1 594.461 227.855 0.890474
39 1 1 2 529.996 244.583 0.789741
40 1 2 0 510.478 379.552 0.735549
41 1 2 1 81.3444 398.539 0.467838
42 1 2 2 616.984 396.399 0.658161
43 1 2 3 67.3274 485.005 0.329558
44 1 3 0 187.828 394.273 0.610906
45 1 3 1 574.865 392.185 0.745246
46 1 4 0 145.871 111.715 0.920022
47 1 4 1 530.003 193.898 0.926329
48 1 5 0 95.288 126.611 0.560704
49 1 5 1 78.5938 189.764 0.459814
50 1 5 2 616.9 227.748 0.887549
51 1 5 3 499.215 244.694 0.883964
52 1 6 0 207.473 196.181 0.791486
53 1 6 1 569.326 232.017 0.928765
54 1 7 0 524.432 482.9 0.846955
55 1 7 1 597.329 516.634 0.799945
56 1 7 2 103.822 554.603 0.187745
57 1 7 3 126.292 685.358 0.450526
58 1 8 0 572.012 514.582 0.819321
59 1 8 1 213.106 548.222 0.679729
60 1 9 0 92.5382 92.8895 0.57856
61 1 9 1 594.473 170.836 0.661167
62 1 9 2 507.609 191.922 0.691038
63 1 10 0 187.958 109.551 0.803788
64 1 10 1 552.501 183.493 0.85202
65 1 11 0 457.134 295.166 0.957446
66 1 11 1 642.214 316.348 0.829259
67 1 11 2 148.566 326.869 0.786349
68 1 12 0 232.645 299.483 0.759175
69 1 12 1 572.217 328.956 0.903415
70 1 13 0 527.321 569.347 0.829164
71 1 13 1 642.199 630.53 0.807833
72 1 14 0 577.731 647.349 0.803486
73 1 14 1 235.674 683.218 0.780596
74 1 15 0 482.435 331.156 0.9077
75 1 15 1 611.315 362.683 0.36287
76 1 16 0 255.255 379.65 0.864881
77 1 16 1 546.923 394.285 0.830328
78 1 17 0 524.469 649.525 0.871988
79 1 17 1 238.418 733.839 0.76034
80 1 18 0 488.036 594.635 0.801664
81 1 18 1 611.363 643.15 0.437561
82 2 0 0 403.878 291.013 0.754653
83 2 0 1 645.033 381.714 0.671683
84 2 1 0 392.511 130.811 0.884749
85 2 1 1 684.421 246.756 0.848155
86 2 1 2 617.048 552.487 0.677387
87 2 2 0 372.985 295.138 0.787162
88 2 2 1 628.17 377.45 0.672485
89 2 3 0 434.742 284.683 0.780067
90 2 3 1 664.647 392.24 0.65189
91 2 4 0 429.032 92.6831 0.886793
92 2 4 1 619.705 187.664 0.827338
93 2 4 2 779.698 514.395 0.894425
94 2 5 0 344.815 143.457 0.812551
95 2 5 1 661.863 227.693 0.668392
96 2 5 2 616.898 630.524 0.520659
97 2 6 0 437.503 124.344 0.887994
98 2 6 1 712.373 272.007 0.779897
99 2 6 2 616.828 482.958 0.63348
100 2 7 0 370.316 396.337 0.882218
101 2 7 1 616.958 463.895 0.61258
102 2 8 0 434.608 381.758 0.834815
103 2 8 1 650.639 465.979 0.367507
104 2 9 0 375.753 84.3815 0.839857
105 2 9 1 701.01 497.594 0.882978
106 2 10 0 661.77 191.787 0.888388
107 2 11 0 280.274 210.852 0.916661
108 2 11 1 644.982 284.695 0.561145
109 2 11 2 586.08 763.331 0.295249
110 2 12 0 459.793 166.579 0.814883
111 2 12 1 729.309 366.906 0.856879
112 2 13 0 370.177 478.709 0.873932
113 2 14 0 431.844 459.65 0.804441
114 2 15 0 336.544 261.501 0.889629
115 2 15 1 617.117 339.509 0.669776
116 2 16 0 462.84 227.62 0.905276
117 2 16 1 681.409 413.272 0.158441
118 2 16 2 681.394 664.286 0.240485
119 2 17 0 468.331 482.923 0.809708
120 2 18 0 375.818 514.608 0.718929
121 3 0 0 594.478 350.068 0.777109
122 3 0 1 302.937 366.95 0.682568
123 3 0 2 1029.2 396.405 0.436284
124 3 1 0 1029.21 160.251 0.776031
125 3 1 1 280.481 185.602 0.789721
126 3 1 2 597.342 193.972 0.928231
127 3 2 0 566.398 347.991 0.710983
128 3 2 1 286.058 371.127 0.638503
129 3 3 0 622.532 352.163 0.70042
130 3 3 1 322.543 364.85 0.625403
131 3 3 2 959.15 394.299 0.530306
132 3 4 0 336.564 120.174 0.818408
133 3 4 1 552.592 141.255 0.882209
134 3 5 0 260.764 189.806 0.801948
135 3 5 1 549.679 191.909 0.902458
136 3 6 0 936.713 162.314 0.782498
137 3 6 1 302.767 181.336 0.704172
138 3 6 2 645.067 194.116 0.849794
139 3 7 0 569.131 470.206 0.766651
140 3 7 1 294.479 514.48 0.687382
141 3 8 0 619.879 480.73 0.844788
142 3 8 1 311.28 508.173 0.700751
143 3 8 2 950.55 537.742 0.746322
144 3 9 0 288.798 120.166 0.844351
145 3 10 0 995.579 75.9023 0.614422
146 3 10 1 608.507 130.771 0.857915
147 3 11 0 216.057 271.983 0.833198
148 3 11 1 527.364 272.028 0.886172
149 3 12 0 667.493 278.373 0.898159
150 3 12 1 905.729 286.8 0.725399
151 3 13 0 572.199 565.18 0.875489
152 3 13 1 277.656 649.551 0.800861
153 3 14 0 619.743 584.167 0.820145
154 3 14 1 305.699 615.649 0.840666
155 3 14 2 905.87 683.232 0.758268
156 3 15 0 277.663 328.884 0.914485
157 3 15 1 532.843 339.511 0.821628
158 3 16 0 639.528 347.884 0.899201
159 3 16 1 911.497 377.482 0.714662
160 3 17 0 608.524 615.844 0.757045
161 3 17 1 367.437 617.838 0.896242
162 3 17 2 947.796 683.297 0.575692
163 3 18 0 574.936 598.956 0.815486
164 3 18 1 342.175 674.76 0.760616
165 4 0 0 888.933 227.662 0.783459
166 4 0 1 981.568 253.069 0.68895
167 4 0 2 667.514 339.505 0.530281
168 4 1 0 995.496 109.553 0.888248
169 4 1 1 681.362 115.969 0.846656
170 4 1 2 886.235 126.443 0.941942
171 4 2 0 866.613 227.657 0.799811
172 4 2 1 1029.2 253.044 0.64702
173 4 2 2 712.351 341.594 0.540934
174 4 3 0 911.361 227.71 0.718931
175 4 3 1 953.543 253.017 0.659628
176 4 3 2 622.642 337.387 0.522054
177 4 4 0 880.493 90.5716 0.836126
178 4 5 0 1029.21 105.458 0.715077
179 4 5 1 748.636 115.951 0.787766
180 4 5 2 858.178 126.528 0.898699
181 4 6 0 953.482 109.698 0.843366
182 4 6 1 614.018 113.934 0.784977
183 4 6 2 914.257 124.415 0.788113
184 4 7 0 846.975 309.958 0.786552
185 4 7 1 1001.12 356.346 0.805476
186 4 7 2 703.765 514.569 0.776771
187 4 8 0 894.616 309.93 0.598372
188 4 8 1 922.616 347.983 0.771936
189 4 8 2 617.098 506.079 0.766104
190 4 9 0 726.27 46.4103 0.773202
191 4 9 1 998.286 50.6109 0.676842
192 4 9 2 861.019 80.1903 0.202078
193 4 10 0 650.594 56.8698 0.717651
194 4 10 1 950.666 59.1126 0.763424
195 4 10 2 908.506 78.0353 0.637333
196 4 11 0 844.155 179.285 0.71138
197 4 11 1 824.472 210.836 0.822132
198 4 12 0 939.475 187.694 0.784889
199 4 12 1 544.053 208.818 0.884358
200 4 13 0 821.739 383.826 0.768783
201 4 13 1 1029.2 457.547 0.74943
202 4 13 2 689.943 659.993 0.758224
203 4 14 0 886.083 366.959 0.696578
204 4 14 1 908.715 463.85 0.872956
205 4 14 2 600.174 638.975 0.745357
206 4 15 0 869.4 170.788 0.607436
207 4 15 1 771.122 274.147 0.858585
208 4 16 0 886.129 158.101 0.285351
209 4 16 1 905.734 244.725 0.902129
210 4 16 2 597.375 265.678 0.802503
211 4 17 0 883.381 379.611 0.374747
212 4 17 1 891.839 459.681 0.606715
213 4 17 2 611.308 638.914 0.405895
214 4 18 0 832.847 398.617 0.64698
215 4 18 1 973.044 457.59 0.523547
216 4 18 2 740.342 647.393 0.728209
P viewIdx, pafIdx, aOverAllIdx, bOverAllIdx, CandidAIdx, CandidBIdx, score
0 0 2 0 0 0 0
0 0 2 1 0 1 0.970987
0 0 3 0 1 0 0.980398
0 0 3 1 1 1 0
0 1 4 13 0 0 0.987826
0 1 4 14 0 1 0
0 1 5 13 1 0 0
0 1 5 14 1 1 0.98744
0 2 13 24 0 0 0.980842
0 2 13 25 0 1 0
0 2 14 24 1 0 0
0 2 14 25 1 1 0.988858
0 3 0 4 0 0 0.92673
0 3 0 5 0 1 0
0 3 1 4 1 0 0
0 3 1 5 1 1 0.885399
0 4 0 6 0 0 0.933699
0 4 0 7 0 1 0
0 4 1 6 1 0 0
0 4 1 7 1 1 0.885024
0 5 6 15 0 0 0.976759
0 5 6 16 0 1 0
0 5 7 15 1 0 0
0 5 7 16 1 1 0.974281
0 6 15 26 0 0 0.996104
0 6 15 27 0 1 0
0 6 16 26 1 0 0
0 6 16 27 1 1 0.978497
0 7 2 9 0 0 0
0 7 2 10 0 1 0.999103
0 7 3 9 1 0 0.988895
0 7 3 10 1 1 0
0 8 9 20 0 0 0.823493
0 8 9 21 0 1 0
0 8 10 20 1 0 0
0 8 10 21 1 1 0.998715
0 9 20 28 0 0 0.774632
0 9 20 29 0 1 0
0 9 21 28 1 0 0
0 9 21 29 1 1 0.965574
0 10 9 17 0 0 0
0 10 10 17 1 0 0.996139
0 11 2 11 0 0 0.999831
0 11 2 12 0 1 0
0 11 3 11 1 0 0
0 11 3 12 1 1 0.991753
0 12 11 22 0 0 0
0 12 11 23 0 1 0.947416
0 12 12 22 1 0 0.992152
0 12 12 23 1 1 0
0 13 22 30 0 0 0.942949
0 13 22 31 0 1 0
0 13 23 30 1 0 0
0 13 23 31 1 1 0.982695
0 14 11 18 0 0 0.872838
0 14 11 19 0 1 0
0 14 12 18 1 0 0
0 14 12 19 1 1 0.999056
0 15 2 8 0 0 0
0 15 3 8 1 0 0.990807
0 16 26 32 0 0 0.943626
0 16 27 32 1 0 0
0 17 24 33 0 0 0.971474
0 17 25 33 1 0 0
1 0 37 34 0 0 0
1 0 37 35 0 1 0.977247
1 0 37 36 0 2 0
1 0 38 34 1 0 0.264355
1 0 38 35 1 1 0
1 0 38 36 1 2 0.281639
1 0 39 34 2 0 0.282356
1 0 39 35 2 1 0
1 0 39 36 2 2 0.264553
1 1 40 54 0 0 0.97999
1 1 40 55 0 1 0
1 1 40 56 0 2 0
1 1 40 57 0 3 0
1 1 41 54 1 0 0
1 1 41 55 1 1 0
1 1 41 56 1 2 0.263092
1 1 41 57 1 3 0.267155
1 1 42 54 2 0 0
1 1 42 55 2 1 0.968062
1 1 42 56 2 2 0
1 1 42 57 2 3 0
1 1 43 54 3 0 0
1 1 43 55 3 1 0
1 1 43 56 3 2 0.267147
1 1 43 57 3 3 0.263104
1 2 54 70 0 0 0.986395
1 2 54 71 0 1 0
1 2 55 70 1 0 0
1 2 55 71 1 1 0.99279
1 2 56 70 2 0 0
1 2 56 71 2 1 0
1 2 57 70 3 0 0
1 2 57 71 3 1 0
1 3 34 40 0 0 0.935794
1 3 34 41 0 1 0
1 3 34 42 0 2 0
1 3 34 43 0 3 0
1 3 35 40 1 0 0
1 3 35 41 1 1 0.882073
1 3 35 42 1 2 0
1 3 35 43 1 3 0
1 3 36 40 2 0 0
1 3 36 41 2 1 0
1 3 36 42 2 2 0.915587
1 3 36 43 2 3 0
1 4 34 44 0 0 0
1 4 34 45 0 1 0.510202
1 4 35 44 1 0 0.902695
1 4 35 45 1 1 0
1 4 36 44 2 0 0
1 4 36 45 2 1 0.489798
1 5 44 58 0 0 0
1 5 44 59 0 1 0.986333
1 5 45 58 1 0 0.9974
1 5 45 59 1 1 0
1 6 58 72 0 0 0.996923
1 6 58 73 0 1 0
1 6 59 72 1 0 0
1 6 59 73 1 1 0.986366
1 7 37 48 0 0 0
1 7 37 49 0 1 0.960195
1 7 37 50 0 2 0
1 7 37 51 0 3 0
1 7 38 48 1 0 0
1 7 38 49 1 1 0
1 7 38 50 1 2 0.986175
1 7 38 51 1 3 0
1 7 39 48 2 0 0
1 7 39 49 2 1 0
1 7 39 50 2 2 0
1 7 39 51 2 3 0.98636
1 8 48 65 0 0 0
1 8 48 66 0 1 0
1 8 48 67 0 2 0.514023
1 8 49 65 1 0 0
1 8 49 66 1 1 0
1 8 49 67 1 2 0.485977
1 8 50 65 2 0 0
1 8 50 66 2 1 0.995233
1 8 50 67 2 2 0
1 8 51 65 3 0 0.986019
1 8 51 66 3 1 0
1 8 51 67 3 2 0
1 9 65 74 0 0 0.991604
1 9 65 75 0 1 0
1 9 66 74 1 0 0
1 9 66 75 1 1 0.858959
1 9 67 74 2 0 0
1 9 67 75 2 1 0
1 10 48 60 0 0 0.517055
1 10 48 61 0 1 0
1 10 48 62 0 2 0
1 10 49 60 1 0 0.482945
1 10 49 61 1 1 0
1 10 49 62 1 2 0
1 10 50 60 2 0 0
1 10 50 61 2 1 0.903719
1 10 50 62 2 2 0
1 10 51 60 3 0 0
1 10 51 61 3 1 0
1 10 51 62 3 2 0.941973
1 11 37 52 0 0 0.978153
1 11 37 53 0 1 0
1 11 38 52 1 0 0
1 11 38 53 1 1 0.937976
1 11 39 52 2 0 0
1 11 39 53 2 1 0
1 12 52 68 0 0 0.996166
1 12 52 69 0 1 0
1 12 53 68 1 0 0
1 12 53 69 1 1 0.990553
1 13 68 76 0 0 0.99637
1 13 68 77 0 1 0
1 13 69 76 1 0 0
1 13 69 77 1 1 0.97659
1 14 52 63 0 0 0.961634
1 14 52 64 0 1 0
1 14 53 63 1 0 0
1 14 53 64 1 1 0.989873
1 15 37 46 0 0 0.985507
1 15 37 47 0 1 0
1 15 38 46 1 0 0
1 15 38 47 1 1 0.467519
1 15 39 46 2 0 0
1 15 39 47 2 1 0.532481
1 16 72 78 0 0 0.996776
1 16 72 79 0 1 0
1 16 73 78 1 0 0
1 16 73 79 1 1 0.955128
1 17 70 80 0 0 0.946891
1 17 70 81 0 1 0
1 17 71 80 1 0 0
1 17 71 81 1 1 0.872946
2 0 84 82 0 0 0.99485
2 0 84 83 0 1 0
2 0 85 82 1 0 0
2 0 85 83 1 1 0.930709
2 0 86 82 2 0 0
2 0 86 83 2 1 0
2 1 87 100 0 0 0.99318
2 1 87 101 0 1 0
2 1 88 100 1 0 0
2 1 88 101 1 1 0.936675
2 2 100 112 0 0 0.999882
2 2 101 112 1 0 0
2 3 82 87 0 0 0.960135
2 3 82 88 0 1 0
2 3 83 87 1 0 0
2 3 83 88 1 1 0.94418
2 4 82 89 0 0 0.945588
2 4 82 90 0 1 0
2 4 83 89 1 0 0
2 4 83 90 1 1 0.944287
2 5 89 102 0 0 0.993672
2 5 89 103 0 1 0
2 5 90 102 1 0 0
2 5 90 103 1 1 0.854261
2 6 102 113 0 0 0.992198
2 6 103 113 1 0 0
2 7 84 94 0 0 0.959886
2 7 84 95 0 1 0
2 7 84 96 0 2 0
2 7 85 94 1 0 0
2 7 85 95 1 1 0.975645
2 7 85 96 1 2 0
2 7 86 94 2 0 0
2 7 86 95 2 1 0
2 7 86 96 2 2 0.953408
2 8 94 107 0 0 0.986715
2 8 94 108 0 1 0
2 8 94 109 0 2 0
2 8 95 107 1 0 0
2 8 95 108 1 1 0.914713
2 8 95 109 1 2 0
2 8 96 107 2 0 0
2 8 96 108 2 1 0
2 8 96 109 2 2 0.935854
2 9 107 114 0 0 0.986053
2 9 107 115 0 1 0
2 9 108 114 1 0 0
2 9 108 115 1 1 0.924866
2 9 109 114 2 0 0
2 9 109 115 2 1 0
2 10 94 104 0 0 0.979897
2 10 94 105 0 1 0
2 10 95 104 1 0 0
2 10 95 105 1 1 0
2 10 96 104 2 0 0
2 10 96 105 2 1 0.972192
2 11 84 97 0 0 0.989374
2 11 84 98 0 1 0
2 11 84 99 0 2 0
2 11 85 97 1 0 0
2 11 85 98 1 1 0.997151
2 11 85 99 1 2 0
2 11 86 97 2 0 0
2 11 86 98 2 1 0
2 11 86 99 2 2 0.948254
2 12 97 110 0 0 0.996803
2 12 97 111 0 1 0
2 12 98 110 1 0 0
2 12 98 111 1 1 0.967474
2 12 99 110 2 0 0
2 12 99 111 2 1 0
2 13 110 116 0 0 0.993314
2 13 110 117 0 1 0
2 13 110 118 0 2 0
2 13 111 116 1 0 0
2 13 111 117 1 1 0.687581
2 13 111 118 1 2 0
2 14 97 106 0 0 0
2 14 98 106 1 0 0.999595
2 14 99 106 2 0 0
2 15 84 91 0 0 0.981699
2 15 84 92 0 1 0
2 15 84 93 0 2 0
2 15 85 91 1 0 0
2 15 85 92 1 1 0.999318
2 15 85 93 1 2 0
2 15 86 91 2 0 0
2 15 86 92 2 1 0
2 15 86 93 2 2 0.972295
2 16 113 119 0 0 0.978
2 17 112 120 0 0 0.965052
3 0 124 121 0 0 0
3 0 124 122 0 1 0
3 0 124 123 0 2 0.979648
3 0 125 121 1 0 0
3 0 125 122 1 1 0.957461
3 0 125 123 1 2 0
3 0 126 121 2 0 0.997238
3 0 126 122 2 1 0
3 0 126 123 2 2 0
3 1 127 139 0 0 0.993862
3 1 127 140 0 1 0
3 1 128 139 1 0 0
3 1 128 140 1 1 0.945899
3 2 139 151 0 0 0.996477
3 2 139 152 0 1 0
3 2 140 151 1 0 0
3 2 140 152 1 1 0.991135
3 3 121 127 0 0 0.927886
3 3 121 128 0 1 0
3 3 122 127 1 0 0
3 3 122 128 1 1 0.893167
3 3 123 127 2 0 0
3 3 123 128 2 1 0
3 4 121 129 0 0 0.926615
3 4 121 130 0 1 0
3 4 121 131 0 2 0
3 4 122 129 1 0 0
3 4 122 130 1 1 0.890237
3 4 122 131 1 2 0
3 4 123 129 2 0 0
3 4 123 130 2 1 0
3 4 123 131 2 2 0.871347
3 5 129 141 0 0 0.98464
3 5 129 142 0 1 0
3 5 129 143 0 2 0
3 5 130 141 1 0 0
3 5 130 142 1 1 0.954299
3 5 130 143 1 2 0
3 5 131 141 2 0 0
3 5 131 142 2 1 0
3 5 131 143 2 2 0.97496
3 6 141 153 0 0 0.998655
3 6 141 154 0 1 0
3 6 141 155 0 2 0
3 6 142 153 1 0 0
3 6 142 154 1 1 0.982218
3 6 142 155 1 2 0
3 6 143 153 2 0 0
3 6 143 154 2 1 0
3 6 143 155 2 2 0.984321
3 7 124 134 0 0 0
3 7 124 135 0 1 0
3 7 125 134 1 0 0.957068
3 7 125 135 1 1 0
3 7 126 134 2 0 0
3 7 126 135 2 1 0.997349
3 8 134 147 0 0 0.957843
3 8 134 148 0 1 0
3 8 135 147 1 0 0
3 8 135 148 1 1 0.981118
3 9 147 156 0 0 0.990476
3 9 147 157 0 1 0
3 9 148 156 1 0 0
3 9 148 157 1 1 0.997255
3 10 134 144 0 0 0.981757
3 10 135 144 1 0 0
3 11 124 136 0 0 0.982332
3 11 124 137 0 1 0
3 11 124 138 0 2 0
3 11 125 136 1 0 0
3 11 125 137 1 1 0.943157
3 11 125 138 1 2 0
3 11 126 136 2 0 0
3 11 126 137 2 1 0
3 11 126 138 2 2 0.99782
3 12 136 149 0 0 0
3 12 136 150 0 1 0.96886
3 12 137 149 1 0 0
3 12 137 150 1 1 0
3 12 138 149 2 0 0.988063
3 12 138 150 2 1 0
3 13 149 158 0 0 0.963639
3 13 149 159 0 1 0
3 13 150 158 1 0 0
3 13 150 159 1 1 0.992041
3 14 136 145 0 0 0.909488
3 14 136 146 0 1 0
3 14 137 145 1 0 0
3 14 137 146 1 1 0
3 14 138 145 2 0 0
3 14 138 146 2 1 0.991176
3 15 124 132 0 0 0
3 15 124 133 0 1 0
3 15 125 132 1 0 0.955214
3 15 125 133 1 1 0
3 15 126 132 2 0 0
3 15 126 133 2 1 0.999459
3 16 153 160 0 0 0.964042
3 16 153 161 0 1 0
3 16 153 162 0 2 0
3 16 154 160 1 0 0
3 16 154 161 1 1 0.985338
3 16 154 162 1 2 0
3 16 155 160 2 0 0
3 16 155 161 2 1 0
3 16 155 162 2 2 0.838886
3 17 151 163 0 0 0.998626
3 17 151 164 0 1 0
3 17 152 163 1 0 0
3 17 152 164 1 1 0.974663
4 0 168 165 0 0 0
4 0 168 166 0 1 0.952015
4 0 168 167 0 2 0
4 0 169 165 1 0 0
4 0 169 166 1 1 0
4 0 169 167 1 2 0.974892
4 0 170 165 2 0 0.989627
4 0 170 166 2 1 0
4 0 170 167 2 2 0
4 1 171 184 0 0 0.961562
4 1 171 185 0 1 0
4 1 171 186 0 2 0
4 1 172 184 1 0 0
4 1 172 185 1 1 0.988207
4 1 172 186 1 2 0
4 1 173 184 2 0 0
4 1 173 185 2 1 0
4 1 173 186 2 2 0.985163
4 2 184 200 0 0 0.940096
4 2 184 201 0 1 0
4 2 184 202 0 2 0
4 2 185 200 1 0 0
4 2 185 201 1 1 0.995825
4 2 185 202 1 2 0
4 2 186 200 2 0 0
4 2 186 201 2 1 0
4 2 186 202 2 2 0.98299
4 3 165 171 0 0 0.97483
4 3 165 172 0 1 0
4 3 165 173 0 2 0
4 3 166 171 1 0 0
4 3 166 172 1 1 0.924518
4 3 166 173 1 2 0
4 3 167 171 2 0 0
4 3 167 172 2 1 0
4 3 167 173 2 2 0.871988
4 4 165 174 0 0 0.961255
4 4 165 175 0 1 0
4 4 165 176 0 2 0
4 4 166 174 1 0 0
4 4 166 175 1 1 0.931867
4 4 166 176 1 2 0
4 4 167 174 2 0 0
4 4 167 175 2 1 0
4 4 167 176 2 2 0.861604
4 5 174 187 0 0 0.268432
4 5 174 188 0 1 0.26374
4 5 174 189 0 2 0
4 5 175 187 1 0 0.263673
4 5 175 188 1 1 0.26828
4 5 175 189 1 2 0
4 5 176 187 2 0 0
4 5 176 188 2 1 0
4 5 176 189 2 2 0.966879
4 6 187 203 0 0 0.269293
4 6 187 204 0 1 0.257005
4 6 187 205 0 2 0
4 6 188 203 1 0 0.256659
4 6 188 204 1 1 0.268939
4 6 188 205 1 2 0
4 6 189 203 2 0 0
4 6 189 204 2 1 0
4 6 189 205 2 2 0.95757
4 7 168 178 0 0 0.984339
4 7 168 179 0 1 0
4 7 168 180 0 2 0
4 7 169 178 1 0 0
4 7 169 179 1 1 0.98194
4 7 169 180 1 2 0
4 7 170 178 2 0 0
4 7 170 179 2 1 0
4 7 170 180 2 2 0.998148
4 8 178 196 0 0 0
4 8 178 197 0 1 0
4 8 179 196 1 0 0.253327
4 8 179 197 1 1 0.265246
4 8 180 196 2 0 0.265497
4 8 180 197 2 1 0.253337
4 9 196 206 0 0 0.900938
4 9 196 207 0 1 0
4 9 197 206 1 0 0
4 9 197 207 1 1 0.983448
4 10 178 190 0 0 0
4 10 178 191 0 1 0.91695
4 10 178 192 0 2 0
4 10 179 190 1 0 0.992112
4 10 179 191 1 1 0
4 10 179 192 1 2 0
4 10 180 190 2 0 0
4 10 180 191 2 1 0
4 10 180 192 2 2 0.735041
4 11 168 181 0 0 0.999573
4 11 168 182 0 1 0
4 11 168 183 0 2 0
4 11 169 181 1 0 0
4 11 169 182 1 1 0.965489
4 11 169 183 1 2 0
4 11 170 181 2 0 0
4 11 170 182 2 1 0
4 11 170 183 2 2 0.996355
4 12 181 198 0 0 0.5194
4 12 181 199 0 1 0
4 12 182 198 1 0 0
4 12 182 199 1 1 0.992266
4 12 183 198 2 0 0.4806
4 12 183 199 2 1 0
4 13 198 208 0 0 0
4 13 198 209 0 1 0.957159
4 13 198 210 0 2 0
4 13 199 208 1 0 0
4 13 199 209 1 1 0
4 13 199 210 1 2 0.990399
4 14 181 193 0 0 0
4 14 181 194 0 1 0.276853
4 14 181 195 0 2 0.261084
4 14 182 193 1 0 0.971275
4 14 182 194 1 1 0
4 14 182 195 1 2 0
4 14 183 193 2 0 0
4 14 183 194 2 1 0.260957
4 14 183 195 2 2 0.277151
4 15 168 177 0 0 0
4 15 169 177 1 0 0
4 15 170 177 2 0 0.987092
4 16 203 211 0 0 0.855011
4 16 203 212 0 1 0
4 16 203 213 0 2 0
4 16 204 211 1 0 0
4 16 204 212 1 1 0.919289
4 16 204 213 1 2 0
4 16 205 211 2 0 0
4 16 205 212 2 1 0
4 16 205 213 2 2 0.684255
4 17 200 214 0 0 0.911504
4 17 200 215 0 1 0
4 17 200 216 0 2 0
4 17 201 214 1 0 0
4 17 201 215 1 1 0.877328
4 17 201 216 1 2 0
4 17 202 214 2 0 0
4 17 202 215 2 1 0
4 17 202 216 2 2 0.920647
E jointIdx viewA viewB aOverAllIdx bOverallIdx score
0 0 1 0 34 0.439034
0 0 1 0 35 0.124464
0 0 1 0 36 0.21757
0 0 1 1 34 0.2882
0 0 1 1 35 -1
0 0 1 1 36 0.647257
0 0 2 0 82 0.948384
0 0 2 0 83 -1
0 0 2 1 82 -1
0 0 2 1 83 0.783789
0 0 3 0 121 -1
0 0 3 0 122 0.761544
0 0 3 0 123 -1
0 0 3 1 121 0.953353
0 0 3 1 122 -1
0 0 3 1 123 -1
0 0 4 0 165 -1
0 0 4 0 166 -1
0 0 4 0 167 0.944512
0 0 4 1 165 -1
0 0 4 1 166 -1
0 0 4 1 167 0.0554876
0 1 2 34 82 0.599648
0 1 2 34 83 0.400352
0 1 2 35 82 -1
0 1 2 35 83 -1
0 1 2 36 82 0.304426
0 1 2 36 83 0.695574
0 1 3 34 121 0.873324
0 1 3 34 122 0.762521
0 1 3 34 123 -1
0 1 3 35 121 -1
0 1 3 35 122 -1
0 1 3 35 123 0.875081
0 1 3 36 121 0.961392
0 1 3 36 122 0.620069
0 1 3 36 123 -1
0 1 4 34 165 -1
0 1 4 34 166 -1
0 1 4 34 167 0.780681
0 1 4 35 165 0.844924
0 1 4 35 166 0.972629
0 1 4 35 167 -1
0 1 4 36 165 -1
0 1 4 36 166 -1
0 1 4 36 167 -1
0 2 3 82 121 -1
0 2 3 82 122 0.849313
0 2 3 82 123 -1
0 2 3 83 121 0.837591
0 2 3 83 122 -1
0 2 3 83 123 -1
0 2 4 82 165 -1
0 2 4 82 166 -1
0 2 4 82 167 0.982769
0 2 4 83 165 -1
0 2 4 83 166 -1
0 2 4 83 167 -1
0 3 4 121 165 0.491454
0 3 4 121 166 0.32233
0 3 4 121 167 -1
0 3 4 122 165 -1
0 3 4 122 166 0.28361
0 3 4 122 167 0.744599
0 3 4 123 165 0.053008
0 3 4 123 166 0.39406
0 3 4 123 167 -1
1 0 1 2 37 0.0527507
1 0 1 2 38 0.332387
1 0 1 2 39 0.282243
1 0 1 3 37 -1
1 0 1 3 38 0.439612
1 0 1 3 39 0.524154
1 0 2 2 84 -1
1 0 2 2 85 0.919492
1 0 2 2 86 -1
1 0 2 3 84 0.981603
1 0 2 3 85 -1
1 0 2 3 86 -1
1 0 3 2 124 -1
1 0 3 2 125 0.442203
1 0 3 2 126 0.548859
1 0 3 3 124 -1
1 0 3 3 125 0.557797
1 0 3 3 126 0.451141
1 0 4 2 168 0.272802
1 0 4 2 169 0.171077
1 0 4 2 170 0.271025
1 0 4 3 168 0.190146
1 0 4 3 169 0.306478
1 0 4 3 170 0.192179
1 1 2 37 84 -1
1 1 2 37 85 -1
1 1 2 37 86 0.903923
1 1 2 38 84 -1
1 1 2 38 85 0.662655
1 1 2 38 86 -1
1 1 2 39 84 0.794842
1 1 2 39 85 0.309913
1 1 2 39 86 -1
1 1 3 37 124 0.828209
1 1 3 37 125 -1
1 1 3 37 126 0.0590614
1 1 3 38 124 -1
1 1 3 38 125 0.602287
1 1 3 38 126 0.456853
1 1 3 39 124 -1
1 1 3 39 125 0.906272
1 1 3 39 126 0.484086
1 1 4 37 168 0.972485
1 1 4 37 169 -1
1 1 4 37 170 0.813836
1 1 4 38 168 -1
1 1 4 38 169 0.313766
1 1 4 38 170 -1
1 1 4 39 168 -1
1 1 4 39 169 0.936755
1 1 4 39 170 -1
1 2 3 84 124 -1
1 2 3 84 125 0.942531
1 2 3 84 126 -1
1 2 3 85 124 -1
1 2 3 85 125 -1
1 2 3 85 126 0.904352
1 2 3 86 124 0.95709
1 2 3 86 125 -1
1 2 3 86 126 -1
1 2 4 84 168 -1
1 2 4 84 169 0.944481
1 2 4 84 170 -1
1 2 4 85 168 -1
1 2 4 85 169 0.880107
1 2 4 85 170 -1
1 2 4 86 168 0.910817
1 2 4 86 169 -1
1 2 4 86 170 -1
1 3 4 124 168 0.142287
1 3 4 124 169 0.155609
1 3 4 124 170 0.102619
1 3 4 125 168 0.133157
1 3 4 125 169 0.148487
1 3 4 125 170 0.121559
1 3 4 126 168 0.129429
1 3 4 126 169 0.0987575
1 3 4 126 170 0.182913
2 0 1 4 40 0.739556
2 0 1 4 41 0.06761
2 0 1 4 42 0.325552
2 0 1 4 43 -1
2 0 1 5 40 0.260444
2 0 1 5 41 -1
2 0 1 5 42 0.674448
2 0 1 5 43 -1
2 0 2 4 87 0.786251
2 0 2 4 88 -1
2 0 2 5 87 -1
2 0 2 5 88 0.904208
2 0 3 4 127 -1
2 0 3 4 128 0.590451
2 0 3 5 127 0.971712
2 0 3 5 128 -1
2 0 4 4 171 -1
2 0 4 4 172 -1
2 0 4 4 173 0.614613
2 0 4 5 171 -1
2 0 4 5 172 -1
2 0 4 5 173 0.385387
2 1 2 40 87 0.712771
2 1 2 40 88 0.28723
2 1 2 41 87 -1
2 1 2 41 88 -1
2 1 2 42 87 -1
2 1 2 42 88 0.519896
2 1 2 43 87 -1
2 1 2 43 88 -1
2 1 3 40 127 0.569038
2 1 3 40 128 0.430962
2 1 3 41 127 -1
2 1 3 41 128 -1
2 1 3 42 127 0.565918
2 1 3 42 128 0.434082
2 1 3 43 127 -1
2 1 3 43 128 -1
2 1 4 40 171 -1
2 1 4 40 172 -1
2 1 4 40 173 0.920118
2 1 4 41 171 0.444653
2 1 4 41 172 0.941895
2 1 4 41 173 -1
2 1 4 42 171 -1
2 1 4 42 172 -1
2 1 4 42 173 -1
2 1 4 43 171 0.746565
2 1 4 43 172 -1
2 1 4 43 173 -1
2 2 3 87 127 -1
2 2 3 87 128 0.819941
2 2 3 88 127 0.896423
2 2 3 88 128 -1
2 2 4 87 171 0.435883
2 2 4 87 172 -1
2 2 4 87 173 0.903071
2 2 4 88 171 -1
2 2 4 88 172 -1
2 2 4 88 173 -1
2 3 4 127 171 0.436832
2 3 4 127 172 0.472895
2 3 4 127 173 -1
2 3 4 128 171 -1
2 3 4 128 172 0.527105
2 3 4 128 173 0.707316
3 0 1 6 44 0.307488
3 0 1 6 45 0.45193
3 0 1 7 44 -1
3 0 1 7 45 0.54807
3 0 2 6 89 0.982174
3 0 2 6 90 -1
3 0 2 7 89 -1
3 0 2 7 90 0.645248
3 0 3 6 129 -1
3 0 3 6 130 0.969517
3 0 3 6 131 -1
3 0 3 7 129 0.953014
3 0 3 7 130 -1
3 0 3 7 131 -1
3 0 4 6 174 -1
3 0 4 6 175 -1
3 0 4 6 176 0.855185
3 0 4 7 174 -1
3 0 4 7 175 -1
3 0 4 7 176 -1
3 1 2 44 89 -1
3 1 2 44 90 -1
3 1 2 45 89 0.480627
3 1 2 45 90 0.519373
3 1 3 44 129 -1
3 1 3 44 130 -1
3 1 3 44 131 0.877129
3 1 3 45 129 0.842877
3 1 3 45 130 0.631702
3 1 3 45 131 -1
3 1 4 44 174 0.741033
3 1 4 44 175 0.991427
3 1 4 44 176 -1
3 1 4 45 174 -1
3 1 4 45 175 -1
3 1 4 45 176 0.94922
3 2 3 89 129 -1
3 2 3 89 130 0.998723
3 2 3 89 131 -1
3 2 3 90 129 0.701446
3 2 3 90 130 -1
3 2 3 90 131 -1
3 2 4 89 174 -1
3 2 4 89 175 -1
3 2 4 89 176 0.706284
3 2 4 90 174 -1
3 2 4 90 175 -1
3 2 4 90 176 0.293716
3 3 4 129 174 0.548985
3 3 4 129 175 0.337229
3 3 4 129 176 -1
3 3 4 130 174 0.0523576
3 3 4 130 175 0.17236
3 3 4 130 176 0.538863
3 3 4 131 174 0.130162
3 3 4 131 175 0.40089
3 3 4 131 176 -1
4 0 1 8 46 -1
4 0 1 8 47 0.888537
4 0 2 8 91 0.925204
4 0 2 8 92 -1
4 0 2 8 93 -1
4 0 3 8 132 0.668458
4 0 3 8 133 0.331542
4 0 4 8 177 -1
4 1 2 46 91 -1
4 1 2 46 92 -1
4 1 2 46 93 0.949928
4 1 2 47 91 0.917265
4 1 2 47 92 0.817663
4 1 2 47 93 -1
4 1 3 46 132 -1
4 1 3 46 133 -1
4 1 3 47 132 0.499931
4 1 3 47 133 0.500069
4 1 4 46 177 0.76024
4 1 4 47 177 -1
4 2 3 91 132 0.966715
4 2 3 91 133 -1
4 2 3 92 132 -1
4 2 3 92 133 0.842359
4 2 3 93 132 -1
4 2 3 93 133 -1
4 2 4 91 177 -1
4 2 4 92 177 -1
4 2 4 93 177 0.195986
4 3 4 132 177 0.265106
4 3 4 133 177 0.734895
5 0 1 9 48 -1
5 0 1 9 49 -1
5 0 1 9 50 0.467129
5 0 1 9 51 0.5133
5 0 1 10 48 -1
5 0 1 10 49 -1
5 0 1 10 50 0.532871
5 0 1 10 51 0.4867
5 0 2 9 94 0.847326
5 0 2 9 95 -1
5 0 2 9 96 -1
5 0 2 10 94 -1
5 0 2 10 95 0.721542
5 0 2 10 96 -1
5 0 3 9 134 0.310646
5 0 3 9 135 0.273792
5 0 3 10 134 0.270862
5 0 3 10 135 0.307604
5 0 4 9 178 0.219257
5 0 4 9 179 0.253421
5 0 4 9 180 0.222469
5 0 4 10 178 0.246386
5 0 4 10 179 0.218824
5 0 4 10 180 0.243796
5 1 2 48 94 -1
5 1 2 48 95 -1
5 1 2 48 96 -1
5 1 2 49 94 -1
5 1 2 49 95 -1
5 1 2 49 96 0.782728
5 1 2 50 94 -1
5 1 2 50 95 0.504318
5 1 2 50 96 -1
5 1 2 51 94 0.987781
5 1 2 51 95 -1
5 1 2 51 96 -1
5 1 3 48 134 -1
5 1 3 48 135 -1
5 1 3 49 134 -1
5 1 3 49 135 -1
5 1 3 50 134 0.383347
5 1 3 50 135 0.616653
5 1 3 51 134 0.544531
5 1 3 51 135 0.455469
5 1 4 48 178 -1
5 1 4 48 179 -1
5 1 4 48 180 0.83436
5 1 4 49 178 0.944304
5 1 4 49 179 -1
5 1 4 49 180 0.501275
5 1 4 50 178 -1
5 1 4 50 179 -1
5 1 4 50 180 -1
5 1 4 51 178 -1
5 1 4 51 179 0.923692
5 1 4 51 180 0.0382497
5 2 3 94 134 0.992389
5 2 3 94 135 -1
5 2 3 95 134 -1
5 2 3 95 135 0.727631
5 2 3 96 134 -1
5 2 3 96 135 -1
5 2 4 94 178 -1
5 2 4 94 179 0.970747
5 2 4 94 180 -1
5 2 4 95 178 -1
5 2 4 95 179 0.178461
5 2 4 95 180 -1
5 2 4 96 178 0.993726
5 2 4 96 179 -1
5 2 4 96 180 -1
5 3 4 134 178 0.199186
5 3 4 134 179 0.206154
5 3 4 134 180 0.166241
5 3 4 135 178 0.181284
5 3 4 135 179 0.173595
5 3 4 135 180 0.217633
6 0 1 11 52 0.225061
6 0 1 11 53 0.480075
6 0 1 12 52 -1
6 0 1 12 53 0.436387
6 0 2 11 97 -1
6 0 2 11 98 0.994299
6 0 2 11 99 -1
6 0 2 12 97 0.978637
6 0 2 12 98 -1
6 0 2 12 99 -1
6 0 3 11 136 -1
6 0 3 11 137 0.466313
6 0 3 11 138 0.57621
6 0 3 12 136 -1
6 0 3 12 137 0.533687
6 0 3 12 138 0.42379
6 0 4 11 181 0.302395
6 0 4 11 182 0.12433
6 0 4 11 183 0.315579
6 0 4 12 181 0.197056
6 0 4 12 182 0.396454
6 0 4 12 183 0.182292
6 1 2 52 97 -1
6 1 2 52 98 -1
6 1 2 52 99 0.96475
6 1 2 53 97 0.883991
6 1 2 53 98 0.858094
6 1 2 53 99 -1
6 1 3 52 136 0.809256
6 1 3 52 137 0.0131833
6 1 3 52 138 0.156934
6 1 3 53 136 0.0221232
6 1 3 53 137 0.462678
6 1 3 53 138 0.455351
6 1 4 52 181 0.983395
6 1 4 52 182 -1
6 1 4 52 183 0.868444
6 1 4 53 181 -1
6 1 4 53 182 0.723434
6 1 4 53 183 -1
6 2 3 97 136 -1
6 2 3 97 137 0.96091
6 2 3 97 138 -1
6 2 3 98 136 -1
6 2 3 98 137 -1
6 2 3 98 138 0.9342
6 2 3 99 136 0.963806
6 2 3 99 137 -1
6 2 3 99 138 -1
6 2 4 97 181 -1
6 2 4 97 182 0.911364
6 2 4 97 183 -1
6 2 4 98 181 -1
6 2 4 98 182 -1
6 2 4 98 183 -1
6 2 4 99 181 0.989523
6 2 4 99 182 -1
6 2 4 99 183 0.596141
6 3 4 136 181 0.153056
6 3 4 136 182 0.159401
6 3 4 136 183 0.110361
6 3 4 137 181 0.136313
6 3 4 137 182 0.172527
6 3 4 137 183 0.1161
6 3 4 138 181 0.134802
6 3 4 138 182 0.0847453
6 3 4 138 183 0.20581
7 0 1 13 54 0.985607
7 0 1 13 55 -1
7 0 1 13 56 0.658471
7 0 1 13 57 -1
7 0 1 14 54 -1
7 0 1 14 55 0.924335
7 0 1 14 56 -1
7 0 1 14 57 -1
7 0 2 13 100 0.975413
7 0 2 13 101 -1
7 0 2 14 100 -1
7 0 2 14 101 0.795341
7 0 3 13 139 -1
7 0 3 13 140 0.875184
7 0 3 14 139 0.880984
7 0 3 14 140 -1
7 0 4 13 184 -1
7 0 4 13 185 -1
7 0 4 13 186 0.957035
7 0 4 14 184 -1
7 0 4 14 185 -1
7 0 4 14 186 -1
7 1 2 54 100 0.661233
7 1 2 54 101 0.338767
7 1 2 55 100 0.190566
7 1 2 55 101 0.809434
7 1 2 56 100 -1
7 1 2 56 101 -1
7 1 2 57 100 -1
7 1 2 57 101 -1
7 1 3 54 139 0.473184
7 1 3 54 140 0.526816
7 1 3 55 139 0.634134
7 1 3 55 140 0.365866
7 1 3 56 139 -1
7 1 3 56 140 -1
7 1 3 57 139 -1
7 1 3 57 140 -1
7 1 4 54 184 -1
7 1 4 54 185 -1
7 1 4 54 186 0.755294
7 1 4 55 184 -1
7 1 4 55 185 -1
7 1 4 55 186 -1
7 1 4 56 184 -1
7 1 4 56 185 0.909823
7 1 4 56 186 -1
7 1 4 57 184 0.84574
7 1 4 57 185 -1
7 1 4 57 186 -1
7 2 3 100 139 -1
7 2 3 100 140 0.924824
7 2 3 101 139 0.726044
7 2 3 101 140 -1
7 2 4 100 184 0.805638
7 2 4 100 185 -1
7 2 4 100 186 0.855779
7 2 4 101 184 -1
7 2 4 101 185 -1
7 2 4 101 186 -1
7 3 4 139 184 -1
7 3 4 139 185 0.499933
7 3 4 139 186 -1
7 3 4 140 184 -1
7 3 4 140 185 0.131882
7 3 4 140 186 0.550848
8 0 1 15 58 0.0581673
8 0 1 15 59 0.524179
8 0 1 16 58 0.663236
8 0 1 16 59 -1
8 0 2 15 102 0.84904
8 0 2 15 103 -1
8 0 2 16 102 -1
8 0 2 16 103 0.0906773
8 0 3 15 141 -1
8 0 3 15 142 0.784874
8 0 3 15 143 -1
8 0 3 16 141 0.957625
8 0 3 16 142 -1
8 0 3 16 143 -1
8 0 4 15 187 -1
8 0 4 15 188 -1
8 0 4 15 189 0.683114
8 0 4 16 187 -1
8 0 4 16 188 -1
8 0 4 16 189 -1
8 1 2 58 102 0.348636
8 1 2 58 103 0.372529
8 1 2 59 102 -1
8 1 2 59 103 -1
8 1 3 58 141 0.564383
8 1 3 58 142 0.338606
8 1 3 58 143 -1
8 1 3 59 141 -1
8 1 3 59 142 -1
8 1 3 59 143 0.873328
8 1 4 58 187 -1
8 1 4 58 188 -1
8 1 4 58 189 0.825348
8 1 4 59 187 0.629126
8 1 4 59 188 0.877084
8 1 4 59 189 -1
8 2 3 102 141 -1
8 2 3 102 142 0.953218
8 2 3 102 143 -1
8 2 3 103 141 -1
8 2 3 103 142 -1
8 2 3 103 143 -1
8 2 4 102 187 -1
8 2 4 102 188 -1
8 2 4 102 189 0.794756
8 2 4 103 187 -1
8 2 4 103 188 -1
8 2 4 103 189 -1
8 3 4 141 187 0.0366507
8 3 4 141 188 0.971095
8 3 4 141 189 -1
8 3 4 142 187 -1
8 3 4 142 188 -1
8 3 4 142 189 0.875606
8 3 4 143 187 -1
8 3 4 143 188 0.834268
8 3 4 143 189 -1
9 0 1 17 60 -1
9 0 1 17 61 0.912042
9 0 1 17 62 0.452812
9 0 2 17 104 0.286426
9 0 2 17 105 -1
9 0 3 17 144 -1
9 0 4 17 190 0.953185
9 0 4 17 191 -1
9 0 4 17 192 -1
9 1 2 60 104 -1
9 1 2 60 105 0.890677
9 1 2 61 104 -1
9 1 2 61 105 -1
9 1 2 62 104 0.984251
9 1 2 62 105 -1
9 1 3 60 144 -1
9 1 3 61 144 0.394978
9 1 3 62 144 0.872282
9 1 4 60 190 -1
9 1 4 60 191 0.984822
9 1 4 60 192 0.145507
9 1 4 61 190 -1
9 1 4 61 191 -1
9 1 4 61 192 -1
9 1 4 62 190 0.947856
9 1 4 62 191 -1
9 1 4 62 192 -1
9 2 3 104 144 0.910931
9 2 3 105 144 -1
9 2 4 104 190 0.833134
9 2 4 104 191 -1
9 2 4 104 192 -1
9 2 4 105 190 -1
9 2 4 105 191 0.866811
9 2 4 105 192 -1
9 3 4 144 190 0.413871
9 3 4 144 191 0.402583
9 3 4 144 192 0.183547
10 0 1 18 63 0.071301
10 0 1 18 64 0.491669
10 0 1 19 63 -1
10 0 1 19 64 0.508331
10 0 2 18 106 0.938944
10 0 2 19 106 -1
10 0 3 18 145 -1
10 0 3 18 146 0.924646
10 0 3 19 145 -1
10 0 3 19 146 -1
10 0 4 18 193 0.403364
10 0 4 18 194 0.16267
10 0 4 18 195 -1
10 0 4 19 193 0.596636
10 0 4 19 194 -1
10 0 4 19 195 -1
10 1 2 63 106 -1
10 1 2 64 106 0.977676
10 1 3 63 145 0.969006
10 1 3 63 146 -1
10 1 3 64 145 -1
10 1 3 64 146 0.845971
10 1 4 63 193 -1
10 1 4 63 194 0.878639
10 1 4 63 195 0.93105
10 1 4 64 193 0.642564
10 1 4 64 194 -1
10 1 4 64 195 -1
10 2 3 106 145 -1
10 2 3 106 146 0.967077
10 2 4 106 193 0.201852
10 2 4 106 194 -1
10 2 4 106 195 -1
10 3 4 145 193 0.284386
10 3 4 145 194 0.251985
10 3 4 145 195 0.138988
10 3 4 146 193 0.174537
10 3 4 146 194 0.206504
10 3 4 146 195 0.317985
11 0 1 20 65 0.932056
11 0 1 20 66 0.37079
11 0 1 20 67 -1
11 0 1 21 65 0.00964162
11 0 1 21 66 0.545048
11 0 1 21 67 0.298454
11 0 2 20 107 0.96672
11 0 2 20 108 -1
11 0 2 20 109 -1
11 0 2 21 107 -1
11 0 2 21 108 0.876185
11 0 2 21 109 -1
11 0 3 20 147 0.838863
11 0 3 20 148 0.152268
11 0 3 21 147 -1
11 0 3 21 148 0.835573
11 0 4 20 196 0.329136
11 0 4 20 197 0.601625
11 0 4 21 196 -1
11 0 4 21 197 0.139652
11 1 2 65 107 0.970265
11 1 2 65 108 -1
11 1 2 65 109 -1
11 1 2 66 107 -1
11 1 2 66 108 0.648458
11 1 2 66 109 -1
11 1 2 67 107 -1
11 1 2 67 108 -1
11 1 2 67 109 -1
11 1 3 65 147 0.517829
11 1 3 65 148 0.482171
11 1 3 66 147 0.469383
11 1 3 66 148 0.530617
11 1 3 67 147 -1
11 1 3 67 148 -1
11 1 4 65 196 0.337319
11 1 4 65 197 0.662681
11 1 4 66 196 -1
11 1 4 66 197 -1
11 1 4 67 196 0.795386
11 1 4 67 197 0.0837189
11 2 3 107 147 0.928795
11 2 3 107 148 -1
11 2 3 108 147 -1
11 2 3 108 148 0.833817
11 2 3 109 147 -1
11 2 3 109 148 -1
11 2 4 107 196 0.525571
11 2 4 107 197 0.474429
11 2 4 108 196 -1
11 2 4 108 197 -1
11 2 4 109 196 -1
11 2 4 109 197 -1
11 3 4 147 196 0.309308
11 3 4 147 197 0.366511
11 3 4 148 196 0.373694
11 3 4 148 197 0.310704
12 0 1 22 68 0.994357
12 0 1 22 69 -1
12 0 1 23 68 -1
12 0 1 23 69 0.926449
12 0 2 22 110 0.882135
12 0 2 22 111 -1
12 0 2 23 110 -1
12 0 2 23 111 0.948944
12 0 3 22 149 -1
12 0 3 22 150 -1
12 0 3 23 149 0.837717
12 0 3 23 150 -1
12 0 4 22 198 0.313195
12 0 4 22 199 0.377295
12 0 4 23 198 -1
12 0 4 23 199 0.490652
12 1 2 68 110 -1
12 1 2 68 111 -1
12 1 2 69 110 -1
12 1 2 69 111 0.978157
12 1 3 68 149 0.26528
12 1 3 68 150 0.381393
12 1 3 69 149 0.382227
12 1 3 69 150 0.259225
12 1 4 68 198 0.988202
12 1 4 68 199 -1
12 1 4 69 198 -1
12 1 4 69 199 -1
12 2 3 110 149 -1
12 2 3 110 150 -1
12 2 3 111 149 0.889338
12 2 3 111 150 -1
12 2 4 110 198 -1
12 2 4 110 199 0.96916
12 2 4 111 198 -1
12 2 4 111 199 -1
12 3 4 149 198 0.312932
12 3 4 149 199 0.359325
12 3 4 150 198 0.347537
12 3 4 150 199 0.295721
13 0 1 24 70 0.933942
13 0 1 24 71 -1
13 0 1 25 70 -1
13 0 1 25 71 0.91261
13 0 2 24 112 0.841292
13 0 2 25 112 -1
13 0 3 24 151 -1
13 0 3 24 152 0.985708
13 0 3 25 151 0.817591
13 0 3 25 152 -1
13 0 4 24 200 -1
13 0 4 24 201 -1
13 0 4 24 202 0.950773
13 0 4 25 200 -1
13 0 4 25 201 -1
13 0 4 25 202 -1
13 1 2 70 112 0.73912
13 1 2 71 112 -1
13 1 3 70 151 0.303372
13 1 3 70 152 0.347437
13 1 3 71 151 0.350042
13 1 3 71 152 0.311444
13 1 4 70 200 -1
13 1 4 70 201 -1
13 1 4 70 202 0.839754
13 1 4 71 200 -1
13 1 4 71 201 -1
13 1 4 71 202 -1
13 2 3 112 151 -1
13 2 3 112 152 0.857519
13 2 4 112 200 0.106865
13 2 4 112 201 -1
13 2 4 112 202 0.962609
13 3 4 151 200 -1
13 3 4 151 201 -1
13 3 4 151 202 -1
13 3 4 152 200 -1
13 3 4 152 201 -1
13 3 4 152 202 0.907676
14 0 1 26 72 -1
14 0 1 26 73 -1
14 0 1 27 72 0.762652
14 0 1 27 73 -1
14 0 2 26 113 0.703793
14 0 2 27 113 -1
14 0 3 26 153 -1
14 0 3 26 154 0.833876
14 0 3 26 155 -1
14 0 3 27 153 0.945765
14 0 3 27 154 -1
14 0 3 27 155 -1
14 0 4 26 203 -1
14 0 4 26 204 -1
14 0 4 26 205 0.895688
14 0 4 27 203 -1
14 0 4 27 204 -1
14 0 4 27 205 -1
14 1 2 72 113 -1
14 1 2 73 113 -1
14 1 3 72 153 0.882309
14 1 3 72 154 -1
14 1 3 72 155 -1
14 1 3 73 153 -1
14 1 3 73 154 -1
14 1 3 73 155 0.766432
14 1 4 72 203 -1
14 1 4 72 204 -1
14 1 4 72 205 0.503395
14 1 4 73 203 0.211891
14 1 4 73 204 0.84773
14 1 4 73 205 -1
14 2 3 113 153 -1
14 2 3 113 154 0.872502
14 2 3 113 155 -1
14 2 4 113 203 -1
14 2 4 113 204 -1
14 2 4 113 205 0.977755
14 3 4 153 203 -1
14 3 4 153 204 0.39799
14 3 4 153 205 -1
14 3 4 154 203 -1
14 3 4 154 204 -1
14 3 4 154 205 0.923581
14 3 4 155 203 -1
14 3 4 155 204 0.940742
14 3 4 155 205 -1
15 0 1 28 74 0.922915
15 0 1 28 75 0.0770851
15 0 1 29 74 -1
15 0 1 29 75 0.602833
15 0 2 28 114 0.886903
15 0 2 28 115 -1
15 0 2 29 114 -1
15 0 2 29 115 0.85311
15 0 3 28 156 0.894987
15 0 3 28 157 -1
15 0 3 29 156 -1
15 0 3 29 157 0.977385
15 0 4 28 206 -1
15 0 4 28 207 0.866047
15 0 4 29 206 -1
15 0 4 29 207 0.0833573
15 1 2 74 114 0.783717
15 1 2 74 115 0.216283
15 1 2 75 114 -1
15 1 2 75 115 0.616532
15 1 3 74 156 0.444406
15 1 3 74 157 0.270499
15 1 3 75 156 0.348802
15 1 3 75 157 0.427434
15 1 4 74 206 -1
15 1 4 74 207 0.990648
15 1 4 75 206 -1
15 1 4 75 207 -1
15 2 3 114 156 0.997236
15 2 3 114 157 -1
15 2 3 115 156 -1
15 2 3 115 157 0.878479
15 2 4 114 206 0.513439
15 2 4 114 207 0.486561
15 2 4 115 206 -1
15 2 4 115 207 -1
15 3 4 156 206 -1
15 3 4 156 207 0.552147
15 3 4 157 206 -1
15 3 4 157 207 0.447853
16 0 1 30 76 -1
16 0 1 30 77 -1
16 0 1 31 76 -1
16 0 1 31 77 0.984028
16 0 2 30 116 0.974806
16 0 2 30 117 -1
16 0 2 30 118 -1
16 0 2 31 116 -1
16 0 2 31 117 0.903621
16 0 2 31 118 -1
16 0 3 30 158 -1
16 0 3 30 159 -1
16 0 3 31 158 0.922748
16 0 3 31 159 -1
16 0 4 30 208 -1
16 0 4 30 209 -1
16 0 4 30 210 0.565914
16 0 4 31 208 -1
16 0 4 31 209 -1
16 0 4 31 210 0.434086
16 1 2 76 116 -1
16 1 2 76 117 -1
16 1 2 76 118 0.737092
16 1 2 77 116 -1
16 1 2 77 117 0.795382
16 1 2 77 118 -1
16 1 3 76 158 -1
16 1 3 76 159 0.708226
16 1 3 77 158 0.949812
16 1 3 77 159 -1
16 1 4 76 208 -1
16 1 4 76 209 0.9732
16 1 4 76 210 -1
16 1 4 77 208 -1
16 1 4 77 209 -1
16 1 4 77 210 -1
16 2 3 116 158 -1
16 2 3 116 159 -1
16 2 3 117 158 0.984562
16 2 3 117 159 -1
16 2 3 118 158 -1
16 2 3 118 159 0.75449
16 2 4 116 208 -1
16 2 4 116 209 -1
16 2 4 116 210 0.865058
16 2 4 117 208 -1
16 2 4 117 209 -1
16 2 4 117 210 -1
16 2 4 118 208 -1
16 2 4 118 209 0.9084
16 2 4 118 210 -1
16 3 4 158 208 -1
16 3 4 158 209 0.554721
16 3 4 158 210 0.501619
16 3 4 159 208 -1
16 3 4 159 209 0.445279
16 3 4 159 210 0.0650744
17 0 1 32 78 0.0745255
17 0 1 32 79 -1
17 0 2 32 119 0.946336
17 0 3 32 160 -1
17 0 3 32 161 0.90925
17 0 3 32 162 -1
17 0 4 32 211 -1
17 0 4 32 212 -1
17 0 4 32 213 0.903174
17 1 2 78 119 -1
17 1 2 79 119 -1
17 1 3 78 160 0.890571
17 1 3 78 161 -1
17 1 3 78 162 -1
17 1 3 79 160 -1
17 1 3 79 161 -1
17 1 3 79 162 0.906655
17 1 4 78 211 -1
17 1 4 78 212 -1
17 1 4 78 213 -1
17 1 4 79 211 0.0142578
17 1 4 79 212 0.949298
17 1 4 79 213 -1
17 2 3 119 160 -1
17 2 3 119 161 0.969006
17 2 3 119 162 -1
17 2 4 119 211 -1
17 2 4 119 212 -1
17 2 4 119 213 0.596258
17 3 4 160 211 -1
17 3 4 160 212 0.835051
17 3 4 160 213 -1
17 3 4 161 211 -1
17 3 4 161 212 -1
17 3 4 161 213 0.525222
17 3 4 162 211 -1
17 3 4 162 212 0.99971
17 3 4 162 213 -1
18 0 1 33 80 0.979464
18 0 1 33 81 -1
18 0 2 33 120 0.989164
18 0 3 33 163 -1
18 0 3 33 164 0.789594
18 0 4 33 214 -1
18 0 4 33 215 -1
18 0 4 33 216 0.908915
18 1 2 80 120 0.794791
18 1 2 81 120 -1
18 1 3 80 163 0.341118
18 1 3 80 164 0.323143
18 1 3 81 163 0.316657
18 1 3 81 164 0.341691
18 1 4 80 214 -1
18 1 4 80 215 -1
18 1 4 80 216 0.94943
18 1 4 81 214 -1
18 1 4 81 215 -1
18 1 4 81 216 -1
18 2 3 120 163 -1
18 2 3 120 164 0.814407
18 2 4 120 214 0.0347592
18 2 4 120 215 -1
18 2 4 120 216 0.831647
18 3 4 163 214 -1
18 3 4 163 215 0.605927
18 3 4 163 216 -1
18 3 4 164 214 -1
18 3 4 164 215 -1
18 3 4 164 216 0.896694
end of Frame 184
