J OverallIdx viewIdx joint种类0-18(jointIdx) 该joint在图中的顺序(candidix) x y score
0 0 0 0 692.72 400.679 0.595454
1 0 0 1 238.467 425.986 0.617455
2 0 1 0 709.516 194.042 0.822511
3 0 1 1 238.378 208.805 0.846286
4 0 2 0 709.499 398.59 0.548074
5 0 2 1 263.681 430.134 0.614638
6 0 3 0 681.412 404.878 0.584022
7 0 3 1 213.252 421.744 0.549228
8 0 5 0 729.244 196.165 0.690463
9 0 5 1 277.529 210.749 0.833658
10 0 6 0 689.904 193.91 0.833186
11 0 6 1 210.205 208.784 0.79762
12 0 7 0 706.681 556.664 0.708324
13 0 7 1 283.353 584.086 0.62118
14 0 8 0 684.203 565.107 0.766036
15 0 8 1 235.53 575.693 0.615469
16 0 9 0 299.995 128.7 0.854961
17 0 10 0 235.68 126.604 0.299215
18 0 10 1 684.1 126.442 0.888828
19 0 11 0 754.476 278.321 0.492436
20 0 11 1 280.507 335.248 0.859243
21 0 12 0 703.838 278.341 0.91716
22 0 12 1 185.06 322.648 0.225689
23 0 13 0 712.292 697.923 0.672331
24 0 13 1 241.234 735.941 0.662819
25 0 14 0 695.467 717.019 0.718835
26 0 14 1 218.708 727.529 0.473264
27 0 15 0 723.53 328.932 0.163342
28 0 15 1 316.888 428.065 0.80331
29 0 16 0 645.052 345.727 0.81698
30 0 17 0 616.831 733.793 0.803233
31 0 17 1 300.041 733.815 0.173196
32 0 18 0 661.748 683.138 0.435491
33 0 18 1 308.489 738.035 0.668139
34 1 0 0 701.094 379.54 0.790042
35 1 0 1 569.3 398.509 0.744778
36 1 1 0 715.169 242.554 0.827471
37 1 1 1 558.048 240.346 0.840201
38 1 2 0 684.205 379.541 0.80227
39 1 2 1 597.356 396.497 0.72803
40 1 3 0 712.343 379.58 0.779298
41 1 3 1 532.81 398.525 0.698167
42 1 4 0 684.247 187.693 0.880282
43 1 5 0 703.83 242.532 0.777783
44 1 5 1 614.092 236.145 0.845274
45 1 6 0 504.912 240.416 0.886675
46 1 6 1 732.004 242.548 0.890996
47 1 7 0 687.118 480.775 0.83109
48 1 7 1 614.126 527.171 0.780118
49 1 8 0 25.1898 453.366 0.761718
50 1 8 1 709.61 480.802 0.857039
51 1 8 2 549.52 531.398 0.824416
52 1 9 0 588.893 177.183 0.85901
53 1 10 0 529.969 179.199 0.9272
54 1 10 1 712.363 191.922 0.888004
55 1 11 0 639.211 331.097 0.948059
56 1 12 0 774.095 295.238 0.968031
57 1 12 1 50.524 318.442 0.834764
58 1 12 2 496.393 333.183 0.811843
59 1 13 0 706.559 567.265 0.833079
60 1 13 1 622.519 662.075 0.769225
61 1 14 0 729.233 581.917 0.839657
62 1 14 1 555.273 655.806 0.7724
63 1 15 0 622.604 396.384 0.800761
64 1 16 0 726.27 333.148 0.897326
65 1 16 1 53.2261 358.507 0.859743
66 1 16 2 524.314 392.162 0.742402
67 1 17 0 695.436 601.008 0.763186
68 1 17 1 555.35 651.586 0.432051
69 1 18 0 661.937 582.011 0.961137
70 1 18 1 633.765 653.682 0.474906
71 2 0 0 521.639 227.772 0.785977
72 2 0 1 661.868 411.158 0.755218
73 2 1 0 532.85 78.1292 0.869021
74 2 1 1 675.812 253.009 0.789574
75 2 2 0 488 227.682 0.781188
76 2 2 1 687.055 404.856 0.700944
77 2 3 0 549.606 229.867 0.806226
78 2 3 1 636.642 413.297 0.722047
79 2 4 0 510.431 18.9784 0.859285
80 2 4 1 605.762 183.44 0.777771
81 2 5 0 487.922 75.8226 0.880205
82 2 5 1 709.626 231.996 0.809681
83 2 6 0 580.529 90.6073 0.826416
84 2 6 1 636.451 269.908 0.79238
85 2 7 0 490.777 316.281 0.819876
86 2 7 1 667.467 499.825 0.793585
87 2 8 0 549.571 324.768 0.847086
88 2 8 1 628.216 512.376 0.796613
89 2 10 0 552.603 25.4106 0.921925
90 2 10 1 639.537 189.789 0.885134
91 2 11 0 445.842 109.691 0.92283
92 2 11 1 726.264 322.644 0.75748
93 2 12 0 617.043 145.573 0.811989
94 2 12 1 616.808 379.499 0.869053
95 2 13 0 493.574 390.107 0.812728
96 2 13 1 684.398 598.914 0.86876
97 2 14 0 549.652 398.592 0.881092
98 2 14 1 628.209 603.116 0.78667
99 2 15 0 468.391 164.519 0.845768
100 2 15 1 673.049 345.862 0.285121
101 2 16 0 577.786 193.926 0.923639
102 2 16 1 586.092 411.199 0.763409
103 2 17 0 546.839 436.48 0.750787
104 2 17 1 594.499 579.892 0.804928
105 2 18 0 462.79 417.53 0.771246
106 2 18 1 678.625 596.688 0.287265
107 3 0 0 297.28 343.733 0.792689
108 3 0 1 597.381 350.095 0.663713
109 3 1 0 277.624 191.869 0.920778
110 3 1 1 597.418 194.004 0.733935
111 3 2 0 260.772 345.8 0.810863
112 3 2 1 588.866 350.021 0.599145
113 3 3 0 328.037 341.624 0.783177
114 3 3 1 614.148 356.342 0.700342
115 3 4 0 260.903 113.908 0.88208
116 3 4 1 549.625 141.274 0.923797
117 3 5 0 227.15 193.981 0.838728
118 3 5 1 586.059 193.912 0.617712
119 3 6 0 325.215 187.633 0.857814
120 3 6 1 617.011 196.08 0.891808
121 3 7 0 594.611 470.248 0.728608
122 3 7 1 266.436 463.922 0.798287
123 3 8 0 328.064 457.592 0.812792
124 3 8 1 614.106 478.589 0.742614
125 3 9 0 241.204 126.453 0.408646
126 3 10 0 300.103 124.342 0.8717
127 3 10 1 597.322 130.711 0.904313
128 3 11 0 168.362 248.838 0.911759
129 3 12 0 367.234 240.321 0.856541
130 3 12 1 636.659 295.257 0.906146
131 3 13 0 274.784 560.944 0.792138
132 3 13 1 636.529 567.299 0.705124
133 3 14 0 333.719 550.324 0.834674
134 3 14 1 636.509 586.243 0.75682
135 3 15 0 221.526 297.323 0.885318
136 3 16 0 353.298 282.539 0.863336
137 3 16 1 594.423 360.552 0.823654
138 3 17 0 375.758 573.545 0.820956
139 3 17 1 572.074 603.145 0.757192
140 3 18 0 588.926 573.58 0.538275
141 3 18 1 280.583 594.667 0.818839
142 4 0 0 664.564 293.051 0.783686
143 4 0 1 423.477 326.859 0.458976
144 4 1 0 395.484 111.836 0.490763
145 4 1 1 681.485 141.187 0.916678
146 4 2 0 636.58 290.953 0.741076
147 4 2 1 417.858 328.981 0.569602
148 4 3 0 698.276 293.118 0.725695
149 4 3 1 434.667 326.811 0.361159
150 4 4 0 437.474 25.3297 0.876971
151 4 4 1 687.149 78.1285 0.914098
152 4 5 0 387.011 113.869 0.77012
153 4 5 1 633.757 137.081 0.823159
154 4 6 0 414.982 111.753 0.384595
155 4 6 1 729.115 141.241 0.889364
156 4 7 0 630.969 406.938 0.776514
157 4 7 1 415.114 501.847 0.625466
158 4 8 0 687.013 411.14 0.847082
159 4 8 1 420.63 480.784 0.293998
160 4 9 0 375.779 42.2222 0.872712
161 4 9 1 658.958 75.8841 0.907052
162 4 10 0 715.094 75.9531 0.26592
163 4 11 0 370.174 210.963 0.913866
164 4 11 1 614.165 213.035 0.892629
165 4 12 0 743.171 217.216 0.811179
166 4 13 0 622.528 495.442 0.846988
167 4 13 1 409.426 647.307 0.758432
168 4 14 0 678.601 501.877 0.807395
169 4 14 1 412.258 594.623 0.532041
170 4 15 0 415.142 278.318 0.910446
171 4 15 1 616.804 278.234 0.890415
172 4 16 0 712.367 280.449 0.856468
173 4 17 0 661.745 533.465 0.871223
174 4 17 1 460.028 598.821 0.698918
175 4 18 0 602.991 518.799 0.819452
176 4 18 1 482.394 657.913 0.787809
P viewIdx, pafIdx, aOverAllIdx, bOverAllIdx, CandidAIdx, CandidBIdx, score
0 0 2 0 0 0 0.947504
0 0 2 1 0 1 0
0 0 3 0 1 0 0
0 0 3 1 1 1 0.969387
0 1 4 12 0 0 0.963903
0 1 4 13 0 1 0
0 1 5 12 1 0 0
0 1 5 13 1 1 0.945381
0 2 12 23 0 0 0.963906
0 2 12 24 0 1 0
0 2 13 23 1 0 0
0 2 13 24 1 1 0.93311
0 3 0 4 0 0 0.859902
0 3 0 5 0 1 0
0 3 1 4 1 0 0
0 3 1 5 1 1 0.913027
0 4 0 6 0 0 0.858965
0 4 0 7 0 1 0
0 4 1 6 1 0 0
0 4 1 7 1 1 0.89651
0 5 6 14 0 0 0.987435
0 5 6 15 0 1 0
0 5 7 14 1 0 0
0 5 7 15 1 1 0.953626
0 6 14 25 0 0 0.990106
0 6 14 26 0 1 0
0 6 15 25 1 0 0
0 6 15 26 1 1 0.954735
0 7 2 8 0 0 0.975247
0 7 2 9 0 1 0
0 7 3 8 1 0 0
0 7 3 9 1 1 0.989419
0 8 8 19 0 0 0.889826
0 8 8 20 0 1 0
0 8 9 19 1 0 0
0 8 9 20 1 1 0.992775
0 9 19 27 0 0 0.751099
0 9 19 28 0 1 0
0 9 20 27 1 0 0
0 9 20 28 1 1 0.999015
0 10 8 16 0 0 0
0 10 9 16 1 0 0.98659
0 11 2 10 0 0 0.980855
0 11 2 11 0 1 0
0 11 3 10 1 0 0
0 11 3 11 1 1 0.982679
0 12 10 21 0 0 0.984201
0 12 10 22 0 1 0
0 12 11 21 1 0 0
0 12 11 22 1 1 0.828982
0 13 21 29 0 0 0.965627
0 13 22 29 1 0 0
0 14 10 17 0 0 0
0 14 10 18 0 1 0.98946
0 14 11 17 1 0 0.762455
0 14 11 18 1 1 0
0 16 25 30 0 0 0.961604
0 16 25 31 0 1 0
0 16 26 30 1 0 0
0 16 26 31 1 1 0.708288
0 17 23 32 0 0 0.773989
0 17 23 33 0 1 0
0 17 24 32 1 0 0
0 17 24 33 1 1 0.900338
1 0 36 34 0 0 0.980823
1 0 36 35 0 1 0
1 0 37 34 1 0 0
1 0 37 35 1 1 0.981467
1 1 38 47 0 0 0.993469
1 1 38 48 0 1 0
1 1 39 47 1 0 0
1 1 39 48 1 1 0.971675
1 2 47 59 0 0 0.984649
1 2 47 60 0 1 0
1 2 48 59 1 0 0
1 2 48 60 1 1 0.995499
1 3 34 38 0 0 0.964073
1 3 34 39 0 1 0
1 3 35 38 1 0 0
1 3 35 39 1 1 0.922499
1 4 34 40 0 0 0.960328
1 4 34 41 0 1 0
1 4 35 40 1 0 0
1 4 35 41 1 1 0.930037
1 5 40 49 0 0 0
1 5 40 50 0 1 0.987951
1 5 40 51 0 2 0
1 5 41 49 1 0 0
1 5 41 50 1 1 0
1 5 41 51 1 2 0.977471
1 6 49 61 0 0 0
1 6 49 62 0 1 0
1 6 50 61 1 0 0.974862
1 6 50 62 1 1 0
1 6 51 61 2 0 0
1 6 51 62 2 1 0.995696
1 7 36 43 0 0 0.984346
1 7 36 44 0 1 0
1 7 37 43 1 0 0
1 7 37 44 1 1 0.989465
1 8 43 55 0 0 0
1 8 44 55 1 0 0.994794
1 9 55 63 0 0 0.968888
1 10 43 52 0 0 0
1 10 44 52 1 0 0.993189
1 11 36 45 0 0 0
1 11 36 46 0 1 0.986399
1 11 37 45 1 0 0.990388
1 11 37 46 1 1 0
1 12 45 56 0 0 0
1 12 45 57 0 1 0
1 12 45 58 0 2 0.978026
1 12 46 56 1 0 0.995215
1 12 46 57 1 1 0
1 12 46 58 1 2 0
1 13 56 64 0 0 0.985729
1 13 56 65 0 1 0
1 13 56 66 0 2 0
1 13 57 64 1 0 0
1 13 57 65 1 1 0.986119
1 13 57 66 1 2 0
1 13 58 64 2 0 0
1 13 58 65 2 1 0
1 13 58 66 2 2 0.994473
1 14 45 53 0 0 0.979043
1 14 45 54 0 1 0
1 14 46 53 1 0 0
1 14 46 54 1 1 0.990924
1 15 36 42 0 0 0.991895
1 15 37 42 1 0 0
1 16 61 67 0 0 0.948381
1 16 61 68 0 1 0
1 16 62 67 1 0 0
1 16 62 68 1 1 0.571113
1 17 59 69 0 0 0.983645
1 17 59 70 0 1 0
1 17 60 69 1 0 0
1 17 60 70 1 1 0.684255
2 0 73 71 0 0 0.990135
2 0 73 72 0 1 0
2 0 74 71 1 0 0
2 0 74 72 1 1 0.996613
2 1 75 85 0 0 0.986429
2 1 75 86 0 1 0
2 1 76 85 1 0 0
2 1 76 86 1 1 0.959407
2 2 85 95 0 0 0.987912
2 2 85 96 0 1 0
2 2 86 95 1 0 0
2 2 86 96 1 1 0.967618
2 3 71 75 0 0 0.968713
2 3 71 76 0 1 0
2 3 72 75 1 0 0
2 3 72 76 1 1 0.935467
2 4 71 77 0 0 0.961088
2 4 71 78 0 1 0
2 4 72 77 1 0 0
2 4 72 78 1 1 0.942779
2 5 77 87 0 0 0.99675
2 5 77 88 0 1 0
2 5 78 87 1 0 0
2 5 78 88 1 1 0.971923
2 6 87 97 0 0 0.997111
2 6 87 98 0 1 0
2 6 88 97 1 0 0
2 6 88 98 1 1 0.975742
2 7 73 81 0 0 0.994783
2 7 73 82 0 1 0
2 7 74 81 1 0 0
2 7 74 82 1 1 0.958385
2 8 81 91 0 0 0.984267
2 8 81 92 0 1 0
2 8 82 91 1 0 0
2 8 82 92 1 1 0.960864
2 9 91 99 0 0 0.994388
2 9 91 100 0 1 0
2 9 92 99 1 0 0
2 9 92 100 1 1 0.808535
2 11 73 83 0 0 0.997302
2 11 73 84 0 1 0
2 11 74 83 1 0 0
2 11 74 84 1 1 0.975382
2 12 83 93 0 0 0.998403
2 12 83 94 0 1 0
2 12 84 93 1 0 0
2 12 84 94 1 1 0.991778
2 13 93 101 0 0 0.949425
2 13 93 102 0 1 0
2 13 94 101 1 0 0
2 13 94 102 1 1 0.981509
2 14 83 89 0 0 0.994943
2 14 83 90 0 1 0
2 14 84 89 1 0 0
2 14 84 90 1 1 0.994925
2 15 73 79 0 0 0.99175
2 15 73 80 0 1 0
2 15 74 79 1 0 0
2 15 74 80 1 1 0.989557
2 16 97 103 0 0 0.957164
2 16 97 104 0 1 0
2 16 98 103 1 0 0
2 16 98 104 1 1 0.978702
2 17 95 105 0 0 0.954929
2 17 95 106 0 1 0
2 17 96 105 1 0 0
2 17 96 106 1 1 0.795433
3 0 109 107 0 0 0.992196
3 0 109 108 0 1 0
3 0 110 107 1 0 0
3 0 110 108 1 1 0.932079
3 1 111 121 0 0 0
3 1 111 122 0 1 0.985537
3 1 112 121 1 0 0.955341
3 1 112 122 1 1 0
3 2 121 131 0 0 0
3 2 121 132 0 1 0.984567
3 2 122 131 1 0 0.98982
3 2 122 132 1 1 0
3 3 107 111 0 0 0.966099
3 3 107 112 0 1 0
3 3 108 111 1 0 0
3 3 108 112 1 1 0.890609
3 4 107 113 0 0 0.954362
3 4 107 114 0 1 0
3 4 108 113 1 0 0
3 4 108 114 1 1 0.897579
3 5 113 123 0 0 0.995023
3 5 113 124 0 1 0
3 5 114 123 1 0 0
3 5 114 124 1 1 0.984103
3 6 123 133 0 0 0.994262
3 6 123 134 0 1 0
3 6 124 133 1 0 0
3 6 124 134 1 1 0.992142
3 7 109 117 0 0 0.998053
3 7 109 118 0 1 0
3 7 110 117 1 0 0
3 7 110 118 1 1 0.934698
3 8 117 128 0 0 0.971987
3 8 118 128 1 0 0
3 9 128 135 0 0 0.981692
3 10 117 125 0 0 0.856474
3 10 118 125 1 0 0
3 11 109 119 0 0 0.990182
3 11 109 120 0 1 0
3 11 110 119 1 0 0
3 11 110 120 1 1 0.951566
3 12 119 129 0 0 0.987593
3 12 119 130 0 1 0
3 12 120 129 1 0 0
3 12 120 130 1 1 0.99242
3 13 129 136 0 0 0.977732
3 13 129 137 0 1 0
3 13 130 136 1 0 0
3 13 130 137 1 1 0.983645
3 14 119 126 0 0 0.995488
3 14 119 127 0 1 0
3 14 120 126 1 0 0
3 14 120 127 1 1 0.993876
3 15 109 115 0 0 0.997788
3 15 109 116 0 1 0
3 15 110 115 1 0 0
3 15 110 116 1 1 0.963967
3 16 133 138 0 0 0.980712
3 16 133 139 0 1 0
3 16 134 138 1 0 0
3 16 134 139 1 1 0.9624
3 17 131 140 0 0 0
3 17 131 141 0 1 0.981143
3 17 132 140 1 0 0.896303
3 17 132 141 1 1 0
4 0 144 142 0 0 0
4 0 144 143 0 1 0.863632
4 0 145 142 1 0 0.98768
4 0 145 143 1 1 0
4 1 146 156 0 0 0.985283
4 1 146 157 0 1 0
4 1 147 156 1 0 0
4 1 147 157 1 1 0.956658
4 2 156 166 0 0 0.997689
4 2 156 167 0 1 0
4 2 157 166 1 0 0
4 2 157 167 1 1 0.976125
4 3 142 146 0 0 0.949666
4 3 142 147 0 1 0
4 3 143 146 1 0 0
4 3 143 147 1 1 0.770637
4 4 142 148 0 0 0.957235
4 4 142 149 0 1 0
4 4 143 148 1 0 0
4 4 143 149 1 1 0.745481
4 5 148 158 0 0 0.99761
4 5 148 159 0 1 0
4 5 149 158 1 0 0
4 5 149 159 1 1 0.852946
4 6 158 168 0 0 0.993028
4 6 158 169 0 1 0
4 6 159 168 1 0 0
4 6 159 169 1 1 0.871691
4 7 144 152 0 0 0.816476
4 7 144 153 0 1 0
4 7 145 152 1 0 0
4 7 145 153 1 1 0.997818
4 8 152 163 0 0 0.986932
4 8 152 164 0 1 0
4 8 153 163 1 0 0
4 8 153 164 1 1 0.995004
4 9 163 170 0 0 0.993116
4 9 163 171 0 1 0
4 9 164 170 1 0 0
4 9 164 171 1 1 0.999011
4 10 152 160 0 0 0.987493
4 10 152 161 0 1 0
4 10 153 160 1 0 0
4 10 153 161 1 1 0.989296
4 11 144 154 0 0 0.831525
4 11 144 155 0 1 0
4 11 145 154 1 0 0
4 11 145 155 1 1 0.998285
4 12 154 165 0 0 0
4 12 155 165 1 0 0.998773
4 13 165 172 0 0 0.964989
4 14 154 162 0 0 0
4 14 155 162 1 0 0.738333
4 15 144 150 0 0 0.763073
4 15 144 151 0 1 0
4 15 145 150 1 0 0
4 15 145 151 1 1 0.99647
4 16 168 173 0 0 0.988083
4 16 168 174 0 1 0
4 16 169 173 1 0 0
4 16 169 174 1 1 0.900405
4 17 166 175 0 0 0.963272
4 17 166 176 0 1 0
4 17 167 175 1 0 0
4 17 167 176 1 1 0.990813
E jointIdx viewA viewB aOverAllIdx bOverallIdx score
0 0 1 0 34 0.334564
0 0 1 0 35 0.261384
0 0 1 1 34 0.267955
0 0 1 1 35 0.334144
0 0 2 0 71 0.795285
0 0 2 0 72 -1
0 0 2 1 71 -1
0 0 2 1 72 0.940953
0 0 3 0 107 0.811281
0 0 3 0 108 -1
0 0 3 1 107 -1
0 0 3 1 108 0.589531
0 0 4 0 142 -1
0 0 4 0 143 0.76012
0 0 4 1 142 0.809885
0 0 4 1 143 -1
0 1 2 34 71 0.975943
0 1 2 34 72 -1
0 1 2 35 71 -1
0 1 2 35 72 0.865361
0 1 3 34 107 0.850836
0 1 3 34 108 0.141335
0 1 3 35 107 -1
0 1 3 35 108 0.837277
0 1 4 34 142 -1
0 1 4 34 143 0.892377
0 1 4 35 142 0.92242
0 1 4 35 143 -1
0 2 3 71 107 0.924273
0 2 3 71 108 -1
0 2 3 72 107 -1
0 2 3 72 108 0.542648
0 2 4 71 142 -1
0 2 4 71 143 0.876745
0 2 4 72 142 0.962807
0 2 4 72 143 -1
0 3 4 107 142 0.310279
0 3 4 107 143 0.322371
0 3 4 108 142 0.323545
0 3 4 108 143 0.308263
1 0 1 2 36 0.293474
1 0 1 2 37 0.279633
1 0 1 3 36 0.281157
1 0 1 3 37 0.293375
1 0 2 2 73 0.829174
1 0 2 2 74 -1
1 0 2 3 73 -1
1 0 2 3 74 0.993773
1 0 3 2 109 0.332625
1 0 3 2 110 0.30984
1 0 3 3 109 0.306403
1 0 3 3 110 0.328769
1 0 4 2 144 0.977592
1 0 4 2 145 -1
1 0 4 3 144 -1
1 0 4 3 145 0.817818
1 1 2 36 73 0.958345
1 1 2 36 74 -1
1 1 2 37 73 -1
1 1 2 37 74 0.871554
1 1 3 36 109 0.281084
1 1 3 36 110 0.289226
1 1 3 37 109 0.289678
1 1 3 37 110 0.28174
1 1 4 36 144 0.776576
1 1 4 36 145 0.18367
1 1 4 37 144 0.0724858
1 1 4 37 145 0.762482
1 2 3 73 109 0.748663
1 2 3 73 110 -1
1 2 3 74 109 -1
1 2 3 74 110 0.83277
1 2 4 73 144 0.844842
1 2 4 73 145 -1
1 2 4 74 144 -1
1 2 4 74 145 0.779767
1 3 4 109 144 0.469008
1 3 4 109 145 0.344451
1 3 4 110 144 0.0985192
1 3 4 110 145 0.548406
2 0 1 4 38 0.367129
2 0 1 4 39 0.266735
2 0 1 5 38 0.273411
2 0 1 5 39 0.370415
2 0 2 4 75 0.590122
2 0 2 4 76 -1
2 0 2 5 75 -1
2 0 2 5 76 0.756333
2 0 3 4 111 0.875915
2 0 3 4 112 -1
2 0 3 5 111 -1
2 0 3 5 112 0.675601
2 0 4 4 146 -1
2 0 4 4 147 0.650876
2 0 4 5 146 0.863061
2 0 4 5 147 -1
2 1 2 38 75 0.864086
2 1 2 38 76 -1
2 1 2 39 75 -1
2 1 2 39 76 0.796677
2 1 3 38 111 0.779065
2 1 3 38 112 0.178308
2 1 3 39 111 0.0529732
2 1 3 39 112 0.764309
2 1 4 38 146 -1
2 1 4 38 147 0.650835
2 1 4 39 146 0.935295
2 1 4 39 147 -1
2 2 3 75 111 0.865666
2 2 3 75 112 -1
2 2 3 76 111 -1
2 2 3 76 112 0.435185
2 2 4 75 146 -1
2 2 4 75 147 0.513544
2 2 4 76 146 0.948463
2 2 4 76 147 -1
2 3 4 111 146 0.29829
2 3 4 111 147 0.373124
2 3 4 112 146 0.368014
2 3 4 112 147 0.295931
3 0 1 6 40 0.281787
3 0 1 6 41 0.261315
3 0 1 7 40 0.261767
3 0 1 7 41 0.282169
3 0 2 6 77 0.920482
3 0 2 6 78 -1
3 0 2 7 77 -1
3 0 2 7 78 0.783002
3 0 3 6 113 0.783307
3 0 3 6 114 -1
3 0 3 7 113 -1
3 0 3 7 114 0.707183
3 0 4 6 148 -1
3 0 4 6 149 0.71595
3 0 4 7 148 0.825502
3 0 4 7 149 -1
3 1 2 40 77 0.926751
3 1 2 40 78 -1
3 1 2 41 77 -1
3 1 2 41 78 0.895666
3 1 3 40 113 0.917275
3 1 3 40 114 -1
3 1 3 41 113 -1
3 1 3 41 114 0.906299
3 1 4 40 148 -1
3 1 4 40 149 0.865351
3 1 4 41 148 0.973183
3 1 4 41 149 -1
3 2 3 77 113 0.784048
3 2 3 77 114 -1
3 2 3 78 113 -1
3 2 3 78 114 0.939692
3 2 4 77 148 -1
3 2 4 77 149 0.77768
3 2 4 78 148 0.753906
3 2 4 78 149 -1
3 3 4 113 148 0.290489
3 3 4 113 149 0.294825
3 3 4 114 148 0.295551
3 3 4 114 149 0.289995
4 1 2 42 79 0.997055
4 1 2 42 80 -1
4 1 3 42 115 0.503988
4 1 3 42 116 0.496012
4 1 4 42 150 0.928579
4 1 4 42 151 -1
4 2 3 79 115 0.992131
4 2 3 79 116 -1
4 2 3 80 115 -1
4 2 3 80 116 0.95375
4 2 4 79 150 0.971412
4 2 4 79 151 -1
4 2 4 80 150 -1
4 2 4 80 151 0.831041
4 3 4 115 150 0.786866
4 3 4 115 151 0.183062
4 3 4 116 150 -1
4 3 4 116 151 0.776417
5 0 1 8 43 0.253962
5 0 1 8 44 0.269896
5 0 1 9 43 0.269814
5 0 1 9 44 0.254095
5 0 2 8 81 0.588962
5 0 2 8 82 -1
5 0 2 9 81 -1
5 0 2 9 82 0.88493
5 0 3 8 117 0.32369
5 0 3 8 118 0.313031
5 0 3 9 117 0.311755
5 0 3 9 118 0.321288
5 0 4 8 152 0.898632
5 0 4 8 153 -1
5 0 4 9 152 -1
5 0 4 9 153 0.994111
5 1 2 43 81 0.637092
5 1 2 43 82 0.129256
5 1 2 44 81 0.204887
5 1 2 44 82 0.732271
5 1 3 43 117 0.329577
5 1 3 43 118 0.303048
5 1 3 44 117 0.297024
5 1 3 44 118 0.325341
5 1 4 43 152 0.521242
5 1 4 43 153 0.228583
5 1 4 44 152 0.203923
5 1 4 44 153 0.508132
5 2 3 81 117 0.900832
5 2 3 81 118 -1
5 2 3 82 117 -1
5 2 3 82 118 0.910147
5 2 4 81 152 0.684207
5 2 4 81 153 -1
5 2 4 82 152 -1
5 2 4 82 153 0.826517
5 3 4 117 152 0.445312
5 3 4 117 153 0.309411
5 3 4 118 152 0.138536
5 3 4 118 153 0.480535
6 0 1 10 45 0.282918
6 0 1 10 46 0.311273
6 0 1 11 45 0.31199
6 0 1 11 46 0.287669
6 0 2 10 83 0.869161
6 0 2 10 84 -1
6 0 2 11 83 -1
6 0 2 11 84 0.937123
6 0 3 10 119 0.316706
6 0 3 10 120 0.289317
6 0 3 11 119 0.285379
6 0 3 11 120 0.315368
6 0 4 10 154 0.980546
6 0 4 10 155 -1
6 0 4 11 154 -1
6 0 4 11 155 0.747283
6 1 2 45 83 -1
6 1 2 45 84 0.837648
6 1 2 46 83 0.971651
6 1 2 46 84 -1
6 1 3 45 119 0.266734
6 1 3 45 120 0.254994
6 1 3 46 119 0.254922
6 1 3 46 120 0.266842
6 1 4 45 154 -1
6 1 4 45 155 0.979941
6 1 4 46 154 0.686522
6 1 4 46 155 -1
6 2 3 83 119 0.880792
6 2 3 83 120 -1
6 2 3 84 119 -1
6 2 3 84 120 0.985033
6 2 4 83 154 0.8935
6 2 4 83 155 -1
6 2 4 84 154 -1
6 2 4 84 155 0.759295
6 3 4 119 154 0.527163
6 3 4 119 155 0.326851
6 3 4 120 154 0.0384464
6 3 4 120 155 0.584663
7 0 1 12 47 0.593723
7 0 1 12 48 0.0893503
7 0 1 13 47 0.303753
7 0 1 13 48 0.553964
7 0 2 12 85 0.948068
7 0 2 12 86 -1
7 0 2 13 85 -1
7 0 2 13 86 0.528865
7 0 3 12 121 -1
7 0 3 12 122 0.972861
7 0 3 13 121 0.916469
7 0 3 13 122 -1
7 0 4 12 156 -1
7 0 4 12 157 0.836631
7 0 4 13 156 0.646554
7 0 4 13 157 -1
7 1 2 47 85 0.949887
7 1 2 47 86 -1
7 1 2 48 85 -1
7 1 2 48 86 0.700628
7 1 3 47 121 -1
7 1 3 47 122 0.931112
7 1 3 48 121 0.892671
7 1 3 48 122 -1
7 1 4 47 156 -1
7 1 4 47 157 0.814248
7 1 4 48 156 0.735636
7 1 4 48 157 -1
7 2 3 85 121 -1
7 2 3 85 122 0.952787
7 2 3 86 121 0.692376
7 2 3 86 122 -1
7 2 4 85 156 -1
7 2 4 85 157 0.888839
7 2 4 86 156 0.961457
7 2 4 86 157 -1
7 3 4 121 156 0.800281
7 3 4 121 157 -1
7 3 4 122 156 0.164616
7 3 4 122 157 0.816087
8 0 1 14 49 -1
8 0 1 14 50 0.506777
8 0 1 14 51 0.389892
8 0 1 15 49 -1
8 0 1 15 50 0.493223
8 0 1 15 51 0.610108
8 0 2 14 87 0.930116
8 0 2 14 88 -1
8 0 2 15 87 -1
8 0 2 15 88 0.976977
8 0 3 14 123 0.772597
8 0 3 14 124 -1
8 0 3 15 123 -1
8 0 3 15 124 0.985047
8 0 4 14 158 -1
8 0 4 14 159 0.886858
8 0 4 15 158 0.676502
8 0 4 15 159 -1
8 1 2 49 87 -1
8 1 2 49 88 -1
8 1 2 50 87 0.878872
8 1 2 50 88 -1
8 1 2 51 87 -1
8 1 2 51 88 0.889847
8 1 3 49 123 -1
8 1 3 49 124 -1
8 1 3 50 123 0.784386
8 1 3 50 124 -1
8 1 3 51 123 -1
8 1 3 51 124 0.850294
8 1 4 49 158 -1
8 1 4 49 159 -1
8 1 4 50 158 -1
8 1 4 50 159 0.911973
8 1 4 51 158 0.827492
8 1 4 51 159 -1
8 2 3 87 123 0.854583
8 2 3 87 124 -1
8 2 3 88 123 -1
8 2 3 88 124 0.988046
8 2 4 87 158 -1
8 2 4 87 159 0.730952
8 2 4 88 158 0.677959
8 2 4 88 159 -1
8 3 4 123 158 0.313029
8 3 4 123 159 0.469727
8 3 4 124 158 0.439185
8 3 4 124 159 0.158447
9 0 1 16 52 0.989393
9 0 3 16 125 -1
9 0 4 16 160 -1
9 0 4 16 161 0.878798
9 1 3 52 125 0.332661
9 1 4 52 160 -1
9 1 4 52 161 0.815324
9 3 4 125 160 0.665344
9 3 4 125 161 0.334656
10 0 1 17 53 0.269495
10 0 1 17 54 0.281213
10 0 1 18 53 0.280451
10 0 1 18 54 0.270509
10 0 2 17 89 -1
10 0 2 17 90 0.89568
10 0 2 18 89 0.912333
10 0 2 18 90 -1
10 0 3 17 126 -1
10 0 3 17 127 0.81506
10 0 3 18 126 0.939268
10 0 3 18 127 -1
10 0 4 17 162 0.770472
10 0 4 18 162 -1
10 1 2 53 89 -1
10 1 2 53 90 0.957134
10 1 2 54 89 0.919314
10 1 2 54 90 -1
10 1 3 53 126 0.225388
10 1 3 53 127 0.444609
10 1 3 54 126 0.444606
10 1 3 54 127 0.226317
10 1 4 53 162 0.798996
10 1 4 54 162 -1
10 2 3 89 126 0.818482
10 2 3 89 127 -1
10 2 3 90 126 -1
10 2 3 90 127 0.957484
10 2 4 89 162 -1
10 2 4 90 162 0.853412
10 3 4 126 162 0.350432
10 3 4 127 162 0.649568
11 0 1 19 55 -1
11 0 1 20 55 0.971151
11 0 2 19 91 0.941126
11 0 2 19 92 -1
11 0 2 20 91 -1
11 0 2 20 92 0.946685
11 0 3 19 128 0.979707
11 0 3 20 128 -1
11 0 4 19 163 0.566774
11 0 4 19 164 0.242118
11 0 4 20 163 0.234047
11 0 4 20 164 0.594073
11 1 2 55 91 -1
11 1 2 55 92 0.982966
11 1 3 55 128 -1
11 1 4 55 163 -1
11 1 4 55 164 0.897881
11 2 3 91 128 0.974571
11 2 3 92 128 -1
11 2 4 91 163 0.92315
11 2 4 91 164 -1
11 2 4 92 163 -1
11 2 4 92 164 0.957658
11 3 4 128 163 0.559593
11 3 4 128 164 0.440407
12 0 1 21 56 0.594264
12 0 1 21 57 -1
12 0 1 21 58 -1
12 0 1 22 56 0.21982
12 0 1 22 57 0.210176
12 0 1 22 58 0.438987
12 0 2 21 93 0.964611
12 0 2 21 94 -1
12 0 2 22 93 -1
12 0 2 22 94 0.879406
12 0 3 21 129 0.918788
12 0 3 21 130 -1
12 0 3 22 129 -1
12 0 3 22 130 0.922095
12 0 4 21 165 0.339652
12 0 4 22 165 0.660348
12 1 2 56 93 0.94289
12 1 2 56 94 -1
12 1 2 57 93 -1
12 1 2 57 94 -1
12 1 2 58 93 -1
12 1 2 58 94 0.921325
12 1 3 56 129 0.989403
12 1 3 56 130 -1
12 1 3 57 129 -1
12 1 3 57 130 -1
12 1 3 58 129 -1
12 1 3 58 130 0.941352
12 1 4 56 165 -1
12 1 4 57 165 -1
12 1 4 58 165 0.770145
12 2 3 93 129 0.761123
12 2 3 93 130 -1
12 2 3 94 129 -1
12 2 3 94 130 0.951867
12 2 4 93 165 -1
12 2 4 94 165 0.915088
12 3 4 129 165 0.18869
12 3 4 130 165 0.81131
13 0 1 23 59 0.665593
13 0 1 23 60 -1
13 0 1 24 59 0.334407
13 0 1 24 60 0.283346
13 0 2 23 95 0.900972
13 0 2 23 96 -1
13 0 2 24 95 -1
13 0 2 24 96 0.393752
13 0 3 23 131 0.846421
13 0 3 23 132 -1
13 0 3 24 131 -1
13 0 3 24 132 0.756465
13 0 4 23 166 -1
13 0 4 23 167 0.905591
13 0 4 24 166 0.287559
13 0 4 24 167 -1
13 1 2 59 95 0.77232
13 1 2 59 96 -1
13 1 2 60 95 -1
13 1 2 60 96 0.743688
13 1 3 59 131 0.875518
13 1 3 59 132 -1
13 1 3 60 131 -1
13 1 3 60 132 0.96812
13 1 4 59 166 -1
13 1 4 59 167 0.69323
13 1 4 60 166 0.933064
13 1 4 60 167 -1
13 2 3 95 131 0.952054
13 2 3 95 132 -1
13 2 3 96 131 -1
13 2 3 96 132 0.792999
13 2 4 95 166 0.103748
13 2 4 95 167 0.896252
13 2 4 96 166 0.878851
13 2 4 96 167 -1
13 3 4 131 166 -1
13 3 4 131 167 0.772913
13 3 4 132 166 0.881207
13 3 4 132 167 -1
14 0 1 25 61 0.451254
14 0 1 25 62 0.186035
14 0 1 26 61 0.319315
14 0 1 26 62 0.424025
14 0 2 25 97 0.961907
14 0 2 25 98 -1
14 0 2 26 97 -1
14 0 2 26 98 0.982149
14 0 3 25 133 0.923551
14 0 3 25 134 -1
14 0 3 26 133 -1
14 0 3 26 134 0.887854
14 0 4 25 168 -1
14 0 4 25 169 0.728093
14 0 4 26 168 0.676438
14 0 4 26 169 -1
14 1 2 61 97 0.89919
14 1 2 61 98 -1
14 1 2 62 97 -1
14 1 2 62 98 0.894611
14 1 3 61 133 0.926534
14 1 3 61 134 -1
14 1 3 62 133 -1
14 1 3 62 134 0.929043
14 1 4 61 168 -1
14 1 4 61 169 0.937623
14 1 4 62 168 0.910145
14 1 4 62 169 -1
14 2 3 97 133 0.88543
14 2 3 97 134 -1
14 2 3 98 133 -1
14 2 3 98 134 0.852538
14 2 4 97 168 -1
14 2 4 97 169 0.855652
14 2 4 98 168 0.884191
14 2 4 98 169 -1
14 3 4 133 168 0.282345
14 3 4 133 169 0.594612
14 3 4 134 168 0.585527
14 3 4 134 169 0.12713
15 0 1 27 63 -1
15 0 1 28 63 0.944857
15 0 2 27 99 0.814835
15 0 2 27 100 -1
15 0 2 28 99 -1
15 0 2 28 100 0.492413
15 0 3 27 135 0.806136
15 0 3 28 135 -1
15 0 4 27 170 0.901007
15 0 4 27 171 -1
15 0 4 28 170 -1
15 0 4 28 171 0.745563
15 1 2 63 99 -1
15 1 2 63 100 0.535189
15 1 3 63 135 -1
15 1 4 63 170 -1
15 1 4 63 171 0.941288
15 2 3 99 135 0.89133
15 2 3 100 135 -1
15 2 4 99 170 0.934351
15 2 4 99 171 -1
15 2 4 100 170 -1
15 2 4 100 171 0.636362
15 3 4 135 170 0.611534
15 3 4 135 171 0.388466
16 0 1 29 64 0.880214
16 0 1 29 65 -1
16 0 1 29 66 -1
16 0 2 29 101 0.825734
16 0 2 29 102 -1
16 0 3 29 136 0.825612
16 0 3 29 137 -1
16 0 4 29 172 -1
16 1 2 64 101 0.950922
16 1 2 64 102 -1
16 1 2 65 101 -1
16 1 2 65 102 -1
16 1 2 66 101 -1
16 1 2 66 102 0.743258
16 1 3 64 136 0.95911
16 1 3 64 137 -1
16 1 3 65 136 -1
16 1 3 65 137 -1
16 1 3 66 136 -1
16 1 3 66 137 0.964636
16 1 4 64 172 -1
16 1 4 65 172 -1
16 1 4 66 172 0.871898
16 2 3 101 136 0.948463
16 2 3 101 137 -1
16 2 3 102 136 -1
16 2 3 102 137 0.975
16 2 4 101 172 -1
16 2 4 102 172 0.732033
16 3 4 136 172 -1
16 3 4 137 172 0.893242
17 0 1 30 67 0.28805
17 0 1 30 68 0.290047
17 0 1 31 67 0.28986
17 0 1 31 68 0.287946
17 0 2 30 103 0.900445
17 0 2 30 104 -1
17 0 2 31 103 -1
17 0 2 31 104 0.916008
17 0 3 30 138 0.875402
17 0 3 30 139 -1
17 0 3 31 138 -1
17 0 3 31 139 0.916016
17 0 4 30 173 -1
17 0 4 30 174 0.929516
17 0 4 31 173 0.819914
17 0 4 31 174 -1
17 1 2 67 103 0.933634
17 1 2 67 104 -1
17 1 2 68 103 -1
17 1 2 68 104 0.712171
17 1 3 67 138 0.865088
17 1 3 67 139 -1
17 1 3 68 138 -1
17 1 3 68 139 0.818208
17 1 4 67 173 -1
17 1 4 67 174 0.870515
17 1 4 68 173 0.817922
17 1 4 68 174 -1
17 2 3 103 138 0.780095
17 2 3 103 139 -1
17 2 3 104 138 -1
17 2 3 104 139 0.95217
17 2 4 103 173 -1
17 2 4 103 174 0.963274
17 2 4 104 173 0.824882
17 2 4 104 174 -1
17 3 4 138 173 0.279001
17 3 4 138 174 0.349331
17 3 4 139 173 0.350628
17 3 4 139 174 0.272254
18 0 1 32 69 0.73925
18 0 1 32 70 -1
18 0 1 33 69 0.26075
18 0 1 33 70 0.393723
18 0 2 32 105 0.825726
18 0 2 32 106 -1
18 0 2 33 105 -1
18 0 2 33 106 -1
18 0 3 32 140 -1
18 0 3 32 141 0.725951
18 0 3 33 140 0.783691
18 0 3 33 141 -1
18 0 4 32 175 -1
18 0 4 32 176 0.76402
18 0 4 33 175 0.296573
18 0 4 33 176 -1
18 1 2 69 105 0.861467
18 1 2 69 106 -1
18 1 2 70 105 -1
18 1 2 70 106 0.454336
18 1 3 69 140 -1
18 1 3 69 141 0.873112
18 1 3 70 140 0.964745
18 1 3 70 141 -1
18 1 4 69 175 -1
18 1 4 69 176 0.763905
18 1 4 70 175 0.922916
18 1 4 70 176 -1
18 2 3 105 140 -1
18 2 3 105 141 0.898834
18 2 3 106 140 0.163451
18 2 3 106 141 -1
18 2 4 105 175 0.272888
18 2 4 105 176 0.261381
18 2 4 106 175 0.260823
18 2 4 106 176 0.27253
18 3 4 140 175 0.819379
18 3 4 140 176 -1
18 3 4 141 175 -1
18 3 4 141 176 0.95181
end of Frame 49
