J OverallIdx viewIdx joint种类0-18(jointIdx) 该joint在图中的顺序(candidix) x y score
0 0 0 0 501.949 385.878 0.69668
1 0 0 1 347.754 432.294 0.584211
2 0 1 0 347.6 208.739 0.900376
3 0 1 1 513.217 210.966 0.830965
4 0 2 0 479.6 385.877 0.659147
5 0 2 1 392.61 430.187 0.587917
6 0 3 0 521.639 385.878 0.67603
7 0 3 1 302.813 434.382 0.580769
8 0 4 0 459.85 156.028 0.924242
9 0 5 0 482.403 210.973 0.791292
10 0 5 1 412.198 210.949 0.856381
11 0 6 0 280.49 200.311 0.827371
12 0 6 1 549.56 210.938 0.859961
13 0 7 0 499.091 516.66 0.711221
14 0 7 1 370.066 605.215 0.753799
15 0 8 0 527.233 520.869 0.759152
16 0 8 1 260.916 613.565 0.722438
17 0 9 0 370.197 124.402 0.930868
18 0 10 0 300.061 126.57 0.921992
19 0 10 1 504.934 145.487 0.92251
20 0 11 0 58.9994 309.983 0.709765
21 0 11 1 440.424 331.039 0.864532
22 0 12 0 608.504 280.461 0.855461
23 0 12 1 263.614 337.383 0.792066
24 0 13 0 507.58 632.507 0.83539
25 0 13 1 353.417 759.096 0.561587
26 0 14 0 549.564 649.551 0.780493
27 0 14 1 277.679 765.442 0.312754
28 0 15 0 81.3949 396.371 0.782377
29 0 15 1 412.298 402.767 0.645384
30 0 16 0 549.589 333.176 0.864026
31 0 16 1 255.162 432.283 0.777699
32 0 17 0 513.193 687.468 0.730016
33 0 18 0 448.704 649.493 0.804959
34 1 0 0 544.061 379.526 0.810374
35 1 0 1 207.571 390.077 0.687414
36 1 0 2 658.906 394.303 0.664581
37 1 1 0 201.958 210.977 0.878133
38 1 1 1 650.572 227.681 0.767162
39 1 1 2 546.813 244.67 0.938746
40 1 2 0 510.472 379.511 0.785295
41 1 2 1 168.318 392.177 0.703821
42 1 2 2 658.955 394.286 0.58462
43 1 3 0 238.469 385.892 0.682514
44 1 3 1 571.977 379.555 0.831866
45 1 3 2 656.215 394.355 0.694665
46 1 4 0 190.784 149.749 0.903813
47 1 4 1 597.366 181.314 0.757462
48 1 4 2 527.254 196.052 0.987805
49 1 5 0 145.867 210.8 0.905626
50 1 5 1 639.473 227.619 0.701942
51 1 5 2 504.727 244.667 0.943529
52 1 6 0 258.052 213.072 0.881576
53 1 6 1 661.731 227.773 0.925398
54 1 6 2 586.074 244.601 0.890855
55 1 7 0 524.456 482.914 0.865817
56 1 7 1 190.688 518.763 0.809331
57 1 7 2 661.685 516.705 0.79412
58 1 8 0 572.154 480.857 0.873474
59 1 8 1 255.192 520.817 0.784864
60 1 8 2 636.472 525.018 0.763403
61 1 9 0 168.316 143.398 0.170187
62 1 10 0 235.492 143.333 0.895149
63 1 10 1 619.866 177.092 0.91336
64 1 10 2 558.123 193.885 0.884053
65 1 11 0 459.924 293.155 0.971876
66 1 11 1 120.588 295.311 0.86635
67 1 12 0 619.822 293.032 0.89077
68 1 12 1 277.639 309.897 0.772654
69 1 12 2 684.159 324.719 0.880087
70 1 13 0 527.138 571.47 0.842837
71 1 13 1 659.033 634.736 0.759181
72 1 13 2 210.316 638.905 0.812367
73 1 14 0 580.464 569.389 0.804
74 1 14 1 260.927 653.73 0.73704
75 1 14 2 681.476 651.669 0.781047
76 1 15 0 490.722 335.256 0.849521
77 1 15 1 123.289 379.509 0.906027
78 1 16 0 594.636 331.063 0.963636
79 1 16 1 299.937 394.258 0.739808
80 1 16 2 636.607 387.998 0.814418
81 1 17 0 583.324 598.832 0.770806
82 1 17 1 622.578 674.782 0.742315
83 1 17 2 263.588 697.951 0.535928
84 1 18 0 496.328 594.65 0.78782
85 1 18 1 600.139 649.523 0.748716
86 1 18 2 227.165 674.761 0.726949
87 2 0 0 414.893 288.892 0.813697
88 2 0 1 684.337 366.88 0.787964
89 2 0 2 471.088 634.701 0.434432
90 2 1 0 392.695 128.636 0.916547
91 2 1 1 712.396 213.004 0.844358
92 2 1 2 454.255 463.904 0.612396
93 2 2 0 381.43 293.092 0.750973
94 2 2 1 659.089 362.681 0.784943
95 2 2 2 437.549 655.788 0.418335
96 2 3 0 440.288 282.555 0.78104
97 2 3 1 709.553 373.246 0.728202
98 2 3 2 502.027 617.864 0.471865
99 2 4 0 417.915 92.8368 0.934988
100 2 4 1 661.733 162.331 0.936267
101 2 4 2 571.98 427.963 0.895551
102 2 5 0 347.698 141.278 0.842669
103 2 5 1 667.396 198.243 0.816453
104 2 5 2 417.903 493.399 0.634902
105 2 6 0 437.638 120.22 0.854879
106 2 6 1 762.741 227.827 0.814925
107 2 6 2 479.597 434.41 0.464368
108 2 7 0 373.05 394.332 0.827965
109 2 7 1 658.975 465.973 0.851862
110 2 7 2 434.624 759.092 0.401928
111 2 8 0 440.225 383.803 0.7979
112 2 8 1 703.927 470.225 0.804943
113 2 8 2 538.454 731.753 0.635611
114 2 9 0 373.059 75.9515 0.895644
115 2 9 1 490.751 396.513 0.823525
116 2 10 0 712.272 162.48 0.880924
117 2 11 0 280.584 210.8 0.948647
118 2 11 1 650.626 263.53 0.874284
119 2 11 2 389.716 624.207 0.764792
120 2 12 0 459.909 164.461 0.856188
121 2 12 1 776.774 320.543 0.872231
122 2 13 0 370.114 478.702 0.841308
123 2 13 1 656.248 546.073 0.873047
124 2 14 0 423.504 478.704 0.722981
125 2 14 1 723.519 565.041 0.857745
126 2 15 0 344.881 261.354 0.928357
127 2 15 1 639.397 328.905 0.910694
128 2 15 2 459.829 719.036 0.823037
129 2 16 0 462.756 225.579 0.895349
130 2 16 1 729.129 377.512 0.921575
131 2 17 0 684.359 600.956 0.862586
132 2 18 0 370.023 503.998 0.435718
133 2 18 1 628.179 577.798 0.82779
134 3 0 0 577.647 341.624 0.750386
135 3 0 1 302.864 366.963 0.68482
136 3 0 2 821.725 411.152 0.56756
137 3 1 0 835.725 172.871 0.799724
138 3 1 1 280.361 185.597 0.774091
139 3 1 2 571.964 193.967 0.943195
140 3 2 0 549.553 343.67 0.746734
141 3 2 1 286.028 371.139 0.647376
142 3 2 2 863.713 411.224 0.560425
143 3 3 0 614.063 341.587 0.743384
144 3 3 1 322.39 366.889 0.605483
145 3 3 2 782.393 406.962 0.521882
146 3 4 0 928.198 94.9056 0.375599
147 3 4 1 328.147 126.456 0.915661
148 3 4 2 549.531 141.324 0.955648
149 3 5 0 900.236 170.837 0.738064
150 3 5 1 258.129 191.833 0.817066
151 3 5 2 524.395 194.032 0.891695
152 3 6 0 771.174 172.896 0.76321
153 3 6 1 299.958 179.319 0.678808
154 3 6 2 616.954 193.901 0.899849
155 3 7 0 552.499 463.908 0.843325
156 3 7 1 294.388 514.518 0.686693
157 3 7 2 838.401 573.59 0.718348
158 3 8 0 628.148 459.657 0.783838
159 3 8 1 305.759 510.305 0.728193
160 3 8 2 832.862 550.393 0.594732
161 3 9 0 891.819 82.242 0.791746
162 3 9 1 277.655 118.097 0.876436
163 3 10 0 591.654 128.687 0.889154
164 3 11 0 224.304 265.695 0.825354
165 3 11 1 501.897 274.063 0.862729
166 3 11 2 911.446 299.478 0.747322
167 3 12 0 636.667 265.711 0.861492
168 3 12 1 729.139 301.543 0.706989
169 3 13 0 572.073 563.013 0.867712
170 3 13 1 277.681 651.58 0.801037
171 3 13 2 790.844 719.043 0.528406
172 3 14 0 639.436 548.329 0.884556
173 3 14 1 305.709 615.754 0.844843
174 3 14 2 841.467 683.304 0.750152
175 3 15 0 277.552 326.882 0.892191
176 3 15 1 521.584 331.157 0.848975
177 3 15 2 950.644 409.051 0.695727
178 3 16 0 630.977 328.89 0.856185
179 3 16 1 709.609 411.231 0.796546
180 3 17 0 639.502 581.945 0.839611
181 3 17 1 370.05 617.826 0.892407
182 3 17 2 886.236 676.887 0.564454
183 3 18 0 586.133 592.555 0.818214
184 3 18 1 342.166 674.775 0.783642
185 4 0 0 998.414 274.105 0.68147
186 4 0 1 659.005 339.484 0.553324
187 4 1 0 664.591 111.859 0.862149
188 4 1 1 1004.07 111.805 0.801798
189 4 2 0 1029.21 276.223 0.570946
190 4 2 1 706.596 341.596 0.549867
191 4 3 0 970.273 271.999 0.619755
192 4 3 1 614.101 335.265 0.477432
193 4 4 0 625.409 80.1903 0.797575
194 4 5 0 731.904 111.791 0.841999
195 4 5 1 577.683 122.312 0.357603
196 4 6 0 597.334 113.838 0.811753
197 4 6 1 953.582 113.887 0.801786
198 4 7 0 1001.25 383.804 0.775366
199 4 7 1 580.514 411.143 0.17875
200 4 7 2 698.253 514.601 0.755259
201 4 8 0 930.929 373.254 0.801195
202 4 8 1 580.477 413.27 0.329105
203 4 8 2 616.818 510.319 0.708062
204 4 9 0 709.489 40.0335 0.846673
205 4 9 1 1029.2 52.6884 0.710119
206 4 9 2 583.277 73.8587 0.863602
207 4 10 0 642.329 40.0733 0.438289
208 4 10 1 956.403 56.9568 0.760685
209 4 11 0 818.746 208.714 0.898649
210 4 12 0 530.011 210.866 0.906962
211 4 12 1 950.69 204.512 0.777926
212 4 13 0 995.485 499.838 0.792044
213 4 13 1 574.902 510.253 0.300104
214 4 13 2 689.918 659.987 0.760758
215 4 14 0 908.69 478.637 0.867019
216 4 14 1 577.774 512.438 0.392729
217 4 14 2 600.177 638.958 0.733822
218 4 15 0 757.206 274.156 0.838304
219 4 16 0 591.584 276.143 0.809441
220 4 16 1 930.966 282.597 0.840775
221 4 17 0 886.182 463.917 0.742397
222 4 17 1 611.284 641.06 0.42371
223 4 18 0 956.298 501.855 0.656392
224 4 18 1 740.327 647.402 0.727521
P viewIdx, pafIdx, aOverAllIdx, bOverAllIdx, CandidAIdx, CandidBIdx, score
0 0 2 0 0 0 0
0 0 2 1 0 1 0.990976
0 0 3 0 1 0 0.986923
0 0 3 1 1 1 0
0 1 4 13 0 0 0.982047
0 1 4 14 0 1 0
0 1 5 13 1 0 0
0 1 5 14 1 1 0.971752
0 2 13 24 0 0 0.990008
0 2 13 25 0 1 0
0 2 14 24 1 0 0
0 2 14 25 1 1 0.962771
0 3 0 4 0 0 0.919638
0 3 0 5 0 1 0
0 3 1 4 1 0 0
0 3 1 5 1 1 0.870228
0 4 0 6 0 0 0.917409
0 4 0 7 0 1 0
0 4 1 6 1 0 0
0 4 1 7 1 1 0.877617
0 5 6 15 0 0 0.984796
0 5 6 16 0 1 0
0 5 7 15 1 0 0
0 5 7 16 1 1 0.948987
0 6 15 26 0 0 0.998896
0 6 15 27 0 1 0
0 6 16 26 1 0 0
0 6 16 27 1 1 0.969119
0 7 2 9 0 0 0
0 7 2 10 0 1 0.996469
0 7 3 9 1 0 0.979455
0 7 3 10 1 1 0
0 8 9 20 0 0 0
0 8 9 21 0 1 0.461032
0 8 10 20 1 0 0
0 8 10 21 1 1 0.538968
0 9 20 28 0 0 0.943898
0 9 20 29 0 1 0
0 9 21 28 1 0 0
0 9 21 29 1 1 0.940759
0 10 9 17 0 0 0
0 10 10 17 1 0 0.998632
0 11 2 11 0 0 0.989522
0 11 2 12 0 1 0
0 11 3 11 1 0 0
0 11 3 12 1 1 0.99118
0 12 11 22 0 0 0
0 12 11 23 0 1 0.95009
0 12 12 22 1 0 0.989892
0 12 12 23 1 1 0
0 13 22 30 0 0 0.975399
0 13 22 31 0 1 0
0 13 23 30 1 0 0
0 13 23 31 1 1 0.990296
0 14 11 18 0 0 0.987299
0 14 11 19 0 1 0
0 14 12 18 1 0 0
0 14 12 19 1 1 0.993689
0 15 2 8 0 0 0
0 15 3 8 1 0 0.994452
0 16 26 32 0 0 0.943468
0 16 27 32 1 0 0
0 17 24 33 0 0 0.965787
0 17 25 33 1 0 0
1 0 37 34 0 0 0
1 0 37 35 0 1 0.978425
1 0 37 36 0 2 0
1 0 38 34 1 0 0
1 0 38 35 1 1 0
1 0 38 36 1 2 0.949728
1 0 39 34 2 0 0.989212
1 0 39 35 2 1 0
1 0 39 36 2 2 0
1 1 40 55 0 0 0.97835
1 1 40 56 0 1 0
1 1 40 57 0 2 0
1 1 41 55 1 0 0
1 1 41 56 1 1 0.986889
1 1 41 57 1 2 0
1 1 42 55 2 0 0
1 1 42 56 2 1 0
1 1 42 57 2 2 0.973334
1 2 55 70 0 0 0.9977
1 2 55 71 0 1 0
1 2 55 72 0 2 0
1 2 56 70 1 0 0
1 2 56 71 1 1 0
1 2 56 72 1 2 0.990667
1 2 57 70 2 0 0
1 2 57 71 2 1 0.986229
1 2 57 72 2 2 0
1 3 34 40 0 0 0.978586
1 3 34 41 0 1 0
1 3 34 42 0 2 0
1 3 35 40 1 0 0
1 3 35 41 1 1 0.922491
1 3 35 42 1 2 0
1 3 36 40 2 0 0
1 3 36 41 2 1 0
1 3 36 42 2 2 0.623686
1 4 34 43 0 0 0
1 4 34 44 0 1 0.975608
1 4 34 45 0 2 0
1 4 35 43 1 0 0.90899
1 4 35 44 1 1 0
1 4 35 45 1 2 0
1 4 36 43 2 0 0
1 4 36 44 2 1 0
1 4 36 45 2 2 0.684255
1 5 43 58 0 0 0
1 5 43 59 0 1 0.975453
1 5 43 60 0 2 0
1 5 44 58 1 0 0.284413
1 5 44 59 1 1 0
1 5 44 60 1 2 0.251044
1 5 45 58 2 0 0.250702
1 5 45 59 2 1 0
1 5 45 60 2 2 0.284717
1 6 58 73 0 0 0.278453
1 6 58 74 0 1 0
1 6 58 75 0 2 0.24838
1 6 59 73 1 0 0
1 6 59 74 1 1 0.995007
1 6 59 75 1 2 0
1 6 60 73 2 0 0.246981
1 6 60 74 2 1 0
1 6 60 75 2 2 0.27847
1 7 37 49 0 0 0.998886
1 7 37 50 0 1 0
1 7 37 51 0 2 0
1 7 38 49 1 0 0
1 7 38 50 1 1 0.918152
1 7 38 51 1 2 0
1 7 39 49 2 0 0
1 7 39 50 2 1 0
1 7 39 51 2 2 0.990877
1 8 49 65 0 0 0
1 8 49 66 0 1 0.98626
1 8 50 65 1 0 0
1 8 50 66 1 1 0
1 8 51 65 2 0 0.984899
1 8 51 66 2 1 0
1 9 65 76 0 0 0.985285
1 9 65 77 0 1 0
1 9 66 76 1 0 0
1 9 66 77 1 1 0.995839
1 10 49 61 0 0 0.672511
1 10 50 61 1 0 0
1 10 51 61 2 0 0
1 11 37 52 0 0 0.997928
1 11 37 53 0 1 0
1 11 37 54 0 2 0
1 11 38 52 1 0 0
1 11 38 53 1 1 0.503799
1 11 38 54 1 2 0
1 11 39 52 2 0 0
1 11 39 53 2 1 0.259965
1 11 39 54 2 2 0.52391
1 12 52 67 0 0 0
1 12 52 68 0 1 0.995239
1 12 52 69 0 2 0
1 12 53 67 1 0 0.247585
1 12 53 68 1 1 0
1 12 53 69 1 2 0.274172
1 12 54 67 2 0 0.274072
1 12 54 68 2 1 0
1 12 54 69 2 2 0.248976
1 13 67 78 0 0 0.291585
1 13 67 79 0 1 0
1 13 67 80 0 2 0.254869
1 13 68 78 1 0 0
1 13 68 79 1 1 0.997208
1 13 68 80 1 2 0
1 13 69 78 2 0 0.252994
1 13 69 79 2 1 0
1 13 69 80 2 2 0.291078
1 14 52 62 0 0 0.995767
1 14 52 63 0 1 0
1 14 52 64 0 2 0
1 14 53 62 1 0 0
1 14 53 63 1 1 0.281935
1 14 53 64 1 2 0.247505
1 14 54 62 2 0 0
1 14 54 63 2 1 0.247769
1 14 54 64 2 2 0.282159
1 15 37 46 0 0 0.994175
1 15 37 47 0 1 0
1 15 37 48 0 2 0
1 15 38 46 1 0 0
1 15 38 47 1 1 0.958973
1 15 38 48 1 2 0
1 15 39 46 2 0 0
1 15 39 47 2 1 0
1 15 39 48 2 2 0.985699
1 16 73 81 0 0 0.978958
1 16 73 82 0 1 0
1 16 73 83 0 2 0
1 16 74 81 1 0 0
1 16 74 82 1 1 0
1 16 74 83 1 2 0.904908
1 16 75 81 2 0 0
1 16 75 82 2 1 0.956235
1 16 75 83 2 2 0
1 17 70 84 0 0 0.968296
1 17 70 85 0 1 0
1 17 70 86 0 2 0
1 17 71 84 1 0 0
1 17 71 85 1 1 0.966239
1 17 71 86 1 2 0
1 17 72 84 2 0 0
1 17 72 85 2 1 0
1 17 72 86 2 2 0.99935
2 0 90 87 0 0 0.997345
2 0 90 88 0 1 0
2 0 90 89 0 2 0
2 0 91 87 1 0 0
2 0 91 88 1 1 0.961661
2 0 91 89 1 2 0
2 0 92 87 2 0 0
2 0 92 88 2 1 0
2 0 92 89 2 2 0.967793
2 1 93 108 0 0 0.971827
2 1 93 109 0 1 0
2 1 93 110 0 2 0
2 1 94 108 1 0 0
2 1 94 109 1 1 0.994042
2 1 94 110 1 2 0
2 1 95 108 2 0 0
2 1 95 109 2 1 0
2 1 95 110 2 2 0.928893
2 2 108 122 0 0 0.99398
2 2 108 123 0 1 0
2 2 109 122 1 0 0
2 2 109 123 1 1 0.989595
2 2 110 122 2 0 0
2 2 110 123 2 1 0
2 3 87 93 0 0 0.951617
2 3 87 94 0 1 0
2 3 87 95 0 2 0
2 3 88 93 1 0 0
2 3 88 94 1 1 0.965458
2 3 88 95 1 2 0
2 3 89 93 2 0 0
2 3 89 94 2 1 0
2 3 89 95 2 2 0.838169
2 4 87 96 0 0 0.934118
2 4 87 97 0 1 0
2 4 87 98 0 2 0
2 4 88 96 1 0 0
2 4 88 97 1 1 0.956826
2 4 88 98 1 2 0
2 4 89 96 2 0 0
2 4 89 97 2 1 0
2 4 89 98 2 2 0.863695
2 5 96 111 0 0 0.99962
2 5 96 112 0 1 0
2 5 96 113 0 2 0
2 5 97 111 1 0 0
2 5 97 112 1 1 0.989976
2 5 97 113 1 2 0
2 5 98 111 2 0 0
2 5 98 112 2 1 0
2 5 98 113 2 2 0.965524
2 6 111 124 0 0 0.959536
2 6 111 125 0 1 0
2 6 112 124 1 0 0
2 6 112 125 1 1 0.995144
2 6 113 124 2 0 0
2 6 113 125 2 1 0
2 7 90 102 0 0 0.971808
2 7 90 103 0 1 0
2 7 90 104 0 2 0
2 7 91 102 1 0 0
2 7 91 103 1 1 0.996395
2 7 91 104 1 2 0
2 7 92 102 2 0 0
2 7 92 103 2 1 0
2 7 92 104 2 2 0.907185
2 8 102 117 0 0 0.974575
2 8 102 118 0 1 0
2 8 102 119 0 2 0
2 8 103 117 1 0 0
2 8 103 118 1 1 0.966904
2 8 103 119 1 2 0
2 8 104 117 2 0 0
2 8 104 118 2 1 0
2 8 104 119 2 2 0.972073
2 9 117 126 0 0 0.986655
2 9 117 127 0 1 0
2 9 117 128 0 2 0
2 9 118 126 1 0 0
2 9 118 127 1 1 0.996771
2 9 118 128 1 2 0
2 9 119 126 2 0 0
2 9 119 127 2 1 0
2 9 119 128 2 2 0.996081
2 10 102 114 0 0 0.964719
2 10 102 115 0 1 0
2 10 103 114 1 0 0
2 10 103 115 1 1 0
2 10 104 114 2 0 0
2 10 104 115 2 1 0.95597
2 11 90 105 0 0 0.98082
2 11 90 106 0 1 0
2 11 90 107 0 2 0
2 11 91 105 1 0 0
2 11 91 106 1 1 0.995039
2 11 91 107 1 2 0
2 11 92 105 2 0 0
2 11 92 106 2 1 0
2 11 92 107 2 2 0.897228
2 12 105 120 0 0 0.997699
2 12 105 121 0 1 0
2 12 106 120 1 0 0
2 12 106 121 1 1 0.991829
2 12 107 120 2 0 0
2 12 107 121 2 1 0
2 13 120 129 0 0 0.99587
2 13 120 130 0 1 0
2 13 121 129 1 0 0
2 13 121 130 1 1 0.974564
2 14 105 116 0 0 0
2 14 106 116 1 0 0.98721
2 14 107 116 2 0 0
2 15 90 99 0 0 0.958121
2 15 90 100 0 1 0
2 15 90 101 0 2 0
2 15 91 99 1 0 0
2 15 91 100 1 1 0.988924
2 15 91 101 1 2 0
2 15 92 99 2 0 0
2 15 92 100 2 1 0
2 15 92 101 2 2 0.977415
2 16 124 131 0 0 0
2 16 125 131 1 0 0.977596
2 17 122 132 0 0 0.925832
2 17 122 133 0 1 0
2 17 123 132 1 0 0
2 17 123 133 1 1 0.993155
3 0 137 134 0 0 0
3 0 137 135 0 1 0
3 0 137 136 0 2 0.967256
3 0 138 134 1 0 0
3 0 138 135 1 1 0.966898
3 0 138 136 1 2 0
3 0 139 134 2 0 0.998721
3 0 139 135 2 1 0
3 0 139 136 2 2 0
3 1 140 155 0 0 0.99948
3 1 140 156 0 1 0
3 1 140 157 0 2 0
3 1 141 155 1 0 0
3 1 141 156 1 1 0.949581
3 1 141 157 1 2 0
3 1 142 155 2 0 0
3 1 142 156 2 1 0
3 1 142 157 2 2 0.980948
3 2 155 169 0 0 0.989715
3 2 155 170 0 1 0
3 2 155 171 0 2 0
3 2 156 169 1 0 0
3 2 156 170 1 1 0.991237
3 2 156 171 1 2 0
3 2 157 169 2 0 0
3 2 157 170 2 1 0
3 2 157 171 2 2 0.969247
3 3 134 140 0 0 0.93961
3 3 134 141 0 1 0
3 3 134 142 0 2 0
3 3 135 140 1 0 0
3 3 135 141 1 1 0.892412
3 3 135 142 1 2 0
3 3 136 140 2 0 0
3 3 136 141 2 1 0
3 3 136 142 2 2 0.883781
3 4 134 143 0 0 0.94932
3 4 134 144 0 1 0
3 4 134 145 0 2 0
3 4 135 143 1 0 0
3 4 135 144 1 1 0.884095
3 4 135 145 1 2 0
3 4 136 143 2 0 0
3 4 136 144 2 1 0
3 4 136 145 2 2 0.881273
3 5 143 158 0 0 0.994913
3 5 143 159 0 1 0
3 5 143 160 0 2 0
3 5 144 158 1 0 0
3 5 144 159 1 1 0.951213
3 5 144 160 1 2 0
3 5 145 158 2 0 0
3 5 145 159 2 1 0
3 5 145 160 2 2 0.966069
3 6 158 172 0 0 0.98652
3 6 158 173 0 1 0
3 6 158 174 0 2 0
3 6 159 172 1 0 0
3 6 159 173 1 1 0.991078
3 6 159 174 1 2 0
3 6 160 172 2 0 0
3 6 160 173 2 1 0
3 6 160 174 2 2 0.980073
3 7 137 149 0 0 0.978583
3 7 137 150 0 1 0
3 7 137 151 0 2 0
3 7 138 149 1 0 0
3 7 138 150 1 1 0.954452
3 7 138 151 1 2 0
3 7 139 149 2 0 0
3 7 139 150 2 1 0
3 7 139 151 2 2 0.996387
3 8 149 164 0 0 0
3 8 149 165 0 1 0
3 8 149 166 0 2 0.981372
3 8 150 164 1 0 0.964774
3 8 150 165 1 1 0
3 8 150 166 1 2 0
3 8 151 164 2 0 0
3 8 151 165 2 1 0.998669
3 8 151 166 2 2 0
3 9 164 175 0 0 0.986654
3 9 164 176 0 1 0
3 9 164 177 0 2 0
3 9 165 175 1 0 0
3 9 165 176 1 1 0.988196
3 9 165 177 1 2 0
3 9 166 175 2 0 0
3 9 166 176 2 1 0
3 9 166 177 2 2 0.989169
3 10 149 161 0 0 0.968304
3 10 149 162 0 1 0
3 10 150 161 1 0 0
3 10 150 162 1 1 0.981345
3 10 151 161 2 0 0
3 10 151 162 2 1 0
3 11 137 152 0 0 0.985725
3 11 137 153 0 1 0
3 11 137 154 0 2 0
3 11 138 152 1 0 0
3 11 138 153 1 1 0.936157
3 11 138 154 1 2 0
3 11 139 152 2 0 0
3 11 139 153 2 1 0
3 11 139 154 2 2 0.996568
3 12 152 167 0 0 0
3 12 152 168 0 1 0.966223
3 12 153 167 1 0 0
3 12 153 168 1 1 0
3 12 154 167 2 0 0.998263
3 12 154 168 2 1 0
3 13 167 178 0 0 0.982138
3 13 167 179 0 1 0
3 13 168 178 1 0 0
3 13 168 179 1 1 0.97985
3 14 152 163 0 0 0
3 14 153 163 1 0 0
3 14 154 163 2 0 0.993807
3 15 137 146 0 0 0.815664
3 15 137 147 0 1 0
3 15 137 148 0 2 0
3 15 138 146 1 0 0
3 15 138 147 1 1 0.952823
3 15 138 148 1 2 0
3 15 139 146 2 0 0
3 15 139 147 2 1 0
3 15 139 148 2 2 0.990491
3 16 172 180 0 0 0.982191
3 16 172 181 0 1 0
3 16 172 182 0 2 0
3 16 173 180 1 0 0
3 16 173 181 1 1 0.992666
3 16 173 182 1 2 0
3 16 174 180 2 0 0
3 16 174 181 2 1 0
3 16 174 182 2 2 0.899735
3 17 169 183 0 0 0.997174
3 17 169 184 0 1 0
3 17 170 183 1 0 0
3 17 170 184 1 1 0.978496
3 17 171 183 2 0 0
3 17 171 184 2 1 0
4 0 187 185 0 0 0
4 0 187 186 0 1 0.992292
4 0 188 185 1 0 0.942383
4 0 188 186 1 1 0
4 1 189 198 0 0 0.945027
4 1 189 199 0 1 0
4 1 189 200 0 2 0
4 1 190 198 1 0 0
4 1 190 199 1 1 0
4 1 190 200 1 2 0.975992
4 2 198 212 0 0 0.986464
4 2 198 213 0 1 0
4 2 198 214 0 2 0
4 2 199 212 1 0 0
4 2 199 213 1 1 0.77463
4 2 199 214 1 2 0
4 2 200 212 2 0 0
4 2 200 213 2 1 0
4 2 200 214 2 2 0.988273
4 3 185 189 0 0 0.934446
4 3 185 190 0 1 0
4 3 186 189 1 0 0
4 3 186 190 1 1 0.865323
4 4 185 191 0 0 0.924187
4 4 185 192 0 1 0
4 4 186 191 1 0 0
4 4 186 192 1 1 0.860313
4 5 191 201 0 0 0.975098
4 5 191 202 0 1 0
4 5 191 203 0 2 0
4 5 192 201 1 0 0
4 5 192 202 1 1 0.477
4 5 192 203 1 2 0.523
4 6 201 215 0 0 0.983629
4 6 201 216 0 1 0
4 6 201 217 0 2 0
4 6 202 215 1 0 0
4 6 202 216 1 1 0.500314
4 6 202 217 1 2 0.27734
4 6 203 215 2 0 0
4 6 203 216 2 1 0
4 6 203 217 2 2 0.537144
4 7 187 194 0 0 0.983326
4 7 187 195 0 1 0
4 7 188 194 1 0 0
4 7 188 195 1 1 0
4 8 194 209 0 0 0.990148
4 8 195 209 1 0 0
4 9 209 218 0 0 0.982645
4 10 194 204 0 0 0.990814
4 10 194 205 0 1 0
4 10 194 206 0 2 0
4 10 195 204 1 0 0
4 10 195 205 1 1 0
4 10 195 206 1 2 0.888987
4 11 187 196 0 0 0.965565
4 11 187 197 0 1 0
4 11 188 196 1 0 0
4 11 188 197 1 1 0.970082
4 12 196 210 0 0 0.961651
4 12 196 211 0 1 0
4 12 197 210 1 0 0
4 12 197 211 1 1 0.984935
4 13 210 219 0 0 0.992034
4 13 210 220 0 1 0
4 13 211 219 1 0 0
4 13 211 220 1 1 0.993346
4 14 196 207 0 0 0.803926
4 14 196 208 0 1 0
4 14 197 207 1 0 0
4 14 197 208 1 1 0.980683
4 15 187 193 0 0 0
4 15 188 193 1 0 0
4 16 215 221 0 0 0.949102
4 16 215 222 0 1 0
4 16 216 221 1 0 0
4 16 216 222 1 1 0
4 16 217 221 2 0 0
4 16 217 222 2 1 0.684255
4 17 212 223 0 0 0.890516
4 17 212 224 0 1 0
4 17 213 223 1 0 0
4 17 213 224 1 1 0
4 17 214 223 2 0 0
4 17 214 224 2 1 0.917344
E jointIdx viewA viewB aOverAllIdx bOverallIdx score
0 0 1 0 34 0.441897
0 0 1 0 35 0.283554
0 0 1 0 36 0.155577
0 0 1 1 34 0.225999
0 0 1 1 35 -1
0 0 1 1 36 0.7275
0 0 2 0 87 0.910149
0 0 2 0 88 -1
0 0 2 0 89 -1
0 0 2 1 87 -1
0 0 2 1 88 0.794494
0 0 2 1 89 -1
0 0 3 0 134 -1
0 0 3 0 135 0.926863
0 0 3 0 136 -1
0 0 3 1 134 0.892499
0 0 3 1 135 -1
0 0 3 1 136 -1
0 0 4 0 185 -1
0 0 4 0 186 0.626544
0 0 4 1 185 -1
0 0 4 1 186 0.373456
0 1 2 34 87 0.91282
0 1 2 34 88 0.152705
0 1 2 34 89 -1
0 1 2 35 87 -1
0 1 2 35 88 -1
0 1 2 35 89 0.938685
0 1 2 36 87 -1
0 1 2 36 88 0.653631
0 1 2 36 89 -1
0 1 3 34 134 0.954365
0 1 3 34 135 0.818785
0 1 3 34 136 -1
0 1 3 35 134 -1
0 1 3 35 135 -1
0 1 3 35 136 0.986412
0 1 3 36 134 0.902235
0 1 3 36 135 0.981657
0 1 3 36 136 -1
0 1 4 34 185 -1
0 1 4 34 186 0.938285
0 1 4 35 185 0.973221
0 1 4 35 186 -1
0 1 4 36 185 -1
0 1 4 36 186 -1
0 2 3 87 134 -1
0 2 3 87 135 0.82858
0 2 3 87 136 -1
0 2 3 88 134 0.921251
0 2 3 88 135 -1
0 2 3 88 136 -1
0 2 3 89 134 -1
0 2 3 89 135 -1
0 2 3 89 136 0.845668
0 2 4 87 185 -1
0 2 4 87 186 0.903145
0 2 4 88 185 -1
0 2 4 88 186 -1
0 2 4 89 185 0.622272
0 2 4 89 186 -1
0 3 4 134 185 0.0803418
0 3 4 134 186 -1
0 3 4 135 185 0.283304
0 3 4 135 186 0.442025
0 3 4 136 185 0.333254
0 3 4 136 186 0.343648
1 0 1 2 37 0.245185
1 0 1 2 38 0.27176
1 0 1 2 39 0.229242
1 0 1 3 37 0.0511465
1 0 1 3 38 0.279467
1 0 1 3 39 0.334635
1 0 2 2 90 -1
1 0 2 2 91 0.968255
1 0 2 2 92 -1
1 0 2 3 90 0.959332
1 0 2 3 91 -1
1 0 2 3 92 -1
1 0 3 2 137 -1
1 0 3 2 138 0.455044
1 0 3 2 139 0.53794
1 0 3 3 137 -1
1 0 3 3 138 0.544956
1 0 3 3 139 0.46206
1 0 4 2 187 0.30614
1 0 4 2 188 0.433763
1 0 4 3 187 0.411606
1 0 4 3 188 0.292458
1 1 2 37 90 -1
1 1 2 37 91 -1
1 1 2 37 92 0.678367
1 1 2 38 90 -1
1 1 2 38 91 0.837593
1 1 2 38 92 -1
1 1 2 39 90 0.993216
1 1 2 39 91 -1
1 1 2 39 92 -1
1 1 3 37 137 0.338283
1 1 3 37 138 0.107177
1 1 3 37 139 0.128223
1 1 3 38 137 0.15825
1 1 3 38 138 0.177634
1 1 3 38 139 0.204331
1 1 3 39 137 0.0615086
1 1 3 39 138 0.254036
1 1 3 39 139 0.211165
1 1 4 37 187 -1
1 1 4 37 188 0.965123
1 1 4 38 187 -1
1 1 4 38 188 -1
1 1 4 39 187 0.857095
1 1 4 39 188 -1
1 2 3 90 137 -1
1 2 3 90 138 0.903156
1 2 3 90 139 -1
1 2 3 91 137 -1
1 2 3 91 138 -1
1 2 3 91 139 0.92724
1 2 3 92 137 0.695176
1 2 3 92 138 -1
1 2 3 92 139 -1
1 2 4 90 187 0.903306
1 2 4 90 188 -1
1 2 4 91 187 0.655568
1 2 4 91 188 -1
1 2 4 92 187 -1
1 2 4 92 188 0.786974
1 3 4 137 187 0.200401
1 3 4 137 188 0.211956
1 3 4 138 187 0.239123
1 3 4 138 188 0.181082
1 3 4 139 187 0.172141
1 3 4 139 188 0.234488
2 0 1 4 40 0.481671
2 0 1 4 41 0.261812
2 0 1 4 42 0.151712
2 0 1 5 40 0.136799
2 0 1 5 41 -1
2 0 1 5 42 0.728116
2 0 2 4 93 0.904068
2 0 2 4 94 -1
2 0 2 4 95 -1
2 0 2 5 93 -1
2 0 2 5 94 0.530462
2 0 2 5 95 -1
2 0 3 4 140 -1
2 0 3 4 141 0.743052
2 0 3 4 142 -1
2 0 3 5 140 0.835218
2 0 3 5 141 -1
2 0 3 5 142 -1
2 0 4 4 189 -1
2 0 4 4 190 0.508946
2 0 4 5 189 -1
2 0 4 5 190 0.491054
2 1 2 40 93 0.740204
2 1 2 40 94 -1
2 1 2 40 95 -1
2 1 2 41 93 -1
2 1 2 41 94 -1
2 1 2 41 95 0.905094
2 1 2 42 93 -1
2 1 2 42 94 0.489745
2 1 2 42 95 -1
2 1 3 40 140 0.787467
2 1 3 40 141 0.695605
2 1 3 40 142 -1
2 1 3 41 140 -1
2 1 3 41 141 -1
2 1 3 41 142 0.879127
2 1 3 42 140 0.926561
2 1 3 42 141 0.964033
2 1 3 42 142 -1
2 1 4 40 189 -1
2 1 4 40 190 0.823125
2 1 4 41 189 0.924074
2 1 4 41 190 -1
2 1 4 42 189 -1
2 1 4 42 190 -1
2 2 3 93 140 -1
2 2 3 93 141 0.812988
2 2 3 93 142 -1
2 2 3 94 140 0.752361
2 2 3 94 141 -1
2 2 3 94 142 -1
2 2 3 95 140 -1
2 2 3 95 141 -1
2 2 3 95 142 0.972262
2 2 4 93 189 -1
2 2 4 93 190 0.822715
2 2 4 94 189 -1
2 2 4 94 190 -1
2 2 4 95 189 0.589317
2 2 4 95 190 -1
2 3 4 140 189 0.0724508
2 3 4 140 190 -1
2 3 4 141 189 0.335428
2 3 4 141 190 0.433705
2 3 4 142 189 0.368136
2 3 4 142 190 0.076431
3 0 1 6 43 0.255365
3 0 1 6 44 0.441038
3 0 1 6 45 0.171008
3 0 1 7 43 -1
3 0 1 7 44 0.288759
3 0 1 7 45 0.724224
3 0 2 6 96 0.825462
3 0 2 6 97 -1
3 0 2 6 98 -1
3 0 2 7 96 -1
3 0 2 7 97 0.995654
3 0 2 7 98 -1
3 0 3 6 143 -1
3 0 3 6 144 0.813287
3 0 3 6 145 -1
3 0 3 7 143 0.774615
3 0 3 7 144 -1
3 0 3 7 145 -1
3 0 4 6 191 -1
3 0 4 6 192 0.785262
3 0 4 7 191 -1
3 0 4 7 192 -1
3 1 2 43 96 -1
3 1 2 43 97 -1
3 1 2 43 98 0.824646
3 1 2 44 96 0.999145
3 1 2 44 97 0.407911
3 1 2 44 98 -1
3 1 2 45 96 -1
3 1 2 45 97 0.804751
3 1 2 45 98 -1
3 1 3 43 143 -1
3 1 3 43 144 -1
3 1 3 43 145 0.918159
3 1 3 44 143 0.844083
3 1 3 44 144 0.999148
3 1 3 44 145 -1
3 1 3 45 143 0.8196
3 1 3 45 144 0.984905
3 1 3 45 145 -1
3 1 4 43 191 0.94446
3 1 4 43 192 -1
3 1 4 44 191 -1
3 1 4 44 192 0.904391
3 1 4 45 191 -1
3 1 4 45 192 -1
3 2 3 96 143 -1
3 2 3 96 144 0.951126
3 2 3 96 145 -1
3 2 3 97 143 0.787362
3 2 3 97 144 -1
3 2 3 97 145 -1
3 2 3 98 143 -1
3 2 3 98 144 -1
3 2 3 98 145 0.55972
3 2 4 96 191 -1
3 2 4 96 192 0.953891
3 2 4 97 191 -1
3 2 4 97 192 -1
3 2 4 98 191 0.663559
3 2 4 98 192 -1
3 3 4 143 191 0.0970646
3 3 4 143 192 -1
3 3 4 144 191 0.236653
3 3 4 144 192 0.492797
3 3 4 145 191 0.264442
3 3 4 145 192 0.433238
4 0 1 8 46 -1
4 0 1 8 47 0.495558
4 0 1 8 48 0.959481
4 0 2 8 99 0.910789
4 0 2 8 100 0.409267
4 0 2 8 101 -1
4 0 3 8 146 -1
4 0 3 8 147 0.993955
4 0 3 8 148 0.350702
4 0 4 8 193 0.837622
4 1 2 46 99 -1
4 1 2 46 100 -1
4 1 2 46 101 0.935305
4 1 2 47 99 -1
4 1 2 47 100 0.942756
4 1 2 47 101 -1
4 1 2 48 99 0.935257
4 1 2 48 100 0.0184359
4 1 2 48 101 -1
4 1 3 46 146 0.806185
4 1 3 46 147 -1
4 1 3 46 148 -1
4 1 3 47 146 -1
4 1 3 47 147 0.63576
4 1 3 47 148 0.811495
4 1 3 48 146 -1
4 1 3 48 147 0.955998
4 1 3 48 148 0.927766
4 1 4 46 193 -1
4 1 4 47 193 0.777796
4 1 4 48 193 -1
4 2 3 99 146 -1
4 2 3 99 147 0.879044
4 2 3 99 148 -1
4 2 3 100 146 -1
4 2 3 100 147 -1
4 2 3 100 148 0.960706
4 2 3 101 146 0.845609
4 2 3 101 147 -1
4 2 3 101 148 -1
4 2 4 99 193 0.987019
4 2 4 100 193 0.935527
4 2 4 101 193 -1
4 3 4 146 193 0.270719
4 3 4 147 193 0.261075
4 3 4 148 193 0.468205
5 0 1 9 49 0.0910305
5 0 1 9 50 0.294585
5 0 1 9 51 0.312049
5 0 1 10 49 0.177312
5 0 1 10 50 0.284761
5 0 1 10 51 0.269214
5 0 2 9 102 0.626194
5 0 2 9 103 0.292192
5 0 2 9 104 -1
5 0 2 10 102 0.373806
5 0 2 10 103 0.707808
5 0 2 10 104 -1
5 0 3 9 149 -1
5 0 3 9 150 0.513056
5 0 3 9 151 0.48838
5 0 3 10 149 -1
5 0 3 10 150 0.486944
5 0 3 10 151 0.51162
5 0 4 9 194 0.290797
5 0 4 9 195 0.298401
5 0 4 10 194 0.298163
5 0 4 10 195 0.289457
5 1 2 49 102 -1
5 1 2 49 103 -1
5 1 2 49 104 0.910381
5 1 2 50 102 -1
5 1 2 50 103 0.78614
5 1 2 50 104 -1
5 1 2 51 102 0.99069
5 1 2 51 103 -1
5 1 2 51 104 -1
5 1 3 49 149 0.418025
5 1 3 49 150 0.108432
5 1 3 49 151 0.135606
5 1 3 50 149 0.169897
5 1 3 50 150 0.173339
5 1 3 50 151 0.241893
5 1 3 51 149 0.0388913
5 1 3 51 150 0.295599
5 1 3 51 151 0.223721
5 1 4 49 194 -1
5 1 4 49 195 -1
5 1 4 50 194 -1
5 1 4 50 195 0.92569
5 1 4 51 194 0.970839
5 1 4 51 195 -1
5 2 3 102 149 -1
5 2 3 102 150 0.96385
5 2 3 102 151 -1
5 2 3 103 149 -1
5 2 3 103 150 -1
5 2 3 103 151 0.976181
5 2 3 104 149 0.97959
5 2 3 104 150 -1
5 2 3 104 151 -1
5 2 4 102 194 0.889974
5 2 4 102 195 -1
5 2 4 103 194 -1
5 2 4 103 195 0.654653
5 2 4 104 194 -1
5 2 4 104 195 -1
5 3 4 149 194 0.205816
5 3 4 149 195 0.2131
5 3 4 150 194 0.21185
5 3 4 150 195 0.207624
5 3 4 151 194 0.211444
5 3 4 151 195 0.207992
6 0 1 11 52 0.346578
6 0 1 11 53 0.254821
6 0 1 11 54 0.172601
6 0 1 12 52 0.0540902
6 0 1 12 53 0.237946
6 0 1 12 54 0.362031
6 0 2 11 105 -1
6 0 2 11 106 0.957351
6 0 2 11 107 -1
6 0 2 12 105 0.958592
6 0 2 12 106 -1
6 0 2 12 107 -1
6 0 3 11 152 -1
6 0 3 11 153 0.439215
6 0 3 11 154 0.546904
6 0 3 12 152 -1
6 0 3 12 153 0.560785
6 0 3 12 154 0.453096
6 0 4 11 196 0.321594
6 0 4 11 197 0.493542
6 0 4 12 196 0.460814
6 0 4 12 197 0.313945
6 1 2 52 105 -1
6 1 2 52 106 -1
6 1 2 52 107 0.45593
6 1 2 53 105 -1
6 1 2 53 106 0.941872
6 1 2 53 107 -1
6 1 2 54 105 0.999378
6 1 2 54 106 -1
6 1 2 54 107 -1
6 1 3 52 152 0.279952
6 1 3 52 153 0.11879
6 1 3 52 154 0.127245
6 1 3 53 152 0.147214
6 1 3 53 153 0.178612
6 1 3 53 154 0.178223
6 1 3 54 152 0.075811
6 1 3 54 153 0.212572
6 1 3 54 154 0.204024
6 1 4 52 196 -1
6 1 4 52 197 0.968042
6 1 4 53 196 0.59137
6 1 4 53 197 -1
6 1 4 54 196 0.872985
6 1 4 54 197 -1
6 2 3 105 152 -1
6 2 3 105 153 0.943126
6 2 3 105 154 -1
6 2 3 106 152 -1
6 2 3 106 153 -1
6 2 3 106 154 0.85463
6 2 3 107 152 0.386673
6 2 3 107 153 -1
6 2 3 107 154 -1
6 2 4 105 196 0.865566
6 2 4 105 197 -1
6 2 4 106 196 0.674831
6 2 4 106 197 -1
6 2 4 107 196 -1
6 2 4 107 197 0.489937
6 3 4 152 196 0.210981
6 3 4 152 197 0.216551
6 3 4 153 196 0.258156
6 3 4 153 197 0.176831
6 3 4 154 196 0.156471
6 3 4 154 197 0.262448
7 0 1 13 55 0.941269
7 0 1 13 56 0.438618
7 0 1 13 57 -1
7 0 1 14 55 -1
7 0 1 14 56 -1
7 0 1 14 57 0.896584
7 0 2 13 108 0.95574
7 0 2 13 109 -1
7 0 2 13 110 -1
7 0 2 14 108 -1
7 0 2 14 109 0.642252
7 0 2 14 110 -1
7 0 3 13 155 -1
7 0 3 13 156 0.975803
7 0 3 13 157 -1
7 0 3 14 155 0.939594
7 0 3 14 156 -1
7 0 3 14 157 -1
7 0 4 13 198 -1
7 0 4 13 199 0.457955
7 0 4 13 200 0.576492
7 0 4 14 198 -1
7 0 4 14 199 0.542045
7 0 4 14 200 0.423508
7 1 2 55 108 0.978191
7 1 2 55 109 0.197214
7 1 2 55 110 -1
7 1 2 56 108 -1
7 1 2 56 109 -1
7 1 2 56 110 0.874501
7 1 2 57 108 -1
7 1 2 57 109 0.474106
7 1 2 57 110 -1
7 1 3 55 155 0.956094
7 1 3 55 156 0.827794
7 1 3 55 157 -1
7 1 3 56 155 -1
7 1 3 56 156 -1
7 1 3 56 157 0.973406
7 1 3 57 155 0.720837
7 1 3 57 156 0.915403
7 1 3 57 157 -1
7 1 4 55 198 -1
7 1 4 55 199 -1
7 1 4 55 200 0.848227
7 1 4 56 198 0.978741
7 1 4 56 199 -1
7 1 4 56 200 -1
7 1 4 57 198 -1
7 1 4 57 199 0.70124
7 1 4 57 200 -1
7 2 3 108 155 -1
7 2 3 108 156 0.957001
7 2 3 108 157 -1
7 2 3 109 155 0.709044
7 2 3 109 156 -1
7 2 3 109 157 -1
7 2 3 110 155 -1
7 2 3 110 156 -1
7 2 3 110 157 0.956908
7 2 4 108 198 -1
7 2 4 108 199 -1
7 2 4 108 200 0.848243
7 2 4 109 198 -1
7 2 4 109 199 0.808595
7 2 4 109 200 -1
7 2 4 110 198 0.918648
7 2 4 110 199 -1
7 2 4 110 200 -1
7 3 4 155 198 -1
7 3 4 155 199 0.971094
7 3 4 155 200 -1
7 3 4 156 198 0.572818
7 3 4 156 199 -1
7 3 4 156 200 0.575344
7 3 4 157 198 0.75309
7 3 4 157 199 -1
7 3 4 157 200 -1
8 0 1 15 58 0.893537
8 0 1 15 59 0.769436
8 0 1 15 60 -1
8 0 1 16 58 -1
8 0 1 16 59 -1
8 0 1 16 60 0.860244
8 0 2 15 111 0.705787
8 0 2 15 112 -1
8 0 2 15 113 -1
8 0 2 16 111 -1
8 0 2 16 112 0.569339
8 0 2 16 113 -1
8 0 3 15 158 -1
8 0 3 15 159 0.732982
8 0 3 15 160 -1
8 0 3 16 158 0.912113
8 0 3 16 159 -1
8 0 3 16 160 -1
8 0 4 15 201 -1
8 0 4 15 202 0.476585
8 0 4 15 203 0.55838
8 0 4 16 201 -1
8 0 4 16 202 0.0514017
8 0 4 16 203 -1
8 1 2 58 111 0.936668
8 1 2 58 112 0.595072
8 1 2 58 113 -1
8 1 2 59 111 -1
8 1 2 59 112 -1
8 1 2 59 113 0.800248
8 1 2 60 111 0.712272
8 1 2 60 112 0.720992
8 1 2 60 113 -1
8 1 3 58 158 0.298452
8 1 3 58 159 0.749449
8 1 3 58 160 -1
8 1 3 59 158 -1
8 1 3 59 159 -1
8 1 3 59 160 0.730301
8 1 3 60 158 0.745824
8 1 3 60 159 0.614222
8 1 3 60 160 -1
8 1 4 58 201 -1
8 1 4 58 202 -1
8 1 4 58 203 0.896623
8 1 4 59 201 0.982085
8 1 4 59 202 -1
8 1 4 59 203 -1
8 1 4 60 201 -1
8 1 4 60 202 0.734422
8 1 4 60 203 -1
8 2 3 111 158 -1
8 2 3 111 159 0.929124
8 2 3 111 160 -1
8 2 3 112 158 0.443944
8 2 3 112 159 -1
8 2 3 112 160 -1
8 2 3 113 158 -1
8 2 3 113 159 -1
8 2 3 113 160 0.995498
8 2 4 111 201 -1
8 2 4 111 202 -1
8 2 4 111 203 0.696335
8 2 4 112 201 -1
8 2 4 112 202 0.661882
8 2 4 112 203 -1
8 2 4 113 201 0.839772
8 2 4 113 202 -1
8 2 4 113 203 -1
8 3 4 158 201 0.0682883
8 3 4 158 202 0.602731
8 3 4 158 203 -1
8 3 4 159 201 0.15264
8 3 4 159 202 -1
8 3 4 159 203 0.871504
8 3 4 160 201 0.779072
8 3 4 160 202 -1
8 3 4 160 203 -1
9 0 1 17 61 0.976157
9 0 2 17 114 0.675101
9 0 2 17 115 -1
9 0 3 17 161 -1
9 0 3 17 162 -1
9 0 4 17 204 0.949296
9 0 4 17 205 -1
9 0 4 17 206 0.973053
9 1 2 61 114 -1
9 1 2 61 115 0.917696
9 1 3 61 161 0.94289
9 1 3 61 162 -1
9 1 4 61 204 -1
9 1 4 61 205 0.981651
9 1 4 61 206 -1
9 2 3 114 161 -1
9 2 3 114 162 0.872311
9 2 3 115 161 0.929956
9 2 3 115 162 -1
9 2 4 114 204 0.899331
9 2 4 114 205 -1
9 2 4 114 206 0.760383
9 2 4 115 204 -1
9 2 4 115 205 0.766992
9 2 4 115 206 -1
9 3 4 161 204 0.202284
9 3 4 161 205 0.269419
9 3 4 161 206 0.176386
9 3 4 162 204 0.269261
9 3 4 162 205 0.207554
9 3 4 162 206 0.179375
10 0 1 18 62 0.361805
10 0 1 18 63 0.273469
10 0 1 18 64 0.153435
10 0 1 19 62 -1
10 0 1 19 63 0.347331
10 0 1 19 64 0.633808
10 0 2 18 116 0.859415
10 0 2 19 116 0.140585
10 0 3 18 163 0.810586
10 0 3 19 163 -1
10 0 4 18 207 0.245359
10 0 4 18 208 -1
10 0 4 19 207 0.754641
10 0 4 19 208 -1
10 1 2 62 116 -1
10 1 2 63 116 0.926828
10 1 2 64 116 -1
10 1 3 62 163 -1
10 1 3 63 163 0.891969
10 1 3 64 163 0.611754
10 1 4 62 207 -1
10 1 4 62 208 0.966113
10 1 4 63 207 0.0936617
10 1 4 63 208 -1
10 1 4 64 207 0.935521
10 1 4 64 208 -1
10 2 3 116 163 0.939425
10 2 4 116 207 0.514011
10 2 4 116 208 -1
10 3 4 163 207 0.263241
10 3 4 163 208 0.736759
11 0 1 20 65 0.609637
11 0 1 20 66 0.390363
11 0 1 21 65 -1
11 0 1 21 66 -1
11 0 2 20 117 -1
11 0 2 20 118 -1
11 0 2 20 119 -1
11 0 2 21 117 -1
11 0 2 21 118 0.948553
11 0 2 21 119 -1
11 0 3 20 164 -1
11 0 3 20 165 -1
11 0 3 20 166 -1
11 0 3 21 164 -1
11 0 3 21 165 0.925166
11 0 3 21 166 -1
11 0 4 20 209 0.857245
11 0 4 21 209 -1
11 1 2 65 117 0.939467
11 1 2 65 118 -1
11 1 2 65 119 -1
11 1 2 66 117 -1
11 1 2 66 118 -1
11 1 2 66 119 0.739091
11 1 3 65 164 0.528219
11 1 3 65 165 0.437497
11 1 3 65 166 0.00306774
11 1 3 66 164 0.0177614
11 1 3 66 165 0.195656
11 1 3 66 166 0.772623
11 1 4 65 209 0.95988
11 1 4 66 209 -1
11 2 3 117 164 0.913739
11 2 3 117 165 -1
11 2 3 117 166 -1
11 2 3 118 164 -1
11 2 3 118 165 0.933004
11 2 3 118 166 -1
11 2 3 119 164 -1
11 2 3 119 165 -1
11 2 3 119 166 0.829945
11 2 4 117 209 0.953832
11 2 4 118 209 -1
11 2 4 119 209 -1
11 3 4 164 209 0.313479
11 3 4 165 209 0.303483
11 3 4 166 209 0.383038
12 0 1 22 67 0.482909
12 0 1 22 68 0.347893
12 0 1 22 69 0.105364
12 0 1 23 67 0.149971
12 0 1 23 68 0.00690313
12 0 1 23 69 0.740814
12 0 2 22 120 0.854769
12 0 2 22 121 -1
12 0 2 23 120 -1
12 0 2 23 121 0.979437
12 0 3 22 167 -1
12 0 3 22 168 -1
12 0 3 23 167 0.867439
12 0 3 23 168 -1
12 0 4 22 210 0.345052
12 0 4 22 211 0.339137
12 0 4 23 210 0.504161
12 0 4 23 211 -1
12 1 2 67 120 0.508764
12 1 2 67 121 0.491236
12 1 2 68 120 -1
12 1 2 68 121 -1
12 1 2 69 120 0.430915
12 1 2 69 121 0.569085
12 1 3 67 167 0.307848
12 1 3 67 168 -1
12 1 3 68 167 0.138817
12 1 3 68 168 0.747441
12 1 3 69 167 0.482322
12 1 3 69 168 0.122479
12 1 4 67 210 0.888905
12 1 4 67 211 -1
12 1 4 68 210 -1
12 1 4 68 211 0.954982
12 1 4 69 210 0.674416
12 1 4 69 211 -1
12 2 3 120 167 -1
12 2 3 120 168 -1
12 2 3 121 167 0.920933
12 2 3 121 168 -1
12 2 4 120 210 0.803207
12 2 4 120 211 -1
12 2 4 121 210 0.196793
12 2 4 121 211 -1
12 3 4 167 210 0.688423
12 3 4 167 211 0.228843
12 3 4 168 210 0.0437589
12 3 4 168 211 0.686978
13 0 1 24 70 0.992094
13 0 1 24 71 -1
13 0 1 24 72 0.864612
13 0 1 25 70 -1
13 0 1 25 71 0.94521
13 0 1 25 72 -1
13 0 2 24 122 0.84091
13 0 2 24 123 -1
13 0 2 25 122 -1
13 0 2 25 123 0.759582
13 0 3 24 169 -1
13 0 3 24 170 0.953085
13 0 3 24 171 -1
13 0 3 25 169 0.814316
13 0 3 25 170 -1
13 0 3 25 171 -1
13 0 4 24 212 -1
13 0 4 24 213 0.504794
13 0 4 24 214 0.804815
13 0 4 25 212 -1
13 0 4 25 213 0.495206
13 0 4 25 214 0.195185
13 1 2 70 122 0.65828
13 1 2 70 123 0.34172
13 1 2 71 122 -1
13 1 2 71 123 0.701738
13 1 2 72 122 -1
13 1 2 72 123 -1
13 1 3 70 169 0.662937
13 1 3 70 170 0.867411
13 1 3 70 171 -1
13 1 3 71 169 0.735836
13 1 3 71 170 0.999491
13 1 3 71 171 -1
13 1 3 72 169 -1
13 1 3 72 170 -1
13 1 3 72 171 0.934187
13 1 4 70 212 -1
13 1 4 70 213 -1
13 1 4 70 214 0.848475
13 1 4 71 212 -1
13 1 4 71 213 0.955076
13 1 4 71 214 -1
13 1 4 72 212 0.904012
13 1 4 72 213 -1
13 1 4 72 214 -1
13 2 3 122 169 -1
13 2 3 122 170 0.89098
13 2 3 122 171 -1
13 2 3 123 169 0.967815
13 2 3 123 170 -1
13 2 3 123 171 -1
13 2 4 122 212 -1
13 2 4 122 213 -1
13 2 4 122 214 0.96408
13 2 4 123 212 -1
13 2 4 123 213 0.841241
13 2 4 123 214 -1
13 3 4 169 212 -1
13 3 4 169 213 0.974227
13 3 4 169 214 -1
13 3 4 170 212 0.29045
13 3 4 170 213 -1
13 3 4 170 214 0.94616
13 3 4 171 212 0.565479
13 3 4 171 213 -1
13 3 4 171 214 -1
14 0 1 26 73 0.899313
14 0 1 26 74 0.741818
14 0 1 26 75 -1
14 0 1 27 73 -1
14 0 1 27 74 -1
14 0 1 27 75 0.577266
14 0 2 26 124 0.256749
14 0 2 26 125 -1
14 0 2 27 124 -1
14 0 2 27 125 0.593245
14 0 3 26 172 -1
14 0 3 26 173 0.832718
14 0 3 26 174 -1
14 0 3 27 172 0.530935
14 0 3 27 173 -1
14 0 3 27 174 -1
14 0 4 26 215 -1
14 0 4 26 216 -1
14 0 4 26 217 0.895081
14 0 4 27 215 -1
14 0 4 27 216 -1
14 0 4 27 217 -1
14 1 2 73 124 0.180687
14 1 2 73 125 0.819313
14 1 2 74 124 -1
14 1 2 74 125 -1
14 1 2 75 124 -1
14 1 2 75 125 0.822301
14 1 3 73 172 -1
14 1 3 73 173 0.766448
14 1 3 73 174 -1
14 1 3 74 172 -1
14 1 3 74 173 -1
14 1 3 74 174 0.684033
14 1 3 75 172 0.667372
14 1 3 75 173 0.193001
14 1 3 75 174 -1
14 1 4 73 215 -1
14 1 4 73 216 -1
14 1 4 73 217 0.955166
14 1 4 74 215 0.751506
14 1 4 74 216 -1
14 1 4 74 217 -1
14 1 4 75 215 -1
14 1 4 75 216 0.556716
14 1 4 75 217 -1
14 2 3 124 172 -1
14 2 3 124 173 0.422887
14 2 3 124 174 -1
14 2 3 125 172 0.818251
14 2 3 125 173 -1
14 2 3 125 174 -1
14 2 4 124 215 -1
14 2 4 124 216 -1
14 2 4 124 217 0.510184
14 2 4 125 215 -1
14 2 4 125 216 0.433442
14 2 4 125 217 -1
14 3 4 172 215 -1
14 3 4 172 216 0.244084
14 3 4 172 217 -1
14 3 4 173 215 0.123463
14 3 4 173 216 -1
14 3 4 173 217 0.925979
14 3 4 174 215 0.843309
14 3 4 174 216 -1
14 3 4 174 217 -1
15 0 1 28 76 0.0698342
15 0 1 28 77 0.244904
15 0 1 29 76 -1
15 0 1 29 77 -1
15 0 2 28 126 -1
15 0 2 28 127 -1
15 0 2 28 128 -1
15 0 2 29 126 -1
15 0 2 29 127 0.777726
15 0 2 29 128 -1
15 0 3 28 175 -1
15 0 3 28 176 -1
15 0 3 28 177 -1
15 0 3 29 175 -1
15 0 3 29 176 0.890774
15 0 3 29 177 -1
15 0 4 28 218 0.623635
15 0 4 29 218 -1
15 1 2 76 126 0.941137
15 1 2 76 127 -1
15 1 2 76 128 -1
15 1 2 77 126 -1
15 1 2 77 127 -1
15 1 2 77 128 0.838442
15 1 3 76 175 0.971867
15 1 3 76 176 0.581873
15 1 3 76 177 -1
15 1 3 77 175 -1
15 1 3 77 176 -1
15 1 3 77 177 0.873263
15 1 4 76 218 0.932543
15 1 4 77 218 -1
15 2 3 126 175 0.924858
15 2 3 126 176 -1
15 2 3 126 177 -1
15 2 3 127 175 -1
15 2 3 127 176 0.936528
15 2 3 127 177 -1
15 2 3 128 175 -1
15 2 3 128 176 -1
15 2 3 128 177 0.994343
15 2 4 126 218 0.96224
15 2 4 127 218 -1
15 2 4 128 218 -1
15 3 4 175 218 0.464824
15 3 4 176 218 0.32382
15 3 4 177 218 0.211355
16 0 1 30 78 0.913769
16 0 1 30 79 -1
16 0 1 30 80 -1
16 0 1 31 78 -1
16 0 1 31 79 -1
16 0 1 31 80 0.755461
16 0 2 30 129 0.91921
16 0 2 30 130 -1
16 0 2 31 129 -1
16 0 2 31 130 0.774929
16 0 3 30 178 -1
16 0 3 30 179 -1
16 0 3 31 178 0.852827
16 0 3 31 179 -1
16 0 4 30 219 0.484939
16 0 4 30 220 0.120355
16 0 4 31 219 0.515061
16 0 4 31 220 -1
16 1 2 78 129 0.617395
16 1 2 78 130 0.382605
16 1 2 79 129 -1
16 1 2 79 130 -1
16 1 2 80 129 0.28815
16 1 2 80 130 0.711849
16 1 3 78 178 -1
16 1 3 78 179 -1
16 1 3 79 178 -1
16 1 3 79 179 0.894059
16 1 3 80 178 0.983134
16 1 3 80 179 -1
16 1 4 78 219 0.715895
16 1 4 78 220 -1
16 1 4 79 219 -1
16 1 4 79 220 0.909884
16 1 4 80 219 0.841698
16 1 4 80 220 -1
16 2 3 129 178 -1
16 2 3 129 179 -1
16 2 3 130 178 0.937131
16 2 3 130 179 -1
16 2 4 129 219 0.443273
16 2 4 129 220 -1
16 2 4 130 219 0.556727
16 2 4 130 220 -1
16 3 4 178 219 0.816337
16 3 4 178 220 -1
16 3 4 179 219 -1
16 3 4 179 220 0.92968
17 0 1 32 81 0.946963
17 0 1 32 82 -1
17 0 1 32 83 0.410885
17 0 2 32 131 -1
17 0 3 32 180 -1
17 0 3 32 181 0.867133
17 0 3 32 182 -1
17 0 4 32 221 -1
17 0 4 32 222 0.877605
17 1 2 81 131 0.33246
17 1 2 82 131 0.888202
17 1 2 83 131 -1
17 1 3 81 180 -1
17 1 3 81 181 0.989696
17 1 3 81 182 -1
17 1 3 82 180 0.849011
17 1 3 82 181 -1
17 1 3 82 182 -1
17 1 3 83 180 -1
17 1 3 83 181 -1
17 1 3 83 182 0.910892
17 1 4 81 221 -1
17 1 4 81 222 0.852015
17 1 4 82 221 -1
17 1 4 82 222 0.297776
17 1 4 83 221 0.932369
17 1 4 83 222 -1
17 2 3 131 180 0.949865
17 2 3 131 181 -1
17 2 3 131 182 -1
17 2 4 131 221 -1
17 2 4 131 222 -1
17 3 4 180 221 0.396042
17 3 4 180 222 -1
17 3 4 181 221 -1
17 3 4 181 222 0.469094
17 3 4 182 221 0.932601
17 3 4 182 222 -1
18 0 1 33 84 0.927265
18 0 1 33 85 -1
18 0 1 33 86 0.271138
18 0 2 33 132 0.678517
18 0 2 33 133 -1
18 0 3 33 183 -1
18 0 3 33 184 0.831758
18 0 4 33 223 -1
18 0 4 33 224 0.953752
18 1 2 84 132 0.626792
18 1 2 84 133 0.373208
18 1 2 85 132 0.231645
18 1 2 85 133 0.768355
18 1 2 86 132 -1
18 1 2 86 133 -1
18 1 3 84 183 0.444819
18 1 3 84 184 0.555181
18 1 3 85 183 0.453987
18 1 3 85 184 0.546013
18 1 3 86 183 -1
18 1 3 86 184 -1
18 1 4 84 223 -1
18 1 4 84 224 0.823158
18 1 4 85 223 -1
18 1 4 85 224 -1
18 1 4 86 223 0.926744
18 1 4 86 224 -1
18 2 3 132 183 -1
18 2 3 132 184 0.533686
18 2 3 133 183 0.951963
18 2 3 133 184 -1
18 2 4 132 223 -1
18 2 4 132 224 0.774222
18 2 4 133 223 -1
18 2 4 133 224 -1
18 3 4 183 223 -1
18 3 4 183 224 -1
18 3 4 184 223 0.0104501
18 3 4 184 224 0.896973
end of Frame 170
