J OverallIdx viewIdx joint种类0-18(jointIdx) 该joint在图中的顺序(candidix) x y score
0 0 0 0 499.139 390.115 0.696423
1 0 0 1 300.068 430.18 0.586574
2 0 1 0 283.344 210.751 0.883007
3 0 1 1 504.893 210.855 0.879369
4 0 2 0 479.483 390.134 0.67968
5 0 2 1 344.991 428.093 0.609541
6 0 3 0 518.782 388.032 0.656891
7 0 3 1 255.145 430.18 0.564466
8 0 4 0 459.968 147.584 0.939384
9 0 5 0 356.107 210.756 0.832545
10 0 5 1 479.457 210.828 0.814521
11 0 6 0 215.951 208.755 0.845481
12 0 6 1 538.406 210.865 0.836407
13 0 7 0 496.308 516.704 0.721091
14 0 7 1 344.868 607.29 0.704318
15 0 8 0 527.158 522.959 0.765991
16 0 8 1 249.624 601.054 0.675974
17 0 9 0 319.694 124.37 0.869916
18 0 10 0 249.633 128.581 0.675972
19 0 10 1 507.556 143.466 0.943396
20 0 11 0 462.803 288.856 0.39103
21 0 11 1 395.479 329.04 0.896248
22 0 12 0 597.409 278.465 0.890634
23 0 12 1 190.779 335.317 0.851503
24 0 13 0 507.55 632.501 0.836572
25 0 13 1 347.766 761.265 0.653445
26 0 14 0 549.593 649.531 0.776841
27 0 14 1 255.117 763.381 0.581437
28 0 15 0 457.121 343.687 0.286447
29 0 15 1 367.397 409.052 0.688592
30 0 16 0 544.047 335.273 0.805901
31 0 16 1 213.103 423.875 0.664534
32 0 17 0 513.227 687.437 0.735887
33 0 18 0 451.492 649.45 0.80671
34 1 0 0 541.256 379.605 0.723727
35 1 0 1 176.667 390.118 0.618721
36 1 0 2 614.164 396.463 0.669621
37 1 1 0 173.928 191.854 0.844197
38 1 1 1 611.295 229.818 0.857277
39 1 1 2 538.454 244.662 0.813006
40 1 2 0 510.358 379.598 0.789352
41 1 2 1 129.062 390.088 0.597888
42 1 2 2 636.468 396.412 0.644811
43 1 2 3 30.7436 482.915 0.262319
44 1 3 0 574.928 385.899 0.769274
45 1 3 1 221.593 390.115 0.63194
46 1 4 0 165.363 111.759 0.91247
47 1 4 1 535.634 193.909 0.901373
48 1 5 0 58.8487 132.837 0.619086
49 1 5 1 106.586 189.772 0.716866
50 1 5 2 631.012 227.806 0.830623
51 1 5 3 502.025 244.724 0.912276
52 1 6 0 243.996 193.961 0.827602
53 1 6 1 583.292 236.155 0.879439
54 1 7 0 524.415 482.88 0.869935
55 1 7 1 625.366 522.963 0.754441
56 1 7 2 117.792 548.273 0.747988
57 1 7 3 44.8858 700.096 0.583762
58 1 8 0 574.864 512.41 0.778657
59 1 8 1 235.427 546.146 0.775367
60 1 9 0 614.219 170.821 0.662016
61 1 9 1 510.438 191.947 0.849275
62 1 10 0 213.116 107.491 0.88614
63 1 10 1 566.397 181.326 0.931165
64 1 11 0 459.865 295.19 0.998818
65 1 11 1 86.9322 324.723 0.742183
66 1 11 2 656.2 322.596 0.795504
67 1 12 0 274.785 288.908 0.768511
68 1 12 1 594.63 328.9 0.932019
69 1 13 0 527.248 569.354 0.839884
70 1 13 1 656.229 634.766 0.781087
71 1 13 2 84.2053 697.994 0.670545
72 1 14 0 580.488 647.411 0.793762
73 1 14 1 238.502 687.416 0.747068
74 1 15 0 485.205 333.201 0.896003
75 1 15 1 622.55 362.744 0.176903
76 1 16 0 277.598 360.613 0.827482
77 1 16 1 563.678 392.18 0.785236
78 1 17 0 527.106 649.507 0.852983
79 1 17 1 238.3 733.73 0.793182
80 1 18 0 490.748 594.601 0.783317
81 1 18 1 616.877 641.015 0.419022
82 1 18 2 120.499 735.96 0.345398
83 2 0 0 816.027 185.595 0.213441
84 2 0 1 409.375 291.004 0.768072
85 2 0 2 661.772 375.371 0.638667
86 2 0 3 614.21 714.866 0.346909
87 2 1 0 392.691 130.794 0.886142
88 2 1 1 824.518 147.585 0.180897
89 2 1 2 687.193 238.293 0.805455
90 2 1 3 617.084 516.625 0.621474
91 2 2 0 816.067 187.655 0.192314
92 2 2 1 373.101 293.126 0.775471
93 2 2 2 639.372 366.96 0.626159
94 2 2 3 588.884 727.513 0.316091
95 2 3 0 813.247 187.646 0.204904
96 2 3 1 437.368 286.757 0.785957
97 2 3 2 684.176 379.618 0.605715
98 2 3 3 645.019 702.22 0.291482
99 2 4 0 434.531 90.6965 0.899583
100 2 4 1 625.43 177.086 0.856367
101 2 4 2 757.153 489.24 0.834179
102 2 5 0 345.005 143.406 0.830522
103 2 5 1 661.883 217.206 0.700874
104 2 5 2 580.539 563.056 0.575054
105 2 6 0 440.265 124.366 0.876228
106 2 6 1 818.835 143.396 0.197705
107 2 6 2 726.29 259.394 0.816169
108 2 6 3 639.363 449.216 0.388772
109 2 6 4 656.205 493.417 0.354078
110 2 7 0 796.324 212.992 0.214541
111 2 7 1 370.344 394.29 0.847855
112 2 8 0 793.566 212.955 0.280301
113 2 8 1 434.574 381.748 0.825789
114 2 9 0 381.377 82.2521 0.821304
115 2 9 1 673.025 457.561 0.815459
116 2 10 0 673.054 179.268 0.862885
117 2 11 0 280.448 210.797 0.932096
118 2 11 1 650.577 278.305 0.615958
119 2 11 2 538.457 695.818 0.732274
120 2 12 0 459.914 164.528 0.833031
121 2 12 1 734.737 345.824 0.821017
122 2 12 2 664.717 582.013 0.621246
123 2 13 0 796.436 259.386 0.184374
124 2 13 1 370.14 478.675 0.871109
125 2 14 0 796.482 261.448 0.269091
126 2 14 1 431.804 457.59 0.794859
127 2 15 0 339.375 261.456 0.895834
128 2 15 1 628.16 328.894 0.751045
129 2 15 2 586.099 765.445 0.32623
130 2 16 0 462.797 227.65 0.92427
131 2 16 1 717.944 643.133 0.747192
132 2 17 0 465.612 482.948 0.797691
133 2 18 0 375.795 514.602 0.739207
134 3 0 0 591.648 352.157 0.742926
135 3 0 1 302.939 369.012 0.678464
136 3 0 2 967.454 390.127 0.53179
137 3 1 0 964.661 160.158 0.756501
138 3 1 1 280.46 187.641 0.790537
139 3 1 2 591.659 193.965 0.917983
140 3 2 0 555.26 352.128 0.697334
141 3 2 1 286.097 371.152 0.637169
142 3 2 2 1029.2 390.13 0.489009
143 3 3 0 617.055 352.189 0.734152
144 3 3 1 322.519 366.897 0.621147
145 3 3 2 916.99 387.992 0.500584
146 3 4 0 336.553 120.181 0.811709
147 3 4 1 549.655 139.202 0.914714
148 3 5 0 1029.2 160.166 0.573469
149 3 5 1 260.774 191.841 0.806389
150 3 5 2 541.249 193.95 0.850484
151 3 6 0 897.421 158.202 0.698229
152 3 6 1 300.119 181.322 0.697986
153 3 6 2 639.299 194.022 0.899035
154 3 7 0 569.313 466.024 0.8415
155 3 7 1 294.413 514.471 0.693805
156 3 7 2 1029.21 546.113 0.334738
157 3 8 0 619.694 474.476 0.82098
158 3 8 1 308.451 508.214 0.724728
159 3 8 2 928.232 531.475 0.838663
160 3 9 0 1029.21 71.7237 0.564165
161 3 9 1 288.876 120.207 0.841825
162 3 10 0 959.169 75.8189 0.173344
163 3 10 1 597.367 130.734 0.894073
164 3 11 0 527.102 274.161 0.890824
165 3 11 1 218.709 271.986 0.828431
166 3 11 2 1029.21 276.234 0.165817
167 3 12 0 661.806 276.29 0.926678
168 3 12 1 880.589 274.151 0.444275
169 3 13 0 574.853 563.024 0.848588
170 3 13 1 277.661 649.567 0.804966
171 3 14 0 619.744 584.09 0.801872
172 3 14 1 305.709 615.692 0.846867
173 3 14 2 905.706 683.25 0.762434
174 3 15 0 277.59 328.87 0.909164
175 3 15 1 527.354 339.478 0.842618
176 3 16 0 919.802 331.072 0.19439
177 3 16 1 639.289 345.769 0.887979
178 3 17 0 367.432 617.819 0.895062
179 3 17 1 611.322 617.799 0.739873
180 3 17 2 939.445 683.277 0.602975
181 3 18 0 580.477 596.749 0.771477
182 3 18 1 342.147 674.77 0.77341
183 4 0 0 911.49 223.549 0.448349
184 4 0 1 953.525 253.009 0.736731
185 4 0 2 664.73 337.379 0.543397
186 4 1 0 972.994 107.446 0.838624
187 4 1 1 673.056 113.913 0.817054
188 4 1 2 908.657 122.329 0.743867
189 4 2 0 894.638 223.531 0.601257
190 4 2 1 981.535 253.008 0.677143
191 4 2 2 709.511 339.485 0.532474
192 4 3 0 931.02 242.509 0.726175
193 4 3 1 622.527 335.265 0.517765
194 4 4 0 908.568 88.5936 0.891767
195 4 5 0 1029.2 105.418 0.82975
196 4 5 1 734.804 113.838 0.796967
197 4 5 2 886.065 124.367 0.864056
198 4 6 0 605.71 113.932 0.774844
199 4 6 1 931.036 111.75 0.917564
200 4 7 0 886.206 310.01 0.821944
201 4 7 1 978.85 347.997 0.834116
202 4 7 2 701.099 514.612 0.774462
203 4 8 0 911.461 347.983 0.800317
204 4 8 1 617.104 510.273 0.795693
205 4 9 0 712.34 46.4305 0.690069
206 4 9 1 976.061 52.6847 0.710167
207 4 9 2 889.061 80.1018 0.372172
208 4 10 0 639.453 58.9803 0.799564
209 4 10 1 931.147 73.7745 0.910135
210 4 11 0 1029.21 177.113 0.659983
211 4 11 1 883.228 177.196 0.783635
212 4 11 2 818.917 210.771 0.898331
213 4 12 0 908.71 179.247 0.794661
214 4 12 1 541.246 210.899 0.836692
215 4 13 0 883.234 394.302 0.806455
216 4 13 1 1004.04 449.147 0.770698
217 4 13 2 692.629 657.937 0.754916
218 4 14 0 908.64 463.871 0.882286
219 4 14 1 600.196 638.969 0.745228
220 4 15 0 1003.99 219.337 0.629331
221 4 15 1 883.391 229.888 0.398829
222 4 15 2 768.355 276.182 0.853777
223 4 16 0 883.446 238.263 0.729208
224 4 16 1 602.964 274.103 0.73994
225 4 17 0 891.782 455.476 0.611071
226 4 17 1 611.281 638.948 0.422872
227 4 18 0 880.54 402.77 0.357225
228 4 18 1 975.798 457.556 0.651899
229 4 18 2 740.295 649.395 0.70993
P viewIdx, pafIdx, aOverAllIdx, bOverAllIdx, CandidAIdx, CandidBIdx, score
0 0 2 0 0 0 0
0 0 2 1 0 1 0.980369
0 0 3 0 1 0 0.983736
0 0 3 1 1 1 0
0 1 4 13 0 0 0.993361
0 1 4 14 0 1 0
0 1 5 13 1 0 0
0 1 5 14 1 1 0.982607
0 2 13 24 0 0 0.987349
0 2 13 25 0 1 0
0 2 14 24 1 0 0
0 2 14 25 1 1 0.98666
0 3 0 4 0 0 0.929193
0 3 0 5 0 1 0
0 3 1 4 1 0 0
0 3 1 5 1 1 0.879101
0 4 0 6 0 0 0.926411
0 4 0 7 0 1 0
0 4 1 6 1 0 0
0 4 1 7 1 1 0.876758
0 5 6 15 0 0 0.983955
0 5 6 16 0 1 0
0 5 7 15 1 0 0
0 5 7 16 1 1 0.973727
0 6 15 26 0 0 0.997031
0 6 15 27 0 1 0
0 6 16 26 1 0 0
0 6 16 27 1 1 0.978099
0 7 2 9 0 0 0.998834
0 7 2 10 0 1 0
0 7 3 9 1 0 0
0 7 3 10 1 1 0.988357
0 8 9 20 0 0 0
0 8 9 21 0 1 0.985021
0 8 10 20 1 0 0.868826
0 8 10 21 1 1 0
0 9 20 28 0 0 0.47853
0 9 20 29 0 1 0.278817
0 9 21 28 1 0 0
0 9 21 29 1 1 0.511221
0 10 9 17 0 0 0.998851
0 10 10 17 1 0 0
0 11 2 11 0 0 0.996086
0 11 2 12 0 1 0
0 11 3 11 1 0 0
0 11 3 12 1 1 0.995323
0 12 11 22 0 0 0
0 12 11 23 0 1 0.968097
0 12 12 22 1 0 0.991984
0 12 12 23 1 1 0
0 13 22 30 0 0 0.939549
0 13 22 31 0 1 0
0 13 23 30 1 0 0
0 13 23 31 1 1 0.979047
0 14 11 18 0 0 0.923715
0 14 11 19 0 1 0
0 14 12 18 1 0 0
0 14 12 19 1 1 0.995126
0 15 2 8 0 0 0
0 15 3 8 1 0 0.99192
0 16 26 32 0 0 0.939534
0 16 27 32 1 0 0
0 17 24 33 0 0 0.974089
0 17 25 33 1 0 0
1 0 37 34 0 0 0
1 0 37 35 0 1 0.981727
1 0 37 36 0 2 0
1 0 38 34 1 0 0
1 0 38 35 1 1 0
1 0 38 36 1 2 0.97943
1 0 39 34 2 0 0.967867
1 0 39 35 2 1 0
1 0 39 36 2 2 0
1 1 40 54 0 0 0.988365
1 1 40 55 0 1 0
1 1 40 56 0 2 0
1 1 40 57 0 3 0
1 1 41 54 1 0 0
1 1 41 55 1 1 0
1 1 41 56 1 2 0.958404
1 1 41 57 1 3 0
1 1 42 54 2 0 0
1 1 42 55 2 1 0.978677
1 1 42 56 2 2 0
1 1 42 57 2 3 0
1 1 43 54 3 0 0
1 1 43 55 3 1 0
1 1 43 56 3 2 0
1 1 43 57 3 3 0.937874
1 2 54 69 0 0 0.994575
1 2 54 70 0 1 0
1 2 54 71 0 2 0
1 2 55 69 1 0 0
1 2 55 70 1 1 0.993784
1 2 55 71 1 2 0
1 2 56 69 2 0 0
1 2 56 70 2 1 0
1 2 56 71 2 2 0.981433
1 2 57 69 3 0 0
1 2 57 70 3 1 0
1 2 57 71 3 2 0
1 3 34 40 0 0 0.961876
1 3 34 41 0 1 0
1 3 34 42 0 2 0
1 3 34 43 0 3 0
1 3 35 40 1 0 0
1 3 35 41 1 1 0.902202
1 3 35 42 1 2 0
1 3 35 43 1 3 0
1 3 36 40 2 0 0
1 3 36 41 2 1 0
1 3 36 42 2 2 0.926848
1 3 36 43 2 3 0
1 4 34 44 0 0 0.93597
1 4 34 45 0 1 0
1 4 35 44 1 0 0
1 4 35 45 1 1 0.905382
1 4 36 44 2 0 0
1 4 36 45 2 1 0
1 5 44 58 0 0 0.999875
1 5 44 59 0 1 0
1 5 45 58 1 0 0
1 5 45 59 1 1 0.979439
1 6 58 72 0 0 0.999138
1 6 58 73 0 1 0
1 6 59 72 1 0 0
1 6 59 73 1 1 0.997106
1 7 37 48 0 0 0
1 7 37 49 0 1 0.987183
1 7 37 50 0 2 0
1 7 37 51 0 3 0
1 7 38 48 1 0 0
1 7 38 49 1 1 0
1 7 38 50 1 2 0.990413
1 7 38 51 1 3 0
1 7 39 48 2 0 0
1 7 39 49 2 1 0
1 7 39 50 2 2 0
1 7 39 51 2 3 0.994531
1 8 48 64 0 0 0
1 8 48 65 0 1 0.502966
1 8 48 66 0 2 0
1 8 49 64 1 0 0
1 8 49 65 1 1 0.497034
1 8 49 66 1 2 0
1 8 50 64 2 0 0
1 8 50 65 2 1 0
1 8 50 66 2 2 0.993763
1 8 51 64 3 0 0.984117
1 8 51 65 3 1 0
1 8 51 66 3 2 0
1 9 64 74 0 0 0.990293
1 9 64 75 0 1 0
1 9 65 74 1 0 0
1 9 65 75 1 1 0
1 9 66 74 2 0 0
1 9 66 75 2 1 0.821863
1 10 48 60 0 0 0
1 10 48 61 0 1 0
1 10 49 60 1 0 0
1 10 49 61 1 1 0
1 10 50 60 2 0 0.927956
1 10 50 61 2 1 0
1 10 51 60 3 0 0
1 10 51 61 3 1 0.984677
1 11 37 52 0 0 0.997296
1 11 37 53 0 1 0
1 11 38 52 1 0 0
1 11 38 53 1 1 0.928294
1 11 39 52 2 0 0
1 11 39 53 2 1 0
1 12 52 67 0 0 0.996527
1 12 52 68 0 1 0
1 12 53 67 1 0 0
1 12 53 68 1 1 0.975837
1 13 67 76 0 0 0.98623
1 13 67 77 0 1 0
1 13 68 76 1 0 0
1 13 68 77 1 1 0.977781
1 14 52 62 0 0 0.990338
1 14 52 63 0 1 0
1 14 53 62 1 0 0
1 14 53 63 1 1 0.995521
1 15 37 46 0 0 0.997083
1 15 37 47 0 1 0
1 15 38 46 1 0 0
1 15 38 47 1 1 0.4459
1 15 39 46 2 0 0
1 15 39 47 2 1 0.5541
1 16 72 78 0 0 0.998797
1 16 72 79 0 1 0
1 16 73 78 1 0 0
1 16 73 79 1 1 0.958474
1 17 69 80 0 0 0.9521
1 17 69 81 0 1 0
1 17 69 82 0 2 0
1 17 70 80 1 0 0
1 17 70 81 1 1 0.866241
1 17 70 82 1 2 0
1 17 71 80 2 0 0
1 17 71 81 2 1 0
1 17 71 82 2 2 0.850465
2 0 87 83 0 0 0
2 0 87 84 0 1 0.994196
2 0 87 85 0 2 0
2 0 87 86 0 3 0
2 0 88 83 1 0 0.765916
2 0 88 84 1 1 0
2 0 88 85 1 2 0
2 0 88 86 1 3 0
2 0 89 83 2 0 0
2 0 89 84 2 1 0
2 0 89 85 2 2 0.952511
2 0 89 86 2 3 0
2 0 90 83 3 0 0
2 0 90 84 3 1 0
2 0 90 85 3 2 0
2 0 90 86 3 3 0.937078
2 1 91 110 0 0 0.739278
2 1 91 111 0 1 0
2 1 92 110 1 0 0
2 1 92 111 1 1 0.984971
2 1 93 110 2 0 0
2 1 93 111 2 1 0
2 1 94 110 3 0 0
2 1 94 111 3 1 0
2 2 110 123 0 0 0.748413
2 2 110 124 0 1 0
2 2 111 123 1 0 0
2 2 111 124 1 1 0.998899
2 3 83 91 0 0 0.684255
2 3 83 92 0 1 0
2 3 83 93 0 2 0
2 3 83 94 0 3 0
2 3 84 91 1 0 0
2 3 84 92 1 1 0.962915
2 3 84 93 1 2 0
2 3 84 94 1 3 0
2 3 85 91 2 0 0
2 3 85 92 2 1 0
2 3 85 93 2 2 0.907306
2 3 85 94 2 3 0
2 3 86 91 3 0 0
2 3 86 92 3 1 0
2 3 86 93 3 2 0
2 3 86 94 3 3 0.802128
2 4 83 95 0 0 0.684255
2 4 83 96 0 1 0
2 4 83 97 0 2 0
2 4 83 98 0 3 0
2 4 84 95 1 0 0
2 4 84 96 1 1 0.94888
2 4 84 97 1 2 0
2 4 84 98 1 3 0
2 4 85 95 2 0 0
2 4 85 96 2 1 0
2 4 85 97 2 2 0.910437
2 4 85 98 2 3 0
2 4 86 95 3 0 0
2 4 86 96 3 1 0
2 4 86 97 3 2 0
2 4 86 98 3 3 0.794397
2 5 95 112 0 0 0.791605
2 5 95 113 0 1 0
2 5 96 112 1 0 0
2 5 96 113 1 1 0.99599
2 5 97 112 2 0 0
2 5 97 113 2 1 0
2 5 98 112 3 0 0
2 5 98 113 3 1 0
2 6 112 125 0 0 0.817066
2 6 112 126 0 1 0
2 6 113 125 1 0 0
2 6 113 126 1 1 0.994429
2 7 87 102 0 0 0.957811
2 7 87 103 0 1 0
2 7 87 104 0 2 0
2 7 88 102 1 0 0
2 7 88 103 1 1 0
2 7 88 104 1 2 0
2 7 89 102 2 0 0
2 7 89 103 2 1 0.977228
2 7 89 104 2 2 0
2 7 90 102 3 0 0
2 7 90 103 3 1 0
2 7 90 104 3 2 0.893821
2 8 102 117 0 0 0.978012
2 8 102 118 0 1 0
2 8 102 119 0 2 0
2 8 103 117 1 0 0
2 8 103 118 1 1 0.921191
2 8 103 119 1 2 0
2 8 104 117 2 0 0
2 8 104 118 2 1 0
2 8 104 119 2 2 0.956467
2 9 117 127 0 0 0.984558
2 9 117 128 0 1 0
2 9 117 129 0 2 0
2 9 118 127 1 0 0
2 9 118 128 1 1 0.93974
2 9 118 129 1 2 0
2 9 119 127 2 0 0
2 9 119 128 2 1 0
2 9 119 129 2 2 0.999337
2 10 102 114 0 0 0.981207
2 10 102 115 0 1 0
2 10 103 114 1 0 0
2 10 103 115 1 1 0
2 10 104 114 2 0 0
2 10 104 115 2 1 0.937999
2 11 87 105 0 0 0.986882
2 11 87 106 0 1 0
2 11 87 107 0 2 0
2 11 87 108 0 3 0
2 11 87 109 0 4 0
2 11 88 105 1 0 0
2 11 88 106 1 1 0.622992
2 11 88 107 1 2 0
2 11 88 108 1 3 0
2 11 88 109 1 4 0
2 11 89 105 2 0 0
2 11 89 106 2 1 0
2 11 89 107 2 2 0.999959
2 11 89 108 2 3 0
2 11 89 109 2 4 0
2 11 90 105 3 0 0
2 11 90 106 3 1 0
2 11 90 107 3 2 0
2 11 90 108 3 3 0.500685
2 11 90 109 3 4 0.499315
2 12 105 120 0 0 0.998692
2 12 105 121 0 1 0
2 12 105 122 0 2 0
2 12 106 120 1 0 0
2 12 106 121 1 1 0
2 12 106 122 1 2 0
2 12 107 120 2 0 0
2 12 107 121 2 1 0.993238
2 12 107 122 2 2 0
2 12 108 120 3 0 0
2 12 108 121 3 1 0
2 12 108 122 3 2 0.485467
2 12 109 120 4 0 0
2 12 109 121 4 1 0
2 12 109 122 4 2 0.514533
2 13 120 130 0 0 0.995239
2 13 120 131 0 1 0
2 13 121 130 1 0 0
2 13 121 131 1 1 0
2 13 122 130 2 0 0
2 13 122 131 2 1 0.981886
2 14 105 116 0 0 0
2 14 106 116 1 0 0
2 14 107 116 2 0 0.995128
2 14 108 116 3 0 0
2 14 109 116 4 0 0
2 15 87 99 0 0 0.975966
2 15 87 100 0 1 0
2 15 87 101 0 2 0
2 15 88 99 1 0 0
2 15 88 100 1 1 0
2 15 88 101 1 2 0
2 15 89 99 2 0 0
2 15 89 100 2 1 0.998594
2 15 89 101 2 2 0
2 15 90 99 3 0 0
2 15 90 100 3 1 0
2 15 90 101 3 2 0.955963
2 16 125 132 0 0 0
2 16 126 132 1 0 0.978995
2 17 123 133 0 0 0
2 17 124 133 1 0 0.962876
3 0 137 134 0 0 0
3 0 137 135 0 1 0
3 0 137 136 0 2 0.970971
3 0 138 134 1 0 0
3 0 138 135 1 1 0.956491
3 0 138 136 1 2 0
3 0 139 134 2 0 0.992825
3 0 139 135 2 1 0
3 0 139 136 2 2 0
3 1 140 154 0 0 0.984765
3 1 140 155 0 1 0
3 1 140 156 0 2 0
3 1 141 154 1 0 0
3 1 141 155 1 1 0.94616
3 1 141 156 1 2 0
3 1 142 154 2 0 0
3 1 142 155 2 1 0
3 1 142 156 2 2 0.936989
3 2 154 169 0 0 0.998246
3 2 154 170 0 1 0
3 2 155 169 1 0 0
3 2 155 170 1 1 0.991235
3 2 156 169 2 0 0
3 2 156 170 2 1 0
3 3 134 140 0 0 0.922687
3 3 134 141 0 1 0
3 3 134 142 0 2 0
3 3 135 140 1 0 0
3 3 135 141 1 1 0.89609
3 3 135 142 1 2 0
3 3 136 140 2 0 0
3 3 136 141 2 1 0
3 3 136 142 2 2 0.861853
3 4 134 143 0 0 0.921697
3 4 134 144 0 1 0
3 4 134 145 0 2 0
3 4 135 143 1 0 0
3 4 135 144 1 1 0.889674
3 4 135 145 1 2 0
3 4 136 143 2 0 0
3 4 136 144 2 1 0
3 4 136 145 2 2 0.863042
3 5 143 157 0 0 0.998181
3 5 143 158 0 1 0
3 5 143 159 0 2 0
3 5 144 157 1 0 0
3 5 144 158 1 1 0.952543
3 5 144 159 1 2 0
3 5 145 157 2 0 0
3 5 145 158 2 1 0
3 5 145 159 2 2 0.972247
3 6 157 171 0 0 0.998061
3 6 157 172 0 1 0
3 6 157 173 0 2 0
3 6 158 171 1 0 0
3 6 158 172 1 1 0.990724
3 6 158 173 1 2 0
3 6 159 171 2 0 0
3 6 159 172 2 1 0
3 6 159 173 2 2 0.994907
3 7 137 148 0 0 0.974168
3 7 137 149 0 1 0
3 7 137 150 0 2 0
3 7 138 148 1 0 0
3 7 138 149 1 1 0.965086
3 7 138 150 1 2 0
3 7 139 148 2 0 0
3 7 139 149 2 1 0
3 7 139 150 2 2 0.995509
3 8 148 164 0 0 0
3 8 148 165 0 1 0
3 8 148 166 0 2 0.81162
3 8 149 164 1 0 0
3 8 149 165 1 1 0.96575
3 8 149 166 1 2 0
3 8 150 164 2 0 0.99971
3 8 150 165 2 1 0
3 8 150 166 2 2 0
3 9 164 174 0 0 0
3 9 164 175 0 1 0.998501
3 9 165 174 1 0 0.988778
3 9 165 175 1 1 0
3 9 166 174 2 0 0
3 9 166 175 2 1 0
3 10 148 160 0 0 0.864749
3 10 148 161 0 1 0
3 10 149 160 1 0 0
3 10 149 161 1 1 0.977239
3 10 150 160 2 0 0
3 10 150 161 2 1 0
3 11 137 151 0 0 0.980159
3 11 137 152 0 1 0
3 11 137 153 0 2 0
3 11 138 151 1 0 0
3 11 138 152 1 1 0.942274
3 11 138 153 1 2 0
3 11 139 151 2 0 0
3 11 139 152 2 1 0
3 11 139 153 2 2 0.997708
3 12 151 167 0 0 0
3 12 151 168 0 1 0.885226
3 12 152 167 1 0 0
3 12 152 168 1 1 0
3 12 153 167 2 0 0.997019
3 12 153 168 2 1 0
3 13 167 176 0 0 0
3 13 167 177 0 1 0.991369
3 13 168 176 1 0 0.797476
3 13 168 177 1 1 0
3 14 151 162 0 0 0.694055
3 14 151 163 0 1 0
3 14 152 162 1 0 0
3 14 152 163 1 1 0
3 14 153 162 2 0 0
3 14 153 163 2 1 0.989193
3 15 137 146 0 0 0
3 15 137 147 0 1 0
3 15 138 146 1 0 0.957931
3 15 138 147 1 1 0
3 15 139 146 2 0 0
3 15 139 147 2 1 0.988367
3 16 171 178 0 0 0
3 16 171 179 0 1 0.958392
3 16 171 180 0 2 0
3 16 172 178 1 0 0.988347
3 16 172 179 1 1 0
3 16 172 180 1 2 0
3 16 173 178 2 0 0
3 16 173 179 2 1 0
3 16 173 180 2 2 0.862797
3 17 169 181 0 0 0.996542
3 17 169 182 0 1 0
3 17 170 181 1 0 0
3 17 170 182 1 1 0.973471
4 0 186 183 0 0 0.271735
4 0 186 184 0 1 0.278811
4 0 186 185 0 2 0
4 0 187 183 1 0 0
4 0 187 184 1 1 0
4 0 187 185 1 2 0.988863
4 0 188 183 2 0 0.279371
4 0 188 184 2 1 0.271801
4 0 188 185 2 2 0
4 1 189 200 0 0 0.961864
4 1 189 201 0 1 0
4 1 189 202 0 2 0
4 1 190 200 1 0 0
4 1 190 201 1 1 0.975953
4 1 190 202 1 2 0
4 1 191 200 2 0 0
4 1 191 201 2 1 0
4 1 191 202 2 2 0.979089
4 2 200 215 0 0 0.987756
4 2 200 216 0 1 0
4 2 200 217 0 2 0
4 2 201 215 1 0 0
4 2 201 216 1 1 0.982928
4 2 201 217 1 2 0
4 2 202 215 2 0 0
4 2 202 216 2 1 0
4 2 202 217 2 2 0.99001
4 3 183 189 0 0 0.865041
4 3 183 190 0 1 0
4 3 183 191 0 2 0
4 3 184 189 1 0 0
4 3 184 190 1 1 0.917765
4 3 184 191 1 2 0
4 3 185 189 2 0 0
4 3 185 190 2 1 0
4 3 185 191 2 2 0.862153
4 4 183 192 0 0 0
4 4 183 193 0 1 0
4 4 184 192 1 0 0.831666
4 4 184 193 1 1 0
4 4 185 192 2 0 0
4 4 185 193 2 1 0.863957
4 5 192 203 0 0 0.970491
4 5 192 204 0 1 0
4 5 193 203 1 0 0
4 5 193 204 1 1 0.971046
4 6 203 218 0 0 0.996525
4 6 203 219 0 1 0
4 6 204 218 1 0 0
4 6 204 219 1 1 0.953991
4 7 186 195 0 0 0.981401
4 7 186 196 0 1 0
4 7 186 197 0 2 0
4 7 187 195 1 0 0
4 7 187 196 1 1 0.975273
4 7 187 197 1 2 0
4 7 188 195 2 0 0
4 7 188 196 2 1 0
4 7 188 197 2 2 0.965982
4 8 195 210 0 0 0.956761
4 8 195 211 0 1 0
4 8 195 212 0 2 0
4 8 196 210 1 0 0
4 8 196 211 1 1 0
4 8 196 212 1 2 0.997485
4 8 197 210 2 0 0
4 8 197 211 2 1 0.990487
4 8 197 212 2 2 0
4 9 210 220 0 0 0.910764
4 9 210 221 0 1 0
4 9 210 222 0 2 0
4 9 211 220 1 0 0
4 9 211 221 1 1 0.487152
4 9 211 222 1 2 0.264777
4 9 212 220 2 0 0
4 9 212 221 2 1 0
4 9 212 222 2 2 0.510771
4 10 195 205 0 0 0
4 10 195 206 0 1 0.939587
4 10 195 207 0 2 0
4 10 196 205 1 0 0.958773
4 10 196 206 1 1 0
4 10 196 207 1 2 0
4 10 197 205 2 0 0
4 10 197 206 2 1 0
4 10 197 207 2 2 0.843202
4 11 186 198 0 0 0
4 11 186 199 0 1 0.915083
4 11 187 198 1 0 0.963192
4 11 187 199 1 1 0
4 11 188 198 2 0 0
4 11 188 199 2 1 0
4 12 198 213 0 0 0
4 12 198 214 0 1 0.977962
4 12 199 213 1 0 0.95507
4 12 199 214 1 1 0
4 13 213 223 0 0 0.922957
4 13 213 224 0 1 0
4 13 214 223 1 0 0
4 13 214 224 1 1 0.994392
4 14 198 208 0 0 0.959481
4 14 198 209 0 1 0
4 14 199 208 1 0 0
4 14 199 209 1 1 0.994363
4 15 186 194 0 0 0
4 15 187 194 1 0 0
4 15 188 194 2 0 0.969557
4 16 218 225 0 0 0.910102
4 16 218 226 0 1 0
4 16 219 225 1 0 0
4 16 219 226 1 1 0.684255
4 17 215 227 0 0 0.734403
4 17 215 228 0 1 0
4 17 215 229 0 2 0
4 17 216 227 1 0 0
4 17 216 228 1 1 0.899713
4 17 216 229 1 2 0
4 17 217 227 2 0 0
4 17 217 228 2 1 0
4 17 217 229 2 2 0.920319
E jointIdx viewA viewB aOverAllIdx bOverallIdx score
0 0 1 0 34 0.460468
0 0 1 0 35 0.122259
0 0 1 0 36 0.198989
0 0 1 1 34 0.257457
0 0 1 1 35 -1
0 0 1 1 36 0.679114
0 0 2 0 83 -1
0 0 2 0 84 0.976043
0 0 2 0 85 -1
0 0 2 0 86 -1
0 0 2 1 83 -1
0 0 2 1 84 -1
0 0 2 1 85 0.88119
0 0 2 1 86 -1
0 0 3 0 134 -1
0 0 3 0 135 0.862311
0 0 3 0 136 -1
0 0 3 1 134 0.890199
0 0 3 1 135 -1
0 0 3 1 136 -1
0 0 4 0 183 -1
0 0 4 0 184 -1
0 0 4 0 185 0.802977
0 0 4 1 183 -1
0 0 4 1 184 -1
0 0 4 1 185 0.197023
0 1 2 34 83 -1
0 1 2 34 84 0.95969
0 1 2 34 85 0.442669
0 1 2 34 86 -1
0 1 2 35 83 -1
0 1 2 35 84 -1
0 1 2 35 85 -1
0 1 2 35 86 0.887064
0 1 2 36 83 -1
0 1 2 36 84 0.1323
0 1 2 36 85 0.908056
0 1 2 36 86 -1
0 1 3 34 134 0.801176
0 1 3 34 135 0.844283
0 1 3 34 136 -1
0 1 3 35 134 -1
0 1 3 35 135 -1
0 1 3 35 136 0.907183
0 1 3 36 134 0.851157
0 1 3 36 135 0.747624
0 1 3 36 136 -1
0 1 4 34 183 -1
0 1 4 34 184 -1
0 1 4 34 185 0.944791
0 1 4 35 183 0.750127
0 1 4 35 184 0.870172
0 1 4 35 185 -1
0 1 4 36 183 -1
0 1 4 36 184 -1
0 1 4 36 185 -1
0 2 3 83 134 -1
0 2 3 83 135 0.62326
0 2 3 83 136 -1
0 2 3 84 134 -1
0 2 3 84 135 0.850053
0 2 3 84 136 -1
0 2 3 85 134 0.77431
0 2 3 85 135 -1
0 2 3 85 136 -1
0 2 3 86 134 -1
0 2 3 86 135 -1
0 2 3 86 136 0.926423
0 2 4 83 183 -1
0 2 4 83 184 -1
0 2 4 83 185 -1
0 2 4 84 183 -1
0 2 4 84 184 -1
0 2 4 84 185 0.973617
0 2 4 85 183 -1
0 2 4 85 184 -1
0 2 4 85 185 -1
0 2 4 86 183 -1
0 2 4 86 184 0.9991
0 2 4 86 185 -1
0 3 4 134 183 0.436094
0 3 4 134 184 0.358582
0 3 4 134 185 -1
0 3 4 135 183 -1
0 3 4 135 184 0.226839
0 3 4 135 185 0.831275
0 3 4 136 183 0.101266
0 3 4 136 184 0.414579
0 3 4 136 185 -1
1 0 1 2 37 -1
1 0 1 2 38 0.550465
1 0 1 2 39 0.477211
1 0 1 3 37 -1
1 0 1 3 38 0.449535
1 0 1 3 39 0.522789
1 0 2 2 87 -1
1 0 2 2 88 -1
1 0 2 2 89 0.951211
1 0 2 2 90 -1
1 0 2 3 87 0.981359
1 0 2 3 88 0.362994
1 0 2 3 89 -1
1 0 2 3 90 -1
1 0 3 2 137 -1
1 0 3 2 138 0.447311
1 0 3 2 139 0.544287
1 0 3 3 137 -1
1 0 3 3 138 0.552689
1 0 3 3 139 0.455713
1 0 4 2 186 0.265137
1 0 4 2 187 0.161971
1 0 4 2 188 0.265134
1 0 4 3 186 0.187619
1 0 4 3 187 0.302715
1 0 4 3 188 0.187622
1 1 2 37 87 -1
1 1 2 37 88 -1
1 1 2 37 89 -1
1 1 2 37 90 0.913768
1 1 2 38 87 -1
1 1 2 38 88 -1
1 1 2 38 89 0.666501
1 1 2 38 90 -1
1 1 2 39 87 0.919383
1 1 2 39 88 -1
1 1 2 39 89 0.24511
1 1 2 39 90 -1
1 1 3 37 137 0.948184
1 1 3 37 138 -1
1 1 3 37 139 0.0264291
1 1 3 38 137 -1
1 1 3 38 138 0.604637
1 1 3 38 139 0.480571
1 1 3 39 137 -1
1 1 3 39 138 0.94739
1 1 3 39 139 0.493
1 1 4 37 186 0.989679
1 1 4 37 187 -1
1 1 4 37 188 0.979804
1 1 4 38 186 -1
1 1 4 38 187 0.190579
1 1 4 38 188 -1
1 1 4 39 186 -1
1 1 4 39 187 0.952851
1 1 4 39 188 -1
1 2 3 87 137 -1
1 2 3 87 138 0.911262
1 2 3 87 139 -1
1 2 3 88 137 -1
1 2 3 88 138 -1
1 2 3 88 139 -1
1 2 3 89 137 -1
1 2 3 89 138 -1
1 2 3 89 139 0.974103
1 2 3 90 137 0.811397
1 2 3 90 138 -1
1 2 3 90 139 -1
1 2 4 87 186 -1
1 2 4 87 187 0.959094
1 2 4 87 188 -1
1 2 4 88 186 -1
1 2 4 88 187 -1
1 2 4 88 188 -1
1 2 4 89 186 -1
1 2 4 89 187 0.903848
1 2 4 89 188 -1
1 2 4 90 186 0.980572
1 2 4 90 187 -1
1 2 4 90 188 0.0962724
1 3 4 137 186 0.140011
1 3 4 137 187 0.155945
1 3 4 137 188 0.103259
1 3 4 138 186 0.136487
1 3 4 138 187 0.140887
1 3 4 138 188 0.122413
1 3 4 139 186 0.122412
1 3 4 139 187 0.0994972
1 3 4 139 188 0.179977
2 0 1 4 40 0.787538
2 0 1 4 41 0.0185741
2 0 1 4 42 0.291357
2 0 1 4 43 -1
2 0 1 5 40 0.212462
2 0 1 5 41 -1
2 0 1 5 42 0.708643
2 0 1 5 43 0.0548831
2 0 2 4 91 -1
2 0 2 4 92 0.811521
2 0 2 4 93 -1
2 0 2 4 94 -1
2 0 2 5 91 -1
2 0 2 5 92 -1
2 0 2 5 93 0.924756
2 0 2 5 94 -1
2 0 3 4 140 -1
2 0 3 4 141 0.654153
2 0 3 4 142 -1
2 0 3 5 140 0.95319
2 0 3 5 141 -1
2 0 3 5 142 -1
2 0 4 4 189 -1
2 0 4 4 190 -1
2 0 4 4 191 0.544934
2 0 4 5 189 -1
2 0 4 5 190 -1
2 0 4 5 191 0.455066
2 1 2 40 91 -1
2 1 2 40 92 0.811342
2 1 2 40 93 0.0721008
2 1 2 40 94 -1
2 1 2 41 91 -1
2 1 2 41 92 -1
2 1 2 41 93 -1
2 1 2 41 94 0.762648
2 1 2 42 91 -1
2 1 2 42 92 -1
2 1 2 42 93 0.560464
2 1 2 42 94 -1
2 1 2 43 91 -1
2 1 2 43 92 -1
2 1 2 43 93 -1
2 1 2 43 94 -1
2 1 3 40 140 0.97144
2 1 3 40 141 0.693044
2 1 3 40 142 -1
2 1 3 41 140 -1
2 1 3 41 141 -1
2 1 3 41 142 0.927181
2 1 3 42 140 0.85493
2 1 3 42 141 0.86421
2 1 3 42 142 -1
2 1 3 43 140 -1
2 1 3 43 141 -1
2 1 3 43 142 -1
2 1 4 40 189 -1
2 1 4 40 190 -1
2 1 4 40 191 0.866523
2 1 4 41 189 0.896706
2 1 4 41 190 0.823187
2 1 4 41 191 -1
2 1 4 42 189 -1
2 1 4 42 190 -1
2 1 4 42 191 -1
2 1 4 43 189 0.450843
2 1 4 43 190 0.312605
2 1 4 43 191 -1
2 2 3 91 140 -1
2 2 3 91 141 0.207118
2 2 3 91 142 -1
2 2 3 92 140 -1
2 2 3 92 141 0.863377
2 2 3 92 142 -1
2 2 3 93 140 0.983572
2 2 3 93 141 -1
2 2 3 93 142 -1
2 2 3 94 140 -1
2 2 3 94 141 -1
2 2 3 94 142 0.554859
2 2 4 91 189 -1
2 2 4 91 190 -1
2 2 4 91 191 -1
2 2 4 92 189 0.0946758
2 2 4 92 190 -1
2 2 4 92 191 0.924637
2 2 4 93 189 -1
2 2 4 93 190 -1
2 2 4 93 191 -1
2 2 4 94 189 -1
2 2 4 94 190 0.805206
2 2 4 94 191 -1
2 3 4 140 189 0.355861
2 3 4 140 190 0.376134
2 3 4 140 191 -1
2 3 4 141 189 -1
2 3 4 141 190 0.256519
2 3 4 141 191 0.751529
2 3 4 142 189 0.0773932
2 3 4 142 190 0.367348
2 3 4 142 191 -1
3 0 1 6 44 0.469625
3 0 1 6 45 0.375097
3 0 1 7 44 0.451879
3 0 1 7 45 -1
3 0 2 6 95 -1
3 0 2 6 96 0.798788
3 0 2 6 97 -1
3 0 2 6 98 -1
3 0 2 7 95 -1
3 0 2 7 96 -1
3 0 2 7 97 0.640075
3 0 2 7 98 -1
3 0 3 6 143 -1
3 0 3 6 144 0.872702
3 0 3 6 145 -1
3 0 3 7 143 0.951948
3 0 3 7 144 -1
3 0 3 7 145 -1
3 0 4 6 192 -1
3 0 4 6 193 0.860534
3 0 4 7 192 -1
3 0 4 7 193 -1
3 1 2 44 95 -1
3 1 2 44 96 0.970453
3 1 2 44 97 0.656561
3 1 2 44 98 -1
3 1 2 45 95 -1
3 1 2 45 96 -1
3 1 2 45 97 -1
3 1 2 45 98 0.608146
3 1 3 44 143 0.725284
3 1 3 44 144 0.8438
3 1 3 44 145 -1
3 1 3 45 143 -1
3 1 3 45 144 -1
3 1 3 45 145 0.88239
3 1 4 44 192 -1
3 1 4 44 193 0.987779
3 1 4 45 192 0.795731
3 1 4 45 193 -1
3 2 3 95 143 -1
3 2 3 95 144 0.961527
3 2 3 95 145 -1
3 2 3 96 143 -1
3 2 3 96 144 0.974128
3 2 3 96 145 -1
3 2 3 97 143 0.590183
3 2 3 97 144 -1
3 2 3 97 145 -1
3 2 3 98 143 -1
3 2 3 98 144 -1
3 2 3 98 145 0.450494
3 2 4 95 192 -1
3 2 4 95 193 -1
3 2 4 96 192 -1
3 2 4 96 193 0.932467
3 2 4 97 192 -1
3 2 4 97 193 -1
3 2 4 98 192 0.816546
3 2 4 98 193 -1
3 3 4 143 192 0.475811
3 3 4 143 193 -1
3 3 4 144 192 0.146178
3 3 4 144 193 0.719992
3 3 4 145 192 0.341357
3 3 4 145 193 -1
4 0 1 8 46 -1
4 0 1 8 47 0.938556
4 0 2 8 99 0.983748
4 0 2 8 100 -1
4 0 2 8 101 -1
4 0 3 8 146 0.705728
4 0 3 8 147 0.294272
4 0 4 8 194 -1
4 1 2 46 99 -1
4 1 2 46 100 -1
4 1 2 46 101 0.909368
4 1 2 47 99 0.910733
4 1 2 47 100 0.669431
4 1 2 47 101 -1
4 1 3 46 146 -1
4 1 3 46 147 -1
4 1 3 47 146 0.508888
4 1 3 47 147 0.491112
4 1 4 46 194 0.840757
4 1 4 47 194 -1
4 2 3 99 146 0.966087
4 2 3 99 147 -1
4 2 3 100 146 -1
4 2 3 100 147 0.929957
4 2 3 101 146 -1
4 2 3 101 147 -1
4 2 4 99 194 -1
4 2 4 100 194 -1
4 2 4 101 194 0.760011
4 3 4 146 194 0.292037
4 3 4 147 194 0.707963
5 0 1 9 48 -1
5 0 1 9 49 -1
5 0 1 9 50 0.533218
5 0 1 9 51 0.486726
5 0 1 10 48 -1
5 0 1 10 49 -1
5 0 1 10 50 0.466782
5 0 1 10 51 0.513273
5 0 2 9 102 0.0743518
5 0 2 9 103 0.813684
5 0 2 9 104 -1
5 0 2 10 102 0.840915
5 0 2 10 103 -1
5 0 2 10 104 -1
5 0 3 9 148 -1
5 0 3 9 149 0.474873
5 0 3 9 150 0.522357
5 0 3 10 148 -1
5 0 3 10 149 0.525127
5 0 3 10 150 0.477643
5 0 4 9 195 0.245605
5 0 4 9 196 0.201696
5 0 4 9 197 0.243865
5 0 4 10 195 0.206984
5 0 4 10 196 0.255942
5 0 4 10 197 0.208924
5 1 2 48 102 -1
5 1 2 48 103 -1
5 1 2 48 104 0.883957
5 1 2 49 102 -1
5 1 2 49 103 -1
5 1 2 49 104 0.978768
5 1 2 50 102 -1
5 1 2 50 103 0.513548
5 1 2 50 104 -1
5 1 2 51 102 0.971036
5 1 2 51 103 -1
5 1 2 51 104 -1
5 1 3 48 148 -1
5 1 3 48 149 -1
5 1 3 48 150 -1
5 1 3 49 148 0.957464
5 1 3 49 149 -1
5 1 3 49 150 -1
5 1 3 50 148 -1
5 1 3 50 149 0.426102
5 1 3 50 150 0.710188
5 1 3 51 148 -1
5 1 3 51 149 0.985456
5 1 3 51 150 0.862744
5 1 4 48 195 0.196242
5 1 4 48 196 -1
5 1 4 48 197 0.804119
5 1 4 49 195 0.958759
5 1 4 49 196 -1
5 1 4 49 197 0.70116
5 1 4 50 195 -1
5 1 4 50 196 -1
5 1 4 50 197 -1
5 1 4 51 195 -1
5 1 4 51 196 0.941978
5 1 4 51 197 -1
5 2 3 102 148 -1
5 2 3 102 149 0.96201
5 2 3 102 150 -1
5 2 3 103 148 -1
5 2 3 103 149 -1
5 2 3 103 150 0.85444
5 2 3 104 148 0.972796
5 2 3 104 149 -1
5 2 3 104 150 -1
5 2 4 102 195 -1
5 2 4 102 196 0.881921
5 2 4 102 197 -1
5 2 4 103 195 -1
5 2 4 103 196 0.2112
5 2 4 103 197 -1
5 2 4 104 195 0.724596
5 2 4 104 196 -1
5 2 4 104 197 -1
5 3 4 148 195 0.141356
5 3 4 148 196 0.149812
5 3 4 148 197 0.0983903
5 3 4 149 195 0.130431
5 3 4 149 196 0.132918
5 3 4 149 197 0.128133
5 3 4 150 195 0.119261
5 3 4 150 196 0.107637
5 3 4 150 197 0.166844
6 0 1 11 52 0.178742
6 0 1 11 53 0.456941
6 0 1 12 52 -1
6 0 1 12 53 0.448616
6 0 2 11 105 -1
6 0 2 11 106 -1
6 0 2 11 107 0.975555
6 0 2 11 108 -1
6 0 2 11 109 -1
6 0 2 12 105 0.962435
6 0 2 12 106 0.441655
6 0 2 12 107 -1
6 0 2 12 108 -1
6 0 2 12 109 -1
6 0 3 11 151 -1
6 0 3 11 152 0.458723
6 0 3 11 153 0.577276
6 0 3 12 151 -1
6 0 3 12 152 0.541277
6 0 3 12 153 0.422724
6 0 4 11 198 0.21169
6 0 4 11 199 0.486639
6 0 4 12 198 0.504479
6 0 4 12 199 0.249252
6 1 2 52 105 -1
6 1 2 52 106 -1
6 1 2 52 107 -1
6 1 2 52 108 0.976365
6 1 2 52 109 0.577725
6 1 2 53 105 0.797579
6 1 2 53 106 -1
6 1 2 53 107 0.906977
6 1 2 53 108 -1
6 1 2 53 109 -1
6 1 3 52 151 0.918675
6 1 3 52 152 -1
6 1 3 52 153 0.127732
6 1 3 53 151 -1
6 1 3 53 152 0.940094
6 1 3 53 153 0.872268
6 1 4 52 198 -1
6 1 4 52 199 0.866158
6 1 4 53 198 0.93904
6 1 4 53 199 -1
6 2 3 105 151 -1
6 2 3 105 152 0.992917
6 2 3 105 153 -1
6 2 3 106 151 -1
6 2 3 106 152 -1
6 2 3 106 153 -1
6 2 3 107 151 -1
6 2 3 107 152 -1
6 2 3 107 153 0.976612
6 2 3 108 151 0.884869
6 2 3 108 152 -1
6 2 3 108 153 -1
6 2 3 109 151 0.27278
6 2 3 109 152 -1
6 2 3 109 153 -1
6 2 4 105 198 0.863061
6 2 4 105 199 -1
6 2 4 106 198 -1
6 2 4 106 199 -1
6 2 4 107 198 -1
6 2 4 107 199 -1
6 2 4 108 198 -1
6 2 4 108 199 0.806416
6 2 4 109 198 -1
6 2 4 109 199 0.846312
6 3 4 151 198 0.230328
6 3 4 151 199 0.185146
6 3 4 152 198 0.224091
6 3 4 152 199 0.191275
6 3 4 153 198 0.146366
6 3 4 153 199 0.267659
7 0 1 13 54 0.942713
7 0 1 13 55 -1
7 0 1 13 56 0.764862
7 0 1 13 57 -1
7 0 1 14 54 -1
7 0 1 14 55 0.840757
7 0 1 14 56 -1
7 0 1 14 57 -1
7 0 2 13 110 -1
7 0 2 13 111 0.997493
7 0 2 14 110 -1
7 0 2 14 111 -1
7 0 3 13 154 -1
7 0 3 13 155 0.942877
7 0 3 13 156 -1
7 0 3 14 154 0.91189
7 0 3 14 155 -1
7 0 3 14 156 -1
7 0 4 13 200 -1
7 0 4 13 201 -1
7 0 4 13 202 0.674236
7 0 4 14 200 -1
7 0 4 14 201 -1
7 0 4 14 202 0.325764
7 1 2 54 110 -1
7 1 2 54 111 0.954484
7 1 2 55 110 -1
7 1 2 55 111 -1
7 1 2 56 110 -1
7 1 2 56 111 -1
7 1 2 57 110 -1
7 1 2 57 111 -1
7 1 3 54 154 0.82875
7 1 3 54 155 0.82755
7 1 3 54 156 -1
7 1 3 55 154 0.965675
7 1 3 55 155 0.607681
7 1 3 55 156 -1
7 1 3 56 154 -1
7 1 3 56 155 -1
7 1 3 56 156 0.943604
7 1 3 57 154 -1
7 1 3 57 155 -1
7 1 3 57 156 -1
7 1 4 54 200 -1
7 1 4 54 201 -1
7 1 4 54 202 0.800997
7 1 4 55 200 -1
7 1 4 55 201 -1
7 1 4 55 202 -1
7 1 4 56 200 0.339533
7 1 4 56 201 0.989763
7 1 4 56 202 -1
7 1 4 57 200 0.790966
7 1 4 57 201 -1
7 1 4 57 202 -1
7 2 3 110 154 -1
7 2 3 110 155 -1
7 2 3 110 156 -1
7 2 3 111 154 -1
7 2 3 111 155 0.971511
7 2 3 111 156 -1
7 2 4 110 200 -1
7 2 4 110 201 -1
7 2 4 110 202 -1
7 2 4 111 200 0.594964
7 2 4 111 201 -1
7 2 4 111 202 0.854542
7 3 4 154 200 0.157204
7 3 4 154 201 0.685918
7 3 4 154 202 -1
7 3 4 155 200 -1
7 3 4 155 201 -1
7 3 4 155 202 0.561796
7 3 4 156 200 -1
7 3 4 156 201 0.8004
7 3 4 156 202 -1
8 0 1 15 58 0.063502
8 0 1 15 59 0.394063
8 0 1 16 58 0.524282
8 0 1 16 59 -1
8 0 2 15 112 -1
8 0 2 15 113 0.812585
8 0 2 16 112 -1
8 0 2 16 113 -1
8 0 3 15 157 -1
8 0 3 15 158 0.778402
8 0 3 15 159 -1
8 0 3 16 157 0.965815
8 0 3 16 158 -1
8 0 3 16 159 -1
8 0 4 15 203 -1
8 0 4 15 204 0.593679
8 0 4 16 203 -1
8 0 4 16 204 -1
8 1 2 58 112 -1
8 1 2 58 113 0.445929
8 1 2 59 112 -1
8 1 2 59 113 -1
8 1 3 58 157 0.637357
8 1 3 58 158 0.405375
8 1 3 58 159 -1
8 1 3 59 157 -1
8 1 3 59 158 -1
8 1 3 59 159 0.902567
8 1 4 58 203 -1
8 1 4 58 204 0.938441
8 1 4 59 203 0.829843
8 1 4 59 204 -1
8 2 3 112 157 -1
8 2 3 112 158 -1
8 2 3 112 159 -1
8 2 3 113 157 -1
8 2 3 113 158 0.98968
8 2 3 113 159 -1
8 2 4 112 203 -1
8 2 4 112 204 -1
8 2 4 113 203 -1
8 2 4 113 204 0.742905
8 3 4 157 203 0.971813
8 3 4 157 204 -1
8 3 4 158 203 -1
8 3 4 158 204 0.815027
8 3 4 159 203 0.824694
8 3 4 159 204 -1
9 0 1 17 60 0.655086
9 0 1 17 61 0.344914
9 0 2 17 114 0.38718
9 0 2 17 115 -1
9 0 3 17 160 -1
9 0 3 17 161 -1
9 0 4 17 205 0.961926
9 0 4 17 206 -1
9 0 4 17 207 -1
9 1 2 60 114 -1
9 1 2 60 115 -1
9 1 2 61 114 0.937152
9 1 2 61 115 -1
9 1 3 60 160 -1
9 1 3 60 161 0.321064
9 1 3 61 160 -1
9 1 3 61 161 0.678936
9 1 4 60 205 -1
9 1 4 60 206 -1
9 1 4 60 207 -1
9 1 4 61 205 0.782227
9 1 4 61 206 -1
9 1 4 61 207 -1
9 2 3 114 160 -1
9 2 3 114 161 0.908178
9 2 3 115 160 0.987642
9 2 3 115 161 -1
9 2 4 114 205 0.862341
9 2 4 114 206 -1
9 2 4 114 207 -1
9 2 4 115 205 -1
9 2 4 115 206 0.987008
9 2 4 115 207 0.0594135
9 3 4 160 205 0.223619
9 3 4 160 206 0.254036
9 3 4 160 207 0.13909
9 3 4 161 205 0.240145
9 3 4 161 206 0.211206
9 3 4 161 207 0.189774
10 0 1 18 62 -1
10 0 1 18 63 0.540581
10 0 1 19 62 -1
10 0 1 19 63 0.459419
10 0 2 18 116 0.943253
10 0 2 19 116 -1
10 0 3 18 162 -1
10 0 3 18 163 0.934413
10 0 3 19 162 -1
10 0 3 19 163 -1
10 0 4 18 208 0.421202
10 0 4 18 209 -1
10 0 4 19 208 0.578798
10 0 4 19 209 -1
10 1 2 62 116 -1
10 1 2 63 116 0.881461
10 1 3 62 162 0.94361
10 1 3 62 163 -1
10 1 3 63 162 -1
10 1 3 63 163 0.898499
10 1 4 62 208 -1
10 1 4 62 209 0.54564
10 1 4 63 208 0.709291
10 1 4 63 209 -1
10 2 3 116 162 -1
10 2 3 116 163 0.936799
10 2 4 116 208 0.405878
10 2 4 116 209 -1
10 3 4 162 208 0.445173
10 3 4 162 209 0.261799
10 3 4 163 208 0.278766
10 3 4 163 209 0.421374
11 0 1 20 64 0.517339
11 0 1 20 65 0.202096
11 0 1 20 66 0.208543
11 0 1 21 64 -1
11 0 1 21 65 0.00464809
11 0 1 21 66 0.681739
11 0 2 20 117 0.840993
11 0 2 20 118 -1
11 0 2 20 119 -1
11 0 2 21 117 -1
11 0 2 21 118 0.965671
11 0 2 21 119 -1
11 0 3 20 164 0.197353
11 0 3 20 165 0.749692
11 0 3 20 166 -1
11 0 3 21 164 0.802647
11 0 3 21 165 -1
11 0 3 21 166 -1
11 0 4 20 210 0.15454
11 0 4 20 211 0.210078
11 0 4 20 212 0.635381
11 0 4 21 210 -1
11 0 4 21 211 -1
11 0 4 21 212 0.0935181
11 1 2 64 117 0.985574
11 1 2 64 118 -1
11 1 2 64 119 -1
11 1 2 65 117 -1
11 1 2 65 118 -1
11 1 2 65 119 0.75655
11 1 2 66 117 -1
11 1 2 66 118 0.75839
11 1 2 66 119 -1
11 1 3 64 164 0.376118
11 1 3 64 165 0.429754
11 1 3 64 166 0.171807
11 1 3 65 164 -1
11 1 3 65 165 -1
11 1 3 65 166 0.207919
11 1 3 66 164 0.463793
11 1 3 66 165 0.319286
11 1 3 66 166 0.191981
11 1 4 64 210 0.156017
11 1 4 64 211 0.236806
11 1 4 64 212 0.607177
11 1 4 65 210 0.359574
11 1 4 65 211 0.701208
11 1 4 65 212 -1
11 1 4 66 210 -1
11 1 4 66 211 -1
11 1 4 66 212 -1
11 2 3 117 164 -1
11 2 3 117 165 0.952973
11 2 3 117 166 -1
11 2 3 118 164 0.971193
11 2 3 118 165 -1
11 2 3 118 166 -1
11 2 3 119 164 -1
11 2 3 119 165 -1
11 2 3 119 166 0.697156
11 2 4 117 210 -1
11 2 4 117 211 0.627674
11 2 4 117 212 0.929827
11 2 4 118 210 -1
11 2 4 118 211 -1
11 2 4 118 212 -1
11 2 4 119 210 0.904667
11 2 4 119 211 -1
11 2 4 119 212 -1
11 3 4 164 210 0.146816
11 3 4 164 211 0.134386
11 3 4 164 212 0.14868
11 3 4 165 210 0.131991
11 3 4 165 211 0.125723
11 3 4 165 212 0.177897
11 3 4 166 210 0.153243
11 3 4 166 211 0.175247
11 3 4 166 212 0.0963003
12 0 1 22 67 0.543589
12 0 1 22 68 0.00500321
12 0 1 23 67 -1
12 0 1 23 68 0.970021
12 0 2 22 120 0.907998
12 0 2 22 121 -1
12 0 2 22 122 -1
12 0 2 23 120 -1
12 0 2 23 121 0.769234
12 0 2 23 122 -1
12 0 3 22 167 -1
12 0 3 22 168 -1
12 0 3 23 167 0.913801
12 0 3 23 168 -1
12 0 4 22 213 0.277188
12 0 4 22 214 0.416449
12 0 4 23 213 -1
12 0 4 23 214 0.483316
12 1 2 67 120 -1
12 1 2 67 121 -1
12 1 2 67 122 0.386317
12 1 2 68 120 -1
12 1 2 68 121 0.833812
12 1 2 68 122 -1
12 1 3 67 167 0.27966
12 1 3 67 168 0.269922
12 1 3 68 167 0.270177
12 1 3 68 168 0.280276
12 1 4 67 213 0.99641
12 1 4 67 214 -1
12 1 4 68 213 -1
12 1 4 68 214 -1
12 2 3 120 167 -1
12 2 3 120 168 -1
12 2 3 121 167 0.850688
12 2 3 121 168 -1
12 2 3 122 167 -1
12 2 3 122 168 0.295836
12 2 4 120 213 -1
12 2 4 120 214 0.917611
12 2 4 121 213 -1
12 2 4 121 214 -1
12 2 4 122 213 0.767002
12 2 4 122 214 -1
12 3 4 167 213 0.310392
12 3 4 167 214 0.300031
12 3 4 168 213 0.301152
12 3 4 168 214 0.310089
13 0 1 24 69 0.934613
13 0 1 24 70 -1
13 0 1 24 71 -1
13 0 1 25 69 -1
13 0 1 25 70 0.993686
13 0 1 25 71 -1
13 0 2 24 123 -1
13 0 2 24 124 0.84175
13 0 2 25 123 -1
13 0 2 25 124 -1
13 0 3 24 169 -1
13 0 3 24 170 0.984805
13 0 3 25 169 0.846582
13 0 3 25 170 -1
13 0 4 24 215 -1
13 0 4 24 216 -1
13 0 4 24 217 0.799471
13 0 4 25 215 -1
13 0 4 25 216 -1
13 0 4 25 217 0.200529
13 1 2 69 123 -1
13 1 2 69 124 0.741179
13 1 2 70 123 -1
13 1 2 70 124 -1
13 1 2 71 123 -1
13 1 2 71 124 -1
13 1 3 69 169 0.413219
13 1 3 69 170 0.586781
13 1 3 70 169 0.445494
13 1 3 70 170 0.554506
13 1 3 71 169 -1
13 1 3 71 170 -1
13 1 4 69 215 -1
13 1 4 69 216 -1
13 1 4 69 217 0.798363
13 1 4 70 215 -1
13 1 4 70 216 -1
13 1 4 70 217 -1
13 1 4 71 215 -1
13 1 4 71 216 0.959951
13 1 4 71 217 -1
13 2 3 123 169 -1
13 2 3 123 170 -1
13 2 3 124 169 -1
13 2 3 124 170 0.85888
13 2 4 123 215 -1
13 2 4 123 216 -1
13 2 4 123 217 -1
13 2 4 124 215 0.818361
13 2 4 124 216 -1
13 2 4 124 217 0.944893
13 3 4 169 215 0.220025
13 3 4 169 216 0.0636794
13 3 4 169 217 -1
13 3 4 170 215 -1
13 3 4 170 216 -1
13 3 4 170 217 0.925544
14 0 1 26 72 -1
14 0 1 26 73 -1
14 0 1 27 72 0.779955
14 0 1 27 73 -1
14 0 2 26 125 -1
14 0 2 26 126 0.757522
14 0 2 27 125 -1
14 0 2 27 126 -1
14 0 3 26 171 -1
14 0 3 26 172 0.833051
14 0 3 26 173 -1
14 0 3 27 171 0.946577
14 0 3 27 172 -1
14 0 3 27 173 -1
14 0 4 26 218 -1
14 0 4 26 219 0.895502
14 0 4 27 218 -1
14 0 4 27 219 -1
14 1 2 72 125 -1
14 1 2 72 126 -1
14 1 2 73 125 -1
14 1 2 73 126 -1
14 1 3 72 171 0.858791
14 1 3 72 172 -1
14 1 3 72 173 -1
14 1 3 73 171 -1
14 1 3 73 172 -1
14 1 3 73 173 0.787309
14 1 4 72 218 -1
14 1 4 72 219 0.573694
14 1 4 73 218 0.932408
14 1 4 73 219 -1
14 2 3 125 171 -1
14 2 3 125 172 -1
14 2 3 125 173 -1
14 2 3 126 171 -1
14 2 3 126 172 0.927634
14 2 3 126 173 -1
14 2 4 125 218 -1
14 2 4 125 219 -1
14 2 4 126 218 -1
14 2 4 126 219 0.939018
14 3 4 171 218 0.396622
14 3 4 171 219 -1
14 3 4 172 218 -1
14 3 4 172 219 0.924409
14 3 4 173 218 0.941725
14 3 4 173 219 -1
15 0 1 28 74 0.603406
15 0 1 28 75 0.396594
15 0 1 29 74 -1
15 0 1 29 75 0.478288
15 0 2 28 127 0.738339
15 0 2 28 128 -1
15 0 2 28 129 -1
15 0 2 29 127 -1
15 0 2 29 128 0.696758
15 0 2 29 129 -1
15 0 3 28 174 0.690029
15 0 3 28 175 -1
15 0 3 29 174 -1
15 0 3 29 175 0.92286
15 0 4 28 220 -1
15 0 4 28 221 -1
15 0 4 28 222 0.756958
15 0 4 29 220 -1
15 0 4 29 221 -1
15 0 4 29 222 -1
15 1 2 74 127 0.939541
15 1 2 74 128 -1
15 1 2 74 129 -1
15 1 2 75 127 -1
15 1 2 75 128 0.771092
15 1 2 75 129 -1
15 1 3 74 174 0.412638
15 1 3 74 175 0.286077
15 1 3 75 174 0.347213
15 1 3 75 175 0.399273
15 1 4 74 220 -1
15 1 4 74 221 -1
15 1 4 74 222 0.945454
15 1 4 75 220 -1
15 1 4 75 221 -1
15 1 4 75 222 -1
15 2 3 127 174 0.986013
15 2 3 127 175 -1
15 2 3 128 174 -1
15 2 3 128 175 0.778932
15 2 3 129 174 -1
15 2 3 129 175 -1
15 2 4 127 220 -1
15 2 4 127 221 0.084398
15 2 4 127 222 0.879304
15 2 4 128 220 -1
15 2 4 128 221 -1
15 2 4 128 222 -1
15 2 4 129 220 0.845897
15 2 4 129 221 -1
15 2 4 129 222 -1
15 3 4 174 220 0.219123
15 3 4 174 221 0.220261
15 3 4 174 222 0.252339
15 3 4 175 220 0.245029
15 3 4 175 221 0.243851
15 3 4 175 222 0.210616
16 0 1 30 76 0.595613
16 0 1 30 77 -1
16 0 1 31 76 -1
16 0 1 31 77 0.832466
16 0 2 30 130 0.960263
16 0 2 30 131 -1
16 0 2 31 130 -1
16 0 2 31 131 -1
16 0 3 30 176 -1
16 0 3 30 177 -1
16 0 3 31 176 -1
16 0 3 31 177 0.926612
16 0 4 30 223 -1
16 0 4 30 224 0.564677
16 0 4 31 223 -1
16 0 4 31 224 0.435323
16 1 2 76 130 -1
16 1 2 76 131 0.70121
16 1 2 77 130 -1
16 1 2 77 131 -1
16 1 3 76 176 0.46917
16 1 3 76 177 0.223611
16 1 3 77 176 0.234235
16 1 3 77 177 0.462857
16 1 4 76 223 0.749625
16 1 4 76 224 -1
16 1 4 77 223 -1
16 1 4 77 224 -1
16 2 3 130 176 -1
16 2 3 130 177 -1
16 2 3 131 176 0.531868
16 2 3 131 177 -1
16 2 4 130 223 -1
16 2 4 130 224 0.682907
16 2 4 131 223 0.873388
16 2 4 131 224 -1
16 3 4 176 223 0.420362
16 3 4 176 224 0.333253
16 3 4 177 223 0.355696
16 3 4 177 224 0.411737
17 0 1 32 78 0.0591689
17 0 1 32 79 -1
17 0 2 32 132 0.963431
17 0 3 32 178 0.909247
17 0 3 32 179 -1
17 0 3 32 180 -1
17 0 4 32 225 -1
17 0 4 32 226 0.902887
17 1 2 78 132 -1
17 1 2 79 132 -1
17 1 3 78 178 -1
17 1 3 78 179 0.800242
17 1 3 78 180 -1
17 1 3 79 178 -1
17 1 3 79 179 -1
17 1 3 79 180 0.996137
17 1 4 78 225 -1
17 1 4 78 226 -1
17 1 4 79 225 0.897388
17 1 4 79 226 -1
17 2 3 132 178 0.958577
17 2 3 132 179 -1
17 2 3 132 180 -1
17 2 4 132 225 -1
17 2 4 132 226 0.645923
17 3 4 178 225 -1
17 3 4 178 226 0.524368
17 3 4 179 225 0.723932
17 3 4 179 226 -1
17 3 4 180 225 0.855727
17 3 4 180 226 -1
18 0 1 33 80 0.96221
18 0 1 33 81 -1
18 0 1 33 82 -1
18 0 2 33 133 0.987846
18 0 3 33 181 -1
18 0 3 33 182 0.788268
18 0 4 33 227 -1
18 0 4 33 228 -1
18 0 4 33 229 0.936368
18 1 2 80 133 0.84699
18 1 2 81 133 -1
18 1 2 82 133 -1
18 1 3 80 181 0.432938
18 1 3 80 182 0.567061
18 1 3 81 181 0.407221
18 1 3 81 182 0.592779
18 1 3 82 181 -1
18 1 3 82 182 -1
18 1 4 80 227 -1
18 1 4 80 228 -1
18 1 4 80 229 0.97824
18 1 4 81 227 -1
18 1 4 81 228 -1
18 1 4 81 229 -1
18 1 4 82 227 0.163469
18 1 4 82 228 0.734516
18 1 4 82 229 -1
18 2 3 133 181 -1
18 2 3 133 182 0.814376
18 2 4 133 227 0.852834
18 2 4 133 228 -1
18 2 4 133 229 0.813309
18 3 4 181 227 -1
18 3 4 181 228 0.536369
18 3 4 181 229 -1
18 3 4 182 227 -1
18 3 4 182 228 -1
18 3 4 182 229 0.863461
end of Frame 181
