J OverallIdx viewIdx joint种类0-18(jointIdx) 该joint在图中的顺序(candidix) x y score
0 0 0 0 706.685 394.349 0.583254
1 0 0 1 257.993 419.622 0.626065
2 0 1 0 701.132 193.892 0.734156
3 0 1 1 246.805 210.794 0.849804
4 0 2 0 723.495 394.28 0.47544
5 0 2 1 291.693 421.713 0.569902
6 0 3 0 692.707 396.435 0.551208
7 0 3 1 221.59 415.442 0.549918
8 0 4 0 636.521 141.205 0.312492
9 0 5 0 712.34 193.947 0.592336
10 0 5 1 294.457 208.703 0.811547
11 0 6 0 684.237 191.868 0.854726
12 0 6 1 196.3 210.942 0.833752
13 0 7 0 712.369 556.7 0.622887
14 0 7 1 305.697 592.55 0.717314
15 0 8 0 692.643 562.971 0.63861
16 0 8 1 238.445 588.314 0.720234
17 0 9 0 302.965 134.991 0.837622
18 0 10 0 238.424 130.738 0.744426
19 0 10 1 658.919 128.694 0.862398
20 0 11 0 751.591 286.801 0.177016
21 0 11 1 297.3 309.988 0.894099
22 0 12 0 706.534 261.566 0.897123
23 0 12 1 182.32 307.833 0.669518
24 0 13 0 715.064 693.725 0.53911
25 0 13 1 269.224 746.48 0.61381
26 0 14 0 698.246 716.97 0.693721
27 0 14 1 229.948 759.134 0.590992
28 0 15 0 342.045 383.81 0.799318
29 0 16 0 661.834 345.744 0.740182
30 0 16 1 213.007 379.583 0.660977
31 0 17 0 616.851 733.781 0.784028
32 0 18 0 661.81 681.054 0.510415
33 0 18 1 311.293 742.233 0.464055
34 1 0 0 706.726 379.532 0.831054
35 1 0 1 577.781 398.522 0.718585
36 1 1 0 569.322 236.161 0.887513
37 1 1 1 706.737 244.531 0.898451
38 1 2 0 687.07 379.552 0.799933
39 1 2 1 616.833 396.439 0.762717
40 1 3 0 726.402 379.531 0.817625
41 1 3 1 549.527 400.624 0.724574
42 1 4 0 661.723 196.094 0.909038
43 1 5 0 617.041 231.94 0.893623
44 1 5 1 687.138 244.601 0.798808
45 1 6 0 518.788 240.409 0.825819
46 1 6 1 728.976 242.528 0.887855
47 1 7 0 698.271 480.836 0.801812
48 1 7 1 617.075 520.851 0.827293
49 1 8 0 726.201 480.801 0.839011
50 1 8 1 549.818 531.363 0.838329
51 1 9 0 577.738 177.141 0.604886
52 1 10 0 527.366 179.204 0.94321
53 1 10 1 692.701 194.033 0.896719
54 1 11 0 661.828 312.125 0.959372
55 1 12 0 67.2572 286.764 0.758766
56 1 12 1 774.094 286.803 0.90398
57 1 12 2 504.795 331.01 0.910596
58 1 13 0 706.608 567.216 0.839016
59 1 13 1 639.423 647.293 0.807596
60 1 14 0 30.8278 499.808 0.563994
61 1 14 1 729.2 579.924 0.819674
62 1 14 2 555.232 653.683 0.792927
63 1 15 0 636.546 371.151 0.798102
64 1 16 0 70.0805 246.701 0.836142
65 1 16 1 729.214 331.088 0.945767
66 1 16 2 524.342 385.905 0.773677
67 1 17 0 22.407 512.403 0.247147
68 1 17 1 698.272 600.977 0.750931
69 1 17 2 555.323 649.548 0.459904
70 1 18 0 664.676 581.926 0.855145
71 1 18 1 639.407 670.56 0.656714
72 2 0 0 524.395 223.547 0.801957
73 2 0 1 664.573 400.69 0.724328
74 2 1 0 527.197 80.1957 0.892533
75 2 1 1 678.666 244.639 0.850744
76 2 2 0 496.315 223.467 0.745483
77 2 2 1 684.287 396.449 0.707852
78 2 3 0 549.692 225.624 0.811857
79 2 3 1 642.29 411.129 0.685179
80 2 4 0 496.418 40.0839 0.877254
81 2 4 1 600.09 194.059 0.876218
82 2 5 0 482.245 75.9894 0.920809
83 2 5 1 706.554 225.615 0.861517
84 2 6 0 572.22 88.5385 0.854934
85 2 6 1 644.965 265.674 0.779828
86 2 7 0 496.312 312.127 0.845878
87 2 7 1 661.863 484.972 0.794827
88 2 8 0 549.618 322.644 0.845023
89 2 8 1 625.405 504.007 0.746573
90 2 10 0 546.747 37.9388 0.872452
91 2 10 1 639.532 191.943 0.942453
92 2 11 0 437.602 109.642 0.972785
93 2 11 1 743.12 297.354 0.861903
94 2 12 0 617.048 141.231 0.821929
95 2 12 1 636.551 379.577 0.824452
96 2 13 0 490.811 388.017 0.809673
97 2 13 1 687.188 573.577 0.792176
98 2 14 0 549.67 396.508 0.899469
99 2 14 1 633.688 605.219 0.789236
100 2 15 0 468.286 164.543 0.859055
101 2 15 1 675.819 335.326 0.641081
102 2 16 0 575.029 191.838 0.90363
103 2 16 1 594.518 402.784 0.788248
104 2 16 2 39.3225 493.42 0.18852
105 2 17 0 546.768 432.303 0.703289
106 2 17 1 594.559 579.92 0.820243
107 2 18 0 462.818 415.491 0.790851
108 2 18 1 659.041 565.13 0.545072
109 3 0 0 286.084 343.669 0.78336
110 3 0 1 588.851 354.281 0.690974
111 3 1 0 277.53 191.863 0.909058
112 3 1 1 594.677 194.012 0.825235
113 3 2 0 257.965 345.772 0.829226
114 3 2 1 569.35 352.146 0.693278
115 3 3 0 322.513 341.557 0.776322
116 3 3 1 600.209 358.444 0.688679
117 3 4 0 271.987 128.648 0.889579
118 3 4 1 552.38 147.619 0.889658
119 3 5 0 572.181 191.831 0.718298
120 3 5 1 221.588 193.974 0.835668
121 3 6 0 325.215 185.606 0.85703
122 3 6 1 619.815 196.202 0.859313
123 3 7 0 260.839 461.828 0.832186
124 3 7 1 577.683 466.07 0.773819
125 3 8 0 325.414 451.27 0.834583
126 3 8 1 602.999 470.249 0.744137
127 3 9 0 241.222 126.521 0.789296
128 3 10 0 302.713 126.434 0.907351
129 3 10 1 594.698 132.88 0.871676
130 3 11 0 168.155 248.827 0.90875
131 3 12 0 356.169 229.954 0.834207
132 3 12 1 642.321 293.038 0.869197
133 3 13 0 619.787 554.627 0.747485
134 3 13 1 272.036 560.856 0.782921
135 3 14 0 331.007 548.351 0.833093
136 3 14 1 633.805 582.07 0.755869
137 3 15 0 218.692 297.399 0.892571
138 3 16 0 347.742 280.52 0.922225
139 3 16 1 597.249 354.225 0.811205
140 3 17 0 373.065 571.471 0.81179
141 3 17 1 572.108 601.043 0.825046
142 3 18 0 574.852 577.737 0.714846
143 3 18 1 280.477 592.578 0.819283
144 4 0 0 661.745 282.615 0.79326
145 4 0 1 403.801 331.034 0.503652
146 4 1 0 412.252 111.816 0.610968
147 4 1 1 678.619 137.087 0.842361
148 4 2 0 630.939 280.502 0.7337
149 4 2 1 398.21 331.117 0.611021
150 4 3 0 687.192 286.793 0.73162
151 4 3 1 409.429 329.008 0.379376
152 4 4 0 482.176 44.2791 0.869332
153 4 4 1 703.944 90.7245 0.927186
154 4 5 0 395.52 111.835 0.775001
155 4 5 1 628.196 130.768 0.818824
156 4 6 0 426.236 111.791 0.56017
157 4 6 1 726.276 141.286 0.885477
158 4 7 0 617.092 396.442 0.891717
159 4 7 1 409.37 501.904 0.541879
160 4 8 0 684.29 406.981 0.849173
161 4 8 1 409.37 495.512 0.276066
162 4 9 0 415.126 42.2722 0.921632
163 4 9 1 661.815 75.893 0.94029
164 4 11 0 594.442 198.213 0.921244
165 4 11 1 373.051 210.862 0.893555
166 4 12 0 729.256 215.073 0.890268
167 4 13 0 614.128 487.143 0.847327
168 4 13 1 409.359 647.303 0.750844
169 4 14 0 678.659 503.953 0.797509
170 4 14 1 412.253 596.68 0.564001
171 4 15 0 600.115 259.384 0.894373
172 4 15 1 412.21 278.401 0.900057
173 4 16 0 709.525 278.391 0.882805
174 4 17 0 661.724 533.492 0.831649
175 4 17 1 468.349 598.809 0.654141
176 4 18 0 605.764 520.864 0.844581
177 4 18 1 482.33 653.72 0.783638
P viewIdx, pafIdx, aOverAllIdx, bOverAllIdx, CandidAIdx, CandidBIdx, score
0 0 2 0 0 0 0.945915
0 0 2 1 0 1 0
0 0 3 0 1 0 0
0 0 3 1 1 1 0.975748
0 1 4 13 0 0 0.925253
0 1 4 14 0 1 0
0 1 5 13 1 0 0
0 1 5 14 1 1 0.963398
0 2 13 24 0 0 0.922731
0 2 13 25 0 1 0
0 2 14 24 1 0 0
0 2 14 25 1 1 0.962472
0 3 0 4 0 0 0.82118
0 3 0 5 0 1 0
0 3 1 4 1 0 0
0 3 1 5 1 1 0.894484
0 4 0 6 0 0 0.822237
0 4 0 7 0 1 0
0 4 1 6 1 0 0
0 4 1 7 1 1 0.897742
0 5 6 15 0 0 0.950096
0 5 6 16 0 1 0
0 5 7 15 1 0 0
0 5 7 16 1 1 0.961164
0 6 15 26 0 0 0.966515
0 6 15 27 0 1 0
0 6 16 26 1 0 0
0 6 16 27 1 1 0.977086
0 7 2 9 0 0 0.942336
0 7 2 10 0 1 0
0 7 3 9 1 0 0
0 7 3 10 1 1 0.991189
0 8 9 20 0 0 0.759449
0 8 9 21 0 1 0
0 8 10 20 1 0 0
0 8 10 21 1 1 0.986657
0 9 20 28 0 0 0
0 9 21 28 1 0 0.995497
0 10 9 17 0 0 0
0 10 10 17 1 0 0.974349
0 11 2 11 0 0 0.95638
0 11 2 12 0 1 0
0 11 3 11 1 0 0
0 11 3 12 1 1 0.995704
0 12 11 22 0 0 0.997558
0 12 11 23 0 1 0
0 12 12 22 1 0 0
0 12 12 23 1 1 0.965843
0 13 22 29 0 0 0.968056
0 13 22 30 0 1 0
0 13 23 29 1 0 0
0 13 23 30 1 1 0.982253
0 14 11 18 0 0 0
0 14 11 19 0 1 0.999624
0 14 12 18 1 0 0.907748
0 14 12 19 1 1 0
0 15 2 8 0 0 0.803281
0 15 3 8 1 0 0
0 16 26 31 0 0 0.955519
0 16 27 31 1 0 0
0 17 24 32 0 0 0.774019
0 17 24 33 0 1 0
0 17 25 32 1 0 0
0 17 25 33 1 1 0.850484
1 0 36 34 0 0 0
1 0 36 35 0 1 0.997939
1 0 37 34 1 0 0.985503
1 0 37 35 1 1 0
1 1 38 47 0 0 0.532356
1 1 38 48 0 1 0
1 1 39 47 1 0 0.250129
1 1 39 48 1 1 0.533172
1 2 47 58 0 0 0.984883
1 2 47 59 0 1 0
1 2 48 58 1 0 0
1 2 48 59 1 1 0.996561
1 3 34 38 0 0 0.97131
1 3 34 39 0 1 0
1 3 35 38 1 0 0
1 3 35 39 1 1 0.92914
1 4 34 40 0 0 0.97378
1 4 34 41 0 1 0
1 4 35 40 1 0 0
1 4 35 41 1 1 0.920817
1 5 40 49 0 0 0.993178
1 5 40 50 0 1 0
1 5 41 49 1 0 0
1 5 41 50 1 1 0.994501
1 6 49 60 0 0 0
1 6 49 61 0 1 0.993864
1 6 49 62 0 2 0
1 6 50 60 1 0 0
1 6 50 61 1 1 0
1 6 50 62 1 2 0.999369
1 7 36 43 0 0 0.982685
1 7 36 44 0 1 0
1 7 37 43 1 0 0
1 7 37 44 1 1 0.990008
1 8 43 54 0 0 0.540565
1 8 44 54 1 0 0.45577
1 9 54 63 0 0 0.982633
1 10 43 51 0 0 0.913258
1 10 44 51 1 0 0
1 11 36 45 0 0 0.980778
1 11 36 46 0 1 0
1 11 37 45 1 0 0
1 11 37 46 1 1 0.990717
1 12 45 55 0 0 0
1 12 45 56 0 1 0
1 12 45 57 0 2 0.993509
1 12 46 55 1 0 0
1 12 46 56 1 1 0.98853
1 12 46 57 1 2 0
1 13 55 64 0 0 0.965263
1 13 55 65 0 1 0
1 13 55 66 0 2 0
1 13 56 64 1 0 0
1 13 56 65 1 1 0.959454
1 13 56 66 1 2 0
1 13 57 64 2 0 0
1 13 57 65 2 1 0
1 13 57 66 2 2 0.995618
1 14 45 52 0 0 0.982632
1 14 45 53 0 1 0
1 14 46 52 1 0 0
1 14 46 53 1 1 0.989216
1 15 36 42 0 0 0
1 15 37 42 1 0 0.999071
1 16 60 67 0 0 0.804003
1 16 60 68 0 1 0
1 16 60 69 0 2 0
1 16 61 67 1 0 0
1 16 61 68 1 1 0.925085
1 16 61 69 1 2 0
1 16 62 67 2 0 0
1 16 62 68 2 1 0
1 16 62 69 2 2 0.684255
1 17 58 70 0 0 0.975753
1 17 58 71 0 1 0
1 17 59 70 1 0 0
1 17 59 71 1 1 0.835562
2 0 74 72 0 0 0.992199
2 0 74 73 0 1 0
2 0 75 72 1 0 0
2 0 75 73 1 1 0.984855
2 1 76 86 0 0 0.99072
2 1 76 87 0 1 0
2 1 77 86 1 0 0
2 1 77 87 1 1 0.980576
2 2 86 96 0 0 0.986568
2 2 86 97 0 1 0
2 2 87 96 1 0 0
2 2 87 97 1 1 0.981615
2 3 72 76 0 0 0.966621
2 3 72 77 0 1 0
2 3 73 76 1 0 0
2 3 73 77 1 1 0.911262
2 4 72 78 0 0 0.960848
2 4 72 79 0 1 0
2 4 73 78 1 0 0
2 4 73 79 1 1 0.917016
2 5 78 88 0 0 0.999044
2 5 78 89 0 1 0
2 5 79 88 1 0 0
2 5 79 89 1 1 0.965116
2 6 88 98 0 0 0.995792
2 6 88 99 0 1 0
2 6 89 98 1 0 0
2 6 89 99 1 1 0.984943
2 7 74 82 0 0 0.999443
2 7 74 83 0 1 0
2 7 75 82 1 0 0
2 7 75 83 1 1 0.989271
2 8 82 92 0 0 0.983036
2 8 82 93 0 1 0
2 8 83 92 1 0 0
2 8 83 93 1 1 0.99514
2 9 92 100 0 0 0.99097
2 9 92 101 0 1 0
2 9 93 100 1 0 0
2 9 93 101 1 1 0.943079
2 11 74 84 0 0 0.991161
2 11 74 85 0 1 0
2 11 75 84 1 0 0
2 11 75 85 1 1 0.965867
2 12 84 94 0 0 0.999343
2 12 84 95 0 1 0
2 12 85 94 1 0 0
2 12 85 95 1 1 0.985227
2 13 94 102 0 0 0.962404
2 13 94 103 0 1 0
2 13 94 104 0 2 0
2 13 95 102 1 0 0
2 13 95 103 1 1 0.964628
2 13 95 104 1 2 0
2 14 84 90 0 0 0.996069
2 14 84 91 0 1 0
2 14 85 90 1 0 0
2 14 85 91 1 1 0.989208
2 15 74 80 0 0 0.990235
2 15 74 81 0 1 0
2 15 75 80 1 0 0
2 15 75 81 1 1 0.991012
2 16 98 105 0 0 0.95544
2 16 98 106 0 1 0
2 16 99 105 1 0 0
2 16 99 106 1 1 0.984737
2 17 96 107 0 0 0.93609
2 17 96 108 0 1 0
2 17 97 107 1 0 0
2 17 97 108 1 1 0.883524
3 0 111 109 0 0 0.998733
3 0 111 110 0 1 0
3 0 112 109 1 0 0
3 0 112 110 1 1 0.972
3 1 113 123 0 0 0.998357
3 1 113 124 0 1 0
3 1 114 123 1 0 0
3 1 114 124 1 1 0.982479
3 2 123 133 0 0 0
3 2 123 134 0 1 0.996836
3 2 124 133 1 0 0.991931
3 2 124 134 1 1 0
3 3 109 113 0 0 0.959532
3 3 109 114 0 1 0
3 3 110 113 1 0 0
3 3 110 114 1 1 0.932097
3 4 109 115 0 0 0.967187
3 4 109 116 0 1 0
3 4 110 115 1 0 0
3 4 110 116 1 1 0.934793
3 5 115 125 0 0 0.997373
3 5 115 126 0 1 0
3 5 116 125 1 0 0
3 5 116 126 1 1 0.956427
3 6 125 135 0 0 0.997133
3 6 125 136 0 1 0
3 6 126 135 1 0 0
3 6 126 136 1 1 0.98829
3 7 111 119 0 0 0
3 7 111 120 0 1 0.998251
3 7 112 119 1 0 0.970584
3 7 112 120 1 1 0
3 8 119 130 0 0 0
3 8 120 130 1 0 0.979739
3 9 130 137 0 0 0.983434
3 10 119 127 0 0 0
3 10 120 127 1 0 0.954521
3 11 111 121 0 0 0.982193
3 11 111 122 0 1 0
3 11 112 121 1 0 0
3 11 112 122 1 1 0.978281
3 12 121 131 0 0 0.991646
3 12 121 132 0 1 0
3 12 122 131 1 0 0
3 12 122 132 1 1 0.98243
3 13 131 138 0 0 0.99487
3 13 131 139 0 1 0
3 13 132 138 1 0 0
3 13 132 139 1 1 0.964974
3 14 121 128 0 0 0.995441
3 14 121 129 0 1 0
3 14 122 128 1 0 0
3 14 122 129 1 1 0.997098
3 15 111 117 0 0 0.992272
3 15 111 118 0 1 0
3 15 112 117 1 0 0
3 15 112 118 1 1 0.999854
3 16 135 140 0 0 0.988358
3 16 135 141 0 1 0
3 16 136 140 1 0 0
3 16 136 141 1 1 0.963099
3 17 133 142 0 0 0.946562
3 17 133 143 0 1 0
3 17 134 142 1 0 0
3 17 134 143 1 1 0.985153
4 0 146 144 0 0 0
4 0 146 145 0 1 0.895528
4 0 147 144 1 0 0.997056
4 0 147 145 1 1 0
4 1 148 158 0 0 0.993763
4 1 148 159 0 1 0
4 1 149 158 1 0 0
4 1 149 159 1 1 0.93819
4 2 158 167 0 0 0.9957
4 2 158 168 0 1 0
4 2 159 167 1 0 0
4 2 159 168 1 1 0.978241
4 3 144 148 0 0 0.934951
4 3 144 149 0 1 0
4 3 145 148 1 0 0
4 3 145 149 1 1 0.688135
4 4 144 150 0 0 0.930973
4 4 144 151 0 1 0
4 4 145 150 1 0 0
4 4 145 151 1 1 0.725469
4 5 150 160 0 0 0.992832
4 5 150 161 0 1 0
4 5 151 160 1 0 0
4 5 151 161 1 1 0.849823
4 6 160 169 0 0 0.988242
4 6 160 170 0 1 0
4 6 161 169 1 0 0
4 6 161 170 1 1 0.897829
4 7 146 154 0 0 0.870454
4 7 146 155 0 1 0
4 7 147 154 1 0 0
4 7 147 155 1 1 0.998727
4 8 154 164 0 0 0
4 8 154 165 0 1 0.952542
4 8 155 164 1 0 0.97665
4 8 155 165 1 1 0
4 9 164 171 0 0 0.987062
4 9 164 172 0 1 0
4 9 165 171 1 0 0
4 9 165 172 1 1 0.994893
4 10 154 162 0 0 0.953101
4 10 154 163 0 1 0
4 10 155 162 1 0 0
4 10 155 163 1 1 0.971758
4 11 146 156 0 0 0.873599
4 11 146 157 0 1 0
4 11 147 156 1 0 0
4 11 147 157 1 1 0.997018
4 12 156 166 0 0 0
4 12 157 166 1 0 0.995836
4 13 166 173 0 0 0.968684
4 15 146 152 0 0 0.87956
4 15 146 153 0 1 0
4 15 147 152 1 0 0
4 15 147 153 1 1 0.991295
4 16 169 174 0 0 0.969189
4 16 169 175 0 1 0
4 16 170 174 1 0 0
4 16 170 175 1 1 0.928543
4 17 167 176 0 0 0.994803
4 17 167 177 0 1 0
4 17 168 176 1 0 0
4 17 168 177 1 1 0.9835
E jointIdx viewA viewB aOverAllIdx bOverallIdx score
0 0 1 0 34 0.365493
0 0 1 0 35 0.263781
0 0 1 1 34 0.287205
0 0 1 1 35 0.356968
0 0 2 0 72 0.68035
0 0 2 0 73 -1
0 0 2 1 72 -1
0 0 2 1 73 0.862686
0 0 3 0 109 0.703925
0 0 3 0 110 -1
0 0 3 1 109 -1
0 0 3 1 110 0.823249
0 0 4 0 144 -1
0 0 4 0 145 0.948816
0 0 4 1 144 0.97575
0 0 4 1 145 -1
0 1 2 34 72 0.984584
0 1 2 34 73 -1
0 1 2 35 72 -1
0 1 2 35 73 0.970214
0 1 3 34 109 0.937574
0 1 3 34 110 0.0593075
0 1 3 35 109 -1
0 1 3 35 110 0.937993
0 1 4 34 144 -1
0 1 4 34 145 0.866104
0 1 4 35 144 0.930734
0 1 4 35 145 -1
0 2 3 72 109 0.991897
0 2 3 72 110 -1
0 2 3 73 109 -1
0 2 3 73 110 0.693028
0 2 4 72 144 -1
0 2 4 72 145 0.87352
0 2 4 73 144 0.986331
0 2 4 73 145 -1
0 3 4 109 144 0.27579
0 3 4 109 145 0.342383
0 3 4 110 144 0.341212
0 3 4 110 145 0.278444
1 0 1 2 36 0.280676
1 0 1 2 37 0.2703
1 0 1 3 36 0.271178
1 0 1 3 37 0.280459
1 0 2 2 74 0.805021
1 0 2 2 75 -1
1 0 2 3 74 -1
1 0 2 3 75 0.889597
1 0 3 2 111 0.315454
1 0 3 2 112 0.304744
1 0 3 3 111 0.303542
1 0 3 3 112 0.313449
1 0 4 2 146 0.924768
1 0 4 2 147 -1
1 0 4 3 146 -1
1 0 4 3 147 0.940775
1 1 2 36 74 -1
1 1 2 36 75 0.915636
1 1 2 37 74 0.985151
1 1 2 37 75 -1
1 1 3 36 111 0.270924
1 1 3 36 112 0.308445
1 1 3 37 111 0.310912
1 1 3 37 112 0.274787
1 1 4 36 146 0.058095
1 1 4 36 147 0.883818
1 1 4 37 146 0.75929
1 1 4 37 147 0.116182
1 2 3 74 111 0.754221
1 2 3 74 112 -1
1 2 3 75 111 -1
1 2 3 75 112 0.937042
1 2 4 74 146 0.878845
1 2 4 74 147 -1
1 2 4 75 146 -1
1 2 4 75 147 0.733209
1 3 4 111 146 0.450364
1 3 4 111 147 0.322507
1 3 4 112 146 0.12095
1 3 4 112 147 0.515795
2 0 1 4 38 0.385232
2 0 1 4 39 0.250948
2 0 1 5 38 0.278321
2 0 1 5 39 0.37624
2 0 2 4 76 0.50834
2 0 2 4 77 -1
2 0 2 5 76 -1
2 0 2 5 77 0.565382
2 0 3 4 113 0.747401
2 0 3 4 114 -1
2 0 3 5 113 -1
2 0 3 5 114 0.830994
2 0 4 4 148 -1
2 0 4 4 149 0.776885
2 0 4 5 148 0.926233
2 0 4 5 149 -1
2 1 2 38 76 0.99008
2 1 2 38 77 -1
2 1 2 39 76 -1
2 1 2 39 77 0.675406
2 1 3 38 113 0.750438
2 1 3 38 114 0.181468
2 1 3 39 113 0.122724
2 1 3 39 114 0.762204
2 1 4 38 148 -1
2 1 4 38 149 0.560724
2 1 4 39 148 0.861966
2 1 4 39 149 -1
2 2 3 76 113 0.87148
2 2 3 76 114 -1
2 2 3 77 113 -1
2 2 3 77 114 0.366628
2 2 4 76 148 -1
2 2 4 76 149 0.539942
2 2 4 77 148 0.790506
2 2 4 77 149 -1
2 3 4 113 148 0.309904
2 3 4 113 149 0.397693
2 3 4 114 148 0.396757
2 3 4 114 149 0.324899
3 0 1 6 40 0.337137
3 0 1 6 41 0.284037
3 0 1 7 40 0.297169
3 0 1 7 41 0.334496
3 0 2 6 78 0.798124
3 0 2 6 79 -1
3 0 2 7 78 -1
3 0 2 7 79 0.933845
3 0 3 6 115 0.622313
3 0 3 6 116 -1
3 0 3 7 115 -1
3 0 3 7 116 0.704977
3 0 4 6 150 -1
3 0 4 6 151 0.979685
3 0 4 7 150 0.843049
3 0 4 7 151 -1
3 1 2 40 78 0.954452
3 1 2 40 79 -1
3 1 2 41 78 -1
3 1 2 41 79 0.998115
3 1 3 40 115 0.869134
3 1 3 40 116 -1
3 1 3 41 115 -1
3 1 3 41 116 0.940073
3 1 4 40 150 -1
3 1 4 40 151 0.874356
3 1 4 41 150 0.913177
3 1 4 41 151 -1
3 2 3 78 115 0.757549
3 2 3 78 116 -1
3 2 3 79 115 -1
3 2 3 79 116 0.804779
3 2 4 78 150 -1
3 2 4 78 151 0.898707
3 2 4 79 150 0.938619
3 2 4 79 151 -1
3 3 4 115 150 0.254261
3 3 4 115 151 0.276551
3 3 4 116 150 0.276407
3 3 4 116 151 0.25379
4 0 1 8 42 0.934569
4 0 2 8 80 0.992979
4 0 2 8 81 -1
4 0 3 8 117 0.786961
4 0 3 8 118 0.213039
4 0 4 8 152 0.980367
4 0 4 8 153 -1
4 1 2 42 80 0.941634
4 1 2 42 81 -1
4 1 3 42 117 0.496823
4 1 3 42 118 0.503177
4 1 4 42 152 0.95127
4 1 4 42 153 -1
4 2 3 80 117 0.92823
4 2 3 80 118 -1
4 2 3 81 117 -1
4 2 3 81 118 0.933317
4 2 4 80 152 0.997203
4 2 4 80 153 -1
4 2 4 81 152 -1
4 2 4 81 153 0.976419
4 3 4 117 152 0.731727
4 3 4 117 153 0.207193
4 3 4 118 152 -1
4 3 4 118 153 0.737597
5 0 1 9 43 0.301274
5 0 1 9 44 0.274061
5 0 1 10 43 0.275222
5 0 1 10 44 0.301137
5 0 2 9 82 0.62866
5 0 2 9 83 -1
5 0 2 10 82 -1
5 0 2 10 83 0.913105
5 0 3 9 119 0.326839
5 0 3 9 120 0.333805
5 0 3 10 119 0.331958
5 0 3 10 120 0.325825
5 0 4 9 154 0.955944
5 0 4 9 155 -1
5 0 4 10 154 -1
5 0 4 10 155 0.889669
5 1 2 43 82 0.238567
5 1 2 43 83 0.481743
5 1 2 44 82 0.502239
5 1 2 44 83 0.240874
5 1 3 43 119 0.375584
5 1 3 43 120 0.278539
5 1 3 44 119 0.301969
5 1 3 44 120 0.382567
5 1 4 43 154 0.190685
5 1 4 43 155 0.593215
5 1 4 44 154 0.612052
5 1 4 44 155 0.214135
5 2 3 82 119 -1
5 2 3 82 120 0.923563
5 2 3 83 119 0.825979
5 2 3 83 120 -1
5 2 4 82 154 0.676257
5 2 4 82 155 -1
5 2 4 83 154 -1
5 2 4 83 155 0.921146
5 3 4 119 154 0.177398
5 3 4 119 155 0.446571
5 3 4 120 154 0.409305
5 3 4 120 155 0.320675
6 0 1 11 45 0.280269
6 0 1 11 46 0.315188
6 0 1 12 45 0.314491
6 0 1 12 46 0.286941
6 0 2 11 84 0.879777
6 0 2 11 85 -1
6 0 2 12 84 -1
6 0 2 12 85 0.845247
6 0 3 11 121 0.3019
6 0 3 11 122 0.284498
6 0 3 12 121 0.282583
6 0 3 12 122 0.300974
6 0 4 11 156 0.910934
6 0 4 11 157 -1
6 0 4 12 156 -1
6 0 4 12 157 0.798965
6 1 2 45 84 -1
6 1 2 45 85 0.867779
6 1 2 46 84 0.985892
6 1 2 46 85 -1
6 1 3 45 121 0.259445
6 1 3 45 122 0.25621
6 1 3 46 121 0.256265
6 1 3 46 122 0.259461
6 1 4 45 156 -1
6 1 4 45 157 0.774439
6 1 4 46 156 0.667157
6 1 4 46 157 -1
6 2 3 84 121 0.816513
6 2 3 84 122 -1
6 2 3 85 121 -1
6 2 3 85 122 0.942377
6 2 4 84 156 0.980475
6 2 4 84 157 -1
6 2 4 85 156 -1
6 2 4 85 157 0.664056
6 3 4 121 156 0.562802
6 3 4 121 157 0.308946
6 3 4 122 156 0.050554
6 3 4 122 157 0.601325
7 0 1 13 47 0.534719
7 0 1 13 48 0.178685
7 0 1 14 47 0.235901
7 0 1 14 48 0.518586
7 0 2 13 86 0.992665
7 0 2 13 87 -1
7 0 2 14 86 -1
7 0 2 14 87 0.7372
7 0 3 13 123 0.910688
7 0 3 13 124 -1
7 0 3 14 123 -1
7 0 3 14 124 0.912316
7 0 4 13 158 -1
7 0 4 13 159 0.830763
7 0 4 14 158 0.995805
7 0 4 14 159 -1
7 1 2 47 86 0.975986
7 1 2 47 87 -1
7 1 2 48 86 -1
7 1 2 48 87 0.810898
7 1 3 47 123 0.935306
7 1 3 47 124 -1
7 1 3 48 123 -1
7 1 3 48 124 0.931717
7 1 4 47 158 -1
7 1 4 47 159 0.975645
7 1 4 48 158 0.972477
7 1 4 48 159 -1
7 2 3 86 123 0.904234
7 2 3 86 124 -1
7 2 3 87 123 -1
7 2 3 87 124 0.703513
7 2 4 86 158 0.019896
7 2 4 86 159 0.980104
7 2 4 87 158 0.82191
7 2 4 87 159 -1
7 3 4 123 158 0.0172632
7 3 4 123 159 0.982737
7 3 4 124 158 0.832526
7 3 4 124 159 -1
8 0 1 15 49 0.412977
8 0 1 15 50 0.220581
8 0 1 16 49 0.252898
8 0 1 16 50 0.411193
8 0 2 15 88 0.872858
8 0 2 15 89 -1
8 0 2 16 88 -1
8 0 2 16 89 0.720191
8 0 3 15 125 0.841147
8 0 3 15 126 -1
8 0 3 16 125 -1
8 0 3 16 126 0.611982
8 0 4 15 160 -1
8 0 4 15 161 0.924348
8 0 4 16 160 0.946289
8 0 4 16 161 -1
8 1 2 49 88 0.902122
8 1 2 49 89 -1
8 1 2 50 88 -1
8 1 2 50 89 0.748405
8 1 3 49 125 0.836333
8 1 3 49 126 -1
8 1 3 50 125 -1
8 1 3 50 126 0.608639
8 1 4 49 160 -1
8 1 4 49 161 0.534799
8 1 4 50 160 0.900433
8 1 4 50 161 -1
8 2 3 88 125 0.967924
8 2 3 88 126 -1
8 2 3 89 125 -1
8 2 3 89 126 0.872507
8 2 4 88 160 -1
8 2 4 88 161 0.592752
8 2 4 89 160 0.688187
8 2 4 89 161 -1
8 3 4 125 160 0.403754
8 3 4 125 161 0.400541
8 3 4 126 160 0.41684
8 3 4 126 161 -1
9 0 1 17 51 0.902637
9 0 3 17 127 -1
9 0 4 17 162 -1
9 0 4 17 163 0.956429
9 1 3 51 127 0.321617
9 1 4 51 162 -1
9 1 4 51 163 0.954479
9 3 4 127 162 0.665778
9 3 4 127 163 0.334222
10 0 1 18 52 0.278156
10 0 1 18 53 0.273205
10 0 1 19 52 0.273495
10 0 1 19 53 0.277933
10 0 2 18 90 -1
10 0 2 18 91 0.902732
10 0 2 19 90 0.957233
10 0 2 19 91 -1
10 0 3 18 128 -1
10 0 3 18 129 0.833573
10 0 3 19 128 0.994678
10 0 3 19 129 -1
10 1 2 52 90 -1
10 1 2 52 91 0.960415
10 1 2 53 90 0.922397
10 1 2 53 91 -1
10 1 3 52 128 0.223686
10 1 3 52 129 0.4501
10 1 3 53 128 0.445234
10 1 3 53 129 0.234751
10 2 3 90 128 0.964287
10 2 3 90 129 -1
10 2 3 91 128 -1
10 2 3 91 129 0.987631
11 0 1 20 54 0.407268
11 0 1 21 54 0.592732
11 0 2 20 92 0.901766
11 0 2 20 93 -1
11 0 2 21 92 -1
11 0 2 21 93 0.968565
11 0 3 20 130 0.842417
11 0 3 21 130 -1
11 0 4 20 164 0.0577309
11 0 4 20 165 0.75719
11 0 4 21 164 0.804326
11 0 4 21 165 0.195674
11 1 2 54 92 0.238034
11 1 2 54 93 0.761966
11 1 3 54 130 0.451917
11 1 4 54 164 0.72824
11 1 4 54 165 0.27176
11 2 3 92 130 0.910064
11 2 3 93 130 -1
11 2 4 92 164 -1
11 2 4 92 165 0.886358
11 2 4 93 164 0.996724
11 2 4 93 165 -1
11 3 4 130 164 0.511857
11 3 4 130 165 0.488143
12 0 1 22 55 0.970214
12 0 1 22 56 0.571737
12 0 1 22 57 -1
12 0 1 23 55 -1
12 0 1 23 56 0.428263
12 0 1 23 57 0.598859
12 0 2 22 94 0.795014
12 0 2 22 95 -1
12 0 2 23 94 -1
12 0 2 23 95 0.639068
12 0 3 22 131 0.922345
12 0 3 22 132 -1
12 0 3 23 131 -1
12 0 3 23 132 0.700573
12 0 4 22 166 0.565398
12 0 4 23 166 0.434602
12 1 2 55 94 -1
12 1 2 55 95 -1
12 1 2 56 94 0.84804
12 1 2 56 95 -1
12 1 2 57 94 -1
12 1 2 57 95 0.92784
12 1 3 55 131 -1
12 1 3 55 132 0.623988
12 1 3 56 131 0.967407
12 1 3 56 132 -1
12 1 3 57 131 -1
12 1 3 57 132 0.974078
12 1 4 55 166 -1
12 1 4 56 166 -1
12 1 4 57 166 0.929301
12 2 3 94 131 0.976718
12 2 3 94 132 -1
12 2 3 95 131 -1
12 2 3 95 132 0.913441
12 2 4 94 166 -1
12 2 4 95 166 0.853255
12 3 4 131 166 0.0813131
12 3 4 132 166 0.886413
13 0 1 24 58 0.79053
13 0 1 24 59 -1
13 0 1 25 58 0.20947
13 0 1 25 59 0.627646
13 0 2 24 96 0.925135
13 0 2 24 97 -1
13 0 2 25 96 -1
13 0 2 25 97 0.675447
13 0 3 24 133 -1
13 0 3 24 134 0.900542
13 0 3 25 133 0.909364
13 0 3 25 134 -1
13 0 4 24 167 -1
13 0 4 24 168 0.877259
13 0 4 25 167 0.733482
13 0 4 25 168 -1
13 1 2 58 96 0.793886
13 1 2 58 97 -1
13 1 2 59 96 -1
13 1 2 59 97 0.848985
13 1 3 58 133 -1
13 1 3 58 134 0.893474
13 1 3 59 133 0.965941
13 1 3 59 134 -1
13 1 4 58 167 -1
13 1 4 58 168 0.692329
13 1 4 59 167 0.768236
13 1 4 59 168 -1
13 2 3 96 133 -1
13 2 3 96 134 0.983284
13 2 3 97 133 0.865867
13 2 3 97 134 -1
13 2 4 96 167 0.216451
13 2 4 96 168 0.686826
13 2 4 97 167 0.677619
13 2 4 97 168 0.141547
13 3 4 133 167 0.916571
13 3 4 133 168 -1
13 3 4 134 167 -1
13 3 4 134 168 0.788574
14 0 1 26 60 -1
14 0 1 26 61 0.668702
14 0 1 26 62 0.254509
14 0 1 27 60 -1
14 0 1 27 61 0.331298
14 0 1 27 62 0.745491
14 0 2 26 98 0.93325
14 0 2 26 99 -1
14 0 2 27 98 -1
14 0 2 27 99 0.889551
14 0 3 26 135 0.977996
14 0 3 26 136 -1
14 0 3 27 135 -1
14 0 3 27 136 0.990045
14 0 4 26 169 -1
14 0 4 26 170 0.695047
14 0 4 27 169 0.832818
14 0 4 27 170 -1
14 1 2 60 98 -1
14 1 2 60 99 -1
14 1 2 61 98 0.886127
14 1 2 61 99 -1
14 1 2 62 98 -1
14 1 2 62 99 0.93019
14 1 3 60 135 -1
14 1 3 60 136 -1
14 1 3 61 135 0.943082
14 1 3 61 136 -1
14 1 3 62 135 -1
14 1 3 62 136 0.857783
14 1 4 60 169 -1
14 1 4 60 170 -1
14 1 4 61 169 -1
14 1 4 61 170 0.882437
14 1 4 62 169 0.897219
14 1 4 62 170 -1
14 2 3 98 135 0.911489
14 2 3 98 136 -1
14 2 3 99 135 -1
14 2 3 99 136 0.979668
14 2 4 98 169 -1
14 2 4 98 170 0.776452
14 2 4 99 169 0.803051
14 2 4 99 170 -1
14 3 4 135 169 0.301191
14 3 4 135 170 0.601045
14 3 4 136 169 0.516298
14 3 4 136 170 -1
15 0 1 28 63 0.881667
15 0 2 28 100 -1
15 0 2 28 101 0.916519
15 0 3 28 137 -1
15 0 4 28 171 0.990347
15 0 4 28 172 -1
15 1 2 63 100 -1
15 1 2 63 101 0.939835
15 1 3 63 137 -1
15 1 4 63 171 0.946167
15 1 4 63 172 -1
15 2 3 100 137 0.924384
15 2 3 101 137 -1
15 2 4 100 171 -1
15 2 4 100 172 0.95895
15 2 4 101 171 0.995706
15 2 4 101 172 -1
15 3 4 137 171 0.496387
15 3 4 137 172 0.503613
16 0 1 29 64 -1
16 0 1 29 65 0.598699
16 0 1 29 66 -1
16 0 1 30 64 -1
16 0 1 30 65 0.401301
16 0 1 30 66 0.633536
16 0 2 29 102 0.903944
16 0 2 29 103 -1
16 0 2 29 104 -1
16 0 2 30 102 -1
16 0 2 30 103 0.966072
16 0 2 30 104 0.553001
16 0 3 29 138 0.80352
16 0 3 29 139 -1
16 0 3 30 138 -1
16 0 3 30 139 0.98932
16 0 4 29 173 -1
16 0 4 30 173 0.5255
16 1 2 64 102 -1
16 1 2 64 103 -1
16 1 2 64 104 0.9536
16 1 2 65 102 0.876493
16 1 2 65 103 -1
16 1 2 65 104 -1
16 1 2 66 102 -1
16 1 2 66 103 0.857576
16 1 2 66 104 -1
16 1 3 64 138 0.612146
16 1 3 64 139 -1
16 1 3 65 138 0.966351
16 1 3 65 139 -1
16 1 3 66 138 -1
16 1 3 66 139 0.953237
16 1 4 64 173 -1
16 1 4 65 173 -1
16 1 4 66 173 0.926163
16 2 3 102 138 0.996239
16 2 3 102 139 -1
16 2 3 103 138 -1
16 2 3 103 139 0.958563
16 2 3 104 138 -1
16 2 3 104 139 0.749943
16 2 4 102 173 -1
16 2 4 103 173 0.885211
16 2 4 104 173 -1
16 3 4 138 173 -1
16 3 4 139 173 0.973846
17 0 1 31 67 -1
17 0 1 31 68 0.92662
17 0 1 31 69 0.846788
17 0 2 31 105 0.787141
17 0 2 31 106 -1
17 0 3 31 140 0.960641
17 0 3 31 141 -1
17 0 4 31 174 -1
17 0 4 31 175 0.916557
17 1 2 67 105 -1
17 1 2 67 106 -1
17 1 2 68 105 0.876389
17 1 2 68 106 -1
17 1 2 69 105 -1
17 1 2 69 106 0.744646
17 1 3 67 140 -1
17 1 3 67 141 -1
17 1 3 68 140 0.906326
17 1 3 68 141 -1
17 1 3 69 140 -1
17 1 3 69 141 0.814862
17 1 4 67 174 -1
17 1 4 67 175 -1
17 1 4 68 174 -1
17 1 4 68 175 0.917264
17 1 4 69 174 0.823054
17 1 4 69 175 -1
17 2 3 105 140 0.749266
17 2 3 105 141 -1
17 2 3 106 140 -1
17 2 3 106 141 0.987845
17 2 4 105 174 -1
17 2 4 105 175 0.825529
17 2 4 106 174 0.824382
17 2 4 106 175 -1
17 3 4 140 174 0.274498
17 3 4 140 175 0.36449
17 3 4 141 174 0.374926
17 3 4 141 175 0.255312
18 0 1 32 70 0.756227
18 0 1 32 71 -1
18 0 1 33 70 0.243773
18 0 1 33 71 0.0827791
18 0 2 32 107 0.848062
18 0 2 32 108 -1
18 0 2 33 107 -1
18 0 2 33 108 0.608274
18 0 3 32 142 -1
18 0 3 32 143 0.733454
18 0 3 33 142 0.971774
18 0 3 33 143 -1
18 0 4 32 176 -1
18 0 4 32 177 0.74846
18 0 4 33 176 0.38681
18 0 4 33 177 -1
18 1 2 70 107 0.861643
18 1 2 70 108 -1
18 1 2 71 107 -1
18 1 2 71 108 0.834103
18 1 3 70 142 -1
18 1 3 70 143 0.892078
18 1 3 71 142 0.731778
18 1 3 71 143 -1
18 1 4 70 176 -1
18 1 4 70 177 0.728705
18 1 4 71 176 0.837682
18 1 4 71 177 -1
18 2 3 107 142 -1
18 2 3 107 143 0.883733
18 2 3 108 142 0.815
18 2 3 108 143 -1
18 2 4 107 176 0.290098
18 2 4 107 177 0.295747
18 2 4 108 176 0.29657
18 2 4 108 177 0.289168
18 3 4 142 176 0.923589
18 3 4 142 177 -1
18 3 4 143 176 -1
18 3 4 143 177 0.977663
end of Frame 63
