J OverallIdx viewIdx joint种类0-18(jointIdx) 该joint在图中的顺序(candidix) x y score
0 0 0 0 372.989 379.502 0.68353
1 0 0 1 886.253 402.76 0.728605
2 0 0 2 277.634 413.298 0.575228
3 0 0 3 600.139 506.083 0.438615
4 0 1 0 594.438 196.081 0.875857
5 0 1 1 258.005 208.77 0.571165
6 0 1 2 370.285 223.473 0.837686
7 0 1 3 888.94 225.575 0.883102
8 0 2 0 333.734 379.542 0.599937
9 0 2 1 849.775 402.751 0.670282
10 0 2 2 280.514 413.278 0.538543
11 0 2 3 667.431 508.198 0.436389
12 0 3 0 414.973 379.567 0.728805
13 0 3 1 925.433 402.743 0.672105
14 0 3 2 263.658 413.285 0.445801
15 0 3 3 530.104 499.78 0.434865
16 0 4 0 325.396 141.279 0.821927
17 0 4 1 367.367 153.915 0.826021
18 0 4 2 844.098 172.883 0.888935
19 0 5 0 684.346 187.685 0.793048
20 0 5 1 257.871 210.845 0.83636
21 0 5 2 325.418 221.417 0.681471
22 0 5 3 841.279 227.662 0.906968
23 0 6 0 266.392 204.553 0.36265
24 0 6 1 501.902 208.703 0.768853
25 0 6 2 417.776 223.465 0.821557
26 0 6 3 936.689 219.308 0.797067
27 0 7 0 330.945 514.507 0.591263
28 0 7 1 872.174 537.739 0.696325
29 0 7 2 300.116 565.132 0.684323
30 0 7 3 684.281 716.943 0.726918
31 0 8 0 426.252 504.005 0.653899
32 0 8 1 905.732 546.16 0.790098
33 0 8 2 277.565 567.232 0.601719
34 0 8 3 546.822 697.998 0.450295
35 0 9 0 639.274 122.313 0.895949
36 0 9 1 260.915 128.585 0.908376
37 0 9 2 342.091 145.538 0.372499
38 0 10 0 549.761 120.227 0.888908
39 0 10 1 398.255 143.514 0.722034
40 0 10 2 891.81 156.038 0.856717
41 0 11 0 830.05 314.155 0.788215
42 0 11 1 291.609 331.157 0.813762
43 0 11 2 717.887 333.183 0.760645
44 0 12 0 434.671 299.42 0.272181
45 0 12 1 964.689 312.113 0.818936
46 0 12 2 459.879 373.192 0.803649
47 0 13 0 345.008 632.672 0.820002
48 0 13 1 905.875 659.989 0.720056
49 0 13 2 232.739 738.057 0.552636
50 0 14 0 431.787 632.587 0.688
51 0 14 1 886.091 666.306 0.802669
52 0 14 2 260.887 721.201 0.656013
53 0 15 0 799.378 392.183 0.840837
54 0 15 1 392.53 396.46 0.890879
55 0 15 2 751.654 495.558 0.787757
56 0 16 0 322.475 225.586 0.158878
57 0 16 1 956.323 396.505 0.887975
58 0 16 2 462.669 497.553 0.831752
59 0 17 0 417.888 655.82 0.542721
60 0 17 1 835.639 674.751 0.48393
61 0 17 2 888.996 729.555 0.412463
62 0 17 3 333.765 742.256 0.751261
63 0 18 0 353.426 666.381 0.689902
64 0 18 1 841.393 678.967 0.202908
65 0 18 2 886.256 719.104 0.273979
66 0 18 3 305.675 750.793 0.214198
67 1 0 0 462.766 375.349 0.713847
68 1 0 1 751.405 377.374 0.771959
69 1 0 2 552.402 396.371 0.709203
70 1 0 3 931.155 402.756 0.723733
71 1 1 0 459.92 229.801 0.832201
72 1 1 1 549.568 240.427 0.894559
73 1 1 2 925.415 244.691 0.874868
74 1 1 3 748.751 261.36 0.880513
75 1 2 0 440.279 377.414 0.743614
76 1 2 1 726.298 377.373 0.753509
77 1 2 2 586.119 396.378 0.678767
78 1 2 3 956.367 400.644 0.676954
79 1 3 0 773.938 375.354 0.766128
80 1 3 1 501.98 379.549 0.670733
81 1 3 2 908.643 406.967 0.712054
82 1 4 0 597.366 177.211 0.577483
83 1 4 1 482.201 191.86 0.900432
84 1 4 2 731.974 215.072 0.655228
85 1 4 3 841.304 227.674 0.944077
86 1 5 0 434.555 231.996 0.839084
87 1 5 1 594.38 240.357 0.85356
88 1 5 2 961.851 242.481 0.819386
89 1 5 3 706.8 261.379 0.865303
90 1 6 0 501.988 236.138 0.864513
91 1 6 1 883.382 248.812 0.841017
92 1 6 2 782.424 261.365 0.846631
93 1 7 0 729.225 461.805 0.77588
94 1 7 1 437.41 484.998 0.851766
95 1 7 2 911.516 529.239 0.730442
96 1 7 3 597.457 529.22 0.781346
97 1 8 0 773.988 463.901 0.815137
98 1 8 1 504.714 482.934 0.827377
99 1 8 2 543.937 522.973 0.645251
100 1 8 3 928.173 537.716 0.732536
101 1 9 0 575.003 174.953 0.876408
102 1 9 1 443.083 181.348 0.865551
103 1 9 2 723.511 213.004 0.159208
104 1 10 0 863.767 200.351 0.885695
105 1 10 1 765.596 212.938 0.745447
106 1 11 0 437.48 299.486 0.800339
107 1 11 1 687.095 314.157 0.626502
108 1 11 2 1001.12 316.372 0.865887
109 1 11 3 633.74 331.037 0.860531
110 1 12 0 796.506 312.19 0.891562
111 1 12 1 482.448 328.96 0.963607
112 1 12 2 863.602 345.756 0.886608
113 1 13 0 732.029 544.022 0.606397
114 1 13 1 434.564 596.694 0.821418
115 1 13 2 897.436 617.834 0.776169
116 1 13 3 597.253 651.648 0.769995
117 1 14 0 771.206 546.182 0.787791
118 1 14 1 485.181 581.953 0.859158
119 1 14 2 546.82 649.398 0.81911
120 1 14 3 933.788 666.453 0.800381
121 1 15 0 482.323 246.812 0.893588
122 1 15 1 667.443 377.451 0.859068
123 1 15 2 1029.2 396.509 0.835412
124 1 16 0 799.307 364.782 0.906115
125 1 16 1 524.422 366.899 0.687672
126 1 16 2 830.073 419.655 0.813563
127 1 17 0 793.54 571.487 0.717751
128 1 17 1 507.645 590.412 0.435821
129 1 17 2 563.674 647.348 0.269351
130 1 17 3 872.163 668.548 0.771247
131 1 18 0 748.703 565.084 0.377755
132 1 18 1 462.769 611.554 0.73384
133 1 18 2 855.306 615.811 0.634157
134 1 18 3 614.047 653.718 0.478579
135 2 0 0 457.136 147.641 0.753304
136 2 0 1 838.415 295.315 0.759569
137 2 0 2 372.92 352.145 0.627786
138 2 0 3 639.358 398.595 0.765241
139 2 1 0 459.792 31.6407 0.867336
140 2 1 1 863.723 164.462 0.721704
141 2 1 2 367.264 183.449 0.769921
142 2 1 3 656.174 248.888 0.843643
143 2 2 0 434.652 153.946 0.700848
144 2 2 1 818.868 293.05 0.731667
145 2 2 2 392.528 360.571 0.648317
146 2 2 3 675.854 398.602 0.693772
147 2 3 0 479.598 145.491 0.75678
148 2 3 1 846.986 303.664 0.73016
149 2 3 2 353.308 345.794 0.567721
150 2 3 3 600.161 398.602 0.704882
151 2 4 0 437.63 134.938 0.901914
152 2 4 1 796.563 141.286 0.907646
153 2 5 0 423.427 40.0903 0.821891
154 2 5 1 860.995 143.403 0.577641
155 2 5 2 386.941 198.228 0.703066
156 2 5 3 706.793 246.784 0.89944
157 2 6 0 490.751 25.3168 0.844906
158 2 6 1 344.835 172.862 0.691147
159 2 6 2 863.727 181.341 0.813854
160 2 6 3 597.268 250.949 0.85012
161 2 7 0 431.876 234.099 0.795673
162 2 7 1 776.866 360.504 0.837285
163 2 7 2 389.846 478.61 0.787518
164 2 7 3 661.734 497.739 0.876594
165 2 8 0 490.823 229.809 0.794828
166 2 8 1 838.542 387.99 0.819737
167 2 8 2 389.852 430.2 0.344786
168 2 8 3 597.26 512.334 0.860201
169 2 9 0 389.878 130.789 0.869032
170 2 9 1 687.011 177.092 0.777896
171 2 10 0 838.458 124.333 0.867292
172 2 10 1 619.755 174.944 0.733076
173 2 11 0 423.434 105.403 0.37786
174 2 11 1 417.811 305.773 0.805991
175 2 11 2 706.526 328.987 0.88452
176 2 12 0 493.534 80.1755 0.796748
177 2 12 1 846.927 265.686 0.850014
178 2 12 2 569.314 345.803 0.776963
179 2 13 0 429.071 310.01 0.420584
180 2 13 1 748.715 417.582 0.842201
181 2 13 2 372.983 577.796 0.847495
182 2 13 3 667.476 600.968 0.794558
183 2 14 0 482.446 314.283 0.860687
184 2 14 1 827.299 465.972 0.825867
185 2 14 2 392.643 497.71 0.592462
186 2 14 3 600.135 611.501 0.813504
187 2 15 0 415.081 172.894 0.478159
188 2 15 1 479.552 229.918 0.818043
189 2 15 2 684.42 390.101 0.533701
190 2 16 0 507.543 139.124 0.86928
191 2 16 1 816.031 328.873 0.855124
192 2 16 2 569.353 381.648 0.525476
193 2 17 0 507.531 341.573 0.629873
194 2 17 1 785.232 480.897 0.775746
195 2 17 2 415.168 506.12 0.574205
196 2 17 3 600.16 600.941 0.467986
197 2 18 0 720.749 421.717 0.524496
198 2 18 1 420.645 569.352 0.754286
199 2 18 2 656.155 594.667 0.439103
200 3 0 0 529.989 299.442 0.574433
201 3 0 1 123.401 345.901 0.805018
202 3 0 2 591.599 354.287 0.595997
203 3 0 3 395.363 383.778 0.648137
204 3 1 0 373.036 189.741 0.842185
205 3 1 1 597.353 191.906 0.781737
206 3 1 2 527.346 193.929 0.871577
207 3 1 3 103.744 198.252 0.823839
208 3 2 0 507.609 299.472 0.607895
209 3 2 1 103.797 350.011 0.734506
210 3 2 2 594.457 354.256 0.47705
211 3 2 3 437.513 381.696 0.651179
212 3 3 0 549.797 299.43 0.560638
213 3 3 1 143.018 345.783 0.786588
214 3 3 2 583.267 356.359 0.612764
215 3 3 3 350.64 388.013 0.629691
216 3 4 0 543.926 134.972 0.254679
217 3 4 1 154.285 158.202 0.87541
218 3 4 2 507.521 162.459 0.689484
219 3 5 0 437.496 181.343 0.830307
220 3 5 1 616.995 189.786 0.717404
221 3 5 2 501.831 194.026 0.822264
222 3 5 3 84.2163 202.427 0.797075
223 3 6 0 311.343 193.9 0.830492
224 3 6 1 123.381 196.191 0.758472
225 3 6 2 572.154 193.922 0.901988
226 3 7 0 507.715 411.145 0.35867
227 3 7 1 112.134 447.135 0.765783
228 3 7 2 594.539 472.347 0.701953
229 3 7 3 434.661 531.397 0.797392
230 3 8 0 546.768 398.535 0.180087
231 3 8 1 173.825 436.477 0.824717
232 3 8 2 577.757 476.588 0.716931
233 3 8 3 361.745 522.923 0.761055
234 3 9 0 415.169 107.526 0.869113
235 3 9 1 112.2 145.528 0.844285
236 3 10 0 347.677 107.458 0.740102
237 3 10 1 566.415 126.609 0.8378
238 3 11 0 78.6487 282.628 0.870148
239 3 11 1 476.722 280.422 0.747284
240 3 12 0 126.252 278.295 0.403192
241 3 12 1 591.673 297.31 0.815159
242 3 12 2 302.782 305.794 0.812622
243 3 13 0 501.904 480.825 0.190101
244 3 13 1 101.025 529.245 0.576575
245 3 13 2 642.154 581.988 0.820494
246 3 13 3 429.066 683.248 0.672734
247 3 14 0 168.254 529.213 0.76456
248 3 14 1 605.712 596.724 0.785025
249 3 14 2 353.391 653.729 0.730172
250 3 15 0 530.119 314.249 0.583908
251 3 15 1 112.17 352.13 0.827099
252 3 16 0 148.7 328.918 0.81794
253 3 16 1 546.764 347.9 0.813551
254 3 16 2 314.103 398.589 0.785456
255 3 17 0 210.255 537.693 0.340093
256 3 17 1 552.52 600.978 0.842785
257 3 17 2 367.33 676.858 0.439287
258 3 18 0 448.732 670.571 0.623787
259 4 0 0 370.119 286.801 0.735601
260 4 0 1 664.621 291.008 0.766611
261 4 0 2 807.696 316.304 0.599271
262 4 0 3 176.636 392.235 0.51385
263 4 1 0 821.659 115.961 0.720649
264 4 1 1 168.383 137.018 0.80689
265 4 1 2 684.251 141.185 0.898567
266 4 1 3 370.334 147.667 0.891886
267 4 2 0 342.069 284.703 0.68931
268 4 2 1 639.461 288.865 0.762875
269 4 2 2 832.843 314.171 0.549946
270 4 2 3 215.925 394.328 0.498625
271 4 3 0 395.482 288.853 0.688662
272 4 3 1 689.86 293.111 0.724054
273 4 3 2 787.99 320.517 0.559994
274 4 3 3 134.628 390.131 0.488814
275 4 4 0 639.513 78.0315 0.921887
276 4 4 1 395.37 120.159 0.821099
277 4 5 0 844.085 109.7 0.699091
278 4 5 1 235.685 139.194 0.781242
279 4 5 2 642.304 137.073 0.838319
280 4 5 3 328.093 145.562 0.878716
281 4 6 0 799.369 124.343 0.774922
282 4 6 1 101.035 130.789 0.806957
283 4 6 2 726.233 141.307 0.861053
284 4 6 3 415.129 151.862 0.854812
285 4 7 0 347.694 394.247 0.828676
286 4 7 1 636.504 396.497 0.827912
287 4 7 2 818.865 459.722 0.823431
288 4 7 3 213.016 613.64 0.731614
289 4 8 0 389.881 387.991 0.750875
290 4 8 1 692.703 406.948 0.755388
291 4 8 2 732.057 463.953 0.840037
292 4 8 3 213.098 594.66 0.380067
293 4 9 0 235.712 44.3493 0.886664
294 4 9 1 361.757 107.59 0.805145
295 4 10 0 773.843 40.0993 0.862655
296 4 10 1 686.999 73.8553 0.928998
297 4 11 0 302.928 212.986 0.884365
298 4 11 1 617.067 217.238 0.912974
299 4 11 2 277.566 288.848 0.794881
300 4 12 0 437.324 213.026 0.820459
301 4 12 1 751.476 217.209 0.848979
302 4 12 2 796.415 240.384 0.652223
303 4 13 0 350.602 493.455 0.578674
304 4 13 1 642.316 491.352 0.823798
305 4 13 2 821.626 596.769 0.788727
306 4 13 3 196.259 763.309 0.60469
307 4 14 0 392.493 474.454 0.673076
308 4 14 1 684.363 508.181 0.826964
309 4 14 2 748.745 617.864 0.782866
310 4 14 3 235.451 744.335 0.6338
311 4 15 0 571.967 267.801 0.870714
312 4 15 1 302.738 278.311 0.597211
313 4 15 2 319.626 396.346 0.741781
314 4 16 0 440.318 272.017 0.519885
315 4 16 1 706.685 278.288 0.930287
316 4 16 2 762.753 347.914 0.767872
317 4 17 0 415.077 499.755 0.71464
318 4 17 1 642.313 533.491 0.729966
319 4 17 2 681.448 632.572 0.811141
320 4 17 3 283.222 744.36 0.634074
321 4 18 0 628.153 525.069 0.805015
322 4 18 1 364.515 531.447 0.541989
323 4 18 2 779.571 592.54 0.448596
P viewIdx, pafIdx, aOverAllIdx, bOverAllIdx, CandidAIdx, CandidBIdx, score
0 0 4 0 0 0 0
0 0 4 1 0 1 0
0 0 4 2 0 2 0
0 0 4 3 0 3 0.985757
0 0 5 0 1 0 0
0 0 5 1 1 1 0
0 0 5 2 1 2 0.932442
0 0 5 3 1 3 0
0 0 6 0 2 0 0.982303
0 0 6 1 2 1 0
0 0 6 2 2 2 0
0 0 6 3 2 3 0
0 0 7 0 3 0 0
0 0 7 1 3 1 0.997268
0 0 7 2 3 2 0
0 0 7 3 3 3 0
0 1 8 27 0 0 0.266291
0 1 8 28 0 1 0
0 1 8 29 0 2 0.264246
0 1 8 30 0 3 0
0 1 9 27 1 0 0
0 1 9 28 1 1 0.982779
0 1 9 29 1 2 0
0 1 9 30 1 3 0
0 1 10 27 2 0 0.264237
0 1 10 28 2 1 0
0 1 10 29 2 2 0.266299
0 1 10 30 2 3 0
0 1 11 27 3 0 0
0 1 11 28 3 1 0
0 1 11 29 3 2 0
0 1 11 30 3 3 0.973803
0 2 27 47 0 0 0.26555
0 2 27 48 0 1 0
0 2 27 49 0 2 0.260395
0 2 28 47 1 0 0
0 2 28 48 1 1 0.979477
0 2 28 49 1 2 0
0 2 29 47 2 0 0.260295
0 2 29 48 2 1 0
0 2 29 49 2 2 0.265628
0 2 30 47 3 0 0
0 2 30 48 3 1 0
0 2 30 49 3 2 0
0 3 0 8 0 0 0.920926
0 3 0 9 0 1 0
0 3 0 10 0 2 0
0 3 0 11 0 3 0
0 3 1 8 1 0 0
0 3 1 9 1 1 0.914126
0 3 1 10 1 2 0
0 3 1 11 1 3 0
0 3 2 8 2 0 0
0 3 2 9 2 1 0
0 3 2 10 2 2 0.752651
0 3 2 11 2 3 0
0 3 3 8 3 0 0
0 3 3 9 3 1 0
0 3 3 10 3 2 0
0 3 3 11 3 3 0.843201
0 4 0 12 0 0 0.943061
0 4 0 13 0 1 0
0 4 0 14 0 2 0
0 4 0 15 0 3 0
0 4 1 12 1 0 0
0 4 1 13 1 1 0.917146
0 4 1 14 1 2 0
0 4 1 15 1 3 0
0 4 2 12 2 0 0
0 4 2 13 2 1 0
0 4 2 14 2 2 0.760078
0 4 2 15 2 3 0
0 4 3 12 3 0 0
0 4 3 13 3 1 0
0 4 3 14 3 2 0
0 4 3 15 3 3 0.837266
0 5 12 31 0 0 0.985103
0 5 12 32 0 1 0
0 5 12 33 0 2 0
0 5 12 34 0 3 0
0 5 13 31 1 0 0
0 5 13 32 1 1 0.992823
0 5 13 33 1 2 0
0 5 13 34 1 3 0
0 5 14 31 2 0 0
0 5 14 32 2 1 0
0 5 14 33 2 2 0.907707
0 5 14 34 2 3 0
0 5 15 31 3 0 0
0 5 15 32 3 1 0
0 5 15 33 3 2 0
0 5 15 34 3 3 0.946044
0 6 31 50 0 0 0.970798
0 6 31 51 0 1 0
0 6 31 52 0 2 0
0 6 32 50 1 0 0
0 6 32 51 1 1 0.998596
0 6 32 52 1 2 0
0 6 33 50 2 0 0
0 6 33 51 2 1 0
0 6 33 52 2 2 0.948806
0 6 34 50 3 0 0
0 6 34 51 3 1 0
0 6 34 52 3 2 0
0 7 4 19 0 0 0.976464
0 7 4 20 0 1 0
0 7 4 21 0 2 0
0 7 4 22 0 3 0
0 7 5 19 1 0 0
0 7 5 20 1 1 0.455776
0 7 5 21 1 2 0
0 7 5 22 1 3 0
0 7 6 19 2 0 0
0 7 6 20 2 1 0.292916
0 7 6 21 2 2 0.526927
0 7 6 22 2 3 0
0 7 7 19 3 0 0
0 7 7 20 3 1 0
0 7 7 21 3 2 0
0 7 7 22 3 3 0.997139
0 8 19 41 0 0 0
0 8 19 42 0 1 0
0 8 19 43 0 2 0.985643
0 8 20 41 1 0 0
0 8 20 42 1 1 0.534134
0 8 20 43 1 2 0
0 8 21 41 2 0 0
0 8 21 42 2 1 0.465866
0 8 21 43 2 2 0
0 8 22 41 3 0 0.978506
0 8 22 42 3 1 0
0 8 22 43 3 2 0
0 9 41 53 0 0 0.51318
0 9 41 54 0 1 0
0 9 41 55 0 2 0.255243
0 9 42 53 1 0 0
0 9 42 54 1 1 0.993606
0 9 42 55 1 2 0
0 9 43 53 2 0 0
0 9 43 54 2 1 0
0 9 43 55 2 2 0.517347
0 10 19 35 0 0 0.998287
0 10 19 36 0 1 0
0 10 19 37 0 2 0
0 10 20 35 1 0 0
0 10 20 36 1 1 0.537817
0 10 20 37 1 2 0
0 10 21 35 2 0 0
0 10 21 36 2 1 0.278771
0 10 21 37 2 2 0.485041
0 10 22 35 3 0 0
0 10 22 36 3 1 0
0 10 22 37 3 2 0
0 11 4 23 0 0 0
0 11 4 24 0 1 0.970703
0 11 4 25 0 2 0
0 11 4 26 0 3 0
0 11 5 23 1 0 0.465947
0 11 5 24 1 1 0
0 11 5 25 1 2 0.28858
0 11 5 26 1 3 0
0 11 6 23 2 0 0
0 11 6 24 2 1 0
0 11 6 25 2 2 0.535065
0 11 6 26 2 3 0
0 11 7 23 3 0 0
0 11 7 24 3 1 0
0 11 7 25 3 2 0
0 11 7 26 3 3 0.981662
0 12 23 44 0 0 0
0 12 23 45 0 1 0
0 12 23 46 0 2 0
0 12 24 44 1 0 0.278595
0 12 24 45 1 1 0
0 12 24 46 1 2 0.296235
0 12 25 44 2 0 0.298042
0 12 25 45 2 1 0
0 12 25 46 2 2 0.27866
0 12 26 44 3 0 0
0 12 26 45 3 1 0.993099
0 12 26 46 3 2 0
0 13 44 56 0 0 0
0 13 44 57 0 1 0
0 13 44 58 0 2 0.475454
0 13 45 56 1 0 0
0 13 45 57 1 1 0.987087
0 13 45 58 1 2 0
0 13 46 56 2 0 0
0 13 46 57 2 1 0
0 13 46 58 2 2 0.524546
0 14 23 38 0 0 0
0 14 23 39 0 1 0
0 14 23 40 0 2 0
0 14 24 38 1 0 0.977595
0 14 24 39 1 1 0
0 14 24 40 1 2 0
0 14 25 38 2 0 0
0 14 25 39 2 1 0.93251
0 14 25 40 2 2 0
0 14 26 38 3 0 0
0 14 26 39 3 1 0
0 14 26 40 3 2 0.994947
0 15 4 16 0 0 0
0 15 4 17 0 1 0
0 15 4 18 0 2 0
0 15 5 16 1 0 0.28713
0 15 5 17 1 1 0.261522
0 15 5 18 1 2 0
0 15 6 16 2 0 0.261109
0 15 6 17 2 1 0.286148
0 15 6 18 2 2 0
0 15 7 16 3 0 0
0 15 7 17 3 1 0
0 15 7 18 3 2 0.99455
0 16 50 59 0 0 0.884655
0 16 50 60 0 1 0
0 16 50 61 0 2 0
0 16 50 62 0 3 0
0 16 51 59 1 0 0
0 16 51 60 1 1 0.521515
0 16 51 61 1 2 0.478485
0 16 51 62 1 3 0
0 16 52 59 2 0 0
0 16 52 60 2 1 0
0 16 52 61 2 2 0
0 16 52 62 2 3 0.97127
0 17 47 63 0 0 0.913278
0 17 47 64 0 1 0
0 17 47 65 0 2 0
0 17 47 66 0 3 0
0 17 48 63 1 0 0
0 17 48 64 1 1 0.508739
0 17 48 65 1 2 0.491261
0 17 48 66 1 3 0
0 17 49 63 2 0 0
0 17 49 64 2 1 0
0 17 49 65 2 2 0
0 17 49 66 2 3 0.848633
1 0 71 67 0 0 0.953434
1 0 71 68 0 1 0
1 0 71 69 0 2 0
1 0 71 70 0 3 0
1 0 72 67 1 0 0
1 0 72 68 1 1 0
1 0 72 69 1 2 0.995426
1 0 72 70 1 3 0
1 0 73 67 2 0 0
1 0 73 68 2 1 0
1 0 73 69 2 2 0
1 0 73 70 2 3 0.985597
1 0 74 67 3 0 0
1 0 74 68 3 1 0.987928
1 0 74 69 3 2 0
1 0 74 70 3 3 0
1 1 75 93 0 0 0
1 1 75 94 0 1 0.992524
1 1 75 95 0 2 0
1 1 75 96 0 3 0
1 1 76 93 1 0 0.984304
1 1 76 94 1 1 0
1 1 76 95 1 2 0
1 1 76 96 1 3 0
1 1 77 93 2 0 0
1 1 77 94 2 1 0
1 1 77 95 2 2 0
1 1 77 96 2 3 0.976655
1 1 78 93 3 0 0
1 1 78 94 3 1 0
1 1 78 95 3 2 0.947439
1 1 78 96 3 3 0
1 2 93 113 0 0 0.95853
1 2 93 114 0 1 0
1 2 93 115 0 2 0
1 2 93 116 0 3 0
1 2 94 113 1 0 0
1 2 94 114 1 1 0.993829
1 2 94 115 1 2 0
1 2 94 116 1 3 0
1 2 95 113 2 0 0
1 2 95 114 2 1 0
1 2 95 115 2 2 0.970825
1 2 95 116 2 3 0
1 2 96 113 3 0 0
1 2 96 114 3 1 0
1 2 96 115 3 2 0
1 2 96 116 3 3 0.999225
1 3 67 75 0 0 0.93964
1 3 67 76 0 1 0
1 3 67 77 0 2 0
1 3 67 78 0 3 0
1 3 68 75 1 0 0
1 3 68 76 1 1 0.966053
1 3 68 77 1 2 0
1 3 68 78 1 3 0
1 3 69 75 2 0 0
1 3 69 76 2 1 0
1 3 69 77 2 2 0.932505
1 3 69 78 2 3 0
1 3 70 75 3 0 0
1 3 70 76 3 1 0
1 3 70 77 3 2 0
1 3 70 78 3 3 0.918742
1 4 67 79 0 0 0
1 4 67 80 0 1 0.925343
1 4 67 81 0 2 0
1 4 68 79 1 0 0.956525
1 4 68 80 1 1 0
1 4 68 81 1 2 0
1 4 69 79 2 0 0
1 4 69 80 2 1 0
1 4 69 81 2 2 0
1 4 70 79 3 0 0
1 4 70 80 3 1 0
1 4 70 81 3 2 0.919775
1 5 79 97 0 0 0.995449
1 5 79 98 0 1 0
1 5 79 99 0 2 0
1 5 79 100 0 3 0
1 5 80 97 1 0 0
1 5 80 98 1 1 0.501463
1 5 80 99 1 2 0.498537
1 5 80 100 1 3 0
1 5 81 97 2 0 0
1 5 81 98 2 1 0
1 5 81 99 2 2 0
1 5 81 100 2 3 0.983949
1 6 97 117 0 0 0.985162
1 6 97 118 0 1 0
1 6 97 119 0 2 0
1 6 97 120 0 3 0
1 6 98 117 1 0 0
1 6 98 118 1 1 0.267205
1 6 98 119 1 2 0.253677
1 6 98 120 1 3 0
1 6 99 117 2 0 0
1 6 99 118 2 1 0.253664
1 6 99 119 2 2 0.267066
1 6 99 120 2 3 0
1 6 100 117 3 0 0
1 6 100 118 3 1 0
1 6 100 119 3 2 0
1 6 100 120 3 3 0.998238
1 7 71 86 0 0 0.971084
1 7 71 87 0 1 0
1 7 71 88 0 2 0
1 7 71 89 0 3 0
1 7 72 86 1 0 0
1 7 72 87 1 1 0.986524
1 7 72 88 1 2 0
1 7 72 89 1 3 0
1 7 73 86 2 0 0
1 7 73 87 2 1 0
1 7 73 88 2 2 0.989315
1 7 73 89 2 3 0
1 7 74 86 3 0 0
1 7 74 87 3 1 0
1 7 74 88 3 2 0
1 7 74 89 3 3 0.996085
1 8 86 106 0 0 0.995165
1 8 86 107 0 1 0
1 8 86 108 0 2 0
1 8 86 109 0 3 0
1 8 87 106 1 0 0
1 8 87 107 1 1 0
1 8 87 108 1 2 0
1 8 87 109 1 3 0.99061
1 8 88 106 2 0 0
1 8 88 107 2 1 0
1 8 88 108 2 2 0.994774
1 8 88 109 2 3 0
1 8 89 106 3 0 0
1 8 89 107 3 1 0.934303
1 8 89 108 3 2 0
1 8 89 109 3 3 0
1 9 106 121 0 0 0.949894
1 9 106 122 0 1 0
1 9 106 123 0 2 0
1 9 107 121 1 0 0
1 9 107 122 1 1 0.476709
1 9 107 123 1 2 0
1 9 108 121 2 0 0
1 9 108 122 2 1 0
1 9 108 123 2 2 0.994911
1 9 109 121 3 0 0
1 9 109 122 3 1 0.518943
1 9 109 123 3 2 0
1 10 86 101 0 0 0
1 10 86 102 0 1 0.998712
1 10 86 103 0 2 0
1 10 87 101 1 0 0.983877
1 10 87 102 1 1 0
1 10 87 103 1 2 0
1 10 88 101 2 0 0
1 10 88 102 2 1 0
1 10 88 103 2 2 0
1 10 89 101 3 0 0
1 10 89 102 3 1 0
1 10 89 103 3 2 0.718461
1 11 71 90 0 0 0.499827
1 11 71 91 0 1 0
1 11 71 92 0 2 0
1 11 72 90 1 0 0.500173
1 11 72 91 1 1 0
1 11 72 92 1 2 0
1 11 73 90 2 0 0
1 11 73 91 2 1 0.986292
1 11 73 92 2 2 0
1 11 74 90 3 0 0
1 11 74 91 3 1 0
1 11 74 92 3 2 0.99314
1 12 90 110 0 0 0
1 12 90 111 0 1 0.958556
1 12 90 112 0 2 0
1 12 91 110 1 0 0
1 12 91 111 1 1 0
1 12 91 112 1 2 0.992953
1 12 92 110 2 0 0.979413
1 12 92 111 2 1 0
1 12 92 112 2 2 0
1 13 110 124 0 0 0.290664
1 13 110 125 0 1 0
1 13 110 126 0 2 0.250882
1 13 111 124 1 0 0
1 13 111 125 1 1 0.988675
1 13 111 126 1 2 0
1 13 112 124 2 0 0.247181
1 13 112 125 2 1 0
1 13 112 126 2 2 0.291128
1 14 90 104 0 0 0
1 14 90 105 0 1 0
1 14 91 104 1 0 0.998788
1 14 91 105 1 1 0
1 14 92 104 2 0 0
1 14 92 105 2 1 0.965195
1 15 71 82 0 0 0
1 15 71 83 0 1 0.964809
1 15 71 84 0 2 0
1 15 71 85 0 3 0
1 15 72 82 1 0 0.836348
1 15 72 83 1 1 0
1 15 72 84 1 2 0
1 15 72 85 1 3 0
1 15 73 82 2 0 0
1 15 73 83 2 1 0
1 15 73 84 2 2 0
1 15 73 85 2 3 0.989094
1 15 74 82 3 0 0
1 15 74 83 3 1 0
1 15 74 84 3 2 0.939682
1 15 74 85 3 3 0
1 16 117 127 0 0 0.975237
1 16 117 128 0 1 0
1 16 117 129 0 2 0
1 16 117 130 0 3 0
1 16 118 127 1 0 0
1 16 118 128 1 1 0.873692
1 16 118 129 1 2 0
1 16 118 130 1 3 0
1 16 119 127 2 0 0
1 16 119 128 2 1 0
1 16 119 129 2 2 0.807597
1 16 119 130 2 3 0
1 16 120 127 3 0 0
1 16 120 128 3 1 0
1 16 120 129 3 2 0
1 16 120 130 3 3 0.934529
1 17 113 131 0 0 0.881865
1 17 113 132 0 1 0
1 17 113 133 0 2 0
1 17 113 134 0 3 0
1 17 114 131 1 0 0
1 17 114 132 1 1 0.976523
1 17 114 133 1 2 0
1 17 114 134 1 3 0
1 17 115 131 2 0 0
1 17 115 132 2 1 0
1 17 115 133 2 2 0.960689
1 17 115 134 2 3 0
1 17 116 131 3 0 0
1 17 116 132 3 1 0
1 17 116 133 3 2 0
1 17 116 134 3 3 0
2 0 139 135 0 0 0.990037
2 0 139 136 0 1 0
2 0 139 137 0 2 0
2 0 139 138 0 3 0
2 0 140 135 1 0 0
2 0 140 136 1 1 0.960719
2 0 140 137 1 2 0
2 0 140 138 1 3 0
2 0 141 135 2 0 0
2 0 141 136 2 1 0
2 0 141 137 2 2 0.987245
2 0 141 138 2 3 0
2 0 142 135 3 0 0
2 0 142 136 3 1 0
2 0 142 137 3 2 0
2 0 142 138 3 3 0.998489
2 1 143 161 0 0 0.975648
2 1 143 162 0 1 0
2 1 143 163 0 2 0
2 1 143 164 0 3 0
2 1 144 161 1 0 0
2 1 144 162 1 1 0.974376
2 1 144 163 1 2 0
2 1 144 164 1 3 0
2 1 145 161 2 0 0
2 1 145 162 2 1 0
2 1 145 163 2 2 0.987412
2 1 145 164 2 3 0
2 1 146 161 3 0 0
2 1 146 162 3 1 0
2 1 146 163 3 2 0
2 1 146 164 3 3 0.999736
2 2 161 179 0 0 0.920136
2 2 161 180 0 1 0
2 2 161 181 0 2 0
2 2 161 182 0 3 0
2 2 162 179 1 0 0
2 2 162 180 1 1 0.977524
2 2 162 181 1 2 0
2 2 162 182 1 3 0
2 2 163 179 2 0 0
2 2 163 180 2 1 0
2 2 163 181 2 2 0.99562
2 2 163 182 2 3 0
2 2 164 179 3 0 0
2 2 164 180 3 1 0
2 2 164 181 3 2 0
2 2 164 182 3 3 0.997003
2 3 135 143 0 0 0.92143
2 3 135 144 0 1 0
2 3 135 145 0 2 0
2 3 135 146 0 3 0
2 3 136 143 1 0 0
2 3 136 144 1 1 0.932433
2 3 136 145 1 2 0
2 3 136 146 1 3 0
2 3 137 143 2 0 0
2 3 137 144 2 1 0
2 3 137 145 2 2 0.918496
2 3 137 146 2 3 0
2 3 138 143 3 0 0
2 3 138 144 3 1 0
2 3 138 145 3 2 0
2 3 138 146 3 3 0.924645
2 4 135 147 0 0 0.935424
2 4 135 148 0 1 0
2 4 135 149 0 2 0
2 4 135 150 0 3 0
2 4 136 147 1 0 0
2 4 136 148 1 1 0.929214
2 4 136 149 1 2 0
2 4 136 150 1 3 0
2 4 137 147 2 0 0
2 4 137 148 2 1 0
2 4 137 149 2 2 0.904824
2 4 137 150 2 3 0
2 4 138 147 3 0 0
2 4 138 148 3 1 0
2 4 138 149 3 2 0
2 4 138 150 3 3 0.924141
2 5 147 165 0 0 0.991445
2 5 147 166 0 1 0
2 5 147 167 0 2 0
2 5 147 168 0 3 0
2 5 148 165 1 0 0
2 5 148 166 1 1 0.978982
2 5 148 167 1 2 0
2 5 148 168 1 3 0
2 5 149 165 2 0 0
2 5 149 166 2 1 0
2 5 149 167 2 2 0.886565
2 5 149 168 2 3 0
2 5 150 165 3 0 0
2 5 150 166 3 1 0
2 5 150 167 3 2 0
2 5 150 168 3 3 0.993282
2 6 165 183 0 0 0.986645
2 6 165 184 0 1 0
2 6 165 185 0 2 0
2 6 165 186 0 3 0
2 6 166 183 1 0 0
2 6 166 184 1 1 0.963973
2 6 166 185 1 2 0
2 6 166 186 1 3 0
2 6 167 183 2 0 0
2 6 167 184 2 1 0
2 6 167 185 2 2 0.88984
2 6 167 186 2 3 0
2 6 168 183 3 0 0
2 6 168 184 3 1 0
2 6 168 185 3 2 0
2 6 168 186 3 3 0.996067
2 7 139 153 0 0 0.975151
2 7 139 154 0 1 0
2 7 139 155 0 2 0
2 7 139 156 0 3 0
2 7 140 153 1 0 0
2 7 140 154 1 1 0.924942
2 7 140 155 1 2 0
2 7 140 156 1 3 0
2 7 141 153 2 0 0
2 7 141 154 2 1 0
2 7 141 155 2 2 0.972832
2 7 141 156 2 3 0
2 7 142 153 3 0 0
2 7 142 154 3 1 0
2 7 142 155 3 2 0
2 7 142 156 3 3 0.988096
2 8 153 173 0 0 0.892052
2 8 153 174 0 1 0
2 8 153 175 0 2 0
2 8 154 173 1 0 0
2 8 154 174 1 1 0
2 8 154 175 1 2 0
2 8 155 173 2 0 0
2 8 155 174 2 1 0.993025
2 8 155 175 2 2 0
2 8 156 173 3 0 0
2 8 156 174 3 1 0
2 8 156 175 3 2 0.992106
2 9 173 187 0 0 0.774048
2 9 173 188 0 1 0
2 9 173 189 0 2 0
2 9 174 187 1 0 0
2 9 174 188 1 1 0.97562
2 9 174 189 1 2 0
2 9 175 187 2 0 0
2 9 175 188 2 1 0
2 9 175 189 2 2 0.908824
2 10 153 169 0 0 0
2 10 153 170 0 1 0
2 10 154 169 1 0 0
2 10 154 170 1 1 0
2 10 155 169 2 0 0.993244
2 10 155 170 2 1 0
2 10 156 169 3 0 0
2 10 156 170 3 1 0.968732
2 11 139 157 0 0 0.982219
2 11 139 158 0 1 0
2 11 139 159 0 2 0
2 11 139 160 0 3 0
2 11 140 157 1 0 0
2 11 140 158 1 1 0
2 11 140 159 1 2 0.946925
2 11 140 160 1 3 0
2 11 141 157 2 0 0
2 11 141 158 2 1 0.960566
2 11 141 159 2 2 0
2 11 141 160 2 3 0
2 11 142 157 3 0 0
2 11 142 158 3 1 0
2 11 142 159 3 2 0
2 11 142 160 3 3 0.97968
2 12 157 176 0 0 0.999588
2 12 157 177 0 1 0
2 12 157 178 0 2 0
2 12 158 176 1 0 0
2 12 158 177 1 1 0
2 12 158 178 1 2 0
2 12 159 176 2 0 0
2 12 159 177 2 1 0.95853
2 12 159 178 2 2 0
2 12 160 176 3 0 0
2 12 160 177 3 1 0
2 12 160 178 3 2 0.976167
2 13 176 190 0 0 0.998013
2 13 176 191 0 1 0
2 13 176 192 0 2 0
2 13 177 190 1 0 0
2 13 177 191 1 1 0.977557
2 13 177 192 1 2 0
2 13 178 190 2 0 0
2 13 178 191 2 1 0
2 13 178 192 2 2 0.942461
2 14 157 171 0 0 0
2 14 157 172 0 1 0
2 14 158 171 1 0 0
2 14 158 172 1 1 0
2 14 159 171 2 0 0.993509
2 14 159 172 2 1 0
2 14 160 171 3 0 0
2 14 160 172 3 1 0.971636
2 15 139 151 0 0 0
2 15 139 152 0 1 0
2 15 140 151 1 0 0
2 15 140 152 1 1 0.982699
2 15 141 151 2 0 0.949226
2 15 141 152 2 1 0
2 15 142 151 3 0 0
2 15 142 152 3 1 0
2 16 183 193 0 0 0.970476
2 16 183 194 0 1 0
2 16 183 195 0 2 0
2 16 183 196 0 3 0
2 16 184 193 1 0 0
2 16 184 194 1 1 0.967426
2 16 184 195 1 2 0
2 16 184 196 1 3 0
2 16 185 193 2 0 0
2 16 185 194 2 1 0
2 16 185 195 2 2 0.848759
2 16 185 196 2 3 0
2 16 186 193 3 0 0
2 16 186 194 3 1 0
2 16 186 195 3 2 0
2 16 186 196 3 3 0.683105
2 17 179 197 0 0 0
2 17 179 198 0 1 0
2 17 179 199 0 2 0
2 17 180 197 1 0 0.942604
2 17 180 198 1 1 0
2 17 180 199 1 2 0
2 17 181 197 2 0 0
2 17 181 198 2 1 0.955
2 17 181 199 2 2 0
2 17 182 197 3 0 0
2 17 182 198 3 1 0
2 17 182 199 3 2 0.787411
3 0 204 200 0 0 0
3 0 204 201 0 1 0
3 0 204 202 0 2 0
3 0 204 203 0 3 0.979804
3 0 205 200 1 0 0.261888
3 0 205 201 1 1 0
3 0 205 202 1 2 0.287962
3 0 205 203 1 3 0
3 0 206 200 2 0 0.288211
3 0 206 201 2 1 0
3 0 206 202 2 2 0.262448
3 0 206 203 2 3 0
3 0 207 200 3 0 0
3 0 207 201 3 1 0.975014
3 0 207 202 3 2 0
3 0 207 203 3 3 0
3 1 208 226 0 0 0.209679
3 1 208 227 0 1 0
3 1 208 228 0 2 0.182542
3 1 208 229 0 3 0.181873
3 1 209 226 1 0 0
3 1 209 227 1 1 0.96467
3 1 209 228 1 2 0
3 1 209 229 1 3 0
3 1 210 226 2 0 0.272757
3 1 210 227 2 1 0
3 1 210 228 2 2 0.314131
3 1 210 229 2 3 0
3 1 211 226 3 0 0
3 1 211 227 3 1 0
3 1 211 228 3 2 0
3 1 211 229 3 3 0.531959
3 2 226 243 0 0 0.817481
3 2 226 244 0 1 0
3 2 226 245 0 2 0
3 2 226 246 0 3 0
3 2 227 243 1 0 0
3 2 227 244 1 1 0.943159
3 2 227 245 1 2 0
3 2 227 246 1 3 0
3 2 228 243 2 0 0
3 2 228 244 2 1 0
3 2 228 245 2 2 0.980792
3 2 228 246 2 3 0
3 2 229 243 3 0 0
3 2 229 244 3 1 0
3 2 229 245 3 2 0
3 2 229 246 3 3 0.990113
3 3 200 208 0 0 0.891471
3 3 200 209 0 1 0
3 3 200 210 0 2 0
3 3 200 211 0 3 0
3 3 201 208 1 0 0
3 3 201 209 1 1 0.950384
3 3 201 210 1 2 0
3 3 201 211 1 3 0
3 3 202 208 2 0 0
3 3 202 209 2 1 0
3 3 202 210 2 2 0.760869
3 3 202 211 2 3 0
3 3 203 208 3 0 0
3 3 203 209 3 1 0
3 3 203 210 3 2 0
3 3 203 211 3 3 0.885822
3 4 200 212 0 0 0.887789
3 4 200 213 0 1 0
3 4 200 214 0 2 0
3 4 200 215 0 3 0
3 4 201 212 1 0 0
3 4 201 213 1 1 0.958679
3 4 201 214 1 2 0
3 4 201 215 1 3 0
3 4 202 212 2 0 0
3 4 202 213 2 1 0
3 4 202 214 2 2 0.761724
3 4 202 215 2 3 0
3 4 203 212 3 0 0
3 4 203 213 3 1 0
3 4 203 214 3 2 0
3 4 203 215 3 3 0.892461
3 5 212 230 0 0 0.28183
3 5 212 231 0 1 0
3 5 212 232 0 2 0.285115
3 5 212 233 0 3 0
3 5 213 230 1 0 0
3 5 213 231 1 1 0.999834
3 5 213 232 1 2 0
3 5 213 233 1 3 0
3 5 214 230 2 0 0.285145
3 5 214 231 2 1 0
3 5 214 232 2 2 0.282163
3 5 214 233 2 3 0
3 5 215 230 3 0 0
3 5 215 231 3 1 0
3 5 215 232 3 2 0
3 5 215 233 3 3 0.961083
3 6 230 247 0 0 0
3 6 230 248 0 1 0.478101
3 6 230 249 0 2 0
3 6 231 247 1 0 0.989351
3 6 231 248 1 1 0
3 6 231 249 1 2 0
3 6 232 247 2 0 0
3 6 232 248 2 1 0.521899
3 6 232 249 2 2 0
3 6 233 247 3 0 0
3 6 233 248 3 1 0
3 6 233 249 3 2 0.969298
3 7 204 219 0 0 0.973199
3 7 204 220 0 1 0
3 7 204 221 0 2 0
3 7 204 222 0 3 0
3 7 205 219 1 0 0
3 7 205 220 1 1 0.958543
3 7 205 221 1 2 0
3 7 205 222 1 3 0
3 7 206 219 2 0 0
3 7 206 220 2 1 0
3 7 206 221 2 2 0.988606
3 7 206 222 2 3 0
3 7 207 219 3 0 0
3 7 207 220 3 1 0
3 7 207 221 3 2 0
3 7 207 222 3 3 0.957157
3 8 219 238 0 0 0
3 8 219 239 0 1 0.527265
3 8 220 238 1 0 0
3 8 220 239 1 1 0
3 8 221 238 2 0 0
3 8 221 239 2 1 0.472735
3 8 222 238 3 0 0.991369
3 8 222 239 3 1 0
3 9 238 250 0 0 0
3 9 238 251 0 1 0.991495
3 9 239 250 1 0 0
3 9 239 251 1 1 0
3 10 219 234 0 0 0.984032
3 10 219 235 0 1 0
3 10 220 234 1 0 0
3 10 220 235 1 1 0
3 10 221 234 2 0 0
3 10 221 235 2 1 0
3 10 222 234 3 0 0
3 10 222 235 3 1 0.971134
3 11 204 223 0 0 0.991466
3 11 204 224 0 1 0
3 11 204 225 0 2 0
3 11 205 223 1 0 0
3 11 205 224 1 1 0
3 11 205 225 1 2 0.481453
3 11 206 223 2 0 0
3 11 206 224 2 1 0
3 11 206 225 2 2 0.518547
3 11 207 223 3 0 0
3 11 207 224 3 1 0.955215
3 11 207 225 3 2 0
3 12 223 240 0 0 0
3 12 223 241 0 1 0
3 12 223 242 0 2 0.986131
3 12 224 240 1 0 0.86558
3 12 224 241 1 1 0
3 12 224 242 1 2 0
3 12 225 240 2 0 0
3 12 225 241 2 1 0.968541
3 12 225 242 2 2 0
3 13 240 252 0 0 0.906801
3 13 240 253 0 1 0
3 13 240 254 0 2 0
3 13 241 252 1 0 0
3 13 241 253 1 1 0.972872
3 13 241 254 1 2 0
3 13 242 252 2 0 0
3 13 242 253 2 1 0
3 13 242 254 2 2 0.99601
3 14 223 236 0 0 0.939147
3 14 223 237 0 1 0
3 14 224 236 1 0 0
3 14 224 237 1 1 0
3 14 225 236 2 0 0
3 14 225 237 2 1 0.98107
3 15 204 216 0 0 0
3 15 204 217 0 1 0
3 15 204 218 0 2 0
3 15 205 216 1 0 0.312065
3 15 205 217 1 1 0
3 15 205 218 1 2 0.297532
3 15 206 216 2 0 0.297512
3 15 206 217 2 1 0
3 15 206 218 2 2 0.310363
3 15 207 216 3 0 0
3 15 207 217 3 1 0.941204
3 15 207 218 3 2 0
3 16 247 255 0 0 0.85038
3 16 247 256 0 1 0
3 16 247 257 0 2 0
3 16 248 255 1 0 0
3 16 248 256 1 1 0.996949
3 16 248 257 1 2 0
3 16 249 255 2 0 0
3 16 249 256 2 1 0
3 16 249 257 2 2 0.757054
3 17 243 258 0 0 0
3 17 244 258 1 0 0
3 17 245 258 2 0 0
3 17 246 258 3 0 0.713811
4 0 263 259 0 0 0
4 0 263 260 0 1 0
4 0 263 261 0 2 0.948256
4 0 263 262 0 3 0
4 0 264 259 1 0 0
4 0 264 260 1 1 0
4 0 264 261 1 2 0
4 0 264 262 1 3 0.978889
4 0 265 259 2 0 0
4 0 265 260 2 1 0.972726
4 0 265 261 2 2 0
4 0 265 262 2 3 0
4 0 266 259 3 0 0.993568
4 0 266 260 3 1 0
4 0 266 261 3 2 0
4 0 266 262 3 3 0
4 1 267 285 0 0 0.990463
4 1 267 286 0 1 0
4 1 267 287 0 2 0
4 1 267 288 0 3 0
4 1 268 285 1 0 0
4 1 268 286 1 1 0.992184
4 1 268 287 1 2 0
4 1 268 288 1 3 0
4 1 269 285 2 0 0
4 1 269 286 2 1 0
4 1 269 287 2 2 0.980771
4 1 269 288 2 3 0
4 1 270 285 3 0 0
4 1 270 286 3 1 0
4 1 270 287 3 2 0
4 1 270 288 3 3 0.974976
4 2 285 303 0 0 0.974042
4 2 285 304 0 1 0
4 2 285 305 0 2 0
4 2 285 306 0 3 0
4 2 286 303 1 0 0
4 2 286 304 1 1 0.998496
4 2 286 305 1 2 0
4 2 286 306 1 3 0
4 2 287 303 2 0 0
4 2 287 304 2 1 0
4 2 287 305 2 2 0.998215
4 2 287 306 2 3 0
4 2 288 303 3 0 0
4 2 288 304 3 1 0
4 2 288 305 3 2 0
4 2 288 306 3 3 0.981415
4 3 259 267 0 0 0.915817
4 3 259 268 0 1 0
4 3 259 269 0 2 0
4 3 259 270 0 3 0
4 3 260 267 1 0 0
4 3 260 268 1 1 0.954801
4 3 260 269 1 2 0
4 3 260 270 1 3 0
4 3 261 267 2 0 0
4 3 261 268 2 1 0
4 3 261 269 2 2 0.867665
4 3 261 270 2 3 0
4 3 262 267 3 0 0
4 3 262 268 3 1 0
4 3 262 269 3 2 0
4 3 262 270 3 3 0.866222
4 4 259 271 0 0 0.917165
4 4 259 272 0 1 0
4 4 259 273 0 2 0
4 4 259 274 0 3 0
4 4 260 271 1 0 0
4 4 260 272 1 1 0.95755
4 4 260 273 1 2 0
4 4 260 274 1 3 0
4 4 261 271 2 0 0
4 4 261 272 2 1 0
4 4 261 273 2 2 0.874106
4 4 261 274 2 3 0
4 4 262 271 3 0 0
4 4 262 272 3 1 0
4 4 262 273 3 2 0
4 4 262 274 3 3 0.865396
4 5 271 289 0 0 0.989802
4 5 271 290 0 1 0
4 5 271 291 0 2 0
4 5 271 292 0 3 0
4 5 272 289 1 0 0
4 5 272 290 1 1 0.51392
4 5 272 291 1 2 0.260468
4 5 272 292 1 3 0
4 5 273 289 2 0 0
4 5 273 290 2 1 0
4 5 273 291 2 2 0.502173
4 5 273 292 2 3 0
4 5 274 289 3 0 0
4 5 274 290 3 1 0
4 5 274 291 3 2 0
4 5 274 292 3 3 0.946426
4 6 289 307 0 0 0.982166
4 6 289 308 0 1 0
4 6 289 309 0 2 0
4 6 289 310 0 3 0
4 6 290 307 1 0 0
4 6 290 308 1 1 0.265075
4 6 290 309 1 2 0.255448
4 6 290 310 1 3 0
4 6 291 307 2 0 0
4 6 291 308 2 1 0.255434
4 6 291 309 2 2 0.265235
4 6 291 310 2 3 0
4 6 292 307 3 0 0
4 6 292 308 3 1 0
4 6 292 309 3 2 0
4 6 292 310 3 3 0.971425
4 7 263 277 0 0 0.940128
4 7 263 278 0 1 0
4 7 263 279 0 2 0
4 7 263 280 0 3 0
4 7 264 277 1 0 0
4 7 264 278 1 1 0.986048
4 7 264 279 1 2 0
4 7 264 280 1 3 0
4 7 265 277 2 0 0
4 7 265 278 2 1 0
4 7 265 279 2 2 0.998227
4 7 265 280 2 3 0
4 7 266 277 3 0 0
4 7 266 278 3 1 0
4 7 266 279 3 2 0
4 7 266 280 3 3 0.999248
4 8 277 297 0 0 0
4 8 277 298 0 1 0
4 8 277 299 0 2 0
4 8 278 297 1 0 0.259019
4 8 278 298 1 1 0
4 8 278 299 1 2 0.268039
4 8 279 297 2 0 0
4 8 279 298 2 1 0.962067
4 8 279 299 2 2 0
4 8 280 297 3 0 0.26813
4 8 280 298 3 1 0
4 8 280 299 3 2 0.259076
4 9 297 311 0 0 0
4 9 297 312 0 1 0.50358
4 9 297 313 0 2 0.252158
4 9 298 311 1 0 0.975045
4 9 298 312 1 1 0
4 9 298 313 1 2 0
4 9 299 311 2 0 0
4 9 299 312 2 1 0
4 9 299 313 2 2 0.507953
4 10 277 293 0 0 0
4 10 277 294 0 1 0
4 10 278 293 1 0 0.985556
4 10 278 294 1 1 0
4 10 279 293 2 0 0
4 10 279 294 2 1 0
4 10 280 293 3 0 0
4 10 280 294 3 1 0.944799
4 11 263 281 0 0 0.951235
4 11 263 282 0 1 0
4 11 263 283 0 2 0
4 11 263 284 0 3 0
4 11 264 281 1 0 0
4 11 264 282 1 1 0.986738
4 11 264 283 1 2 0
4 11 264 284 1 3 0
4 11 265 281 2 0 0
4 11 265 282 2 1 0
4 11 265 283 2 2 0.99997
4 11 265 284 2 3 0
4 11 266 281 3 0 0
4 11 266 282 3 1 0
4 11 266 283 3 2 0
4 11 266 284 3 3 0.995445
4 12 281 300 0 0 0
4 12 281 301 0 1 0.252713
4 12 281 302 0 2 0.277381
4 12 282 300 1 0 0
4 12 282 301 1 1 0
4 12 282 302 1 2 0
4 12 283 300 2 0 0
4 12 283 301 2 1 0.276933
4 12 283 302 2 2 0.253565
4 12 284 300 3 0 0.994424
4 12 284 301 3 1 0
4 12 284 302 3 2 0
4 13 300 314 0 0 0.948122
4 13 300 315 0 1 0
4 13 300 316 0 2 0
4 13 301 314 1 0 0
4 13 301 315 1 1 0.277684
4 13 301 316 1 2 0.255235
4 13 302 314 2 0 0
4 13 302 315 2 1 0.255637
4 13 302 316 2 2 0.277837
4 14 281 295 0 0 0.980902
4 14 281 296 0 1 0
4 14 282 295 1 0 0
4 14 282 296 1 1 0
4 14 283 295 2 0 0
4 14 283 296 2 1 0.993264
4 14 284 295 3 0 0
4 14 284 296 3 1 0
4 15 263 275 0 0 0
4 15 263 276 0 1 0
4 15 264 275 1 0 0
4 15 264 276 1 1 0
4 15 265 275 2 0 0.993786
4 15 265 276 2 1 0
4 15 266 275 3 0 0
4 15 266 276 3 1 0.958416
4 16 307 317 0 0 0.944161
4 16 307 318 0 1 0
4 16 307 319 0 2 0
4 16 307 320 0 3 0
4 16 308 317 1 0 0
4 16 308 318 1 1 0.949234
4 16 308 319 1 2 0
4 16 308 320 1 3 0
4 16 309 317 2 0 0
4 16 309 318 2 1 0
4 16 309 319 2 2 0.969558
4 16 309 320 2 3 0
4 16 310 317 3 0 0
4 16 310 318 3 1 0
4 16 310 319 3 2 0
4 16 310 320 3 3 0.933675
4 17 303 321 0 0 0
4 17 303 322 0 1 0.889066
4 17 303 323 0 2 0
4 17 304 321 1 0 0.968588
4 17 304 322 1 1 0
4 17 304 323 1 2 0
4 17 305 321 2 0 0
4 17 305 322 2 1 0
4 17 305 323 2 2 0.866188
4 17 306 321 3 0 0
4 17 306 322 3 1 0
4 17 306 323 3 2 0
E jointIdx viewA viewB aOverAllIdx bOverallIdx score
0 0 1 0 67 0.995912
0 0 1 0 68 0.363032
0 0 1 0 69 0.28844
0 0 1 0 70 -1
0 0 1 1 67 -1
0 0 1 1 68 0.656178
0 0 1 1 69 0.75777
0 0 1 1 70 -1
0 0 1 2 67 0.147212
0 0 1 2 68 0.264549
0 0 1 2 69 0.318588
0 0 1 2 70 0.0922123
0 0 1 3 67 -1
0 0 1 3 68 -0.686205
0 0 1 3 69 -0.849452
0 0 1 3 70 0.779821
0 0 2 0 135 -1
0 0 2 0 136 0.929801
0 0 2 0 137 0.930355
0 0 2 0 138 -1
0 0 2 1 135 0.715694
0 0 2 1 136 -1
0 0 2 1 137 -1
0 0 2 1 138 -1
0 0 2 2 135 -1
0 0 2 2 136 -1
0 0 2 2 137 -1
0 0 2 2 138 0.73193
0 0 2 3 135 -1
0 0 2 3 136 0.896697
0 0 2 3 137 0.560989
0 0 2 3 138 -1
0 0 3 0 200 0.612428
0 0 3 0 201 -1
0 0 3 0 202 -1
0 0 3 0 203 0.944583
0 0 3 1 200 -1
0 0 3 1 201 0.952462
0 0 3 1 202 -1
0 0 3 1 203 -1
0 0 3 2 200 -1
0 0 3 2 201 -1
0 0 3 2 202 0.854286
0 0 3 2 203 -1
0 0 3 3 200 0.221287
0 0 3 3 201 -1
0 0 3 3 202 -1
0 0 3 3 203 0.649293
0 0 4 0 259 -1
0 0 4 0 260 0.770899
0 0 4 0 261 0.994968
0 0 4 0 262 -1
0 0 4 1 259 -1
0 0 4 1 260 -1
0 0 4 1 261 -1
0 0 4 1 262 0.723705
0 0 4 2 259 -1
0 0 4 2 260 0.847967
0 0 4 2 261 0.87418
0 0 4 2 262 -1
0 0 4 3 259 0.873439
0 0 4 3 260 -1
0 0 4 3 261 -1
0 0 4 3 262 -1
0 1 2 67 135 -1
0 1 2 67 136 -1
0 1 2 67 137 0.735575
0 1 2 67 138 0.101131
0 1 2 68 135 0.754217
0 1 2 68 136 -1
0 1 2 68 137 -1
0 1 2 68 138 -1
0 1 2 69 135 -1
0 1 2 69 136 -1
0 1 2 69 137 -1
0 1 2 69 138 0.901932
0 1 2 70 135 -1
0 1 2 70 136 0.626468
0 1 2 70 137 -1
0 1 2 70 138 -1
0 1 3 67 200 -1
0 1 3 67 201 -1
0 1 3 67 202 0.989519
0 1 3 67 203 0.939309
0 1 3 68 200 0.650097
0 1 3 68 201 0.997346
0 1 3 68 202 -1
0 1 3 68 203 -1
0 1 3 69 200 -1
0 1 3 69 201 -1
0 1 3 69 202 0.930123
0 1 3 69 203 0.99915
0 1 3 70 200 0.628538
0 1 3 70 201 0.954481
0 1 3 70 202 -1
0 1 3 70 203 -1
0 1 4 67 259 -1
0 1 4 67 260 -1
0 1 4 67 261 0.689912
0 1 4 67 262 -1
0 1 4 68 259 0.39631
0 1 4 68 260 -1
0 1 4 68 261 -1
0 1 4 68 262 0.851027
0 1 4 69 259 -1
0 1 4 69 260 0.732293
0 1 4 69 261 -1
0 1 4 69 262 -1
0 1 4 70 259 0.799528
0 1 4 70 260 -1
0 1 4 70 261 -1
0 1 4 70 262 -1
0 2 3 135 200 -1
0 2 3 135 201 0.636017
0 2 3 135 202 -1
0 2 3 135 203 -1
0 2 3 136 200 0.0843011
0 2 3 136 201 -1
0 2 3 136 202 -1
0 2 3 136 203 -1
0 2 3 137 200 0.767408
0 2 3 137 201 -1
0 2 3 137 202 -1
0 2 3 137 203 0.966586
0 2 3 138 200 -1
0 2 3 138 201 -1
0 2 3 138 202 0.8777
0 2 3 138 203 -1
0 2 4 135 259 0.868088
0 2 4 135 260 -1
0 2 4 135 261 -1
0 2 4 135 262 0.901211
0 2 4 136 259 0.846503
0 2 4 136 260 -1
0 2 4 136 261 -1
0 2 4 136 262 0.73414
0 2 4 137 259 -1
0 2 4 137 260 -1
0 2 4 137 261 0.969183
0 2 4 137 262 -1
0 2 4 138 259 -1
0 2 4 138 260 0.984469
0 2 4 138 261 -1
0 2 4 138 262 -1
0 3 4 200 259 0.541286
0 3 4 200 260 -1
0 3 4 200 261 -1
0 3 4 200 262 -1
0 3 4 201 259 -0.811999
0 3 4 201 260 0.457543
0 3 4 201 261 0.608889
0 3 4 201 262 0.745567
0 3 4 202 259 -1
0 3 4 202 260 0.886206
0 3 4 202 261 -1
0 3 4 202 262 -1
0 3 4 203 259 -1
0 3 4 203 260 0.18186
0 3 4 203 261 0.885895
0 3 4 203 262 0.521398
1 0 1 4 71 0.20946
1 0 1 4 72 0.0922091
1 0 1 4 73 0.0971361
1 0 1 4 74 0.0495647
1 0 1 5 71 0.186889
1 0 1 5 72 0.102226
1 0 1 5 73 0.0870216
1 0 1 5 74 0.0635784
1 0 1 6 71 0.128208
1 0 1 6 72 0.105012
1 0 1 6 73 0.0812257
1 0 1 6 74 0.0977163
1 0 1 7 71 -0.680862
1 0 1 7 72 0.0485325
1 0 1 7 73 0.154936
1 0 1 7 74 0.33717
1 0 2 4 139 -1
1 0 2 4 140 0.823567
1 0 2 4 141 -1
1 0 2 4 142 -1
1 0 2 5 139 -1
1 0 2 5 140 -1
1 0 2 5 141 -1
1 0 2 5 142 0.919764
1 0 2 6 139 -1
1 0 2 6 140 -1
1 0 2 6 141 0.66731
1 0 2 6 142 0.257229
1 0 2 7 139 0.939115
1 0 2 7 140 -1
1 0 2 7 141 -1
1 0 2 7 142 -1
1 0 3 4 204 0.0917741
1 0 3 4 205 0.0947398
1 0 3 4 206 0.0995595
1 0 3 4 207 0.0424176
1 0 3 5 204 0.0811938
1 0 3 5 205 0.104747
1 0 3 5 206 0.0853747
1 0 3 5 207 0.0595831
1 0 3 6 204 0.0849818
1 0 3 6 205 0.0687355
1 0 3 6 206 0.0756346
1 0 3 6 207 0.106963
1 0 3 7 204 0.0747021
1 0 3 7 205 0.0639044
1 0 3 7 206 0.0725842
1 0 3 7 207 0.127128
1 0 4 4 263 0.0683067
1 0 4 4 264 -1
1 0 4 4 265 0.0354557
1 0 4 4 266 0.929628
1 0 4 5 263 0.361379
1 0 4 5 264 -0.768261
1 0 4 5 265 0.307322
1 0 4 5 266 0.413434
1 0 4 6 263 0.308877
1 0 4 6 264 -0.788887
1 0 4 6 265 0.380557
1 0 4 6 266 0.39535
1 0 4 7 263 0.0697729
1 0 4 7 264 0.906489
1 0 4 7 265 0.0821239
1 0 4 7 266 -0.968921
1 1 2 71 139 -1
1 1 2 71 140 -1
1 1 2 71 141 0.788313
1 1 2 71 142 0.0383353
1 1 2 72 139 -1
1 1 2 72 140 -1
1 1 2 72 141 -1
1 1 2 72 142 0.868498
1 1 2 73 139 -1
1 1 2 73 140 0.774085
1 1 2 73 141 -1
1 1 2 73 142 -1
1 1 2 74 139 0.956225
1 1 2 74 140 -1
1 1 2 74 141 -1
1 1 2 74 142 -1
1 1 3 71 204 0.0820699
1 1 3 71 205 0.100632
1 1 3 71 206 0.0847922
1 1 3 71 207 0.0593788
1 1 3 72 204 0.0880558
1 1 3 72 205 0.0809308
1 1 3 72 206 0.0859318
1 1 3 72 207 0.0773078
1 1 3 73 204 0.0918046
1 1 3 73 205 0.0921546
1 1 3 73 206 0.0943936
1 1 3 73 207 0.0431941
1 1 3 74 204 0.069971
1 1 3 74 205 0.0592835
1 1 3 74 206 0.0669057
1 1 3 74 207 0.162656
1 1 4 71 263 0.59001
1 1 4 71 264 -1
1 1 4 71 265 -1
1 1 4 71 266 -1
1 1 4 72 263 -1
1 1 4 72 264 -1
1 1 4 72 265 0.915813
1 1 4 72 266 -1
1 1 4 73 263 -1
1 1 4 73 264 0.965652
1 1 4 73 265 -1
1 1 4 73 266 0.997868
1 1 4 74 263 -1
1 1 4 74 264 0.886665
1 1 4 74 265 0.0336747
1 1 4 74 266 0.885472
1 2 3 139 204 -1
1 2 3 139 205 -1
1 2 3 139 206 -1
1 2 3 139 207 0.969269
1 2 3 140 204 -1
1 2 3 140 205 0.396524
1 2 3 140 206 0.559835
1 2 3 140 207 -1
1 2 3 141 204 0.826281
1 2 3 141 205 -1
1 2 3 141 206 -1
1 2 3 141 207 -1
1 2 3 142 204 -1
1 2 3 142 205 0.961778
1 2 3 142 206 0.102354
1 2 3 142 207 -1
1 2 4 139 263 -1
1 2 4 139 264 0.86786
1 2 4 139 265 -1
1 2 4 139 266 0.013739
1 2 4 140 263 -1
1 2 4 140 264 -1
1 2 4 140 265 -1
1 2 4 140 266 0.877414
1 2 4 141 263 0.79471
1 2 4 141 264 -1
1 2 4 141 265 0.215116
1 2 4 141 266 -1
1 2 4 142 263 -1
1 2 4 142 264 -1
1 2 4 142 265 0.809808
1 2 4 142 266 -1
1 3 4 204 263 0.0835956
1 3 4 204 264 0.095071
1 3 4 204 265 0.0682779
1 3 4 204 266 0.0667266
1 3 4 205 263 0.0742101
1 3 4 205 264 0.0568813
1 3 4 205 265 0.086288
1 3 4 205 266 0.0896163
1 3 4 206 263 0.0730225
1 3 4 206 264 0.0606995
1 3 4 206 265 0.0859187
1 3 4 206 266 0.0881992
1 3 4 207 263 0.07937
1 3 4 207 264 0.0947309
1 3 4 207 265 0.0717061
1 3 4 207 266 0.0682178
2 0 1 8 75 0.977537
2 0 1 8 76 0.367114
2 0 1 8 77 0.310844
2 0 1 8 78 -1
2 0 1 9 75 -1
2 0 1 9 76 0.644217
2 0 1 9 77 0.763566
2 0 1 9 78 -1
2 0 1 10 75 0.146071
2 0 1 10 76 0.261027
2 0 1 10 77 0.357713
2 0 1 10 78 0.0970267
2 0 1 11 75 -1
2 0 1 11 76 -0.653893
2 0 1 11 77 -1
2 0 1 11 78 0.776589
2 0 2 8 143 -1
2 0 2 8 144 0.562386
2 0 2 8 145 0.828203
2 0 2 8 146 -1
2 0 2 9 143 0.641558
2 0 2 9 144 -1
2 0 2 9 145 -1
2 0 2 9 146 -1
2 0 2 10 143 -1
2 0 2 10 144 -1
2 0 2 10 145 -1
2 0 2 10 146 0.557374
2 0 2 11 143 -1
2 0 2 11 144 0.594265
2 0 2 11 145 -1
2 0 2 11 146 -1
2 0 3 8 208 0.160445
2 0 3 8 209 -1
2 0 3 8 210 -1
2 0 3 8 211 0.985296
2 0 3 9 208 -1
2 0 3 9 209 0.891279
2 0 3 9 210 -1
2 0 3 9 211 -1
2 0 3 10 208 -1
2 0 3 10 209 -1
2 0 3 10 210 0.786112
2 0 3 10 211 -1
2 0 3 11 208 0.241652
2 0 3 11 209 -1
2 0 3 11 210 -1
2 0 3 11 211 0.489631
2 0 4 8 267 -1
2 0 4 8 268 0.474187
2 0 4 8 269 0.925324
2 0 4 8 270 -1
2 0 4 9 267 -1
2 0 4 9 268 -1
2 0 4 9 269 -1
2 0 4 9 270 0.571206
2 0 4 10 267 -1
2 0 4 10 268 0.753784
2 0 4 10 269 0.6865
2 0 4 10 270 -1
2 0 4 11 267 0.769422
2 0 4 11 268 -1
2 0 4 11 269 -1
2 0 4 11 270 -1
2 1 2 75 143 -1
2 1 2 75 144 -1
2 1 2 75 145 0.851392
2 1 2 75 146 -1
2 1 2 76 143 0.76636
2 1 2 76 144 -1
2 1 2 76 145 -1
2 1 2 76 146 -1
2 1 2 77 143 -1
2 1 2 77 144 -1
2 1 2 77 145 -1
2 1 2 77 146 0.959577
2 1 2 78 143 -1
2 1 2 78 144 0.106512
2 1 2 78 145 -1
2 1 2 78 146 -1
2 1 3 75 208 -1
2 1 3 75 209 -1
2 1 3 75 210 0.849189
2 1 3 75 211 0.956717
2 1 3 76 208 0.528982
2 1 3 76 209 0.946723
2 1 3 76 210 -1
2 1 3 76 211 -1
2 1 3 77 208 -1
2 1 3 77 209 -1
2 1 3 77 210 0.914971
2 1 3 77 211 0.751995
2 1 3 78 208 0.698143
2 1 3 78 209 0.678628
2 1 3 78 210 -1
2 1 3 78 211 -1
2 1 4 75 267 -1
2 1 4 75 268 -1
2 1 4 75 269 0.778365
2 1 4 75 270 -1
2 1 4 76 267 -1
2 1 4 76 268 -1
2 1 4 76 269 -1
2 1 4 76 270 0.786628
2 1 4 77 267 -1
2 1 4 77 268 0.885843
2 1 4 77 269 -1
2 1 4 77 270 -1
2 1 4 78 267 0.862403
2 1 4 78 268 -1
2 1 4 78 269 -1
2 1 4 78 270 -1
2 2 3 143 208 -1
2 2 3 143 209 0.786261
2 2 3 143 210 -1
2 2 3 143 211 -1
2 2 3 144 208 -1
2 2 3 144 209 -1
2 2 3 144 210 -1
2 2 3 144 211 0.434706
2 2 3 145 208 0.782421
2 2 3 145 209 -1
2 2 3 145 210 -1
2 2 3 145 211 0.796011
2 2 3 146 208 -1
2 2 3 146 209 -1
2 2 3 146 210 0.769433
2 2 3 146 211 -1
2 2 4 143 267 0.541506
2 2 4 143 268 -1
2 2 4 143 269 -1
2 2 4 143 270 0.982401
2 2 4 144 267 0.344669
2 2 4 144 268 -1
2 2 4 144 269 -1
2 2 4 144 270 0.863786
2 2 4 145 267 -1
2 2 4 145 268 -1
2 2 4 145 269 0.523212
2 2 4 145 270 -1
2 2 4 146 267 -1
2 2 4 146 268 0.950113
2 2 4 146 269 -1
2 2 4 146 270 -1
2 3 4 208 267 0.699611
2 3 4 208 268 -1
2 3 4 208 269 -1
2 3 4 208 270 -1
2 3 4 209 267 -0.914673
2 3 4 209 268 0.338123
2 3 4 209 269 0.761765
2 3 4 209 270 0.814785
2 3 4 210 267 -1
2 3 4 210 268 0.990429
2 3 4 210 269 -1
2 3 4 210 270 -1
2 3 4 211 267 -1
2 3 4 211 268 0.154337
2 3 4 211 269 0.727531
2 3 4 211 270 0.901179
3 0 1 12 79 0.366794
3 0 1 12 80 0.837957
3 0 1 12 81 -1
3 0 1 13 79 0.654035
3 0 1 13 80 -1
3 0 1 13 81 -1
3 0 1 14 79 0.377781
3 0 1 14 80 0.332283
3 0 1 14 81 0.108063
3 0 1 15 79 -0.675025
3 0 1 15 80 -1
3 0 1 15 81 0.885493
3 0 2 12 147 -1
3 0 2 12 148 0.588376
3 0 2 12 149 0.606364
3 0 2 12 150 -1
3 0 2 13 147 0.907384
3 0 2 13 148 -1
3 0 2 13 149 -1
3 0 2 13 150 -1
3 0 2 14 147 -1
3 0 2 14 148 0.0391912
3 0 2 14 149 -1
3 0 2 14 150 0.96837
3 0 2 15 147 -1
3 0 2 15 148 0.951243
3 0 2 15 149 0.495084
3 0 2 15 150 -1
3 0 3 12 212 0.962596
3 0 3 12 213 -1
3 0 3 12 214 -1
3 0 3 12 215 0.862415
3 0 3 13 212 -1
3 0 3 13 213 0.693953
3 0 3 13 214 -1
3 0 3 13 215 -1
3 0 3 14 212 -1
3 0 3 14 213 -1
3 0 3 14 214 0.923773
3 0 3 14 215 -1
3 0 3 15 212 0.190625
3 0 3 15 213 -1
3 0 3 15 214 -1
3 0 3 15 215 -1
3 0 4 12 271 -1
3 0 4 12 272 0.894817
3 0 4 12 273 0.892059
3 0 4 12 274 -1
3 0 4 13 271 -1
3 0 4 13 272 -1
3 0 4 13 273 -1
3 0 4 13 274 0.857096
3 0 4 14 271 -1
3 0 4 14 272 0.882167
3 0 4 14 273 0.855054
3 0 4 14 274 -1
3 0 4 15 271 0.907417
3 0 4 15 272 -1
3 0 4 15 273 -1
3 0 4 15 274 -1
3 1 2 79 147 0.844208
3 1 2 79 148 0.244745
3 1 2 79 149 -1
3 1 2 79 150 -1
3 1 2 80 147 -1
3 1 2 80 148 -1
3 1 2 80 149 0.0810496
3 1 2 80 150 0.82442
3 1 2 81 147 -1
3 1 2 81 148 0.873171
3 1 2 81 149 -1
3 1 2 81 150 -1
3 1 3 79 212 0.800447
3 1 3 79 213 0.792569
3 1 3 79 214 -1
3 1 3 79 215 -1
3 1 3 80 212 -1
3 1 3 80 213 -1
3 1 3 80 214 0.907082
3 1 3 80 215 0.867914
3 1 3 81 212 0.519997
3 1 3 81 213 0.847737
3 1 3 81 214 -1
3 1 3 81 215 -1
3 1 4 79 271 0.866782
3 1 4 79 272 -1
3 1 4 79 273 -1
3 1 4 79 274 0.918108
3 1 4 80 271 -1
3 1 4 80 272 0.205016
3 1 4 80 273 -1
3 1 4 80 274 -1
3 1 4 81 271 0.775561
3 1 4 81 272 -1
3 1 4 81 273 -1
3 1 4 81 274 0.58179
3 2 3 147 212 -1
3 2 3 147 213 0.504509
3 2 3 147 214 -1
3 2 3 147 215 -1
3 2 3 148 212 0.194549
3 2 3 148 213 -1
3 2 3 148 214 -1
3 2 3 148 215 -1
3 2 3 149 212 0.400756
3 2 3 149 213 -1
3 2 3 149 214 -1
3 2 3 149 215 0.83685
3 2 3 150 212 -1
3 2 3 150 213 -1
3 2 3 150 214 0.953953
3 2 3 150 215 -1
3 2 4 147 271 0.391761
3 2 4 147 272 -1
3 2 4 147 273 -1
3 2 4 147 274 0.957259
3 2 4 148 271 0.905531
3 2 4 148 272 -1
3 2 4 148 273 -1
3 2 4 148 274 0.00917166
3 2 4 149 271 -1
3 2 4 149 272 -1
3 2 4 149 273 0.658591
3 2 4 149 274 -1
3 2 4 150 271 -1
3 2 4 150 272 0.976057
3 2 4 150 273 -1
3 2 4 150 274 -1
3 3 4 212 271 0.393194
3 3 4 212 272 -1
3 3 4 212 273 -1
3 3 4 212 274 -1
3 3 4 213 271 -0.826898
3 3 4 213 272 0.564181
3 3 4 213 273 0.572169
3 3 4 213 274 0.690548
3 3 4 214 271 0.0436348
3 3 4 214 272 0.819943
3 3 4 214 273 -1
3 3 4 214 274 0.132819
3 3 4 215 271 -1
3 3 4 215 272 0.156774
3 3 4 215 273 0.962658
3 3 4 215 274 0.078994
4 0 1 16 82 0.281108
4 0 1 16 83 0.266362
4 0 1 16 84 0.114167
4 0 1 16 85 0.0975645
4 0 1 17 82 0.169952
4 0 1 17 83 0.322544
4 0 1 17 84 0.128907
4 0 1 17 85 0.108581
4 0 1 18 82 -1
4 0 1 18 83 -1
4 0 1 18 84 0.298018
4 0 1 18 85 0.404928
4 0 2 16 151 0.749783
4 0 2 16 152 0.250217
4 0 2 17 151 0.741121
4 0 2 17 152 0.258879
4 0 2 18 151 -1
4 0 2 18 152 -1
4 0 3 16 216 0.943273
4 0 3 16 217 -1
4 0 3 16 218 0.253672
4 0 3 17 216 0.571445
4 0 3 17 217 -1
4 0 3 17 218 0.538918
4 0 3 18 216 -1
4 0 3 18 217 0.989073
4 0 3 18 218 0.20741
4 0 4 16 275 0.668896
4 0 4 16 276 0.331104
4 0 4 17 275 0.664186
4 0 4 17 276 0.335814
4 0 4 18 275 -1
4 0 4 18 276 -1
4 1 2 82 151 -1
4 1 2 82 152 -1
4 1 2 83 151 0.931934
4 1 2 83 152 -1
4 1 2 84 151 -1
4 1 2 84 152 0.224447
4 1 2 85 151 -1
4 1 2 85 152 0.939238
4 1 3 82 216 0.840371
4 1 3 82 217 -1
4 1 3 82 218 0.0867057
4 1 3 83 216 0.957792
4 1 3 83 217 -1
4 1 3 83 218 0.218677
4 1 3 84 216 0.113666
4 1 3 84 217 0.362459
4 1 3 84 218 0.244144
4 1 3 85 216 -1
4 1 3 85 217 0.99868
4 1 3 85 218 0.273927
4 1 4 82 275 0.963228
4 1 4 82 276 -1
4 1 4 83 275 -1
4 1 4 83 276 -1
4 1 4 84 275 -1
4 1 4 84 276 0.384372
4 1 4 85 275 -1
4 1 4 85 276 0.857484
4 2 3 151 216 -1
4 2 3 151 217 -1
4 2 3 151 218 -1
4 2 3 152 216 0.47992
4 2 3 152 217 -1
4 2 3 152 218 0.507281
4 2 4 151 275 0.355773
4 2 4 151 276 -1
4 2 4 152 275 0.0134462
4 2 4 152 276 0.714407
4 3 4 216 275 0.38708
4 3 4 216 276 0.0457224
4 3 4 217 275 0.292743
4 3 4 217 276 0.240383
4 3 4 218 275 0.164852
4 3 4 218 276 0.504278
5 0 1 19 86 0.19627
5 0 1 19 87 0.0969749
5 0 1 19 88 0.126996
5 0 1 19 89 0.0356165
5 0 1 20 86 0.214026
5 0 1 20 87 0.106062
5 0 1 20 88 0.08334
5 0 1 20 89 0.0697513
5 0 1 21 86 0.173769
5 0 1 21 87 0.103362
5 0 1 21 88 0.0801588
5 0 1 21 89 0.0969845
5 0 1 22 86 -0.75958
5 0 1 22 87 0.0757937
5 0 1 22 88 0.148817
5 0 1 22 89 0.374213
5 0 2 19 153 0.750057
5 0 2 19 154 0.840538
5 0 2 19 155 -1
5 0 2 19 156 -1
5 0 2 20 153 -1
5 0 2 20 154 -1
5 0 2 20 155 0.134703
5 0 2 20 156 0.980846
5 0 2 21 153 -1
5 0 2 21 154 -1
5 0 2 21 155 0.554345
5 0 2 21 156 0.628116
5 0 2 22 153 0.993949
5 0 2 22 154 0.682418
5 0 2 22 155 -1
5 0 2 22 156 -1
5 0 3 19 219 0.120171
5 0 3 19 220 0.10606
5 0 3 19 221 0.100345
5 0 3 19 222 0.0146964
5 0 3 20 219 0.104082
5 0 3 20 220 0.0986672
5 0 3 20 221 0.0824677
5 0 3 20 222 0.0658459
5 0 3 21 219 0.0783219
5 0 3 21 220 0.0784685
5 0 3 21 221 0.0884115
5 0 3 21 222 0.111288
5 0 3 22 219 0.0444873
5 0 3 22 220 0.0673533
5 0 3 22 221 0.0829655
5 0 3 22 222 0.171366
5 0 4 19 277 -1
5 0 4 19 278 -1
5 0 4 19 279 -0.798533
5 0 4 19 280 0.473441
5 0 4 20 277 0.720281
5 0 4 20 278 -0.866356
5 0 4 20 279 0.686443
5 0 4 20 280 0.144541
5 0 4 21 277 0.703473
5 0 4 21 278 -1
5 0 4 21 279 0.704837
5 0 4 21 280 0.156534
5 0 4 22 277 0.181771
5 0 4 22 278 0.442696
5 0 4 22 279 0.14508
5 0 4 22 280 0.0978173
5 1 2 86 153 -1
5 1 2 86 154 -1
5 1 2 86 155 0.873418
5 1 2 86 156 -1
5 1 2 87 153 -1
5 1 2 87 154 -1
5 1 2 87 155 -1
5 1 2 87 156 0.918958
5 1 2 88 153 -1
5 1 2 88 154 0.751909
5 1 2 88 155 -1
5 1 2 88 156 -1
5 1 2 89 153 0.946048
5 1 2 89 154 -1
5 1 2 89 155 -1
5 1 2 89 156 0.15296
5 1 3 86 219 0.103043
5 1 3 86 220 0.0986374
5 1 3 86 221 0.0796509
5 1 3 86 222 0.0664603
5 1 3 87 219 0.08902
5 1 3 87 220 0.087383
5 1 3 87 221 0.0961471
5 1 3 87 222 0.079479
5 1 3 88 219 0.108511
5 1 3 88 220 0.106232
5 1 3 88 221 0.101824
5 1 3 88 222 0.0043021
5 1 3 89 219 0.0483975
5 1 3 89 220 0.059143
5 1 3 89 221 0.0786019
5 1 3 89 222 0.227449
5 1 4 86 277 0.885998
5 1 4 86 278 -1
5 1 4 86 279 -1
5 1 4 86 280 -1
5 1 4 87 277 -1
5 1 4 87 278 -1
5 1 4 87 279 0.986215
5 1 4 87 280 -1
5 1 4 88 277 -1
5 1 4 88 278 0.98802
5 1 4 88 279 0.0025664
5 1 4 88 280 0.993606
5 1 4 89 277 -0.933725
5 1 4 89 278 0.88912
5 1 4 89 279 0.142613
5 1 4 89 280 0.901991
5 2 3 153 219 -1
5 2 3 153 220 -1
5 2 3 153 221 -1
5 2 3 153 222 0.978282
5 2 3 154 219 -1
5 2 3 154 220 -1
5 2 3 154 221 0.635053
5 2 3 154 222 -1
5 2 3 155 219 0.717197
5 2 3 155 220 -1
5 2 3 155 221 -1
5 2 3 155 222 -1
5 2 3 156 219 -1
5 2 3 156 220 0.977014
5 2 3 156 221 -1
5 2 3 156 222 -1
5 2 4 153 277 -1
5 2 4 153 278 0.847004
5 2 4 153 279 -1
5 2 4 153 280 0.631812
5 2 4 154 277 -1
5 2 4 154 278 -1
5 2 4 154 279 -1
5 2 4 154 280 0.901589
5 2 4 155 277 0.724592
5 2 4 155 278 -1
5 2 4 155 279 -1
5 2 4 155 280 -1
5 2 4 156 277 -1
5 2 4 156 278 -1
5 2 4 156 279 0.991877
5 2 4 156 280 -1
5 3 4 219 277 0.0950933
5 3 4 219 278 0.0889945
5 3 4 219 279 0.060144
5 3 4 219 280 0.0594934
5 3 4 220 277 0.0674554
5 3 4 220 278 0.0665557
5 3 4 220 279 0.0815764
5 3 4 220 280 0.083861
5 3 4 221 277 0.0673713
5 3 4 221 278 0.0672863
5 3 4 221 279 0.0841751
5 3 4 221 280 0.0808344
5 3 4 222 277 0.0719945
5 3 4 222 278 0.0782169
5 3 4 222 279 0.0746135
5 3 4 222 280 0.0761541
6 0 1 23 90 0.250521
6 0 1 23 91 0.111613
6 0 1 23 92 0.0816089
6 0 1 24 90 0.242802
6 0 1 24 91 0.112445
6 0 1 24 92 0.0843947
6 0 1 25 90 0.191156
6 0 1 25 91 0.105007
6 0 1 25 92 0.117464
6 0 1 26 90 -0.678236
6 0 1 26 91 0.194156
6 0 1 26 92 0.308571
6 0 2 23 157 -1
6 0 2 23 158 -1
6 0 2 23 159 -1
6 0 2 23 160 0.755235
6 0 2 24 157 -1
6 0 2 24 158 -1
6 0 2 24 159 0.993958
6 0 2 24 160 -1
6 0 2 25 157 -1
6 0 2 25 158 0.926648
6 0 2 25 159 0.44373
6 0 2 25 160 -1
6 0 2 26 157 0.991779
6 0 2 26 158 -1
6 0 2 26 159 -1
6 0 2 26 160 -1
6 0 3 23 223 0.0966205
6 0 3 23 224 0.0746348
6 0 3 23 225 0.151004
6 0 3 24 223 0.112553
6 0 3 24 224 0.0904881
6 0 3 24 225 0.119531
6 0 3 25 223 0.110545
6 0 3 25 224 0.123296
6 0 3 25 225 0.0893441
6 0 3 26 223 0.10801
6 0 3 26 224 0.131635
6 0 3 26 225 0.0836935
6 0 4 23 281 0.459478
6 0 4 23 282 -0.757168
6 0 4 23 283 0.476068
6 0 4 23 284 0.402514
6 0 4 24 281 0.422715
6 0 4 24 282 -1
6 0 4 24 283 0.445342
6 0 4 24 284 0.600711
6 0 4 25 281 0.436933
6 0 4 25 282 -0.62524
6 0 4 25 283 0.533779
6 0 4 25 284 0.304288
6 0 4 26 281 -0.728376
6 0 4 26 282 0.889591
6 0 4 26 283 -1
6 0 4 26 284 -0.618989
6 1 2 90 157 -1
6 1 2 90 158 0.243401
6 1 2 90 159 -1
6 1 2 90 160 0.8878
6 1 2 91 157 -1
6 1 2 91 158 -1
6 1 2 91 159 0.93469
6 1 2 91 160 -1
6 1 2 92 157 0.921773
6 1 2 92 158 -1
6 1 2 92 159 -1
6 1 2 92 160 -1
6 1 3 90 223 0.140016
6 1 3 90 224 0.11981
6 1 3 90 225 0.173806
6 1 3 91 223 0.156311
6 1 3 91 224 0.118414
6 1 3 91 225 0.159332
6 1 3 92 223 0.141579
6 1 3 92 224 0.199337
6 1 3 92 225 0.104891
6 1 4 90 281 0.0581624
6 1 4 90 282 -1
6 1 4 90 283 0.9062
6 1 4 90 284 -1
6 1 4 91 281 -1
6 1 4 91 282 0.959465
6 1 4 91 283 -1
6 1 4 91 284 0.985626
6 1 4 92 281 -1
6 1 4 92 282 0.782542
6 1 4 92 283 -1
6 1 4 92 284 0.873473
6 2 3 157 223 -1
6 2 3 157 224 0.910268
6 2 3 157 225 -1
6 2 3 158 223 0.988476
6 2 3 158 224 -1
6 2 3 158 225 -1
6 2 3 159 223 -1
6 2 3 159 224 -1
6 2 3 159 225 0.913436
6 2 3 160 223 -1
6 2 3 160 224 -1
6 2 3 160 225 0.931126
6 2 4 157 281 -1
6 2 4 157 282 0.758097
6 2 4 157 283 -1
6 2 4 157 284 -1
6 2 4 158 281 0.912741
6 2 4 158 282 -1
6 2 4 158 283 0.619323
6 2 4 158 284 -1
6 2 4 159 281 -1
6 2 4 159 282 -1
6 2 4 159 283 -1
6 2 4 159 284 0.96024
6 2 4 160 281 0.20356
6 2 4 160 282 -1
6 2 4 160 283 0.763824
6 2 4 160 284 -1
6 3 4 223 281 0.113234
6 3 4 223 282 0.130279
6 3 4 223 283 0.106865
6 3 4 223 284 0.105605
6 3 4 224 281 0.104035
6 3 4 224 282 0.161925
6 3 4 224 283 0.101989
6 3 4 224 284 0.0997878
6 3 4 225 281 0.121978
6 3 4 225 282 0.0366015
6 3 4 225 283 0.131396
6 3 4 225 284 0.135321
7 0 1 27 93 0.585847
7 0 1 27 94 0.863043
7 0 1 27 95 -1
7 0 1 27 96 -1
7 0 1 28 93 0.726086
7 0 1 28 94 -1
7 0 1 28 95 -1
7 0 1 28 96 -1
7 0 1 29 93 0.54454
7 0 1 29 94 -1
7 0 1 29 95 -1
7 0 1 29 96 0.453423
7 0 1 30 93 -0.856474
7 0 1 30 94 -1
7 0 1 30 95 0.890365
7 0 1 30 96 -1
7 0 2 27 161 -1
7 0 2 27 162 0.378435
7 0 2 27 163 0.888865
7 0 2 27 164 -1
7 0 2 28 161 0.600263
7 0 2 28 162 -1
7 0 2 28 163 -1
7 0 2 28 164 -1
7 0 2 29 161 -1
7 0 2 29 162 -1
7 0 2 29 163 -1
7 0 2 29 164 0.214119
7 0 2 30 161 -1
7 0 2 30 162 0.971998
7 0 2 30 163 -1
7 0 2 30 164 -1
7 0 3 27 226 0.102311
7 0 3 27 227 -1
7 0 3 27 228 -1
7 0 3 27 229 0.849374
7 0 3 28 226 -1
7 0 3 28 227 0.654237
7 0 3 28 228 -1
7 0 3 28 229 -1
7 0 3 29 226 -1
7 0 3 29 227 -1
7 0 3 29 228 0.49097
7 0 3 29 229 -1
7 0 3 30 226 0.93722
7 0 3 30 227 -1
7 0 3 30 228 -1
7 0 3 30 229 -1
7 0 4 27 285 -1
7 0 4 27 286 0.331212
7 0 4 27 287 0.902401
7 0 4 27 288 -1
7 0 4 28 285 -1
7 0 4 28 286 -1
7 0 4 28 287 -1
7 0 4 28 288 0.889057
7 0 4 29 285 -1
7 0 4 29 286 0.808432
7 0 4 29 287 0.468651
7 0 4 29 288 -1
7 0 4 30 285 0.699178
7 0 4 30 286 -1
7 0 4 30 287 -1
7 0 4 30 288 -1
7 1 2 93 161 0.735872
7 1 2 93 162 0.0447412
7 1 2 93 163 -1
7 1 2 93 164 -1
7 1 2 94 161 -1
7 1 2 94 162 -1
7 1 2 94 163 0.933741
7 1 2 94 164 -1
7 1 2 95 161 -1
7 1 2 95 162 0.931367
7 1 2 95 163 -1
7 1 2 95 164 -1
7 1 2 96 161 -1
7 1 2 96 162 -1
7 1 2 96 163 -1
7 1 2 96 164 0.961745
7 1 3 93 226 0.585838
7 1 3 93 227 0.730119
7 1 3 93 228 -1
7 1 3 93 229 -1
7 1 3 94 226 -1
7 1 3 94 227 -1
7 1 3 94 228 0.741586
7 1 3 94 229 0.976729
7 1 3 95 226 0.944287
7 1 3 95 227 -1
7 1 3 95 228 -1
7 1 3 95 229 -1
7 1 3 96 226 -1
7 1 3 96 227 -1
7 1 3 96 228 0.99282
7 1 3 96 229 0.626397
7 1 4 93 285 -1
7 1 4 93 286 -1
7 1 4 93 287 -1
7 1 4 93 288 0.812762
7 1 4 94 285 -1
7 1 4 94 286 -1
7 1 4 94 287 0.950076
7 1 4 94 288 -1
7 1 4 95 285 0.761647
7 1 4 95 286 -1
7 1 4 95 287 -1
7 1 4 95 288 -1
7 1 4 96 285 -1
7 1 4 96 286 0.94175
7 1 4 96 287 -1
7 1 4 96 288 -1
7 2 3 161 226 -1
7 2 3 161 227 0.87654
7 2 3 161 228 -1
7 2 3 161 229 -1
7 2 3 162 226 0.910071
7 2 3 162 227 -1
7 2 3 162 228 -1
7 2 3 162 229 -1
7 2 3 163 226 0.158477
7 2 3 163 227 -1
7 2 3 163 228 0.0822355
7 2 3 163 229 0.958898
7 2 3 164 226 -1
7 2 3 164 227 -1
7 2 3 164 228 0.794474
7 2 3 164 229 -1
7 2 4 161 285 -1
7 2 4 161 286 -1
7 2 4 161 287 -1
7 2 4 161 288 0.534713
7 2 4 162 285 0.702678
7 2 4 162 286 -1
7 2 4 162 287 -1
7 2 4 162 288 -1
7 2 4 163 285 -1
7 2 4 163 286 -1
7 2 4 163 287 0.800968
7 2 4 163 288 -1
7 2 4 164 285 -1
7 2 4 164 286 0.911806
7 2 4 164 287 -1
7 2 4 164 288 -1
7 3 4 226 285 0.759838
7 3 4 226 286 0.0757001
7 3 4 226 287 -1
7 3 4 226 288 -1
7 3 4 227 285 -1
7 3 4 227 286 0.0100702
7 3 4 227 287 0.484059
7 3 4 227 288 0.323998
7 3 4 228 285 -1
7 3 4 228 286 0.836599
7 3 4 228 287 -1
7 3 4 228 288 -1
7 3 4 229 285 -1
7 3 4 229 286 -1
7 3 4 229 287 0.736767
7 3 4 229 288 0.660798
8 0 1 31 97 0.309764
8 0 1 31 98 0.735626
8 0 1 31 99 -1
8 0 1 31 100 -1
8 0 1 32 97 0.843251
8 0 1 32 98 -1
8 0 1 32 99 0.132796
8 0 1 32 100 -1
8 0 1 33 97 0.708786
8 0 1 33 98 0.113665
8 0 1 33 99 0.826362
8 0 1 33 100 -1
8 0 1 34 97 -0.861801
8 0 1 34 98 -1
8 0 1 34 99 -1
8 0 1 34 100 0.631314
8 0 2 31 165 -1
8 0 2 31 166 -1
8 0 2 31 167 0.751131
8 0 2 31 168 -1
8 0 2 32 165 0.649908
8 0 2 32 166 -1
8 0 2 32 167 -1
8 0 2 32 168 -1
8 0 2 33 165 -1
8 0 2 33 166 0.40734
8 0 2 33 167 -1
8 0 2 33 168 0.611279
8 0 2 34 165 -1
8 0 2 34 166 0.742236
8 0 2 34 167 -1
8 0 2 34 168 -1
8 0 3 31 230 0.433043
8 0 3 31 231 -1
8 0 3 31 232 -1
8 0 3 31 233 0.743365
8 0 3 32 230 -1
8 0 3 32 231 0.961449
8 0 3 32 232 -1
8 0 3 32 233 -1
8 0 3 33 230 -1
8 0 3 33 231 -1
8 0 3 33 232 0.936681
8 0 3 33 233 -1
8 0 3 34 230 0.542435
8 0 3 34 231 -1
8 0 3 34 232 -1
8 0 3 34 233 -1
8 0 4 31 289 -1
8 0 4 31 290 0.552302
8 0 4 31 291 0.879139
8 0 4 31 292 -1
8 0 4 32 289 -1
8 0 4 32 290 -1
8 0 4 32 291 -1
8 0 4 32 292 0.49074
8 0 4 33 289 -1
8 0 4 33 290 0.937896
8 0 4 33 291 0.359869
8 0 4 33 292 -1
8 0 4 34 289 0.752383
8 0 4 34 290 -1
8 0 4 34 291 -1
8 0 4 34 292 -1
8 1 2 97 165 0.626037
8 1 2 97 166 0.508565
8 1 2 97 167 -1
8 1 2 97 168 -1
8 1 2 98 165 -1
8 1 2 98 166 -1
8 1 2 98 167 0.700438
8 1 2 98 168 0.739176
8 1 2 99 165 -1
8 1 2 99 166 -1
8 1 2 99 167 0.787401
8 1 2 99 168 0.810084
8 1 2 100 165 0.398198
8 1 2 100 166 0.956599
8 1 2 100 167 -1
8 1 2 100 168 -1
8 1 3 97 230 0.5539
8 1 3 97 231 0.952731
8 1 3 97 232 -1
8 1 3 97 233 -1
8 1 3 98 230 -1
8 1 3 98 231 -1
8 1 3 98 232 0.7151
8 1 3 98 233 0.855647
8 1 3 99 230 -1
8 1 3 99 231 -1
8 1 3 99 232 0.726529
8 1 3 99 233 0.468951
8 1 3 100 230 0.692289
8 1 3 100 231 -1
8 1 3 100 232 -1
8 1 3 100 233 -1
8 1 4 97 289 0.694173
8 1 4 97 290 -1
8 1 4 97 291 -1
8 1 4 97 292 0.160463
8 1 4 98 289 -1
8 1 4 98 290 0.370353
8 1 4 98 291 0.821826
8 1 4 98 292 -1
8 1 4 99 289 -1
8 1 4 99 290 0.809586
8 1 4 99 291 -1
8 1 4 99 292 -1
8 1 4 100 289 0.761398
8 1 4 100 290 -1
8 1 4 100 291 -1
8 1 4 100 292 -1
8 2 3 165 230 -1
8 2 3 165 231 0.559023
8 2 3 165 232 -1
8 2 3 165 233 -1
8 2 3 166 230 0.311823
8 2 3 166 231 -1
8 2 3 166 232 -1
8 2 3 166 233 -1
8 2 3 167 230 0.695474
8 2 3 167 231 -1
8 2 3 167 232 -1
8 2 3 167 233 0.991944
8 2 3 168 230 -1
8 2 3 168 231 -1
8 2 3 168 232 0.527664
8 2 3 168 233 -1
8 2 4 165 289 0.926096
8 2 4 165 290 -1
8 2 4 165 291 -1
8 2 4 165 292 -1
8 2 4 166 289 0.803478
8 2 4 166 290 -1
8 2 4 166 291 -1
8 2 4 166 292 -1
8 2 4 167 289 -1
8 2 4 167 290 -1
8 2 4 167 291 0.710295
8 2 4 167 292 -1
8 2 4 168 289 -1
8 2 4 168 290 0.938888
8 2 4 168 291 -1
8 2 4 168 292 -1
8 3 4 230 289 0.730628
8 3 4 230 290 -1
8 3 4 230 291 -1
8 3 4 230 292 -1
8 3 4 231 289 -1
8 3 4 231 290 0.73038
8 3 4 231 291 0.278919
8 3 4 231 292 -1
8 3 4 232 289 -1
8 3 4 232 290 0.805796
8 3 4 232 291 -1
8 3 4 232 292 -1
8 3 4 233 289 -1
8 3 4 233 290 -1
8 3 4 233 291 0.808349
8 3 4 233 292 0.715698
9 0 1 35 101 0.189448
9 0 1 35 102 0.136501
9 0 1 35 103 0.135722
9 0 1 36 101 0.184098
9 0 1 36 102 0.136796
9 0 1 36 103 0.143504
9 0 1 37 101 0.108766
9 0 1 37 102 0.191592
9 0 1 37 103 0.186248
9 0 2 35 169 -1
9 0 2 35 170 -1
9 0 2 36 169 0.394169
9 0 2 36 170 0.605831
9 0 2 37 169 0.555394
9 0 2 37 170 0.444606
9 0 3 35 234 0.152482
9 0 3 35 235 -1
9 0 3 36 234 0.13349
9 0 3 36 235 -1
9 0 3 37 234 0.714028
9 0 3 37 235 -1
9 0 4 35 293 -1
9 0 4 35 294 0.866727
9 0 4 36 293 -1
9 0 4 36 294 -1
9 0 4 37 293 -1
9 0 4 37 294 -1
9 1 2 101 169 -1
9 1 2 101 170 0.93781
9 1 2 102 169 0.93619
9 1 2 102 170 -1
9 1 2 103 169 -1
9 1 2 103 170 0.0881964
9 1 3 101 234 0.98347
9 1 3 101 235 -1
9 1 3 102 234 0.973771
9 1 3 102 235 -1
9 1 3 103 234 -1
9 1 3 103 235 0.788495
9 1 4 101 293 -1
9 1 4 101 294 -1
9 1 4 102 293 -1
9 1 4 102 294 -1
9 1 4 103 293 0.696527
9 1 4 103 294 0.303473
9 2 3 169 234 0.866409
9 2 3 169 235 -1
9 2 3 170 234 -1
9 2 3 170 235 -1
9 2 4 169 293 -1
9 2 4 169 294 -1
9 2 4 170 293 -1
9 2 4 170 294 -1
9 3 4 234 293 0.484849
9 3 4 234 294 -1
9 3 4 235 293 0.458359
9 3 4 235 294 0.234076
10 0 1 38 104 0.309113
10 0 1 38 105 0.161246
10 0 1 39 104 0.239011
10 0 1 39 105 0.233316
10 0 1 40 104 0.143859
10 0 1 40 105 0.331139
10 0 2 38 171 0.764464
10 0 2 38 172 -1
10 0 2 39 171 0.149516
10 0 2 39 172 0.259803
10 0 2 40 171 0.0860199
10 0 2 40 172 -1
10 0 3 38 236 0.899503
10 0 3 38 237 0.0603729
10 0 3 39 236 0.768947
10 0 3 39 237 0.231053
10 0 3 40 236 -1
10 0 3 40 237 -1
10 0 4 38 295 -1
10 0 4 38 296 -1
10 0 4 39 295 0.563125
10 0 4 39 296 0.436875
10 0 4 40 295 -1
10 0 4 40 296 -1
10 1 2 104 171 0.986675
10 1 2 104 172 -1
10 1 2 105 171 -1
10 1 2 105 172 -1
10 1 3 104 236 0.0797182
10 1 3 104 237 0.132107
10 1 3 105 236 -1
10 1 3 105 237 -1
10 1 4 104 295 -1
10 1 4 104 296 -1
10 1 4 105 295 -1
10 1 4 105 296 -1
10 2 3 171 236 -1
10 2 3 171 237 0.422337
10 2 3 172 236 -1
10 2 3 172 237 0.577663
10 2 4 171 295 -1
10 2 4 171 296 -1
10 2 4 172 295 0.458828
10 2 4 172 296 0.541172
10 3 4 236 295 0.571323
10 3 4 236 296 0.204871
10 3 4 237 295 0.235893
10 3 4 237 296 0.567641
11 0 1 41 106 -0.757622
11 0 1 41 107 0.291513
11 0 1 41 108 0.230157
11 0 1 41 109 0.214137
11 0 1 42 106 0.0468341
11 0 1 42 107 0.139679
11 0 1 42 108 0.122734
11 0 1 42 109 0.133285
11 0 1 43 106 -0.749427
11 0 1 43 107 0.173738
11 0 1 43 108 0.269288
11 0 1 43 109 0.263428
11 0 2 41 173 0.914203
11 0 2 41 174 -1
11 0 2 41 175 -1
11 0 2 42 173 -1
11 0 2 42 174 0.210112
11 0 2 42 175 0.719961
11 0 2 43 173 -1
11 0 2 43 174 -1
11 0 2 43 175 -1
11 0 3 41 238 0.987464
11 0 3 41 239 -1
11 0 3 42 238 -1
11 0 3 42 239 0.196442
11 0 3 43 238 0.306602
11 0 3 43 239 0.252749
11 0 4 41 297 0.143559
11 0 4 41 298 -1
11 0 4 41 299 0.902008
11 0 4 42 297 -1
11 0 4 42 298 0.944661
11 0 4 42 299 -1
11 0 4 43 297 0.891101
11 0 4 43 298 -1
11 0 4 43 299 -1
11 1 2 106 173 -1
11 1 2 106 174 0.85795
11 1 2 106 175 -1
11 1 2 107 173 0.723381
11 1 2 107 174 -1
11 1 2 107 175 -1
11 1 2 108 173 -1
11 1 2 108 174 -1
11 1 2 108 175 -1
11 1 2 109 173 -1
11 1 2 109 174 -1
11 1 2 109 175 0.788069
11 1 3 106 238 0.418592
11 1 3 106 239 0.373648
11 1 3 107 238 0.494456
11 1 3 107 239 0.309529
11 1 3 108 238 -0.860689
11 1 3 108 239 -0.727429
11 1 3 109 238 0.305459
11 1 3 109 239 0.469264
11 1 4 106 297 -1
11 1 4 106 298 -1
11 1 4 106 299 -1
11 1 4 107 297 0.186518
11 1 4 107 298 0.260282
11 1 4 107 299 0.553201
11 1 4 108 297 0.895278
11 1 4 108 298 -1
11 1 4 108 299 -1
11 1 4 109 297 -1
11 1 4 109 298 0.978603
11 1 4 109 299 0.171592
11 2 3 173 238 0.915991
11 2 3 173 239 -1
11 2 3 174 238 -1
11 2 3 174 239 0.94012
11 2 3 175 238 -1
11 2 3 175 239 -1
11 2 4 173 297 0.478592
11 2 4 173 298 -1
11 2 4 173 299 0.712691
11 2 4 174 297 -1
11 2 4 174 298 -1
11 2 4 174 299 -1
11 2 4 175 297 -1
11 2 4 175 298 0.80288
11 2 4 175 299 -1
11 3 4 238 297 0.0593864
11 3 4 238 298 0.260259
11 3 4 238 299 0.485546
11 3 4 239 297 0.0270407
11 3 4 239 298 0.512325
11 3 4 239 299 0.18866
12 0 1 44 110 0.312599
12 0 1 44 111 0.355568
12 0 1 44 112 0.0570525
12 0 1 45 110 0.237056
12 0 1 45 111 0.510904
12 0 1 45 112 0.0436109
12 0 1 46 110 0.116219
12 0 1 46 111 -1
12 0 1 46 112 0.838037
12 0 2 44 176 -1
12 0 2 44 177 0.464277
12 0 2 44 178 -1
12 0 2 45 176 0.935565
12 0 2 45 177 -1
12 0 2 45 178 -1
12 0 2 46 176 -1
12 0 2 46 177 0.904153
12 0 2 46 178 -1
12 0 3 44 240 0.308167
12 0 3 44 241 -1
12 0 3 44 242 0.75879
12 0 3 45 240 0.647421
12 0 3 45 241 -1
12 0 3 45 242 -1
12 0 3 46 240 -1
12 0 3 46 241 0.304914
12 0 3 46 242 -1
12 0 4 44 300 0.224275
12 0 4 44 301 0.396405
12 0 4 44 302 0.379321
12 0 4 45 300 -1
12 0 4 45 301 -1
12 0 4 45 302 -1
12 0 4 46 300 0.584129
12 0 4 46 301 -1
12 0 4 46 302 -1
12 1 2 110 176 0.938045
12 1 2 110 177 0.837548
12 1 2 110 178 -1
12 1 2 111 176 -1
12 1 2 111 177 -1
12 1 2 111 178 0.756867
12 1 2 112 176 0.73357
12 1 2 112 177 0.945705
12 1 2 112 178 -1
12 1 3 110 240 0.423941
12 1 3 110 241 -1
12 1 3 110 242 -1
12 1 3 111 240 0.0289662
12 1 3 111 241 0.541992
12 1 3 111 242 0.42318
12 1 3 112 240 0.387991
12 1 3 112 241 0.239374
12 1 3 112 242 0.294122
12 1 4 110 300 0.918262
12 1 4 110 301 -1
12 1 4 110 302 -1
12 1 4 111 300 -1
12 1 4 111 301 0.89336
12 1 4 111 302 0.412253
12 1 4 112 300 0.599307
12 1 4 112 301 -1
12 1 4 112 302 -1
12 2 3 176 240 0.546893
12 2 3 176 241 -1
12 2 3 176 242 -1
12 2 3 177 240 -1
12 2 3 177 241 0.253306
12 2 3 177 242 -1
12 2 3 178 240 -1
12 2 3 178 241 0.77057
12 2 3 178 242 -1
12 2 4 176 300 -1
12 2 4 176 301 -1
12 2 4 176 302 -1
12 2 4 177 300 0.75966
12 2 4 177 301 -1
12 2 4 177 302 -1
12 2 4 178 300 -1
12 2 4 178 301 0.875403
12 2 4 178 302 -1
12 3 4 240 300 0.19737
12 3 4 240 301 0.199968
12 3 4 240 302 0.154492
12 3 4 241 300 -1
12 3 4 241 301 0.373394
12 3 4 241 302 0.240736
12 3 4 242 300 -1
12 3 4 242 301 0.227478
12 3 4 242 302 0.450904
13 0 1 47 113 0.391278
13 0 1 47 114 0.861306
13 0 1 47 115 -1
13 0 1 47 116 -1
13 0 1 48 113 0.573601
13 0 1 48 114 -1
13 0 1 48 115 -1
13 0 1 48 116 -1
13 0 1 49 113 0.0351215
13 0 1 49 114 -1
13 0 1 49 115 -1
13 0 1 49 116 0.653535
13 0 2 47 179 -1
13 0 2 47 180 0.353666
13 0 2 47 181 0.800916
13 0 2 47 182 -1
13 0 2 48 179 0.964873
13 0 2 48 180 -1
13 0 2 48 181 -1
13 0 2 48 182 -1
13 0 2 49 179 -1
13 0 2 49 180 -1
13 0 2 49 181 -1
13 0 2 49 182 0.629124
13 0 3 47 243 -1
13 0 3 47 244 -1
13 0 3 47 245 -1
13 0 3 47 246 0.836355
13 0 3 48 243 -1
13 0 3 48 244 0.371371
13 0 3 48 245 -1
13 0 3 48 246 -1
13 0 3 49 243 -1
13 0 3 49 244 -1
13 0 3 49 245 0.651769
13 0 3 49 246 -1
13 0 4 47 303 -1
13 0 4 47 304 0.463129
13 0 4 47 305 0.971889
13 0 4 47 306 -1
13 0 4 48 303 -1
13 0 4 48 304 -1
13 0 4 48 305 -1
13 0 4 48 306 0.812333
13 0 4 49 303 -1
13 0 4 49 304 0.615835
13 0 4 49 305 0.76258
13 0 4 49 306 -1
13 1 2 113 179 0.828762
13 1 2 113 180 0.123404
13 1 2 113 181 -1
13 1 2 113 182 -1
13 1 2 114 179 -1
13 1 2 114 180 -1
13 1 2 114 181 0.815865
13 1 2 114 182 -1
13 1 2 115 179 -1
13 1 2 115 180 0.994435
13 1 2 115 181 -1
13 1 2 115 182 -1
13 1 2 116 179 -1
13 1 2 116 180 -1
13 1 2 116 181 -1
13 1 2 116 182 0.772757
13 1 3 113 243 0.685792
13 1 3 113 244 0.179602
13 1 3 113 245 -1
13 1 3 113 246 -1
13 1 3 114 243 -1
13 1 3 114 244 -1
13 1 3 114 245 0.826656
13 1 3 114 246 0.933331
13 1 3 115 243 0.897989
13 1 3 115 244 -1
13 1 3 115 245 -1
13 1 3 115 246 -1
13 1 3 116 243 -1
13 1 3 116 244 -1
13 1 3 116 245 0.637866
13 1 3 116 246 0.224122
13 1 4 113 303 -1
13 1 4 113 304 -1
13 1 4 113 305 -1
13 1 4 113 306 0.753414
13 1 4 114 303 -1
13 1 4 114 304 -1
13 1 4 114 305 0.827835
13 1 4 114 306 -1
13 1 4 115 303 0.993957
13 1 4 115 304 -1
13 1 4 115 305 -1
13 1 4 115 306 -1
13 1 4 116 303 -1
13 1 4 116 304 0.945431
13 1 4 116 305 -1
13 1 4 116 306 -1
13 2 3 179 243 -1
13 2 3 179 244 0.439026
13 2 3 179 245 -1
13 2 3 179 246 -1
13 2 3 180 243 0.998879
13 2 3 180 244 -1
13 2 3 180 245 -1
13 2 3 180 246 -1
13 2 3 181 243 -1
13 2 3 181 244 -1
13 2 3 181 245 -1
13 2 3 181 246 0.947857
13 2 3 182 243 -1
13 2 3 182 244 -1
13 2 3 182 245 0.870162
13 2 3 182 246 -1
13 2 4 179 303 -1
13 2 4 179 304 -1
13 2 4 179 305 -1
13 2 4 179 306 0.940906
13 2 4 180 303 0.992496
13 2 4 180 304 -1
13 2 4 180 305 -1
13 2 4 180 306 -1
13 2 4 181 303 -1
13 2 4 181 304 -1
13 2 4 181 305 0.972583
13 2 4 181 306 -1
13 2 4 182 303 -1
13 2 4 182 304 0.893149
13 2 4 182 305 -1
13 2 4 182 306 -1
13 3 4 243 303 0.854179
13 3 4 243 304 -1
13 3 4 243 305 -1
13 3 4 243 306 -1
13 3 4 244 303 -1
13 3 4 244 304 -1
13 3 4 244 305 0.0713049
13 3 4 244 306 0.375095
13 3 4 245 303 -1
13 3 4 245 304 0.826145
13 3 4 245 305 -1
13 3 4 245 306 -1
13 3 4 246 303 -1
13 3 4 246 304 -1
13 3 4 246 305 0.932413
13 3 4 246 306 -1
14 0 1 50 117 0.225314
14 0 1 50 118 0.963386
14 0 1 50 119 -1
14 0 1 50 120 -1
14 0 1 51 117 0.489534
14 0 1 51 118 -1
14 0 1 51 119 -1
14 0 1 51 120 -1
14 0 1 52 117 0.285152
14 0 1 52 118 -1
14 0 1 52 119 0.704194
14 0 1 52 120 -1
14 0 2 50 183 -1
14 0 2 50 184 -1
14 0 2 50 185 0.726375
14 0 2 50 186 -1
14 0 2 51 183 0.978859
14 0 2 51 184 -1
14 0 2 51 185 -1
14 0 2 51 186 -1
14 0 2 52 183 -1
14 0 2 52 184 0.534949
14 0 2 52 185 -1
14 0 2 52 186 0.539147
14 0 3 50 247 -1
14 0 3 50 248 -1
14 0 3 50 249 0.957143
14 0 3 51 247 0.912465
14 0 3 51 248 -1
14 0 3 51 249 -1
14 0 3 52 247 -1
14 0 3 52 248 0.776506
14 0 3 52 249 -1
14 0 4 50 307 -1
14 0 4 50 308 0.181333
14 0 4 50 309 0.973979
14 0 4 50 310 -1
14 0 4 51 307 -1
14 0 4 51 308 -1
14 0 4 51 309 -1
14 0 4 51 310 0.661945
14 0 4 52 307 -1
14 0 4 52 308 0.988128
14 0 4 52 309 -1
14 0 4 52 310 -1
14 1 2 117 183 0.977151
14 1 2 117 184 0.878855
14 1 2 117 185 -1
14 1 2 117 186 -1
14 1 2 118 183 -1
14 1 2 118 184 -1
14 1 2 118 185 0.466784
14 1 2 118 186 0.67202
14 1 2 119 183 -1
14 1 2 119 184 -1
14 1 2 119 185 0.259745
14 1 2 119 186 0.745731
14 1 2 120 183 0.880206
14 1 2 120 184 0.938772
14 1 2 120 185 -1
14 1 2 120 186 -1
14 1 3 117 247 0.867573
14 1 3 117 248 -1
14 1 3 117 249 -1
14 1 3 118 247 -1
14 1 3 118 248 0.376103
14 1 3 118 249 0.937451
14 1 3 119 247 -1
14 1 3 119 248 0.924757
14 1 3 119 249 0.00575602
14 1 3 120 247 -1
14 1 3 120 248 -1
14 1 3 120 249 -1
14 1 4 117 307 0.533204
14 1 4 117 308 -1
14 1 4 117 309 -1
14 1 4 117 310 0.0691664
14 1 4 118 307 -1
14 1 4 118 308 -1
14 1 4 118 309 0.974288
14 1 4 118 310 -1
14 1 4 119 307 -1
14 1 4 119 308 0.917974
14 1 4 119 309 -1
14 1 4 119 310 -1
14 1 4 120 307 0.888806
14 1 4 120 308 -1
14 1 4 120 309 -1
14 1 4 120 310 -1
14 2 3 183 247 0.923099
14 2 3 183 248 -1
14 2 3 183 249 -1
14 2 3 184 247 -1
14 2 3 184 248 -1
14 2 3 184 249 -1
14 2 3 185 247 -1
14 2 3 185 248 -1
14 2 3 185 249 0.643424
14 2 3 186 247 -1
14 2 3 186 248 0.727755
14 2 3 186 249 -1
14 2 4 183 307 0.180872
14 2 4 183 308 -1
14 2 4 183 309 -1
14 2 4 183 310 0.0291651
14 2 4 184 307 0.840468
14 2 4 184 308 -1
14 2 4 184 309 -1
14 2 4 184 310 -1
14 2 4 185 307 -1
14 2 4 185 308 -1
14 2 4 185 309 0.425732
14 2 4 185 310 -1
14 2 4 186 307 -1
14 2 4 186 308 0.754678
14 2 4 186 309 -1
14 2 4 186 310 -1
14 3 4 247 307 -1
14 3 4 247 308 0.435134
14 3 4 247 309 -1
14 3 4 247 310 -1
14 3 4 248 307 -1
14 3 4 248 308 0.992764
14 3 4 248 309 -1
14 3 4 248 310 -1
14 3 4 249 307 -1
14 3 4 249 308 -1
14 3 4 249 309 0.895964
14 3 4 249 310 0.0906565
15 0 1 53 121 -1
15 0 1 53 122 0.92604
15 0 1 53 123 -1
15 0 1 54 121 -1
15 0 1 54 122 0.901756
15 0 1 54 123 0.0571677
15 0 1 55 121 -1
15 0 1 55 122 -1
15 0 1 55 123 0.96217
15 0 2 53 187 0.970203
15 0 2 53 188 -1
15 0 2 53 189 -1
15 0 2 54 187 -1
15 0 2 54 188 -1
15 0 2 54 189 -1
15 0 2 55 187 -1
15 0 2 55 188 0.141292
15 0 2 55 189 -1
15 0 3 53 250 -1
15 0 3 53 251 0.983077
15 0 3 54 250 0.798325
15 0 3 54 251 -1
15 0 3 55 250 0.610909
15 0 3 55 251 -1
15 0 4 53 311 -1
15 0 4 53 312 0.658504
15 0 4 53 313 0.997651
15 0 4 54 311 0.912726
15 0 4 54 312 -1
15 0 4 54 313 -1
15 0 4 55 311 -1
15 0 4 55 312 0.802616
15 0 4 55 313 0.646246
15 1 2 121 187 0.368924
15 1 2 121 188 0.591597
15 1 2 121 189 0.0394784
15 1 2 122 187 0.444548
15 1 2 122 188 0.944085
15 1 2 122 189 -1
15 1 2 123 187 -1
15 1 2 123 188 -1
15 1 2 123 189 -1
15 1 3 121 250 -1
15 1 3 121 251 -1
15 1 3 122 250 0.502873
15 1 3 122 251 0.497127
15 1 3 123 250 0.501743
15 1 3 123 251 0.0778944
15 1 4 121 311 0.497648
15 1 4 121 312 0.0519177
15 1 4 121 313 0.450434
15 1 4 122 311 0.994239
15 1 4 122 312 -1
15 1 4 122 313 0.604799
15 1 4 123 311 -1
15 1 4 123 312 0.807898
15 1 4 123 313 -1
15 2 3 187 250 -1
15 2 3 187 251 0.97489
15 2 3 188 250 -1
15 2 3 188 251 -1
15 2 3 189 250 -1
15 2 3 189 251 -1
15 2 4 187 311 0.4169
15 2 4 187 312 -1
15 2 4 187 313 0.871605
15 2 4 188 311 0.978589
15 2 4 188 312 -1
15 2 4 188 313 0.391103
15 2 4 189 311 -1
15 2 4 189 312 -1
15 2 4 189 313 -1
15 3 4 250 311 0.866953
15 3 4 250 312 0.629325
15 3 4 250 313 -1
15 3 4 251 311 -1
15 3 4 251 312 -1
15 3 4 251 313 0.866224
16 0 1 56 124 -1
16 0 1 56 125 -1
16 0 1 56 126 -1
16 0 1 57 124 0.880262
16 0 1 57 125 -1
16 0 1 57 126 -1
16 0 1 58 124 -1
16 0 1 58 125 -1
16 0 1 58 126 0.952416
16 0 2 56 190 -1
16 0 2 56 191 -1
16 0 2 56 192 -1
16 0 2 57 190 0.98443
16 0 2 57 191 -1
16 0 2 57 192 -1
16 0 2 58 190 -1
16 0 2 58 191 0.98455
16 0 2 58 192 0.64867
16 0 3 56 252 -1
16 0 3 56 253 -1
16 0 3 56 254 -1
16 0 3 57 252 0.868572
16 0 3 57 253 -1
16 0 3 57 254 -1
16 0 3 58 252 -1
16 0 3 58 253 0.888593
16 0 3 58 254 -1
16 0 4 56 314 -1
16 0 4 56 315 -1
16 0 4 56 316 -1
16 0 4 57 314 -1
16 0 4 57 315 -1
16 0 4 57 316 -1
16 0 4 58 314 0.569089
16 0 4 58 315 -1
16 0 4 58 316 -1
16 1 2 124 190 0.991598
16 1 2 124 191 0.513108
16 1 2 124 192 -1
16 1 2 125 190 -1
16 1 2 125 191 -1
16 1 2 125 192 0.701577
16 1 2 126 190 0.0381609
16 1 2 126 191 0.899316
16 1 2 126 192 -1
16 1 3 124 252 0.783296
16 1 3 124 253 -1
16 1 3 124 254 -1
16 1 3 125 252 0.0207215
16 1 3 125 253 0.718047
16 1 3 125 254 0.261232
16 1 3 126 252 -1
16 1 3 126 253 0.687599
16 1 3 126 254 -1
16 1 4 124 314 0.711159
16 1 4 124 315 -1
16 1 4 124 316 -1
16 1 4 125 314 -1
16 1 4 125 315 0.926477
16 1 4 125 316 -1
16 1 4 126 314 0.403824
16 1 4 126 315 -1
16 1 4 126 316 -1
16 2 3 190 252 0.85373
16 2 3 190 253 -1
16 2 3 190 254 -1
16 2 3 191 252 -1
16 2 3 191 253 0.782265
16 2 3 191 254 -1
16 2 3 192 252 -1
16 2 3 192 253 0.798915
16 2 3 192 254 -1
16 2 4 190 314 -1
16 2 4 190 315 -1
16 2 4 190 316 -1
16 2 4 191 314 0.495577
16 2 4 191 315 -1
16 2 4 191 316 -1
16 2 4 192 314 -1
16 2 4 192 315 0.928457
16 2 4 192 316 -1
16 3 4 252 314 0.157676
16 3 4 252 315 0.814723
16 3 4 252 316 0.0276006
16 3 4 253 314 -1
16 3 4 253 315 0.982155
16 3 4 253 316 -1
16 3 4 254 314 -1
16 3 4 254 315 -1
16 3 4 254 316 0.90953
17 0 1 59 127 0.0487879
17 0 1 59 128 0.905095
17 0 1 59 129 -1
17 0 1 59 130 -1
17 0 1 60 127 0.0779058
17 0 1 60 128 0.0523084
17 0 1 60 129 -1
17 0 1 60 130 -1
17 0 1 61 127 0.455994
17 0 1 61 128 -1
17 0 1 61 129 0.686317
17 0 1 61 130 -1
17 0 1 62 127 0.417313
17 0 1 62 128 -1
17 0 1 62 129 0.998782
17 0 1 62 130 -1
17 0 2 59 193 -1
17 0 2 59 194 -1
17 0 2 59 195 0.515774
17 0 2 59 196 -1
17 0 2 60 193 0.769356
17 0 2 60 194 -1
17 0 2 60 195 -1
17 0 2 60 196 -1
17 0 2 61 193 0.904318
17 0 2 61 194 -1
17 0 2 61 195 -1
17 0 2 61 196 -1
17 0 2 62 193 -1
17 0 2 62 194 0.921737
17 0 2 62 195 -1
17 0 2 62 196 0.0977783
17 0 3 59 255 -1
17 0 3 59 256 -1
17 0 3 59 257 0.997517
17 0 3 60 255 0.950315
17 0 3 60 256 -1
17 0 3 60 257 -1
17 0 3 61 255 0.632393
17 0 3 61 256 -1
17 0 3 61 257 -1
17 0 3 62 255 -1
17 0 3 62 256 0.914393
17 0 3 62 257 -1
17 0 4 59 317 -1
17 0 4 59 318 0.981596
17 0 4 59 319 0.0633122
17 0 4 59 320 -1
17 0 4 60 317 -1
17 0 4 60 318 -1
17 0 4 60 319 -1
17 0 4 60 320 0.954262
17 0 4 61 317 -1
17 0 4 61 318 -1
17 0 4 61 319 -1
17 0 4 61 320 -1
17 0 4 62 317 -1
17 0 4 62 318 0.971917
17 0 4 62 319 0.00990731
17 0 4 62 320 -1
17 1 2 127 193 0.756392
17 1 2 127 194 0.509941
17 1 2 127 195 -1
17 1 2 127 196 -1
17 1 2 128 193 -1
17 1 2 128 194 -1
17 1 2 128 195 0.728199
17 1 2 128 196 0.667632
17 1 2 129 193 -1
17 1 2 129 194 -1
17 1 2 129 195 0.649489
17 1 2 129 196 0.677884
17 1 2 130 193 0.312987
17 1 2 130 194 0.936927
17 1 2 130 195 -1
17 1 2 130 196 -1
17 1 3 127 255 0.812198
17 1 3 127 256 -1
17 1 3 127 257 -1
17 1 3 128 255 -1
17 1 3 128 256 0.620946
17 1 3 128 257 0.470598
17 1 3 129 255 -1
17 1 3 129 256 0.778419
17 1 3 129 257 0.837503
17 1 3 130 255 -1
17 1 3 130 256 -1
17 1 3 130 257 -1
17 1 4 127 317 0.747308
17 1 4 127 318 -1
17 1 4 127 319 -1
17 1 4 127 320 -1
17 1 4 128 317 -1
17 1 4 128 318 -1
17 1 4 128 319 0.396013
17 1 4 128 320 -1
17 1 4 129 317 -1
17 1 4 129 318 0.573498
17 1 4 129 319 0.230265
17 1 4 129 320 -1
17 1 4 130 317 0.930372
17 1 4 130 318 -1
17 1 4 130 319 -1
17 1 4 130 320 -1
17 2 3 193 255 0.765958
17 2 3 193 256 -1
17 2 3 193 257 -1
17 2 3 194 255 -1
17 2 3 194 256 -1
17 2 3 194 257 0.822925
17 2 3 195 255 -1
17 2 3 195 256 -1
17 2 3 195 257 0.366547
17 2 3 196 255 -1
17 2 3 196 256 0.194024
17 2 3 196 257 -1
17 2 4 193 317 0.501888
17 2 4 193 318 -1
17 2 4 193 319 -1
17 2 4 193 320 -1
17 2 4 194 317 0.849264
17 2 4 194 318 -1
17 2 4 194 319 -1
17 2 4 194 320 -1
17 2 4 195 317 -1
17 2 4 195 318 -1
17 2 4 195 319 0.999492
17 2 4 195 320 -1
17 2 4 196 317 -1
17 2 4 196 318 0.547971
17 2 4 196 319 -1
17 2 4 196 320 -1
17 3 4 255 317 -1
17 3 4 255 318 0.645122
17 3 4 255 319 -1
17 3 4 255 320 -1
17 3 4 256 317 -1
17 3 4 256 318 0.947958
17 3 4 256 319 -1
17 3 4 256 320 -1
17 3 4 257 317 -1
17 3 4 257 318 -1
17 3 4 257 319 0.583379
17 3 4 257 320 -1
18 0 1 63 131 0.270973
18 0 1 63 132 0.962895
18 0 1 63 133 -1
18 0 1 63 134 -1
18 0 1 64 131 0.325992
18 0 1 64 132 0.257411
18 0 1 64 133 -1
18 0 1 64 134 -1
18 0 1 65 131 0.241151
18 0 1 65 132 -1
18 0 1 65 133 -1
18 0 1 65 134 -1
18 0 1 66 131 0.161884
18 0 1 66 132 -1
18 0 1 66 133 0.166297
18 0 1 66 134 0.699011
18 0 2 63 197 -1
18 0 2 63 198 0.967586
18 0 2 63 199 -1
18 0 2 64 197 -1
18 0 2 64 198 -1
18 0 2 64 199 -1
18 0 2 65 197 -1
18 0 2 65 198 -1
18 0 2 65 199 -1
18 0 2 66 197 -1
18 0 2 66 198 -1
18 0 2 66 199 0.155253
18 0 3 63 258 0.949331
18 0 3 64 258 -1
18 0 3 65 258 -1
18 0 3 66 258 -1
18 0 4 63 321 0.225071
18 0 4 63 322 -1
18 0 4 63 323 0.797429
18 0 4 64 321 -1
18 0 4 64 322 -1
18 0 4 64 323 -1
18 0 4 65 321 -1
18 0 4 65 322 -1
18 0 4 65 323 -1
18 0 4 66 321 0.714546
18 0 4 66 322 -1
18 0 4 66 323 0.133002
18 1 2 131 197 0.3229
18 1 2 131 198 -1
18 1 2 131 199 -1
18 1 2 132 197 -1
18 1 2 132 198 0.908082
18 1 2 132 199 -1
18 1 2 133 197 0.86843
18 1 2 133 198 -1
18 1 2 133 199 -1
18 1 2 134 197 -1
18 1 2 134 198 -1
18 1 2 134 199 0.599536
18 1 3 131 258 -1
18 1 3 132 258 0.987249
18 1 3 133 258 -1
18 1 3 134 258 0.182772
18 1 4 131 321 -1
18 1 4 131 322 0.18869
18 1 4 131 323 -1
18 1 4 132 321 -1
18 1 4 132 322 -1
18 1 4 132 323 0.840281
18 1 4 133 321 -1
18 1 4 133 322 0.730871
18 1 4 133 323 -1
18 1 4 134 321 0.718754
18 1 4 134 322 -1
18 1 4 134 323 -1
18 2 3 197 258 -1
18 2 3 198 258 0.926797
18 2 3 199 258 -1
18 2 4 197 321 -1
18 2 4 197 322 0.537079
18 2 4 197 323 -1
18 2 4 198 321 -1
18 2 4 198 322 -1
18 2 4 198 323 0.792906
18 2 4 199 321 0.864246
18 2 4 199 322 -1
18 2 4 199 323 -1
18 3 4 258 321 -1
18 3 4 258 322 -1
18 3 4 258 323 0.939233
end of Frame 268
