J OverallIdx viewIdx joint种类0-18(jointIdx) 该joint在图中的顺序(candidix) x y score
0 0 0 0 33.8016 383.79 0.752443
1 0 0 1 664.579 394.314 0.574374
2 0 0 2 325.23 434.382 0.598357
3 0 1 0 661.725 198.275 0.735821
4 0 1 1 325.381 208.803 0.896166
5 0 1 2 36.4244 244.518 0.906291
6 0 2 0 678.613 392.228 0.469558
7 0 2 1 372.91 438.592 0.578681
8 0 3 0 75.6787 385.867 0.727774
9 0 3 1 658.977 396.42 0.602696
10 0 3 2 280.284 432.281 0.584805
11 0 4 0 594.506 143.319 0.84432
12 0 4 1 75.7254 183.437 0.849748
13 0 5 0 670.275 196.133 0.601707
14 0 5 1 403.811 210.889 0.811752
15 0 6 0 255.154 204.523 0.792262
16 0 6 1 645.076 202.446 0.792033
17 0 6 2 89.7016 244.688 0.849487
18 0 7 0 667.442 554.57 0.556792
19 0 7 1 347.753 628.421 0.737566
20 0 8 0 72.9322 491.294 0.773873
21 0 8 1 661.783 562.94 0.676739
22 0 8 2 260.761 611.504 0.733914
23 0 9 0 384.235 128.598 0.844364
24 0 9 1 30.8744 179.32 0.865405
25 0 10 0 308.478 122.247 0.827796
26 0 10 1 633.814 139.189 0.850646
27 0 11 0 437.362 345.893 0.887022
28 0 12 0 670.29 278.442 0.847477
29 0 12 1 103.816 314.25 0.885518
30 0 12 2 215.937 337.422 0.846569
31 0 13 0 673.092 666.363 0.684596
32 0 13 1 328.179 765.519 0.325874
33 0 14 0 75.7902 594.613 0.803162
34 0 14 1 689.943 716.933 0.727385
35 0 14 2 232.823 765.525 0.434562
36 0 15 0 415.121 432.237 0.693684
37 0 16 0 625.408 347.922 0.810953
38 0 16 1 120.544 379.467 0.8884
39 0 16 2 260.731 411.241 0.676266
40 0 17 0 72.9316 619.968 0.757739
41 0 17 1 616.983 733.858 0.779833
42 0 18 0 28.0478 598.859 0.502455
43 0 18 1 633.81 666.415 0.804461
44 1 0 0 98.1477 402.777 0.752739
45 1 0 1 681.523 398.561 0.71801
46 1 1 0 684.221 236.155 0.885477
47 1 1 1 78.3605 250.906 0.878957
48 1 2 0 67.3077 402.763 0.687698
49 1 2 1 706.821 398.557 0.719615
50 1 3 0 123.473 402.743 0.755566
51 1 3 1 653.385 398.56 0.665211
52 1 4 0 126.247 191.88 0.921263
53 1 4 1 622.616 189.785 0.832366
54 1 5 0 728.997 242.522 0.888758
55 1 5 1 33.7245 248.816 0.844911
56 1 6 0 639.496 229.892 0.881926
57 1 6 1 120.473 253.063 0.813929
58 1 7 0 701.084 501.915 0.690816
59 1 7 1 58.8941 510.301 0.835384
60 1 8 0 123.524 514.487 0.901418
61 1 8 1 616.829 527.175 0.781527
62 1 9 0 81.3703 187.68 0.871185
63 1 10 0 658.941 177.036 0.93777
64 1 11 0 751.663 331.011 0.941456
65 1 12 0 134.586 328.949 0.870503
66 1 12 1 633.808 328.917 0.892802
67 1 13 0 728.972 579.843 0.459036
68 1 13 1 681.497 649.574 0.808476
69 1 14 0 129.094 615.753 0.837523
70 1 14 1 611.316 657.917 0.749875
71 1 15 0 709.561 381.648 0.787585
72 1 15 1 33.8324 396.406 0.863155
73 1 16 0 168.141 392.152 0.88568
74 1 16 1 614.216 396.532 0.848582
75 1 17 0 171.112 636.862 0.791672
76 1 17 1 549.659 662.14 0.776513
77 1 18 0 726.183 596.782 0.343611
78 1 18 1 36.5366 632.567 0.703513
79 1 18 2 647.805 643.174 0.339741
80 2 0 0 482.366 231.947 0.800587
81 2 0 1 720.665 373.231 0.65607
82 2 0 2 109.349 735.952 0.162804
83 2 0 3 98.1781 761.202 0.163639
84 2 1 0 493.545 90.7299 0.879963
85 2 1 1 748.643 225.603 0.771672
86 2 1 2 33.6671 525.081 0.580234
87 2 2 0 457.099 229.822 0.789129
88 2 2 1 723.54 366.946 0.576694
89 2 2 2 67.2982 761.233 0.191595
90 2 3 0 507.639 236.148 0.744757
91 2 3 1 712.31 377.445 0.718378
92 2 3 2 142.983 719.051 0.160462
93 2 4 0 482.437 46.4357 0.909132
94 2 4 1 689.935 168.66 0.820423
95 2 5 0 445.921 82.2591 0.820579
96 2 5 1 731.966 210.964 0.652338
97 2 5 2 30.7974 579.856 0.565163
98 2 6 0 541.221 96.9674 0.81425
99 2 6 1 751.713 238.262 0.827657
100 2 6 2 25.1965 468.164 0.375379
101 2 7 0 456.992 326.765 0.815836
102 2 7 1 703.963 478.637 0.722329
103 2 8 0 527.266 328.963 0.886048
104 2 8 1 684.307 480.834 0.786013
105 2 9 0 462.758 40.0082 0.257408
106 2 9 1 81.4417 415.413 0.846747
107 2 10 0 521.543 42.176 0.816746
108 2 10 1 748.782 160.201 0.965903
109 2 11 0 406.645 113.854 0.869729
110 2 12 0 591.666 153.886 0.875269
111 2 12 1 757.16 339.508 0.825327
112 2 12 2 84.1478 535.604 0.208719
113 2 13 0 456.974 396.491 0.887058
114 2 13 1 687.073 552.458 0.74248
115 2 14 0 546.918 407.011 0.863545
116 2 14 1 681.496 594.668 0.784838
117 2 15 0 434.625 175.076 0.907872
118 2 15 1 137.359 763.263 0.626015
119 2 16 0 546.9 202.427 0.87537
120 2 16 1 703.935 381.641 0.88532
121 2 16 2 151.483 582.086 0.639289
122 2 17 0 546.918 440.722 0.797711
123 2 17 1 631.023 615.772 0.77036
124 2 18 0 417.903 425.974 0.77626
125 2 18 1 639.385 552.448 0.863293
126 3 0 0 277.643 352.151 0.773006
127 3 1 0 260.85 191.943 0.931879
128 3 1 1 701.047 215.116 0.619238
129 3 2 0 241.141 354.269 0.719963
130 3 3 0 305.701 350.029 0.757681
131 3 4 0 283.223 126.584 0.954135
132 3 4 1 563.728 143.453 0.620686
133 3 5 0 213.104 193.954 0.878057
134 3 5 1 911.459 193.946 0.527916
135 3 6 0 316.828 191.818 0.827625
136 3 6 1 490.797 242.459 0.481921
137 3 7 0 241.268 478.695 0.769421
138 3 8 0 325.437 463.918 0.889812
139 3 9 0 773.986 29.5584 0.320412
140 3 9 1 241.125 126.545 0.88553
141 3 10 0 605.717 33.7644 0.321606
142 3 10 1 591.629 126.641 0.337203
143 3 11 0 148.576 248.851 0.889336
144 3 11 1 978.699 579.85 0.397819
145 3 12 0 347.567 244.528 0.934253
146 3 12 1 437.502 601.017 0.377856
147 3 13 0 255.128 579.889 0.810804
148 3 14 0 333.697 552.516 0.814188
149 3 15 0 201.867 303.638 0.811727
150 3 16 0 336.505 293.167 0.859444
151 3 17 0 372.968 573.535 0.716043
152 3 18 0 258.079 600.964 0.574305
153 4 0 0 588.838 286.779 0.725691
154 4 0 1 443.058 328.918 0.452691
155 4 1 0 460.005 111.812 0.518497
156 4 1 1 572.142 141.324 0.951025
157 4 2 0 552.53 288.878 0.733126
158 4 2 1 454.268 326.864 0.528253
159 4 3 0 616.88 284.675 0.768908
160 4 3 1 437.504 328.938 0.361796
161 4 4 0 527.28 42.1824 0.858046
162 4 4 1 611.368 90.6221 0.877839
163 4 5 0 460.064 116.002 0.771629
164 4 5 1 527.377 143.465 0.891934
165 4 6 0 457.099 109.654 0.338353
166 4 6 1 616.935 137.104 0.874697
167 4 7 0 569.152 396.455 0.811165
168 4 7 1 465.494 497.721 0.694984
169 4 8 0 636.636 394.254 0.839252
170 4 8 1 437.543 482.919 0.717697
171 4 9 0 482.422 42.2804 0.932033
172 4 9 1 563.642 78.1199 0.866672
173 4 11 0 440.228 206.675 0.811375
174 4 11 1 504.722 217.171 0.822988
175 4 12 0 625.34 210.925 0.841759
176 4 13 0 572.142 495.586 0.870608
177 4 13 1 462.688 666.308 0.803474
178 4 14 0 639.279 493.429 0.859558
179 4 14 1 412.177 615.666 0.791094
180 4 15 0 468.296 267.815 0.743131
181 4 15 1 535.628 280.493 0.771991
182 4 16 0 636.449 276.141 0.827195
183 4 17 0 684.184 512.453 0.925534
184 4 18 0 597.34 520.815 0.827371
185 4 18 1 541.285 685.4 0.729405
P viewIdx, pafIdx, aOverAllIdx, bOverAllIdx, CandidAIdx, CandidBIdx, score
0 0 3 0 0 0 0
0 0 3 1 0 1 0.948232
0 0 3 2 0 2 0
0 0 4 0 1 0 0
0 0 4 1 1 1 0
0 0 4 2 1 2 0.992861
0 0 5 0 2 0 0.997117
0 0 5 1 2 1 0
0 0 5 2 2 2 0
0 1 6 18 0 0 0.913149
0 1 6 19 0 1 0
0 1 7 18 1 0 0
0 1 7 19 1 1 0.960346
0 2 18 31 0 0 0.965584
0 2 18 32 0 1 0
0 2 19 31 1 0 0
0 2 19 32 1 1 0.965776
0 3 0 6 0 0 0
0 3 0 7 0 1 0
0 3 1 6 1 0 0.798345
0 3 1 7 1 1 0
0 3 2 6 2 0 0
0 3 2 7 2 1 0.882639
0 4 0 8 0 0 0.934049
0 4 0 9 0 1 0
0 4 0 10 0 2 0
0 4 1 8 1 0 0
0 4 1 9 1 1 0.783728
0 4 1 10 1 2 0
0 4 2 8 2 0 0
0 4 2 9 2 1 0
0 4 2 10 2 2 0.877757
0 5 8 20 0 0 0.988649
0 5 8 21 0 1 0
0 5 8 22 0 2 0
0 5 9 20 1 0 0
0 5 9 21 1 1 0.980324
0 5 9 22 1 2 0
0 5 10 20 2 0 0
0 5 10 21 2 1 0
0 5 10 22 2 2 0.965332
0 6 20 33 0 0 0.987467
0 6 20 34 0 1 0
0 6 20 35 0 2 0
0 6 21 33 1 0 0
0 6 21 34 1 1 0.976417
0 6 21 35 1 2 0
0 6 22 33 2 0 0
0 6 22 34 2 1 0
0 6 22 35 2 2 0.962875
0 7 3 13 0 0 0.893653
0 7 3 14 0 1 0
0 7 4 13 1 0 0
0 7 4 14 1 1 0.994119
0 7 5 13 2 0 0
0 7 5 14 2 1 0
0 8 13 27 0 0 0
0 8 14 27 1 0 0.994779
0 9 27 36 0 0 0.962467
0 10 13 23 0 0 0
0 10 13 24 0 1 0
0 10 14 23 1 0 0.99849
0 10 14 24 1 1 0
0 11 3 15 0 0 0
0 11 3 16 0 1 0.914335
0 11 3 17 0 2 0
0 11 4 15 1 0 0.986667
0 11 4 16 1 1 0
0 11 4 17 1 2 0
0 11 5 15 2 0 0
0 11 5 16 2 1 0
0 11 5 17 2 2 0.996442
0 12 15 28 0 0 0
0 12 15 29 0 1 0
0 12 15 30 0 2 0.977723
0 12 16 28 1 0 0.988154
0 12 16 29 1 1 0
0 12 16 30 1 2 0
0 12 17 28 2 0 0
0 12 17 29 2 1 0.990551
0 12 17 30 2 2 0
0 13 28 37 0 0 0.94028
0 13 28 38 0 1 0
0 13 28 39 0 2 0
0 13 29 37 1 0 0
0 13 29 38 1 1 0.995961
0 13 29 39 1 2 0
0 13 30 37 2 0 0
0 13 30 38 2 1 0
0 13 30 39 2 2 0.986845
0 14 15 25 0 0 0.984907
0 14 15 26 0 1 0
0 14 16 25 1 0 0
0 14 16 26 1 1 0.989934
0 14 17 25 2 0 0
0 14 17 26 2 1 0
0 15 3 11 0 0 0.976659
0 15 3 12 0 1 0
0 15 4 11 1 0 0
0 15 4 12 1 1 0
0 15 5 11 2 0 0
0 15 5 12 2 1 0.970596
0 16 33 40 0 0 0.994627
0 16 33 41 0 1 0
0 16 34 40 1 0 0
0 16 34 41 1 1 0.947145
0 16 35 40 2 0 0
0 16 35 41 2 1 0
0 17 31 42 0 0 0
0 17 31 43 0 1 0.947519
0 17 32 42 1 0 0
0 17 32 43 1 1 0
1 0 46 44 0 0 0
1 0 46 45 0 1 0.989753
1 0 47 44 1 0 0.998392
1 0 47 45 1 1 0
1 1 48 58 0 0 0
1 1 48 59 0 1 0.973234
1 1 49 58 1 0 0.981808
1 1 49 59 1 1 0
1 2 58 67 0 0 0.493111
1 2 58 68 0 1 0.506889
1 2 59 67 1 0 0
1 2 59 68 1 1 0
1 3 44 48 0 0 0.928029
1 3 44 49 0 1 0
1 3 45 48 1 0 0
1 3 45 49 1 1 0.920997
1 4 44 50 0 0 0.92774
1 4 44 51 0 1 0
1 4 45 50 1 0 0
1 4 45 51 1 1 0.911114
1 5 50 60 0 0 0.999784
1 5 50 61 0 1 0
1 5 51 60 1 0 0
1 5 51 61 1 1 0.980382
1 6 60 69 0 0 0.997931
1 6 60 70 0 1 0
1 6 61 69 1 0 0
1 6 61 70 1 1 0.989244
1 7 46 54 0 0 0.994391
1 7 46 55 0 1 0
1 7 47 54 1 0 0
1 7 47 55 1 1 0.99724
1 8 54 64 0 0 0.996107
1 8 55 64 1 0 0
1 9 64 71 0 0 0.951412
1 9 64 72 0 1 0
1 10 54 62 0 0 0
1 10 55 62 1 0 0.958888
1 11 46 56 0 0 0.992971
1 11 46 57 0 1 0
1 11 47 56 1 0 0
1 11 47 57 1 1 0.993766
1 12 56 65 0 0 0
1 12 56 66 0 1 0.97896
1 12 57 65 1 0 0.991019
1 12 57 66 1 1 0
1 13 65 73 0 0 0.990983
1 13 65 74 0 1 0
1 13 66 73 1 0 0
1 13 66 74 1 1 0.991879
1 14 56 63 0 0 0.976332
1 14 57 63 1 0 0
1 15 46 52 0 0 0
1 15 46 53 0 1 0.992248
1 15 47 52 1 0 0.97524
1 15 47 53 1 1 0
1 16 69 75 0 0 0.98433
1 16 69 76 0 1 0
1 16 70 75 1 0 0
1 16 70 76 1 1 0.966604
1 17 67 77 0 0 0.761344
1 17 67 78 0 1 0
1 17 67 79 0 2 0
1 17 68 77 1 0 0
1 17 68 78 1 1 0
1 17 68 79 1 2 0.833906
2 0 84 80 0 0 0.997215
2 0 84 81 0 1 0
2 0 84 82 0 2 0
2 0 84 83 0 3 0
2 0 85 80 1 0 0
2 0 85 81 1 1 0.976285
2 0 85 82 1 2 0
2 0 85 83 1 3 0
2 0 86 80 2 0 0
2 0 86 81 2 1 0
2 0 86 82 2 2 0.503752
2 0 86 83 2 3 0.496248
2 1 87 101 0 0 0.992823
2 1 87 102 0 1 0
2 1 88 101 1 0 0
2 1 88 102 1 1 0.929884
2 1 89 101 2 0 0
2 1 89 102 2 1 0
2 2 101 113 0 0 0.99742
2 2 101 114 0 1 0
2 2 102 113 1 0 0
2 2 102 114 1 1 0.937993
2 3 80 87 0 0 0.952337
2 3 80 88 0 1 0
2 3 80 89 0 2 0
2 3 81 87 1 0 0
2 3 81 88 1 1 0.759824
2 3 81 89 1 2 0
2 3 82 87 2 0 0
2 3 82 88 2 1 0
2 3 82 89 2 2 0.496503
2 3 83 87 3 0 0
2 3 83 88 3 1 0
2 3 83 89 3 2 0.503497
2 4 80 90 0 0 0.940491
2 4 80 91 0 1 0
2 4 80 92 0 2 0
2 4 81 90 1 0 0
2 4 81 91 1 1 0.767486
2 4 81 92 1 2 0
2 4 82 90 2 0 0
2 4 82 91 2 1 0
2 4 82 92 2 2 0.506569
2 4 83 90 3 0 0
2 4 83 91 3 1 0
2 4 83 92 3 2 0.493431
2 5 90 103 0 0 0.985997
2 5 90 104 0 1 0
2 5 91 103 1 0 0
2 5 91 104 1 1 0.968807
2 5 92 103 2 0 0
2 5 92 104 2 1 0
2 6 103 115 0 0 0.993618
2 6 103 116 0 1 0
2 6 104 115 1 0 0
2 6 104 116 1 1 0.9827
2 7 84 95 0 0 0.997034
2 7 84 96 0 1 0
2 7 84 97 0 2 0
2 7 85 95 1 0 0
2 7 85 96 1 1 0.945472
2 7 85 97 1 2 0
2 7 86 95 2 0 0
2 7 86 96 2 1 0
2 7 86 97 2 2 0.910722
2 8 95 109 0 0 0.957202
2 8 96 109 1 0 0
2 8 97 109 2 0 0
2 9 109 117 0 0 0.98687
2 9 109 118 0 1 0
2 10 95 105 0 0 0.780052
2 10 95 106 0 1 0
2 10 96 105 1 0 0
2 10 96 106 1 1 0
2 10 97 105 2 0 0
2 10 97 106 2 1 0.914668
2 11 84 98 0 0 0.998714
2 11 84 99 0 1 0
2 11 84 100 0 2 0
2 11 85 98 1 0 0
2 11 85 99 1 1 0.942091
2 11 85 100 1 2 0
2 11 86 98 2 0 0
2 11 86 99 2 1 0
2 11 86 100 2 2 0.863327
2 12 98 110 0 0 0.986016
2 12 98 111 0 1 0
2 12 98 112 0 2 0
2 12 99 110 1 0 0
2 12 99 111 1 1 0.995527
2 12 99 112 1 2 0
2 12 100 110 2 0 0
2 12 100 111 2 1 0
2 12 100 112 2 2 0.804055
2 13 110 119 0 0 0.993716
2 13 110 120 0 1 0
2 13 110 121 0 2 0
2 13 111 119 1 0 0
2 13 111 120 1 1 0.970473
2 13 111 121 1 2 0
2 13 112 119 2 0 0
2 13 112 120 2 1 0
2 13 112 121 2 2 0.895254
2 14 98 107 0 0 0.992891
2 14 98 108 0 1 0
2 14 99 107 1 0 0
2 14 99 108 1 1 0.993318
2 14 100 107 2 0 0
2 14 100 108 2 1 0
2 15 84 93 0 0 0.988776
2 15 84 94 0 1 0
2 15 85 93 1 0 0
2 15 85 94 1 1 0.994807
2 15 86 93 2 0 0
2 15 86 94 2 1 0
2 16 115 122 0 0 0.996896
2 16 115 123 0 1 0
2 16 116 122 1 0 0
2 16 116 123 1 1 0.959325
2 17 113 124 0 0 0.963284
2 17 113 125 0 1 0
2 17 114 124 1 0 0
2 17 114 125 1 1 0.918585
3 0 127 126 0 0 0.999069
3 0 128 126 1 0 0
3 1 129 137 0 0 0.967107
3 2 137 147 0 0 0.985039
3 3 126 129 0 0 0.930272
3 4 126 130 0 0 0.925525
3 5 130 138 0 0 0.982474
3 6 138 148 0 0 0.993553
3 7 127 133 0 0 0.998377
3 7 127 134 0 1 0
3 7 128 133 1 0 0
3 7 128 134 1 1 0.929811
3 8 133 143 0 0 0.978731
3 8 133 144 0 1 0
3 8 134 143 1 0 0
3 8 134 144 1 1 0.857908
3 9 143 149 0 0 0.982507
3 9 144 149 1 0 0
3 10 133 139 0 0 0
3 10 133 140 0 1 0.977281
3 10 134 139 1 0 0.878772
3 10 134 140 1 1 0
3 11 127 135 0 0 0.999824
3 11 127 136 0 1 0
3 11 128 135 1 0 0
3 11 128 136 1 1 0.916709
3 12 135 145 0 0 0.991393
3 12 135 146 0 1 0
3 12 136 145 1 0 0
3 12 136 146 1 1 0.878586
3 13 145 150 0 0 0.981768
3 13 146 150 1 0 0
3 14 135 141 0 0 0
3 14 135 142 0 1 0
3 14 136 141 1 0 0
3 14 136 142 1 1 0.845706
3 15 127 131 0 0 0.967368
3 15 127 132 0 1 0
3 15 128 131 1 0 0
3 15 128 132 1 1 0
3 16 148 151 0 0 0.992708
3 17 147 152 0 0 0.941277
4 0 155 153 0 0 0
4 0 155 154 0 1 0.885763
4 0 156 153 1 0 0.996296
4 0 156 154 1 1 0
4 1 157 167 0 0 0.985512
4 1 157 168 0 1 0
4 1 158 167 1 0 0
4 1 158 168 1 1 0.981202
4 2 167 176 0 0 0.998947
4 2 167 177 0 1 0
4 2 168 176 1 0 0
4 2 168 177 1 1 0.989375
4 3 153 157 0 0 0.939627
4 3 153 158 0 1 0
4 3 154 157 1 0 0
4 3 154 158 1 1 0.690519
4 4 153 159 0 0 0.930472
4 4 153 160 0 1 0
4 4 154 159 1 0 0
4 4 154 160 1 1 0.686817
4 5 159 169 0 0 0.999603
4 5 159 170 0 1 0
4 5 160 169 1 0 0
4 5 160 170 1 1 0.927685
4 6 169 178 0 0 0.996791
4 6 169 179 0 1 0
4 6 170 178 1 0 0
4 6 170 179 1 1 0.979213
4 7 155 163 0 0 0.750068
4 7 155 164 0 1 0
4 7 156 163 1 0 0
4 7 156 164 1 1 0.996765
4 8 163 173 0 0 0.285967
4 8 163 174 0 1 0.257741
4 8 164 173 1 0 0.257374
4 8 164 174 1 1 0.285694
4 9 173 180 0 0 0.268062
4 9 173 181 0 1 0.250694
4 9 174 180 1 0 0.250262
4 9 174 181 1 1 0.268006
4 10 163 171 0 0 0.954237
4 10 163 172 0 1 0
4 10 164 171 1 0 0
4 10 164 172 1 1 0.965794
4 11 155 165 0 0 0.713046
4 11 155 166 0 1 0
4 11 156 165 1 0 0
4 11 156 166 1 1 0.99146
4 12 165 175 0 0 0
4 12 166 175 1 0 0.991053
4 13 175 182 0 0 0.994887
4 15 155 161 0 0 0.845255
4 15 155 162 0 1 0
4 15 156 161 1 0 0
4 15 156 162 1 1 0.977629
4 16 178 183 0 0 0.980488
4 16 179 183 1 0 0
4 17 176 184 0 0 0.98447
4 17 176 185 0 1 0
4 17 177 184 1 0 0
4 17 177 185 1 1 0.985259
E jointIdx viewA viewB aOverAllIdx bOverallIdx score
0 0 1 0 44 0.755443
0 0 1 0 45 0.154594
0 0 1 1 44 -1
0 0 1 1 45 0.192531
0 0 1 2 44 -1
0 0 1 2 45 0.618533
0 0 2 0 80 -1
0 0 2 0 81 -1
0 0 2 0 82 0.502741
0 0 2 0 83 0.228334
0 0 2 1 80 0.808565
0 0 2 1 81 -1
0 0 2 1 82 -1
0 0 2 1 83 -1
0 0 2 2 80 -1
0 0 2 2 81 0.750609
0 0 2 2 82 -1
0 0 2 2 83 -1
0 0 3 0 126 -1
0 0 3 1 126 0.766171
0 0 3 2 126 -1
0 0 4 0 153 -1
0 0 4 0 154 -1
0 0 4 1 153 -1
0 0 4 1 154 0.988841
0 0 4 2 153 0.998119
0 0 4 2 154 -1
0 1 2 44 80 -1
0 1 2 44 81 -1
0 1 2 44 82 0.0328066
0 1 2 44 83 -1
0 1 2 45 80 0.810028
0 1 2 45 81 0.662356
0 1 2 45 82 -1
0 1 2 45 83 -1
0 1 3 44 126 -1
0 1 3 45 126 0.560975
0 1 4 44 153 -1
0 1 4 44 154 -1
0 1 4 45 153 0.56575
0 1 4 45 154 0.383622
0 2 3 80 126 0.859498
0 2 3 81 126 -1
0 2 3 82 126 -1
0 2 3 83 126 -1
0 2 4 80 153 0.467346
0 2 4 80 154 0.532654
0 2 4 81 153 0.913623
0 2 4 81 154 -1
0 2 4 82 153 -1
0 2 4 82 154 -1
0 2 4 83 153 -1
0 2 4 83 154 -1
0 3 4 126 153 0.346485
0 3 4 126 154 0.653515
1 0 1 3 46 0.38226
1 0 1 3 47 -1
1 0 1 4 46 0.377836
1 0 1 4 47 0.022469
1 0 1 5 46 0.156954
1 0 1 5 47 0.625346
1 0 2 3 84 0.752891
1 0 2 3 85 -1
1 0 2 3 86 -1
1 0 2 4 84 -1
1 0 2 4 85 0.893377
1 0 2 4 86 -1
1 0 2 5 84 -1
1 0 2 5 85 -1
1 0 2 5 86 0.92689
1 0 3 3 127 0.285957
1 0 3 3 128 0.260389
1 0 3 4 127 0.284073
1 0 3 4 128 0.262243
1 0 3 5 127 0.226473
1 0 3 5 128 0.290792
1 0 4 3 155 0.84582
1 0 4 3 156 0.0990589
1 0 4 4 155 -1
1 0 4 4 156 0.625459
1 0 4 5 155 -1
1 0 4 5 156 0.26035
1 1 2 46 84 0.537322
1 1 2 46 85 0.752133
1 1 2 46 86 -1
1 1 2 47 84 -1
1 1 2 47 85 -1
1 1 2 47 86 0.581023
1 1 3 46 127 0.444583
1 1 3 46 128 0.375072
1 1 3 47 127 0.374899
1 1 3 47 128 0.439665
1 1 4 46 155 0.507516
1 1 4 46 156 0.492484
1 1 4 47 155 -1
1 1 4 47 156 -1
1 2 3 84 127 0.926245
1 2 3 84 128 -1
1 2 3 85 127 -1
1 2 3 85 128 -1
1 2 3 86 127 -1
1 2 3 86 128 0.380286
1 2 4 84 155 0.796486
1 2 4 84 156 -1
1 2 4 85 155 -1
1 2 4 85 156 0.933524
1 2 4 86 155 -1
1 2 4 86 156 -1
1 3 4 127 155 0.473096
1 3 4 127 156 0.425298
1 3 4 128 155 -1
1 3 4 128 156 0.389322
2 0 1 6 48 -1
2 0 1 6 49 0.183022
2 0 1 7 48 -1
2 0 1 7 49 0.816978
2 0 2 6 87 0.682448
2 0 2 6 88 -1
2 0 2 6 89 -1
2 0 2 7 87 -1
2 0 2 7 88 0.506128
2 0 2 7 89 -1
2 0 3 6 129 0.832728
2 0 3 7 129 -1
2 0 4 6 157 -1
2 0 4 6 158 0.709036
2 0 4 7 157 0.986676
2 0 4 7 158 -1
2 1 2 48 87 -1
2 1 2 48 88 -1
2 1 2 48 89 0.11985
2 1 2 49 87 0.505686
2 1 2 49 88 0.492581
2 1 2 49 89 -1
2 1 3 48 129 -1
2 1 3 49 129 0.634915
2 1 4 48 157 -1
2 1 4 48 158 -1
2 1 4 49 157 0.473734
2 1 4 49 158 0.526266
2 2 3 87 129 0.938626
2 2 3 88 129 -1
2 2 3 89 129 -1
2 2 4 87 157 0.660308
2 2 4 87 158 0.339692
2 2 4 88 157 0.760349
2 2 4 88 158 0.126982
2 2 4 89 157 -1
2 2 4 89 158 -1
2 3 4 129 157 0.232776
2 3 4 129 158 0.606577
3 0 1 8 50 0.733321
3 0 1 8 51 0.153602
3 0 1 9 50 -1
3 0 1 9 51 0.227
3 0 1 10 50 -1
3 0 1 10 51 0.574224
3 0 2 8 90 -1
3 0 2 8 91 -1
3 0 2 8 92 -1
3 0 2 9 90 0.798734
3 0 2 9 91 -1
3 0 2 9 92 -1
3 0 2 10 90 -1
3 0 2 10 91 0.9249
3 0 2 10 92 -1
3 0 3 8 130 -1
3 0 3 9 130 0.69981
3 0 3 10 130 -1
3 0 4 8 159 -1
3 0 4 8 160 -1
3 0 4 9 159 -1
3 0 4 9 160 0.884373
3 0 4 10 159 0.986759
3 0 4 10 160 -1
3 1 2 50 90 -1
3 1 2 50 91 -1
3 1 2 50 92 -1
3 1 2 51 90 0.187314
3 1 2 51 91 0.857661
3 1 2 51 92 -1
3 1 3 50 130 -1
3 1 3 51 130 0.456712
3 1 4 50 159 -1
3 1 4 50 160 -1
3 1 4 51 159 0.523777
3 1 4 51 160 -1
3 2 3 90 130 0.801752
3 2 3 91 130 -1
3 2 3 92 130 -1
3 2 4 90 159 0.0793809
3 2 4 90 160 0.711035
3 2 4 91 159 0.711441
3 2 4 91 160 -1
3 2 4 92 159 -1
3 2 4 92 160 -1
3 3 4 130 159 0.382982
3 3 4 130 160 0.617018
4 0 1 11 52 -1
4 0 1 11 53 0.60561
4 0 1 12 52 0.652611
4 0 1 12 53 0.259102
4 0 2 11 93 0.900398
4 0 2 11 94 -1
4 0 2 12 93 -1
4 0 2 12 94 -1
4 0 3 11 131 0.863397
4 0 3 11 132 0.136603
4 0 3 12 131 -1
4 0 3 12 132 0.248643
4 0 4 11 161 0.948828
4 0 4 11 162 -1
4 0 4 12 161 -1
4 0 4 12 162 -1
4 1 2 52 93 -1
4 1 2 52 94 -1
4 1 2 53 93 0.49114
4 1 2 53 94 0.50886
4 1 3 52 131 0.347474
4 1 3 52 132 0.361822
4 1 3 53 131 0.36584
4 1 3 53 132 0.357795
4 1 4 52 161 -1
4 1 4 52 162 -1
4 1 4 53 161 0.453183
4 1 4 53 162 0.546817
4 2 3 93 131 0.873686
4 2 3 93 132 -1
4 2 3 94 131 -1
4 2 3 94 132 0.987351
4 2 4 93 161 0.957947
4 2 4 93 162 -1
4 2 4 94 161 -1
4 2 4 94 162 0.967501
4 3 4 131 161 0.755569
4 3 4 131 162 0.201315
4 3 4 132 161 -1
4 3 4 132 162 0.756789
5 0 1 13 54 0.491833
5 0 1 13 55 -1
5 0 1 14 54 0.508167
5 0 1 14 55 0.00755072
5 0 2 13 95 0.652488
5 0 2 13 96 -1
5 0 2 13 97 -1
5 0 2 14 95 -1
5 0 2 14 96 0.688862
5 0 2 14 97 -1
5 0 3 13 133 0.434829
5 0 3 13 134 -1
5 0 3 14 133 0.565171
5 0 3 14 134 -1
5 0 4 13 163 0.81652
5 0 4 13 164 0.157099
5 0 4 14 163 0.141926
5 0 4 14 164 0.734698
5 1 2 54 95 -1
5 1 2 54 96 0.45568
5 1 2 54 97 -1
5 1 2 55 95 -1
5 1 2 55 96 -1
5 1 2 55 97 0.670016
5 1 3 54 133 0.409093
5 1 3 54 134 0.449136
5 1 3 55 133 0.449307
5 1 3 55 134 0.40095
5 1 4 54 163 0.392738
5 1 4 54 164 0.607262
5 1 4 55 163 -1
5 1 4 55 164 -1
5 2 3 95 133 0.875763
5 2 3 95 134 -1
5 2 3 96 133 -1
5 2 3 96 134 -1
5 2 3 97 133 -1
5 2 3 97 134 0.990985
5 2 4 95 163 0.701562
5 2 4 95 164 0.298438
5 2 4 96 163 -1
5 2 4 96 164 0.68455
5 2 4 97 163 -1
5 2 4 97 164 -1
5 3 4 133 163 0.493791
5 3 4 133 164 0.311125
5 3 4 134 163 -1
5 3 4 134 164 0.525662
6 0 1 15 56 0.442924
6 0 1 15 57 -1
6 0 1 16 56 0.344915
6 0 1 16 57 -1
6 0 1 17 56 0.153268
6 0 1 17 57 0.691259
6 0 2 15 98 -1
6 0 2 15 99 0.930192
6 0 2 15 100 -1
6 0 2 16 98 0.979434
6 0 2 16 99 -1
6 0 2 16 100 -1
6 0 2 17 98 -1
6 0 2 17 99 -1
6 0 2 17 100 0.894664
6 0 3 15 135 0.314187
6 0 3 15 136 -1
6 0 3 16 135 0.462397
6 0 3 16 136 -1
6 0 3 17 135 0.197814
6 0 3 17 136 0.641939
6 0 4 15 165 -1
6 0 4 15 166 0.600524
6 0 4 16 165 0.744686
6 0 4 16 166 0.157874
6 0 4 17 165 -1
6 0 4 17 166 0.225803
6 1 2 56 98 0.592491
6 1 2 56 99 0.942027
6 1 2 56 100 -1
6 1 2 57 98 -1
6 1 2 57 99 -1
6 1 2 57 100 0.540008
6 1 3 56 135 0.511561
6 1 3 56 136 -1
6 1 3 57 135 0.322329
6 1 3 57 136 0.658874
6 1 4 56 165 0.394178
6 1 4 56 166 0.605821
6 1 4 57 165 -1
6 1 4 57 166 -1
6 2 3 98 135 0.761252
6 2 3 98 136 -1
6 2 3 99 135 -1
6 2 3 99 136 0.0933744
6 2 3 100 135 -1
6 2 3 100 136 -1
6 2 4 98 165 0.830546
6 2 4 98 166 -1
6 2 4 99 165 -1
6 2 4 99 166 0.869357
6 2 4 100 165 -1
6 2 4 100 166 -1
6 3 4 135 165 0.413695
6 3 4 135 166 0.586304
6 3 4 136 165 -1
6 3 4 136 166 0.0131111
7 0 1 18 58 0.431136
7 0 1 18 59 -1
7 0 1 19 58 0.435656
7 0 1 19 59 -1
7 0 2 18 101 0.875124
7 0 2 18 102 -1
7 0 2 19 101 -1
7 0 2 19 102 0.545765
7 0 3 18 137 0.701367
7 0 3 19 137 -1
7 0 4 18 167 -1
7 0 4 18 168 0.694362
7 0 4 19 167 0.806128
7 0 4 19 168 -1
7 1 2 58 101 0.620942
7 1 2 58 102 -1
7 1 2 59 101 -1
7 1 2 59 102 -1
7 1 3 58 137 0.682028
7 1 3 59 137 -1
7 1 4 58 167 0.218994
7 1 4 58 168 0.599167
7 1 4 59 167 -1
7 1 4 59 168 -1
7 2 3 101 137 0.822958
7 2 3 102 137 -1
7 2 4 101 167 0.361706
7 2 4 101 168 0.352378
7 2 4 102 167 0.352273
7 2 4 102 168 0.36
7 3 4 137 167 -1
7 3 4 137 168 0.674242
8 0 1 20 60 0.895354
8 0 1 20 61 -1
8 0 1 21 60 -1
8 0 1 21 61 0.248342
8 0 1 22 60 -1
8 0 1 22 61 0.849673
8 0 2 20 103 -1
8 0 2 20 104 0.0377591
8 0 2 21 103 0.933227
8 0 2 21 104 -1
8 0 2 22 103 -1
8 0 2 22 104 0.660995
8 0 3 20 138 -1
8 0 3 21 138 0.824123
8 0 3 22 138 -1
8 0 4 20 169 -1
8 0 4 20 170 -1
8 0 4 21 169 -1
8 0 4 21 170 0.988515
8 0 4 22 169 0.836555
8 0 4 22 170 -1
8 1 2 60 103 -1
8 1 2 60 104 -1
8 1 2 61 103 -1
8 1 2 61 104 0.805042
8 1 3 60 138 -1
8 1 3 61 138 -1
8 1 4 60 169 -1
8 1 4 60 170 -1
8 1 4 61 169 0.67491
8 1 4 61 170 -1
8 2 3 103 138 0.746697
8 2 3 104 138 -1
8 2 4 103 169 -1
8 2 4 103 170 0.897646
8 2 4 104 169 0.537504
8 2 4 104 170 -1
8 3 4 138 169 0.159254
8 3 4 138 170 0.840746
9 0 1 23 62 -1
9 0 1 24 62 0.91397
9 0 2 23 105 -1
9 0 2 23 106 -1
9 0 2 24 105 -1
9 0 2 24 106 0.952459
9 0 3 23 139 -1
9 0 3 23 140 -1
9 0 3 24 139 0.789623
9 0 3 24 140 -1
9 0 4 23 171 -1
9 0 4 23 172 0.930379
9 0 4 24 171 -1
9 0 4 24 172 -1
9 1 2 62 105 -1
9 1 2 62 106 0.997357
9 1 3 62 139 0.125743
9 1 3 62 140 0.232739
9 1 4 62 171 -1
9 1 4 62 172 -1
9 2 3 105 139 -1
9 2 3 105 140 0.967967
9 2 3 106 139 0.450285
9 2 3 106 140 -1
9 2 4 105 171 0.870916
9 2 4 105 172 0.129084
9 2 4 106 171 -1
9 2 4 106 172 -1
9 3 4 139 171 -1
9 3 4 139 172 -1
9 3 4 140 171 0.689137
9 3 4 140 172 0.310863
10 0 1 25 63 0.677505
10 0 1 26 63 0.322495
10 0 2 25 107 -1
10 0 2 25 108 0.918205
10 0 2 26 107 0.938729
10 0 2 26 108 -1
10 0 3 25 141 -1
10 0 3 25 142 0.783951
10 0 3 26 141 -1
10 0 3 26 142 -1
10 1 2 63 107 0.44608
10 1 2 63 108 0.55392
10 1 3 63 141 -1
10 1 3 63 142 0.799521
10 2 3 107 141 -1
10 2 3 107 142 -1
10 2 3 108 141 -1
10 2 3 108 142 0.878655
11 0 1 27 64 0.939332
11 0 2 27 109 -1
11 0 3 27 143 -1
11 0 3 27 144 -1
11 0 4 27 173 0.522235
11 0 4 27 174 0.477765
11 1 2 64 109 0.15798
11 1 3 64 143 0.0531664
11 1 3 64 144 -1
11 1 4 64 173 0.286419
11 1 4 64 174 0.713581
11 2 3 109 143 0.978625
11 2 3 109 144 -1
11 2 4 109 173 0.688862
11 2 4 109 174 0.311138
11 3 4 143 173 0.538829
11 3 4 143 174 0.461171
11 3 4 144 173 -1
11 3 4 144 174 -1
12 0 1 28 65 -1
12 0 1 28 66 -1
12 0 1 29 65 0.579999
12 0 1 29 66 0.420001
12 0 1 30 65 0.257647
12 0 1 30 66 0.742353
12 0 2 28 110 0.914204
12 0 2 28 111 -1
12 0 2 28 112 -1
12 0 2 29 110 -1
12 0 2 29 111 0.240239
12 0 2 29 112 0.986785
12 0 2 30 110 -1
12 0 2 30 111 0.910493
12 0 2 30 112 -1
12 0 3 28 145 0.898584
12 0 3 28 146 -1
12 0 3 29 145 -1
12 0 3 29 146 0.991872
12 0 3 30 145 -1
12 0 3 30 146 -1
12 0 4 28 175 0.324119
12 0 4 29 175 0.289931
12 0 4 30 175 0.385951
12 1 2 65 110 -1
12 1 2 65 111 -1
12 1 2 65 112 0.880193
12 1 2 66 110 -1
12 1 2 66 111 0.98144
12 1 2 66 112 -1
12 1 3 65 145 -1
12 1 3 65 146 -1
12 1 3 66 145 -1
12 1 3 66 146 -1
12 1 4 65 175 -1
12 1 4 66 175 0.957332
12 2 3 110 145 0.955187
12 2 3 110 146 -1
12 2 3 111 145 -1
12 2 3 111 146 -1
12 2 3 112 145 -1
12 2 3 112 146 0.385641
12 2 4 110 175 -1
12 2 4 111 175 0.990325
12 2 4 112 175 -1
12 3 4 145 175 0.568177
12 3 4 146 175 -1
13 0 1 31 67 0.237387
13 0 1 31 68 -1
13 0 1 32 67 0.310356
13 0 1 32 68 0.607278
13 0 2 31 113 0.965114
13 0 2 31 114 -1
13 0 2 32 113 -1
13 0 2 32 114 0.675156
13 0 3 31 147 0.977738
13 0 3 32 147 -1
13 0 4 31 176 -1
13 0 4 31 177 0.940877
13 0 4 32 176 0.721115
13 0 4 32 177 -1
13 1 2 67 113 -1
13 1 2 67 114 -1
13 1 2 68 113 -1
13 1 2 68 114 0.744331
13 1 3 67 147 0.654994
13 1 3 68 147 -1
13 1 4 67 176 -1
13 1 4 67 177 -1
13 1 4 68 176 0.566777
13 1 4 68 177 0.433223
13 2 3 113 147 0.942495
13 2 3 114 147 -1
13 2 4 113 176 0.292916
13 2 4 113 177 0.591194
13 2 4 114 176 0.623239
13 2 4 114 177 0.0767344
13 3 4 147 176 -1
13 3 4 147 177 0.74125
14 0 1 33 69 0.981227
14 0 1 33 70 -1
14 0 1 34 69 -1
14 0 1 34 70 -1
14 0 1 35 69 -1
14 0 1 35 70 0.859049
14 0 2 33 115 -1
14 0 2 33 116 0.97717
14 0 2 34 115 0.87304
14 0 2 34 116 -1
14 0 2 35 115 -1
14 0 2 35 116 0.877577
14 0 3 33 148 -1
14 0 3 34 148 0.936717
14 0 3 35 148 -1
14 0 4 33 178 -1
14 0 4 33 179 -1
14 0 4 34 178 -1
14 0 4 34 179 0.962988
14 0 4 35 178 0.8614
14 0 4 35 179 -1
14 1 2 69 115 -1
14 1 2 69 116 -1
14 1 2 70 115 -1
14 1 2 70 116 0.910117
14 1 3 69 148 -1
14 1 3 70 148 -1
14 1 4 69 178 -1
14 1 4 69 179 -1
14 1 4 70 178 0.748487
14 1 4 70 179 -1
14 2 3 115 148 0.93614
14 2 3 116 148 -1
14 2 4 115 178 -1
14 2 4 115 179 0.790446
14 2 4 116 178 0.811722
14 2 4 116 179 -1
14 3 4 148 178 0.175619
14 3 4 148 179 0.762532
15 0 1 36 71 0.721389
15 0 1 36 72 -1
15 0 2 36 117 -1
15 0 2 36 118 -1
15 0 3 36 149 -1
15 0 4 36 180 0.512331
15 0 4 36 181 0.487669
15 1 2 71 117 0.892757
15 1 2 71 118 -1
15 1 2 72 117 -1
15 1 2 72 118 0.807473
15 1 3 71 149 -1
15 1 3 72 149 -1
15 1 4 71 180 0.270272
15 1 4 71 181 0.729728
15 1 4 72 180 -1
15 1 4 72 181 -1
15 2 3 117 149 0.991016
15 2 3 118 149 -1
15 2 4 117 180 0.659342
15 2 4 117 181 0.340658
15 2 4 118 180 -1
15 2 4 118 181 -1
15 3 4 149 180 0.456993
15 3 4 149 181 0.543007
16 0 1 37 73 -1
16 0 1 37 74 -1
16 0 1 38 73 0.752067
16 0 1 38 74 0.247933
16 0 1 39 73 0.0145156
16 0 1 39 74 0.790505
16 0 2 37 119 0.875089
16 0 2 37 120 -1
16 0 2 37 121 -1
16 0 2 38 119 -1
16 0 2 38 120 0.135574
16 0 2 38 121 0.978632
16 0 2 39 119 -1
16 0 2 39 120 0.948618
16 0 2 39 121 -1
16 0 3 37 150 0.893865
16 0 3 38 150 -1
16 0 3 39 150 -1
16 0 4 37 182 0.094565
16 0 4 38 182 -1
16 0 4 39 182 0.901735
16 1 2 73 119 -1
16 1 2 73 120 -1
16 1 2 73 121 0.919169
16 1 2 74 119 -1
16 1 2 74 120 0.839102
16 1 2 74 121 -1
16 1 3 73 150 -1
16 1 3 74 150 -1
16 1 4 73 182 -1
16 1 4 74 182 0.87255
16 2 3 119 150 0.955643
16 2 3 120 150 -1
16 2 3 121 150 -1
16 2 4 119 182 -1
16 2 4 120 182 0.751389
16 2 4 121 182 -1
16 3 4 150 182 0.376619
17 0 1 40 75 0.936683
17 0 1 40 76 -1
17 0 1 41 75 -1
17 0 1 41 76 0.520261
17 0 2 40 122 -1
17 0 2 40 123 0.6163
17 0 2 41 122 0.983252
17 0 2 41 123 -1
17 0 3 40 151 -1
17 0 3 41 151 0.923055
17 0 4 40 183 -1
17 0 4 41 183 -1
17 1 2 75 122 -1
17 1 2 75 123 -1
17 1 2 76 122 -1
17 1 2 76 123 0.963257
17 1 3 75 151 -1
17 1 3 76 151 -1
17 1 4 75 183 -1
17 1 4 76 183 0.875058
17 2 3 122 151 0.941585
17 2 3 123 151 -1
17 2 4 122 183 -1
17 2 4 123 183 0.782975
17 3 4 151 183 0.499315
18 0 1 42 77 -1
18 0 1 42 78 0.856402
18 0 1 42 79 -1
18 0 1 43 77 -1
18 0 1 43 78 -1
18 0 1 43 79 -1
18 0 2 42 124 -1
18 0 2 42 125 -1
18 0 2 43 124 0.888508
18 0 2 43 125 -1
18 0 3 42 152 -1
18 0 3 43 152 0.996959
18 0 4 42 184 -1
18 0 4 42 185 -1
18 0 4 43 184 -1
18 0 4 43 185 0.717
18 1 2 77 124 -1
18 1 2 77 125 -1
18 1 2 78 124 -1
18 1 2 78 125 -1
18 1 2 79 124 0.184545
18 1 2 79 125 0.713502
18 1 3 77 152 0.600189
18 1 3 78 152 -1
18 1 3 79 152 -1
18 1 4 77 184 -1
18 1 4 77 185 -1
18 1 4 78 184 -1
18 1 4 78 185 -1
18 1 4 79 184 0.556331
18 1 4 79 185 0.443669
18 2 3 124 152 0.901033
18 2 3 125 152 -1
18 2 4 124 184 -1
18 2 4 124 185 0.855165
18 2 4 125 184 0.966196
18 2 4 125 185 -1
18 3 4 152 184 -1
18 3 4 152 185 0.460661
end of Frame 121
