J OverallIdx viewIdx joint种类0-18(jointIdx) 该joint在图中的顺序(candidix) x y score
0 0 0 0 712.352 413.351 0.498513
1 0 0 1 235.588 430.205 0.577166
2 0 1 0 241.183 200.339 0.746343
3 0 1 1 715.125 194.049 0.476342
4 0 2 0 712.289 413.347 0.374088
5 0 2 1 258.047 434.401 0.588817
6 0 3 0 712.355 415.452 0.598761
7 0 3 1 213.069 425.977 0.482443
8 0 4 0 661.761 126.649 0.910193
9 0 5 0 709.466 193.943 0.339781
10 0 5 1 280.441 206.646 0.799916
11 0 6 0 210.234 196.088 0.737833
12 0 6 1 723.54 194.083 0.831045
13 0 7 0 712.278 565.192 0.494776
14 0 7 1 263.679 596.712 0.564357
15 0 8 0 720.765 571.452 0.593296
16 0 8 1 263.638 579.906 0.279478
17 0 9 0 322.449 124.384 0.883526
18 0 10 0 255.166 120.227 0.250343
19 0 10 1 706.818 126.575 0.937247
20 0 11 0 283.286 347.93 0.830024
21 0 12 0 726.249 307.876 0.841171
22 0 13 0 709.554 685.366 0.743329
23 0 13 1 238.417 763.229 0.422624
24 0 14 0 729.231 719.105 0.760042
25 0 15 0 325.235 447.032 0.850167
26 0 16 0 440.267 328.848 0.210619
27 0 16 1 639.358 343.673 0.850062
28 0 17 0 297.238 731.723 0.187848
29 0 17 1 661.724 738.079 0.761455
30 0 18 0 656.154 687.438 0.731974
31 0 18 1 288.89 744.375 0.232378
32 1 0 0 717.889 377.429 0.704137
33 1 0 1 628.182 398.561 0.680645
34 1 1 0 619.875 231.945 0.8714
35 1 1 1 729.011 244.519 0.904303
36 1 2 0 684.259 379.611 0.705948
37 1 2 1 664.659 394.311 0.702974
38 1 3 0 745.866 377.464 0.714846
39 1 3 1 594.486 398.58 0.726095
40 1 4 0 701.059 194.01 0.919981
41 1 5 0 684.315 240.355 0.91669
42 1 6 0 572.059 229.892 0.906057
43 1 6 1 754.423 244.528 0.904182
44 1 7 0 703.812 480.73 0.79042
45 1 7 1 653.355 535.656 0.730291
46 1 8 0 745.976 480.826 0.793288
47 1 8 1 572.222 531.471 0.803972
48 1 9 0 653.345 177.175 0.382119
49 1 10 0 608.537 172.88 0.856139
50 1 10 1 732.058 193.971 0.949659
51 1 11 0 703.764 331.069 0.849417
52 1 12 0 779.561 309.948 0.886932
53 1 12 1 549.55 328.873 0.908826
54 1 13 0 706.683 565.053 0.866511
55 1 13 1 639.436 662.156 0.790702
56 1 14 0 748.732 569.347 0.809283
57 1 14 1 552.568 655.794 0.780929
58 1 15 0 687.061 398.627 0.737392
59 1 16 0 723.506 333.204 0.809719
60 1 16 1 572.221 383.787 0.786085
61 1 17 0 729.053 598.928 0.846773
62 1 17 1 558.056 655.808 0.496154
63 1 18 0 684.27 581.962 0.502277
64 1 18 1 639.271 666.308 0.487565
65 2 0 0 541.243 212.941 0.778077
66 2 0 1 729.169 400.64 0.744255
67 2 1 0 549.668 78.1029 0.933129
68 2 1 1 748.831 242.443 0.883158
69 2 2 0 510.382 210.952 0.785042
70 2 2 1 754.354 396.5 0.722582
71 2 3 0 569.266 212.988 0.808838
72 2 3 1 703.929 406.938 0.717649
73 2 4 0 549.595 35.8771 0.915289
74 2 4 1 687.034 174.955 0.892284
75 2 5 0 504.845 76.022 0.930988
76 2 5 1 787.958 227.849 0.846999
77 2 6 0 594.555 80.1949 0.884931
78 2 6 1 709.464 248.855 0.82129
79 2 7 0 504.836 309.943 0.890324
80 2 7 1 720.756 495.521 0.799561
81 2 8 0 555.299 311.996 0.829584
82 2 8 1 642.248 497.642 0.855891
83 2 9 0 527.205 25.3847 0.577662
84 2 10 0 574.926 27.4927 0.776761
85 2 10 1 731.954 177.143 0.926776
86 2 11 0 485.188 139.206 0.887483
87 2 11 1 788.026 324.747 0.767452
88 2 12 0 616.839 153.897 0.894756
89 2 12 1 684.345 362.793 0.855894
90 2 13 0 496.38 383.797 0.819138
91 2 13 1 698.299 584.168 0.814882
92 2 14 0 549.603 392.155 0.86283
93 2 14 1 633.812 601.058 0.809185
94 2 15 0 507.52 177.192 0.957815
95 2 15 1 745.947 347.966 0.381683
96 2 16 0 591.662 196.122 0.915925
97 2 16 1 656.213 398.492 0.79374
98 2 17 0 558.123 427.972 0.775138
99 2 17 1 586.054 582.005 0.746744
100 2 18 0 476.775 415.515 0.762153
101 2 18 1 667.428 569.394 0.437172
102 3 0 0 302.858 343.715 0.778243
103 3 0 1 616.881 345.819 0.688644
104 3 1 0 280.487 189.787 0.908741
105 3 1 1 616.983 191.85 0.73015
106 3 2 0 600.126 343.757 0.589722
107 3 2 1 277.57 345.778 0.738984
108 3 3 0 328.125 341.62 0.736149
109 3 3 1 625.339 347.902 0.697873
110 3 4 0 302.822 126.59 0.984015
111 3 4 1 572.15 139.18 0.900981
112 3 5 0 235.682 191.93 0.890476
113 3 5 1 597.426 191.85 0.588607
114 3 6 0 325.352 183.449 0.865204
115 3 6 1 636.555 191.847 0.874916
116 3 7 0 280.284 457.546 0.829106
117 3 7 1 633.813 463.953 0.713944
118 3 8 0 322.467 451.312 0.80651
119 3 8 1 614.204 468.113 0.778205
120 3 9 0 258.067 126.6 0.933698
121 3 10 0 617.079 128.682 0.940309
122 3 11 0 221.546 274.088 0.811377
123 3 12 0 339.371 244.685 0.857108
124 3 12 1 653.417 280.477 0.851234
125 3 13 0 272.006 560.873 0.766614
126 3 13 1 639.27 567.267 0.746376
127 3 14 0 319.704 548.193 0.841286
128 3 14 1 636.452 584.128 0.752841
129 3 15 0 283.273 288.861 0.844758
130 3 16 0 356.12 282.623 0.829693
131 3 16 1 614.058 347.889 0.829307
132 3 17 0 364.6 565.037 0.898512
133 3 17 1 574.901 611.5 0.743427
134 3 18 0 586.046 573.576 0.491402
135 3 18 1 283.331 596.676 0.837292
136 4 0 0 619.733 284.712 0.753128
137 4 0 1 375.818 345.779 0.630428
138 4 1 0 372.92 122.306 0.671282
139 4 1 1 619.797 141.178 0.902542
140 4 2 0 594.374 284.697 0.738265
141 4 2 1 392.615 345.851 0.647803
142 4 3 0 650.575 284.713 0.687452
143 4 3 1 364.584 343.693 0.56156
144 4 4 0 437.384 46.3669 0.29072
145 4 4 1 633.803 80.188 0.865739
146 4 5 0 381.419 126.436 0.757904
147 4 5 1 574.948 141.233 0.88663
148 4 6 0 358.954 115.994 0.545394
149 4 6 1 664.707 139.12 0.842085
150 4 7 0 600.176 396.51 0.834868
151 4 7 1 406.591 497.66 0.741861
152 4 8 0 661.741 398.513 0.866813
153 4 8 1 373.033 485.023 0.713541
154 4 9 0 392.611 44.285 0.92929
155 4 9 1 594.386 80.1065 0.908448
156 4 11 0 569.154 213.012 0.843393
157 4 11 1 384.178 246.749 0.824928
158 4 12 0 689.918 210.856 0.901157
159 4 13 0 616.775 491.357 0.843788
160 4 13 1 409.45 647.395 0.753107
161 4 14 0 678.599 499.842 0.809756
162 4 14 1 372.957 617.919 0.73491
163 4 15 0 451.542 259.373 0.846367
164 4 15 1 571.988 276.184 0.897379
165 4 16 0 661.983 274.155 0.871713
166 4 17 0 673.003 533.535 0.77953
167 4 17 1 434.68 601.018 0.380972
168 4 18 0 608.533 518.702 0.846607
169 4 18 1 482.46 651.612 0.776291
P viewIdx, pafIdx, aOverAllIdx, bOverAllIdx, CandidAIdx, CandidBIdx, score
0 0 2 0 0 0 0
0 0 2 1 0 1 0.969013
0 0 3 0 1 0 0.853938
0 0 3 1 1 1 0
0 1 4 13 0 0 0.880218
0 1 4 14 0 1 0
0 1 5 13 1 0 0
0 1 5 14 1 1 0.932928
0 2 13 22 0 0 0.935668
0 2 13 23 0 1 0
0 2 14 22 1 0 0
0 2 14 23 1 1 0.93661
0 3 0 4 0 0 0.615329
0 3 0 5 0 1 0
0 3 1 4 1 0 0
0 3 1 5 1 1 0.895081
0 4 0 6 0 0 0.697811
0 4 0 7 0 1 0
0 4 1 6 1 0 0
0 4 1 7 1 1 0.881628
0 5 6 15 0 0 0.948296
0 5 6 16 0 1 0
0 5 7 15 1 0 0
0 5 7 16 1 1 0.873699
0 6 15 24 0 0 0.97641
0 6 16 24 1 0 0
0 7 2 9 0 0 0
0 7 2 10 0 1 0.981374
0 7 3 9 1 0 0.730442
0 7 3 10 1 1 0
0 8 9 20 0 0 0
0 8 10 20 1 0 0.994182
0 9 20 25 0 0 0.996096
0 10 9 17 0 0 0
0 10 10 17 1 0 0.989805
0 11 2 11 0 0 0.977501
0 11 2 12 0 1 0
0 11 3 11 1 0 0
0 11 3 12 1 1 0.698221
0 12 11 21 0 0 0
0 12 12 21 1 0 0.983845
0 13 21 26 0 0 0
0 13 21 27 0 1 0.986153
0 14 11 18 0 0 0.733631
0 14 11 19 0 1 0
0 14 12 18 1 0 0
0 14 12 19 1 1 0.999748
0 15 2 8 0 0 0
0 15 3 8 1 0 0.909213
0 16 24 28 0 0 0
0 16 24 29 0 1 0.956569
0 17 22 30 0 0 0.947113
0 17 22 31 0 1 0
0 17 23 30 1 0 0
0 17 23 31 1 1 0.688643
1 0 34 32 0 0 0
1 0 34 33 0 1 0.991129
1 0 35 32 1 0 0.966095
1 0 35 33 1 1 0
1 1 36 44 0 0 0.254625
1 1 36 45 0 1 0.255482
1 1 37 44 1 0 0.255485
1 1 37 45 1 1 0.254614
1 2 44 54 0 0 0.285572
1 2 44 55 0 1 0.252437
1 2 45 54 1 0 0.250314
1 2 45 55 1 1 0.285606
1 3 32 36 0 0 0.941755
1 3 32 37 0 1 0
1 3 33 36 1 0 0
1 3 33 37 1 1 0.908234
1 4 32 38 0 0 0.95131
1 4 32 39 0 1 0
1 4 33 38 1 0 0
1 4 33 39 1 1 0.917762
1 5 38 46 0 0 0.990561
1 5 38 47 0 1 0
1 5 39 46 1 0 0
1 5 39 47 1 1 0.955511
1 6 46 56 0 0 0.988617
1 6 46 57 0 1 0
1 6 47 56 1 0 0
1 6 47 57 1 1 0.958658
1 7 34 41 0 0 0.96386
1 7 35 41 1 0 0
1 8 41 51 0 0 0.991809
1 9 51 58 0 0 0.97645
1 10 41 48 0 0 0.857715
1 11 34 42 0 0 0.989904
1 11 34 43 0 1 0
1 11 35 42 1 0 0
1 11 35 43 1 1 0.995066
1 12 42 52 0 0 0
1 12 42 53 0 1 0.988412
1 12 43 52 1 0 0.990005
1 12 43 53 1 1 0
1 13 52 59 0 0 0.981715
1 13 52 60 0 1 0
1 13 53 59 1 0 0
1 13 53 60 1 1 0.995311
1 14 42 49 0 0 0.984086
1 14 42 50 0 1 0
1 14 43 49 1 0 0
1 14 43 50 1 1 0.985362
1 15 34 40 0 0 0
1 15 35 40 1 0 0.997663
1 16 56 61 0 0 0.945646
1 16 56 62 0 1 0
1 16 57 61 1 0 0
1 16 57 62 1 1 0.6169
1 17 54 63 0 0 0.90999
1 17 54 64 0 1 0
1 17 55 63 1 0 0
1 17 55 64 1 1 0.580895
2 0 67 65 0 0 0.982748
2 0 67 66 0 1 0
2 0 68 65 1 0 0
2 0 68 66 1 1 0.989075
2 1 69 79 0 0 0.9999
2 1 69 80 0 1 0
2 1 70 79 1 0 0
2 1 70 80 1 1 0.976586
2 2 79 90 0 0 0.978398
2 2 79 91 0 1 0
2 2 80 90 1 0 0
2 2 80 91 1 1 0.97881
2 3 65 69 0 0 0.962706
2 3 65 70 0 1 0
2 3 66 69 1 0 0
2 3 66 70 1 1 0.924727
2 4 65 71 0 0 0.963774
2 4 65 72 0 1 0
2 4 66 71 1 0 0
2 4 66 72 1 1 0.918503
2 5 71 81 0 0 0.97502
2 5 71 82 0 1 0
2 5 72 81 1 0 0
2 5 72 82 1 1 0.957372
2 6 81 92 0 0 0.998212
2 6 81 93 0 1 0
2 6 82 92 1 0 0
2 6 82 93 1 1 0.985914
2 7 67 75 0 0 0.995723
2 7 67 76 0 1 0
2 7 68 75 1 0 0
2 7 68 76 1 1 0.980067
2 8 75 86 0 0 0.972256
2 8 75 87 0 1 0
2 8 76 86 1 0 0
2 8 76 87 1 1 0.974351
2 9 86 94 0 0 0.986419
2 9 86 95 0 1 0
2 9 87 94 1 0 0
2 9 87 95 1 1 0.854899
2 10 75 83 0 0 0.865344
2 10 76 83 1 0 0
2 11 67 77 0 0 0.996893
2 11 67 78 0 1 0
2 11 68 77 1 0 0
2 11 68 78 1 1 0.983179
2 12 77 88 0 0 0.994585
2 12 77 89 0 1 0
2 12 78 88 1 0 0
2 12 78 89 1 1 0.959748
2 13 88 96 0 0 0.994209
2 13 88 97 0 1 0
2 13 89 96 1 0 0
2 13 89 97 1 1 0.95436
2 14 77 84 0 0 0.974497
2 14 77 85 0 1 0
2 14 78 84 1 0 0
2 14 78 85 1 1 0.960606
2 15 67 73 0 0 0.999192
2 15 67 74 0 1 0
2 15 68 73 1 0 0
2 15 68 74 1 1 0.999963
2 16 92 98 0 0 0.989875
2 16 92 99 0 1 0
2 16 93 98 1 0 0
2 16 93 99 1 1 0.99266
2 17 90 100 0 0 0.94164
2 17 90 101 0 1 0
2 17 91 100 1 0 0
2 17 91 101 1 1 0.849881
3 0 104 102 0 0 0.994154
3 0 104 103 0 1 0
3 0 105 102 1 0 0
3 0 105 103 1 1 0.941251
3 1 106 116 0 0 0
3 1 106 117 0 1 0.94904
3 1 107 116 1 0 0.994634
3 1 107 117 1 1 0
3 2 116 125 0 0 0.988049
3 2 116 126 0 1 0
3 2 117 125 1 0 0
3 2 117 126 1 1 0.98235
3 3 102 106 0 0 0
3 3 102 107 0 1 0.946745
3 3 103 106 1 0 0.895535
3 3 103 107 1 1 0
3 4 102 108 0 0 0.944977
3 4 102 109 0 1 0
3 4 103 108 1 0 0
3 4 103 109 1 1 0.888238
3 5 108 118 0 0 0.994095
3 5 108 119 0 1 0
3 5 109 118 1 0 0
3 5 109 119 1 1 0.980195
3 6 118 127 0 0 0.990139
3 6 118 128 0 1 0
3 6 119 127 1 0 0
3 6 119 128 1 1 0.999394
3 7 104 112 0 0 0.991285
3 7 104 113 0 1 0
3 7 105 112 1 0 0
3 7 105 113 1 1 0.94799
3 8 112 122 0 0 0.964341
3 8 113 122 1 0 0
3 9 122 129 0 0 0.985818
3 10 112 120 0 0 0.968572
3 10 113 120 1 0 0
3 11 104 114 0 0 0.98428
3 11 104 115 0 1 0
3 11 105 114 1 0 0
3 11 105 115 1 1 0.963867
3 12 114 123 0 0 0.991971
3 12 114 124 0 1 0
3 12 115 123 1 0 0
3 12 115 124 1 1 0.996668
3 13 123 130 0 0 0.992274
3 13 123 131 0 1 0
3 13 124 130 1 0 0
3 13 124 131 1 1 0.98706
3 14 114 121 0 0 0
3 14 115 121 1 0 0.99816
3 15 104 110 0 0 0.988688
3 15 104 111 0 1 0
3 15 105 110 1 0 0
3 15 105 111 1 1 0.958026
3 16 127 132 0 0 0.98787
3 16 127 133 0 1 0
3 16 128 132 1 0 0
3 16 128 133 1 1 0.942207
3 17 125 134 0 0 0
3 17 125 135 0 1 0.980675
3 17 126 134 1 0 0.892106
3 17 126 135 1 1 0
4 0 138 136 0 0 0
4 0 138 137 0 1 0.961895
4 0 139 136 1 0 0.998463
4 0 139 137 1 1 0
4 1 140 150 0 0 0.998012
4 1 140 151 0 1 0
4 1 141 150 1 0 0
4 1 141 151 1 1 0.975195
4 2 150 159 0 0 0.99567
4 2 150 160 0 1 0
4 2 151 159 1 0 0
4 2 151 160 1 1 0.993207
4 3 136 140 0 0 0.918053
4 3 136 141 0 1 0
4 3 137 140 1 0 0
4 3 137 141 1 1 0.88231
4 4 136 142 0 0 0.91845
4 4 136 143 0 1 0
4 4 137 142 1 0 0
4 4 137 143 1 1 0.891276
4 5 142 152 0 0 0.983142
4 5 142 153 0 1 0
4 5 143 152 1 0 0
4 5 143 153 1 1 0.981277
4 6 152 161 0 0 0.992347
4 6 152 162 0 1 0
4 6 153 161 1 0 0
4 6 153 162 1 1 0.991208
4 7 138 146 0 0 0.883235
4 7 138 147 0 1 0
4 7 139 146 1 0 0
4 7 139 147 1 1 0.997668
4 8 146 156 0 0 0
4 8 146 157 0 1 0.980746
4 8 147 156 1 0 0.996697
4 8 147 157 1 1 0
4 9 156 163 0 0 0
4 9 156 164 0 1 0.998245
4 9 157 163 1 0 0.971787
4 9 157 164 1 1 0
4 10 146 154 0 0 0.979546
4 10 146 155 0 1 0
4 10 147 154 1 0 0
4 10 147 155 1 1 0.981414
4 11 138 148 0 0 0.872884
4 11 138 149 0 1 0
4 11 139 148 1 0 0
4 11 139 149 1 1 0.999341
4 12 148 158 0 0 0
4 12 149 158 1 0 0.987143
4 13 158 165 0 0 0.964737
4 15 138 144 0 0 0.808252
4 15 138 145 0 1 0
4 15 139 144 1 0 0
4 15 139 145 1 1 0.990926
4 16 161 166 0 0 0.982421
4 16 161 167 0 1 0
4 16 162 166 1 0 0
4 16 162 167 1 1 0.739728
4 17 159 168 0 0 0.995188
4 17 159 169 0 1 0
4 17 160 168 1 0 0
4 17 160 169 1 1 0.999822
E jointIdx viewA viewB aOverAllIdx bOverallIdx score
0 0 1 0 32 0.318983
0 0 1 0 33 0.276746
0 0 1 1 32 0.275414
0 0 1 1 33 0.314654
0 0 2 0 65 0.764472
0 0 2 0 66 -1
0 0 2 1 65 -1
0 0 2 1 66 0.91302
0 0 3 0 102 0.90456
0 0 3 0 103 -1
0 0 3 1 102 -1
0 0 3 1 103 0.73718
0 0 4 0 136 -1
0 0 4 0 137 0.796526
0 0 4 1 136 0.76088
0 0 4 1 137 -1
0 1 2 32 65 0.769246
0 1 2 32 66 -1
0 1 2 33 65 -1
0 1 2 33 66 0.887156
0 1 3 32 102 0.811003
0 1 3 32 103 0.121508
0 1 3 33 102 0.170705
0 1 3 33 103 0.793468
0 1 4 32 136 -1
0 1 4 32 137 0.928872
0 1 4 33 136 0.844842
0 1 4 33 137 -1
0 2 3 65 102 0.612974
0 2 3 65 103 -1
0 2 3 66 102 -1
0 2 3 66 103 0.688561
0 2 4 65 136 -1
0 2 4 65 137 0.747394
0 2 4 66 136 0.926674
0 2 4 66 137 -1
0 3 4 102 136 0.264092
0 3 4 102 137 0.571095
0 3 4 103 136 0.557054
0 3 4 103 137 0.116247
1 0 1 2 34 0.290106
1 0 1 2 35 0.273112
1 0 1 3 34 0.273868
1 0 1 3 35 0.291478
1 0 2 2 67 -1
1 0 2 2 68 0.966289
1 0 2 3 67 0.872839
1 0 2 3 68 -1
1 0 3 2 104 0.279332
1 0 3 2 105 0.403889
1 0 3 3 104 0.417781
1 0 3 3 105 0.306375
1 0 4 2 138 -1
1 0 4 2 139 0.820524
1 0 4 3 138 0.93487
1 0 4 3 139 -1
1 1 2 34 67 -1
1 1 2 34 68 0.887888
1 1 2 35 67 0.896276
1 1 2 35 68 0.101535
1 1 3 34 104 0.263112
1 1 3 34 105 0.342365
1 1 3 35 104 0.344533
1 1 3 35 105 0.273083
1 1 4 34 138 0.120263
1 1 4 34 139 0.580492
1 1 4 35 138 0.585857
1 1 4 35 139 0.27937
1 2 3 67 104 0.87968
1 2 3 67 105 -1
1 2 3 68 104 -1
1 2 3 68 105 0.899188
1 2 4 67 138 0.942031
1 2 4 67 139 -1
1 2 4 68 138 -1
1 2 4 68 139 0.843431
1 3 4 104 138 0.458973
1 3 4 104 139 0.292441
1 3 4 105 138 0.246939
1 3 4 105 139 0.45301
2 0 1 4 36 0.33371
2 0 1 4 37 0.296173
2 0 1 5 36 0.291787
2 0 1 5 37 0.330424
2 0 2 4 69 0.727475
2 0 2 4 70 -1
2 0 2 5 69 -1
2 0 2 5 70 0.721081
2 0 3 4 106 -1
2 0 3 4 107 0.973194
2 0 3 5 106 0.626844
2 0 3 5 107 -1
2 0 4 4 140 -1
2 0 4 4 141 0.963873
2 0 4 5 140 0.74835
2 0 4 5 141 -1
2 1 2 36 69 0.499485
2 1 2 36 70 0.199899
2 1 2 37 69 -1
2 1 2 37 70 0.6758
2 1 3 36 106 0.249903
2 1 3 36 107 0.505969
2 1 3 37 106 0.543617
2 1 3 37 107 0.263997
2 1 4 36 140 0.183638
2 1 4 36 141 0.692686
2 1 4 37 140 0.672324
2 1 4 37 141 0.0207041
2 2 3 69 106 -1
2 2 3 69 107 0.657187
2 2 3 70 106 0.36434
2 2 3 70 107 -1
2 2 4 69 140 -1
2 2 4 69 141 0.851907
2 2 4 70 140 0.984867
2 2 4 70 141 -1
2 3 4 106 140 0.626886
2 3 4 106 141 0.0597444
2 3 4 107 140 0.229108
2 3 4 107 141 0.644972
3 0 1 6 38 0.27267
3 0 1 6 39 0.270451
3 0 1 7 38 0.270352
3 0 1 7 39 0.272504
3 0 2 6 71 0.718492
3 0 2 6 72 -1
3 0 2 7 71 -1
3 0 2 7 72 0.92727
3 0 3 6 108 0.814694
3 0 3 6 109 -1
3 0 3 7 108 -1
3 0 3 7 109 0.707009
3 0 4 6 142 -1
3 0 4 6 143 0.672707
3 0 4 7 142 0.796884
3 0 4 7 143 -1
3 1 2 38 71 0.86852
3 1 2 38 72 -1
3 1 2 39 71 -1
3 1 2 39 72 0.973617
3 1 3 38 108 0.717095
3 1 3 38 109 -1
3 1 3 39 108 0.0662955
3 1 3 39 109 0.933704
3 1 4 38 142 -1
3 1 4 38 143 0.707781
3 1 4 39 142 0.82823
3 1 4 39 143 -1
3 2 3 71 108 0.490176
3 2 3 71 109 -1
3 2 3 72 108 -1
3 2 3 72 109 0.824444
3 2 4 71 142 -1
3 2 4 71 143 0.61107
3 2 4 72 142 0.825711
3 2 4 72 143 -1
3 3 4 108 142 0.288175
3 3 4 108 143 0.465048
3 3 4 109 142 0.460937
3 3 4 109 143 0.20386
4 0 1 8 40 0.939004
4 0 2 8 73 0.96622
4 0 2 8 74 -1
4 0 3 8 110 0.963321
4 0 3 8 111 0.025416
4 0 4 8 144 0.880516
4 0 4 8 145 -1
4 1 2 40 73 0.959669
4 1 2 40 74 0.0335419
4 1 3 40 110 0.578429
4 1 3 40 111 0.421571
4 1 4 40 144 0.905605
4 1 4 40 145 -1
4 2 3 73 110 0.938853
4 2 3 73 111 -1
4 2 3 74 110 -1
4 2 3 74 111 0.915971
4 2 4 73 144 0.962666
4 2 4 73 145 -1
4 2 4 74 144 -1
4 2 4 74 145 0.913181
4 3 4 110 144 0.64281
4 3 4 110 145 0.23749
4 3 4 111 144 0.07003
4 3 4 111 145 0.646948
5 0 1 9 41 0.485317
5 0 1 10 41 0.514683
5 0 2 9 75 0.749339
5 0 2 9 76 -1
5 0 2 10 75 -1
5 0 2 10 76 0.870004
5 0 3 9 112 0.358442
5 0 3 9 113 0.313829
5 0 3 10 112 0.307682
5 0 3 10 113 0.348079
5 0 4 9 146 0.843058
5 0 4 9 147 -1
5 0 4 10 146 0.00949723
5 0 4 10 147 0.98234
5 1 2 41 75 0.52754
5 1 2 41 76 0.47246
5 1 3 41 112 0.434866
5 1 3 41 113 0.565134
5 1 4 41 146 0.418592
5 1 4 41 147 0.581408
5 2 3 75 112 0.978069
5 2 3 75 113 -1
5 2 3 76 112 -1
5 2 3 76 113 0.712813
5 2 4 75 146 0.908923
5 2 4 75 147 -1
5 2 4 76 146 -1
5 2 4 76 147 0.849837
5 3 4 112 146 0.389941
5 3 4 112 147 0.275976
5 3 4 113 146 0.25638
5 3 4 113 147 0.389053
6 0 1 11 42 0.302853
6 0 1 11 43 0.278725
6 0 1 12 42 0.279909
6 0 1 12 43 0.303388
6 0 2 11 77 -1
6 0 2 11 78 0.906202
6 0 2 12 77 0.983823
6 0 2 12 78 -1
6 0 3 11 114 0.235792
6 0 3 11 115 0.440153
6 0 3 12 114 0.425477
6 0 3 12 115 0.276198
6 0 4 11 148 -1
6 0 4 11 149 0.725893
6 0 4 12 148 0.916061
6 0 4 12 149 -1
6 1 2 42 77 -1
6 1 2 42 78 0.864933
6 1 2 43 77 0.846012
6 1 2 43 78 -1
6 1 3 42 114 0.267472
6 1 3 42 115 0.315653
6 1 3 43 114 0.315632
6 1 3 43 115 0.269017
6 1 4 42 148 -1
6 1 4 42 149 0.787031
6 1 4 43 148 0.767506
6 1 4 43 149 0.192876
6 2 3 77 114 0.83427
6 2 3 77 115 -1
6 2 3 78 114 -1
6 2 3 78 115 0.789395
6 2 4 77 148 0.887839
6 2 4 77 149 -1
6 2 4 78 148 -1
6 2 4 78 149 0.726242
6 3 4 114 148 0.575858
6 3 4 114 149 0.287845
6 3 4 115 148 0.135712
6 3 4 115 149 0.58655
7 0 1 13 44 0.612569
7 0 1 13 45 -1
7 0 1 14 44 0.349121
7 0 1 14 45 0.548221
7 0 2 13 79 0.825128
7 0 2 13 80 -1
7 0 2 14 79 -1
7 0 2 14 80 0.579962
7 0 3 13 116 0.889503
7 0 3 13 117 -1
7 0 3 14 116 -1
7 0 3 14 117 0.580957
7 0 4 13 150 -1
7 0 4 13 151 0.785584
7 0 4 14 150 0.482626
7 0 4 14 151 -1
7 1 2 44 79 0.921824
7 1 2 44 80 -1
7 1 2 45 79 -1
7 1 2 45 80 0.85233
7 1 3 44 116 0.960982
7 1 3 44 117 -1
7 1 3 45 116 -1
7 1 3 45 117 0.70741
7 1 4 44 150 -1
7 1 4 44 151 0.996507
7 1 4 45 150 0.834453
7 1 4 45 151 -1
7 2 3 79 116 0.894292
7 2 3 79 117 -1
7 2 3 80 116 -1
7 2 3 80 117 0.883832
7 2 4 79 150 0.0736501
7 2 4 79 151 0.920444
7 2 4 80 150 0.918627
7 2 4 80 151 -1
7 3 4 116 150 0.0837758
7 3 4 116 151 0.904557
7 3 4 117 150 0.916224
7 3 4 117 151 -1
8 0 1 15 46 0.35615
8 0 1 15 47 0.288102
8 0 1 16 46 0.303787
8 0 1 16 47 0.362611
8 0 2 15 81 0.988319
8 0 2 15 82 -1
8 0 2 16 81 -1
8 0 2 16 82 0.914572
8 0 3 15 118 0.782884
8 0 3 15 119 -1
8 0 3 16 118 -1
8 0 3 16 119 0.786002
8 0 4 15 152 -1
8 0 4 15 153 0.914303
8 0 4 16 152 0.957969
8 0 4 16 153 -1
8 1 2 46 81 0.906578
8 1 2 46 82 -1
8 1 2 47 81 -1
8 1 2 47 82 0.803611
8 1 3 46 118 0.710854
8 1 3 46 119 -1
8 1 3 47 118 -1
8 1 3 47 119 0.788174
8 1 4 46 152 -1
8 1 4 46 153 0.775126
8 1 4 47 152 0.99544
8 1 4 47 153 -1
8 2 3 81 118 0.761166
8 2 3 81 119 -1
8 2 3 82 118 -1
8 2 3 82 119 0.91725
8 2 4 81 152 -1
8 2 4 81 153 0.85562
8 2 4 82 152 0.878716
8 2 4 82 153 -1
8 3 4 118 152 0.272866
8 3 4 118 153 0.60356
8 3 4 119 152 0.575213
8 3 4 119 153 -1
9 0 1 17 48 0.939138
9 0 2 17 83 -1
9 0 3 17 120 -1
9 0 4 17 154 -1
9 0 4 17 155 0.99526
9 1 2 48 83 0.784637
9 1 3 48 120 0.417412
9 1 4 48 154 -1
9 1 4 48 155 0.953083
9 2 3 83 120 0.950859
9 2 4 83 154 0.944576
9 2 4 83 155 -1
9 3 4 120 154 0.693161
9 3 4 120 155 0.306839
10 0 1 18 49 0.353489
10 0 1 18 50 0.251391
10 0 1 19 49 0.239677
10 0 1 19 50 0.353746
10 0 2 18 84 -1
10 0 2 18 85 0.972591
10 0 2 19 84 0.945315
10 0 2 19 85 -1
10 0 3 18 121 0.926171
10 0 3 19 121 -1
10 1 2 49 84 -1
10 1 2 49 85 0.883117
10 1 2 50 84 0.879553
10 1 2 50 85 0.113304
10 1 3 49 121 0.725498
10 1 3 50 121 0.274502
10 2 3 84 121 -1
10 2 3 85 121 0.982162
11 0 1 20 51 0.908061
11 0 2 20 86 -1
11 0 2 20 87 0.87332
11 0 3 20 122 -1
11 0 4 20 156 0.770916
11 0 4 20 157 -1
11 1 2 51 86 0.429996
11 1 2 51 87 0.570004
11 1 3 51 122 0.617
11 1 4 51 156 0.606625
11 1 4 51 157 0.393375
11 2 3 86 122 0.861567
11 2 3 87 122 -1
11 2 4 86 156 -1
11 2 4 86 157 0.895989
11 2 4 87 156 0.807309
11 2 4 87 157 -1
11 3 4 122 156 0.425059
11 3 4 122 157 0.574941
12 0 1 21 52 0.584261
12 0 1 21 53 0.415739
12 0 2 21 88 0.929538
12 0 2 21 89 -1
12 0 3 21 123 0.678103
12 0 3 21 124 -1
12 0 4 21 158 -1
12 1 2 52 88 0.984515
12 1 2 52 89 -1
12 1 2 53 88 -1
12 1 2 53 89 0.995628
12 1 3 52 123 0.739442
12 1 3 52 124 0.193496
12 1 3 53 123 -1
12 1 3 53 124 0.806504
12 1 4 52 158 -1
12 1 4 53 158 0.953075
12 2 3 88 123 0.755475
12 2 3 88 124 -1
12 2 3 89 123 -1
12 2 3 89 124 0.980482
12 2 4 88 158 -1
12 2 4 89 158 0.90463
12 3 4 123 158 0.339574
12 3 4 124 158 0.660426
13 0 1 22 54 0.892408
13 0 1 22 55 -1
13 0 1 23 54 -1
13 0 1 23 55 0.586115
13 0 2 22 90 0.90214
13 0 2 22 91 -1
13 0 2 23 90 -1
13 0 2 23 91 0.840881
13 0 3 22 125 0.975781
13 0 3 22 126 -1
13 0 3 23 125 -1
13 0 3 23 126 0.889072
13 0 4 22 159 -1
13 0 4 22 160 0.977808
13 0 4 23 159 0.567652
13 0 4 23 160 -1
13 1 2 54 90 0.921452
13 1 2 54 91 -1
13 1 2 55 90 -1
13 1 2 55 91 0.937148
13 1 3 54 125 0.833697
13 1 3 54 126 -1
13 1 3 55 125 -1
13 1 3 55 126 0.793793
13 1 4 54 159 -1
13 1 4 54 160 0.654159
13 1 4 55 159 0.766163
13 1 4 55 160 -1
13 2 3 90 125 0.929655
13 2 3 90 126 -1
13 2 3 91 125 -1
13 2 3 91 126 0.859639
13 2 4 90 159 0.0743391
13 2 4 90 160 0.701367
13 2 4 91 159 0.829362
13 2 4 91 160 0.110283
13 3 4 125 159 -1
13 3 4 125 160 0.787078
13 3 4 126 159 0.995676
13 3 4 126 160 -1
14 0 1 24 56 0.709278
14 0 1 24 57 0.262385
14 0 2 24 92 0.894573
14 0 2 24 93 -1
14 0 3 24 127 0.868994
14 0 3 24 128 -1
14 0 4 24 161 -1
14 0 4 24 162 0.991136
14 1 2 56 92 0.661624
14 1 2 56 93 -1
14 1 2 57 92 -1
14 1 2 57 93 0.769681
14 1 3 56 127 0.56401
14 1 3 56 128 -1
14 1 3 57 127 -1
14 1 3 57 128 0.858694
14 1 4 56 161 -1
14 1 4 56 162 0.630046
14 1 4 57 161 0.974324
14 1 4 57 162 -1
14 2 3 92 127 0.975307
14 2 3 92 128 -1
14 2 3 93 127 -1
14 2 3 93 128 0.854482
14 2 4 92 161 -1
14 2 4 92 162 0.890411
14 2 4 93 161 0.797908
14 2 4 93 162 -1
14 3 4 127 161 0.274137
14 3 4 127 162 0.63297
14 3 4 128 161 0.608943
14 3 4 128 162 -1
15 0 1 25 58 0.849604
15 0 2 25 94 -1
15 0 2 25 95 0.663337
15 0 3 25 129 -1
15 0 4 25 163 0.471225
15 0 4 25 164 0.528775
15 1 2 58 94 -1
15 1 2 58 95 0.676938
15 1 3 58 129 -1
15 1 4 58 163 -1
15 1 4 58 164 0.962059
15 2 3 94 129 0.868128
15 2 3 95 129 -1
15 2 4 94 163 0.856964
15 2 4 94 164 -1
15 2 4 95 163 -1
15 2 4 95 164 0.640868
15 3 4 129 163 0.674412
15 3 4 129 164 0.325588
16 0 1 26 59 0.463626
16 0 1 26 60 -1
16 0 1 27 59 0.536374
16 0 1 27 60 -1
16 0 2 26 96 -1
16 0 2 26 97 -1
16 0 2 27 96 0.853336
16 0 2 27 97 -1
16 0 3 26 130 0.328186
16 0 3 26 131 -1
16 0 3 27 130 0.671814
16 0 3 27 131 -1
16 0 4 26 165 0.492133
16 0 4 27 165 -1
16 1 2 59 96 0.89907
16 1 2 59 97 -1
16 1 2 60 96 -1
16 1 2 60 97 0.763804
16 1 3 59 130 0.954934
16 1 3 59 131 -1
16 1 3 60 130 -1
16 1 3 60 131 0.794337
16 1 4 59 165 -1
16 1 4 60 165 0.977091
16 2 3 96 130 0.947534
16 2 3 96 131 -1
16 2 3 97 130 -1
16 2 3 97 131 0.984939
16 2 4 96 165 -1
16 2 4 97 165 0.815001
16 3 4 130 165 0.120979
16 3 4 131 165 0.879021
17 0 1 28 61 0.303981
17 0 1 28 62 0.309367
17 0 1 29 61 0.308396
17 0 1 29 62 0.303514
17 0 2 28 98 -1
17 0 2 28 99 0.957374
17 0 2 29 98 0.828421
17 0 2 29 99 -1
17 0 3 28 132 -1
17 0 3 28 133 0.80011
17 0 3 29 132 0.776464
17 0 3 29 133 -1
17 0 4 28 166 0.931468
17 0 4 28 167 -1
17 0 4 29 166 -1
17 0 4 29 167 0.79629
17 1 2 61 98 0.785515
17 1 2 61 99 -1
17 1 2 62 98 -1
17 1 2 62 99 0.79688
17 1 3 61 132 0.778169
17 1 3 61 133 -1
17 1 3 62 132 -1
17 1 3 62 133 0.959953
17 1 4 61 166 -1
17 1 4 61 167 0.750999
17 1 4 62 166 0.872751
17 1 4 62 167 -1
17 2 3 98 132 0.950376
17 2 3 98 133 -1
17 2 3 99 132 -1
17 2 3 99 133 0.79689
17 2 4 98 166 -1
17 2 4 98 167 0.989919
17 2 4 99 166 0.793991
17 2 4 99 167 -1
17 3 4 132 166 0.259897
17 3 4 132 167 0.259341
17 3 4 133 166 0.259348
17 3 4 133 167 0.259895
18 0 1 30 63 0.689594
18 0 1 30 64 -1
18 0 1 31 63 0.310406
18 0 1 31 64 0.214072
18 0 2 30 100 0.944857
18 0 2 30 101 -1
18 0 2 31 100 -1
18 0 2 31 101 0.71122
18 0 3 30 134 -1
18 0 3 30 135 0.781899
18 0 3 31 134 0.833703
18 0 3 31 135 -1
18 0 4 30 168 -1
18 0 4 30 169 0.784924
18 0 4 31 168 0.239086
18 0 4 31 169 -1
18 1 2 63 100 0.645631
18 1 2 63 101 -1
18 1 2 64 100 -1
18 1 2 64 101 0.925993
18 1 3 63 134 -1
18 1 3 63 135 0.573406
18 1 3 64 134 0.815639
18 1 3 64 135 -1
18 1 4 63 168 -1
18 1 4 63 169 0.248025
18 1 4 64 168 0.765424
18 1 4 64 169 -1
18 2 3 100 134 -1
18 2 3 100 135 0.836335
18 2 3 101 134 0.79937
18 2 3 101 135 -1
18 2 4 100 168 0.347467
18 2 4 100 169 0.348183
18 2 4 101 168 0.34821
18 2 4 101 169 0.347449
18 3 4 134 168 0.802781
18 3 4 134 169 -1
18 3 4 135 168 -1
18 3 4 135 169 0.911252
end of Frame 11
