J OverallIdx viewIdx joint种类0-18(jointIdx) 该joint在图中的顺序(candidix) x y score
0 0 0 0 502.047 385.864 0.714737
1 0 0 1 325.398 442.822 0.565642
2 0 1 0 322.414 202.406 0.833834
3 0 1 1 521.617 210.916 0.857455
4 0 2 0 482.362 385.864 0.686429
5 0 2 1 370.276 438.604 0.552128
6 0 3 0 47.649 379.524 0.627159
7 0 3 1 524.3 385.863 0.686893
8 0 3 2 280.437 444.931 0.554961
9 0 4 0 462.786 149.718 0.882718
10 0 5 0 386.983 202.418 0.798211
11 0 5 1 485.181 210.913 0.823148
12 0 6 0 255.177 198.271 0.801526
13 0 6 1 67.3178 212.977 0.806846
14 0 6 2 549.791 210.883 0.862449
15 0 7 0 499.11 520.84 0.732053
16 0 7 1 350.584 611.536 0.744006
17 0 8 0 56.0755 499.782 0.82113
18 0 8 1 527.299 527.126 0.78847
19 0 8 2 272.024 617.82 0.692323
20 0 9 0 342.125 115.955 0.8367
21 0 10 0 260.84 116.017 0.845403
22 0 10 1 28.0604 143.475 0.706163
23 0 10 2 510.444 145.495 0.893261
24 0 11 0 476.728 282.573 0.335035
25 0 11 1 423.46 326.777 0.811125
26 0 12 0 611.364 280.501 0.85861
27 0 12 1 86.9001 297.305 0.710016
28 0 12 2 235.692 345.805 0.85752
29 0 13 0 507.579 632.539 0.849824
30 0 13 1 353.388 750.702 0.555129
31 0 14 0 78.6648 596.732 0.849974
32 0 14 1 549.61 651.578 0.782452
33 0 14 2 277.548 765.322 0.414789
34 0 15 0 389.734 396.389 0.68483
35 0 16 0 549.745 333.197 0.861869
36 0 16 1 98.046 373.254 0.598727
37 0 16 2 235.446 447.104 0.758327
38 0 17 0 72.9411 632.563 0.82326
39 0 17 1 513.236 687.441 0.742458
40 0 18 0 448.698 649.515 0.821447
41 0 18 1 30.87 657.908 0.566975
42 1 0 0 199.136 381.647 0.681056
43 1 0 1 546.737 379.564 0.815794
44 1 0 2 659.069 396.435 0.584149
45 1 1 0 190.847 219.271 0.870253
46 1 1 1 661.771 227.64 0.73653
47 1 1 2 546.83 244.708 0.931286
48 1 2 0 168.205 383.754 0.684023
49 1 2 1 515.975 379.559 0.77819
50 1 2 2 650.608 396.404 0.474579
51 1 3 0 235.453 379.605 0.722413
52 1 3 1 572.023 379.594 0.829082
53 1 3 2 661.919 398.54 0.708773
54 1 3 3 28.031 461.785 0.488307
55 1 4 0 213.149 160.321 0.935644
56 1 4 1 602.955 179.252 0.8437
57 1 4 2 527.331 193.969 0.98151
58 1 5 0 145.745 213.071 0.849157
59 1 5 1 650.648 225.613 0.619518
60 1 5 2 504.751 244.709 0.927951
61 1 6 0 36.4428 160.247 0.69482
62 1 6 1 241.192 223.556 0.773691
63 1 6 2 664.774 227.734 0.88596
64 1 6 3 586.098 244.618 0.891338
65 1 7 0 527.048 482.93 0.870605
66 1 7 1 190.632 514.486 0.818557
67 1 7 2 647.789 529.262 0.664231
68 1 8 0 572.204 482.848 0.869607
69 1 8 1 257.991 506.079 0.863759
70 1 8 2 661.765 531.375 0.826555
71 1 8 3 36.5162 664.245 0.544904
72 1 9 0 179.51 151.858 0.76653
73 1 10 0 238.489 153.934 0.563471
74 1 10 1 639.381 172.885 0.917437
75 1 10 2 563.659 193.88 0.893193
76 1 11 0 459.988 295.164 0.979861
77 1 11 1 117.771 309.905 0.804219
78 1 12 0 33.6357 299.451 0.789367
79 1 12 1 622.557 295.097 0.901669
80 1 12 2 246.753 307.86 0.308247
81 1 12 3 687.091 328.92 0.904202
82 1 13 0 527.143 571.492 0.844641
83 1 13 1 661.675 634.781 0.794881
84 1 13 2 210.375 645.27 0.809958
85 1 14 0 580.512 571.493 0.79196
86 1 14 1 193.59 590.421 0.623741
87 1 14 2 689.912 666.314 0.744799
88 1 15 0 493.518 335.279 0.839065
89 1 15 1 123.439 383.82 0.873917
90 1 16 0 594.686 333.135 0.929875
91 1 16 1 639.427 396.414 0.881404
92 1 17 0 586.088 598.913 0.806586
93 1 17 1 235.498 603.066 0.272731
94 1 17 2 630.922 678.949 0.71716
95 1 18 0 496.393 594.619 0.791955
96 1 18 1 602.973 651.554 0.715459
97 1 18 2 238.35 668.528 0.79316
98 2 0 0 414.937 278.37 0.815023
99 2 0 1 703.936 375.339 0.781688
100 2 0 2 375.827 630.498 0.449835
101 2 1 0 392.557 126.631 0.927722
102 2 1 1 745.923 223.466 0.829043
103 2 1 2 367.429 425.919 0.684457
104 2 2 0 381.391 280.537 0.733155
105 2 2 1 673.059 364.848 0.720947
106 2 2 2 378.558 636.848 0.453034
107 2 3 0 443.052 276.195 0.729242
108 2 3 1 729.251 379.585 0.783964
109 2 3 2 370.169 624.156 0.291365
110 2 4 0 414.954 88.5594 0.92371
111 2 4 1 703.963 177.148 0.919066
112 2 4 2 490.81 381.78 0.856087
113 2 5 0 344.995 141.238 0.837456
114 2 5 1 695.505 202.441 0.794971
115 2 5 2 375.807 463.966 0.518344
116 2 6 0 437.501 118.055 0.856366
117 2 6 1 790.862 240.387 0.808823
118 2 6 2 347.618 381.684 0.697066
119 2 7 0 395.439 379.643 0.576174
120 2 7 1 661.743 468.145 0.863225
121 2 7 2 406.624 735.898 0.648339
122 2 8 0 445.935 381.677 0.209896
123 2 8 1 729.107 478.624 0.843875
124 2 8 2 370.295 719.052 0.581824
125 2 9 0 370.299 75.7884 0.918738
126 2 9 1 415.195 373.2 0.813888
127 2 10 0 757.226 174.963 0.859021
128 2 11 0 280.581 210.849 0.954692
129 2 11 1 673.04 263.599 0.869874
130 2 11 2 364.604 598.932 0.629837
131 2 12 0 457.079 164.442 0.822453
132 2 12 1 796.601 331.106 0.917732
133 2 12 2 302.815 482.951 0.695555
134 2 13 0 656.198 546.169 0.888874
135 2 14 0 732.002 565.225 0.86079
136 2 15 0 345.005 261.363 0.952916
137 2 15 1 658.975 331.071 0.872037
138 2 15 2 423.483 714.784 0.771688
139 2 16 0 459.964 221.439 0.871114
140 2 16 1 751.398 385.928 0.862349
141 2 16 2 434.575 463.927 0.180397
142 2 16 3 266.398 577.765 0.703603
143 2 17 0 695.469 596.661 0.811576
144 2 18 0 633.753 577.734 0.847291
145 3 0 0 594.536 335.29 0.761113
146 3 0 1 302.848 371.112 0.675559
147 3 0 2 793.58 413.261 0.543196
148 3 1 0 790.797 175.035 0.829479
149 3 1 1 277.531 187.667 0.748139
150 3 1 2 594.487 193.892 0.959312
151 3 2 0 566.446 333.217 0.702696
152 3 2 1 286.077 373.265 0.64112
153 3 2 2 841.356 411.202 0.559548
154 3 3 0 622.628 335.319 0.691237
155 3 3 1 319.727 366.962 0.585265
156 3 3 2 743.161 411.209 0.531269
157 3 4 0 325.176 122.319 0.891115
158 3 4 1 588.949 141.229 0.912838
159 3 5 0 866.631 172.929 0.749817
160 3 5 1 257.889 191.834 0.827405
161 3 5 2 549.518 191.907 0.87894
162 3 6 0 291.698 181.317 0.66866
163 3 6 1 706.77 177.1 0.83537
164 3 6 2 639.483 193.95 0.933149
165 3 7 0 571.917 459.671 0.827078
166 3 7 1 294.404 514.561 0.689085
167 3 7 2 815.94 600.943 0.772336
168 3 8 0 639.317 451.253 0.80884
169 3 8 1 305.783 510.31 0.734232
170 3 8 2 731.896 573.574 0.7689
171 3 9 0 841.363 86.4355 0.842267
172 3 9 1 263.663 120.203 0.838966
173 3 9 2 569.188 126.528 0.455102
174 3 10 0 757.174 88.5455 0.558793
175 3 10 1 619.714 130.713 0.88344
176 3 11 0 521.65 267.829 0.831688
177 3 11 1 218.827 274.061 0.830121
178 3 11 2 908.565 301.553 0.682391
179 3 12 0 658.956 267.798 0.773833
180 3 12 1 689.946 309.97 0.515279
181 3 13 0 572.173 560.917 0.836489
182 3 13 1 277.678 651.539 0.805166
183 3 13 2 779.631 754.898 0.682044
184 3 14 0 642.166 548.207 0.86619
185 3 14 1 305.687 615.758 0.848851
186 3 14 2 706.598 733.845 0.65897
187 3 15 0 535.693 329.001 0.856557
188 3 15 1 277.616 328.843 0.90695
189 3 15 2 922.666 415.425 0.34385
190 3 16 0 642.125 331.083 0.839974
191 3 16 1 667.428 436.504 0.485214
192 3 17 0 642.188 579.861 0.780467
193 3 17 1 370.058 617.823 0.897432
194 3 17 2 692.686 754.887 0.217357
195 3 18 0 588.876 592.523 0.815577
196 3 18 1 344.831 674.776 0.781977
197 3 18 2 807.657 740.174 0.248128
198 4 0 0 930.961 244.534 0.800267
199 4 0 1 1029.21 293.071 0.458388
200 4 0 2 656.238 343.73 0.532224
201 4 1 0 661.97 113.906 0.866426
202 4 1 1 931.086 124.449 0.952539
203 4 2 0 953.494 244.546 0.786394
204 4 2 1 586.071 286.758 0.186562
205 4 2 2 703.93 345.814 0.55586
206 4 3 0 905.862 242.532 0.782656
207 4 3 1 572.08 291.003 0.284839
208 4 3 2 1001.3 291.022 0.60715
209 4 3 3 608.577 341.601 0.453118
210 4 4 0 633.776 80.1872 0.786597
211 4 4 1 975.976 90.5972 0.252976
212 4 5 0 731.867 111.858 0.832498
213 4 5 1 574.951 124.338 0.424426
214 4 5 2 959.168 124.448 0.86744
215 4 6 0 594.607 113.874 0.808737
216 4 6 1 1029.2 120.177 0.618092
217 4 6 2 905.733 124.444 0.8888
218 4 7 0 975.875 316.366 0.712655
219 4 7 1 1029.21 398.565 0.653882
220 4 7 2 588.917 404.882 0.156164
221 4 7 3 695.467 514.611 0.772901
222 4 8 0 908.451 326.796 0.882113
223 4 8 1 959.08 392.211 0.826366
224 4 8 2 588.944 411.21 0.284705
225 4 8 3 614.183 512.396 0.719994
226 4 9 0 706.668 39.9799 0.806237
227 4 9 1 591.695 73.8044 0.926881
228 4 9 2 964.72 78.0307 0.834101
229 4 10 0 639.539 40.0887 0.5377
230 4 10 1 989.937 59.1075 0.668885
231 4 10 2 936.706 80.0816 0.170127
232 4 11 0 978.801 179.247 0.805896
233 4 11 1 816.064 210.834 0.907013
234 4 12 0 891.738 179.268 0.470903
235 4 12 1 1012.4 198.242 0.41784
236 4 12 2 1029.2 198.267 0.420653
237 4 12 3 529.956 212.965 0.901719
238 4 13 0 961.899 398.55 0.42297
239 4 13 1 574.943 501.887 0.299927
240 4 13 2 995.525 510.312 0.782393
241 4 13 3 689.868 660.004 0.772488
242 4 14 0 902.926 398.534 0.781467
243 4 14 1 1029.21 463.959 0.388751
244 4 14 2 577.696 512.332 0.45241
245 4 14 3 600.16 638.951 0.758464
246 4 15 0 754.377 276.213 0.892369
247 4 16 0 591.591 276.163 0.82553
248 4 17 0 908.56 400.663 0.494143
249 4 17 1 586.068 527.127 0.158104
250 4 17 2 605.791 634.756 0.427299
251 4 18 0 931.094 411.156 0.261586
252 4 18 1 953.575 508.155 0.76718
253 4 18 2 734.792 647.386 0.732297
P viewIdx, pafIdx, aOverAllIdx, bOverAllIdx, CandidAIdx, CandidBIdx, score
0 0 2 0 0 0 0
0 0 2 1 0 1 0.987665
0 0 3 0 1 0 0.985748
0 0 3 1 1 1 0
0 1 4 15 0 0 0.987182
0 1 4 16 0 1 0
0 1 5 15 1 0 0
0 1 5 16 1 1 0.953733
0 2 15 29 0 0 0.991392
0 2 15 30 0 1 0
0 2 16 29 1 0 0
0 2 16 30 1 1 0.972518
0 3 0 4 0 0 0.926226
0 3 0 5 0 1 0
0 3 1 4 1 0 0
0 3 1 5 1 1 0.8644
0 4 0 6 0 0 0
0 4 0 7 0 1 0.919408
0 4 0 8 0 2 0
0 4 1 6 1 0 0
0 4 1 7 1 1 0
0 4 1 8 1 2 0.871982
0 5 6 17 0 0 0.985884
0 5 6 18 0 1 0
0 5 6 19 0 2 0
0 5 7 17 1 0 0
0 5 7 18 1 1 0.988722
0 5 7 19 1 2 0
0 5 8 17 2 0 0
0 5 8 18 2 1 0
0 5 8 19 2 2 0.968362
0 6 17 31 0 0 0.996297
0 6 17 32 0 1 0
0 6 17 33 0 2 0
0 6 18 31 1 0 0
0 6 18 32 1 1 0.998688
0 6 18 33 1 2 0
0 6 19 31 2 0 0
0 6 19 32 2 1 0
0 6 19 33 2 2 0.979531
0 7 2 10 0 0 0.975748
0 7 2 11 0 1 0
0 7 3 10 1 0 0
0 7 3 11 1 1 0.985836
0 8 10 24 0 0 0
0 8 10 25 0 1 0.539713
0 8 11 24 1 0 0.505359
0 8 11 25 1 1 0.268456
0 9 24 34 0 0 0.492005
0 9 25 34 1 0 0.507995
0 10 10 20 0 0 0.9866
0 10 11 20 1 0 0
0 11 2 12 0 0 0.972024
0 11 2 13 0 1 0
0 11 2 14 0 2 0
0 11 3 12 1 0 0
0 11 3 13 1 1 0
0 11 3 14 1 2 0.990843
0 12 12 26 0 0 0
0 12 12 27 0 1 0
0 12 12 28 0 2 0.970643
0 12 13 26 1 0 0
0 12 13 27 1 1 0.982699
0 12 13 28 1 2 0
0 12 14 26 2 0 0.991606
0 12 14 27 2 1 0
0 12 14 28 2 2 0
0 13 26 35 0 0 0.963316
0 13 26 36 0 1 0
0 13 26 37 0 2 0
0 13 27 35 1 0 0
0 13 27 36 1 1 0.964121
0 13 27 37 1 2 0
0 13 28 35 2 0 0
0 13 28 36 2 1 0
0 13 28 37 2 2 0.989753
0 14 12 21 0 0 0.999722
0 14 12 22 0 1 0
0 14 12 23 0 2 0
0 14 13 21 1 0 0
0 14 13 22 1 1 0.981397
0 14 13 23 1 2 0
0 14 14 21 2 0 0
0 14 14 22 2 1 0
0 14 14 23 2 2 0.997099
0 15 2 9 0 0 0
0 15 3 9 1 0 0.987527
0 16 31 38 0 0 0.974244
0 16 31 39 0 1 0
0 16 32 38 1 0 0
0 16 32 39 1 1 0.945622
0 16 33 38 2 0 0
0 16 33 39 2 1 0
0 17 29 40 0 0 0.966594
0 17 29 41 0 1 0
0 17 30 40 1 0 0
0 17 30 41 1 1 0
1 0 45 42 0 0 0.992563
1 0 45 43 0 1 0
1 0 45 44 0 2 0
1 0 46 42 1 0 0
1 0 46 43 1 1 0
1 0 46 44 1 2 0.931907
1 0 47 42 2 0 0
1 0 47 43 2 1 0.995028
1 0 47 44 2 2 0
1 1 48 65 0 0 0
1 1 48 66 0 1 0.986078
1 1 48 67 0 2 0
1 1 49 65 1 0 0.989238
1 1 49 66 1 1 0
1 1 49 67 1 2 0
1 1 50 65 2 0 0
1 1 50 66 2 1 0
1 1 50 67 2 2 0.893861
1 2 65 82 0 0 0.997578
1 2 65 83 0 1 0
1 2 65 84 0 2 0
1 2 66 82 1 0 0
1 2 66 83 1 1 0
1 2 66 84 1 2 0.99272
1 2 67 82 2 0 0
1 2 67 83 2 1 0.972207
1 2 67 84 2 2 0
1 3 42 48 0 0 0.91571
1 3 42 49 0 1 0
1 3 42 50 0 2 0
1 3 43 48 1 0 0
1 3 43 49 1 1 0.970839
1 3 43 50 1 2 0
1 3 44 48 2 0 0
1 3 44 49 2 1 0
1 3 44 50 2 2 0.770189
1 4 42 51 0 0 0.927177
1 4 42 52 0 1 0
1 4 42 53 0 2 0
1 4 42 54 0 3 0
1 4 43 51 1 0 0
1 4 43 52 1 1 0.967863
1 4 43 53 1 2 0
1 4 43 54 1 3 0
1 4 44 51 2 0 0
1 4 44 52 2 1 0
1 4 44 53 2 2 0.785337
1 4 44 54 2 3 0
1 5 51 68 0 0 0
1 5 51 69 0 1 0.997393
1 5 51 70 0 2 0
1 5 51 71 0 3 0
1 5 52 68 1 0 0.99972
1 5 52 69 1 1 0
1 5 52 70 1 2 0
1 5 52 71 1 3 0
1 5 53 68 2 0 0
1 5 53 69 2 1 0
1 5 53 70 2 2 0.984535
1 5 53 71 2 3 0
1 5 54 68 3 0 0
1 5 54 69 3 1 0
1 5 54 70 3 2 0
1 5 54 71 3 3 0.96441
1 6 68 85 0 0 0.994475
1 6 68 86 0 1 0
1 6 68 87 0 2 0
1 6 69 85 1 0 0
1 6 69 86 1 1 0.954434
1 6 69 87 1 2 0
1 6 70 85 2 0 0
1 6 70 86 2 1 0
1 6 70 87 2 2 0.994936
1 6 71 85 3 0 0
1 6 71 86 3 1 0
1 6 71 87 3 2 0
1 7 45 58 0 0 0.992173
1 7 45 59 0 1 0
1 7 45 60 0 2 0
1 7 46 58 1 0 0
1 7 46 59 1 1 0.918488
1 7 46 60 1 2 0
1 7 47 58 2 0 0
1 7 47 59 2 1 0
1 7 47 60 2 2 0.993578
1 8 58 76 0 0 0
1 8 58 77 0 1 0.988787
1 8 59 76 1 0 0
1 8 59 77 1 1 0
1 8 60 76 2 0 0.978047
1 8 60 77 2 1 0
1 9 76 88 0 0 0.984214
1 9 76 89 0 1 0
1 9 77 88 1 0 0
1 9 77 89 1 1 0.990993
1 10 58 72 0 0 0.956724
1 10 59 72 1 0 0
1 10 60 72 2 0 0
1 11 45 61 0 0 0
1 11 45 62 0 1 0.992364
1 11 45 63 0 2 0
1 11 45 64 0 3 0
1 11 46 61 1 0 0
1 11 46 62 1 1 0
1 11 46 63 1 2 0.50161
1 11 46 64 1 3 0
1 11 47 61 2 0 0
1 11 47 62 2 1 0
1 11 47 63 2 2 0.262342
1 11 47 64 2 3 0.526379
1 12 61 78 0 0 0.975579
1 12 61 79 0 1 0
1 12 61 80 0 2 0
1 12 61 81 0 3 0
1 12 62 78 1 0 0
1 12 62 79 1 1 0
1 12 62 80 1 2 0.827167
1 12 62 81 1 3 0
1 12 63 78 2 0 0
1 12 63 79 2 1 0
1 12 63 80 2 2 0
1 12 63 81 2 3 0.50504
1 12 64 78 3 0 0
1 12 64 79 3 1 0.509324
1 12 64 80 3 2 0
1 12 64 81 3 3 0.252095
1 13 78 90 0 0 0
1 13 78 91 0 1 0
1 13 79 90 1 0 0.969617
1 13 79 91 1 1 0
1 13 80 90 2 0 0
1 13 80 91 2 1 0
1 13 81 90 3 0 0
1 13 81 91 3 1 0.969614
1 14 61 73 0 0 0
1 14 61 74 0 1 0
1 14 61 75 0 2 0
1 14 62 73 1 0 0.896636
1 14 62 74 1 1 0
1 14 62 75 1 2 0
1 14 63 73 2 0 0
1 14 63 74 2 1 0.999591
1 14 63 75 2 2 0
1 14 64 73 3 0 0
1 14 64 74 3 1 0
1 14 64 75 3 2 0.995145
1 15 45 55 0 0 0.962335
1 15 45 56 0 1 0
1 15 45 57 0 2 0
1 15 46 55 1 0 0
1 15 46 56 1 1 0.975162
1 15 46 57 1 2 0
1 15 47 55 2 0 0
1 15 47 56 2 1 0
1 15 47 57 2 2 0.992511
1 16 85 92 0 0 0.988317
1 16 85 93 0 1 0
1 16 85 94 0 2 0
1 16 86 92 1 0 0
1 16 86 93 1 1 0.833663
1 16 86 94 1 2 0
1 16 87 92 2 0 0
1 16 87 93 2 1 0
1 16 87 94 2 2 0.984809
1 17 82 95 0 0 0.967348
1 17 82 96 0 1 0
1 17 82 97 0 2 0
1 17 83 95 1 0 0
1 17 83 96 1 1 0.963172
1 17 83 97 1 2 0
1 17 84 95 2 0 0
1 17 84 96 2 1 0
1 17 84 97 2 2 0.999144
2 0 101 98 0 0 0.99569
2 0 101 99 0 1 0
2 0 101 100 0 2 0
2 0 102 98 1 0 0
2 0 102 99 1 1 0.986853
2 0 102 100 1 2 0
2 0 103 98 2 0 0
2 0 103 99 2 1 0
2 0 103 100 2 2 0.921833
2 1 104 119 0 0 0.963614
2 1 104 120 0 1 0
2 1 104 121 0 2 0
2 1 105 119 1 0 0
2 1 105 120 1 1 0.992999
2 1 105 121 1 2 0
2 1 106 119 2 0 0
2 1 106 120 2 1 0
2 1 106 121 2 2 0.936866
2 2 119 134 0 0 0
2 2 120 134 1 0 0.993241
2 2 121 134 2 0 0
2 3 98 104 0 0 0.942692
2 3 98 105 0 1 0
2 3 98 106 0 2 0
2 3 99 104 1 0 0
2 3 99 105 1 1 0.9655
2 3 99 106 1 2 0
2 3 100 104 2 0 0
2 3 100 105 2 1 0
2 3 100 106 2 2 0.772444
2 4 98 107 0 0 0.95066
2 4 98 108 0 1 0
2 4 98 109 0 2 0
2 4 99 107 1 0 0
2 4 99 108 1 1 0.97096
2 4 99 109 1 2 0
2 4 100 107 2 0 0
2 4 100 108 2 1 0
2 4 100 109 2 2 0.748037
2 5 107 122 0 0 0.814664
2 5 107 123 0 1 0
2 5 107 124 0 2 0
2 5 108 122 1 0 0
2 5 108 123 1 1 0.996608
2 5 108 124 1 2 0
2 5 109 122 2 0 0
2 5 109 123 2 1 0
2 5 109 124 2 2 0.866232
2 6 122 135 0 0 0
2 6 123 135 1 0 0.997332
2 6 124 135 2 0 0
2 7 101 113 0 0 0.97461
2 7 101 114 0 1 0
2 7 101 115 0 2 0
2 7 102 113 1 0 0
2 7 102 114 1 1 0.995285
2 7 102 115 1 2 0
2 7 103 113 2 0 0
2 7 103 114 2 1 0
2 7 103 115 2 2 0.940411
2 8 113 128 0 0 0.973102
2 8 113 129 0 1 0
2 8 113 130 0 2 0
2 8 114 128 1 0 0
2 8 114 129 1 1 0.969278
2 8 114 130 1 2 0
2 8 115 128 2 0 0
2 8 115 129 2 1 0
2 8 115 130 2 2 0.93833
2 9 128 136 0 0 0.985532
2 9 128 137 0 1 0
2 9 128 138 0 2 0
2 9 129 136 1 0 0
2 9 129 137 1 1 0.998649
2 9 129 138 1 2 0
2 9 130 136 2 0 0
2 9 130 137 2 1 0
2 9 130 138 2 2 0.995931
2 10 113 125 0 0 0.970329
2 10 113 126 0 1 0
2 10 114 125 1 0 0
2 10 114 126 1 1 0
2 10 115 125 2 0 0
2 10 115 126 2 1 0.945558
2 11 101 116 0 0 0.972984
2 11 101 117 0 1 0
2 11 101 118 0 2 0
2 11 102 116 1 0 0
2 11 102 117 1 1 0.994065
2 11 102 118 1 2 0
2 11 103 116 2 0 0
2 11 103 117 2 1 0
2 11 103 118 2 2 0.947843
2 12 116 131 0 0 0.996174
2 12 116 132 0 1 0
2 12 116 133 0 2 0
2 12 117 131 1 0 0
2 12 117 132 1 1 0.992511
2 12 117 133 1 2 0
2 12 118 131 2 0 0
2 12 118 132 2 1 0
2 12 118 133 2 2 0.93656
2 13 131 139 0 0 0.995002
2 13 131 140 0 1 0
2 13 131 141 0 2 0
2 13 131 142 0 3 0
2 13 132 139 1 0 0
2 13 132 140 1 1 0.968851
2 13 132 141 1 2 0
2 13 132 142 1 3 0
2 13 133 139 2 0 0
2 13 133 140 2 1 0
2 13 133 141 2 2 0
2 13 133 142 2 3 0.958028
2 14 116 127 0 0 0
2 14 117 127 1 0 0.991098
2 14 118 127 2 0 0
2 15 101 110 0 0 0.986813
2 15 101 111 0 1 0
2 15 101 112 0 2 0
2 15 102 110 1 0 0
2 15 102 111 1 1 0.989066
2 15 102 112 1 2 0
2 15 103 110 2 0 0
2 15 103 111 2 1 0
2 15 103 112 2 2 0.966733
2 16 135 143 0 0 0.944071
2 17 134 144 0 0 0.998824
3 0 148 145 0 0 0
3 0 148 146 0 1 0
3 0 148 147 0 2 0.982714
3 0 149 145 1 0 0
3 0 149 146 1 1 0.962905
3 0 149 147 1 2 0
3 0 150 145 2 0 0.993979
3 0 150 146 2 1 0
3 0 150 147 2 2 0
3 1 151 165 0 0 0.993195
3 1 151 166 0 1 0
3 1 151 167 0 2 0
3 1 152 165 1 0 0
3 1 152 166 1 1 0.94715
3 1 152 167 1 2 0
3 1 153 165 2 0 0
3 1 153 166 2 1 0
3 1 153 167 2 2 0.975188
3 2 165 181 0 0 0.99912
3 2 165 182 0 1 0
3 2 165 183 0 2 0
3 2 166 181 1 0 0
3 2 166 182 1 1 0.989756
3 2 166 183 1 2 0
3 2 167 181 2 0 0
3 2 167 182 2 1 0
3 2 167 183 2 2 0.978157
3 3 145 151 0 0 0.924192
3 3 145 152 0 1 0
3 3 145 153 0 2 0
3 3 146 151 1 0 0
3 3 146 152 1 1 0.895036
3 3 146 153 1 2 0
3 3 147 151 2 0 0
3 3 147 152 2 1 0
3 3 147 153 2 2 0.868953
3 4 145 154 0 0 0.922525
3 4 145 155 0 1 0
3 4 145 156 0 2 0
3 4 146 154 1 0 0
3 4 146 155 1 1 0.880483
3 4 146 156 1 2 0
3 4 147 154 2 0 0
3 4 147 155 2 1 0
3 4 147 156 2 2 0.859012
3 5 154 168 0 0 0.976822
3 5 154 169 0 1 0
3 5 154 170 0 2 0
3 5 155 168 1 0 0
3 5 155 169 1 1 0.945452
3 5 155 170 1 2 0
3 5 156 168 2 0 0
3 5 156 169 2 1 0
3 5 156 170 2 2 0.95382
3 6 168 184 0 0 0.998213
3 6 168 185 0 1 0
3 6 168 186 0 2 0
3 6 169 184 1 0 0
3 6 169 185 1 1 0.992373
3 6 169 186 1 2 0
3 6 170 184 2 0 0
3 6 170 185 2 1 0
3 6 170 186 2 2 0.98372
3 7 148 159 0 0 0.985306
3 7 148 160 0 1 0
3 7 148 161 0 2 0
3 7 149 159 1 0 0
3 7 149 160 1 1 0.965714
3 7 149 161 1 2 0
3 7 150 159 2 0 0
3 7 150 160 2 1 0
3 7 150 161 2 2 0.99949
3 8 159 176 0 0 0
3 8 159 177 0 1 0
3 8 159 178 0 2 0.972218
3 8 160 176 1 0 0
3 8 160 177 1 1 0.969228
3 8 160 178 1 2 0
3 8 161 176 2 0 0.99207
3 8 161 177 2 1 0
3 8 161 178 2 2 0
3 9 176 187 0 0 0.993762
3 9 176 188 0 1 0
3 9 176 189 0 2 0
3 9 177 187 1 0 0
3 9 177 188 1 1 0.99075
3 9 177 189 1 2 0
3 9 178 187 2 0 0
3 9 178 188 2 1 0
3 9 178 189 2 2 0.901627
3 10 159 171 0 0 0.984599
3 10 159 172 0 1 0
3 10 159 173 0 2 0
3 10 160 171 1 0 0
3 10 160 172 1 1 0.997288
3 10 160 173 1 2 0
3 10 161 171 2 0 0
3 10 161 172 2 1 0
3 10 161 173 2 2 0.875976
3 11 148 162 0 0 0
3 11 148 163 0 1 0.990253
3 11 148 164 0 2 0
3 11 149 162 1 0 0.940246
3 11 149 163 1 1 0
3 11 149 164 1 2 0
3 11 150 162 2 0 0
3 11 150 163 2 1 0
3 11 150 164 2 2 0.996964
3 12 162 179 0 0 0
3 12 162 180 0 1 0
3 12 163 179 1 0 0.257551
3 12 163 180 1 1 0.269408
3 12 164 179 2 0 0.269133
3 12 164 180 2 1 0.257939
3 13 179 190 0 0 0.282971
3 13 179 191 0 1 0.266925
3 13 180 190 1 0 0.266553
3 13 180 191 1 1 0.283723
3 14 162 174 0 0 0
3 14 162 175 0 1 0
3 14 163 174 1 0 0.886607
3 14 163 175 1 1 0
3 14 164 174 2 0 0
3 14 164 175 2 1 0.999812
3 15 148 157 0 0 0
3 15 148 158 0 1 0
3 15 149 157 1 0 0.969114
3 15 149 158 1 1 0
3 15 150 157 2 0 0
3 15 150 158 2 1 0.990636
3 16 184 192 0 0 0.974264
3 16 184 193 0 1 0
3 16 184 194 0 2 0
3 16 185 192 1 0 0
3 16 185 193 1 1 0.992209
3 16 185 194 1 2 0
3 16 186 192 2 0 0
3 16 186 193 2 1 0
3 16 186 194 2 2 0.808676
3 17 181 195 0 0 0.993811
3 17 181 196 0 1 0
3 17 181 197 0 2 0
3 17 182 195 1 0 0
3 17 182 196 1 1 0.981418
3 17 182 197 1 2 0
3 17 183 195 2 0 0
3 17 183 196 2 1 0
3 17 183 197 2 2 0
4 0 201 198 0 0 0
4 0 201 199 0 1 0
4 0 201 200 0 2 0.982408
4 0 202 198 1 0 0.993737
4 0 202 199 1 1 0
4 0 202 200 1 2 0
4 1 203 218 0 0 0.51642
4 1 203 219 0 1 0.48358
4 1 203 220 0 2 0
4 1 203 221 0 3 0
4 1 204 218 1 0 0
4 1 204 219 1 1 0
4 1 204 220 1 2 0.762391
4 1 204 221 1 3 0
4 1 205 218 2 0 0
4 1 205 219 2 1 0
4 1 205 220 2 2 0
4 1 205 221 2 3 0.966266
4 2 218 238 0 0 0.497951
4 2 218 239 0 1 0
4 2 218 240 0 2 0.266838
4 2 218 241 0 3 0
4 2 219 238 1 0 0
4 2 219 239 1 1 0
4 2 219 240 1 2 0.5243
4 2 219 241 1 3 0
4 2 220 238 2 0 0
4 2 220 239 2 1 0.789877
4 2 220 240 2 2 0
4 2 220 241 2 3 0
4 2 221 238 3 0 0
4 2 221 239 3 1 0
4 2 221 240 3 2 0
4 2 221 241 3 3 0.992499
4 3 198 203 0 0 0.959671
4 3 198 204 0 1 0
4 3 198 205 0 2 0
4 3 199 203 1 0 0
4 3 199 204 1 1 0
4 3 199 205 1 2 0
4 3 200 203 2 0 0
4 3 200 204 2 1 0
4 3 200 205 2 2 0.86381
4 4 198 206 0 0 0.955448
4 4 198 207 0 1 0
4 4 198 208 0 2 0
4 4 198 209 0 3 0
4 4 199 206 1 0 0
4 4 199 207 1 1 0
4 4 199 208 1 2 0.89196
4 4 199 209 1 3 0
4 4 200 206 2 0 0
4 4 200 207 2 1 0.467898
4 4 200 208 2 2 0
4 4 200 209 2 3 0.532102
4 5 206 222 0 0 0.997054
4 5 206 223 0 1 0
4 5 206 224 0 2 0
4 5 206 225 0 3 0
4 5 207 222 1 0 0
4 5 207 223 1 1 0
4 5 207 224 1 2 0.276936
4 5 207 225 1 3 0.278663
4 5 208 222 2 0 0
4 5 208 223 2 1 0.955575
4 5 208 224 2 2 0
4 5 208 225 2 3 0
4 5 209 222 3 0 0
4 5 209 223 3 1 0
4 5 209 224 3 2 0.278612
4 5 209 225 3 3 0.277065
4 6 222 242 0 0 0.993622
4 6 222 243 0 1 0
4 6 222 244 0 2 0
4 6 222 245 0 3 0
4 6 223 242 1 0 0
4 6 223 243 1 1 0.992444
4 6 223 244 1 2 0
4 6 223 245 1 3 0
4 6 224 242 2 0 0
4 6 224 243 2 1 0
4 6 224 244 2 2 0.495994
4 6 224 245 2 3 0.275478
4 6 225 242 3 0 0
4 6 225 243 3 1 0
4 6 225 244 3 2 0
4 6 225 245 3 3 0.529355
4 7 201 212 0 0 0.976435
4 7 201 213 0 1 0
4 7 201 214 0 2 0
4 7 202 212 1 0 0
4 7 202 213 1 1 0
4 7 202 214 1 2 0.991756
4 8 212 232 0 0 0
4 8 212 233 0 1 0.989909
4 8 213 232 1 0 0
4 8 213 233 1 1 0
4 8 214 232 2 0 0.968702
4 8 214 233 2 1 0
4 9 232 246 0 0 0
4 9 233 246 1 0 0.980438
4 10 212 226 0 0 0.987501
4 10 212 227 0 1 0
4 10 212 228 0 2 0
4 10 213 226 1 0 0
4 10 213 227 1 1 0.913282
4 10 213 228 1 2 0
4 10 214 226 2 0 0
4 10 214 227 2 1 0
4 10 214 228 2 2 0.968177
4 11 201 215 0 0 0.963002
4 11 201 216 0 1 0
4 11 201 217 0 2 0
4 11 202 215 1 0 0
4 11 202 216 1 1 0
4 11 202 217 1 2 0.995273
4 12 215 234 0 0 0
4 12 215 235 0 1 0
4 12 215 236 0 2 0
4 12 215 237 0 3 0.962229
4 12 216 234 1 0 0
4 12 216 235 1 1 0.495324
4 12 216 236 1 2 0.504676
4 12 216 237 1 3 0
4 12 217 234 2 0 0.871627
4 12 217 235 2 1 0
4 12 217 236 2 2 0
4 12 217 237 2 3 0
4 13 234 247 0 0 0
4 13 235 247 1 0 0
4 13 236 247 2 0 0
4 13 237 247 3 0 0.98646
4 14 215 229 0 0 0.820517
4 14 215 230 0 1 0
4 14 215 231 0 2 0
4 14 216 229 1 0 0
4 14 216 230 1 1 0.547528
4 14 216 231 1 2 0
4 14 217 229 2 0 0
4 14 217 230 2 1 0.294436
4 14 217 231 2 2 0.490235
4 15 201 210 0 0 0
4 15 201 211 0 1 0
4 15 202 210 1 0 0
4 15 202 211 1 1 0.684471
4 16 242 248 0 0 0.725269
4 16 242 249 0 1 0
4 16 242 250 0 2 0
4 16 243 248 1 0 0
4 16 243 249 1 1 0
4 16 243 250 1 2 0
4 16 244 248 2 0 0
4 16 244 249 2 1 0.699974
4 16 244 250 2 2 0
4 16 245 248 3 0 0
4 16 245 249 3 1 0
4 16 245 250 3 2 0.684255
4 17 238 251 0 0 0.661689
4 17 238 252 0 1 0
4 17 238 253 0 2 0
4 17 239 251 1 0 0
4 17 239 252 1 1 0
4 17 239 253 1 2 0
4 17 240 251 2 0 0
4 17 240 252 2 1 0.977263
4 17 240 253 2 2 0
4 17 241 251 3 0 0
4 17 241 252 3 1 0
4 17 241 253 3 2 0.912008
E jointIdx viewA viewB aOverAllIdx bOverallIdx score
0 0 1 0 42 0.0851099
0 0 1 0 43 0.684244
0 0 1 0 44 0.201819
0 0 1 1 42 -1
0 0 1 1 43 0.106585
0 0 1 1 44 0.736486
0 0 2 0 98 0.850238
0 0 2 0 99 -1
0 0 2 0 100 -1
0 0 2 1 98 -1
0 0 2 1 99 0.873065
0 0 2 1 100 -1
0 0 3 0 145 -1
0 0 3 0 146 0.992594
0 0 3 0 147 -1
0 0 3 1 145 0.907892
0 0 3 1 146 -1
0 0 3 1 147 -1
0 0 4 0 198 -1
0 0 4 0 199 -1
0 0 4 0 200 0.646211
0 0 4 1 198 -1
0 0 4 1 199 -1
0 0 4 1 200 0.353789
0 1 2 42 98 -1
0 1 2 42 99 -1
0 1 2 42 100 0.57755
0 1 2 43 98 0.735852
0 1 2 43 99 0.18669
0 1 2 43 100 -1
0 1 2 44 98 -1
0 1 2 44 99 0.711382
0 1 2 44 100 -1
0 1 3 42 145 -1
0 1 3 42 146 -1
0 1 3 42 147 0.953435
0 1 3 43 145 0.871457
0 1 3 43 146 0.914976
0 1 3 43 147 -1
0 1 3 44 145 0.948013
0 1 3 44 146 0.979788
0 1 3 44 147 -1
0 1 4 42 198 0.876699
0 1 4 42 199 0.591667
0 1 4 42 200 -1
0 1 4 43 198 -1
0 1 4 43 199 -1
0 1 4 43 200 0.989751
0 1 4 44 198 -1
0 1 4 44 199 -1
0 1 4 44 200 -1
0 2 3 98 145 -1
0 2 3 98 146 0.870075
0 2 3 98 147 -1
0 2 3 99 145 0.79243
0 2 3 99 146 -1
0 2 3 99 147 -1
0 2 3 100 145 -1
0 2 3 100 146 -1
0 2 3 100 147 0.791286
0 2 4 98 198 -1
0 2 4 98 199 -1
0 2 4 98 200 0.675728
0 2 4 99 198 -1
0 2 4 99 199 -1
0 2 4 99 200 -1
0 2 4 100 198 -1
0 2 4 100 199 0.925963
0 2 4 100 200 -1
0 3 4 145 198 0.645519
0 3 4 145 199 -1
0 3 4 145 200 -1
0 3 4 146 198 0.138839
0 3 4 146 199 0.372844
0 3 4 146 200 0.456159
0 3 4 147 198 0.115162
0 3 4 147 199 0.385817
0 3 4 147 200 0.459785
1 0 1 2 45 0.279682
1 0 1 2 46 0.235721
1 0 1 2 47 0.17094
1 0 1 3 45 0.15462
1 0 1 3 46 0.212766
1 0 1 3 47 0.298452
1 0 2 2 101 -1
1 0 2 2 102 0.868776
1 0 2 2 103 -1
1 0 2 3 101 0.930486
1 0 2 3 102 -1
1 0 2 3 103 -1
1 0 3 2 148 -1
1 0 3 2 149 0.385425
1 0 3 2 150 0.539452
1 0 3 3 148 -1
1 0 3 3 149 0.614575
1 0 3 3 150 0.460548
1 0 4 2 201 0.351695
1 0 4 2 202 0.388511
1 0 4 3 201 0.40319
1 0 4 3 202 0.298978
1 1 2 45 101 -1
1 1 2 45 102 -1
1 1 2 45 103 0.999914
1 1 2 46 101 -1
1 1 2 46 102 0.854612
1 1 2 46 103 -1
1 1 2 47 101 0.969783
1 1 2 47 102 -1
1 1 2 47 103 -1
1 1 3 45 148 0.242544
1 1 3 45 149 0.12913
1 1 3 45 150 0.141376
1 1 3 46 148 0.175481
1 1 3 46 149 0.138781
1 1 3 46 150 0.182841
1 1 3 47 148 0.0788793
1 1 3 47 149 0.227815
1 1 3 47 150 0.176396
1 1 4 45 201 -1
1 1 4 45 202 0.798099
1 1 4 46 201 -1
1 1 4 46 202 -1
1 1 4 47 201 0.907002
1 1 4 47 202 -1
1 2 3 101 148 -1
1 2 3 101 149 0.858025
1 2 3 101 150 -1
1 2 3 102 148 -1
1 2 3 102 149 -1
1 2 3 102 150 0.994331
1 2 3 103 148 0.970147
1 2 3 103 149 -1
1 2 3 103 150 -1
1 2 4 101 201 0.950632
1 2 4 101 202 -1
1 2 4 102 201 0.629594
1 2 4 102 202 -1
1 2 4 103 201 -1
1 2 4 103 202 -1
1 3 4 148 201 0.230358
1 3 4 148 202 0.201424
1 3 4 149 201 0.249666
1 3 4 149 202 0.183961
1 3 4 150 201 0.161293
1 3 4 150 202 0.263888
2 0 1 4 48 0.0795256
2 0 1 4 49 0.700344
2 0 1 4 50 0.194898
2 0 1 5 48 -1
2 0 1 5 49 0.0347813
2 0 1 5 50 0.73139
2 0 2 4 104 0.65165
2 0 2 4 105 -1
2 0 2 4 106 -1
2 0 2 5 104 -1
2 0 2 5 105 0.752838
2 0 2 5 106 -1
2 0 3 4 151 -1
2 0 3 4 152 0.801877
2 0 3 4 153 -1
2 0 3 5 151 0.885348
2 0 3 5 152 -1
2 0 3 5 153 -1
2 0 4 4 203 -1
2 0 4 4 204 0.546471
2 0 4 4 205 0.46633
2 0 4 5 203 -1
2 0 4 5 204 0.453529
2 0 4 5 205 0.53367
2 1 2 48 104 -1
2 1 2 48 105 -1
2 1 2 48 106 0.999871
2 1 2 49 104 0.572633
2 1 2 49 105 -1
2 1 2 49 106 -1
2 1 2 50 104 -1
2 1 2 50 105 0.731899
2 1 2 50 106 -1
2 1 3 48 151 -1
2 1 3 48 152 -1
2 1 3 48 153 0.947183
2 1 3 49 151 0.637204
2 1 3 49 152 0.763297
2 1 3 49 153 -1
2 1 3 50 151 0.793222
2 1 3 50 152 0.984086
2 1 3 50 153 -1
2 1 4 48 203 0.918958
2 1 4 48 204 -1
2 1 4 48 205 -1
2 1 4 49 203 -1
2 1 4 49 204 -1
2 1 4 49 205 0.937964
2 1 4 50 203 -1
2 1 4 50 204 0.991041
2 1 4 50 205 -1
2 2 3 104 151 -1
2 2 3 104 152 0.87906
2 2 3 104 153 -1
2 2 3 105 151 0.698745
2 2 3 105 152 -1
2 2 3 105 153 -1
2 2 3 106 151 -1
2 2 3 106 152 -1
2 2 3 106 153 0.855613
2 2 4 104 203 -1
2 2 4 104 204 -1
2 2 4 104 205 0.570936
2 2 4 105 203 -1
2 2 4 105 204 0.73852
2 2 4 105 205 -1
2 2 4 106 203 -1
2 2 4 106 204 -1
2 2 4 106 205 -1
2 3 4 151 203 0.540359
2 3 4 151 204 0.782891
2 3 4 151 205 -1
2 3 4 152 203 0.223514
2 3 4 152 204 -1
2 3 4 152 205 0.699839
2 3 4 153 203 0.236128
2 3 4 153 204 -1
2 3 4 153 205 0.030476
3 0 1 6 51 0.865792
3 0 1 6 52 0.396559
3 0 1 6 53 0.198231
3 0 1 6 54 -1
3 0 1 7 51 0.135241
3 0 1 7 52 0.492633
3 0 1 7 53 0.168367
3 0 1 7 54 -1
3 0 1 8 51 -1
3 0 1 8 52 0.110808
3 0 1 8 53 0.633402
3 0 1 8 54 0.526677
3 0 2 6 107 -1
3 0 2 6 108 -1
3 0 2 6 109 0.459104
3 0 2 7 107 0.943471
3 0 2 7 108 -1
3 0 2 7 109 -1
3 0 2 8 107 -1
3 0 2 8 108 0.895679
3 0 2 8 109 -1
3 0 3 6 154 -1
3 0 3 6 155 -1
3 0 3 6 156 0.926354
3 0 3 7 154 -1
3 0 3 7 155 0.812773
3 0 3 7 156 -1
3 0 3 8 154 0.927065
3 0 3 8 155 -1
3 0 3 8 156 -1
3 0 4 6 206 0.504941
3 0 4 6 207 -1
3 0 4 6 208 0.702925
3 0 4 6 209 -1
3 0 4 7 206 -1
3 0 4 7 207 0.729311
3 0 4 7 208 -1
3 0 4 7 209 0.66396
3 0 4 8 206 -1
3 0 4 8 207 0.682825
3 0 4 8 208 -1
3 0 4 8 209 -1
3 1 2 51 107 -1
3 1 2 51 108 -1
3 1 2 51 109 0.0416243
3 1 2 52 107 0.839595
3 1 2 52 108 0.366273
3 1 2 52 109 -1
3 1 2 53 107 0.0371312
3 1 2 53 108 0.866165
3 1 2 53 109 -1
3 1 2 54 107 -1
3 1 2 54 108 -1
3 1 2 54 109 -1
3 1 3 51 154 -1
3 1 3 51 155 -1
3 1 3 51 156 0.884603
3 1 3 52 154 0.960955
3 1 3 52 155 0.99365
3 1 3 52 156 -1
3 1 3 53 154 0.990901
3 1 3 53 155 0.925323
3 1 3 53 156 -1
3 1 3 54 154 -1
3 1 3 54 155 -1
3 1 3 54 156 -1
3 1 4 51 206 0.892075
3 1 4 51 207 -1
3 1 4 51 208 0.669294
3 1 4 51 209 -1
3 1 4 52 206 -1
3 1 4 52 207 -1
3 1 4 52 208 -1
3 1 4 52 209 0.8844
3 1 4 53 206 -1
3 1 4 53 207 0.998047
3 1 4 53 208 -1
3 1 4 53 209 -1
3 1 4 54 206 0.891534
3 1 4 54 207 -1
3 1 4 54 208 0.608026
3 1 4 54 209 -1
3 2 3 107 154 -1
3 2 3 107 155 0.855598
3 2 3 107 156 -1
3 2 3 108 154 0.984133
3 2 3 108 155 -1
3 2 3 108 156 -1
3 2 3 109 154 -1
3 2 3 109 155 -1
3 2 3 109 156 0.361362
3 2 4 107 206 -1
3 2 4 107 207 0.0173648
3 2 4 107 208 -1
3 2 4 107 209 0.860283
3 2 4 108 206 -1
3 2 4 108 207 0.890933
3 2 4 108 208 -1
3 2 4 108 209 -1
3 2 4 109 206 -1
3 2 4 109 207 -1
3 2 4 109 208 0.5294
3 2 4 109 209 -1
3 3 4 154 206 0.868943
3 3 4 154 207 0.672761
3 3 4 154 208 -1
3 3 4 154 209 -1
3 3 4 155 206 0.144649
3 3 4 155 207 0.0754542
3 3 4 155 208 0.34356
3 3 4 155 209 0.436337
3 3 4 156 206 -1
3 3 4 156 207 -1
3 3 4 156 208 0.581394
3 3 4 156 209 0.806273
4 0 1 9 55 0.258108
4 0 1 9 56 0.269117
4 0 1 9 57 0.472776
4 0 2 9 110 0.980382
4 0 2 9 111 0.122538
4 0 2 9 112 -1
4 0 3 9 157 0.834682
4 0 3 9 158 0.165318
4 0 4 9 210 0.669422
4 0 4 9 211 -1
4 1 2 55 110 -1
4 1 2 55 111 -1
4 1 2 55 112 0.95027
4 1 2 56 110 -1
4 1 2 56 111 0.987013
4 1 2 56 112 -1
4 1 2 57 110 0.936027
4 1 2 57 111 -1
4 1 2 57 112 -1
4 1 3 55 157 -1
4 1 3 55 158 -1
4 1 3 56 157 0.434928
4 1 3 56 158 0.565072
4 1 3 57 157 0.520168
4 1 3 57 158 0.479832
4 1 4 55 210 -1
4 1 4 55 211 0.59376
4 1 4 56 210 0.956918
4 1 4 56 211 -1
4 1 4 57 210 -1
4 1 4 57 211 -1
4 2 3 110 157 0.875665
4 2 3 110 158 -1
4 2 3 111 157 -1
4 2 3 111 158 0.967564
4 2 3 112 157 -1
4 2 3 112 158 -1
4 2 4 110 210 0.85832
4 2 4 110 211 -1
4 2 4 111 210 0.956151
4 2 4 111 211 -1
4 2 4 112 210 -1
4 2 4 112 211 0.85224
4 3 4 157 210 0.330407
4 3 4 157 211 0.294247
4 3 4 158 210 0.401269
4 3 4 158 211 0.422939
5 0 1 10 58 0.347274
5 0 1 10 59 0.264748
5 0 1 10 60 0.197825
5 0 1 11 58 0.143825
5 0 1 11 59 0.252389
5 0 1 11 60 0.340426
5 0 2 10 113 0.36101
5 0 2 10 114 0.740769
5 0 2 10 115 -1
5 0 2 11 113 0.63899
5 0 2 11 114 0.259231
5 0 2 11 115 -1
5 0 3 10 159 -1
5 0 3 10 160 0.409772
5 0 3 10 161 0.53508
5 0 3 11 159 -1
5 0 3 11 160 0.590228
5 0 3 11 161 0.46492
5 0 4 10 212 0.231217
5 0 4 10 213 0.224617
5 0 4 10 214 0.162407
5 0 4 11 212 0.217232
5 0 4 11 213 0.223544
5 0 4 11 214 0.191754
5 1 2 58 113 -1
5 1 2 58 114 -1
5 1 2 58 115 0.893122
5 1 2 59 113 -1
5 1 2 59 114 0.817026
5 1 2 59 115 -1
5 1 2 60 113 0.96714
5 1 2 60 114 -1
5 1 2 60 115 -1
5 1 3 58 159 0.330417
5 1 3 58 160 0.117377
5 1 3 58 161 0.143434
5 1 3 59 159 0.189497
5 1 3 59 160 0.137932
5 1 3 59 161 0.230304
5 1 3 60 159 0.0577786
5 1 3 60 160 0.293837
5 1 3 60 161 0.199966
5 1 4 58 212 -1
5 1 4 58 213 -1
5 1 4 58 214 0.900849
5 1 4 59 212 -1
5 1 4 59 213 0.90437
5 1 4 59 214 -1
5 1 4 60 212 0.970978
5 1 4 60 213 -1
5 1 4 60 214 -1
5 2 3 113 159 -1
5 2 3 113 160 0.947725
5 2 3 113 161 -1
5 2 3 114 159 -1
5 2 3 114 160 -1
5 2 3 114 161 0.969139
5 2 3 115 159 0.842331
5 2 3 115 160 -1
5 2 3 115 161 -1
5 2 4 113 212 0.870433
5 2 4 113 213 -1
5 2 4 113 214 -1
5 2 4 114 212 -1
5 2 4 114 213 0.747142
5 2 4 114 214 -1
5 2 4 115 212 -1
5 2 4 115 213 -1
5 2 4 115 214 -1
5 3 4 159 212 0.140378
5 3 4 159 213 0.146586
5 3 4 159 214 0.123332
5 3 4 160 212 0.144993
5 3 4 160 213 0.139827
5 3 4 160 214 0.126392
5 3 4 161 212 0.124402
5 3 4 161 213 0.123862
5 3 4 161 214 0.163748
6 0 1 12 61 -0.726215
6 0 1 12 62 0.252458
6 0 1 12 63 0.294446
6 0 1 12 64 0.194185
6 0 1 13 61 -0.620585
6 0 1 13 62 0.261624
6 0 1 13 63 0.219818
6 0 1 13 64 0.211599
6 0 1 14 61 -0.958624
6 0 1 14 62 0.221239
6 0 1 14 63 0.230391
6 0 1 14 64 0.375436
6 0 2 12 116 -1
6 0 2 12 117 0.94777
6 0 2 12 118 -1
6 0 2 13 116 -1
6 0 2 13 117 -1
6 0 2 13 118 0.909622
6 0 2 14 116 0.998531
6 0 2 14 117 -1
6 0 2 14 118 -1
6 0 3 12 162 0.14485
6 0 3 12 163 0.15681
6 0 3 12 164 0.215769
6 0 3 13 162 0.137264
6 0 3 13 163 0.308645
6 0 3 13 164 0.13964
6 0 3 14 162 0.267436
6 0 3 14 163 0.0220132
6 0 3 14 164 0.186722
6 0 4 12 215 0.243722
6 0 4 12 216 0.169784
6 0 4 12 217 0.19067
6 0 4 13 215 0.0334163
6 0 4 13 216 0.282043
6 0 4 13 217 0.26196
6 0 4 14 215 0.366663
6 0 4 14 216 0.125119
6 0 4 14 217 0.131601
6 1 2 61 116 -1
6 1 2 61 117 -1
6 1 2 61 118 -1
6 1 2 62 116 -1
6 1 2 62 117 -1
6 1 2 62 118 0.817913
6 1 2 63 116 -1
6 1 2 63 117 0.962321
6 1 2 63 118 -1
6 1 2 64 116 0.9593
6 1 2 64 117 -1
6 1 2 64 118 -1
6 1 3 61 162 -0.80839
6 1 3 61 163 -1
6 1 3 61 164 -0.688519
6 1 3 62 162 0.242317
6 1 3 62 163 0.36558
6 1 3 62 164 0.230424
6 1 3 63 162 0.246579
6 1 3 63 163 0.320563
6 1 3 63 164 0.25779
6 1 3 64 162 0.330393
6 1 3 64 163 0.193291
6 1 3 64 164 0.274033
6 1 4 61 215 -1
6 1 4 61 216 0.345883
6 1 4 61 217 0.996095
6 1 4 62 215 -1
6 1 4 62 216 0.798261
6 1 4 62 217 0.760668
6 1 4 63 215 0.592705
6 1 4 63 216 -1
6 1 4 63 217 -1
6 1 4 64 215 0.889456
6 1 4 64 216 -1
6 1 4 64 217 -1
6 2 3 116 162 0.950694
6 2 3 116 163 -1
6 2 3 116 164 -1
6 2 3 117 162 -1
6 2 3 117 163 0.344431
6 2 3 117 164 0.911288
6 2 3 118 162 -1
6 2 3 118 163 0.974595
6 2 3 118 164 0.573167
6 2 4 116 215 0.889038
6 2 4 116 216 -1
6 2 4 116 217 -1
6 2 4 117 215 0.57284
6 2 4 117 216 -1
6 2 4 117 217 -1
6 2 4 118 215 -1
6 2 4 118 216 0.856986
6 2 4 118 217 -1
6 3 4 162 215 0.202389
6 3 4 162 216 0.120567
6 3 4 162 217 0.118006
6 3 4 163 215 0.152645
6 3 4 163 216 0.141556
6 3 4 163 217 0.14029
6 3 4 164 215 0.0793262
6 3 4 164 216 0.170943
6 3 4 164 217 0.174672
7 0 1 15 65 0.978622
7 0 1 15 66 0.0860508
7 0 1 15 67 -1
7 0 1 16 65 -1
7 0 1 16 66 -1
7 0 1 16 67 0.988531
7 0 2 15 119 0.696931
7 0 2 15 120 -1
7 0 2 15 121 -1
7 0 2 16 119 -1
7 0 2 16 120 0.851115
7 0 2 16 121 -1
7 0 3 15 165 -1
7 0 3 15 166 0.899275
7 0 3 15 167 -1
7 0 3 16 165 0.930764
7 0 3 16 166 -1
7 0 3 16 167 -1
7 0 4 15 218 -1
7 0 4 15 219 -1
7 0 4 15 220 0.395894
7 0 4 15 221 0.656697
7 0 4 16 218 -1
7 0 4 16 219 -1
7 0 4 16 220 0.604106
7 0 4 16 221 0.343303
7 1 2 65 119 0.536682
7 1 2 65 120 0.252385
7 1 2 65 121 -1
7 1 2 66 119 -1
7 1 2 66 120 -1
7 1 2 66 121 0.943597
7 1 2 67 119 0.18335
7 1 2 67 120 0.866527
7 1 2 67 121 -1
7 1 3 65 165 0.930127
7 1 3 65 166 0.850141
7 1 3 65 167 -1
7 1 3 66 165 -1
7 1 3 66 166 -1
7 1 3 66 167 0.687759
7 1 3 67 165 0.925566
7 1 3 67 166 0.630427
7 1 3 67 167 -1
7 1 4 65 218 -1
7 1 4 65 219 -1
7 1 4 65 220 -1
7 1 4 65 221 0.822443
7 1 4 66 218 0.153031
7 1 4 66 219 0.976795
7 1 4 66 220 -1
7 1 4 66 221 -1
7 1 4 67 218 -1
7 1 4 67 219 -1
7 1 4 67 220 0.987659
7 1 4 67 221 -1
7 2 3 119 165 -1
7 2 3 119 166 0.807766
7 2 3 119 167 -1
7 2 3 120 165 0.876426
7 2 3 120 166 -1
7 2 3 120 167 -1
7 2 3 121 165 -1
7 2 3 121 166 -1
7 2 3 121 167 0.624646
7 2 4 119 218 -1
7 2 4 119 219 -1
7 2 4 119 220 -1
7 2 4 119 221 0.25667
7 2 4 120 218 -1
7 2 4 120 219 -1
7 2 4 120 220 0.826444
7 2 4 120 221 -1
7 2 4 121 218 -1
7 2 4 121 219 0.415587
7 2 4 121 220 -1
7 2 4 121 221 -1
7 3 4 165 218 0.776456
7 3 4 165 219 -1
7 3 4 165 220 0.969548
7 3 4 165 221 -1
7 3 4 166 218 -1
7 3 4 166 219 0.926316
7 3 4 166 220 -1
7 3 4 166 221 0.588068
7 3 4 167 218 -1
7 3 4 167 219 0.747372
7 3 4 167 220 -1
7 3 4 167 221 -1
8 0 1 17 68 0.502605
8 0 1 17 69 0.865573
8 0 1 17 70 -1
8 0 1 17 71 -1
8 0 1 18 68 0.968907
8 0 1 18 69 -1
8 0 1 18 70 -1
8 0 1 18 71 -1
8 0 1 19 68 -1
8 0 1 19 69 -1
8 0 1 19 70 0.966852
8 0 1 19 71 0.940689
8 0 2 17 122 -1
8 0 2 17 123 0.0677527
8 0 2 17 124 0.595401
8 0 2 18 122 0.843876
8 0 2 18 123 -1
8 0 2 18 124 -1
8 0 2 19 122 -1
8 0 2 19 123 0.999945
8 0 2 19 124 -1
8 0 3 17 168 -1
8 0 3 17 169 -1
8 0 3 17 170 0.943871
8 0 3 18 168 -1
8 0 3 18 169 0.845322
8 0 3 18 170 -1
8 0 3 19 168 0.67059
8 0 3 19 169 -1
8 0 3 19 170 -1
8 0 4 17 222 0.11222
8 0 4 17 223 0.755131
8 0 4 17 224 -1
8 0 4 17 225 -1
8 0 4 18 222 -1
8 0 4 18 223 -1
8 0 4 18 224 0.247344
8 0 4 18 225 0.596065
8 0 4 19 222 -1
8 0 4 19 223 -1
8 0 4 19 224 0.358917
8 0 4 19 225 -1
8 1 2 68 122 0.920098
8 1 2 68 123 0.530738
8 1 2 68 124 -1
8 1 2 69 122 -1
8 1 2 69 123 -1
8 1 2 69 124 -1
8 1 2 70 122 0.489938
8 1 2 70 123 0.90692
8 1 2 70 124 -1
8 1 2 71 122 -1
8 1 2 71 123 -1
8 1 2 71 124 -1
8 1 3 68 168 0.467294
8 1 3 68 169 0.801779
8 1 3 68 170 -1
8 1 3 69 168 -1
8 1 3 69 169 -1
8 1 3 69 170 0.761229
8 1 3 70 168 0.83603
8 1 3 70 169 0.656699
8 1 3 70 170 -1
8 1 3 71 168 -1
8 1 3 71 169 -1
8 1 3 71 170 -1
8 1 4 68 222 -1
8 1 4 68 223 -1
8 1 4 68 224 -1
8 1 4 68 225 0.943778
8 1 4 69 222 0.74213
8 1 4 69 223 0.934085
8 1 4 69 224 -1
8 1 4 69 225 -1
8 1 4 70 222 -1
8 1 4 70 223 -1
8 1 4 70 224 0.690241
8 1 4 70 225 -1
8 1 4 71 222 0.885732
8 1 4 71 223 0.390613
8 1 4 71 224 -1
8 1 4 71 225 -1
8 2 3 122 168 -1
8 2 3 122 169 0.95121
8 2 3 122 170 -1
8 2 3 123 168 0.684761
8 2 3 123 169 -1
8 2 3 123 170 -1
8 2 3 124 168 -1
8 2 3 124 169 -1
8 2 3 124 170 0.488212
8 2 4 122 222 -1
8 2 4 122 223 -1
8 2 4 122 224 -1
8 2 4 122 225 0.573639
8 2 4 123 222 -1
8 2 4 123 223 -1
8 2 4 123 224 0.404693
8 2 4 123 225 -1
8 2 4 124 222 -1
8 2 4 124 223 -1
8 2 4 124 224 -1
8 2 4 124 225 -1
8 3 4 168 222 0.996451
8 3 4 168 223 -1
8 3 4 168 224 0.368188
8 3 4 168 225 -1
8 3 4 169 222 -1
8 3 4 169 223 0.625587
8 3 4 169 224 -1
8 3 4 169 225 0.846798
8 3 4 170 222 -1
8 3 4 170 223 0.892494
8 3 4 170 224 -1
8 3 4 170 225 0.145033
9 0 1 20 72 0.454337
9 0 2 20 125 0.637965
9 0 2 20 126 -1
9 0 3 20 171 -1
9 0 3 20 172 -1
9 0 3 20 173 0.883
9 0 4 20 226 0.943477
9 0 4 20 227 0.957859
9 0 4 20 228 -1
9 1 2 72 125 -1
9 1 2 72 126 0.974681
9 1 3 72 171 0.954778
9 1 3 72 172 -1
9 1 3 72 173 -1
9 1 4 72 226 -1
9 1 4 72 227 -1
9 1 4 72 228 0.963835
9 2 3 125 171 -1
9 2 3 125 172 0.942142
9 2 3 125 173 -1
9 2 3 126 171 0.986507
9 2 3 126 172 -1
9 2 3 126 173 -1
9 2 4 125 226 0.930059
9 2 4 125 227 0.800998
9 2 4 125 228 -1
9 2 4 126 226 -1
9 2 4 126 227 -1
9 2 4 126 228 0.255346
9 3 4 171 226 0.218922
9 3 4 171 227 0.149114
9 3 4 171 228 0.172533
9 3 4 172 226 0.260172
9 3 4 172 227 0.130014
9 3 4 172 228 0.142497
9 3 4 173 226 0.0877159
9 3 4 173 227 0.252064
9 3 4 173 228 0.224333
10 0 1 21 73 0.162198
10 0 1 21 74 0.239233
10 0 1 21 75 0.0949981
10 0 1 22 73 0.210828
10 0 1 22 74 0.145434
10 0 1 22 75 0.147294
10 0 1 23 73 0.101781
10 0 1 23 74 0.109356
10 0 1 23 75 0.274364
10 0 2 21 127 0.982206
10 0 2 22 127 -1
10 0 2 23 127 0.0190136
10 0 3 21 174 -1
10 0 3 21 175 0.958275
10 0 3 22 174 0.944059
10 0 3 22 175 -1
10 0 3 23 174 -1
10 0 3 23 175 -1
10 0 4 21 229 0.312009
10 0 4 21 230 -1
10 0 4 21 231 -1
10 0 4 22 229 -1
10 0 4 22 230 0.901635
10 0 4 22 231 0.63011
10 0 4 23 229 0.990144
10 0 4 23 230 -1
10 0 4 23 231 -1
10 1 2 73 127 -1
10 1 2 74 127 0.993361
10 1 2 75 127 -1
10 1 3 73 174 0.919494
10 1 3 73 175 0.0501073
10 1 3 74 174 -1
10 1 3 74 175 0.578569
10 1 3 75 174 -1
10 1 3 75 175 0.367042
10 1 4 73 229 -1
10 1 4 73 230 0.844433
10 1 4 73 231 0.885578
10 1 4 74 229 -1
10 1 4 74 230 -1
10 1 4 74 231 -1
10 1 4 75 229 0.977503
10 1 4 75 230 -1
10 1 4 75 231 -1
10 2 3 127 174 0.122682
10 2 3 127 175 0.877318
10 2 4 127 229 0.454445
10 2 4 127 230 -1
10 2 4 127 231 -1
10 3 4 174 229 0.40614
10 3 4 174 230 0.270665
10 3 4 174 231 0.145846
10 3 4 175 229 0.0921023
10 3 4 175 230 0.268655
10 3 4 175 231 0.406134
11 0 1 24 76 0.575372
11 0 1 24 77 0.424629
11 0 1 25 76 -1
11 0 1 25 77 -1
11 0 2 24 128 0.878003
11 0 2 24 129 -1
11 0 2 24 130 -1
11 0 2 25 128 -1
11 0 2 25 129 0.995071
11 0 2 25 130 -1
11 0 3 24 176 0.236572
11 0 3 24 177 0.971368
11 0 3 24 178 -1
11 0 3 25 176 0.763427
11 0 3 25 177 -1
11 0 3 25 178 -1
11 0 4 24 232 0.294702
11 0 4 24 233 0.694032
11 0 4 25 232 -1
11 0 4 25 233 0.0669388
11 1 2 76 128 0.983035
11 1 2 76 129 -1
11 1 2 76 130 -1
11 1 2 77 128 -1
11 1 2 77 129 -1
11 1 2 77 130 0.817571
11 1 3 76 176 0.954717
11 1 3 76 177 0.989463
11 1 3 76 178 -1
11 1 3 77 176 -1
11 1 3 77 177 -1
11 1 3 77 178 0.738644
11 1 4 76 232 0.233194
11 1 4 76 233 0.763333
11 1 4 77 232 0.703792
11 1 4 77 233 -1
11 2 3 128 176 -1
11 2 3 128 177 0.981779
11 2 3 128 178 -1
11 2 3 129 176 0.968683
11 2 3 129 177 -1
11 2 3 129 178 -1
11 2 3 130 176 -1
11 2 3 130 177 -1
11 2 3 130 178 0.82071
11 2 4 128 232 -1
11 2 4 128 233 0.958457
11 2 4 129 232 -1
11 2 4 129 233 -1
11 2 4 130 232 -1
11 2 4 130 233 -1
11 3 4 176 232 0.24968
11 3 4 176 233 0.152975
11 3 4 177 232 0.191748
11 3 4 177 233 0.20819
11 3 4 178 232 0.160544
11 3 4 178 233 0.237929
12 0 1 26 78 0.233276
12 0 1 26 79 0.209074
12 0 1 26 80 0.303278
12 0 1 26 81 0.0278783
12 0 1 27 78 0.233982
12 0 1 27 79 0.147859
12 0 1 27 80 0.319398
12 0 1 27 81 0.102521
12 0 1 28 78 -1
12 0 1 28 79 0.0633248
12 0 1 28 80 -1
12 0 1 28 81 0.62187
12 0 2 26 131 0.826593
12 0 2 26 132 -1
12 0 2 26 133 -1
12 0 2 27 131 -1
12 0 2 27 132 0.294247
12 0 2 27 133 0.967754
12 0 2 28 131 -1
12 0 2 28 132 0.933894
12 0 2 28 133 -1
12 0 3 26 179 -1
12 0 3 26 180 -1
12 0 3 27 179 0.240789
12 0 3 27 180 0.759211
12 0 3 28 179 0.898759
12 0 3 28 180 -1
12 0 4 26 234 0.136947
12 0 4 26 235 0.198213
12 0 4 26 236 0.194314
12 0 4 26 237 0.226982
12 0 4 27 234 0.227005
12 0 4 27 235 0.352291
12 0 4 27 236 0.347849
12 0 4 27 237 0.0351453
12 0 4 28 234 -1
12 0 4 28 235 -1
12 0 4 28 236 -1
12 0 4 28 237 0.461757
12 1 2 78 131 -1
12 1 2 78 132 -1
12 1 2 78 133 -1
12 1 2 79 131 0.931459
12 1 2 79 132 0.925881
12 1 2 79 133 -1
12 1 2 80 131 -1
12 1 2 80 132 -1
12 1 2 80 133 0.455856
12 1 2 81 131 0.695959
12 1 2 81 132 0.926431
12 1 2 81 133 -1
12 1 3 78 179 -1
12 1 3 78 180 0.414957
12 1 3 79 179 0.541361
12 1 3 79 180 -1
12 1 3 80 179 0.26871
12 1 3 80 180 0.73129
12 1 3 81 179 0.917643
12 1 3 81 180 0.0360308
12 1 4 78 234 0.837746
12 1 4 78 235 0.524115
12 1 4 78 236 0.549863
12 1 4 78 237 -0.911724
12 1 4 79 234 -1
12 1 4 79 235 -1
12 1 4 79 236 -1
12 1 4 79 237 0.896979
12 1 4 80 234 0.501593
12 1 4 80 235 0.602148
12 1 4 80 236 0.577524
12 1 4 80 237 -0.681265
12 1 4 81 234 -1
12 1 4 81 235 -1
12 1 4 81 236 -1
12 1 4 81 237 0.641103
12 2 3 131 179 -1
12 2 3 131 180 -1
12 2 3 132 179 0.997204
12 2 3 132 180 -1
12 2 3 133 179 0.212658
12 2 3 133 180 0.787342
12 2 4 131 234 -1
12 2 4 131 235 -1
12 2 4 131 236 -1
12 2 4 131 237 0.993661
12 2 4 132 234 -1
12 2 4 132 235 -1
12 2 4 132 236 -1
12 2 4 132 237 0.227766
12 2 4 133 234 -1
12 2 4 133 235 0.286014
12 2 4 133 236 0.568986
12 2 4 133 237 -1
12 3 4 179 234 0.293497
12 3 4 179 235 0.122715
12 3 4 179 236 0.11483
12 3 4 179 237 0.341016
12 3 4 180 234 0.168125
12 3 4 180 235 0.613192
12 3 4 180 236 0.633741
12 3 4 180 237 -0.932996
13 0 1 29 82 0.992009
13 0 1 29 83 -1
13 0 1 29 84 0.874829
13 0 1 30 82 -1
13 0 1 30 83 0.803703
13 0 1 30 84 -1
13 0 2 29 134 -1
13 0 2 30 134 0.670169
13 0 3 29 181 -1
13 0 3 29 182 0.954333
13 0 3 29 183 -1
13 0 3 30 181 0.770226
13 0 3 30 182 -1
13 0 3 30 183 -1
13 0 4 29 238 -1
13 0 4 29 239 0.443837
13 0 4 29 240 -1
13 0 4 29 241 0.889807
13 0 4 30 238 -1
13 0 4 30 239 0.556163
13 0 4 30 240 -1
13 0 4 30 241 0.110193
13 1 2 82 134 0.409815
13 1 2 83 134 0.660177
13 1 2 84 134 -1
13 1 3 82 181 0.705408
13 1 3 82 182 0.868752
13 1 3 82 183 -1
13 1 3 83 181 0.76072
13 1 3 83 182 0.971055
13 1 3 83 183 -1
13 1 3 84 181 -1
13 1 3 84 182 -1
13 1 3 84 183 0.805968
13 1 4 82 238 -1
13 1 4 82 239 -1
13 1 4 82 240 -1
13 1 4 82 241 0.849219
13 1 4 83 238 -1
13 1 4 83 239 0.982449
13 1 4 83 240 -1
13 1 4 83 241 -1
13 1 4 84 238 -1
13 1 4 84 239 -1
13 1 4 84 240 0.964572
13 1 4 84 241 -1
13 2 3 134 181 0.929062
13 2 3 134 182 -1
13 2 3 134 183 -1
13 2 4 134 238 -1
13 2 4 134 239 0.697458
13 2 4 134 240 -1
13 2 4 134 241 -1
13 3 4 181 238 0.755742
13 3 4 181 239 0.826907
13 3 4 181 240 -1
13 3 4 181 241 -1
13 3 4 182 238 -1
13 3 4 182 239 -1
13 3 4 182 240 0.450975
13 3 4 182 241 0.945424
13 3 4 183 238 -1
13 3 4 183 239 -1
13 3 4 183 240 0.929548
13 3 4 183 241 -1
14 0 1 31 85 0.227439
14 0 1 31 86 0.65397
14 0 1 31 87 -1
14 0 1 32 85 0.915099
14 0 1 32 86 -1
14 0 1 32 87 -1
14 0 1 33 85 -1
14 0 1 33 86 -1
14 0 1 33 87 0.25076
14 0 2 31 135 0.919312
14 0 2 32 135 -1
14 0 2 33 135 0.508226
14 0 3 31 184 -1
14 0 3 31 185 -1
14 0 3 31 186 0.848504
14 0 3 32 184 -1
14 0 3 32 185 0.865274
14 0 3 32 186 -1
14 0 3 33 184 0.47113
14 0 3 33 185 -1
14 0 3 33 186 -1
14 0 4 31 242 -1
14 0 4 31 243 0.12806
14 0 4 31 244 -1
14 0 4 31 245 -1
14 0 4 32 242 -1
14 0 4 32 243 -1
14 0 4 32 244 -1
14 0 4 32 245 0.920307
14 0 4 33 242 -1
14 0 4 33 243 -1
14 0 4 33 244 -1
14 0 4 33 245 -1
14 1 2 85 135 0.947517
14 1 2 86 135 -1
14 1 2 87 135 0.998938
14 1 3 85 184 0.0127119
14 1 3 85 185 0.820321
14 1 3 85 186 -1
14 1 3 86 184 -1
14 1 3 86 185 -1
14 1 3 86 186 0.978161
14 1 3 87 184 0.844888
14 1 3 87 185 -1
14 1 3 87 186 -1
14 1 4 85 242 -1
14 1 4 85 243 -1
14 1 4 85 244 -1
14 1 4 85 245 0.968019
14 1 4 86 242 0.118302
14 1 4 86 243 0.776209
14 1 4 86 244 -1
14 1 4 86 245 -1
14 1 4 87 242 -1
14 1 4 87 243 -1
14 1 4 87 244 0.517102
14 1 4 87 245 -1
14 2 3 135 184 0.799418
14 2 3 135 185 -1
14 2 3 135 186 -1
14 2 4 135 242 -1
14 2 4 135 243 -1
14 2 4 135 244 0.3147
14 2 4 135 245 -1
14 3 4 184 242 0.875285
14 3 4 184 243 -1
14 3 4 184 244 0.229217
14 3 4 184 245 -1
14 3 4 185 242 -1
14 3 4 185 243 0.539679
14 3 4 185 244 -1
14 3 4 185 245 0.92643
14 3 4 186 242 -1
14 3 4 186 243 0.347212
14 3 4 186 244 -1
14 3 4 186 245 0.9733
15 0 1 34 88 -1
15 0 1 34 89 -1
15 0 2 34 136 -1
15 0 2 34 137 0.797378
15 0 2 34 138 -1
15 0 3 34 187 0.849889
15 0 3 34 188 -1
15 0 3 34 189 -1
15 0 4 34 246 0.0741528
15 1 2 88 136 0.89465
15 1 2 88 137 -1
15 1 2 88 138 -1
15 1 2 89 136 -1
15 1 2 89 137 -1
15 1 2 89 138 0.808527
15 1 3 88 187 0.591962
15 1 3 88 188 0.981008
15 1 3 88 189 -1
15 1 3 89 187 -1
15 1 3 89 188 -1
15 1 3 89 189 0.978645
15 1 4 88 246 0.908788
15 1 4 89 246 -1
15 2 3 136 187 -1
15 2 3 136 188 0.954316
15 2 3 136 189 -1
15 2 3 137 187 0.956936
15 2 3 137 188 -1
15 2 3 137 189 -1
15 2 3 138 187 -1
15 2 3 138 188 -1
15 2 3 138 189 0.873494
15 2 4 136 246 0.967912
15 2 4 137 246 -1
15 2 4 138 246 -1
15 3 4 187 246 0.307856
15 3 4 188 246 0.529537
15 3 4 189 246 0.162607
16 0 1 35 90 0.970453
16 0 1 35 91 -1
16 0 1 36 90 0.538822
16 0 1 36 91 0.224851
16 0 1 37 90 -1
16 0 1 37 91 0.722912
16 0 2 35 139 0.987741
16 0 2 35 140 -1
16 0 2 35 141 -1
16 0 2 35 142 -1
16 0 2 36 139 -1
16 0 2 36 140 0.309848
16 0 2 36 141 0.147661
16 0 2 36 142 0.816793
16 0 2 37 139 -1
16 0 2 37 140 0.708007
16 0 2 37 141 0.68355
16 0 2 37 142 0.00403404
16 0 3 35 190 -1
16 0 3 35 191 -1
16 0 3 36 190 -1
16 0 3 36 191 0.909043
16 0 3 37 190 0.738034
16 0 3 37 191 -1
16 0 4 35 247 0.839099
16 0 4 36 247 -1
16 0 4 37 247 0.997577
16 1 2 90 139 0.844426
16 1 2 90 140 0.456529
16 1 2 90 141 -1
16 1 2 90 142 -1
16 1 2 91 139 0.155574
16 1 2 91 140 0.543471
16 1 2 91 141 -1
16 1 2 91 142 -1
16 1 3 90 190 -1
16 1 3 90 191 -1
16 1 3 91 190 0.90283
16 1 3 91 191 -1
16 1 4 90 247 0.505693
16 1 4 91 247 0.494307
16 2 3 139 190 -1
16 2 3 139 191 -1
16 2 3 140 190 0.988174
16 2 3 140 191 -1
16 2 3 141 190 0.699987
16 2 3 141 191 -1
16 2 3 142 190 -1
16 2 3 142 191 0.82141
16 2 4 139 247 0.672725
16 2 4 140 247 0.969977
16 2 4 141 247 -1
16 2 4 142 247 -1
16 3 4 190 247 0.851035
16 3 4 191 247 -1
17 0 1 38 92 0.184027
17 0 1 38 93 0.366137
17 0 1 38 94 -1
17 0 1 39 92 0.815973
17 0 1 39 93 -1
17 0 1 39 94 -1
17 0 2 38 143 0.753305
17 0 2 39 143 -1
17 0 3 38 192 -1
17 0 3 38 193 -1
17 0 3 38 194 0.761014
17 0 3 39 192 -1
17 0 3 39 193 0.866109
17 0 3 39 194 -1
17 0 4 38 248 -1
17 0 4 38 249 -1
17 0 4 38 250 -1
17 0 4 39 248 -1
17 0 4 39 249 0.0705435
17 0 4 39 250 0.868432
17 1 2 92 143 0.469538
17 1 2 93 143 -1
17 1 2 94 143 0.985467
17 1 3 92 192 -1
17 1 3 92 193 0.962162
17 1 3 92 194 -1
17 1 3 93 192 -1
17 1 3 93 193 -1
17 1 3 93 194 0.520915
17 1 3 94 192 0.870203
17 1 3 94 193 -1
17 1 3 94 194 -1
17 1 4 92 248 -1
17 1 4 92 249 0.0902535
17 1 4 92 250 0.909708
17 1 4 93 248 0.907026
17 1 4 93 249 -1
17 1 4 93 250 -1
17 1 4 94 248 -1
17 1 4 94 249 0.52233
17 1 4 94 250 0.274292
17 2 3 143 192 0.868461
17 2 3 143 193 -1
17 2 3 143 194 -1
17 2 4 143 248 -1
17 2 4 143 249 0.957201
17 2 4 143 250 -1
17 3 4 192 248 0.413646
17 3 4 192 249 0.586881
17 3 4 192 250 -1
17 3 4 193 248 -1
17 3 4 193 249 -1
17 3 4 193 250 0.616395
17 3 4 194 248 -1
17 3 4 194 249 -1
17 3 4 194 250 0.35932
18 0 1 40 95 0.48664
18 0 1 40 96 -1
18 0 1 40 97 0.352552
18 0 1 41 95 0.51336
18 0 1 41 96 -1
18 0 1 41 97 0.647448
18 0 2 40 144 -1
18 0 2 41 144 -1
18 0 3 40 195 -1
18 0 3 40 196 0.792013
18 0 3 40 197 -1
18 0 3 41 195 -1
18 0 3 41 196 -1
18 0 3 41 197 0.222387
18 0 4 40 251 -1
18 0 4 40 252 -1
18 0 4 40 253 0.974301
18 0 4 41 251 -1
18 0 4 41 252 0.977988
18 0 4 41 253 -1
18 1 2 95 144 0.409999
18 1 2 96 144 0.916781
18 1 2 97 144 -1
18 1 3 95 195 0.72013
18 1 3 95 196 0.904447
18 1 3 95 197 -1
18 1 3 96 195 0.795693
18 1 3 96 196 0.974888
18 1 3 96 197 -1
18 1 3 97 195 -1
18 1 3 97 196 -1
18 1 3 97 197 0.713741
18 1 4 95 251 -1
18 1 4 95 252 -1
18 1 4 95 253 0.922439
18 1 4 96 251 -1
18 1 4 96 252 -1
18 1 4 96 253 -1
18 1 4 97 251 0.0316032
18 1 4 97 252 0.948282
18 1 4 97 253 -1
18 2 3 144 195 0.921729
18 2 3 144 196 -1
18 2 3 144 197 -1
18 2 4 144 251 -1
18 2 4 144 252 -1
18 2 4 144 253 -1
18 3 4 195 251 0.385252
18 3 4 195 252 -1
18 3 4 195 253 -1
18 3 4 196 251 -1
18 3 4 196 252 0.107037
18 3 4 196 253 0.914993
18 3 4 197 251 -1
18 3 4 197 252 0.92643
18 3 4 197 253 -1
end of Frame 165
