J OverallIdx viewIdx joint种类0-18(jointIdx) 该joint在图中的顺序(candidix) x y score
0 0 0 0 142.971 331.042 0.776069
1 0 0 1 42.1186 369.042 0.748795
2 0 0 2 687.039 396.48 0.560533
3 0 0 3 325.32 432.296 0.604333
4 0 1 0 687.008 191.83 0.738813
5 0 1 1 328.132 210.807 0.893771
6 0 1 2 145.913 240.424 0.915338
7 0 1 3 56.2228 253.006 0.885561
8 0 2 0 120.645 329.037 0.760074
9 0 2 1 701.039 396.421 0.456988
10 0 2 2 372.967 436.504 0.562194
11 0 3 0 162.639 331.105 0.757839
12 0 3 1 75.649 373.238 0.768027
13 0 3 2 681.474 398.576 0.562103
14 0 3 3 280.368 430.147 0.598314
15 0 4 0 622.569 134.922 0.723873
16 0 4 1 78.5335 196.2 0.916275
17 0 4 2 134.588 206.653 0.816166
18 0 5 0 701.112 189.787 0.553368
19 0 5 1 406.579 210.95 0.808982
20 0 5 2 120.513 242.416 0.843422
21 0 6 0 678.657 191.906 0.842032
22 0 6 1 258.083 206.612 0.833004
23 0 6 2 176.697 240.391 0.832149
24 0 6 3 100.895 259.296 0.925967
25 0 7 0 106.522 398.532 0.731916
26 0 7 1 706.618 552.526 0.691255
27 0 7 2 347.842 630.453 0.742062
28 0 8 0 157.063 398.609 0.750631
29 0 8 1 58.917 459.663 0.816206
30 0 8 2 684.133 563.021 0.741553
31 0 8 3 258.15 611.486 0.729158
32 0 9 0 387.008 128.575 0.87205
33 0 9 1 53.203 194.124 0.834096
34 0 10 0 311.264 122.275 0.822064
35 0 10 1 658.945 128.678 0.889741
36 0 10 2 159.82 194.026 0.85169
37 0 10 3 103.805 202.427 0.168925
38 0 11 0 437.386 345.932 0.886262
39 0 12 0 703.758 274.091 0.839838
40 0 12 1 193.565 288.906 0.828946
41 0 12 2 106.572 314.178 0.82859
42 0 12 3 224.383 341.597 0.774414
43 0 13 0 103.719 468.174 0.468298
44 0 13 1 717.873 697.916 0.690575
45 0 13 2 328.182 765.505 0.356956
46 0 14 0 159.87 468.176 0.664715
47 0 14 1 56.2248 535.637 0.82075
48 0 14 2 689.918 717.024 0.751
49 0 14 3 232.766 765.495 0.464267
50 0 15 0 415.052 430.25 0.644666
51 0 16 0 171.005 312.161 0.920046
52 0 16 1 642.303 345.852 0.838814
53 0 16 2 109.418 364.878 0.856979
54 0 16 3 255.134 409.088 0.702217
55 0 17 0 145.848 482.916 0.433292
56 0 17 1 56.1586 562.934 0.824147
57 0 17 2 614.123 733.803 0.786568
58 0 18 0 109.372 482.888 0.25162
59 0 18 1 661.749 683.24 0.256407
60 1 0 0 684.177 398.559 0.724214
61 1 1 0 684.24 236.141 0.882852
62 1 2 0 709.57 398.512 0.699784
63 1 3 0 653.403 398.58 0.662685
64 1 4 0 622.553 191.833 0.856874
65 1 5 0 726.338 242.552 0.884792
66 1 6 0 639.53 227.837 0.900158
67 1 7 0 703.879 506.095 0.591756
68 1 8 0 614.13 529.201 0.766295
69 1 10 0 658.876 177.079 0.926105
70 1 11 0 748.775 329.022 0.903118
71 1 12 0 633.738 328.939 0.887675
72 1 13 0 729.015 581.954 0.611235
73 1 13 1 681.46 649.534 0.802702
74 1 14 0 611.272 657.888 0.751413
75 1 15 0 709.475 379.527 0.779405
76 1 16 0 614.18 398.515 0.849058
77 1 17 0 549.625 662.12 0.777289
78 1 18 0 720.717 596.808 0.34446
79 1 18 1 645.067 643.14 0.33341
80 2 0 0 513.163 227.698 0.787367
81 2 0 1 712.27 369.002 0.658343
82 2 1 0 527.1 84.3077 0.887942
83 2 1 1 743.129 225.541 0.757121
84 2 2 0 482.505 225.665 0.812928
85 2 2 1 709.516 364.827 0.581799
86 2 3 0 546.717 227.752 0.78611
87 2 3 1 712.323 375.365 0.712548
88 2 4 0 504.801 42.1233 0.959746
89 2 4 1 687.113 166.551 0.860623
90 2 5 0 479.537 75.986 0.908517
91 2 5 1 729.066 210.966 0.689287
92 2 6 0 572.147 90.7136 0.893489
93 2 6 1 751.683 234.094 0.836456
94 2 7 0 485.284 318.426 0.841544
95 2 7 1 703.89 478.619 0.723344
96 2 8 0 546.883 326.752 0.848589
97 2 8 1 684.222 480.787 0.790328
98 2 10 0 549.517 39.9938 0.895986
99 2 10 1 745.975 160.201 0.938513
100 2 11 0 437.388 111.728 0.955319
101 2 12 0 617.099 143.486 0.952148
102 2 12 1 751.627 343.639 0.872847
103 2 13 0 496.344 392.162 0.838439
104 2 13 1 687.079 550.418 0.766676
105 2 14 0 549.527 400.648 0.859854
106 2 14 1 681.452 594.613 0.773197
107 2 15 0 460.033 170.784 0.907076
108 2 16 0 577.674 194.047 0.909221
109 2 16 1 701.029 383.803 0.791172
110 2 17 0 549.526 438.576 0.796246
111 2 17 1 631.018 615.755 0.773074
112 2 18 0 468.311 417.528 0.761142
113 2 18 1 639.348 552.449 0.86139
114 3 0 0 294.471 343.704 0.772587
115 3 0 1 698.319 763.229 0.166255
116 3 1 0 277.658 189.772 0.908137
117 3 1 1 639.421 297.347 0.69189
118 3 2 0 258.166 345.789 0.805979
119 3 3 0 325.318 341.578 0.783993
120 3 4 0 280.6 126.539 0.968365
121 3 5 0 229.928 191.854 0.8362
122 3 5 1 821.627 278.291 0.541902
123 3 6 0 325.243 183.461 0.867872
124 3 6 1 462.723 322.59 0.612525
125 3 7 0 263.572 463.901 0.823233
126 3 8 0 328.064 457.595 0.813202
127 3 9 0 698.269 77.9927 0.177674
128 3 9 1 252.399 126.414 0.858965
129 3 10 0 527.305 92.6862 0.679356
130 3 10 1 305.625 124.439 0.420377
131 3 11 0 168.244 248.808 0.924785
132 3 11 1 939.441 598.852 0.695076
133 3 12 0 353.425 236.155 0.828028
134 3 12 1 445.919 594.616 0.741543
135 3 13 0 274.73 558.83 0.786375
136 3 14 0 330.956 550.336 0.849484
137 3 15 0 221.573 297.424 0.86157
138 3 15 1 914.284 752.808 0.677018
139 3 16 0 350.573 282.608 0.873707
140 3 16 1 487.915 721.218 0.748327
141 3 17 0 370.283 575.658 0.79946
142 3 18 0 283.179 594.624 0.857311
143 4 0 0 588.939 286.798 0.727506
144 4 0 1 420.657 328.922 0.430554
145 4 1 0 415.14 111.718 0.538579
146 4 1 1 572.178 141.294 0.945366
147 4 2 0 555.242 288.868 0.712781
148 4 2 1 423.41 328.934 0.564001
149 4 3 0 616.923 284.694 0.758868
150 4 3 1 420.669 328.927 0.323147
151 4 4 0 490.75 42.2195 0.795831
152 4 4 1 611.312 88.5688 0.852802
153 4 5 0 414.914 111.81 0.807642
154 4 5 1 530.014 143.425 0.892849
155 4 6 0 431.799 109.713 0.422071
156 4 6 1 616.943 137.076 0.870702
157 4 7 0 569.204 396.428 0.822865
158 4 7 1 417.936 497.586 0.628899
159 4 8 0 639.283 390.126 0.832782
160 4 8 1 423.486 482.888 0.28202
161 4 9 0 434.623 42.1602 0.912391
162 4 9 1 566.395 78.0858 0.88145
163 4 11 0 395.514 208.725 0.87472
164 4 11 1 502.025 223.511 0.903896
165 4 12 0 625.337 210.985 0.851084
166 4 13 0 572.191 495.595 0.868974
167 4 13 1 412.133 647.38 0.774446
168 4 14 0 639.283 493.428 0.863854
169 4 14 1 414.904 598.792 0.541536
170 4 15 0 437.336 278.27 0.887035
171 4 15 1 535.68 280.547 0.837187
172 4 16 0 633.822 276.142 0.82409
173 4 17 0 684.221 512.456 0.931815
174 4 17 1 462.723 598.906 0.730671
175 4 18 0 597.295 518.79 0.832745
176 4 18 1 485.094 657.895 0.774358
P viewIdx, pafIdx, aOverAllIdx, bOverAllIdx, CandidAIdx, CandidBIdx, score
0 0 4 0 0 0 0
0 0 4 1 0 1 0
0 0 4 2 0 2 0.934351
0 0 4 3 0 3 0
0 0 5 0 1 0 0
0 0 5 1 1 1 0
0 0 5 2 1 2 0
0 0 5 3 1 3 0.99516
0 0 6 0 2 0 0.983144
0 0 6 1 2 1 0
0 0 6 2 2 2 0
0 0 6 3 2 3 0
0 0 7 0 3 0 0
0 0 7 1 3 1 0.962209
0 0 7 2 3 2 0
0 0 7 3 3 3 0
0 1 8 25 0 0 0.940526
0 1 8 26 0 1 0
0 1 8 27 0 2 0
0 1 9 25 1 0 0
0 1 9 26 1 1 0.951353
0 1 9 27 1 2 0
0 1 10 25 2 0 0
0 1 10 26 2 1 0
0 1 10 27 2 2 0.947656
0 2 25 43 0 0 0.909038
0 2 25 44 0 1 0
0 2 25 45 0 2 0
0 2 26 43 1 0 0
0 2 26 44 1 1 0.974713
0 2 26 45 1 2 0
0 2 27 43 2 0 0
0 2 27 44 2 1 0
0 2 27 45 2 2 0.960285
0 3 0 8 0 0 0.951317
0 3 0 9 0 1 0
0 3 0 10 0 2 0
0 3 1 8 1 0 0
0 3 1 9 1 1 0
0 3 1 10 1 2 0
0 3 2 8 2 0 0
0 3 2 9 2 1 0.776946
0 3 2 10 2 2 0
0 3 3 8 3 0 0
0 3 3 9 3 1 0
0 3 3 10 3 2 0.877855
0 4 0 11 0 0 0.523189
0 4 0 12 0 1 0
0 4 0 13 0 2 0
0 4 0 14 0 3 0
0 4 1 11 1 0 0.260521
0 4 1 12 1 1 0.523852
0 4 1 13 1 2 0
0 4 1 14 1 3 0
0 4 2 11 2 0 0
0 4 2 12 2 1 0
0 4 2 13 2 2 0.765101
0 4 2 14 2 3 0
0 4 3 11 3 0 0
0 4 3 12 3 1 0
0 4 3 13 3 2 0
0 4 3 14 3 3 0.877487
0 5 11 28 0 0 0.97119
0 5 11 29 0 1 0
0 5 11 30 0 2 0
0 5 11 31 0 3 0
0 5 12 28 1 0 0
0 5 12 29 1 1 0.980817
0 5 12 30 1 2 0
0 5 12 31 1 3 0
0 5 13 28 2 0 0
0 5 13 29 2 1 0
0 5 13 30 2 2 0.980004
0 5 13 31 2 3 0
0 5 14 28 3 0 0
0 5 14 29 3 1 0
0 5 14 30 3 2 0
0 5 14 31 3 3 0.95974
0 6 28 46 0 0 0.965024
0 6 28 47 0 1 0
0 6 28 48 0 2 0
0 6 28 49 0 3 0
0 6 29 46 1 0 0
0 6 29 47 1 1 0.994626
0 6 29 48 1 2 0
0 6 29 49 1 3 0
0 6 30 46 2 0 0
0 6 30 47 2 1 0
0 6 30 48 2 2 0.99025
0 6 30 49 2 3 0
0 6 31 46 3 0 0
0 6 31 47 3 1 0
0 6 31 48 3 2 0
0 6 31 49 3 3 0.959727
0 7 4 18 0 0 0.90823
0 7 4 19 0 1 0
0 7 4 20 0 2 0
0 7 5 18 1 0 0
0 7 5 19 1 1 0.994994
0 7 5 20 1 2 0
0 7 6 18 2 0 0
0 7 6 19 2 1 0
0 7 6 20 2 2 0.988664
0 7 7 18 3 0 0
0 7 7 19 3 1 0
0 7 7 20 3 2 0
0 8 18 38 0 0 0
0 8 19 38 1 0 0.994787
0 8 20 38 2 0 0
0 9 38 50 0 0 0.953965
0 10 18 32 0 0 0
0 10 18 33 0 1 0
0 10 19 32 1 0 0.998827
0 10 19 33 1 1 0
0 10 20 32 2 0 0
0 10 20 33 2 1 0
0 11 4 21 0 0 0.916609
0 11 4 22 0 1 0
0 11 4 23 0 2 0
0 11 4 24 0 3 0
0 11 5 21 1 0 0
0 11 5 22 1 1 0.99342
0 11 5 23 1 2 0
0 11 5 24 1 3 0
0 11 6 21 2 0 0
0 11 6 22 2 1 0
0 11 6 23 2 2 0.508115
0 11 6 24 2 3 0
0 11 7 21 3 0 0
0 11 7 22 3 1 0
0 11 7 23 3 2 0.25085
0 11 7 24 3 3 0.509976
0 12 21 39 0 0 0.999712
0 12 21 40 0 1 0
0 12 21 41 0 2 0
0 12 21 42 0 3 0
0 12 22 39 1 0 0
0 12 22 40 1 1 0.256443
0 12 22 41 1 2 0
0 12 22 42 1 3 0.277764
0 12 23 39 2 0 0
0 12 23 40 2 1 0.277408
0 12 23 41 2 2 0
0 12 23 42 2 3 0.257319
0 12 24 39 3 0 0
0 12 24 40 3 1 0
0 12 24 41 3 2 0.993345
0 12 24 42 3 3 0
0 13 39 51 0 0 0
0 13 39 52 0 1 0.970481
0 13 39 53 0 2 0
0 13 39 54 0 3 0
0 13 40 51 1 0 0.343515
0 13 40 52 1 1 0
0 13 40 53 1 2 0.169391
0 13 40 54 1 3 0.175226
0 13 41 51 2 0 0
0 13 41 52 2 1 0
0 13 41 53 2 2 0.52455
0 13 41 54 2 3 0
0 13 42 51 3 0 0
0 13 42 52 3 1 0
0 13 42 53 3 2 0
0 13 42 54 3 3 0.508173
0 14 21 34 0 0 0
0 14 21 35 0 1 0.997446
0 14 21 36 0 2 0
0 14 21 37 0 3 0
0 14 22 34 1 0 0.983111
0 14 22 35 1 1 0
0 14 22 36 1 2 0
0 14 22 37 1 3 0
0 14 23 34 2 0 0
0 14 23 35 2 1 0
0 14 23 36 2 2 0.989499
0 14 23 37 2 3 0
0 14 24 34 3 0 0
0 14 24 35 3 1 0
0 14 24 36 3 2 0
0 14 24 37 3 3 0.763919
0 15 4 15 0 0 0.956699
0 15 4 16 0 1 0
0 15 4 17 0 2 0
0 15 5 15 1 0 0
0 15 5 16 1 1 0
0 15 5 17 1 2 0
0 15 6 15 2 0 0
0 15 6 16 2 1 0.253507
0 15 6 17 2 2 0.290417
0 15 7 15 3 0 0
0 15 7 16 3 1 0.290752
0 15 7 17 3 2 0.254647
0 16 46 55 0 0 0.83119
0 16 46 56 0 1 0
0 16 46 57 0 2 0
0 16 47 55 1 0 0
0 16 47 56 1 1 0.974968
0 16 47 57 1 2 0
0 16 48 55 2 0 0
0 16 48 56 2 1 0
0 16 48 57 2 2 0.9547
0 16 49 55 3 0 0
0 16 49 56 3 1 0
0 16 49 57 3 2 0
0 17 43 58 0 0 0.72118
0 17 43 59 0 1 0
0 17 44 58 1 0 0
0 17 44 59 1 1 0.729245
0 17 45 58 2 0 0
0 17 45 59 2 1 0
1 0 61 60 0 0 0.993941
1 1 62 67 0 0 0.978449
1 2 67 72 0 0 0.491119
1 2 67 73 0 1 0.508881
1 3 60 62 0 0 0.921504
1 4 60 63 0 0 0.904692
1 5 63 68 0 0 0.981699
1 6 68 74 0 0 0.987998
1 7 61 65 0 0 0.998528
1 8 65 70 0 0 0.994195
1 9 70 75 0 0 0.968142
1 11 61 66 0 0 0.984018
1 12 66 71 0 0 0.98017
1 13 71 76 0 0 0.995876
1 14 66 69 0 0 0.978696
1 15 61 64 0 0 0.990998
1 16 74 77 0 0 0.9669
1 17 72 78 0 0 0.816927
1 17 72 79 0 1 0
1 17 73 78 1 0 0
1 17 73 79 1 1 0.834134
2 0 82 80 0 0 0.979386
2 0 82 81 0 1 0
2 0 83 80 1 0 0
2 0 83 81 1 1 0.965025
2 1 84 94 0 0 0.997954
2 1 84 95 0 1 0
2 1 85 94 1 0 0
2 1 85 95 1 1 0.932489
2 2 94 103 0 0 0.994187
2 2 94 104 0 1 0
2 2 95 103 1 0 0
2 2 95 104 1 1 0.942084
2 3 80 84 0 0 0.967596
2 3 80 85 0 1 0
2 3 81 84 1 0 0
2 3 81 85 1 1 0.816896
2 4 80 86 0 0 0.968935
2 4 80 87 0 1 0
2 4 81 86 1 0 0
2 4 81 87 1 1 0.79143
2 5 86 96 0 0 0.996509
2 5 86 97 0 1 0
2 5 87 96 1 0 0
2 5 87 97 1 1 0.96824
2 6 96 105 0 0 0.998792
2 6 96 106 0 1 0
2 6 97 105 1 0 0
2 6 97 106 1 1 0.98311
2 7 82 90 0 0 0.99533
2 7 82 91 0 1 0
2 7 83 90 1 0 0
2 7 83 91 1 1 0.949046
2 8 90 100 0 0 0.982966
2 8 91 100 1 0 0
2 9 100 107 0 0 0.987491
2 11 82 92 0 0 0.995701
2 11 82 93 0 1 0
2 11 83 92 1 0 0
2 11 83 93 1 1 0.965717
2 12 92 101 0 0 0.99111
2 12 92 102 0 1 0
2 12 93 101 1 0 0
2 12 93 102 1 1 0.993111
2 13 101 108 0 0 0.957007
2 13 101 109 0 1 0
2 13 102 108 1 0 0
2 13 102 109 1 1 0.975778
2 14 92 98 0 0 0.995915
2 14 92 99 0 1 0
2 14 93 98 1 0 0
2 14 93 99 1 1 0.989056
2 15 82 88 0 0 0.991063
2 15 82 89 0 1 0
2 15 83 88 1 0 0
2 15 83 89 1 1 0.994691
2 16 105 110 0 0 0.999976
2 16 105 111 0 1 0
2 16 106 110 1 0 0
2 16 106 111 1 1 0.963662
2 17 103 112 0 0 0.968857
2 17 103 113 0 1 0
2 17 104 112 1 0 0
2 17 104 113 1 1 0.923849
3 0 116 114 0 0 0.993639
3 0 116 115 0 1 0
3 0 117 114 1 0 0
3 0 117 115 1 1 0.967981
3 1 118 125 0 0 0.991849
3 2 125 135 0 0 0.999118
3 3 114 118 0 0 0.961762
3 3 115 118 1 0 0
3 4 114 119 0 0 0.956917
3 4 115 119 1 0 0
3 5 119 126 0 0 0.997359
3 6 126 136 0 0 0.995355
3 7 116 121 0 0 0.996703
3 7 116 122 0 1 0
3 7 117 121 1 0 0
3 7 117 122 1 1 0.935232
3 8 121 131 0 0 0.987385
3 8 121 132 0 1 0
3 8 122 131 1 0 0
3 8 122 132 1 1 0.976929
3 9 131 137 0 0 0.982469
3 9 131 138 0 1 0
3 9 132 137 1 0 0
3 9 132 138 1 1 0.951859
3 10 121 127 0 0 0
3 10 121 128 0 1 0.988231
3 10 122 127 1 0 0.75643
3 10 122 128 1 1 0
3 11 116 123 0 0 0.983469
3 11 116 124 0 1 0
3 11 117 123 1 0 0
3 11 117 124 1 1 0.940317
3 12 123 133 0 0 0.994372
3 12 123 134 0 1 0
3 12 124 133 1 0 0
3 12 124 134 1 1 0.941567
3 13 133 139 0 0 0.99805
3 13 133 140 0 1 0
3 13 134 139 1 0 0
3 13 134 140 1 1 0.982393
3 14 123 129 0 0 0
3 14 123 130 0 1 0.878706
3 14 124 129 1 0 0.934276
3 14 124 130 1 1 0
3 15 116 120 0 0 0.99434
3 15 117 120 1 0 0
3 16 136 141 0 0 0.981495
3 17 135 142 0 0 0.990913
4 0 145 143 0 0 0
4 0 145 144 0 1 0.855022
4 0 146 143 1 0 0.99864
4 0 146 144 1 1 0
4 1 147 157 0 0 0.982981
4 1 147 158 0 1 0
4 1 148 157 1 0 0
4 1 148 158 1 1 0.936796
4 2 157 166 0 0 0.997914
4 2 157 167 0 1 0
4 2 158 166 1 0 0
4 2 158 167 1 1 0.977974
4 3 143 147 0 0 0.941003
4 3 143 148 0 1 0
4 3 144 147 1 0 0
4 3 144 148 1 1 0.684255
4 4 143 149 0 0 0.927477
4 4 143 150 0 1 0
4 4 144 149 1 0 0
4 4 144 150 1 1 0.684255
4 5 149 159 0 0 0.998719
4 5 149 160 0 1 0
4 5 150 159 1 0 0
4 5 150 160 1 1 0.80854
4 6 159 168 0 0 0.999357
4 6 159 169 0 1 0
4 6 160 168 1 0 0
4 6 160 169 1 1 0.878755
4 7 145 153 0 0 0.754776
4 7 145 154 0 1 0
4 7 146 153 1 0 0
4 7 146 154 1 1 0.999323
4 8 153 163 0 0 0.967478
4 8 153 164 0 1 0
4 8 154 163 1 0 0
4 8 154 164 1 1 0.983376
4 9 163 170 0 0 0.999005
4 9 163 171 0 1 0
4 9 164 170 1 0 0
4 9 164 171 1 1 0.99001
4 10 153 161 0 0 0.983825
4 10 153 162 0 1 0
4 10 154 161 1 0 0
4 10 154 162 1 1 0.97994
4 11 145 155 0 0 0.777392
4 11 145 156 0 1 0
4 11 146 155 1 0 0
4 11 146 156 1 1 0.994602
4 12 155 165 0 0 0
4 12 156 165 1 0 0.991651
4 13 165 172 0 0 0.988932
4 15 145 151 0 0 0.849623
4 15 145 152 0 1 0
4 15 146 151 1 0 0
4 15 146 152 1 1 0.976878
4 16 168 173 0 0 0.983243
4 16 168 174 0 1 0
4 16 169 173 1 0 0
4 16 169 174 1 1 0.921575
4 17 166 175 0 0 0.981234
4 17 166 176 0 1 0
4 17 167 175 1 0 0
4 17 167 176 1 1 0.988755
E jointIdx viewA viewB aOverAllIdx bOverallIdx score
0 0 1 0 60 -1
0 0 1 1 60 0.112488
0 0 1 2 60 0.33602
0 0 1 3 60 0.942047
0 0 2 0 80 -1
0 0 2 0 81 0.744477
0 0 2 1 80 -1
0 0 2 1 81 -1
0 0 2 2 80 0.770291
0 0 2 2 81 -1
0 0 2 3 80 -1
0 0 2 3 81 0.847108
0 0 3 0 114 -1
0 0 3 0 115 -1
0 0 3 1 114 -1
0 0 3 1 115 0.946459
0 0 3 2 114 0.781756
0 0 3 2 115 -1
0 0 3 3 114 -1
0 0 3 3 115 -1
0 0 4 0 143 -1
0 0 4 0 144 -1
0 0 4 1 143 -1
0 0 4 1 144 -1
0 0 4 2 143 -1
0 0 4 2 144 0.954602
0 0 4 3 143 0.968568
0 0 4 3 144 -1
0 1 2 60 80 0.395971
0 1 2 60 81 0.604029
0 1 3 60 114 0.416455
0 1 3 60 115 -1
0 1 4 60 143 0.530324
0 1 4 60 144 0.207284
0 2 3 80 114 0.903754
0 2 3 80 115 -1
0 2 3 81 114 -1
0 2 3 81 115 -1
0 2 4 80 143 0.118037
0 2 4 80 144 0.796119
0 2 4 81 143 0.881963
0 2 4 81 144 -1
0 3 4 114 143 0.39498
0 3 4 114 144 0.60502
0 3 4 115 143 -1
0 3 4 115 144 -1
1 0 1 4 61 0.341049
1 0 1 5 61 0.303804
1 0 1 6 61 0.195752
1 0 1 7 61 0.159395
1 0 2 4 82 0.76251
1 0 2 4 83 -1
1 0 2 5 82 -1
1 0 2 5 83 0.899784
1 0 2 6 82 -1
1 0 2 6 83 -1
1 0 2 7 82 -1
1 0 2 7 83 -1
1 0 3 4 116 0.318206
1 0 3 4 117 -1
1 0 3 5 116 0.376476
1 0 3 5 117 -1
1 0 3 6 116 0.244918
1 0 3 6 117 -1
1 0 3 7 116 0.0601501
1 0 3 7 117 0.873202
1 0 4 4 145 0.961199
1 0 4 4 146 -1
1 0 4 5 145 -1
1 0 4 5 146 0.999193
1 0 4 6 145 -1
1 0 4 6 146 0.484606
1 0 4 7 145 -1
1 0 4 7 146 0.312938
1 1 2 61 82 0.576921
1 1 2 61 83 0.423079
1 1 3 61 116 0.684908
1 1 3 61 117 -1
1 1 4 61 145 0.495015
1 1 4 61 146 0.504985
1 2 3 82 116 0.882619
1 2 3 82 117 -1
1 2 3 83 116 -1
1 2 3 83 117 -1
1 2 4 82 145 0.802074
1 2 4 82 146 -1
1 2 4 83 145 -1
1 2 4 83 146 0.901781
1 3 4 116 145 0.484485
1 3 4 116 146 0.515515
1 3 4 117 145 -1
1 3 4 117 146 -1
2 0 1 8 62 -1
2 0 1 9 62 0.291347
2 0 1 10 62 0.959496
2 0 2 8 84 -1
2 0 2 8 85 0.478238
2 0 2 9 84 0.676192
2 0 2 9 85 -1
2 0 2 10 84 -1
2 0 2 10 85 0.575647
2 0 3 8 118 -1
2 0 3 9 118 0.892006
2 0 3 10 118 -1
2 0 4 8 147 -1
2 0 4 8 148 -1
2 0 4 9 147 -1
2 0 4 9 148 0.729962
2 0 4 10 147 0.980839
2 0 4 10 148 -1
2 1 2 62 84 0.709749
2 1 2 62 85 0.290251
2 1 3 62 118 0.486433
2 1 4 62 147 0.532998
2 1 4 62 148 0.467002
2 2 3 84 118 0.919512
2 2 3 85 118 -1
2 2 4 84 147 0.395664
2 2 4 84 148 0.438075
2 2 4 85 147 0.496039
2 2 4 85 148 -1
2 3 4 118 147 0.359646
2 3 4 118 148 0.640354
3 0 1 11 63 -1
3 0 1 12 63 0.179328
3 0 1 13 63 0.432965
3 0 1 14 63 0.964636
3 0 2 11 86 -1
3 0 2 11 87 0.957807
3 0 2 12 86 -1
3 0 2 12 87 -1
3 0 2 13 86 0.870141
3 0 2 13 87 -1
3 0 2 14 86 -1
3 0 2 14 87 0.908595
3 0 3 11 119 -1
3 0 3 12 119 -1
3 0 3 13 119 0.693455
3 0 3 14 119 -1
3 0 4 11 149 -1
3 0 4 11 150 -1
3 0 4 12 149 -1
3 0 4 12 150 -1
3 0 4 13 149 -1
3 0 4 13 150 0.999365
3 0 4 14 149 0.955403
3 0 4 14 150 -1
3 1 2 63 86 -1
3 1 2 63 87 0.897649
3 1 3 63 119 0.313305
3 1 4 63 149 0.522722
3 1 4 63 150 -1
3 2 3 86 119 0.75195
3 2 3 87 119 -1
3 2 4 86 149 -1
3 2 4 86 150 0.866316
3 2 4 87 149 0.672129
3 2 4 87 150 -1
3 3 4 119 149 0.417057
3 3 4 119 150 0.582943
4 0 1 15 64 0.620657
4 0 1 16 64 0.249159
4 0 1 17 64 0.130184
4 0 2 15 88 0.972062
4 0 2 15 89 -1
4 0 2 16 88 -1
4 0 2 16 89 -1
4 0 2 17 88 -1
4 0 2 17 89 -1
4 0 3 15 120 0.443709
4 0 3 16 120 0.136793
4 0 3 17 120 0.419498
4 0 4 15 151 0.955033
4 0 4 15 152 -1
4 0 4 16 151 -1
4 0 4 16 152 -1
4 0 4 17 151 -1
4 0 4 17 152 -1
4 1 2 64 88 0.375494
4 1 2 64 89 0.624506
4 1 3 64 120 0.840102
4 1 4 64 151 0.336007
4 1 4 64 152 0.663993
4 2 3 88 120 0.978204
4 2 3 89 120 -1
4 2 4 88 151 0.999796
4 2 4 88 152 -1
4 2 4 89 151 -1
4 2 4 89 152 0.984589
4 3 4 120 151 0.738545
4 3 4 120 152 0.261455
5 0 1 18 65 0.335252
5 0 1 19 65 0.391265
5 0 1 20 65 0.273483
5 0 2 18 90 0.61443
5 0 2 18 91 -1
5 0 2 19 90 -1
5 0 2 19 91 0.668053
5 0 2 20 90 -1
5 0 2 20 91 -1
5 0 3 18 121 0.296338
5 0 3 18 122 -1
5 0 3 19 121 0.439681
5 0 3 19 122 -1
5 0 3 20 121 0.263981
5 0 3 20 122 -1
5 0 4 18 153 0.834543
5 0 4 18 154 -1
5 0 4 19 153 -1
5 0 4 19 154 0.974088
5 0 4 20 153 -1
5 0 4 20 154 0.449404
5 1 2 65 90 0.186725
5 1 2 65 91 0.455858
5 1 3 65 121 0.737703
5 1 3 65 122 -1
5 1 4 65 153 0.418611
5 1 4 65 154 0.581389
5 2 3 90 121 0.849168
5 2 3 90 122 -1
5 2 3 91 121 -1
5 2 3 91 122 -1
5 2 4 90 153 0.780232
5 2 4 90 154 -1
5 2 4 91 153 -1
5 2 4 91 154 0.694259
5 3 4 121 153 0.48271
5 3 4 121 154 0.51729
5 3 4 122 153 -1
5 3 4 122 154 -1
6 0 1 21 66 0.373104
6 0 1 22 66 0.369155
6 0 1 23 66 0.173364
6 0 1 24 66 0.0843776
6 0 2 21 92 0.863519
6 0 2 21 93 -1
6 0 2 22 92 -1
6 0 2 22 93 0.843733
6 0 2 23 92 -1
6 0 2 23 93 -1
6 0 2 24 92 -1
6 0 2 24 93 -1
6 0 3 21 123 0.826839
6 0 3 21 124 -1
6 0 3 22 123 0.68936
6 0 3 22 124 -1
6 0 3 23 123 0.421473
6 0 3 23 124 -1
6 0 3 24 123 -0.937672
6 0 3 24 124 0.862676
6 0 4 21 155 0.944669
6 0 4 21 156 -1
6 0 4 22 155 -1
6 0 4 22 156 0.999958
6 0 4 23 155 -1
6 0 4 23 156 0.454731
6 0 4 24 155 -1
6 0 4 24 156 0.177201
6 1 2 66 92 0.182786
6 1 2 66 93 0.817214
6 1 3 66 123 0.677188
6 1 3 66 124 -1
6 1 4 66 155 0.33743
6 1 4 66 156 0.66257
6 2 3 92 123 0.905117
6 2 3 92 124 -1
6 2 3 93 123 -1
6 2 3 93 124 0.511927
6 2 4 92 155 0.935
6 2 4 92 156 -1
6 2 4 93 155 -1
6 2 4 93 156 0.796088
6 3 4 123 155 0.530999
6 3 4 123 156 0.469001
6 3 4 124 155 -1
6 3 4 124 156 -1
7 0 1 25 67 -1
7 0 1 26 67 0.249956
7 0 1 27 67 0.50684
7 0 2 25 94 -1
7 0 2 25 95 0.500878
7 0 2 26 94 0.832166
7 0 2 26 95 -1
7 0 2 27 94 -1
7 0 2 27 95 0.567517
7 0 3 25 125 -1
7 0 3 26 125 0.987642
7 0 3 27 125 -1
7 0 4 25 157 -1
7 0 4 25 158 -1
7 0 4 26 157 -1
7 0 4 26 158 0.790529
7 0 4 27 157 0.779613
7 0 4 27 158 -1
7 1 2 67 94 0.778612
7 1 2 67 95 -1
7 1 3 67 125 0.33475
7 1 4 67 157 0.224049
7 1 4 67 158 0.68095
7 2 3 94 125 0.890068
7 2 3 95 125 -1
7 2 4 94 157 0.349982
7 2 4 94 158 0.454184
7 2 4 95 157 0.434151
7 2 4 95 158 0.0766003
7 3 4 125 157 -1
7 3 4 125 158 0.914991
8 0 1 28 68 -1
8 0 1 29 68 -1
8 0 1 30 68 0.187563
8 0 1 31 68 0.880473
8 0 2 28 96 -1
8 0 2 28 97 0.0274606
8 0 2 29 96 -1
8 0 2 29 97 0.235116
8 0 2 30 96 0.852029
8 0 2 30 97 -1
8 0 2 31 96 -1
8 0 2 31 97 0.63307
8 0 3 28 126 -1
8 0 3 29 126 -1
8 0 3 30 126 0.739433
8 0 3 31 126 -1
8 0 4 28 159 -1
8 0 4 28 160 -1
8 0 4 29 159 -1
8 0 4 29 160 -1
8 0 4 30 159 -1
8 0 4 30 160 0.875817
8 0 4 31 159 0.737802
8 0 4 31 160 -1
8 1 2 68 96 -1
8 1 2 68 97 0.73497
8 1 3 68 126 -1
8 1 4 68 159 0.722383
8 1 4 68 160 -1
8 2 3 96 126 0.891352
8 2 3 97 126 -1
8 2 4 96 159 -1
8 2 4 96 160 0.747164
8 2 4 97 159 0.568929
8 2 4 97 160 -1
8 3 4 126 159 0.223916
8 3 4 126 160 0.776084
9 0 3 32 127 -1
9 0 3 32 128 -1
9 0 3 33 127 0.789403
9 0 3 33 128 0.0658975
9 0 4 32 161 -1
9 0 4 32 162 0.958182
9 0 4 33 161 -1
9 0 4 33 162 -1
9 3 4 127 161 0.429478
9 3 4 127 162 -1
9 3 4 128 161 0.396644
9 3 4 128 162 0.319048
10 0 1 34 69 0.573131
10 0 1 35 69 0.379949
10 0 1 36 69 0.0401849
10 0 1 37 69 0.00673454
10 0 2 34 98 -1
10 0 2 34 99 0.939709
10 0 2 35 98 0.927208
10 0 2 35 99 -1
10 0 2 36 98 -1
10 0 2 36 99 -1
10 0 2 37 98 -1
10 0 2 37 99 -1
10 0 3 34 129 0.659381
10 0 3 34 130 -0.794329
10 0 3 35 129 -1
10 0 3 35 130 0.753908
10 0 3 36 129 0.390319
10 0 3 36 130 0.484287
10 0 3 37 129 0.544385
10 0 3 37 130 0.361908
10 1 2 69 98 0.473578
10 1 2 69 99 0.526422
10 1 3 69 129 0.217938
10 1 3 69 130 0.574627
10 2 3 98 129 -1
10 2 3 98 130 0.968149
10 2 3 99 129 -1
10 2 3 99 130 -1
11 0 1 38 70 0.89169
11 0 2 38 100 -1
11 0 3 38 131 -1
11 0 3 38 132 -1
11 0 4 38 163 0.505045
11 0 4 38 164 0.494955
11 1 2 70 100 0.642397
11 1 3 70 131 0.124881
11 1 3 70 132 -1
11 1 4 70 163 0.22302
11 1 4 70 164 0.77698
11 2 3 100 131 0.956125
11 2 3 100 132 -1
11 2 4 100 163 0.926734
11 2 4 100 164 0.0732662
11 3 4 131 163 0.567844
11 3 4 131 164 0.432156
11 3 4 132 163 -1
11 3 4 132 164 -1
12 0 1 39 71 -1
12 0 1 40 71 0.326685
12 0 1 41 71 0.684065
12 0 1 42 71 0.902183
12 0 2 39 101 0.950301
12 0 2 39 102 -1
12 0 2 40 101 -1
12 0 2 40 102 0.627751
12 0 2 41 101 -1
12 0 2 41 102 0.317706
12 0 2 42 101 -1
12 0 2 42 102 0.99428
12 0 3 39 133 0.978981
12 0 3 39 134 -1
12 0 3 40 133 -1
12 0 3 40 134 -1
12 0 3 41 133 -1
12 0 3 41 134 0.915208
12 0 3 42 133 -1
12 0 3 42 134 -1
12 0 4 39 165 0.276363
12 0 4 40 165 0.163184
12 0 4 41 165 0.25406
12 0 4 42 165 0.306393
12 1 2 71 101 -1
12 1 2 71 102 0.898465
12 1 3 71 133 -1
12 1 3 71 134 -1
12 1 4 71 165 0.957768
12 2 3 101 133 0.985209
12 2 3 101 134 -1
12 2 3 102 133 -1
12 2 3 102 134 -1
12 2 4 101 165 -1
12 2 4 102 165 0.893264
12 3 4 133 165 0.390744
12 3 4 134 165 -1
13 0 1 43 72 -1
13 0 1 43 73 -1
13 0 1 44 72 0.725538
13 0 1 44 73 -1
13 0 1 45 72 0.351545
13 0 1 45 73 0.608105
13 0 2 43 103 -1
13 0 2 43 104 0.152499
13 0 2 44 103 0.962937
13 0 2 44 104 -1
13 0 2 45 103 -1
13 0 2 45 104 0.71939
13 0 3 43 135 -1
13 0 3 44 135 0.861943
13 0 3 45 135 -1
13 0 4 43 166 -1
13 0 4 43 167 -1
13 0 4 44 166 -1
13 0 4 44 167 0.755906
13 0 4 45 166 0.721724
13 0 4 45 167 -1
13 1 2 72 103 0.656435
13 1 2 72 104 -1
13 1 2 73 103 -1
13 1 2 73 104 0.790355
13 1 3 72 135 0.888489
13 1 3 73 135 -1
13 1 4 72 166 -1
13 1 4 72 167 0.34186
13 1 4 73 166 0.842588
13 1 4 73 167 -1
13 2 3 103 135 0.834014
13 2 3 104 135 -1
13 2 4 103 166 0.281151
13 2 4 103 167 0.323394
13 2 4 104 166 0.322173
13 2 4 104 167 0.28021
13 3 4 135 166 -1
13 3 4 135 167 0.707403
14 0 1 46 74 -1
14 0 1 47 74 -1
14 0 1 48 74 -1
14 0 1 49 74 0.859415
14 0 2 46 105 -1
14 0 2 46 106 -1
14 0 2 47 105 -1
14 0 2 47 106 0.679466
14 0 2 48 105 0.96015
14 0 2 48 106 -1
14 0 2 49 105 -1
14 0 2 49 106 0.879472
14 0 3 46 136 -1
14 0 3 47 136 -1
14 0 3 48 136 0.972505
14 0 3 49 136 -1
14 0 4 46 168 -1
14 0 4 46 169 -1
14 0 4 47 168 -1
14 0 4 47 169 -1
14 0 4 48 168 -1
14 0 4 48 169 0.800436
14 0 4 49 168 0.860516
14 0 4 49 169 -1
14 1 2 74 105 -1
14 1 2 74 106 0.911144
14 1 3 74 136 -1
14 1 4 74 168 0.749128
14 1 4 74 169 -1
14 2 3 105 136 0.988022
14 2 3 106 136 -1
14 2 4 105 168 -1
14 2 4 105 169 0.808416
14 2 4 106 168 0.811318
14 2 4 106 169 -1
14 3 4 136 168 0.177865
14 3 4 136 169 0.822135
15 0 1 50 75 0.704052
15 0 2 50 107 -1
15 0 3 50 137 -1
15 0 3 50 138 -1
15 0 4 50 170 0.242567
15 0 4 50 171 0.757433
15 1 2 75 107 0.529258
15 1 3 75 137 -1
15 1 3 75 138 -1
15 1 4 75 170 0.26958
15 1 4 75 171 0.73042
15 2 3 107 137 0.975739
15 2 3 107 138 -1
15 2 4 107 170 0.927155
15 2 4 107 171 0.0728447
15 3 4 137 170 0.564556
15 3 4 137 171 0.435444
15 3 4 138 170 -1
15 3 4 138 171 -1
16 0 1 51 76 -1
16 0 1 52 76 -1
16 0 1 53 76 0.0862181
16 0 1 54 76 0.7148
16 0 2 51 108 -1
16 0 2 51 109 0.525766
16 0 2 52 108 0.80613
16 0 2 52 109 -1
16 0 2 53 108 -1
16 0 2 53 109 0.233684
16 0 2 54 108 -1
16 0 2 54 109 0.942685
16 0 3 51 139 -1
16 0 3 51 140 -1
16 0 3 52 139 0.80401
16 0 3 52 140 -1
16 0 3 53 139 -1
16 0 3 53 140 0.913419
16 0 3 54 139 -1
16 0 3 54 140 -1
16 0 4 51 172 -1
16 0 4 52 172 0.0148219
16 0 4 53 172 -1
16 0 4 54 172 0.828445
16 1 2 76 108 -1
16 1 2 76 109 0.870593
16 1 3 76 139 -1
16 1 3 76 140 -1
16 1 4 76 172 0.948166
16 2 3 108 139 0.9858
16 2 3 108 140 -1
16 2 3 109 139 -1
16 2 3 109 140 -1
16 2 4 108 172 -1
16 2 4 109 172 0.856826
16 3 4 139 172 0.140523
16 3 4 140 172 -1
17 0 1 55 77 -1
17 0 1 56 77 -1
17 0 1 57 77 0.521122
17 0 2 55 110 -1
17 0 2 55 111 -1
17 0 2 56 110 -1
17 0 2 56 111 0.989337
17 0 2 57 110 0.944454
17 0 2 57 111 -1
17 0 3 55 141 -1
17 0 3 56 141 -1
17 0 3 57 141 0.96266
17 0 4 55 173 -1
17 0 4 55 174 -1
17 0 4 56 173 -1
17 0 4 56 174 -1
17 0 4 57 173 -1
17 0 4 57 174 0.93456
17 1 2 77 110 -1
17 1 2 77 111 0.962722
17 1 3 77 141 -1
17 1 4 77 173 0.87484
17 1 4 77 174 -1
17 2 3 110 141 0.896221
17 2 3 111 141 -1
17 2 4 110 173 -1
17 2 4 110 174 0.998745
17 2 4 111 173 0.782008
17 2 4 111 174 -1
17 3 4 141 173 0.346463
17 3 4 141 174 0.653537
18 0 1 58 78 -1
18 0 1 58 79 -1
18 0 1 59 78 0.145724
18 0 1 59 79 -1
18 0 2 58 112 -1
18 0 2 58 113 0.533458
18 0 2 59 112 0.79881
18 0 2 59 113 -1
18 0 3 58 142 -1
18 0 3 59 142 0.689395
18 0 4 58 175 -1
18 0 4 58 176 -1
18 0 4 59 175 -1
18 0 4 59 176 0.71859
18 1 2 78 112 0.104855
18 1 2 78 113 -1
18 1 2 79 112 -1
18 1 2 79 113 0.754471
18 1 3 78 142 0.640599
18 1 3 79 142 -1
18 1 4 78 175 -1
18 1 4 78 176 -1
18 1 4 79 175 0.738848
18 1 4 79 176 0.152864
18 2 3 112 142 0.889976
18 2 3 113 142 -1
18 2 4 112 175 0.27439
18 2 4 112 176 0.310722
18 2 4 113 175 0.307001
18 2 4 113 176 0.268954
18 3 4 142 175 -1
18 3 4 142 176 0.919927
end of Frame 102
