J OverallIdx viewIdx joint种类0-18(jointIdx) 该joint在图中的顺序(candidix) x y score
0 0 0 0 392.665 379.56 0.698243
1 0 0 1 872.163 400.702 0.682998
2 0 0 2 266.455 419.605 0.549498
3 0 0 3 636.48 482.903 0.469743
4 0 1 0 257.926 206.643 0.648074
5 0 1 1 392.606 213.009 0.860408
6 0 1 2 639.433 210.817 0.880861
7 0 1 3 889.03 225.536 0.872321
8 0 2 0 350.637 379.615 0.659991
9 0 2 1 841.161 398.599 0.710489
10 0 2 2 258.108 421.74 0.631632
11 0 2 3 687.119 487.091 0.465285
12 0 3 0 434.646 379.573 0.652503
13 0 3 1 908.547 406.958 0.7143
14 0 3 2 280.384 415.443 0.453538
15 0 3 3 572.212 482.87 0.443065
16 0 4 0 325.112 143.381 0.940666
17 0 4 1 398.223 147.657 0.84671
18 0 4 2 858.112 162.342 0.90845
19 0 5 0 244.037 208.768 0.777176
20 0 5 1 344.842 210.957 0.772228
21 0 5 2 729.207 213 0.784249
22 0 5 3 841.254 223.5 0.86859
23 0 6 0 274.761 200.346 0.546849
24 0 6 1 552.444 206.588 0.772905
25 0 6 2 448.657 213.068 0.718397
26 0 6 3 945.045 223.542 0.796314
27 0 7 0 350.522 514.529 0.792011
28 0 7 1 863.637 544.015 0.71243
29 0 7 2 280.512 596.679 0.711853
30 0 7 3 678.659 691.668 0.685382
31 0 8 0 434.567 514.518 0.733929
32 0 8 1 883.391 548.314 0.819205
33 0 8 2 260.908 584.145 0.577481
34 0 8 3 549.516 697.955 0.595246
35 0 9 0 258.147 126.642 0.945628
36 0 9 1 687.177 134.991 0.852195
37 0 9 2 367.369 145.466 0.874894
38 0 10 0 611.345 126.566 0.90788
39 0 10 1 423.481 143.352 0.516224
40 0 10 2 908.512 149.705 0.89442
41 0 11 0 322.513 295.225 0.535183
42 0 11 1 818.772 307.828 0.756869
43 0 11 2 243.95 335.281 0.787244
44 0 11 3 785.227 362.659 0.609623
45 0 12 0 956.417 312.18 0.851132
46 0 12 1 490.742 339.482 0.678185
47 0 13 0 347.635 632.641 0.830487
48 0 13 1 905.677 651.597 0.754005
49 0 13 2 171.189 733.879 0.712662
50 0 14 0 417.92 630.495 0.734594
51 0 14 1 866.471 672.683 0.729409
52 0 14 2 257.979 733.748 0.794031
53 0 15 0 328.204 215.058 0.544955
54 0 15 1 796.374 366.917 0.267404
55 0 15 2 342.137 409.085 0.837373
56 0 15 3 773.945 440.683 0.858185
57 0 16 0 465.594 396.441 0.738171
58 0 16 1 950.741 396.511 0.914815
59 0 17 0 415.063 651.668 0.553722
60 0 17 1 886.147 723.261 0.60694
61 0 17 2 330.994 740.19 0.729102
62 0 18 0 361.721 666.35 0.78337
63 0 18 1 908.554 672.694 0.305469
64 0 18 2 235.534 752.855 0.227738
65 1 0 0 751.61 364.808 0.787051
66 1 0 1 479.5 373.249 0.723407
67 1 0 2 549.748 396.487 0.718236
68 1 0 3 908.524 402.756 0.672538
69 1 1 0 479.519 227.813 0.813429
70 1 1 1 549.666 238.321 0.877451
71 1 1 2 894.62 244.642 0.817856
72 1 1 3 754.352 261.352 0.930684
73 1 2 0 729.044 364.773 0.786596
74 1 2 1 457.08 373.266 0.726347
75 1 2 2 577.78 398.526 0.698562
76 1 2 3 925.393 400.639 0.576749
77 1 3 0 776.734 366.886 0.755846
78 1 3 1 507.61 379.549 0.764002
79 1 3 2 891.746 406.957 0.652346
80 1 4 0 600.136 179.312 0.504049
81 1 4 1 504.869 181.355 0.865717
82 1 4 2 754.494 221.412 0.781632
83 1 4 3 832.911 227.743 0.820834
84 1 5 0 440.248 232.015 0.855434
85 1 5 1 591.777 238.231 0.831573
86 1 5 2 919.782 246.688 0.720182
87 1 5 3 720.687 259.348 0.830894
88 1 6 0 510.392 231.936 0.898338
89 1 6 1 872.135 244.549 0.858463
90 1 6 2 793.657 261.412 0.943768
91 1 7 0 737.501 457.61 0.729287
92 1 7 1 454.23 482.934 0.817665
93 1 7 2 602.89 518.74 0.795303
94 1 7 3 877.723 529.317 0.717053
95 1 8 0 762.834 461.788 0.741299
96 1 8 1 501.874 485 0.778897
97 1 8 2 544.046 520.824 0.685977
98 1 8 3 883.359 533.459 0.800369
99 1 9 0 577.74 174.958 0.85997
100 1 9 1 465.587 179.207 0.853751
101 1 9 2 734.784 212.934 0.591812
102 1 10 0 849.694 204.565 0.839209
103 1 10 1 776.734 212.95 0.643549
104 1 11 0 443.17 297.318 0.772306
105 1 11 1 703.83 312.082 0.58026
106 1 11 2 905.758 326.809 0.198826
107 1 11 3 614.16 328.979 0.851267
108 1 12 0 482.409 326.838 0.956643
109 1 12 1 818.9 322.585 0.88874
110 1 13 0 751.494 537.748 0.599683
111 1 13 1 434.622 594.674 0.822251
112 1 13 2 866.6 630.48 0.832101
113 1 13 3 572.229 638.901 0.784127
114 1 14 0 751.611 546.107 0.660875
115 1 14 1 479.451 582.026 0.809175
116 1 14 2 546.795 649.528 0.70994
117 1 14 3 930.952 655.833 0.774707
118 1 15 0 482.445 246.707 0.8638
119 1 15 1 709.447 356.378 0.639576
120 1 15 2 818.998 362.8 0.215862
121 1 15 3 639.274 379.639 0.907513
122 1 16 0 762.83 362.632 0.82699
123 1 16 1 524.447 371.168 0.684212
124 1 17 0 734.739 560.861 0.365807
125 1 17 1 504.85 596.777 0.521435
126 1 17 2 563.698 670.541 0.310108
127 1 17 3 869.411 668.503 0.780882
128 1 18 0 731.979 560.875 0.370901
129 1 18 1 468.324 613.58 0.736639
130 1 18 2 827.287 632.504 0.789921
131 1 18 3 600.112 672.69 0.622169
132 2 0 0 473.907 156.055 0.736303
133 2 0 1 793.545 280.535 0.746205
134 2 0 2 373.039 345.866 0.667043
135 2 0 3 642.139 400.692 0.764717
136 2 1 0 473.887 33.7429 0.818017
137 2 1 1 815.982 151.789 0.831125
138 2 1 2 367.24 177.052 0.811042
139 2 1 3 661.674 255.108 0.881997
140 2 2 0 451.515 158.126 0.734694
141 2 2 1 771.254 278.322 0.737497
142 2 2 2 392.655 350.068 0.673197
143 2 2 3 681.491 402.752 0.726789
144 2 3 0 496.329 153.937 0.709643
145 2 3 1 807.701 290.975 0.703983
146 2 3 2 356.128 343.696 0.595018
147 2 3 3 608.554 400.674 0.701071
148 2 4 0 437.627 124.431 0.373624
149 2 4 1 751.713 126.4 0.934474
150 2 5 0 440.222 40.039 0.880492
151 2 5 1 796.364 143.308 0.801464
152 2 5 2 384.217 187.659 0.720764
153 2 5 3 717.904 253.017 0.817982
154 2 6 0 504.771 27.4686 0.885487
155 2 6 1 830.06 160.373 0.845015
156 2 6 2 342.141 162.412 0.717606
157 2 6 3 600.149 255.131 0.813866
158 2 7 0 443.151 238.302 0.775109
159 2 7 1 748.711 360.636 0.857852
160 2 7 2 392.509 463.976 0.779894
161 2 7 3 661.928 499.715 0.842055
162 2 8 0 488.016 242.431 0.793992
163 2 8 1 796.556 381.679 0.861071
164 2 8 2 389.844 430.225 0.432315
165 2 8 3 597.272 510.326 0.833938
166 2 9 0 403.799 124.333 0.816401
167 2 9 1 695.478 177.059 0.770157
168 2 10 0 793.687 107.583 0.93155
169 2 10 1 625.368 172.944 0.754333
170 2 11 0 431.789 107.53 0.758075
171 2 11 1 771.105 194.026 0.904601
172 2 11 2 417.83 295.187 0.836663
173 2 11 3 717.874 345.874 0.809437
174 2 12 0 504.722 92.6847 0.851825
175 2 12 1 807.701 244.609 0.883743
176 2 12 2 569.354 360.609 0.88645
177 2 13 0 429.027 312.001 0.433429
178 2 13 1 729.139 430.124 0.921575
179 2 13 2 372.925 577.73 0.8264
180 2 13 3 681.533 615.677 0.820065
181 2 14 0 482.228 324.742 0.872958
182 2 14 1 824.444 463.968 0.862438
183 2 14 2 389.731 510.285 0.520577
184 2 14 3 600.098 611.493 0.80747
185 2 15 0 443.095 160.174 0.782432
186 2 15 1 709.634 223.512 0.814779
187 2 15 2 459.943 223.549 0.77007
188 2 16 0 527.242 143.399 0.920163
189 2 16 1 417.897 208.684 0.15904
190 2 16 2 748.637 278.352 0.771189
191 2 16 3 594.551 381.649 0.26007
192 2 17 0 504.706 341.63 0.646312
193 2 17 1 782.461 482.94 0.798415
194 2 17 2 415.026 514.559 0.597807
195 2 17 3 602.973 605.207 0.491352
196 2 18 0 709.533 432.313 0.448548
197 2 18 1 417.905 569.374 0.715241
198 2 18 2 681.36 613.579 0.327643
199 3 0 0 507.659 295.137 0.722221
200 3 0 1 145.782 343.695 0.774663
201 3 0 2 602.969 356.349 0.658785
202 3 0 3 375.822 383.762 0.610369
203 3 1 0 358.996 185.534 0.791048
204 3 1 1 608.479 191.884 0.762778
205 3 1 2 499.145 191.895 0.78936
206 3 1 3 123.403 194.005 0.837437
207 3 2 0 490.727 295.21 0.671277
208 3 2 1 126.281 345.749 0.77521
209 3 2 2 617.007 352.124 0.620179
210 3 2 3 417.802 381.653 0.640933
211 3 3 0 527.337 293.124 0.753869
212 3 3 1 162.678 341.604 0.695943
213 3 3 2 591.784 358.454 0.712886
214 3 3 3 342.048 390.089 0.60375
215 3 4 0 549.481 137.104 0.508207
216 3 4 1 168.32 153.919 0.904476
217 3 4 2 459.79 160.161 0.730948
218 3 5 0 417.932 179.313 0.794236
219 3 5 1 451.465 191.864 0.635988
220 3 5 2 625.415 189.722 0.706477
221 3 5 3 106.615 194.023 0.838772
222 3 6 0 300.075 191.841 0.835863
223 3 6 1 530.004 187.711 0.806986
224 3 6 2 140.138 193.985 0.741599
225 3 6 3 591.643 193.941 0.840243
226 3 7 0 502.023 362.668 0.58594
227 3 7 1 128.954 447.039 0.808812
228 3 7 2 597.43 463.915 0.80297
229 3 7 3 417.89 531.324 0.827664
230 3 8 0 532.878 362.626 0.678029
231 3 8 1 171.064 442.829 0.825491
232 3 8 2 588.897 470.278 0.705534
233 3 8 3 350.62 527.177 0.79434
234 3 9 0 401.046 107.509 0.786255
235 3 9 1 126.135 143.278 0.920011
236 3 10 0 328.098 107.532 0.81182
237 3 10 1 569.357 126.606 0.925157
238 3 10 2 488.025 149.707 0.722277
239 3 11 0 103.857 278.314 0.906171
240 3 11 1 459.817 278.331 0.767345
241 3 12 0 549.722 246.766 0.831112
242 3 12 1 148.685 278.286 0.376061
243 3 12 2 286.105 301.512 0.729883
244 3 12 3 597.268 295.176 0.880195
245 3 13 0 518.774 427.997 0.442889
246 3 13 1 106.615 531.323 0.611957
247 3 13 2 675.795 563.007 0.782825
248 3 13 3 426.301 681.063 0.650466
249 3 14 0 546.781 423.829 0.655715
250 3 14 1 171.108 529.327 0.741429
251 3 14 2 602.957 596.764 0.786684
252 3 14 3 359.003 660.043 0.685283
253 3 15 0 159.813 337.402 0.833426
254 3 16 0 535.696 293.111 0.734277
255 3 16 1 173.926 328.954 0.787476
256 3 16 2 552.583 337.357 0.765552
257 3 16 3 305.773 396.42 0.779664
258 3 17 0 532.902 432.367 0.260095
259 3 17 1 210.26 539.824 0.295307
260 3 17 2 552.445 598.958 0.802798
261 3 17 3 367.409 685.348 0.554571
262 3 18 0 513.223 436.479 0.213286
263 3 18 1 639.314 584.129 0.620217
264 3 18 2 448.701 668.466 0.539149
265 4 0 0 370.33 291.022 0.737284
266 4 0 1 673.001 288.861 0.703998
267 4 0 2 796.427 320.549 0.642933
268 4 0 3 196.272 379.552 0.524927
269 4 1 0 804.89 111.744 0.677196
270 4 1 1 171.116 132.859 0.807386
271 4 1 2 684.163 139.17 0.890523
272 4 1 3 353.351 158.054 0.871937
273 4 2 0 642.201 282.618 0.737029
274 4 2 1 347.635 293.103 0.745907
275 4 2 2 816.097 316.298 0.56808
276 4 2 3 238.386 379.531 0.50978
277 4 3 0 398.266 290.946 0.674481
278 4 3 1 703.788 291 0.709952
279 4 3 2 776.821 326.867 0.667957
280 4 3 3 154.224 379.577 0.504466
281 4 4 0 729.261 46.3639 0.437361
282 4 4 1 639.506 80.1313 0.908978
283 4 4 2 386.994 111.825 0.791753
284 4 5 0 824.485 107.592 0.632821
285 4 5 1 241.232 126.64 0.772345
286 4 5 2 642.177 139.104 0.864414
287 4 5 3 311.32 160.246 0.832261
288 4 6 0 790.814 116.013 0.727827
289 4 6 1 101.063 141.181 0.814818
290 4 6 2 723.487 141.215 0.838561
291 4 6 3 398.212 145.607 0.843076
292 4 7 0 358.917 398.589 0.703082
293 4 7 1 636.609 396.325 0.858704
294 4 7 2 802.008 461.764 0.787067
295 4 7 3 232.664 588.365 0.682876
296 4 8 0 395.529 396.445 0.743644
297 4 8 1 695.529 404.862 0.735545
298 4 8 2 734.8 474.472 0.780438
299 4 8 3 221.536 577.809 0.657821
300 4 9 0 218.803 42.0864 0.836671
301 4 9 1 345.008 107.448 0.829662
302 4 10 0 757.239 37.9261 0.838183
303 4 10 1 151.42 44.2424 0.203416
304 4 10 2 687.005 75.8549 0.971959
305 4 11 0 636.66 213.047 0.914231
306 4 11 1 283.326 263.596 0.781776
307 4 12 0 437.516 212.989 0.859637
308 4 12 1 757.176 219.312 0.838885
309 4 12 2 98.2042 265.743 0.75272
310 4 13 0 667.443 476.529 0.808718
311 4 13 1 370.083 504.013 0.687371
312 4 13 2 818.97 596.777 0.788337
313 4 13 3 199.142 750.737 0.686911
314 4 14 0 395.445 478.631 0.752966
315 4 14 1 684.374 508.158 0.769252
316 4 14 2 771.173 617.81 0.78152
317 4 14 3 255.236 733.748 0.700597
318 4 15 0 600.102 269.948 0.845841
319 4 15 1 336.478 356.342 0.806694
320 4 16 0 468.307 261.554 0.471002
321 4 16 1 706.607 274.108 0.879091
322 4 16 2 737.581 345.853 0.780933
323 4 16 3 143.024 362.615 0.648931
324 4 17 0 415.043 499.784 0.739034
325 4 17 1 642.287 533.534 0.777038
326 4 17 2 703.822 630.402 0.783317
327 4 17 3 286.035 748.563 0.456167
328 4 18 0 639.375 506.095 0.833735
329 4 18 1 375.757 537.71 0.634547
330 4 18 2 790.862 588.336 0.265877
331 4 18 3 258.08 750.737 0.284471
P viewIdx, pafIdx, aOverAllIdx, bOverAllIdx, CandidAIdx, CandidBIdx, score
0 0 4 0 0 0 0
0 0 4 1 0 1 0
0 0 4 2 0 2 0.930444
0 0 4 3 0 3 0
0 0 5 0 1 0 0.990264
0 0 5 1 1 1 0
0 0 5 2 1 2 0
0 0 5 3 1 3 0
0 0 6 0 2 0 0
0 0 6 1 2 1 0
0 0 6 2 2 2 0
0 0 6 3 2 3 0.987991
0 0 7 0 3 0 0
0 0 7 1 3 1 0.972488
0 0 7 2 3 2 0
0 0 7 3 3 3 0
0 1 8 27 0 0 0.96542
0 1 8 28 0 1 0
0 1 8 29 0 2 0
0 1 8 30 0 3 0
0 1 9 27 1 0 0
0 1 9 28 1 1 0.997037
0 1 9 29 1 2 0
0 1 9 30 1 3 0
0 1 10 27 2 0 0
0 1 10 28 2 1 0
0 1 10 29 2 2 0.955317
0 1 10 30 2 3 0
0 1 11 27 3 0 0
0 1 11 28 3 1 0
0 1 11 29 3 2 0
0 1 11 30 3 3 0.976136
0 2 27 47 0 0 0.517721
0 2 27 48 0 1 0
0 2 27 49 0 2 0.257054
0 2 28 47 1 0 0
0 2 28 48 1 1 0.997887
0 2 28 49 1 2 0
0 2 29 47 2 0 0
0 2 29 48 2 1 0
0 2 29 49 2 2 0.506153
0 2 30 47 3 0 0
0 2 30 48 3 1 0
0 2 30 49 3 2 0
0 3 0 8 0 0 0.530847
0 3 0 9 0 1 0
0 3 0 10 0 2 0.288291
0 3 0 11 0 3 0
0 3 1 8 1 0 0
0 3 1 9 1 1 0.917631
0 3 1 10 1 2 0
0 3 1 11 1 3 0
0 3 2 8 2 0 0
0 3 2 9 2 1 0
0 3 2 10 2 2 0.497576
0 3 2 11 2 3 0
0 3 3 8 3 0 0
0 3 3 9 3 1 0
0 3 3 10 3 2 0
0 3 3 11 3 3 0.856865
0 4 0 12 0 0 0.925496
0 4 0 13 0 1 0
0 4 0 14 0 2 0
0 4 0 15 0 3 0
0 4 1 12 1 0 0
0 4 1 13 1 1 0.926357
0 4 1 14 1 2 0
0 4 1 15 1 3 0
0 4 2 12 2 0 0
0 4 2 13 2 1 0
0 4 2 14 2 2 0.798502
0 4 2 15 2 3 0
0 4 3 12 3 0 0
0 4 3 13 3 1 0
0 4 3 14 3 2 0
0 4 3 15 3 3 0.843516
0 5 12 31 0 0 0.987013
0 5 12 32 0 1 0
0 5 12 33 0 2 0
0 5 12 34 0 3 0
0 5 13 31 1 0 0
0 5 13 32 1 1 0.990279
0 5 13 33 1 2 0
0 5 13 34 1 3 0
0 5 14 31 2 0 0
0 5 14 32 2 1 0
0 5 14 33 2 2 0.904913
0 5 14 34 2 3 0
0 5 15 31 3 0 0
0 5 15 32 3 1 0
0 5 15 33 3 2 0
0 5 15 34 3 3 0.957058
0 6 31 50 0 0 0.978279
0 6 31 51 0 1 0
0 6 31 52 0 2 0
0 6 32 50 1 0 0
0 6 32 51 1 1 0.985023
0 6 32 52 1 2 0
0 6 33 50 2 0 0
0 6 33 51 2 1 0
0 6 33 52 2 2 0.976581
0 6 34 50 3 0 0
0 6 34 51 3 1 0
0 6 34 52 3 2 0
0 7 4 19 0 0 0.49679
0 7 4 20 0 1 0
0 7 4 21 0 2 0
0 7 4 22 0 3 0
0 7 5 19 1 0 0.265215
0 7 5 20 1 1 0.520265
0 7 5 21 1 2 0
0 7 5 22 1 3 0
0 7 6 19 2 0 0
0 7 6 20 2 1 0
0 7 6 21 2 2 0.990912
0 7 6 22 2 3 0
0 7 7 19 3 0 0
0 7 7 20 3 1 0
0 7 7 21 3 2 0
0 7 7 22 3 3 0.995618
0 8 19 41 0 0 0
0 8 19 42 0 1 0
0 8 19 43 0 2 0.968279
0 8 19 44 0 3 0
0 8 20 41 1 0 0.931308
0 8 20 42 1 1 0
0 8 20 43 1 2 0
0 8 20 44 1 3 0
0 8 21 41 2 0 0
0 8 21 42 2 1 0.253625
0 8 21 43 2 2 0
0 8 21 44 2 3 0.269941
0 8 22 41 3 0 0
0 8 22 42 3 1 0.269912
0 8 22 43 3 2 0
0 8 22 44 3 3 0.253839
0 9 41 53 0 0 0.877659
0 9 41 54 0 1 0
0 9 41 55 0 2 0
0 9 41 56 0 3 0
0 9 42 53 1 0 0
0 9 42 54 1 1 0.298561
0 9 42 55 1 2 0
0 9 42 56 1 3 0.251952
0 9 43 53 2 0 0
0 9 43 54 2 1 0
0 9 43 55 2 2 0.993328
0 9 43 56 2 3 0
0 9 44 53 3 0 0
0 9 44 54 3 1 0.242634
0 9 44 55 3 2 0
0 9 44 56 3 3 0.298744
0 10 19 35 0 0 0.964519
0 10 19 36 0 1 0
0 10 19 37 0 2 0
0 10 20 35 1 0 0
0 10 20 36 1 1 0
0 10 20 37 1 2 0.976336
0 10 21 35 2 0 0
0 10 21 36 2 1 0.997288
0 10 21 37 2 2 0
0 10 22 35 3 0 0
0 10 22 36 3 1 0
0 10 22 37 3 2 0
0 11 4 23 0 0 0.879634
0 11 4 24 0 1 0
0 11 4 25 0 2 0
0 11 4 26 0 3 0
0 11 5 23 1 0 0
0 11 5 24 1 1 0
0 11 5 25 1 2 0.978378
0 11 5 26 1 3 0
0 11 6 23 2 0 0
0 11 6 24 2 1 0.990344
0 11 6 25 2 2 0
0 11 6 26 2 3 0
0 11 7 23 3 0 0
0 11 7 24 3 1 0
0 11 7 25 3 2 0
0 11 7 26 3 3 0.993076
0 12 23 45 0 0 0
0 12 23 46 0 1 0
0 12 24 45 1 0 0
0 12 24 46 1 1 0.567975
0 12 25 45 2 0 0
0 12 25 46 2 1 0.432025
0 12 26 45 3 0 0.991263
0 12 26 46 3 1 0
0 13 45 57 0 0 0
0 13 45 58 0 1 0.993301
0 13 46 57 1 0 0.941056
0 13 46 58 1 1 0
0 14 23 38 0 0 0
0 14 23 39 0 1 0
0 14 23 40 0 2 0
0 14 24 38 1 0 0.979338
0 14 24 39 1 1 0
0 14 24 40 1 2 0
0 14 25 38 2 0 0
0 14 25 39 2 1 0.879219
0 14 25 40 2 2 0
0 14 26 38 3 0 0
0 14 26 39 3 1 0
0 14 26 40 3 2 0.991357
0 15 4 16 0 0 0.957178
0 15 4 17 0 1 0
0 15 4 18 0 2 0
0 15 5 16 1 0 0
0 15 5 17 1 1 0.995158
0 15 5 18 1 2 0
0 15 6 16 2 0 0
0 15 6 17 2 1 0
0 15 6 18 2 2 0
0 15 7 16 3 0 0
0 15 7 17 3 1 0
0 15 7 18 3 2 0.995124
0 16 50 59 0 0 0.906639
0 16 50 60 0 1 0
0 16 50 61 0 2 0
0 16 51 59 1 0 0
0 16 51 60 1 1 0.909534
0 16 51 61 1 2 0
0 16 52 59 2 0 0
0 16 52 60 2 1 0
0 16 52 61 2 2 0.990555
0 17 47 62 0 0 0.973192
0 17 47 63 0 1 0
0 17 47 64 0 2 0
0 17 48 62 1 0 0
0 17 48 63 1 1 0.815162
0 17 48 64 1 2 0
0 17 49 62 2 0 0
0 17 49 63 2 1 0
0 17 49 64 2 2 0.90743
1 0 69 65 0 0 0
1 0 69 66 0 1 0.966719
1 0 69 67 0 2 0
1 0 69 68 0 3 0
1 0 70 65 1 0 0
1 0 70 66 1 1 0
1 0 70 67 1 2 0.99345
1 0 70 68 1 3 0
1 0 71 65 2 0 0
1 0 71 66 2 1 0
1 0 71 67 2 2 0
1 0 71 68 2 3 0.952809
1 0 72 65 3 0 0.999485
1 0 72 66 3 1 0
1 0 72 67 3 2 0
1 0 72 68 3 3 0
1 1 73 91 0 0 0.996385
1 1 73 92 0 1 0
1 1 73 93 0 2 0
1 1 73 94 0 3 0
1 1 74 91 1 0 0
1 1 74 92 1 1 0.985815
1 1 74 93 1 2 0
1 1 74 94 1 3 0
1 1 75 91 2 0 0
1 1 75 92 2 1 0
1 1 75 93 2 2 0.976062
1 1 75 94 2 3 0
1 1 76 91 3 0 0
1 1 76 92 3 1 0
1 1 76 93 3 2 0
1 1 76 94 3 3 0.956101
1 2 91 110 0 0 0.962344
1 2 91 111 0 1 0
1 2 91 112 0 2 0
1 2 91 113 0 3 0
1 2 92 110 1 0 0
1 2 92 111 1 1 0.998602
1 2 92 112 1 2 0
1 2 92 113 1 3 0
1 2 93 110 2 0 0
1 2 93 111 2 1 0
1 2 93 112 2 2 0
1 2 93 113 2 3 0.967216
1 2 94 110 3 0 0
1 2 94 111 3 1 0
1 2 94 112 3 2 0.994444
1 2 94 113 3 3 0
1 3 65 73 0 0 0.956419
1 3 65 74 0 1 0
1 3 65 75 0 2 0
1 3 65 76 0 3 0
1 3 66 73 1 0 0
1 3 66 74 1 1 0.941744
1 3 66 75 1 2 0
1 3 66 76 1 3 0
1 3 67 73 2 0 0
1 3 67 74 2 1 0
1 3 67 75 2 2 0.932726
1 3 67 76 2 3 0
1 3 68 73 3 0 0
1 3 68 74 3 1 0
1 3 68 75 3 2 0
1 3 68 76 3 3 0.878319
1 4 65 77 0 0 0.951739
1 4 65 78 0 1 0
1 4 65 79 0 2 0
1 4 66 77 1 0 0
1 4 66 78 1 1 0.914766
1 4 66 79 1 2 0
1 4 67 77 2 0 0
1 4 67 78 2 1 0
1 4 67 79 2 2 0
1 4 68 77 3 0 0
1 4 68 78 3 1 0
1 4 68 79 3 2 0.882762
1 5 77 95 0 0 0.974694
1 5 77 96 0 1 0
1 5 77 97 0 2 0
1 5 77 98 0 3 0
1 5 78 95 1 0 0
1 5 78 96 1 1 0.502212
1 5 78 97 1 2 0.497788
1 5 78 98 1 3 0
1 5 79 95 2 0 0
1 5 79 96 2 1 0
1 5 79 97 2 2 0
1 5 79 98 2 3 0.987021
1 6 95 114 0 0 0.972174
1 6 95 115 0 1 0
1 6 95 116 0 2 0
1 6 95 117 0 3 0
1 6 96 114 1 0 0
1 6 96 115 1 1 0.270358
1 6 96 116 1 2 0.251527
1 6 96 117 1 3 0
1 6 97 114 2 0 0
1 6 97 115 2 1 0.251503
1 6 97 116 2 2 0.270472
1 6 97 117 2 3 0
1 6 98 114 3 0 0
1 6 98 115 3 1 0
1 6 98 116 3 2 0
1 6 98 117 3 3 0.998596
1 7 69 84 0 0 0.961272
1 7 69 85 0 1 0
1 7 69 86 0 2 0
1 7 69 87 0 3 0
1 7 70 84 1 0 0
1 7 70 85 1 1 0.988679
1 7 70 86 1 2 0
1 7 70 87 1 3 0
1 7 71 84 2 0 0
1 7 71 85 2 1 0
1 7 71 86 2 2 0.976403
1 7 71 87 2 3 0
1 7 72 84 3 0 0
1 7 72 85 3 1 0
1 7 72 86 3 2 0
1 7 72 87 3 3 0.997215
1 8 84 104 0 0 0.992282
1 8 84 105 0 1 0
1 8 84 106 0 2 0
1 8 84 107 0 3 0
1 8 85 104 1 0 0
1 8 85 105 1 1 0
1 8 85 106 1 2 0
1 8 85 107 1 3 0.999351
1 8 86 104 2 0 0
1 8 86 105 2 1 0
1 8 86 106 2 2 0.757081
1 8 86 107 2 3 0
1 8 87 104 3 0 0
1 8 87 105 3 1 0.941786
1 8 87 106 3 2 0
1 8 87 107 3 3 0
1 9 104 118 0 0 0.913713
1 9 104 119 0 1 0
1 9 104 120 0 2 0
1 9 104 121 0 3 0
1 9 105 118 1 0 0
1 9 105 119 1 1 0.92304
1 9 105 120 1 2 0
1 9 105 121 1 3 0
1 9 106 118 2 0 0
1 9 106 119 2 1 0
1 9 106 120 2 2 0.699183
1 9 106 121 2 3 0
1 9 107 118 3 0 0
1 9 107 119 3 1 0
1 9 107 120 3 2 0
1 9 107 121 3 3 0.987573
1 10 84 99 0 0 0
1 10 84 100 0 1 0.948197
1 10 84 101 0 2 0
1 10 85 99 1 0 0.97378
1 10 85 100 1 1 0
1 10 85 101 1 2 0
1 10 86 99 2 0 0
1 10 86 100 2 1 0
1 10 86 101 2 2 0
1 10 87 99 3 0 0
1 10 87 100 3 1 0
1 10 87 101 3 2 0.892106
1 11 69 88 0 0 0.881311
1 11 69 89 0 1 0
1 11 69 90 0 2 0
1 11 70 88 1 0 0
1 11 70 89 1 1 0
1 11 70 90 1 2 0
1 11 71 88 2 0 0
1 11 71 89 2 1 0.98183
1 11 71 90 2 2 0
1 11 72 88 3 0 0
1 11 72 89 3 1 0
1 11 72 90 3 2 0.994196
1 12 88 108 0 0 0.974412
1 12 88 109 0 1 0
1 12 89 108 1 0 0
1 12 89 109 1 1 0.489163
1 12 90 108 2 0 0
1 12 90 109 2 1 0.510837
1 13 108 122 0 0 0
1 13 108 123 0 1 0.98816
1 13 109 122 1 0 0.943773
1 13 109 123 1 1 0
1 14 88 102 0 0 0
1 14 88 103 0 1 0
1 14 89 102 1 0 0.993343
1 14 89 103 1 1 0
1 14 90 102 2 0 0
1 14 90 103 2 1 0.928484
1 15 69 80 0 0 0
1 15 69 81 0 1 0.923883
1 15 69 82 0 2 0
1 15 69 83 0 3 0
1 15 70 80 1 0 0.844268
1 15 70 81 1 1 0
1 15 70 82 1 2 0
1 15 70 83 1 3 0
1 15 71 80 2 0 0
1 15 71 81 2 1 0
1 15 71 82 2 2 0
1 15 71 83 2 3 0.986396
1 15 72 80 3 0 0
1 15 72 81 3 1 0
1 15 72 82 3 2 0.980558
1 15 72 83 3 3 0
1 16 114 124 0 0 0.855758
1 16 114 125 0 1 0
1 16 114 126 0 2 0
1 16 114 127 0 3 0
1 16 115 124 1 0 0
1 16 115 125 1 1 0.527788
1 16 115 126 1 2 0.297108
1 16 115 127 1 3 0
1 16 116 124 2 0 0
1 16 116 125 2 1 0
1 16 116 126 2 2 0.505644
1 16 116 127 2 3 0
1 16 117 124 3 0 0
1 16 117 125 3 1 0
1 16 117 126 3 2 0
1 16 117 127 3 3 0.948672
1 17 110 128 0 0 0.839546
1 17 110 129 0 1 0
1 17 110 130 0 2 0
1 17 110 131 0 3 0
1 17 111 128 1 0 0
1 17 111 129 1 1 0.972737
1 17 111 130 1 2 0
1 17 111 131 1 3 0
1 17 112 128 2 0 0
1 17 112 129 2 1 0
1 17 112 130 2 2 0.9952
1 17 112 131 2 3 0
1 17 113 128 3 0 0
1 17 113 129 3 1 0
1 17 113 130 3 2 0
1 17 113 131 3 3 0.953201
2 0 136 132 0 0 0.986297
2 0 136 133 0 1 0
2 0 136 134 0 2 0
2 0 136 135 0 3 0
2 0 137 132 1 0 0
2 0 137 133 1 1 0.994424
2 0 137 134 1 2 0
2 0 137 135 1 3 0
2 0 138 132 2 0 0
2 0 138 133 2 1 0
2 0 138 134 2 2 0.987438
2 0 138 135 2 3 0
2 0 139 132 3 0 0
2 0 139 133 3 1 0
2 0 139 134 3 2 0
2 0 139 135 3 3 0.987713
2 1 140 158 0 0 0.945694
2 1 140 159 0 1 0
2 1 140 160 0 2 0
2 1 140 161 0 3 0
2 1 141 158 1 0 0
2 1 141 159 1 1 0.51914
2 1 141 160 1 2 0
2 1 141 161 1 3 0.252929
2 1 142 158 2 0 0
2 1 142 159 2 1 0
2 1 142 160 2 2 0.988886
2 1 142 161 2 3 0
2 1 143 158 3 0 0
2 1 143 159 3 1 0
2 1 143 160 3 2 0
2 1 143 161 3 3 0.519185
2 2 158 177 0 0 0.920925
2 2 158 178 0 1 0
2 2 158 179 0 2 0
2 2 158 180 0 3 0
2 2 159 177 1 0 0
2 2 159 178 1 1 0.996981
2 2 159 179 1 2 0
2 2 159 180 1 3 0
2 2 160 177 2 0 0
2 2 160 178 2 1 0
2 2 160 179 2 2 0.993967
2 2 160 180 2 3 0
2 2 161 177 3 0 0
2 2 161 178 3 1 0
2 2 161 179 3 2 0
2 2 161 180 3 3 0.996734
2 3 132 140 0 0 0.958801
2 3 132 141 0 1 0
2 3 132 142 0 2 0
2 3 132 143 0 3 0
2 3 133 140 1 0 0
2 3 133 141 1 1 0.959255
2 3 133 142 1 2 0
2 3 133 143 1 3 0
2 3 134 140 2 0 0
2 3 134 141 2 1 0
2 3 134 142 2 2 0.923938
2 3 134 143 2 3 0
2 3 135 140 3 0 0
2 3 135 141 3 1 0
2 3 135 142 3 2 0
2 3 135 143 3 3 0.928263
2 4 132 144 0 0 0.949314
2 4 132 145 0 1 0
2 4 132 146 0 2 0
2 4 132 147 0 3 0
2 4 133 144 1 0 0
2 4 133 145 1 1 0.938731
2 4 133 146 1 2 0
2 4 133 147 1 3 0
2 4 134 144 2 0 0
2 4 134 145 2 1 0
2 4 134 146 2 2 0.921944
2 4 134 147 2 3 0
2 4 135 144 3 0 0
2 4 135 145 3 1 0
2 4 135 146 3 2 0
2 4 135 147 3 3 0.927281
2 5 144 162 0 0 0.961334
2 5 144 163 0 1 0
2 5 144 164 0 2 0
2 5 144 165 0 3 0
2 5 145 162 1 0 0
2 5 145 163 1 1 0.985886
2 5 145 164 1 2 0
2 5 145 165 1 3 0
2 5 146 162 2 0 0
2 5 146 163 2 1 0
2 5 146 164 2 2 0.920725
2 5 146 165 2 3 0
2 5 147 162 3 0 0
2 5 147 163 3 1 0
2 5 147 164 3 2 0
2 5 147 165 3 3 0.980007
2 6 162 181 0 0 0.999122
2 6 162 182 0 1 0
2 6 162 183 0 2 0
2 6 162 184 0 3 0
2 6 163 181 1 0 0
2 6 163 182 1 1 0.999132
2 6 163 183 1 2 0
2 6 163 184 1 3 0
2 6 164 181 2 0 0
2 6 164 182 2 1 0
2 6 164 183 2 2 0.908149
2 6 164 184 2 3 0
2 6 165 181 3 0 0
2 6 165 182 3 1 0
2 6 165 183 3 2 0
2 6 165 184 3 3 0.997068
2 7 136 150 0 0 0.97748
2 7 136 151 0 1 0
2 7 136 152 0 2 0
2 7 136 153 0 3 0
2 7 137 150 1 0 0
2 7 137 151 1 1 0.993868
2 7 137 152 1 2 0
2 7 137 153 1 3 0
2 7 138 150 2 0 0
2 7 138 151 2 1 0
2 7 138 152 2 2 0.972667
2 7 138 153 2 3 0
2 7 139 150 3 0 0
2 7 139 151 3 1 0
2 7 139 152 3 2 0
2 7 139 153 3 3 0.986713
2 8 150 170 0 0 0.982605
2 8 150 171 0 1 0
2 8 150 172 0 2 0
2 8 150 173 0 3 0
2 8 151 170 1 0 0
2 8 151 171 1 1 0.983444
2 8 151 172 1 2 0
2 8 151 173 1 3 0
2 8 152 170 2 0 0
2 8 152 171 2 1 0
2 8 152 172 2 2 0.992772
2 8 152 173 2 3 0
2 8 153 170 3 0 0
2 8 153 171 3 1 0
2 8 153 172 3 2 0
2 8 153 173 3 3 0.976052
2 9 170 185 0 0 0.99798
2 9 170 186 0 1 0
2 9 170 187 0 2 0
2 9 171 185 1 0 0
2 9 171 186 1 1 0.999381
2 9 171 187 1 2 0
2 9 172 185 2 0 0
2 9 172 186 2 1 0
2 9 172 187 2 2 0.946507
2 9 173 185 3 0 0
2 9 173 186 3 1 0
2 9 173 187 3 2 0
2 10 150 166 0 0 0
2 10 150 167 0 1 0
2 10 151 166 1 0 0
2 10 151 167 1 1 0
2 10 152 166 2 0 0.985048
2 10 152 167 2 1 0
2 10 153 166 3 0 0
2 10 153 167 3 1 0.982497
2 11 136 154 0 0 0.98429
2 11 136 155 0 1 0
2 11 136 156 0 2 0
2 11 136 157 0 3 0
2 11 137 154 1 0 0
2 11 137 155 1 1 0.994423
2 11 137 156 1 2 0
2 11 137 157 1 3 0
2 11 138 154 2 0 0
2 11 138 155 2 1 0
2 11 138 156 2 2 0.970823
2 11 138 157 2 3 0
2 11 139 154 3 0 0
2 11 139 155 3 1 0
2 11 139 156 3 2 0
2 11 139 157 3 3 0.989081
2 12 154 174 0 0 0.991033
2 12 154 175 0 1 0
2 12 154 176 0 2 0
2 12 155 174 1 0 0
2 12 155 175 1 1 0.963438
2 12 155 176 1 2 0
2 12 156 174 2 0 0
2 12 156 175 2 1 0
2 12 156 176 2 2 0
2 12 157 174 3 0 0
2 12 157 175 3 1 0
2 12 157 176 3 2 0.973435
2 13 174 188 0 0 0.99755
2 13 174 189 0 1 0
2 13 174 190 0 2 0
2 13 174 191 0 3 0
2 13 175 188 1 0 0
2 13 175 189 1 1 0
2 13 175 190 1 2 0.97625
2 13 175 191 1 3 0
2 13 176 188 2 0 0
2 13 176 189 2 1 0
2 13 176 190 2 2 0
2 13 176 191 2 3 0.876371
2 14 154 168 0 0 0
2 14 154 169 0 1 0
2 14 155 168 1 0 0.99203
2 14 155 169 1 1 0
2 14 156 168 2 0 0
2 14 156 169 2 1 0
2 14 157 168 3 0 0
2 14 157 169 3 1 0.974026
2 15 136 148 0 0 0
2 15 136 149 0 1 0
2 15 137 148 1 0 0
2 15 137 149 1 1 0.99228
2 15 138 148 2 0 0.841716
2 15 138 149 2 1 0
2 15 139 148 3 0 0
2 15 139 149 3 1 0
2 16 181 192 0 0 0.982954
2 16 181 193 0 1 0
2 16 181 194 0 2 0
2 16 181 195 0 3 0
2 16 182 192 1 0 0
2 16 182 193 1 1 0.949171
2 16 182 194 1 2 0
2 16 182 195 1 3 0
2 16 183 192 2 0 0
2 16 183 193 2 1 0
2 16 183 194 2 2 0.834295
2 16 183 195 2 3 0
2 16 184 192 3 0 0
2 16 184 193 3 1 0
2 16 184 194 3 2 0
2 16 184 195 3 3 0.656427
2 17 177 196 0 0 0
2 17 177 197 0 1 0
2 17 177 198 0 2 0
2 17 178 196 1 0 0.889702
2 17 178 197 1 1 0
2 17 178 198 1 2 0
2 17 179 196 2 0 0
2 17 179 197 2 1 0.942017
2 17 179 198 2 2 0
2 17 180 196 3 0 0
2 17 180 197 3 1 0
2 17 180 198 3 2 0.684255
3 0 203 199 0 0 0
3 0 203 200 0 1 0
3 0 203 201 0 2 0
3 0 203 202 0 3 0.97936
3 0 204 199 1 0 0
3 0 204 200 1 1 0
3 0 204 201 1 2 0.948017
3 0 204 202 1 3 0
3 0 205 199 2 0 0.95182
3 0 205 200 2 1 0
3 0 205 201 2 2 0
3 0 205 202 2 3 0
3 0 206 199 3 0 0
3 0 206 200 3 1 0.961943
3 0 206 201 3 2 0
3 0 206 202 3 3 0
3 1 207 226 0 0 0.927773
3 1 207 227 0 1 0
3 1 207 228 0 2 0
3 1 207 229 0 3 0
3 1 208 226 1 0 0
3 1 208 227 1 1 0.971644
3 1 208 228 1 2 0
3 1 208 229 1 3 0
3 1 209 226 2 0 0
3 1 209 227 2 1 0
3 1 209 228 2 2 0.946013
3 1 209 229 2 3 0
3 1 210 226 3 0 0
3 1 210 227 3 1 0
3 1 210 228 3 2 0
3 1 210 229 3 3 0.991704
3 2 226 245 0 0 0.490508
3 2 226 246 0 1 0
3 2 226 247 0 2 0.265261
3 2 226 248 0 3 0
3 2 227 245 1 0 0
3 2 227 246 1 1 0.948581
3 2 227 247 1 2 0
3 2 227 248 1 3 0
3 2 228 245 2 0 0
3 2 228 246 2 1 0
3 2 228 247 2 2 0.520637
3 2 228 248 2 3 0
3 2 229 245 3 0 0
3 2 229 246 3 1 0
3 2 229 247 3 2 0
3 2 229 248 3 3 0.995891
3 3 199 207 0 0 0.941589
3 3 199 208 0 1 0
3 3 199 209 0 2 0
3 3 199 210 0 3 0
3 3 200 207 1 0 0
3 3 200 208 1 1 0.95805
3 3 200 209 1 2 0
3 3 200 210 1 3 0
3 3 201 207 2 0 0
3 3 201 208 2 1 0
3 3 201 209 2 2 0.888049
3 3 201 210 2 3 0
3 3 202 207 3 0 0
3 3 202 208 3 1 0
3 3 202 209 3 2 0
3 3 202 210 3 3 0.887313
3 4 199 211 0 0 0.953194
3 4 199 212 0 1 0
3 4 199 213 0 2 0
3 4 199 214 0 3 0
3 4 200 211 1 0 0
3 4 200 212 1 1 0.950199
3 4 200 213 1 2 0
3 4 200 214 1 3 0
3 4 201 211 2 0 0
3 4 201 212 2 1 0
3 4 201 213 2 2 0.89465
3 4 201 214 2 3 0
3 4 202 211 3 0 0
3 4 202 212 3 1 0
3 4 202 213 3 2 0
3 4 202 214 3 3 0.89151
3 5 211 230 0 0 0.512547
3 5 211 231 0 1 0
3 5 211 232 0 2 0.258862
3 5 211 233 0 3 0
3 5 212 230 1 0 0
3 5 212 231 1 1 0.992893
3 5 212 232 1 2 0
3 5 212 233 1 3 0
3 5 213 230 2 0 0
3 5 213 231 2 1 0
3 5 213 232 2 2 0.521563
3 5 213 233 2 3 0
3 5 214 230 3 0 0
3 5 214 231 3 1 0
3 5 214 232 3 2 0
3 5 214 233 3 3 0.981136
3 6 230 249 0 0 0.508604
3 6 230 250 0 1 0
3 6 230 251 0 2 0.257313
3 6 230 252 0 3 0
3 6 231 249 1 0 0
3 6 231 250 1 1 0.989616
3 6 231 251 1 2 0
3 6 231 252 1 3 0
3 6 232 249 2 0 0
3 6 232 250 2 1 0
3 6 232 251 2 2 0.523422
3 6 232 252 2 3 0
3 6 233 249 3 0 0
3 6 233 250 3 1 0
3 6 233 251 3 2 0
3 6 233 252 3 3 0.989036
3 7 203 218 0 0 0.968355
3 7 203 219 0 1 0
3 7 203 220 0 2 0
3 7 203 221 0 3 0
3 7 204 218 1 0 0
3 7 204 219 1 1 0
3 7 204 220 1 2 0.974092
3 7 204 221 1 3 0
3 7 205 218 2 0 0
3 7 205 219 2 1 0.946974
3 7 205 220 2 2 0
3 7 205 221 2 3 0
3 7 206 218 3 0 0
3 7 206 219 3 1 0
3 7 206 220 3 2 0
3 7 206 221 3 3 0.97653
3 8 218 239 0 0 0
3 8 218 240 0 1 0.504244
3 8 219 239 1 0 0
3 8 219 240 1 1 0.495756
3 8 220 239 2 0 0
3 8 220 240 2 1 0
3 8 221 239 3 0 0.982596
3 8 221 240 3 1 0
3 9 239 253 0 0 0.991053
3 9 240 253 1 0 0
3 10 218 234 0 0 0.505086
3 10 218 235 0 1 0
3 10 219 234 1 0 0.494914
3 10 219 235 1 1 0
3 10 220 234 2 0 0
3 10 220 235 2 1 0
3 10 221 234 3 0 0
3 10 221 235 3 1 0.968535
3 11 203 222 0 0 0.977545
3 11 203 223 0 1 0
3 11 203 224 0 2 0
3 11 203 225 0 3 0
3 11 204 222 1 0 0
3 11 204 223 1 1 0
3 11 204 224 1 2 0
3 11 204 225 1 3 0.984501
3 11 205 222 2 0 0
3 11 205 223 2 1 0.964402
3 11 205 224 2 2 0
3 11 205 225 2 3 0
3 11 206 222 3 0 0
3 11 206 223 3 1 0
3 11 206 224 3 2 0.962268
3 11 206 225 3 3 0
3 12 222 241 0 0 0
3 12 222 242 0 1 0
3 12 222 243 0 2 0.958648
3 12 222 244 0 3 0
3 12 223 241 1 0 0.266291
3 12 223 242 1 1 0
3 12 223 243 1 2 0
3 12 223 244 1 3 0.255416
3 12 224 241 2 0 0
3 12 224 242 2 1 0.829555
3 12 224 243 2 2 0
3 12 224 244 2 3 0
3 12 225 241 3 0 0.255172
3 12 225 242 3 1 0
3 12 225 243 3 2 0
3 12 225 244 3 3 0.266222
3 13 241 254 0 0 0.29868
3 13 241 255 0 1 0
3 13 241 256 0 2 0.263688
3 13 241 257 0 3 0
3 13 242 254 1 0 0
3 13 242 255 1 1 0.907441
3 13 242 256 1 2 0
3 13 242 257 1 3 0
3 13 243 254 2 0 0
3 13 243 255 2 1 0
3 13 243 256 2 2 0
3 13 243 257 2 3 0.970951
3 13 244 254 3 0 0.260202
3 13 244 255 3 1 0
3 13 244 256 3 2 0.298353
3 13 244 257 3 3 0
3 14 222 236 0 0 0.965038
3 14 222 237 0 1 0
3 14 222 238 0 2 0
3 14 223 236 1 0 0
3 14 223 237 1 1 0
3 14 223 238 1 2 0.521014
3 14 224 236 2 0 0
3 14 224 237 2 1 0
3 14 224 238 2 2 0
3 14 225 236 3 0 0
3 14 225 237 3 1 0.521319
3 14 225 238 3 2 0.251669
3 15 203 215 0 0 0
3 15 203 216 0 1 0
3 15 203 217 0 2 0
3 15 204 215 1 0 0.854135
3 15 204 216 1 1 0
3 15 204 217 1 2 0
3 15 205 215 2 0 0
3 15 205 216 2 1 0
3 15 205 217 2 2 0.955438
3 15 206 215 3 0 0
3 15 206 216 3 1 0.946438
3 15 206 217 3 2 0
3 16 249 258 0 0 0.770014
3 16 249 259 0 1 0
3 16 249 260 0 2 0
3 16 249 261 0 3 0
3 16 250 258 1 0 0
3 16 250 259 1 1 0.839834
3 16 250 260 1 2 0
3 16 250 261 1 3 0
3 16 251 258 2 0 0
3 16 251 259 2 1 0
3 16 251 260 2 2 0.978146
3 16 251 261 2 3 0
3 16 252 258 3 0 0
3 16 252 259 3 1 0
3 16 252 260 3 2 0
3 16 252 261 3 3 0.869507
3 17 245 262 0 0 0.758858
3 17 245 263 0 1 0
3 17 245 264 0 2 0
3 17 246 262 1 0 0
3 17 246 263 1 1 0
3 17 246 264 1 2 0
3 17 247 262 2 0 0
3 17 247 263 2 1 0.925578
3 17 247 264 2 2 0
3 17 248 262 3 0 0
3 17 248 263 3 1 0
3 17 248 264 3 2 0.649541
4 0 269 265 0 0 0
4 0 269 266 0 1 0
4 0 269 267 0 2 0.944959
4 0 269 268 0 3 0
4 0 270 265 1 0 0
4 0 270 266 1 1 0
4 0 270 267 1 2 0
4 0 270 268 1 3 0.974809
4 0 271 265 2 0 0
4 0 271 266 2 1 0.980077
4 0 271 267 2 2 0
4 0 271 268 2 3 0
4 0 272 265 3 0 0.966656
4 0 272 266 3 1 0
4 0 272 267 3 2 0
4 0 272 268 3 3 0
4 1 273 292 0 0 0
4 1 273 293 0 1 0.988724
4 1 273 294 0 2 0
4 1 273 295 0 3 0
4 1 274 292 1 0 0.986026
4 1 274 293 1 1 0
4 1 274 294 1 2 0
4 1 274 295 1 3 0
4 1 275 292 2 0 0
4 1 275 293 2 1 0
4 1 275 294 2 2 0.966953
4 1 275 295 2 3 0
4 1 276 292 3 0 0
4 1 276 293 3 1 0
4 1 276 294 3 2 0
4 1 276 295 3 3 0.976712
4 2 292 310 0 0 0
4 2 292 311 0 1 0.980992
4 2 292 312 0 2 0
4 2 292 313 0 3 0
4 2 293 310 1 0 0.999349
4 2 293 311 1 1 0
4 2 293 312 1 2 0
4 2 293 313 1 3 0
4 2 294 310 2 0 0
4 2 294 311 2 1 0
4 2 294 312 2 2 0.96405
4 2 294 313 2 3 0
4 2 295 310 3 0 0
4 2 295 311 3 1 0
4 2 295 312 3 2 0
4 2 295 313 3 3 0.985015
4 3 265 273 0 0 0
4 3 265 274 0 1 0.932502
4 3 265 275 0 2 0
4 3 265 276 0 3 0
4 3 266 273 1 0 0.936638
4 3 266 274 1 1 0
4 3 266 275 1 2 0
4 3 266 276 1 3 0
4 3 267 273 2 0 0
4 3 267 274 2 1 0
4 3 267 275 2 2 0.871598
4 3 267 276 2 3 0
4 3 268 273 3 0 0
4 3 268 274 3 1 0
4 3 268 275 3 2 0
4 3 268 276 3 3 0.849153
4 4 265 277 0 0 0.929068
4 4 265 278 0 1 0
4 4 265 279 0 2 0
4 4 265 280 0 3 0
4 4 266 277 1 0 0
4 4 266 278 1 1 0.948398
4 4 266 279 1 2 0
4 4 266 280 1 3 0
4 4 267 277 2 0 0
4 4 267 278 2 1 0
4 4 267 279 2 2 0.888044
4 4 267 280 2 3 0
4 4 268 277 3 0 0
4 4 268 278 3 1 0
4 4 268 279 3 2 0
4 4 268 280 3 3 0.855652
4 5 277 296 0 0 0.968701
4 5 277 297 0 1 0
4 5 277 298 0 2 0
4 5 277 299 0 3 0
4 5 278 296 1 0 0
4 5 278 297 1 1 0.286526
4 5 278 298 1 2 0.257849
4 5 278 299 1 3 0
4 5 279 296 2 0 0
4 5 279 297 2 1 0.256863
4 5 279 298 2 2 0.286897
4 5 279 299 2 3 0
4 5 280 296 3 0 0
4 5 280 297 3 1 0
4 5 280 298 3 2 0
4 5 280 299 3 3 0.983926
4 6 296 314 0 0 0.975333
4 6 296 315 0 1 0
4 6 296 316 0 2 0
4 6 296 317 0 3 0
4 6 297 314 1 0 0
4 6 297 315 1 1 0.275338
4 6 297 316 1 2 0.255083
4 6 297 317 1 3 0
4 6 298 314 2 0 0
4 6 298 315 2 1 0.25435
4 6 298 316 2 2 0.275416
4 6 298 317 2 3 0
4 6 299 314 3 0 0
4 6 299 315 3 1 0
4 6 299 316 3 2 0
4 6 299 317 3 3 0.975211
4 7 269 284 0 0 0.927658
4 7 269 285 0 1 0
4 7 269 286 0 2 0
4 7 269 287 0 3 0
4 7 270 284 1 0 0
4 7 270 285 1 1 0.966465
4 7 270 286 1 2 0
4 7 270 287 1 3 0
4 7 271 284 2 0 0
4 7 271 285 2 1 0
4 7 271 286 2 2 0.997265
4 7 271 287 2 3 0
4 7 272 284 3 0 0
4 7 272 285 3 1 0
4 7 272 286 3 2 0
4 7 272 287 3 3 0.996249
4 8 284 305 0 0 0
4 8 284 306 0 1 0
4 8 285 305 1 0 0
4 8 285 306 1 1 0.500159
4 8 286 305 2 0 0.994419
4 8 286 306 2 1 0
4 8 287 305 3 0 0
4 8 287 306 3 1 0.499841
4 9 305 318 0 0 0.97331
4 9 305 319 0 1 0
4 9 306 318 1 0 0
4 9 306 319 1 1 0.996061
4 10 284 300 0 0 0
4 10 284 301 0 1 0
4 10 285 300 1 0 0.9774
4 10 285 301 1 1 0
4 10 286 300 2 0 0
4 10 286 301 2 1 0
4 10 287 300 3 0 0
4 10 287 301 3 1 0.964197
4 11 269 288 0 0 0.916893
4 11 269 289 0 1 0
4 11 269 290 0 2 0
4 11 269 291 0 3 0
4 11 270 288 1 0 0
4 11 270 289 1 1 0.97747
4 11 270 290 1 2 0
4 11 270 291 1 3 0
4 11 271 288 2 0 0
4 11 271 289 2 1 0
4 11 271 290 2 2 0.993844
4 11 271 291 2 3 0
4 11 272 288 3 0 0
4 11 272 289 3 1 0
4 11 272 290 3 2 0
4 11 272 291 3 3 0.971835
4 12 288 307 0 0 0
4 12 288 308 0 1 0.486192
4 12 288 309 0 2 0
4 12 289 307 1 0 0
4 12 289 308 1 1 0
4 12 289 309 1 2 0.978163
4 12 290 307 2 0 0
4 12 290 308 2 1 0.513808
4 12 290 309 2 2 0
4 12 291 307 3 0 0.996724
4 12 291 308 3 1 0
4 12 291 309 3 2 0
4 13 307 320 0 0 0.95415
4 13 307 321 0 1 0
4 13 307 322 0 2 0
4 13 307 323 0 3 0
4 13 308 320 1 0 0
4 13 308 321 1 1 0.508743
4 13 308 322 1 2 0.491257
4 13 308 323 1 3 0
4 13 309 320 2 0 0
4 13 309 321 2 1 0
4 13 309 322 2 2 0
4 13 309 323 2 3 0.991555
4 14 288 302 0 0 0.982566
4 14 288 303 0 1 0
4 14 288 304 0 2 0
4 14 289 302 1 0 0
4 14 289 303 1 1 0.701927
4 14 289 304 1 2 0
4 14 290 302 2 0 0
4 14 290 303 2 1 0
4 14 290 304 2 2 0.991617
4 14 291 302 3 0 0
4 14 291 303 3 1 0
4 14 291 304 3 2 0
4 15 269 281 0 0 0.857335
4 15 269 282 0 1 0
4 15 269 283 0 2 0
4 15 270 281 1 0 0
4 15 270 282 1 1 0
4 15 270 283 1 2 0
4 15 271 281 2 0 0
4 15 271 282 2 1 0.99108
4 15 271 283 2 2 0
4 15 272 281 3 0 0
4 15 272 282 3 1 0
4 15 272 283 3 2 0.96607
4 16 314 324 0 0 0.96054
4 16 314 325 0 1 0
4 16 314 326 0 2 0
4 16 314 327 0 3 0
4 16 315 324 1 0 0
4 16 315 325 1 1 0.948144
4 16 315 326 1 2 0
4 16 315 327 1 3 0
4 16 316 324 2 0 0
4 16 316 325 2 1 0
4 16 316 326 2 2 0.97234
4 16 316 327 2 3 0
4 16 317 324 3 0 0
4 16 317 325 3 1 0
4 16 317 326 3 2 0
4 16 317 327 3 3 0.911327
4 17 310 328 0 0 0.992496
4 17 310 329 0 1 0
4 17 310 330 0 2 0
4 17 310 331 0 3 0
4 17 311 328 1 0 0
4 17 311 329 1 1 0.939206
4 17 311 330 1 2 0
4 17 311 331 1 3 0
4 17 312 328 2 0 0
4 17 312 329 2 1 0
4 17 312 330 2 2 0.776628
4 17 312 331 2 3 0
4 17 313 328 3 0 0
4 17 313 329 3 1 0
4 17 313 330 3 2 0
4 17 313 331 3 3 0.852519
E jointIdx viewA viewB aOverAllIdx bOverallIdx score
0 0 1 0 65 0.606949
0 0 1 0 66 0.879872
0 0 1 0 67 0.27789
0 0 1 0 68 -0.913578
0 0 1 1 65 0.582343
0 0 1 1 66 -1
0 0 1 1 67 0.744276
0 0 1 1 68 -1
0 0 1 2 65 0.263375
0 0 1 2 66 0.114741
0 0 1 2 67 0.383744
0 0 1 2 68 0.146124
0 0 1 3 65 -0.835024
0 0 1 3 66 -1
0 0 1 3 67 -0.905647
0 0 1 3 68 0.972657
0 0 2 0 132 -1
0 0 2 0 133 0.639098
0 0 2 0 134 0.830652
0 0 2 0 135 -1
0 0 2 1 132 0.838141
0 0 2 1 133 -1
0 0 2 1 134 -1
0 0 2 1 135 -1
0 0 2 2 132 -1
0 0 2 2 133 -1
0 0 2 2 134 -1
0 0 2 2 135 0.873606
0 0 2 3 132 -1
0 0 2 3 133 0.881532
0 0 2 3 134 -1
0 0 2 3 135 -1
0 0 3 0 199 0.440344
0 0 3 0 200 -1
0 0 3 0 201 -1
0 0 3 0 202 0.930714
0 0 3 1 199 0.0353225
0 0 3 1 200 0.906151
0 0 3 1 201 -1
0 0 3 1 202 -1
0 0 3 2 199 -1
0 0 3 2 200 -1
0 0 3 2 201 0.851606
0 0 3 2 202 -1
0 0 3 3 199 0.27833
0 0 3 3 200 -1
0 0 3 3 201 -1
0 0 3 3 202 0.944636
0 0 4 0 265 -1
0 0 4 0 266 0.968295
0 0 4 0 267 0.997994
0 0 4 0 268 -1
0 0 4 1 265 -1
0 0 4 1 266 -1
0 0 4 1 267 -1
0 0 4 1 268 0.696445
0 0 4 2 265 -1
0 0 4 2 266 0.993386
0 0 4 2 267 0.963019
0 0 4 2 268 -1
0 0 4 3 265 0.802598
0 0 4 3 266 -1
0 0 4 3 267 -1
0 0 4 3 268 -1
0 1 2 65 132 0.917978
0 1 2 65 133 0.254072
0 1 2 65 134 -1
0 1 2 65 135 -1
0 1 2 66 132 -1
0 1 2 66 133 -1
0 1 2 66 134 0.528305
0 1 2 66 135 0.362943
0 1 2 67 132 -1
0 1 2 67 133 -1
0 1 2 67 134 -1
0 1 2 67 135 0.880646
0 1 2 68 132 -1
0 1 2 68 133 0.657962
0 1 2 68 134 -1
0 1 2 68 135 -1
0 1 3 65 199 0.782408
0 1 3 65 200 0.618095
0 1 3 65 201 -1
0 1 3 65 202 -1
0 1 3 66 199 -1
0 1 3 66 200 -1
0 1 3 66 201 0.82008
0 1 3 66 202 0.844231
0 1 3 67 199 -1
0 1 3 67 200 -1
0 1 3 67 201 0.992693
0 1 3 67 202 0.927597
0 1 3 68 199 0.386474
0 1 3 68 200 0.925361
0 1 3 68 201 -1
0 1 3 68 202 -1
0 1 4 65 265 0.793679
0 1 4 65 266 -1
0 1 4 65 267 -1
0 1 4 65 268 0.840297
0 1 4 66 265 -1
0 1 4 66 266 -1
0 1 4 66 267 0.504014
0 1 4 66 268 -1
0 1 4 67 265 -1
0 1 4 67 266 0.830552
0 1 4 67 267 -1
0 1 4 67 268 -1
0 1 4 68 265 0.845232
0 1 4 68 266 -1
0 1 4 68 267 -1
0 1 4 68 268 0.255889
0 2 3 132 199 -1
0 2 3 132 200 0.753363
0 2 3 132 201 -1
0 2 3 132 202 -1
0 2 3 133 199 0.231712
0 2 3 133 200 -1
0 2 3 133 201 -1
0 2 3 133 202 -1
0 2 3 134 199 0.93692
0 2 3 134 200 -1
0 2 3 134 201 -1
0 2 3 134 202 0.946357
0 2 3 135 199 -1
0 2 3 135 200 -1
0 2 3 135 201 0.983533
0 2 3 135 202 -1
0 2 4 132 265 0.866394
0 2 4 132 266 -1
0 2 4 132 267 -1
0 2 4 132 268 0.991742
0 2 4 133 265 0.909505
0 2 4 133 266 -1
0 2 4 133 267 -1
0 2 4 133 268 0.675936
0 2 4 134 265 -1
0 2 4 134 266 -1
0 2 4 134 267 0.967418
0 2 4 134 268 -1
0 2 4 135 265 -1
0 2 4 135 266 0.936848
0 2 4 135 267 -1
0 2 4 135 268 -1
0 3 4 199 265 0.358288
0 3 4 199 266 -1
0 3 4 199 267 -1
0 3 4 199 268 -1
0 3 4 200 265 -0.881148
0 3 4 200 266 0.550426
0 3 4 200 267 0.555165
0 3 4 200 268 0.775556
0 3 4 201 265 0.0176789
0 3 4 201 266 0.935424
0 3 4 201 267 -1
0 3 4 201 268 0.147848
0 3 4 202 265 -1
0 3 4 202 266 0.143105
0 3 4 202 267 0.8813
0 3 4 202 268 0.272286
1 0 1 4 69 0.242907
1 0 1 4 70 0.0989824
1 0 1 4 71 0.0912052
1 0 1 4 72 0.0594268
1 0 1 5 69 0.197374
1 0 1 5 70 0.108074
1 0 1 5 71 0.0866044
1 0 1 5 72 0.0732274
1 0 1 6 69 0.157192
1 0 1 6 70 0.10772
1 0 1 6 71 0.0913042
1 0 1 6 72 0.0835103
1 0 1 7 69 -0.904833
1 0 1 7 70 0.0119052
1 0 1 7 71 0.153617
1 0 1 7 72 0.326861
1 0 2 4 136 -1
1 0 2 4 137 -1
1 0 2 4 138 -1
1 0 2 4 139 0.77304
1 0 2 5 136 -1
1 0 2 5 137 -1
1 0 2 5 138 0.956821
1 0 2 5 139 -1
1 0 2 6 136 -1
1 0 2 6 137 0.909833
1 0 2 6 138 -1
1 0 2 6 139 -1
1 0 2 7 136 0.914764
1 0 2 7 137 0.0430304
1 0 2 7 138 -1
1 0 2 7 139 -1
1 0 3 4 203 0.0805445
1 0 3 4 204 0.110363
1 0 3 4 205 0.0840931
1 0 3 4 206 0.0566424
1 0 3 5 203 0.0931041
1 0 3 5 204 0.0764881
1 0 3 5 205 0.0865196
1 0 3 5 206 0.0758443
1 0 3 6 203 0.0873145
1 0 3 6 204 0.0730603
1 0 3 6 205 0.0836058
1 0 3 6 206 0.0887465
1 0 3 7 203 0.0670831
1 0 3 7 204 0.0715289
1 0 3 7 205 0.0766808
1 0 3 7 206 0.119386
1 0 4 4 269 0.240611
1 0 4 4 270 -0.666062
1 0 4 4 271 0.255448
1 0 4 4 272 0.352834
1 0 4 5 269 0.248623
1 0 4 5 270 -0.634291
1 0 4 5 271 0.235831
1 0 4 5 272 0.346347
1 0 4 6 269 0.198175
1 0 4 6 270 -1
1 0 4 6 271 0.171877
1 0 4 6 272 0.568617
1 0 4 7 269 0.0486096
1 0 4 7 270 0.843291
1 0 4 7 271 0.0728002
1 0 4 7 272 -0.644387
1 1 2 69 136 -1
1 1 2 69 137 -1
1 1 2 69 138 0.553389
1 1 2 69 139 0.345289
1 1 2 70 136 -1
1 1 2 70 137 -1
1 1 2 70 138 -1
1 1 2 70 139 0.962194
1 1 2 71 136 -1
1 1 2 71 137 0.747789
1 1 2 71 138 -1
1 1 2 71 139 -1
1 1 2 72 136 0.908575
1 1 2 72 137 -1
1 1 2 72 138 -1
1 1 2 72 139 -1
1 1 3 69 203 0.0834862
1 1 3 69 204 0.0999432
1 1 3 69 205 0.0836039
1 1 3 69 206 0.0591391
1 1 3 70 203 0.0868531
1 1 3 70 204 0.0831312
1 1 3 70 205 0.0844625
1 1 3 70 206 0.0760334
1 1 3 71 203 0.0925736
1 1 3 71 204 0.0827147
1 1 3 71 205 0.0902099
1 1 3 71 206 0.0606349
1 1 3 72 203 0.0643984
1 1 3 72 204 0.0648013
1 1 3 72 205 0.0709214
1 1 3 72 206 0.150765
1 1 4 69 269 0.429184
1 1 4 69 270 -1
1 1 4 69 271 -1
1 1 4 69 272 -1
1 1 4 70 269 -1
1 1 4 70 270 -1
1 1 4 70 271 0.915989
1 1 4 70 272 -1
1 1 4 71 269 -1
1 1 4 71 270 0.989434
1 1 4 71 271 -1
1 1 4 71 272 0.684031
1 1 4 72 269 -1
1 1 4 72 270 0.815485
1 1 4 72 271 -1
1 1 4 72 272 0.919659
1 2 3 136 203 -1
1 2 3 136 204 -1
1 2 3 136 205 -1
1 2 3 136 206 0.994373
1 2 3 137 203 -1
1 2 3 137 204 -1
1 2 3 137 205 0.655549
1 2 3 137 206 -1
1 2 3 138 203 0.903027
1 2 3 138 204 -1
1 2 3 138 205 -1
1 2 3 138 206 -1
1 2 3 139 203 -1
1 2 3 139 204 0.961539
1 2 3 139 205 -1
1 2 3 139 206 -1
1 2 4 136 269 -1
1 2 4 136 270 0.817666
1 2 4 136 271 -1
1 2 4 136 272 -1
1 2 4 137 269 -1
1 2 4 137 270 -1
1 2 4 137 271 -1
1 2 4 137 272 0.998142
1 2 4 138 269 0.919139
1 2 4 138 270 -1
1 2 4 138 271 0.311363
1 2 4 138 272 -1
1 2 4 139 269 0.00851113
1 2 4 139 270 -1
1 2 4 139 271 0.918566
1 2 4 139 272 -1
1 3 4 203 269 0.0963448
1 3 4 203 270 0.113205
1 3 4 203 271 0.0709904
1 3 4 203 272 0.0641937
1 3 4 204 269 0.0782434
1 3 4 204 270 0.0484794
1 3 4 204 271 0.109173
1 3 4 204 272 0.111785
1 3 4 205 269 0.0813744
1 3 4 205 270 0.0704117
1 3 4 205 271 0.0970993
1 3 4 205 272 0.0986453
1 3 4 206 269 0.0890841
1 3 4 206 270 0.106858
1 3 4 206 271 0.074116
1 3 4 206 272 0.0769565
2 0 1 8 73 0.699229
2 0 1 8 74 0.912599
2 0 1 8 75 0.25965
2 0 1 8 76 -0.972018
2 0 1 9 73 0.600791
2 0 1 9 74 -1
2 0 1 9 75 0.578532
2 0 1 9 76 -1
2 0 1 10 73 0.25817
2 0 1 10 74 0.076541
2 0 1 10 75 0.458562
2 0 1 10 76 0.169605
2 0 1 11 73 -0.874288
2 0 1 11 74 -1
2 0 1 11 75 -1
2 0 1 11 76 0.916126
2 0 2 8 140 -1
2 0 2 8 141 0.242209
2 0 2 8 142 0.810688
2 0 2 8 143 -1
2 0 2 9 140 0.730468
2 0 2 9 141 -1
2 0 2 9 142 -1
2 0 2 9 143 -1
2 0 2 10 140 -1
2 0 2 10 141 -1
2 0 2 10 142 -1
2 0 2 10 143 0.773613
2 0 2 11 140 -1
2 0 2 11 141 0.683378
2 0 2 11 142 -1
2 0 2 11 143 -1
2 0 3 8 207 0.0455461
2 0 3 8 208 -1
2 0 3 8 209 -1
2 0 3 8 210 0.998446
2 0 3 9 207 0.206862
2 0 3 9 208 0.954629
2 0 3 9 209 -1
2 0 3 9 210 -1
2 0 3 10 207 -1
2 0 3 10 208 -1
2 0 3 10 209 0.823789
2 0 3 10 210 -1
2 0 3 11 207 0.268281
2 0 3 11 208 -1
2 0 3 11 209 -1
2 0 3 11 210 0.292209
2 0 4 8 273 0.707934
2 0 4 8 274 -1
2 0 4 8 275 0.91157
2 0 4 8 276 -1
2 0 4 9 273 -1
2 0 4 9 274 -1
2 0 4 9 275 -1
2 0 4 9 276 0.719993
2 0 4 10 273 0.936256
2 0 4 10 274 -1
2 0 4 10 275 0.776994
2 0 4 10 276 -1
2 0 4 11 273 -1
2 0 4 11 274 0.721425
2 0 4 11 275 -1
2 0 4 11 276 -1
2 1 2 73 140 0.964145
2 1 2 73 141 0.174803
2 1 2 73 142 -1
2 1 2 73 143 -1
2 1 2 74 140 -1
2 1 2 74 141 -1
2 1 2 74 142 0.990562
2 1 2 74 143 -1
2 1 2 75 140 -1
2 1 2 75 141 -1
2 1 2 75 142 -1
2 1 2 75 143 0.926187
2 1 2 76 140 -1
2 1 2 76 141 0.181162
2 1 2 76 142 -1
2 1 2 76 143 -1
2 1 3 73 207 0.689293
2 1 3 73 208 0.705192
2 1 3 73 209 -1
2 1 3 73 210 -1
2 1 3 74 207 -1
2 1 3 74 208 -1
2 1 3 74 209 0.967944
2 1 3 74 210 0.901218
2 1 3 75 207 -1
2 1 3 75 208 -1
2 1 3 75 209 0.979346
2 1 3 75 210 0.904327
2 1 3 76 207 0.444909
2 1 3 76 208 0.911431
2 1 3 76 209 -1
2 1 3 76 210 -1
2 1 4 73 273 -1
2 1 4 73 274 0.478816
2 1 4 73 275 -1
2 1 4 73 276 0.874351
2 1 4 74 273 -1
2 1 4 74 274 -1
2 1 4 74 275 0.725646
2 1 4 74 276 -1
2 1 4 75 273 0.677646
2 1 4 75 274 -1
2 1 4 75 275 -1
2 1 4 75 276 -1
2 1 4 76 273 -1
2 1 4 76 274 0.813722
2 1 4 76 275 -1
2 1 4 76 276 -1
2 2 3 140 207 -1
2 2 3 140 208 0.837198
2 2 3 140 209 -1
2 2 3 140 210 -1
2 2 3 141 207 0.137257
2 2 3 141 208 -1
2 2 3 141 209 -1
2 2 3 141 210 0.810361
2 2 3 142 207 0.734366
2 2 3 142 208 -1
2 2 3 142 209 -1
2 2 3 142 210 0.803689
2 2 3 143 207 -1
2 2 3 143 208 -1
2 2 3 143 209 0.949172
2 2 3 143 210 -1
2 2 4 140 273 -1
2 2 4 140 274 0.737515
2 2 4 140 275 -1
2 2 4 140 276 0.948623
2 2 4 141 273 -1
2 2 4 141 274 0.546167
2 2 4 141 275 -1
2 2 4 141 276 0.981451
2 2 4 142 273 -1
2 2 4 142 274 -1
2 2 4 142 275 0.563261
2 2 4 142 276 -1
2 2 4 143 273 0.856858
2 2 4 143 274 -1
2 2 4 143 275 -1
2 2 4 143 276 -1
2 3 4 207 273 0.0174436
2 3 4 207 274 0.393889
2 3 4 207 275 -1
2 3 4 207 276 -1
2 3 4 208 273 0.288324
2 3 4 208 274 -0.995856
2 3 4 208 275 0.719958
2 3 4 208 276 0.880036
2 3 4 209 273 0.681519
2 3 4 209 274 0.121948
2 3 4 209 275 -1
2 3 4 209 276 -1
2 3 4 210 273 0.011514
2 3 4 210 274 -1
2 3 4 210 275 0.77643
2 3 4 210 276 0.592808
3 0 1 12 77 0.572312
3 0 1 12 78 0.832564
3 0 1 12 79 -1
3 0 1 13 77 0.553815
3 0 1 13 78 -1
3 0 1 13 79 -1
3 0 1 14 77 0.415995
3 0 1 14 78 0.334755
3 0 1 14 79 0.141142
3 0 1 15 77 -0.793728
3 0 1 15 78 -1
3 0 1 15 79 0.973573
3 0 2 12 144 -1
3 0 2 12 145 0.813311
3 0 2 12 146 0.410907
3 0 2 12 147 -1
3 0 2 13 144 0.896968
3 0 2 13 145 -1
3 0 2 13 146 -1
3 0 2 13 147 -1
3 0 2 14 144 -1
3 0 2 14 145 -1
3 0 2 14 146 -1
3 0 2 14 147 0.813247
3 0 2 15 144 -1
3 0 2 15 145 0.985881
3 0 2 15 146 0.713925
3 0 2 15 147 -1
3 0 3 12 211 0.792163
3 0 3 12 212 -1
3 0 3 12 213 -1
3 0 3 12 214 0.731155
3 0 3 13 211 -1
3 0 3 13 212 0.842383
3 0 3 13 213 -1
3 0 3 13 214 -1
3 0 3 14 211 -1
3 0 3 14 212 -1
3 0 3 14 213 0.780884
3 0 3 14 214 -1
3 0 3 15 211 0.15346
3 0 3 15 212 -1
3 0 3 15 213 -1
3 0 3 15 214 0.397843
3 0 4 12 277 -1
3 0 4 12 278 0.664993
3 0 4 12 279 0.918904
3 0 4 12 280 -1
3 0 4 13 277 -1
3 0 4 13 278 -1
3 0 4 13 279 -1
3 0 4 13 280 0.720643
3 0 4 14 277 -1
3 0 4 14 278 0.869347
3 0 4 14 279 0.802193
3 0 4 14 280 -1
3 0 4 15 277 0.909686
3 0 4 15 278 -1
3 0 4 15 279 -1
3 0 4 15 280 -1
3 1 2 77 144 0.89563
3 1 2 77 145 0.555259
3 1 2 77 146 -1
3 1 2 77 147 -1
3 1 2 78 144 -1
3 1 2 78 145 -1
3 1 2 78 146 0.0470403
3 1 2 78 147 0.872644
3 1 2 79 144 -1
3 1 2 79 145 0.874625
3 1 2 79 146 -1
3 1 2 79 147 -1
3 1 3 77 211 0.790656
3 1 3 77 212 0.590475
3 1 3 77 213 -1
3 1 3 77 214 -1
3 1 3 78 211 -1
3 1 3 78 212 -1
3 1 3 78 213 0.816972
3 1 3 78 214 0.818238
3 1 3 79 211 0.237507
3 1 3 79 212 0.69605
3 1 3 79 213 -1
3 1 3 79 214 -1
3 1 4 77 277 0.847673
3 1 4 77 278 -1
3 1 4 77 279 -1
3 1 4 77 280 0.844703
3 1 4 78 277 -1
3 1 4 78 278 0.616984
3 1 4 78 279 0.0547845
3 1 4 78 280 -1
3 1 4 79 277 0.818895
3 1 4 79 278 -1
3 1 4 79 279 -1
3 1 4 79 280 0.805641
3 2 3 144 211 -1
3 2 3 144 212 0.696382
3 2 3 144 213 -1
3 2 3 144 214 -1
3 2 3 145 211 0.196811
3 2 3 145 212 -1
3 2 3 145 213 -1
3 2 3 145 214 -1
3 2 3 146 211 0.669604
3 2 3 146 212 -1
3 2 3 146 213 -1
3 2 3 146 214 0.801997
3 2 3 147 211 -1
3 2 3 147 212 -1
3 2 3 147 213 0.97177
3 2 3 147 214 -1
3 2 4 144 277 0.392111
3 2 4 144 278 -1
3 2 4 144 279 -1
3 2 4 144 280 0.962885
3 2 4 145 277 0.869823
3 2 4 145 278 -1
3 2 4 145 279 -1
3 2 4 145 280 0.0174534
3 2 4 146 277 -1
3 2 4 146 278 -1
3 2 4 146 279 0.659074
3 2 4 146 280 -1
3 2 4 147 277 -1
3 2 4 147 278 0.797535
3 2 4 147 279 -1
3 2 4 147 280 -1
3 3 4 211 277 0.2046
3 3 4 211 278 -1
3 3 4 211 279 -1
3 3 4 211 280 -1
3 3 4 212 277 0.0332634
3 3 4 212 278 0.352292
3 3 4 212 279 0.225967
3 3 4 212 280 0.388478
3 3 4 213 277 0.0581465
3 3 4 213 278 0.854596
3 3 4 213 279 -1
3 3 4 213 280 0.424187
3 3 4 214 277 -1
3 3 4 214 278 0.111275
3 3 4 214 279 0.985491
3 3 4 214 280 -1
4 0 1 16 80 0.265728
4 0 1 16 81 0.329725
4 0 1 16 82 0.090982
4 0 1 16 83 0.0933587
4 0 1 17 80 0.233994
4 0 1 17 81 0.298814
4 0 1 17 82 0.105696
4 0 1 17 83 0.107175
4 0 1 18 80 -1
4 0 1 18 81 -1
4 0 1 18 82 0.445521
4 0 1 18 83 0.434574
4 0 2 16 148 0.665279
4 0 2 16 149 0.0836958
4 0 2 17 148 0.678827
4 0 2 17 149 0.321173
4 0 2 18 148 -1
4 0 2 18 149 -1
4 0 3 16 215 0.918367
4 0 3 16 216 -1
4 0 3 16 217 0.160057
4 0 3 17 215 0.562643
4 0 3 17 216 -1
4 0 3 17 217 0.449654
4 0 3 18 215 -1
4 0 3 18 216 0.962051
4 0 3 18 217 0.390289
4 0 4 16 281 0.391985
4 0 4 16 282 0.517244
4 0 4 16 283 0.0907711
4 0 4 17 281 0.45233
4 0 4 17 282 0.410637
4 0 4 17 283 0.137033
4 0 4 18 281 -1
4 0 4 18 282 -1
4 0 4 18 283 -1
4 1 2 80 148 -1
4 1 2 80 149 -1
4 1 2 81 148 0.707061
4 1 2 81 149 -1
4 1 2 82 148 -1
4 1 2 82 149 0.506616
4 1 2 83 148 -1
4 1 2 83 149 0.79235
4 1 3 80 215 0.857998
4 1 3 80 216 -1
4 1 3 80 217 0.103426
4 1 3 81 215 0.801704
4 1 3 81 216 -1
4 1 3 81 217 0.107305
4 1 3 82 215 0.0450861
4 1 3 82 216 0.524281
4 1 3 82 217 0.248244
4 1 3 83 215 -1
4 1 3 83 216 0.865913
4 1 3 83 217 0.345244
4 1 4 80 281 -1
4 1 4 80 282 0.994505
4 1 4 80 283 -1
4 1 4 81 281 0.935727
4 1 4 81 282 -1
4 1 4 81 283 -1
4 1 4 82 281 -1
4 1 4 82 282 -1
4 1 4 82 283 0.785464
4 1 4 83 281 -1
4 1 4 83 282 -1
4 1 4 83 283 0.728273
4 2 3 148 215 -1
4 2 3 148 216 -1
4 2 3 148 217 -1
4 2 3 149 215 0.853938
4 2 3 149 216 -1
4 2 3 149 217 0.372625
4 2 4 148 281 0.78746
4 2 4 148 282 0.595388
4 2 4 148 283 -1
4 2 4 149 281 -1
4 2 4 149 282 -1
4 2 4 149 283 0.611337
4 3 4 215 281 0.19727
4 3 4 215 282 0.237735
4 3 4 215 283 0.121436
4 3 4 216 281 0.312078
4 3 4 216 282 0.177387
4 3 4 216 283 0.138985
4 3 4 217 281 0.0423785
4 3 4 217 282 0.168271
4 3 4 217 283 0.339753
5 0 1 19 84 0.205888
5 0 1 19 85 0.0953084
5 0 1 19 86 0.0829547
5 0 1 19 87 0.0577111
5 0 1 20 84 0.193114
5 0 1 20 85 0.0975783
5 0 1 20 86 0.0812616
5 0 1 20 87 0.0630864
5 0 1 21 84 0.123488
5 0 1 21 85 0.0875514
5 0 1 21 86 0.0889207
5 0 1 21 87 0.0945111
5 0 1 22 84 -0.743572
5 0 1 22 85 0.0831213
5 0 1 22 86 0.180795
5 0 1 22 87 0.319974
5 0 2 19 150 -1
5 0 2 19 151 -1
5 0 2 19 152 -1
5 0 2 19 153 0.935744
5 0 2 20 150 -1
5 0 2 20 151 -1
5 0 2 20 152 0.742441
5 0 2 20 153 0.224827
5 0 2 21 150 0.476201
5 0 2 21 151 0.660995
5 0 2 21 152 -1
5 0 2 21 153 -1
5 0 2 22 150 0.997844
5 0 2 22 151 0.312076
5 0 2 22 152 -1
5 0 2 22 153 -1
5 0 3 19 218 0.111155
5 0 3 19 219 0.0782798
5 0 3 19 220 0.108283
5 0 3 19 221 0.0582268
5 0 3 20 218 0.103777
5 0 3 20 219 0.0909482
5 0 3 20 220 0.0881776
5 0 3 20 221 0.0692213
5 0 3 21 218 0.0714623
5 0 3 21 219 0.0936898
5 0 3 21 220 0.0750011
5 0 3 21 221 0.107039
5 0 3 22 218 0.0525495
5 0 3 22 219 0.0886607
5 0 3 22 220 0.0739929
5 0 3 22 221 0.13031
5 0 4 19 284 0.244881
5 0 4 19 285 -0.689294
5 0 4 19 286 0.280639
5 0 4 19 287 0.191295
5 0 4 20 284 0.267277
5 0 4 20 285 -0.659652
5 0 4 20 286 0.25048
5 0 4 20 287 0.188059
5 0 4 21 284 0.132406
5 0 4 21 285 -1
5 0 4 21 286 0.1122
5 0 4 21 287 0.329911
5 0 4 22 284 0.0614268
5 0 4 22 285 0.569075
5 0 4 22 286 0.0578689
5 0 4 22 287 0.0616139
5 1 2 84 150 -1
5 1 2 84 151 -1
5 1 2 84 152 0.803062
5 1 2 84 153 -1
5 1 2 85 150 -1
5 1 2 85 151 -1
5 1 2 85 152 -1
5 1 2 85 153 0.933005
5 1 2 86 150 -1
5 1 2 86 151 0.449149
5 1 2 86 152 -1
5 1 2 86 153 -1
5 1 2 87 150 0.990233
5 1 2 87 151 -1
5 1 2 87 152 -1
5 1 2 87 153 -1
5 1 3 84 218 0.101702
5 1 3 84 219 0.0743947
5 1 3 84 220 0.0956121
5 1 3 84 221 0.0639781
5 1 3 85 218 0.0915903
5 1 3 85 219 0.085006
5 1 3 85 220 0.0881175
5 1 3 85 221 0.0707626
5 1 3 86 218 0.0831382
5 1 3 86 219 0.0988709
5 1 3 86 220 0.0841014
5 1 3 86 221 0.0669331
5 1 3 87 218 0.0521741
5 1 3 87 219 0.0797763
5 1 3 87 220 0.0642067
5 1 3 87 221 0.153329
5 1 4 84 284 0.9837
5 1 4 84 285 -1
5 1 4 84 286 -1
5 1 4 84 287 -1
5 1 4 85 284 -1
5 1 4 85 285 -1
5 1 4 85 286 0.907164
5 1 4 85 287 -1
5 1 4 86 284 -1
5 1 4 86 285 0.685914
5 1 4 86 286 0.0816198
5 1 4 86 287 0.665559
5 1 4 87 284 -1
5 1 4 87 285 0.808228
5 1 4 87 286 0.213264
5 1 4 87 287 0.759467
5 2 3 150 218 -1
5 2 3 150 219 -1
5 2 3 150 220 -1
5 2 3 150 221 0.95803
5 2 3 151 218 -1
5 2 3 151 219 0.21809
5 2 3 151 220 -1
5 2 3 151 221 -1
5 2 3 152 218 0.730633
5 2 3 152 219 0.246045
5 2 3 152 220 -1
5 2 3 152 221 -1
5 2 3 153 218 -1
5 2 3 153 219 -1
5 2 3 153 220 0.92096
5 2 3 153 221 -1
5 2 4 150 284 -1
5 2 4 150 285 0.777358
5 2 4 150 286 -1
5 2 4 150 287 0.442488
5 2 4 151 284 -1
5 2 4 151 285 -1
5 2 4 151 286 -1
5 2 4 151 287 0.77945
5 2 4 152 284 0.817334
5 2 4 152 285 -1
5 2 4 152 286 -1
5 2 4 152 287 -1
5 2 4 153 284 -1
5 2 4 153 285 -1
5 2 4 153 286 0.992995
5 2 4 153 287 -1
5 3 4 218 284 0.107548
5 3 4 218 285 0.126696
5 3 4 218 286 0.0677713
5 3 4 218 287 0.0499155
5 3 4 219 284 0.0816148
5 3 4 219 285 0.0729073
5 3 4 219 286 0.101565
5 3 4 219 287 0.107686
5 3 4 220 284 0.079712
5 3 4 220 285 0.0484173
5 3 4 220 286 0.116893
5 3 4 220 287 0.119489
5 3 4 221 284 0.0900897
5 3 4 221 285 0.105292
5 3 4 221 286 0.0786062
5 3 4 221 287 0.0869082
6 0 1 23 88 0.258439
6 0 1 23 89 0.121765
6 0 1 23 90 0.0797893
6 0 1 24 88 0.231863
6 0 1 24 89 0.120436
6 0 1 24 90 0.0946747
6 0 1 25 88 0.216568
6 0 1 25 89 0.11647
6 0 1 25 90 0.106764
6 0 1 26 88 -0.681667
6 0 1 26 89 0.147027
6 0 1 26 90 0.331855
6 0 2 23 154 -1
6 0 2 23 155 -1
6 0 2 23 156 -1
6 0 2 23 157 0.542591
6 0 2 24 154 -1
6 0 2 24 155 0.893814
6 0 2 24 156 -1
6 0 2 24 157 -1
6 0 2 25 154 -1
6 0 2 25 155 0.328183
6 0 2 25 156 0.779705
6 0 2 25 157 -1
6 0 2 26 154 0.93214
6 0 2 26 155 -1
6 0 2 26 156 -1
6 0 2 26 157 -1
6 0 3 23 222 0.0641942
6 0 3 23 223 0.119154
6 0 3 23 224 0.0513049
6 0 3 23 225 0.109025
6 0 3 24 222 0.0913222
6 0 3 24 223 0.0877565
6 0 3 24 224 0.0812612
6 0 3 24 225 0.0863363
6 0 3 25 222 0.0947084
6 0 3 25 223 0.0821497
6 0 3 25 224 0.0899817
6 0 3 25 225 0.0808036
6 0 3 26 222 0.0929583
6 0 3 26 223 0.060748
6 0 3 26 224 0.123087
6 0 3 26 225 0.0737312
6 0 4 23 288 0.581572
6 0 4 23 289 -0.877516
6 0 4 23 290 0.485146
6 0 4 23 291 0.452559
6 0 4 24 288 0.399579
6 0 4 24 289 -1
6 0 4 24 290 0.328354
6 0 4 24 291 0.71412
6 0 4 25 288 0.532608
6 0 4 25 289 -0.813028
6 0 4 25 290 0.497813
6 0 4 25 291 0.445631
6 0 4 26 288 -0.717419
6 0 4 26 289 0.902009
6 0 4 26 290 -1
6 0 4 26 291 -0.77796
6 1 2 88 154 -1
6 1 2 88 155 -1
6 1 2 88 156 0.17543
6 1 2 88 157 0.888237
6 1 2 89 154 -1
6 1 2 89 155 0.972771
6 1 2 89 156 -1
6 1 2 89 157 -1
6 1 2 90 154 0.952809
6 1 2 90 155 -1
6 1 2 90 156 -1
6 1 2 90 157 -1
6 1 3 88 222 0.102602
6 1 3 88 223 0.140624
6 1 3 88 224 0.0859731
6 1 3 88 225 0.123489
6 1 3 89 222 0.115942
6 1 3 89 223 0.121849
6 1 3 89 224 0.088696
6 1 3 89 225 0.127089
6 1 3 90 222 0.126791
6 1 3 90 223 0.0769968
6 1 3 90 224 0.17728
6 1 3 90 225 0.0902378
6 1 4 88 288 -1
6 1 4 88 289 -1
6 1 4 88 290 0.989277
6 1 4 88 291 -1
6 1 4 89 288 -1
6 1 4 89 289 0.718018
6 1 4 89 290 -1
6 1 4 89 291 0.994846
6 1 4 90 288 -1
6 1 4 90 289 0.908403
6 1 4 90 290 -1
6 1 4 90 291 0.742017
6 2 3 154 222 -1
6 2 3 154 223 -1
6 2 3 154 224 0.935267
6 2 3 154 225 -1
6 2 3 155 222 -1
6 2 3 155 223 0.768866
6 2 3 155 224 -1
6 2 3 155 225 0.190629
6 2 3 156 222 0.937534
6 2 3 156 223 -1
6 2 3 156 224 -1
6 2 3 156 225 -1
6 2 3 157 222 -1
6 2 3 157 223 0.236291
6 2 3 157 224 -1
6 2 3 157 225 0.930085
6 2 4 154 288 -1
6 2 4 154 289 0.88022
6 2 4 154 290 -1
6 2 4 154 291 -1
6 2 4 155 288 -1
6 2 4 155 289 -1
6 2 4 155 290 -1
6 2 4 155 291 0.977901
6 2 4 156 288 0.950451
6 2 4 156 289 -1
6 2 4 156 290 0.768632
6 2 4 156 291 -1
6 2 4 157 288 0.50634
6 2 4 157 289 -1
6 2 4 157 290 0.846595
6 2 4 157 291 -1
6 3 4 222 288 0.0802902
6 3 4 222 289 0.0883466
6 3 4 222 290 0.0723073
6 3 4 222 291 0.0720603
6 3 4 223 288 0.0796705
6 3 4 223 289 0.0781482
6 3 4 223 290 0.0755704
6 3 4 223 291 0.0791272
6 3 4 224 288 0.0815284
6 3 4 224 289 0.0948474
6 3 4 224 290 0.0695716
6 3 4 224 291 0.0672157
6 3 4 225 288 0.0705645
6 3 4 225 289 0.0471868
6 3 4 225 290 0.0982761
6 3 4 225 291 0.0975342
7 0 1 27 91 0.746278
7 0 1 27 92 0.867977
7 0 1 27 93 -1
7 0 1 27 94 -1
7 0 1 28 91 0.637875
7 0 1 28 92 -1
7 0 1 28 93 -1
7 0 1 28 94 -1
7 0 1 29 91 0.185732
7 0 1 29 92 -1
7 0 1 29 93 0.837588
7 0 1 29 94 -1
7 0 1 30 91 -1
7 0 1 30 92 -1
7 0 1 30 93 -1
7 0 1 30 94 0.99182
7 0 2 27 158 -1
7 0 2 27 159 0.395254
7 0 2 27 160 0.847915
7 0 2 27 161 -1
7 0 2 28 158 0.530896
7 0 2 28 159 -1
7 0 2 28 160 -1
7 0 2 28 161 -1
7 0 2 29 158 -1
7 0 2 29 159 -1
7 0 2 29 160 -1
7 0 2 29 161 0.741989
7 0 2 30 158 -1
7 0 2 30 159 0.893395
7 0 2 30 160 -1
7 0 2 30 161 -1
7 0 3 27 226 -1
7 0 3 27 227 -1
7 0 3 27 228 -1
7 0 3 27 229 0.903529
7 0 3 28 226 -1
7 0 3 28 227 0.622781
7 0 3 28 228 -1
7 0 3 28 229 -1
7 0 3 29 226 -1
7 0 3 29 227 -1
7 0 3 29 228 0.906567
7 0 3 29 229 -1
7 0 3 30 226 -1
7 0 3 30 227 -1
7 0 3 30 228 -1
7 0 3 30 229 -1
7 0 4 27 292 -1
7 0 4 27 293 0.510083
7 0 4 27 294 0.921864
7 0 4 27 295 -1
7 0 4 28 292 -1
7 0 4 28 293 -1
7 0 4 28 294 -1
7 0 4 28 295 0.958649
7 0 4 29 292 -1
7 0 4 29 293 0.913797
7 0 4 29 294 0.317896
7 0 4 29 295 -1
7 0 4 30 292 0.648822
7 0 4 30 293 -1
7 0 4 30 294 -1
7 0 4 30 295 -1
7 1 2 91 158 0.972424
7 1 2 91 159 0.482449
7 1 2 91 160 -1
7 1 2 91 161 -1
7 1 2 92 158 -1
7 1 2 92 159 -1
7 1 2 92 160 0.916904
7 1 2 92 161 -1
7 1 2 93 158 -1
7 1 2 93 159 -1
7 1 2 93 160 -1
7 1 2 93 161 0.677329
7 1 2 94 158 0.119948
7 1 2 94 159 0.96292
7 1 2 94 160 -1
7 1 2 94 161 -1
7 1 3 91 226 0.308514
7 1 3 91 227 0.985142
7 1 3 91 228 -1
7 1 3 91 229 -1
7 1 3 92 226 -1
7 1 3 92 227 -1
7 1 3 92 228 0.763004
7 1 3 92 229 0.863176
7 1 3 93 226 -1
7 1 3 93 227 -1
7 1 3 93 228 0.925646
7 1 3 93 229 0.424049
7 1 3 94 226 -1
7 1 3 94 227 -1
7 1 3 94 228 -1
7 1 3 94 229 -1
7 1 4 91 292 0.103096
7 1 4 91 293 -1
7 1 4 91 294 -1
7 1 4 91 295 0.632179
7 1 4 92 292 -1
7 1 4 92 293 -1
7 1 4 92 294 0.854202
7 1 4 92 295 -1
7 1 4 93 292 -1
7 1 4 93 293 0.87042
7 1 4 93 294 -1
7 1 4 93 295 -1
7 1 4 94 292 0.589752
7 1 4 94 293 -1
7 1 4 94 294 -1
7 1 4 94 295 -1
7 2 3 158 226 -1
7 2 3 158 227 0.853973
7 2 3 158 228 -1
7 2 3 158 229 -1
7 2 3 159 226 -1
7 2 3 159 227 -1
7 2 3 159 228 -1
7 2 3 159 229 -1
7 2 3 160 226 -1
7 2 3 160 227 -1
7 2 3 160 228 -1
7 2 3 160 229 0.940044
7 2 3 161 226 -1
7 2 3 161 227 -1
7 2 3 161 228 0.647911
7 2 3 161 229 -1
7 2 4 158 292 0.170423
7 2 4 158 293 -1
7 2 4 158 294 -1
7 2 4 158 295 0.603691
7 2 4 159 292 0.632504
7 2 4 159 293 -1
7 2 4 159 294 -1
7 2 4 159 295 -1
7 2 4 160 292 -1
7 2 4 160 293 -1
7 2 4 160 294 0.777822
7 2 4 160 295 -1
7 2 4 161 292 -1
7 2 4 161 293 0.877574
7 2 4 161 294 -1
7 2 4 161 295 -1
7 3 4 226 292 -1
7 3 4 226 293 -1
7 3 4 226 294 -1
7 3 4 226 295 -1
7 3 4 227 292 -1
7 3 4 227 293 0.0518225
7 3 4 227 294 0.445571
7 3 4 227 295 0.531725
7 3 4 228 292 -1
7 3 4 228 293 0.964933
7 3 4 228 294 -1
7 3 4 228 295 -1
7 3 4 229 292 -1
7 3 4 229 293 -1
7 3 4 229 294 0.842167
7 3 4 229 295 0.764161
8 0 1 31 95 0.579805
8 0 1 31 96 0.916256
8 0 1 31 97 -1
8 0 1 31 98 -1
8 0 1 32 95 0.81735
8 0 1 32 96 -1
8 0 1 32 97 0.329195
8 0 1 32 98 -1
8 0 1 33 95 0.53815
8 0 1 33 96 -1
8 0 1 33 97 0.84104
8 0 1 33 98 -1
8 0 1 34 95 -1
8 0 1 34 96 -1
8 0 1 34 97 -1
8 0 1 34 98 0.941633
8 0 2 31 162 -1
8 0 2 31 163 0.221308
8 0 2 31 164 0.826762
8 0 2 31 165 -1
8 0 2 32 162 0.788217
8 0 2 32 163 -1
8 0 2 32 164 -1
8 0 2 32 165 -1
8 0 2 33 162 -1
8 0 2 33 163 -1
8 0 2 33 164 -1
8 0 2 33 165 0.948114
8 0 2 34 162 -1
8 0 2 34 163 0.860535
8 0 2 34 164 -1
8 0 2 34 165 -1
8 0 3 31 230 0.579152
8 0 3 31 231 -1
8 0 3 31 232 -1
8 0 3 31 233 0.890213
8 0 3 32 230 -1
8 0 3 32 231 0.978726
8 0 3 32 232 -1
8 0 3 32 233 -1
8 0 3 33 230 -1
8 0 3 33 231 -1
8 0 3 33 232 0.679395
8 0 3 33 233 -1
8 0 3 34 230 -1
8 0 3 34 231 -1
8 0 3 34 232 -1
8 0 3 34 233 -1
8 0 4 31 296 -1
8 0 4 31 297 0.219656
8 0 4 31 298 0.972194
8 0 4 31 299 -1
8 0 4 32 296 -1
8 0 4 32 297 -1
8 0 4 32 298 -1
8 0 4 32 299 0.837297
8 0 4 33 296 -1
8 0 4 33 297 0.751183
8 0 4 33 298 0.292404
8 0 4 33 299 -1
8 0 4 34 296 0.779577
8 0 4 34 297 -1
8 0 4 34 298 -1
8 0 4 34 299 -1
8 1 2 95 162 0.861194
8 1 2 95 163 0.688767
8 1 2 95 164 -1
8 1 2 95 165 -1
8 1 2 96 162 -1
8 1 2 96 163 -1
8 1 2 96 164 0.792649
8 1 2 96 165 0.851444
8 1 2 97 162 -1
8 1 2 97 163 -1
8 1 2 97 164 0.739968
8 1 2 97 165 0.813531
8 1 2 98 162 0.746179
8 1 2 98 163 0.906755
8 1 2 98 164 -1
8 1 2 98 165 -1
8 1 3 95 230 0.452138
8 1 3 95 231 0.905304
8 1 3 95 232 -1
8 1 3 95 233 -1
8 1 3 96 230 -1
8 1 3 96 231 -1
8 1 3 96 232 0.851626
8 1 3 96 233 0.903808
8 1 3 97 230 -1
8 1 3 97 231 -1
8 1 3 97 232 0.702622
8 1 3 97 233 0.550055
8 1 3 98 230 -1
8 1 3 98 231 -1
8 1 3 98 232 -1
8 1 3 98 233 -1
8 1 4 95 296 0.790607
8 1 4 95 297 -1
8 1 4 95 298 -1
8 1 4 95 299 0.457307
8 1 4 96 296 -1
8 1 4 96 297 0.357049
8 1 4 96 298 0.847769
8 1 4 96 299 -1
8 1 4 97 296 -1
8 1 4 97 297 0.744156
8 1 4 97 298 -1
8 1 4 97 299 -1
8 1 4 98 296 0.949222
8 1 4 98 297 -1
8 1 4 98 298 -1
8 1 4 98 299 -1
8 2 3 162 230 -1
8 2 3 162 231 0.805686
8 2 3 162 232 -1
8 2 3 162 233 -1
8 2 3 163 230 -1
8 2 3 163 231 -1
8 2 3 163 232 -1
8 2 3 163 233 -1
8 2 3 164 230 0.675378
8 2 3 164 231 -1
8 2 3 164 232 -1
8 2 3 164 233 0.93645
8 2 3 165 230 -1
8 2 3 165 231 -1
8 2 3 165 232 0.629773
8 2 3 165 233 -1
8 2 4 162 296 0.91464
8 2 4 162 297 -1
8 2 4 162 298 -1
8 2 4 162 299 0.301857
8 2 4 163 296 0.856075
8 2 4 163 297 -1
8 2 4 163 298 -1
8 2 4 163 299 -1
8 2 4 164 296 -1
8 2 4 164 297 -1
8 2 4 164 298 0.868863
8 2 4 164 299 -1
8 2 4 165 296 -1
8 2 4 165 297 0.986874
8 2 4 165 298 -1
8 2 4 165 299 -1
8 3 4 230 296 -1
8 3 4 230 297 -1
8 3 4 230 298 -1
8 3 4 230 299 -1
8 3 4 231 296 -1
8 3 4 231 297 0.579124
8 3 4 231 298 0.241805
8 3 4 231 299 0.400975
8 3 4 232 296 -1
8 3 4 232 297 0.667213
8 3 4 232 298 -1
8 3 4 232 299 -1
8 3 4 233 296 -1
8 3 4 233 297 -1
8 3 4 233 298 0.885241
8 3 4 233 299 0.223982
9 0 1 35 99 0.209917
9 0 1 35 100 0.127314
9 0 1 35 101 0.11955
9 0 1 36 99 0.118708
9 0 1 36 100 0.172447
9 0 1 36 101 0.163815
9 0 1 37 99 0.128189
9 0 1 37 100 0.157373
9 0 1 37 101 0.17268
9 0 2 35 166 0.350015
9 0 2 35 167 0.649985
9 0 2 36 166 -1
9 0 2 36 167 -1
9 0 2 37 166 0.610823
9 0 2 37 167 0.389177
9 0 3 35 234 0.0593053
9 0 3 35 235 -1
9 0 3 36 234 -1
9 0 3 36 235 0.236137
9 0 3 37 234 0.943159
9 0 3 37 235 -1
9 0 4 35 300 -1
9 0 4 35 301 -1
9 0 4 36 300 -1
9 0 4 36 301 0.886374
9 0 4 37 300 -1
9 0 4 37 301 -1
9 1 2 99 166 -1
9 1 2 99 167 0.894026
9 1 2 100 166 0.920552
9 1 2 100 167 -1
9 1 2 101 166 -1
9 1 2 101 167 0.0476893
9 1 3 99 234 0.988645
9 1 3 99 235 -1
9 1 3 100 234 0.926406
9 1 3 100 235 -1
9 1 3 101 234 -1
9 1 3 101 235 0.863985
9 1 4 99 300 -1
9 1 4 99 301 -1
9 1 4 100 300 -1
9 1 4 100 301 -1
9 1 4 101 300 0.705742
9 1 4 101 301 0.294258
9 2 3 166 234 0.962504
9 2 3 166 235 -1
9 2 3 167 234 -1
9 2 3 167 235 -1
9 2 4 166 300 -1
9 2 4 166 301 -1
9 2 4 167 300 -1
9 2 4 167 301 -1
9 3 4 234 300 0.490394
9 3 4 234 301 -1
9 3 4 235 300 0.472483
9 3 4 235 301 0.2084
10 0 1 38 102 0.249629
10 0 1 38 103 0.168813
10 0 1 39 102 0.21893
10 0 1 39 103 0.200959
10 0 1 40 102 0.159121
10 0 1 40 103 0.263588
10 0 2 38 168 0.842928
10 0 2 38 169 -1
10 0 2 39 168 0.0895062
10 0 2 39 169 0.140144
10 0 2 40 168 0.0675662
10 0 2 40 169 -1
10 0 3 38 236 0.662747
10 0 3 38 237 -1
10 0 3 38 238 0.477956
10 0 3 39 236 0.483087
10 0 3 39 237 0.0847025
10 0 3 39 238 0.234096
10 0 3 40 236 -1
10 0 3 40 237 -1
10 0 3 40 238 0.0615107
10 0 4 38 302 -1
10 0 4 38 303 -1
10 0 4 38 304 -1
10 0 4 39 302 0.862005
10 0 4 39 303 -1
10 0 4 39 304 0.53857
10 0 4 40 302 -1
10 0 4 40 303 0.983556
10 0 4 40 304 -1
10 1 2 102 168 0.881198
10 1 2 102 169 -1
10 1 2 103 168 0.118802
10 1 2 103 169 -1
10 1 3 102 236 0.0299929
10 1 3 102 237 0.0540034
10 1 3 102 238 0.550616
10 1 3 103 236 -1
10 1 3 103 237 -1
10 1 3 103 238 0.449384
10 1 4 102 302 -1
10 1 4 102 303 0.436089
10 1 4 102 304 -1
10 1 4 103 302 -1
10 1 4 103 303 0.563911
10 1 4 103 304 -1
10 2 3 168 236 -1
10 2 3 168 237 0.405684
10 2 3 168 238 0.600017
10 2 3 169 236 -1
10 2 3 169 237 0.594316
10 2 3 169 238 0.399983
10 2 4 168 302 -1
10 2 4 168 303 -1
10 2 4 168 304 -1
10 2 4 169 302 0.972792
10 2 4 169 303 -1
10 2 4 169 304 0.929648
10 3 4 236 302 0.384931
10 3 4 236 303 0.344852
10 3 4 236 304 0.0739638
10 3 4 237 302 0.186868
10 3 4 237 303 0.133824
10 3 4 237 304 0.325389
10 3 4 238 302 0.0565545
10 3 4 238 303 -1
10 3 4 238 304 0.406482
11 0 1 41 104 0.333482
11 0 1 41 105 0.234139
11 0 1 41 106 0.0713065
11 0 1 41 107 0.168184
11 0 1 42 104 -0.932244
11 0 1 42 105 0.608822
11 0 1 42 106 0.205122
11 0 1 42 107 0.585149
11 0 1 43 104 0.0255824
11 0 1 43 105 0.204865
11 0 1 43 106 0.127377
11 0 1 43 107 0.371689
11 0 1 44 104 -1
11 0 1 44 105 -0.740584
11 0 1 44 106 0.280357
11 0 1 44 107 -0.990727
11 0 2 41 170 -1
11 0 2 41 171 -1
11 0 2 41 172 0.977104
11 0 2 41 173 -1
11 0 2 42 170 0.976728
11 0 2 42 171 0.0120074
11 0 2 42 172 -1
11 0 2 42 173 -1
11 0 2 43 170 -1
11 0 2 43 171 -1
11 0 2 43 172 -1
11 0 2 43 173 0.819205
11 0 2 44 170 -1
11 0 2 44 171 0.826057
11 0 2 44 172 -1
11 0 2 44 173 -1
11 0 3 41 239 -1
11 0 3 41 240 0.947803
11 0 3 42 239 0.917453
11 0 3 42 240 -1
11 0 3 43 239 -1
11 0 3 43 240 -1
11 0 3 44 239 -1
11 0 3 44 240 0.609071
11 0 4 41 305 0.684857
11 0 4 41 306 -1
11 0 4 42 305 -1
11 0 4 42 306 0.997703
11 0 4 43 305 0.837999
11 0 4 43 306 -1
11 0 4 44 305 -1
11 0 4 44 306 0.738361
11 1 2 104 170 -1
11 1 2 104 171 -1
11 1 2 104 172 0.911912
11 1 2 104 173 -1
11 1 2 105 170 0.995512
11 1 2 105 171 -1
11 1 2 105 172 -1
11 1 2 105 173 -1
11 1 2 106 170 -1
11 1 2 106 171 0.817378
11 1 2 106 172 -1
11 1 2 106 173 -1
11 1 2 107 170 -1
11 1 2 107 171 -1
11 1 2 107 172 -1
11 1 2 107 173 0.791268
11 1 3 104 239 0.181794
11 1 3 104 240 0.185721
11 1 3 105 239 0.210256
11 1 3 105 240 0.156769
11 1 3 106 239 0.217189
11 1 3 106 240 0.149716
11 1 3 107 239 0.124955
11 1 3 107 240 0.243538
11 1 4 104 305 -1
11 1 4 104 306 -1
11 1 4 105 305 0.191473
11 1 4 105 306 0.808527
11 1 4 106 305 -1
11 1 4 106 306 0.290263
11 1 4 107 305 0.961513
11 1 4 107 306 -1
11 2 3 170 239 0.994713
11 2 3 170 240 -1
11 2 3 171 239 -1
11 2 3 171 240 0.707606
11 2 3 172 239 -1
11 2 3 172 240 0.953476
11 2 3 173 239 -1
11 2 3 173 240 -1
11 2 4 170 305 -1
11 2 4 170 306 0.989104
11 2 4 171 305 -1
11 2 4 171 306 0.713655
11 2 4 172 305 -1
11 2 4 172 306 -1
11 2 4 173 305 0.776018
11 2 4 173 306 -1
11 3 4 239 305 0.286743
11 3 4 239 306 0.336037
11 3 4 240 305 0.337068
11 3 4 240 306 0.289833
12 0 1 45 108 0.375564
12 0 1 45 109 0.283229
12 0 1 46 108 0.264563
12 0 1 46 109 0.372484
12 0 2 45 174 0.827275
12 0 2 45 175 -1
12 0 2 45 176 -1
12 0 2 46 174 -1
12 0 2 46 175 0.950601
12 0 2 46 176 -1
12 0 3 45 241 0.390165
12 0 3 45 242 0.609382
12 0 3 45 243 -1
12 0 3 45 244 -1
12 0 3 46 241 0.589195
12 0 3 46 242 -1
12 0 3 46 243 0.476951
12 0 3 46 244 -1
12 0 4 45 307 -1
12 0 4 45 308 -1
12 0 4 45 309 0.943583
12 0 4 46 307 0.880294
12 0 4 46 308 -1
12 0 4 46 309 -1
12 1 2 108 174 -1
12 1 2 108 175 -1
12 1 2 108 176 0.952304
12 1 2 109 174 0.694798
12 1 2 109 175 0.89946
12 1 2 109 176 -1
12 1 3 108 241 -1
12 1 3 108 242 0.148264
12 1 3 108 243 0.715934
12 1 3 108 244 0.980069
12 1 3 109 241 0.452332
12 1 3 109 242 0.505257
12 1 3 109 243 0.0290417
12 1 3 109 244 0.013353
12 1 4 108 307 -1
12 1 4 108 308 0.828375
12 1 4 108 309 -1
12 1 4 109 307 0.925398
12 1 4 109 308 -1
12 1 4 109 309 0.906832
12 2 3 174 241 -1
12 2 3 174 242 0.6854
12 2 3 174 243 -1
12 2 3 174 244 -1
12 2 3 175 241 0.640243
12 2 3 175 242 -1
12 2 3 175 243 -1
12 2 3 175 244 -1
12 2 3 176 241 -1
12 2 3 176 242 -1
12 2 3 176 243 -1
12 2 3 176 244 0.990473
12 2 4 174 307 -1
12 2 4 174 308 -1
12 2 4 174 309 0.789952
12 2 4 175 307 0.944551
12 2 4 175 308 -1
12 2 4 175 309 -1
12 2 4 176 307 -1
12 2 4 176 308 0.995563
12 2 4 176 309 -1
12 3 4 241 307 0.740092
12 3 4 241 308 0.045369
12 3 4 241 309 -1
12 3 4 242 307 0.194819
12 3 4 242 308 0.177525
12 3 4 242 309 0.321255
12 3 4 243 307 -1
12 3 4 243 308 0.237038
12 3 4 243 309 0.0369814
12 3 4 244 307 -1
12 3 4 244 308 0.357342
12 3 4 244 309 0.305689
13 0 1 47 110 0.375763
13 0 1 47 111 0.911419
13 0 1 47 112 -1
13 0 1 47 113 -1
13 0 1 48 110 0.545954
13 0 1 48 111 -1
13 0 1 48 112 -1
13 0 1 48 113 -1
13 0 1 49 110 0.0782835
13 0 1 49 111 -1
13 0 1 49 112 -1
13 0 1 49 113 0.976146
13 0 2 47 177 -1
13 0 2 47 178 0.515374
13 0 2 47 179 0.764108
13 0 2 47 180 -1
13 0 2 48 177 0.747315
13 0 2 48 178 -1
13 0 2 48 179 -1
13 0 2 48 180 -1
13 0 2 49 177 -1
13 0 2 49 178 -1
13 0 2 49 179 -1
13 0 2 49 180 0.861116
13 0 3 47 245 -1
13 0 3 47 246 -1
13 0 3 47 247 -1
13 0 3 47 248 0.859119
13 0 3 48 245 -1
13 0 3 48 246 0.646259
13 0 3 48 247 -1
13 0 3 48 248 -1
13 0 3 49 245 -1
13 0 3 49 246 -1
13 0 3 49 247 0.91567
13 0 3 49 248 -1
13 0 4 47 310 0.898856
13 0 4 47 311 -1
13 0 4 47 312 0.976117
13 0 4 47 313 -1
13 0 4 48 310 -1
13 0 4 48 311 -1
13 0 4 48 312 -1
13 0 4 48 313 0.767844
13 0 4 49 310 0.63426
13 0 4 49 311 -1
13 0 4 49 312 0.368653
13 0 4 49 313 -1
13 1 2 110 177 0.549565
13 1 2 110 178 0.94849
13 1 2 110 179 -1
13 1 2 110 180 -1
13 1 2 111 177 -1
13 1 2 111 178 -1
13 1 2 111 179 0.780241
13 1 2 111 180 0.0124043
13 1 2 112 177 0.543814
13 1 2 112 178 0.875902
13 1 2 112 179 -1
13 1 2 112 180 -1
13 1 2 113 177 -1
13 1 2 113 178 -1
13 1 2 113 179 -1
13 1 2 113 180 0.74789
13 1 3 110 245 0.339517
13 1 3 110 246 0.641081
13 1 3 110 247 -1
13 1 3 110 248 -1
13 1 3 111 245 -1
13 1 3 111 246 -1
13 1 3 111 247 0.768326
13 1 3 111 248 0.945196
13 1 3 112 245 -1
13 1 3 112 246 -1
13 1 3 112 247 -1
13 1 3 112 248 -1
13 1 3 113 245 -1
13 1 3 113 246 -1
13 1 3 113 247 0.767373
13 1 3 113 248 0.303192
13 1 4 110 310 -1
13 1 4 110 311 0.440338
13 1 4 110 312 -1
13 1 4 110 313 0.725368
13 1 4 111 310 -1
13 1 4 111 311 -1
13 1 4 111 312 0.888451
13 1 4 111 313 -1
13 1 4 112 310 -1
13 1 4 112 311 0.829445
13 1 4 112 312 -1
13 1 4 112 313 0.00747401
13 1 4 113 310 0.880896
13 1 4 113 311 -1
13 1 4 113 312 -1
13 1 4 113 313 -1
13 2 3 177 245 -1
13 2 3 177 246 0.507128
13 2 3 177 247 -1
13 2 3 177 248 -1
13 2 3 178 245 -1
13 2 3 178 246 -1
13 2 3 178 247 -1
13 2 3 178 248 -1
13 2 3 179 245 -1
13 2 3 179 246 -1
13 2 3 179 247 -1
13 2 3 179 248 0.883621
13 2 3 180 245 -1
13 2 3 180 246 -1
13 2 3 180 247 0.987524
13 2 3 180 248 -1
13 2 4 177 310 -1
13 2 4 177 311 -1
13 2 4 177 312 -1
13 2 4 177 313 0.775412
13 2 4 178 310 -1
13 2 4 178 311 0.9376
13 2 4 178 312 -1
13 2 4 178 313 -1
13 2 4 179 310 -1
13 2 4 179 311 -1
13 2 4 179 312 0.929707
13 2 4 179 313 -1
13 2 4 180 310 0.936291
13 2 4 180 311 -1
13 2 4 180 312 -1
13 2 4 180 313 -1
13 3 4 245 310 -1
13 3 4 245 311 -1
13 3 4 245 312 -1
13 3 4 245 313 -1
13 3 4 246 310 -1
13 3 4 246 311 -1
13 3 4 246 312 0.0864865
13 3 4 246 313 0.547788
13 3 4 247 310 0.795742
13 3 4 247 311 -1
13 3 4 247 312 -1
13 3 4 247 313 -1
13 3 4 248 310 -1
13 3 4 248 311 -1
13 3 4 248 312 0.925653
13 3 4 248 313 -1
14 0 1 50 114 0.287039
14 0 1 50 115 0.947373
14 0 1 50 116 -1
14 0 1 50 117 -1
14 0 1 51 114 0.55961
14 0 1 51 115 -1
14 0 1 51 116 -1
14 0 1 51 117 -1
14 0 1 52 114 0.153351
14 0 1 52 115 -1
14 0 1 52 116 0.908164
14 0 1 52 117 -1
14 0 2 50 181 -1
14 0 2 50 182 -1
14 0 2 50 183 0.849537
14 0 2 50 184 -1
14 0 2 51 181 0.991615
14 0 2 51 182 -1
14 0 2 51 183 -1
14 0 2 51 184 -1
14 0 2 52 181 -1
14 0 2 52 182 0.343591
14 0 2 52 183 -1
14 0 2 52 184 0.710468
14 0 3 50 249 0.539643
14 0 3 50 250 -1
14 0 3 50 251 -1
14 0 3 50 252 0.970447
14 0 3 51 249 -1
14 0 3 51 250 0.659853
14 0 3 51 251 -1
14 0 3 51 252 -1
14 0 3 52 249 -1
14 0 3 52 250 -1
14 0 3 52 251 0.96285
14 0 3 52 252 -1
14 0 4 50 314 -1
14 0 4 50 315 0.392063
14 0 4 50 316 0.938381
14 0 4 50 317 -1
14 0 4 51 314 -1
14 0 4 51 315 -1
14 0 4 51 316 -1
14 0 4 51 317 0.764039
14 0 4 52 314 -1
14 0 4 52 315 0.85208
14 0 4 52 316 0.422936
14 0 4 52 317 -1
14 1 2 114 181 0.907516
14 1 2 114 182 0.634536
14 1 2 114 183 -1
14 1 2 114 184 -1
14 1 2 115 181 -1
14 1 2 115 182 -1
14 1 2 115 183 0.669809
14 1 2 115 184 0.758316
14 1 2 116 181 -1
14 1 2 116 182 -1
14 1 2 116 183 0.606695
14 1 2 116 184 0.747994
14 1 2 117 181 0.232559
14 1 2 117 182 0.939095
14 1 2 117 183 -1
14 1 2 117 184 -1
14 1 3 114 249 0.21567
14 1 3 114 250 0.711362
14 1 3 114 251 -1
14 1 3 114 252 -1
14 1 3 115 249 -1
14 1 3 115 250 -1
14 1 3 115 251 0.454189
14 1 3 115 252 0.97415
14 1 3 116 249 -1
14 1 3 116 250 -1
14 1 3 116 251 0.899754
14 1 3 116 252 0.176889
14 1 3 117 249 -1
14 1 3 117 250 -1
14 1 3 117 251 -1
14 1 3 117 252 -1
14 1 4 114 314 0.290116
14 1 4 114 315 -1
14 1 4 114 316 -1
14 1 4 114 317 0.413052
14 1 4 115 314 -1
14 1 4 115 315 -1
14 1 4 115 316 0.717568
14 1 4 115 317 -1
14 1 4 116 314 -1
14 1 4 116 315 0.918575
14 1 4 116 316 -1
14 1 4 116 317 -1
14 1 4 117 314 0.630692
14 1 4 117 315 -1
14 1 4 117 316 -1
14 1 4 117 317 -1
14 2 3 181 249 -1
14 2 3 181 250 0.653399
14 2 3 181 251 -1
14 2 3 181 252 -1
14 2 3 182 249 -1
14 2 3 182 250 -1
14 2 3 182 251 -1
14 2 3 182 252 0.466654
14 2 3 183 249 0.190386
14 2 3 183 250 -1
14 2 3 183 251 -1
14 2 3 183 252 0.768279
14 2 3 184 249 -1
14 2 3 184 250 -1
14 2 3 184 251 0.686363
14 2 3 184 252 -1
14 2 4 181 314 0.0189543
14 2 4 181 315 -1
14 2 4 181 316 -1
14 2 4 181 317 0.221449
14 2 4 182 314 0.692566
14 2 4 182 315 -1
14 2 4 182 316 -1
14 2 4 182 317 -1
14 2 4 183 314 -1
14 2 4 183 315 -1
14 2 4 183 316 0.340168
14 2 4 183 317 -1
14 2 4 184 314 -1
14 2 4 184 315 0.754112
14 2 4 184 316 -1
14 2 4 184 317 -1
14 3 4 249 314 -1
14 3 4 249 315 -1
14 3 4 249 316 -1
14 3 4 249 317 -1
14 3 4 250 314 -1
14 3 4 250 315 0.444183
14 3 4 250 316 -1
14 3 4 250 317 0.0319896
14 3 4 251 314 -1
14 3 4 251 315 0.978188
14 3 4 251 316 -1
14 3 4 251 317 -1
14 3 4 252 314 -1
14 3 4 252 315 -1
14 3 4 252 316 0.847485
14 3 4 252 317 -1
15 0 1 53 118 0.834677
15 0 1 53 119 -1
15 0 1 53 120 -1
15 0 1 53 121 -1
15 0 1 54 118 -1
15 0 1 54 119 0.950304
15 0 1 54 120 0.582796
15 0 1 54 121 0.315344
15 0 1 55 118 -0.736386
15 0 1 55 119 0.406643
15 0 1 55 120 0.66188
15 0 1 55 121 0.667862
15 0 1 56 118 -1
15 0 1 56 119 -1
15 0 1 56 120 0.243518
15 0 1 56 121 -1
15 0 2 53 185 -1
15 0 2 53 186 0.980017
15 0 2 53 187 0.86744
15 0 2 54 185 0.971946
15 0 2 54 186 -1
15 0 2 54 187 -1
15 0 2 55 185 -1
15 0 2 55 186 -1
15 0 2 55 187 -1
15 0 2 56 185 -1
15 0 2 56 186 0.998977
15 0 2 56 187 0.843125
15 0 3 53 253 -1
15 0 3 54 253 0.621287
15 0 3 55 253 -1
15 0 3 56 253 -1
15 0 4 53 318 -1
15 0 4 53 319 -1
15 0 4 54 318 -1
15 0 4 54 319 0.811405
15 0 4 55 318 0.83576
15 0 4 55 319 -1
15 0 4 56 318 -1
15 0 4 56 319 0.723811
15 1 2 118 185 0.153208
15 1 2 118 186 -1
15 1 2 118 187 0.901696
15 1 2 119 185 0.930631
15 1 2 119 186 -1
15 1 2 119 187 -1
15 1 2 120 185 -1
15 1 2 120 186 0.788268
15 1 2 120 187 -1
15 1 2 121 185 -1
15 1 2 121 186 -1
15 1 2 121 187 0.612876
15 1 3 118 253 -1
15 1 3 119 253 0.682676
15 1 3 120 253 0.388896
15 1 3 121 253 0.307379
15 1 4 118 318 0.670067
15 1 4 118 319 0.329933
15 1 4 119 318 -1
15 1 4 119 319 0.602216
15 1 4 120 318 -1
15 1 4 120 319 -1
15 1 4 121 318 0.965221
15 1 4 121 319 -1
15 2 3 185 253 0.570162
15 2 3 186 253 -1
15 2 3 187 253 -1
15 2 4 185 318 -1
15 2 4 185 319 0.633173
15 2 4 186 318 -1
15 2 4 186 319 -1
15 2 4 187 318 0.719715
15 2 4 187 319 -1
15 3 4 253 318 0.246964
15 3 4 253 319 0.753036
16 0 1 57 122 0.372756
16 0 1 57 123 0.39587
16 0 1 58 122 0.431076
16 0 1 58 123 -1
16 0 2 57 188 -1
16 0 2 57 189 -1
16 0 2 57 190 0.821887
16 0 2 57 191 -1
16 0 2 58 188 0.996625
16 0 2 58 189 -1
16 0 2 58 190 -1
16 0 2 58 191 -1
16 0 3 57 254 0.789562
16 0 3 57 255 -1
16 0 3 57 256 -1
16 0 3 57 257 0.981654
16 0 3 58 254 -1
16 0 3 58 255 0.760614
16 0 3 58 256 -1
16 0 3 58 257 -1
16 0 4 57 320 0.830016
16 0 4 57 321 -1
16 0 4 57 322 0.854109
16 0 4 57 323 -1
16 0 4 58 320 -1
16 0 4 58 321 -1
16 0 4 58 322 -1
16 0 4 58 323 0.77906
16 1 2 122 188 0.334107
16 1 2 122 189 -1
16 1 2 122 190 0.823993
16 1 2 122 191 -1
16 1 2 123 188 -1
16 1 2 123 189 -1
16 1 2 123 190 -1
16 1 2 123 191 0.984025
16 1 3 122 254 0.85941
16 1 3 122 255 0.828945
16 1 3 122 256 -1
16 1 3 122 257 -1
16 1 3 123 254 -1
16 1 3 123 255 -1
16 1 3 123 256 0.911764
16 1 3 123 257 0.463189
16 1 4 122 320 0.951244
16 1 4 122 321 -1
16 1 4 122 322 -1
16 1 4 122 323 0.844757
16 1 4 123 320 -1
16 1 4 123 321 0.957494
16 1 4 123 322 0.270036
16 1 4 123 323 -1
16 2 3 188 254 -1
16 2 3 188 255 0.78494
16 2 3 188 256 -1
16 2 3 188 257 -1
16 2 3 189 254 -1
16 2 3 189 255 0.445454
16 2 3 189 256 -1
16 2 3 189 257 -1
16 2 3 190 254 0.960693
16 2 3 190 255 -1
16 2 3 190 256 -1
16 2 3 190 257 -1
16 2 3 191 254 -1
16 2 3 191 255 -1
16 2 3 191 256 0.591646
16 2 3 191 257 -1
16 2 4 188 320 -1
16 2 4 188 321 -1
16 2 4 188 322 -1
16 2 4 188 323 0.793278
16 2 4 189 320 -1
16 2 4 189 321 -1
16 2 4 189 322 -1
16 2 4 189 323 -1
16 2 4 190 320 0.844782
16 2 4 190 321 -1
16 2 4 190 322 -1
16 2 4 190 323 -1
16 2 4 191 320 -1
16 2 4 191 321 0.87533
16 2 4 191 322 -1
16 2 4 191 323 -1
16 3 4 254 320 0.738163
16 3 4 254 321 -1
16 3 4 254 322 -1
16 3 4 254 323 -1
16 3 4 255 320 0.0425983
16 3 4 255 321 0.428118
16 3 4 255 322 0.0258052
16 3 4 255 323 0.503479
16 3 4 256 320 0.130046
16 3 4 256 321 0.846926
16 3 4 256 322 -1
16 3 4 256 323 0.330391
16 3 4 257 320 -1
16 3 4 257 321 -1
16 3 4 257 322 0.99804
16 3 4 257 323 -1
17 0 1 59 124 0.51416
17 0 1 59 125 0.864528
17 0 1 59 126 -1
17 0 1 59 127 -1
17 0 1 60 124 0.173955
17 0 1 60 125 -1
17 0 1 60 126 -1
17 0 1 60 127 -1
17 0 1 61 124 0.302372
17 0 1 61 125 -1
17 0 1 61 126 0.457119
17 0 1 61 127 -1
17 0 2 59 192 -1
17 0 2 59 193 -1
17 0 2 59 194 0.740829
17 0 2 59 195 -1
17 0 2 60 192 0.967334
17 0 2 60 193 -1
17 0 2 60 194 -1
17 0 2 60 195 -1
17 0 2 61 192 -1
17 0 2 61 193 0.935123
17 0 2 61 194 -1
17 0 2 61 195 -1
17 0 3 59 258 0.181014
17 0 3 59 259 -1
17 0 3 59 260 -1
17 0 3 59 261 0.870315
17 0 3 60 258 -1
17 0 3 60 259 0.759958
17 0 3 60 260 -1
17 0 3 60 261 -1
17 0 3 61 258 -1
17 0 3 61 259 -1
17 0 3 61 260 0.96076
17 0 3 61 261 -1
17 0 4 59 324 -1
17 0 4 59 325 0.886123
17 0 4 59 326 0.297682
17 0 4 59 327 -1
17 0 4 60 324 -1
17 0 4 60 325 -1
17 0 4 60 326 -1
17 0 4 60 327 -1
17 0 4 61 324 -1
17 0 4 61 325 0.967314
17 0 4 61 326 0.320312
17 0 4 61 327 -1
17 1 2 124 192 0.442445
17 1 2 124 193 0.982536
17 1 2 124 194 -1
17 1 2 124 195 -1
17 1 2 125 192 -1
17 1 2 125 193 -1
17 1 2 125 194 0.75123
17 1 2 125 195 0.740766
17 1 2 126 192 -1
17 1 2 126 193 -1
17 1 2 126 194 0.395004
17 1 2 126 195 0.968158
17 1 2 127 192 0.300147
17 1 2 127 193 0.981212
17 1 2 127 194 -1
17 1 2 127 195 -1
17 1 3 124 258 -1
17 1 3 124 259 0.632308
17 1 3 124 260 -1
17 1 3 124 261 -1
17 1 3 125 258 -1
17 1 3 125 259 -1
17 1 3 125 260 0.82141
17 1 3 125 261 0.494351
17 1 3 126 258 -1
17 1 3 126 259 -1
17 1 3 126 260 0.268115
17 1 3 126 261 0.464907
17 1 3 127 258 -1
17 1 3 127 259 -1
17 1 3 127 260 -1
17 1 3 127 261 -1
17 1 4 124 324 0.331395
17 1 4 124 325 -1
17 1 4 124 326 -1
17 1 4 124 327 0.579054
17 1 4 125 324 -1
17 1 4 125 325 -1
17 1 4 125 326 0.732803
17 1 4 125 327 -1
17 1 4 126 324 -1
17 1 4 126 325 0.486026
17 1 4 126 326 -1
17 1 4 126 327 -1
17 1 4 127 324 0.973423
17 1 4 127 325 -1
17 1 4 127 326 -1
17 1 4 127 327 -1
17 2 3 192 258 -1
17 2 3 192 259 0.831173
17 2 3 192 260 -1
17 2 3 192 261 -1
17 2 3 193 258 -1
17 2 3 193 259 -1
17 2 3 193 260 -1
17 2 3 193 261 0.968681
17 2 3 194 258 -1
17 2 3 194 259 -1
17 2 3 194 260 -1
17 2 3 194 261 0.438863
17 2 3 195 258 -1
17 2 3 195 259 -1
17 2 3 195 260 0.0498543
17 2 3 195 261 -1
17 2 4 192 324 0.460516
17 2 4 192 325 -1
17 2 4 192 326 -1
17 2 4 192 327 -1
17 2 4 193 324 0.934893
17 2 4 193 325 -1
17 2 4 193 326 -1
17 2 4 193 327 -1
17 2 4 194 324 -1
17 2 4 194 325 -1
17 2 4 194 326 0.829816
17 2 4 194 327 -1
17 2 4 195 324 -1
17 2 4 195 325 0.51731
17 2 4 195 326 -1
17 2 4 195 327 -1
17 3 4 258 324 -1
17 3 4 258 325 -1
17 3 4 258 326 -1
17 3 4 258 327 -1
17 3 4 259 324 -1
17 3 4 259 325 0.603561
17 3 4 259 326 -1
17 3 4 259 327 -1
17 3 4 260 324 -1
17 3 4 260 325 0.993381
17 3 4 260 326 -1
17 3 4 260 327 -1
17 3 4 261 324 -1
17 3 4 261 325 -1
17 3 4 261 326 0.527049
17 3 4 261 327 -1
18 0 1 62 128 0.425573
18 0 1 62 129 0.954809
18 0 1 62 130 -1
18 0 1 62 131 -1
18 0 1 63 128 0.469525
18 0 1 63 129 0.605793
18 0 1 63 130 -1
18 0 1 63 131 -1
18 0 1 64 128 0.104901
18 0 1 64 129 -1
18 0 1 64 130 0.059252
18 0 1 64 131 0.446441
18 0 2 62 196 0.194917
18 0 2 62 197 0.937021
18 0 2 62 198 -1
18 0 2 63 196 -1
18 0 2 63 197 -1
18 0 2 63 198 -1
18 0 2 64 196 -1
18 0 2 64 197 -1
18 0 2 64 198 0.351882
18 0 3 62 262 -1
18 0 3 62 263 -1
18 0 3 62 264 0.838368
18 0 3 63 262 -1
18 0 3 63 263 -1
18 0 3 63 264 -1
18 0 3 64 262 -1
18 0 3 64 263 0.738677
18 0 3 64 264 -1
18 0 4 62 328 0.818323
18 0 4 62 329 -1
18 0 4 62 330 0.471555
18 0 4 62 331 -1
18 0 4 63 328 -1
18 0 4 63 329 -1
18 0 4 63 330 -1
18 0 4 63 331 -1
18 0 4 64 328 0.490151
18 0 4 64 329 -1
18 0 4 64 330 0.775053
18 0 4 64 331 -1
18 1 2 128 196 0.522097
18 1 2 128 197 -1
18 1 2 128 198 -1
18 1 2 129 196 -1
18 1 2 129 197 0.99305
18 1 2 129 198 0.15156
18 1 2 130 196 0.550497
18 1 2 130 197 -1
18 1 2 130 198 -1
18 1 2 131 196 -1
18 1 2 131 197 -1
18 1 2 131 198 0.884022
18 1 3 128 262 -1
18 1 3 128 263 -1
18 1 3 128 264 -1
18 1 3 129 262 -1
18 1 3 129 263 0.856274
18 1 3 129 264 0.968293
18 1 3 130 262 -1
18 1 3 130 263 -1
18 1 3 130 264 -1
18 1 3 131 262 -1
18 1 3 131 263 0.975543
18 1 3 131 264 0.810296
18 1 4 128 328 -1
18 1 4 128 329 0.180603
18 1 4 128 330 -1
18 1 4 128 331 0.982365
18 1 4 129 328 -1
18 1 4 129 329 -1
18 1 4 129 330 0.459099
18 1 4 129 331 -1
18 1 4 130 328 -1
18 1 4 130 329 0.79599
18 1 4 130 330 -1
18 1 4 130 331 0.0647725
18 1 4 131 328 0.965381
18 1 4 131 329 -1
18 1 4 131 330 -1
18 1 4 131 331 -1
18 2 3 196 262 0.0874418
18 2 3 196 263 -1
18 2 3 196 264 -1
18 2 3 197 262 -1
18 2 3 197 263 -1
18 2 3 197 264 0.951293
18 2 3 198 262 -1
18 2 3 198 263 0.804122
18 2 3 198 264 -1
18 2 4 196 328 -1
18 2 4 196 329 0.668547
18 2 4 196 330 -1
18 2 4 196 331 -1
18 2 4 197 328 -1
18 2 4 197 329 -1
18 2 4 197 330 0.701768
18 2 4 197 331 -1
18 2 4 198 328 0.928799
18 2 4 198 329 -1
18 2 4 198 330 -1
18 2 4 198 331 -1
18 3 4 262 328 -1
18 3 4 262 329 -1
18 3 4 262 330 -1
18 3 4 262 331 -1
18 3 4 263 328 0.893437
18 3 4 263 329 0.0672489
18 3 4 263 330 -1
18 3 4 263 331 -1
18 3 4 264 328 -1
18 3 4 264 329 -1
18 3 4 264 330 0.908462
18 3 4 264 331 0.721323
end of Frame 264
