J OverallIdx viewIdx joint种类0-18(jointIdx) 该joint在图中的顺序(candidix) x y score
0 0 0 0 395.48 377.405 0.629392
1 0 0 1 731.875 396.478 0.690535
2 0 0 2 196.355 415.389 0.585607
3 0 0 3 549.762 485.012 0.474247
4 0 1 0 190.846 196.066 0.772837
5 0 1 1 381.391 204.523 0.731349
6 0 1 2 558.051 210.86 0.836366
7 0 1 3 734.728 210.961 0.838499
8 0 2 0 364.583 377.481 0.599422
9 0 2 1 689.882 398.506 0.642712
10 0 2 2 173.889 415.452 0.577118
11 0 2 3 614.211 482.915 0.470209
12 0 3 0 434.721 375.369 0.626303
13 0 3 1 773.902 396.477 0.694328
14 0 3 2 221.571 413.318 0.516529
15 0 3 3 490.772 489.207 0.442385
16 0 4 0 389.798 130.728 0.888605
17 0 4 1 260.92 139.107 0.827099
18 0 4 2 703.866 158.09 0.879773
19 0 5 0 173.942 198.207 0.798535
20 0 5 1 325.436 208.776 0.831839
21 0 5 2 650.656 215.06 0.701033
22 0 6 0 213.141 193.993 0.722294
23 0 6 1 473.928 206.631 0.709539
24 0 6 2 796.311 210.879 0.870361
25 0 7 0 364.585 514.579 0.733381
26 0 7 1 692.633 533.518 0.607917
27 0 7 2 193.499 586.225 0.638001
28 0 7 3 639.488 681.144 0.732186
29 0 8 0 415.184 512.393 0.642735
30 0 8 1 760.015 546.11 0.683019
31 0 8 2 210.352 582.023 0.629193
32 0 8 3 482.265 668.481 0.723102
33 0 9 0 622.519 124.345 0.87719
34 0 9 1 204.682 120.192 0.822944
35 0 9 2 347.618 139.162 0.873226
36 0 10 0 546.711 122.263 0.850732
37 0 10 1 751.549 141.335 0.968157
38 0 11 0 325.147 299.482 0.81679
39 0 11 1 109.407 310.011 0.838144
40 0 11 2 692.627 354.283 0.627646
41 0 12 0 818.954 311.999 0.846053
42 0 12 1 395.368 318.452 0.792072
43 0 13 0 358.972 645.244 0.668221
44 0 13 1 681.495 670.556 0.429612
45 0 13 2 145.967 748.547 0.712673
46 0 14 0 392.559 619.98 0.667508
47 0 14 1 748.685 672.659 0.726022
48 0 14 2 193.508 723.311 0.751963
49 0 15 0 701.062 326.801 0.182075
50 0 15 1 207.487 377.496 0.817912
51 0 15 2 350.531 388.03 0.799517
52 0 16 0 457.139 307.857 0.176438
53 0 16 1 818.796 394.352 0.879544
54 0 17 0 392.674 668.497 0.385931
55 0 17 1 793.535 723.251 0.731876
56 0 17 2 266.383 736.011 0.760029
57 0 18 0 367.39 674.751 0.672048
58 0 18 1 210.355 752.898 0.30179
59 1 0 0 465.515 362.628 0.416399
60 1 0 1 712.294 379.481 0.724298
61 1 0 2 527.252 396.471 0.743869
62 1 0 3 858.118 413.259 0.675697
63 1 1 0 532.799 225.655 0.865984
64 1 1 1 482.32 225.63 0.556333
65 1 1 2 863.724 246.694 0.901941
66 1 1 3 706.632 255.157 0.840569
67 1 2 0 471.156 362.672 0.527992
68 1 2 1 684.228 379.542 0.74451
69 1 2 2 555.342 398.58 0.652637
70 1 2 3 886.043 413.292 0.667039
71 1 3 0 748.632 377.476 0.724646
72 1 3 1 501.9 394.312 0.663784
73 1 3 2 827.245 413.259 0.670467
74 1 4 0 524.401 175.071 0.812562
75 1 4 1 594.591 177.021 0.840083
76 1 4 2 706.686 210.848 0.940161
77 1 4 3 799.175 210.804 0.190403
78 1 5 0 572.259 225.62 0.882488
79 1 5 1 479.552 227.685 0.79175
80 1 5 2 902.951 248.863 0.803548
81 1 5 3 661.945 253.024 0.846215
82 1 6 0 499.081 225.559 0.833107
83 1 6 1 824.516 244.629 0.876304
84 1 6 2 748.802 255.156 0.745119
85 1 7 0 485.237 440.734 0.28972
86 1 7 1 689.93 476.529 0.622829
87 1 7 2 863.803 529.331 0.865236
88 1 7 3 569.354 533.477 0.773577
89 1 8 0 751.43 468.113 0.637599
90 1 8 1 496.331 497.615 0.69939
91 1 8 2 818.815 535.626 0.825217
92 1 9 0 571.974 162.358 0.900399
93 1 9 1 482.407 177.083 0.934779
94 1 9 2 863.796 196.129 0.156696
95 1 9 3 684.324 208.74 0.690032
96 1 10 0 818.994 196.076 0.932188
97 1 10 1 731.952 208.697 0.322973
98 1 11 0 459.891 314.234 0.226578
99 1 11 1 574.928 312.06 0.886744
100 1 11 2 642.266 312.163 0.796398
101 1 12 0 465.533 314.296 0.795994
102 1 12 1 782.431 312.012 0.857193
103 1 13 0 701.126 560.908 0.504869
104 1 13 1 462.777 567.263 0.23934
105 1 13 2 866.626 632.578 0.826009
106 1 13 3 560.897 670.562 0.733987
107 1 14 0 751.693 554.589 0.490359
108 1 14 1 468.341 581.96 0.431563
109 1 14 2 830.085 662.11 0.760304
110 1 14 3 504.837 657.942 0.751971
111 1 15 0 619.783 366.943 0.780697
112 1 16 0 726.324 310.009 0.897014
113 1 16 1 507.544 364.839 0.487996
114 1 17 0 771.24 565.145 0.224815
115 1 17 1 462.778 592.546 0.244053
116 1 17 2 527.331 651.558 0.202688
117 1 17 3 790.783 664.223 0.827725
118 1 18 0 706.714 573.583 0.205525
119 1 18 1 846.887 624.186 0.180928
120 1 18 2 605.687 666.303 0.635582
121 2 0 0 473.957 198.248 0.423219
122 2 0 1 785.21 312.065 0.513886
123 2 0 2 426.317 345.852 0.670702
124 2 0 3 678.675 436.491 0.664614
125 2 1 0 482.344 73.7179 0.841593
126 2 1 1 816.138 162.346 0.710796
127 2 1 2 431.832 187.641 0.809401
128 2 1 3 701.114 274.086 0.83008
129 2 2 0 443.09 198.2 0.338774
130 2 2 1 799.205 312.073 0.471859
131 2 2 2 459.975 347.984 0.673527
132 2 2 3 712.27 440.7 0.657168
133 2 3 0 501.906 200.307 0.500444
134 2 3 1 774.028 312.1 0.573695
135 2 3 2 392.696 343.747 0.720573
136 2 3 3 639.406 434.437 0.697545
137 2 4 0 527.143 42.1585 0.921468
138 2 4 1 754.423 126.588 0.880681
139 2 5 0 443.171 73.7213 0.721999
140 2 5 1 816.067 156.005 0.589972
141 2 5 2 482.385 194.045 0.852778
142 2 5 3 759.968 272.021 0.801591
143 2 6 0 518.836 69.5716 0.733428
144 2 6 1 816.052 174.934 0.848465
145 2 6 2 372.954 177.092 0.874068
146 2 6 3 639.434 274.067 0.849006
147 2 7 0 751.676 396.448 0.177871
148 2 7 1 457.005 459.69 0.827689
149 2 7 2 689.96 546.075 0.804685
150 2 8 0 765.554 413.284 0.601701
151 2 8 1 395.391 440.681 0.814947
152 2 8 2 617.014 541.944 0.832827
153 2 9 0 485.205 25.3263 0.933103
154 2 9 1 462.774 126.604 0.884414
155 2 9 2 732.052 191.916 0.839573
156 2 10 0 796.308 111.71 0.937691
157 2 10 1 412.222 120.163 0.205703
158 2 10 2 659.025 191.924 0.831712
159 2 11 0 415.149 126.521 0.355458
160 2 11 1 502.027 284.7 0.787158
161 2 11 2 774.062 366.967 0.80699
162 2 12 0 513.155 128.632 0.707471
163 2 12 1 815.937 259.393 0.880132
164 2 12 2 347.86 263.598 0.856432
165 2 12 3 611.395 383.789 0.775939
166 2 13 0 751.659 482.953 0.26154
167 2 13 1 437.517 560.882 0.809238
168 2 13 2 684.36 643.112 0.798978
169 2 14 0 776.758 499.776 0.849869
170 2 14 1 375.768 541.936 0.769231
171 2 14 2 611.252 641.022 0.737818
172 2 15 0 516.016 356.395 0.761099
173 2 15 1 706.677 364.888 0.515166
174 2 16 0 532.788 177.205 0.851511
175 2 16 1 734.75 261.427 0.593376
176 2 16 2 356.175 328.949 0.874441
177 2 16 3 614.177 404.842 0.383689
178 2 17 0 745.955 503.995 0.715965
179 2 17 1 381.362 544.023 0.454427
180 2 17 2 600.159 628.413 0.378682
181 2 18 0 434.625 558.816 0.547748
182 2 18 1 675.798 632.647 0.489069
183 3 0 0 527.158 312.175 0.746577
184 3 0 1 227.134 347.941 0.524496
185 3 0 2 661.723 356.369 0.710749
186 3 0 3 434.65 379.533 0.667299
187 3 1 0 415.191 177.167 0.899746
188 3 1 1 659.082 183.488 0.838374
189 3 1 2 213.086 187.645 0.67063
190 3 1 3 521.541 194.032 0.763908
191 3 2 0 504.695 314.22 0.699201
192 3 2 1 215.961 350.078 0.660396
193 3 2 2 678.693 352.153 0.603983
194 3 2 3 471.079 377.49 0.600594
195 3 3 0 549.583 312.11 0.763077
196 3 3 1 235.568 345.862 0.447472
197 3 3 2 642.153 360.515 0.713997
198 3 3 3 392.654 379.594 0.655196
199 3 4 0 594.363 137.06 0.581188
200 3 4 1 260.934 143.472 0.907566
201 3 4 2 501.986 153.91 0.607151
202 3 5 0 479.594 183.453 0.83844
203 3 5 1 681.429 181.31 0.809805
204 3 5 2 207.528 191.815 0.80778
205 3 6 0 358.988 177.19 0.835174
206 3 6 1 216.021 181.37 0.573915
207 3 6 2 639.315 187.704 0.861696
208 3 6 3 552.42 193.883 0.865264
209 3 7 0 510.397 411.188 0.527564
210 3 7 1 235.665 466.075 0.770636
211 3 7 2 664.731 466.087 0.795801
212 3 7 3 459.808 512.432 0.816467
213 3 8 0 555.258 415.433 0.767244
214 3 8 1 238.445 463.991 0.393183
215 3 8 2 639.452 482.856 0.845074
216 3 8 3 370.214 512.397 0.851718
217 3 9 0 454.316 101.239 0.705451
218 3 9 1 218.735 137.036 0.835118
219 3 9 2 482.288 143.456 0.268432
220 3 10 0 378.605 103.304 0.684892
221 3 10 1 616.924 126.504 0.970943
222 3 10 2 527.221 145.45 0.647454
223 3 11 0 715.11 263.606 0.811286
224 3 11 1 504.799 276.244 0.738226
225 3 11 2 193.472 278.379 0.908893
226 3 12 0 594.463 255.109 0.875096
227 3 12 1 661.831 282.531 0.893387
228 3 12 2 339.353 290.978 0.726556
229 3 13 0 527.247 497.755 0.739975
230 3 13 1 235.66 577.734 0.677454
231 3 13 2 689.951 586.272 0.766773
232 3 13 3 454.314 649.55 0.751612
233 3 14 0 591.736 506.092 0.816409
234 3 14 1 235.646 569.343 0.349025
235 3 14 2 656.19 605.229 0.770992
236 3 14 3 392.56 653.679 0.715777
237 3 15 0 670.22 307.845 0.445306
238 3 15 1 482.381 345.891 0.510529
239 3 15 2 229.996 358.462 0.842358
240 3 16 0 555.241 253.065 0.811046
241 3 16 1 614.099 341.624 0.867973
242 3 16 2 325.353 390.07 0.776343
243 3 17 0 560.825 533.518 0.75018
244 3 17 1 299.995 584.08 0.24473
245 3 17 2 594.622 613.605 0.873876
246 3 17 3 367.41 664.209 0.405601
247 3 18 0 507.552 529.221 0.598084
248 3 18 1 300.022 586.218 0.625635
249 3 18 2 417.799 647.312 0.361013
250 4 0 0 709.464 276.246 0.574007
251 4 0 1 740.345 293.056 0.5826
252 4 0 2 372.978 350.046 0.547558
253 4 1 0 771.269 109.615 0.796961
254 4 1 1 367.345 126.452 0.889839
255 4 1 2 703.912 128.581 0.891847
256 4 2 0 678.642 269.932 0.647557
257 4 2 1 729.042 293.097 0.530538
258 4 2 2 420.672 350.049 0.560051
259 4 3 0 751.619 293.075 0.624183
260 4 3 1 325.376 347.984 0.578214
261 4 4 0 703.942 39.9645 0.719484
262 4 4 1 658.906 80.1895 0.854663
263 4 5 0 748.727 107.517 0.686178
264 4 5 1 437.327 124.451 0.844752
265 4 5 2 664.603 128.61 0.889258
266 4 6 0 796.361 111.735 0.801903
267 4 6 1 299.974 126.444 0.859337
268 4 6 2 734.789 126.631 0.751255
269 4 7 0 670.273 381.686 0.718833
270 4 7 1 729.213 451.287 0.596785
271 4 7 2 417.832 529.254 0.784732
272 4 8 0 706.674 387.99 0.188411
273 4 8 1 734.695 459.702 0.710158
274 4 8 2 350.506 518.78 0.763239
275 4 9 0 415.039 44.2905 0.842171
276 4 10 0 743.098 33.7496 0.796975
277 4 10 1 347.59 42.1526 0.510051
278 4 10 2 698.266 75.792 0.88191
279 4 11 0 673.09 191.84 0.737488
280 4 11 1 462.727 250.971 0.853359
281 4 12 0 802.063 227.754 0.773622
282 4 12 1 280.431 248.837 0.847811
283 4 13 0 684.353 480.827 0.774792
284 4 13 1 754.306 581.96 0.810992
285 4 13 2 420.662 664.225 0.739276
286 4 14 0 793.608 598.834 0.822469
287 4 14 1 381.339 662.162 0.712829
288 4 15 0 650.588 231.99 0.766094
289 4 15 1 703.771 284.702 0.245674
290 4 15 2 499.15 345.803 0.88145
291 4 16 0 779.574 331.064 0.765589
292 4 16 1 283.304 339.498 0.778859
293 4 17 0 737.517 632.546 0.772345
294 4 17 1 328.173 662.112 0.724976
295 4 18 0 639.498 510.257 0.764489
296 4 18 1 706.7 609.387 0.768414
297 4 18 2 457.145 649.52 0.362131
P viewIdx, pafIdx, aOverAllIdx, bOverAllIdx, CandidAIdx, CandidBIdx, score
0 0 4 0 0 0 0
0 0 4 1 0 1 0
0 0 4 2 0 2 0.928526
0 0 4 3 0 3 0
0 0 5 0 1 0 0.957436
0 0 5 1 1 1 0
0 0 5 2 1 2 0
0 0 5 3 1 3 0
0 0 6 0 2 0 0
0 0 6 1 2 1 0
0 0 6 2 2 2 0
0 0 6 3 2 3 0.987464
0 0 7 0 3 0 0
0 0 7 1 3 1 0.98889
0 0 7 2 3 2 0
0 0 7 3 3 3 0
0 1 8 25 0 0 0.975399
0 1 8 26 0 1 0
0 1 8 27 0 2 0
0 1 8 28 0 3 0
0 1 9 25 1 0 0
0 1 9 26 1 1 0.30046
0 1 9 27 1 2 0
0 1 9 28 1 3 0.258481
0 1 10 25 2 0 0
0 1 10 26 2 1 0
0 1 10 27 2 2 0.960239
0 1 10 28 2 3 0
0 1 11 25 3 0 0
0 1 11 26 3 1 0.256715
0 1 11 27 3 2 0
0 1 11 28 3 3 0.29964
0 2 25 43 0 0 0.979414
0 2 25 44 0 1 0
0 2 25 45 0 2 0
0 2 26 43 1 0 0
0 2 26 44 1 1 0.898557
0 2 26 45 1 2 0
0 2 27 43 2 0 0
0 2 27 44 2 1 0
0 2 27 45 2 2 0.951279
0 2 28 43 3 0 0
0 2 28 44 3 1 0
0 2 28 45 3 2 0
0 3 0 8 0 0 0.923252
0 3 0 9 0 1 0
0 3 0 10 0 2 0
0 3 0 11 0 3 0
0 3 1 8 1 0 0
0 3 1 9 1 1 0.929308
0 3 1 10 1 2 0
0 3 1 11 1 3 0
0 3 2 8 2 0 0
0 3 2 9 2 1 0
0 3 2 10 2 2 0.895731
0 3 2 11 2 3 0
0 3 3 8 3 0 0
0 3 3 9 3 1 0
0 3 3 10 3 2 0
0 3 3 11 3 3 0.850633
0 4 0 12 0 0 0.923496
0 4 0 13 0 1 0
0 4 0 14 0 2 0
0 4 0 15 0 3 0
0 4 1 12 1 0 0
0 4 1 13 1 1 0.924957
0 4 1 14 1 2 0
0 4 1 15 1 3 0
0 4 2 12 2 0 0
0 4 2 13 2 1 0
0 4 2 14 2 2 0.893649
0 4 2 15 2 3 0
0 4 3 12 3 0 0
0 4 3 13 3 1 0
0 4 3 14 3 2 0
0 4 3 15 3 3 0.847003
0 5 12 29 0 0 0.305789
0 5 12 30 0 1 0
0 5 12 31 0 2 0
0 5 12 32 0 3 0.262449
0 5 13 29 1 0 0
0 5 13 30 1 1 0.966612
0 5 13 31 1 2 0
0 5 13 32 1 3 0
0 5 14 29 2 0 0
0 5 14 30 2 1 0
0 5 14 31 2 2 0.943385
0 5 14 32 2 3 0
0 5 15 29 3 0 0.259273
0 5 15 30 3 1 0
0 5 15 31 3 2 0
0 5 15 32 3 3 0.305685
0 6 29 46 0 0 0.969561
0 6 29 47 0 1 0
0 6 29 48 0 2 0
0 6 30 46 1 0 0
0 6 30 47 1 1 0.986268
0 6 30 48 1 2 0
0 6 31 46 2 0 0
0 6 31 47 2 1 0
0 6 31 48 2 2 0.980121
0 6 32 46 3 0 0
0 6 32 47 3 1 0
0 6 32 48 3 2 0
0 7 4 19 0 0 0.936675
0 7 4 20 0 1 0
0 7 4 21 0 2 0
0 7 5 19 1 0 0
0 7 5 20 1 1 0.971742
0 7 5 21 1 2 0
0 7 6 19 2 0 0
0 7 6 20 2 1 0
0 7 6 21 2 2 0.976515
0 7 7 19 3 0 0
0 7 7 20 3 1 0
0 7 7 21 3 2 0
0 8 19 38 0 0 0
0 8 19 39 0 1 0.954956
0 8 19 40 0 2 0
0 8 20 38 1 0 0.989192
0 8 20 39 1 1 0
0 8 20 40 1 2 0
0 8 21 38 2 0 0
0 8 21 39 2 1 0
0 8 21 40 2 2 0.981558
0 9 38 49 0 0 0
0 9 38 50 0 1 0
0 9 38 51 0 2 0.997393
0 9 39 49 1 0 0
0 9 39 50 1 1 0.999724
0 9 39 51 1 2 0
0 9 40 49 2 0 0
0 9 40 50 2 1 0
0 9 40 51 2 2 0
0 10 19 33 0 0 0
0 10 19 34 0 1 0.970256
0 10 19 35 0 2 0
0 10 20 33 1 0 0
0 10 20 34 1 1 0
0 10 20 35 1 2 0.970373
0 10 21 33 2 0 0.990466
0 10 21 34 2 1 0
0 10 21 35 2 2 0
0 11 4 22 0 0 0.941327
0 11 4 23 0 1 0
0 11 4 24 0 2 0
0 11 5 22 1 0 0
0 11 5 23 1 1 0
0 11 5 24 1 2 0
0 11 6 22 2 0 0
0 11 6 23 2 1 0.983381
0 11 6 24 2 2 0
0 11 7 22 3 0 0
0 11 7 23 3 1 0
0 11 7 24 3 2 0.989146
0 12 22 41 0 0 0
0 12 22 42 0 1 0
0 12 23 41 1 0 0
0 12 23 42 1 1 0.952144
0 12 24 41 2 0 0.99042
0 12 24 42 2 1 0
0 13 41 52 0 0 0
0 13 41 53 0 1 0.998604
0 13 42 52 1 0 0.773985
0 13 42 53 1 1 0
0 14 22 36 0 0 0
0 14 22 37 0 1 0
0 14 23 36 1 0 0.987099
0 14 23 37 1 1 0
0 14 24 36 2 0 0
0 14 24 37 2 1 0.991509
0 15 4 16 0 0 0
0 15 4 17 0 1 0.939242
0 15 4 18 0 2 0
0 15 5 16 1 0 0.964601
0 15 5 17 1 1 0
0 15 5 18 1 2 0
0 15 6 16 2 0 0
0 15 6 17 2 1 0
0 15 6 18 2 2 0
0 15 7 16 3 0 0
0 15 7 17 3 1 0
0 15 7 18 3 2 0.997173
0 16 46 54 0 0 0.892234
0 16 46 55 0 1 0
0 16 46 56 0 2 0
0 16 47 54 1 0 0
0 16 47 55 1 1 0.994694
0 16 47 56 1 2 0
0 16 48 54 2 0 0
0 16 48 55 2 1 0
0 16 48 56 2 2 0.995159
0 17 43 57 0 0 0.955774
0 17 43 58 0 1 0
0 17 44 57 1 0 0
0 17 44 58 1 1 0
0 17 45 57 2 0 0
0 17 45 58 2 1 0.925872
1 0 63 59 0 0 0
1 0 63 60 0 1 0
1 0 63 61 0 2 0.549086
1 0 63 62 0 3 0
1 0 64 59 1 0 0.51126
1 0 64 60 1 1 0
1 0 64 61 1 2 0.269681
1 0 64 62 1 3 0
1 0 65 59 2 0 0
1 0 65 60 2 1 0
1 0 65 61 2 2 0
1 0 65 62 2 3 0.980948
1 0 66 59 3 0 0
1 0 66 60 3 1 0.98848
1 0 66 61 3 2 0
1 0 66 62 3 3 0
1 1 67 85 0 0 0.51097
1 1 67 86 0 1 0
1 1 67 87 0 2 0
1 1 67 88 0 3 0.273463
1 1 68 85 1 0 0
1 1 68 86 1 1 0.969141
1 1 68 87 1 2 0
1 1 68 88 1 3 0
1 1 69 85 2 0 0
1 1 69 86 2 1 0
1 1 69 87 2 2 0
1 1 69 88 2 3 0.540166
1 1 70 85 3 0 0
1 1 70 86 3 1 0
1 1 70 87 3 2 0.980481
1 1 70 88 3 3 0
1 2 85 103 0 0 0
1 2 85 104 0 1 0.740486
1 2 85 105 0 2 0
1 2 85 106 0 3 0
1 2 86 103 1 0 0.914836
1 2 86 104 1 1 0
1 2 86 105 1 2 0
1 2 86 106 1 3 0
1 2 87 103 2 0 0
1 2 87 104 2 1 0
1 2 87 105 2 2 0.999383
1 2 87 106 2 3 0
1 2 88 103 3 0 0
1 2 88 104 3 1 0
1 2 88 105 3 2 0
1 2 88 106 3 3 0.97478
1 3 59 67 0 0 0.467434
1 3 59 68 0 1 0
1 3 59 69 0 2 0.306541
1 3 59 70 0 3 0
1 3 60 67 1 0 0
1 3 60 68 1 1 0.947605
1 3 60 69 1 2 0
1 3 60 70 1 3 0
1 3 61 67 2 0 0
1 3 61 68 2 1 0
1 3 61 69 2 2 0.53369
1 3 61 70 2 3 0
1 3 62 67 3 0 0
1 3 62 68 3 1 0
1 3 62 69 3 2 0
1 3 62 70 3 3 0.928481
1 4 59 71 0 0 0
1 4 59 72 0 1 0
1 4 59 73 0 2 0
1 4 60 71 1 0 0.954158
1 4 60 72 1 1 0
1 4 60 73 1 2 0
1 4 61 71 2 0 0
1 4 61 72 2 1 0.92492
1 4 61 73 2 2 0
1 4 62 71 3 0 0
1 4 62 72 3 1 0
1 4 62 73 3 2 0.932447
1 5 71 89 0 0 0.968559
1 5 71 90 0 1 0
1 5 71 91 0 2 0
1 5 72 89 1 0 0
1 5 72 90 1 1 0.990576
1 5 72 91 1 2 0
1 5 73 89 2 0 0
1 5 73 90 2 1 0
1 5 73 91 2 2 0.978116
1 6 89 107 0 0 0.510002
1 6 89 108 0 1 0
1 6 89 109 0 2 0.261163
1 6 89 110 0 3 0
1 6 90 107 1 0 0
1 6 90 108 1 1 0.470082
1 6 90 109 1 2 0
1 6 90 110 1 3 0.529918
1 6 91 107 2 0 0
1 6 91 108 2 1 0
1 6 91 109 2 2 0.532476
1 6 91 110 2 3 0
1 7 63 78 0 0 0.518856
1 7 63 79 0 1 0
1 7 63 80 0 2 0
1 7 63 81 0 3 0
1 7 64 78 1 0 0.300219
1 7 64 79 1 1 0.426953
1 7 64 80 1 2 0
1 7 64 81 1 3 0
1 7 65 78 2 0 0
1 7 65 79 2 1 0
1 7 65 80 2 2 0.996701
1 7 65 81 2 3 0
1 7 66 78 3 0 0
1 7 66 79 3 1 0
1 7 66 80 3 2 0
1 7 66 81 3 3 0.972465
1 8 78 98 0 0 0
1 8 78 99 0 1 0.996605
1 8 78 100 0 2 0
1 8 79 98 1 0 0.854429
1 8 79 99 1 1 0
1 8 79 100 1 2 0
1 8 80 98 2 0 0
1 8 80 99 2 1 0
1 8 80 100 2 2 0
1 8 81 98 3 0 0
1 8 81 99 3 1 0
1 8 81 100 3 2 0.946333
1 9 98 111 0 0 0
1 9 99 111 1 0 0.511847
1 9 100 111 2 0 0.488153
1 10 78 92 0 0 0.995889
1 10 78 93 0 1 0
1 10 78 94 0 2 0
1 10 78 95 0 3 0
1 10 79 92 1 0 0
1 10 79 93 1 1 0.97312
1 10 79 94 1 2 0
1 10 79 95 1 3 0
1 10 80 92 2 0 0
1 10 80 93 2 1 0
1 10 80 94 2 2 0.74909
1 10 80 95 2 3 0
1 10 81 92 3 0 0
1 10 81 93 3 1 0
1 10 81 94 3 2 0
1 10 81 95 3 3 0.898686
1 11 63 82 0 0 0.972418
1 11 63 83 0 1 0
1 11 63 84 0 2 0
1 11 64 82 1 0 0
1 11 64 83 1 1 0
1 11 64 84 1 2 0
1 11 65 82 2 0 0
1 11 65 83 2 1 0.998422
1 11 65 84 2 2 0
1 11 66 82 3 0 0
1 11 66 83 3 1 0
1 11 66 84 3 2 0.973127
1 12 82 101 0 0 0.961698
1 12 82 102 0 1 0
1 12 83 101 1 0 0
1 12 83 102 1 1 0.950996
1 12 84 101 2 0 0
1 12 84 102 2 1 0
1 13 101 112 0 0 0
1 13 101 113 0 1 0.975731
1 13 102 112 1 0 0.993293
1 13 102 113 1 1 0
1 14 82 96 0 0 0
1 14 82 97 0 1 0
1 14 83 96 1 0 0.994242
1 14 83 97 1 1 0
1 14 84 96 2 0 0
1 14 84 97 2 1 0.807995
1 15 63 74 0 0 0.283378
1 15 63 75 0 1 0.306171
1 15 63 76 0 2 0
1 15 63 77 0 3 0
1 15 64 74 1 0 0.308243
1 15 64 75 1 1 0.283975
1 15 64 76 1 2 0
1 15 64 77 1 3 0
1 15 65 74 2 0 0
1 15 65 75 2 1 0
1 15 65 76 2 2 0
1 15 65 77 2 3 0.760008
1 15 66 74 3 0 0
1 15 66 75 3 1 0
1 15 66 76 3 2 0.979593
1 15 66 77 3 3 0
1 16 107 114 0 0 0.704255
1 16 107 115 0 1 0
1 16 107 116 0 2 0
1 16 107 117 0 3 0
1 16 108 114 1 0 0
1 16 108 115 1 1 0.684255
1 16 108 116 1 2 0
1 16 108 117 1 3 0
1 16 109 114 2 0 0
1 16 109 115 2 1 0
1 16 109 116 2 2 0
1 16 109 117 2 3 0.985911
1 16 110 114 3 0 0
1 16 110 115 3 1 0
1 16 110 116 3 2 0.807862
1 16 110 117 3 3 0
1 17 103 118 0 0 0.781668
1 17 103 119 0 1 0
1 17 103 120 0 2 0
1 17 104 118 1 0 0
1 17 104 119 1 1 0
1 17 104 120 1 2 0
1 17 105 118 2 0 0
1 17 105 119 2 1 0.780946
1 17 105 120 2 2 0
1 17 106 118 3 0 0
1 17 106 119 3 1 0
1 17 106 120 3 2 0.925611
2 0 125 121 0 0 0.301239
2 0 125 122 0 1 0
2 0 125 123 0 2 0.260996
2 0 125 124 0 3 0
2 0 126 121 1 0 0
2 0 126 122 1 1 0.92494
2 0 126 123 1 2 0
2 0 126 124 1 3 0
2 0 127 121 2 0 0.256323
2 0 127 122 2 1 0
2 0 127 123 2 2 0.300298
2 0 127 124 2 3 0
2 0 128 121 3 0 0
2 0 128 122 3 1 0
2 0 128 123 3 2 0
2 0 128 124 3 3 0.990956
2 1 129 147 0 0 0
2 1 129 148 0 1 0
2 1 129 149 0 2 0
2 1 130 147 1 0 0.463565
2 1 130 148 1 1 0
2 1 130 149 1 2 0.292698
2 1 131 147 2 0 0
2 1 131 148 2 1 0.987719
2 1 131 149 2 2 0
2 1 132 147 3 0 0
2 1 132 148 3 1 0
2 1 132 149 3 2 0.524307
2 2 147 166 0 0 0.758424
2 2 147 167 0 1 0
2 2 147 168 0 2 0
2 2 148 166 1 0 0
2 2 148 167 1 1 0.994591
2 2 148 168 1 2 0
2 2 149 166 2 0 0
2 2 149 167 2 1 0
2 2 149 168 2 2 0.990815
2 3 121 129 0 0 0.800121
2 3 121 130 0 1 0
2 3 121 131 0 2 0
2 3 121 132 0 3 0
2 3 122 129 1 0 0
2 3 122 130 1 1 0.840061
2 3 122 131 1 2 0
2 3 122 132 1 3 0
2 3 123 129 2 0 0
2 3 123 130 2 1 0
2 3 123 131 2 2 0.918085
2 3 123 132 2 3 0
2 3 124 129 3 0 0
2 3 124 130 3 1 0
2 3 124 131 3 2 0
2 3 124 132 3 3 0.914967
2 4 121 133 0 0 0.804686
2 4 121 134 0 1 0
2 4 121 135 0 2 0
2 4 121 136 0 3 0
2 4 122 133 1 0 0
2 4 122 134 1 1 0.818886
2 4 122 135 1 2 0
2 4 122 136 1 3 0
2 4 123 133 2 0 0
2 4 123 134 2 1 0
2 4 123 135 2 2 0.935483
2 4 123 136 2 3 0
2 4 124 133 3 0 0
2 4 124 134 3 1 0
2 4 124 135 3 2 0
2 4 124 136 3 3 0.920976
2 5 133 150 0 0 0
2 5 133 151 0 1 0
2 5 133 152 0 2 0
2 5 134 150 1 0 0.957902
2 5 134 151 1 1 0
2 5 134 152 1 2 0
2 5 135 150 2 0 0
2 5 135 151 2 1 0.995478
2 5 135 152 2 2 0
2 5 136 150 3 0 0
2 5 136 151 3 1 0
2 5 136 152 3 2 0.977851
2 6 150 169 0 0 0.986621
2 6 150 170 0 1 0
2 6 150 171 0 2 0
2 6 151 169 1 0 0
2 6 151 170 1 1 0.96606
2 6 151 171 1 2 0
2 6 152 169 2 0 0
2 6 152 170 2 1 0
2 6 152 171 2 2 0.984958
2 7 125 139 0 0 0.975151
2 7 125 140 0 1 0
2 7 125 141 0 2 0
2 7 125 142 0 3 0
2 7 126 139 1 0 0
2 7 126 140 1 1 0.888046
2 7 126 141 1 2 0
2 7 126 142 1 3 0
2 7 127 139 2 0 0
2 7 127 140 2 1 0
2 7 127 141 2 2 0.993656
2 7 127 142 2 3 0
2 7 128 139 3 0 0
2 7 128 140 3 1 0
2 7 128 141 3 2 0
2 7 128 142 3 3 0.983427
2 8 139 159 0 0 0.480036
2 8 139 160 0 1 0.273569
2 8 139 161 0 2 0
2 8 140 159 1 0 0
2 8 140 160 1 1 0
2 8 140 161 1 2 0.456615
2 8 141 159 2 0 0
2 8 141 160 2 1 0.522229
2 8 141 161 2 2 0
2 8 142 159 3 0 0
2 8 142 160 3 1 0
2 8 142 161 3 2 0.543385
2 9 159 172 0 0 0
2 9 159 173 0 1 0
2 9 160 172 1 0 0.998911
2 9 160 173 1 1 0
2 9 161 172 2 0 0
2 9 161 173 2 1 0.900219
2 10 139 153 0 0 0.500725
2 10 139 154 0 1 0
2 10 139 155 0 2 0
2 10 140 153 1 0 0
2 10 140 154 1 1 0
2 10 140 155 1 2 0
2 10 141 153 2 0 0.258066
2 10 141 154 2 1 0.513777
2 10 141 155 2 2 0
2 10 142 153 3 0 0
2 10 142 154 3 1 0
2 10 142 155 3 2 0.98126
2 11 125 143 0 0 0.974838
2 11 125 144 0 1 0
2 11 125 145 0 2 0
2 11 125 146 0 3 0
2 11 126 143 1 0 0
2 11 126 144 1 1 0.909089
2 11 126 145 1 2 0
2 11 126 146 1 3 0
2 11 127 143 2 0 0
2 11 127 144 2 1 0
2 11 127 145 2 2 0.996438
2 11 127 146 2 3 0
2 11 128 143 3 0 0
2 11 128 144 3 1 0
2 11 128 145 3 2 0
2 11 128 146 3 3 0.994454
2 12 143 162 0 0 0.953941
2 12 143 163 0 1 0
2 12 143 164 0 2 0
2 12 143 165 0 3 0
2 12 144 162 1 0 0
2 12 144 163 1 1 0.996471
2 12 144 164 1 2 0
2 12 144 165 1 3 0
2 12 145 162 2 0 0
2 12 145 163 2 1 0
2 12 145 164 2 2 0.96759
2 12 145 165 2 3 0
2 12 146 162 3 0 0
2 12 146 163 3 1 0
2 12 146 164 3 2 0
2 12 146 165 3 3 0.974234
2 13 162 174 0 0 0.982933
2 13 162 175 0 1 0
2 13 162 176 0 2 0
2 13 162 177 0 3 0
2 13 163 174 1 0 0
2 13 163 175 1 1 0.953981
2 13 163 176 1 2 0
2 13 163 177 1 3 0
2 13 164 174 2 0 0
2 13 164 175 2 1 0
2 13 164 176 2 2 0.989135
2 13 164 177 2 3 0
2 13 165 174 3 0 0
2 13 165 175 3 1 0
2 13 165 176 3 2 0
2 13 165 177 3 3 0.89081
2 14 143 156 0 0 0
2 14 143 157 0 1 0
2 14 143 158 0 2 0
2 14 144 156 1 0 0.99886
2 14 144 157 1 1 0
2 14 144 158 1 2 0
2 14 145 156 2 0 0
2 14 145 157 2 1 0.775507
2 14 145 158 2 2 0
2 14 146 156 3 0 0
2 14 146 157 3 1 0
2 14 146 158 3 2 0.989974
2 15 125 137 0 0 0.957788
2 15 125 138 0 1 0
2 15 126 137 1 0 0
2 15 126 138 1 1 0.983518
2 15 127 137 2 0 0
2 15 127 138 2 1 0
2 15 128 137 3 0 0
2 15 128 138 3 1 0
2 16 169 178 0 0 0.95066
2 16 169 179 0 1 0
2 16 169 180 0 2 0
2 16 170 178 1 0 0
2 16 170 179 1 1 0.654219
2 16 170 180 1 2 0
2 16 171 178 2 0 0
2 16 171 179 2 1 0
2 16 171 180 2 2 0.72173
2 17 166 181 0 0 0
2 17 166 182 0 1 0
2 17 167 181 1 0 0.648112
2 17 167 182 1 1 0
2 17 168 181 2 0 0
2 17 168 182 2 1 0.725813
3 0 187 183 0 0 0
3 0 187 184 0 1 0
3 0 187 185 0 2 0
3 0 187 186 0 3 0.983923
3 0 188 183 1 0 0
3 0 188 184 1 1 0
3 0 188 185 1 2 0.97949
3 0 188 186 1 3 0
3 0 189 183 2 0 0
3 0 189 184 2 1 0.902623
3 0 189 185 2 2 0
3 0 189 186 2 3 0
3 0 190 183 3 0 0.968348
3 0 190 184 3 1 0
3 0 190 185 3 2 0
3 0 190 186 3 3 0
3 1 191 209 0 0 0.271044
3 1 191 210 0 1 0
3 1 191 211 0 2 0
3 1 191 212 0 3 0.261541
3 1 192 209 1 0 0
3 1 192 210 1 1 0.957155
3 1 192 211 1 2 0
3 1 192 212 1 3 0
3 1 193 209 2 0 0
3 1 193 210 2 1 0
3 1 193 211 2 2 0.956779
3 1 193 212 2 3 0
3 1 194 209 3 0 0.26104
3 1 194 210 3 1 0
3 1 194 211 3 2 0
3 1 194 212 3 3 0.270859
3 2 209 229 0 0 0.51564
3 2 209 230 0 1 0
3 2 209 231 0 2 0
3 2 209 232 0 3 0.257838
3 2 210 229 1 0 0
3 2 210 230 1 1 0.976676
3 2 210 231 1 2 0
3 2 210 232 1 3 0
3 2 211 229 2 0 0
3 2 211 230 2 1 0
3 2 211 231 2 2 0.976161
3 2 211 232 2 3 0
3 2 212 229 3 0 0
3 2 212 230 3 1 0
3 2 212 231 3 2 0
3 2 212 232 3 3 0.524951
3 3 183 191 0 0 0.943319
3 3 183 192 0 1 0
3 3 183 193 0 2 0
3 3 183 194 0 3 0
3 3 184 191 1 0 0
3 3 184 192 1 1 0.814258
3 3 184 193 1 2 0
3 3 184 194 1 3 0
3 3 185 191 2 0 0
3 3 185 192 2 1 0
3 3 185 193 2 2 0.900752
3 3 185 194 2 3 0
3 3 186 191 3 0 0
3 3 186 192 3 1 0
3 3 186 193 3 2 0
3 3 186 194 3 3 0.899732
3 4 183 195 0 0 0.945546
3 4 183 196 0 1 0
3 4 183 197 0 2 0
3 4 183 198 0 3 0
3 4 184 195 1 0 0
3 4 184 196 1 1 0.812643
3 4 184 197 1 2 0
3 4 184 198 1 3 0
3 4 185 195 2 0 0
3 4 185 196 2 1 0
3 4 185 197 2 2 0.913911
3 4 185 198 2 3 0
3 4 186 195 3 0 0
3 4 186 196 3 1 0
3 4 186 197 3 2 0
3 4 186 198 3 3 0.908042
3 5 195 213 0 0 0.995474
3 5 195 214 0 1 0
3 5 195 215 0 2 0
3 5 195 216 0 3 0
3 5 196 213 1 0 0
3 5 196 214 1 1 0.858715
3 5 196 215 1 2 0
3 5 196 216 1 3 0
3 5 197 213 2 0 0
3 5 197 214 2 1 0
3 5 197 215 2 2 0.981349
3 5 197 216 2 3 0
3 5 198 213 3 0 0
3 5 198 214 3 1 0
3 5 198 215 3 2 0
3 5 198 216 3 3 0.964303
3 6 213 233 0 0 0.2941
3 6 213 234 0 1 0
3 6 213 235 0 2 0.249541
3 6 213 236 0 3 0
3 6 214 233 1 0 0
3 6 214 234 1 1 0.838964
3 6 214 235 1 2 0
3 6 214 236 1 3 0
3 6 215 233 2 0 0.244607
3 6 215 234 2 1 0
3 6 215 235 2 2 0.293725
3 6 215 236 2 3 0
3 6 216 233 3 0 0
3 6 216 234 3 1 0
3 6 216 235 3 2 0
3 6 216 236 3 3 0.992641
3 7 187 202 0 0 0.967772
3 7 187 203 0 1 0
3 7 187 204 0 2 0
3 7 188 202 1 0 0
3 7 188 203 1 1 0.986269
3 7 188 204 1 2 0
3 7 189 202 2 0 0
3 7 189 203 2 1 0
3 7 189 204 2 2 0.871542
3 7 190 202 3 0 0
3 7 190 203 3 1 0
3 7 190 204 3 2 0
3 8 202 223 0 0 0
3 8 202 224 0 1 0.958271
3 8 202 225 0 2 0
3 8 203 223 1 0 0.998433
3 8 203 224 1 1 0
3 8 203 225 1 2 0
3 8 204 223 2 0 0
3 8 204 224 2 1 0
3 8 204 225 2 2 0.981637
3 9 223 237 0 0 0.91175
3 9 223 238 0 1 0
3 9 223 239 0 2 0
3 9 224 237 1 0 0
3 9 224 238 1 1 0.884339
3 9 224 239 1 2 0
3 9 225 237 2 0 0
3 9 225 238 2 1 0
3 9 225 239 2 2 0.998354
3 10 202 217 0 0 0.499999
3 10 202 218 0 1 0
3 10 202 219 0 2 0.500001
3 10 203 217 1 0 0
3 10 203 218 1 1 0
3 10 203 219 1 2 0
3 10 204 217 2 0 0
3 10 204 218 2 1 0.994265
3 10 204 219 2 2 0
3 11 187 205 0 0 0.988897
3 11 187 206 0 1 0
3 11 187 207 0 2 0
3 11 187 208 0 3 0
3 11 188 205 1 0 0
3 11 188 206 1 1 0
3 11 188 207 1 2 0.981384
3 11 188 208 1 3 0
3 11 189 205 2 0 0
3 11 189 206 2 1 0.805518
3 11 189 207 2 2 0
3 11 189 208 2 3 0
3 11 190 205 3 0 0
3 11 190 206 3 1 0
3 11 190 207 3 2 0
3 11 190 208 3 3 0.976751
3 12 205 226 0 0 0
3 12 205 227 0 1 0
3 12 205 228 0 2 0.96623
3 12 206 226 1 0 0
3 12 206 227 1 1 0
3 12 206 228 1 2 0
3 12 207 226 2 0 0
3 12 207 227 2 1 0.518105
3 12 207 228 2 2 0
3 12 208 226 3 0 0.519039
3 12 208 227 3 1 0.250122
3 12 208 228 3 2 0
3 13 226 240 0 0 0.991026
3 13 226 241 0 1 0
3 13 226 242 0 2 0
3 13 227 240 1 0 0
3 13 227 241 1 1 0.986246
3 13 227 242 1 2 0
3 13 228 240 2 0 0
3 13 228 241 2 1 0
3 13 228 242 2 2 0.996632
3 14 205 220 0 0 0.949031
3 14 205 221 0 1 0
3 14 205 222 0 2 0
3 14 206 220 1 0 0
3 14 206 221 1 1 0
3 14 206 222 1 2 0
3 14 207 220 2 0 0
3 14 207 221 2 1 0.998087
3 14 207 222 2 2 0
3 14 208 220 3 0 0
3 14 208 221 3 1 0
3 14 208 222 3 2 0.946666
3 15 187 199 0 0 0
3 15 187 200 0 1 0
3 15 187 201 0 2 0
3 15 188 199 1 0 0.938034
3 15 188 200 1 1 0
3 15 188 201 1 2 0
3 15 189 199 2 0 0
3 15 189 200 2 1 0.917601
3 15 189 201 2 2 0
3 15 190 199 3 0 0
3 15 190 200 3 1 0
3 15 190 201 3 2 0.937666
3 16 233 243 0 0 0.936191
3 16 233 244 0 1 0
3 16 233 245 0 2 0
3 16 233 246 0 3 0
3 16 234 243 1 0 0
3 16 234 244 1 1 0.7854
3 16 234 245 1 2 0
3 16 234 246 1 3 0
3 16 235 243 2 0 0
3 16 235 244 2 1 0
3 16 235 245 2 2 0.990441
3 16 235 246 2 3 0
3 16 236 243 3 0 0
3 16 236 244 3 1 0
3 16 236 245 3 2 0
3 16 236 246 3 3 0.727291
3 17 229 247 0 0 0.874366
3 17 229 248 0 1 0
3 17 229 249 0 2 0
3 17 230 247 1 0 0
3 17 230 248 1 1 0.902884
3 17 230 249 1 2 0
3 17 231 247 2 0 0
3 17 231 248 2 1 0
3 17 231 249 2 2 0
3 17 232 247 3 0 0
3 17 232 248 3 1 0
3 17 232 249 3 2 0.819951
4 0 253 250 0 0 0.261892
4 0 253 251 0 1 0.279516
4 0 253 252 0 2 0
4 0 254 250 1 0 0
4 0 254 251 1 1 0
4 0 254 252 1 2 0.989347
4 0 255 250 2 0 0.279025
4 0 255 251 2 1 0.262236
4 0 255 252 2 2 0
4 1 256 269 0 0 0.276792
4 1 256 270 0 1 0.260964
4 1 256 271 0 2 0
4 1 257 269 1 0 0.260995
4 1 257 270 1 1 0.277044
4 1 257 271 1 2 0
4 1 258 269 2 0 0
4 1 258 270 2 1 0
4 1 258 271 2 2 0.978531
4 2 269 283 0 0 0.282431
4 2 269 284 0 1 0.258224
4 2 269 285 0 2 0
4 2 270 283 1 0 0.256886
4 2 270 284 1 1 0.282527
4 2 270 285 1 2 0
4 2 271 283 2 0 0
4 2 271 284 2 1 0
4 2 271 285 2 2 0.997066
4 3 250 256 0 0 0.502027
4 3 250 257 0 1 0
4 3 250 258 0 2 0
4 3 251 256 1 0 0.268873
4 3 251 257 1 1 0.497804
4 3 251 258 1 2 0
4 3 252 256 2 0 0
4 3 252 257 2 1 0
4 3 252 258 2 2 0.857372
4 4 250 259 0 0 0.498546
4 4 250 260 0 1 0
4 4 251 259 1 0 0.501454
4 4 251 260 1 1 0
4 4 252 259 2 0 0
4 4 252 260 2 1 0.852154
4 5 259 272 0 0 0.467323
4 5 259 273 0 1 0.532677
4 5 259 274 0 2 0
4 5 260 272 1 0 0
4 5 260 273 1 1 0
4 5 260 274 1 2 0.976901
4 6 272 286 0 0 0.490598
4 6 272 287 0 1 0
4 6 273 286 1 0 0.509402
4 6 273 287 1 1 0
4 6 274 286 2 0 0
4 6 274 287 2 1 0.993333
4 7 253 263 0 0 0.508506
4 7 253 264 0 1 0
4 7 253 265 0 2 0.252383
4 7 254 263 1 0 0
4 7 254 264 1 1 0.993136
4 7 254 265 1 2 0
4 7 255 263 2 0 0
4 7 255 264 2 1 0
4 7 255 265 2 2 0.513502
4 8 263 279 0 0 0
4 8 263 280 0 1 0
4 8 264 279 1 0 0
4 8 264 280 1 1 0.992378
4 8 265 279 2 0 0.980396
4 8 265 280 2 1 0
4 9 279 288 0 0 0.526454
4 9 279 289 0 1 0.473546
4 9 279 290 0 2 0
4 9 280 288 1 0 0
4 9 280 289 1 1 0
4 9 280 290 1 2 0.995708
4 10 263 275 0 0 0
4 10 264 275 1 0 0.994042
4 10 265 275 2 0 0
4 11 253 266 0 0 0.504511
4 11 253 267 0 1 0
4 11 253 268 0 2 0
4 11 254 266 1 0 0
4 11 254 267 1 1 0.999928
4 11 254 268 1 2 0
4 11 255 266 2 0 0.253202
4 11 255 267 2 1 0
4 11 255 268 2 2 0.507298
4 12 266 281 0 0 0.556183
4 12 266 282 0 1 0
4 12 267 281 1 0 0
4 12 267 282 1 1 0.990901
4 12 268 281 2 0 0.443817
4 12 268 282 2 1 0
4 13 281 291 0 0 0.969804
4 13 281 292 0 1 0
4 13 282 291 1 0 0
4 13 282 292 1 1 0.993883
4 14 266 276 0 0 0.271609
4 14 266 277 0 1 0
4 14 266 278 0 2 0.250247
4 14 267 276 1 0 0
4 14 267 277 1 1 0.89321
4 14 267 278 1 2 0
4 14 268 276 2 0 0.250303
4 14 268 277 2 1 0
4 14 268 278 2 2 0.271824
4 15 253 261 0 0 0.522923
4 15 253 262 0 1 0.257223
4 15 254 261 1 0 0
4 15 254 262 1 1 0
4 15 255 261 2 0 0
4 15 255 262 2 1 0.539163
4 16 286 293 0 0 0.989111
4 16 286 294 0 1 0
4 16 287 293 1 0 0
4 16 287 294 1 1 0.960559
4 17 283 295 0 0 0.933555
4 17 283 296 0 1 0
4 17 283 297 0 2 0
4 17 284 295 1 0 0
4 17 284 296 1 1 0.954736
4 17 284 297 1 2 0
4 17 285 295 2 0 0
4 17 285 296 2 1 0
4 17 285 297 2 2 0.67471
E jointIdx viewA viewB aOverAllIdx bOverallIdx score
0 0 1 0 59 0.69983
0 0 1 0 60 0.37822
0 0 1 0 61 0.306617
0 0 1 0 62 -1
0 0 1 1 59 -1
0 0 1 1 60 0.628476
0 0 1 1 61 0.6986
0 0 1 1 62 -1
0 0 1 2 59 0.0585179
0 0 1 2 60 0.327933
0 0 1 2 61 0.414145
0 0 1 2 62 0.0757504
0 0 1 3 59 -1
0 0 1 3 60 -0.758869
0 0 1 3 61 -0.955135
0 0 1 3 62 0.957689
0 0 2 0 121 -1
0 0 2 0 122 0.639635
0 0 2 0 123 0.650924
0 0 2 0 124 -1
0 0 2 1 121 0.888531
0 0 2 1 122 -1
0 0 2 1 123 -1
0 0 2 1 124 -1
0 0 2 2 121 -1
0 0 2 2 122 -1
0 0 2 2 123 -1
0 0 2 2 124 0.664719
0 0 2 3 121 -1
0 0 2 3 122 0.728794
0 0 2 3 123 0.797279
0 0 2 3 124 -1
0 0 3 0 183 0.973935
0 0 3 0 184 -1
0 0 3 0 185 -1
0 0 3 0 186 0.465012
0 0 3 1 183 -1
0 0 3 1 184 0.882676
0 0 3 1 185 -1
0 0 3 1 186 -1
0 0 3 2 183 -1
0 0 3 2 184 -1
0 0 3 2 185 0.646339
0 0 3 2 186 -1
0 0 3 3 183 0.487779
0 0 3 3 184 -1
0 0 3 3 185 -1
0 0 3 3 186 0.955849
0 0 4 0 250 0.630416
0 0 4 0 251 0.798278
0 0 4 0 252 -1
0 0 4 1 250 -1
0 0 4 1 251 -1
0 0 4 1 252 0.83846
0 0 4 2 250 0.903578
0 0 4 2 251 0.878294
0 0 4 2 252 -1
0 0 4 3 250 -1
0 0 4 3 251 -1
0 0 4 3 252 -1
0 1 2 59 121 -1
0 1 2 59 122 -1
0 1 2 59 123 0.995006
0 1 2 59 124 0.705547
0 1 2 60 121 0.920877
0 1 2 60 122 0.248863
0 1 2 60 123 -1
0 1 2 60 124 -1
0 1 2 61 121 -1
0 1 2 61 122 -1
0 1 2 61 123 0.657709
0 1 2 61 124 0.944064
0 1 2 62 121 -1
0 1 2 62 122 0.671994
0 1 2 62 123 -1
0 1 2 62 124 -1
0 1 3 59 183 0.179117
0 1 3 59 184 0.201622
0 1 3 59 185 0.279744
0 1 3 59 186 0.323159
0 1 3 60 183 0.7901
0 1 3 60 184 0.902634
0 1 3 60 185 -1
0 1 3 60 186 -1
0 1 3 61 183 -1
0 1 3 61 184 -0.924953
0 1 3 61 185 0.934071
0 1 3 61 186 0.888277
0 1 3 62 183 0.525197
0 1 3 62 184 0.653232
0 1 3 62 185 -1
0 1 3 62 186 -1
0 1 4 59 250 -1
0 1 4 59 251 0.266396
0 1 4 59 252 -1
0 1 4 60 250 -1
0 1 4 60 251 -1
0 1 4 60 252 0.989282
0 1 4 61 250 0.902193
0 1 4 61 251 0.167294
0 1 4 61 252 -1
0 1 4 62 250 -1
0 1 4 62 251 -1
0 1 4 62 252 0.136061
0 2 3 121 183 -1
0 2 3 121 184 0.703414
0 2 3 121 185 -1
0 2 3 121 186 -1
0 2 3 122 183 0.241834
0 2 3 122 184 -1
0 2 3 122 185 -1
0 2 3 122 186 0.0258821
0 2 3 123 183 0.715129
0 2 3 123 184 -1
0 2 3 123 185 -1
0 2 3 123 186 0.713895
0 2 3 124 183 -1
0 2 3 124 184 -1
0 2 3 124 185 0.995199
0 2 3 124 186 -1
0 2 4 121 250 -1
0 2 4 121 251 -1
0 2 4 121 252 0.960913
0 2 4 122 250 -1
0 2 4 122 251 -1
0 2 4 122 252 0.631351
0 2 4 123 250 -1
0 2 4 123 251 0.600115
0 2 4 123 252 -1
0 2 4 124 250 0.832019
0 2 4 124 251 0.0346226
0 2 4 124 252 -1
0 3 4 183 250 0.156355
0 3 4 183 251 -0.970287
0 3 4 183 252 -1
0 3 4 184 250 0.114871
0 3 4 184 251 0.368323
0 3 4 184 252 0.388187
0 3 4 185 250 0.28482
0 3 4 185 251 0.301149
0 3 4 185 252 0.113868
0 3 4 186 250 0.0685623
0 3 4 186 251 0.446821
0 3 4 186 252 0.400898
1 0 1 4 63 0.116984
1 0 1 4 64 0.112533
1 0 1 4 65 0.0722068
1 0 1 4 66 0.0583137
1 0 1 5 63 0.0967818
1 0 1 5 64 0.101379
1 0 1 5 65 0.0834989
1 0 1 5 66 0.0721629
1 0 1 6 63 0.0737029
1 0 1 6 64 0.0757655
1 0 1 6 65 0.094198
1 0 1 6 66 0.102143
1 0 1 7 63 0.0479427
1 0 1 7 64 0.0451441
1 0 1 7 65 0.107917
1 0 1 7 66 0.135192
1 0 2 4 125 -1
1 0 2 4 126 -1
1 0 2 4 127 -1
1 0 2 4 128 0.794881
1 0 2 5 125 -1
1 0 2 5 126 0.157408
1 0 2 5 127 0.853593
1 0 2 5 128 -1
1 0 2 6 125 -1
1 0 2 6 126 0.953548
1 0 2 6 127 -1
1 0 2 6 128 -1
1 0 2 7 125 0.845182
1 0 2 7 126 0.256413
1 0 2 7 127 -1
1 0 2 7 128 -1
1 0 3 4 187 0.0937222
1 0 3 4 188 0.204065
1 0 3 4 189 0.0373029
1 0 3 4 190 0.0706585
1 0 3 5 187 0.120089
1 0 3 5 188 0.0817919
1 0 3 5 189 0.078906
1 0 3 5 190 0.0960912
1 0 3 6 187 0.0859075
1 0 3 6 188 0.0601656
1 0 3 6 189 0.119579
1 0 3 6 190 0.102591
1 0 3 7 187 0.0742904
1 0 3 7 188 0.0545647
1 0 3 7 189 0.133333
1 0 3 7 190 0.103647
1 0 4 4 253 0.298351
1 0 4 4 254 -1
1 0 4 4 255 0.355768
1 0 4 5 253 0.188
1 0 4 5 254 0.0331151
1 0 4 5 255 0.170901
1 0 4 6 253 0.160034
1 0 4 6 254 0.166251
1 0 4 6 255 0.149737
1 0 4 7 253 0.0626345
1 0 4 7 254 0.679191
1 0 4 7 255 0.0564119
1 1 2 63 125 -1
1 1 2 63 126 -1
1 1 2 63 127 0.0989981
1 1 2 63 128 0.966809
1 1 2 64 125 -1
1 1 2 64 126 -1
1 1 2 64 127 0.845475
1 1 2 64 128 0.412936
1 1 2 65 125 -1
1 1 2 65 126 0.901231
1 1 2 65 127 -1
1 1 2 65 128 -1
1 1 2 66 125 0.880557
1 1 2 66 126 -1
1 1 2 66 127 -1
1 1 2 66 128 -1
1 1 3 63 187 0.104695
1 1 3 63 188 0.112927
1 1 3 63 189 0.0599478
1 1 3 63 190 0.0733502
1 1 3 64 187 0.1033
1 1 3 64 188 0.111077
1 1 3 64 189 0.0630368
1 1 3 64 190 0.0737208
1 1 3 65 187 0.0755442
1 1 3 65 188 0.0640432
1 1 3 65 189 0.106959
1 1 3 65 190 0.105645
1 1 3 66 187 0.0628274
1 1 3 66 188 0.0570932
1 1 3 66 189 0.131958
1 1 3 66 190 0.102488
1 1 4 63 253 -1
1 1 4 63 254 -1
1 1 4 63 255 0.980352
1 1 4 64 253 0.795746
1 1 4 64 254 -1
1 1 4 64 255 -1
1 1 4 65 253 -1
1 1 4 65 254 0.580952
1 1 4 65 255 -1
1 1 4 66 253 -1
1 1 4 66 254 0.803607
1 1 4 66 255 -1
1 2 3 125 187 -1
1 2 3 125 188 -1
1 2 3 125 189 0.910558
1 2 3 125 190 -1
1 2 3 126 187 -1
1 2 3 126 188 -1
1 2 3 126 189 -1
1 2 3 126 190 0.818529
1 2 3 127 187 0.956114
1 2 3 127 188 -1
1 2 3 127 189 -1
1 2 3 127 190 -1
1 2 3 128 187 -1
1 2 3 128 188 0.941983
1 2 3 128 189 -1
1 2 3 128 190 -1
1 2 4 125 253 -1
1 2 4 125 254 0.777191
1 2 4 125 255 -1
1 2 4 126 253 -1
1 2 4 126 254 0.223275
1 2 4 126 255 -1
1 2 4 127 253 0.964707
1 2 4 127 254 -1
1 2 4 127 255 0.65488
1 2 4 128 253 0.494166
1 2 4 128 254 -1
1 2 4 128 255 0.944079
1 3 4 187 253 0.116223
1 3 4 187 254 0.115343
1 3 4 187 255 0.0787812
1 3 4 188 253 0.0950949
1 3 4 188 254 0.0915344
1 3 4 188 255 0.121813
1 3 4 189 253 0.106799
1 3 4 189 254 0.117878
1 3 4 189 255 0.0857625
1 3 4 190 253 0.0908028
1 3 4 190 254 0.0812309
1 3 4 190 255 0.13563
2 0 1 8 67 0.732548
2 0 1 8 68 0.380532
2 0 1 8 69 0.247753
2 0 1 8 70 -1
2 0 1 9 67 -1
2 0 1 9 68 0.656405
2 0 1 9 69 0.637042
2 0 1 9 70 -1
2 0 1 10 67 0.078998
2 0 1 10 68 0.311206
2 0 1 10 69 0.41694
2 0 1 10 70 0.0672853
2 0 1 11 67 -1
2 0 1 11 68 -0.712506
2 0 1 11 69 -1
2 0 1 11 70 0.858854
2 0 2 8 129 -1
2 0 2 8 130 0.835366
2 0 2 8 131 0.878185
2 0 2 8 132 -1
2 0 2 9 129 0.502217
2 0 2 9 130 -1
2 0 2 9 131 -1
2 0 2 9 132 -1
2 0 2 10 129 -1
2 0 2 10 130 -1
2 0 2 10 131 -1
2 0 2 10 132 0.643927
2 0 2 11 129 -1
2 0 2 11 130 0.230492
2 0 2 11 131 -1
2 0 2 11 132 -1
2 0 3 8 191 0.666023
2 0 3 8 192 -1
2 0 3 8 193 -1
2 0 3 8 194 0.440569
2 0 3 9 191 0.0243646
2 0 3 9 192 0.856875
2 0 3 9 193 -1
2 0 3 9 194 -1
2 0 3 10 191 -1
2 0 3 10 192 -1
2 0 3 10 193 0.673889
2 0 3 10 194 -1
2 0 3 11 191 0.632982
2 0 3 11 192 -1
2 0 3 11 193 -1
2 0 3 11 194 0.193916
2 0 4 8 256 0.809802
2 0 4 8 257 0.97593
2 0 4 8 258 -1
2 0 4 9 256 -1
2 0 4 9 257 -1
2 0 4 9 258 0.846269
2 0 4 10 256 0.988355
2 0 4 10 257 0.715621
2 0 4 10 258 -1
2 0 4 11 256 -1
2 0 4 11 257 -1
2 0 4 11 258 0.865805
2 1 2 67 129 -1
2 1 2 67 130 -1
2 1 2 67 131 0.862772
2 1 2 67 132 0.609732
2 1 2 68 129 0.9676
2 1 2 68 130 -1
2 1 2 68 131 -1
2 1 2 68 132 -1
2 1 2 69 129 -1
2 1 2 69 130 -1
2 1 2 69 131 0.499944
2 1 2 69 132 0.923663
2 1 2 70 129 -1
2 1 2 70 130 0.504464
2 1 2 70 131 -1
2 1 2 70 132 -1
2 1 3 67 191 0.185908
2 1 3 67 192 0.195628
2 1 3 67 193 0.290365
2 1 3 67 194 0.283775
2 1 3 68 191 0.69501
2 1 3 68 192 0.750722
2 1 3 68 193 0.00551611
2 1 3 68 194 -1
2 1 3 69 191 -1
2 1 3 69 192 -0.815275
2 1 3 69 193 0.894973
2 1 3 69 194 0.957942
2 1 3 70 191 0.613919
2 1 3 70 192 0.705962
2 1 3 70 193 -1
2 1 3 70 194 -1
2 1 4 67 256 -1
2 1 4 67 257 0.191877
2 1 4 67 258 -1
2 1 4 68 256 -1
2 1 4 68 257 -1
2 1 4 68 258 0.993177
2 1 4 69 256 0.880434
2 1 4 69 257 -1
2 1 4 69 258 -1
2 1 4 70 256 -1
2 1 4 70 257 -1
2 1 4 70 258 -1
2 2 3 129 191 -1
2 2 3 129 192 0.587286
2 2 3 129 193 -1
2 2 3 129 194 -1
2 2 3 130 191 -1
2 2 3 130 192 -1
2 2 3 130 193 -1
2 2 3 130 194 0.59881
2 2 3 131 191 0.892474
2 2 3 131 192 -1
2 2 3 131 193 -1
2 2 3 131 194 0.517055
2 2 3 132 191 -1
2 2 3 132 192 -1
2 2 3 132 193 0.971524
2 2 3 132 194 -1
2 2 4 129 256 -1
2 2 4 129 257 -1
2 2 4 129 258 0.936408
2 2 4 130 256 -1
2 2 4 130 257 -1
2 2 4 130 258 -1
2 2 4 131 256 -1
2 2 4 131 257 0.814062
2 2 4 131 258 -1
2 2 4 132 256 0.82875
2 2 4 132 257 -1
2 2 4 132 258 -1
2 3 4 191 256 0.334855
2 3 4 191 257 -1
2 3 4 191 258 -1
2 3 4 192 256 0.0842854
2 3 4 192 257 0.388167
2 3 4 192 258 0.461586
2 3 4 193 256 0.46956
2 3 4 193 257 0.438974
2 3 4 193 258 -1
2 3 4 194 256 0.0134026
2 3 4 194 257 0.43475
2 3 4 194 258 0.541359
3 0 1 12 71 0.375723
3 0 1 12 72 0.299816
3 0 1 12 73 -1
3 0 1 13 71 0.653458
3 0 1 13 72 0.762874
3 0 1 13 73 -1
3 0 1 14 71 0.374407
3 0 1 14 72 0.376615
3 0 1 14 73 0.0880186
3 0 1 15 71 -0.804849
3 0 1 15 72 -0.842931
3 0 1 15 73 0.909654
3 0 2 12 133 -1
3 0 2 12 134 0.346701
3 0 2 12 135 0.270938
3 0 2 12 136 -1
3 0 2 13 133 0.733185
3 0 2 13 134 -1
3 0 2 13 135 -1
3 0 2 13 136 -1
3 0 2 14 133 -1
3 0 2 14 134 -1
3 0 2 14 135 -1
3 0 2 14 136 0.6024
3 0 2 15 133 -1
3 0 2 15 134 0.7697
3 0 2 15 135 0.302484
3 0 2 15 136 -1
3 0 3 12 195 0.50888
3 0 3 12 196 -1
3 0 3 12 197 -1
3 0 3 12 198 0.458186
3 0 3 13 195 -1
3 0 3 13 196 0.690508
3 0 3 13 197 -1
3 0 3 13 198 -1
3 0 3 14 195 -1
3 0 3 14 196 -1
3 0 3 14 197 0.596636
3 0 3 14 198 -1
3 0 3 15 195 0.391921
3 0 3 15 196 -1
3 0 3 15 197 -1
3 0 3 15 198 -1
3 0 4 12 259 0.55571
3 0 4 12 260 -1
3 0 4 13 259 -1
3 0 4 13 260 0.870273
3 0 4 14 259 0.979204
3 0 4 14 260 -1
3 0 4 15 259 -1
3 0 4 15 260 -1
3 1 2 71 133 0.559485
3 1 2 71 134 0.801043
3 1 2 71 135 -1
3 1 2 71 136 -1
3 1 2 72 133 -1
3 1 2 72 134 -1
3 1 2 72 135 0.785911
3 1 2 72 136 0.912803
3 1 2 73 133 0.0677161
3 1 2 73 134 0.914479
3 1 2 73 135 -1
3 1 2 73 136 -1
3 1 3 71 195 0.998773
3 1 3 71 196 0.786525
3 1 3 71 197 -1
3 1 3 71 198 -1
3 1 3 72 195 -1
3 1 3 72 196 -1
3 1 3 72 197 0.975132
3 1 3 72 198 0.695228
3 1 3 73 195 0.482839
3 1 3 73 196 0.531072
3 1 3 73 197 -1
3 1 3 73 198 0.115138
3 1 4 71 259 -1
3 1 4 71 260 0.898293
3 1 4 72 259 0.49967
3 1 4 72 260 -1
3 1 4 73 259 -1
3 1 4 73 260 0.921201
3 2 3 133 195 -1
3 2 3 133 196 0.886761
3 2 3 133 197 -1
3 2 3 133 198 -1
3 2 3 134 195 0.680177
3 2 3 134 196 -1
3 2 3 134 197 -1
3 2 3 134 198 -1
3 2 3 135 195 0.330447
3 2 3 135 196 -1
3 2 3 135 197 -1
3 2 3 135 198 0.984297
3 2 3 136 195 -1
3 2 3 136 196 -1
3 2 3 136 197 0.96724
3 2 3 136 198 -1
3 2 4 133 259 -1
3 2 4 133 260 0.737754
3 2 4 134 259 -1
3 2 4 134 260 0.607587
3 2 4 135 259 0.375258
3 2 4 135 260 -1
3 2 4 136 259 0.243832
3 2 4 136 260 -1
3 3 4 195 259 -0.858079
3 3 4 195 260 -1
3 3 4 196 259 0.464811
3 3 4 196 260 0.458312
3 3 4 197 259 0.427677
3 3 4 197 260 0.501588
3 3 4 198 259 0.500589
3 3 4 198 260 0.232595
4 0 1 16 74 0.309803
4 0 1 16 75 0.163324
4 0 1 16 76 0.0827856
4 0 1 16 77 0.0990443
4 0 1 17 74 0.281305
4 0 1 17 75 0.149883
4 0 1 17 76 0.097081
4 0 1 17 77 0.10844
4 0 1 18 74 -1
4 0 1 18 75 0.0116095
4 0 1 18 76 0.432014
4 0 1 18 77 0.344925
4 0 2 16 137 -1
4 0 2 16 138 0.587819
4 0 2 17 137 -1
4 0 2 17 138 -1
4 0 2 18 137 0.769709
4 0 2 18 138 0.230291
4 0 3 16 199 0.509325
4 0 3 16 200 -1
4 0 3 16 201 0.512841
4 0 3 17 199 0.986002
4 0 3 17 200 -1
4 0 3 17 201 0.125998
4 0 3 18 199 -1
4 0 3 18 200 0.896683
4 0 3 18 201 0.361161
4 0 4 16 261 0.666083
4 0 4 16 262 0.333917
4 0 4 17 261 0.247383
4 0 4 17 262 0.752617
4 0 4 18 261 -1
4 0 4 18 262 -1
4 1 2 74 137 -1
4 1 2 74 138 -1
4 1 2 75 137 0.35745
4 1 2 75 138 -1
4 1 2 76 137 0.827127
4 1 2 76 138 0.172873
4 1 2 77 137 -1
4 1 2 77 138 0.848423
4 1 3 74 199 0.36466
4 1 3 74 200 -1
4 1 3 74 201 0.116147
4 1 3 75 199 0.327071
4 1 3 75 200 0.0268873
4 1 3 75 201 0.122572
4 1 3 76 199 0.0606842
4 1 3 76 200 0.475174
4 1 3 76 201 0.17988
4 1 3 77 199 0.0462554
4 1 3 77 200 0.495706
4 1 3 77 201 0.184695
4 1 4 74 261 0.942949
4 1 4 74 262 -1
4 1 4 75 261 -1
4 1 4 75 262 0.78652
4 1 4 76 261 -1
4 1 4 76 262 -1
4 1 4 77 261 -1
4 1 4 77 262 -1
4 2 3 137 199 -1
4 2 3 137 200 0.94905
4 2 3 137 201 -1
4 2 3 138 199 0.31155
4 2 3 138 200 -1
4 2 3 138 201 0.825914
4 2 4 137 261 -1
4 2 4 137 262 -1
4 2 4 138 261 0.185565
4 2 4 138 262 -1
4 3 4 199 261 0.113701
4 3 4 199 262 0.357571
4 3 4 200 261 0.436534
4 3 4 200 262 0.227326
4 3 4 201 261 -1
4 3 4 201 262 0.298857
5 0 1 19 78 0.148667
5 0 1 19 79 0.131894
5 0 1 19 80 0.0957267
5 0 1 19 81 0.0774612
5 0 1 20 78 0.111577
5 0 1 20 79 0.122374
5 0 1 20 80 0.111811
5 0 1 20 81 0.100866
5 0 1 21 78 0.0611845
5 0 1 21 79 0.0693427
5 0 1 21 80 0.132504
5 0 1 21 81 0.171955
5 0 2 19 139 -1
5 0 2 19 140 -1
5 0 2 19 141 -1
5 0 2 19 142 0.946121
5 0 2 20 139 -1
5 0 2 20 140 -1
5 0 2 20 141 0.66272
5 0 2 20 142 -1
5 0 2 21 139 0.66907
5 0 2 21 140 0.813798
5 0 2 21 141 -1
5 0 2 21 142 -1
5 0 3 19 202 0.168764
5 0 3 19 203 0.359683
5 0 3 19 204 0.0765361
5 0 3 20 202 0.2261
5 0 3 20 203 0.144504
5 0 3 20 204 0.175261
5 0 3 21 202 0.157441
5 0 3 21 203 0.0775652
5 0 3 21 204 0.300297
5 0 4 19 263 0.182881
5 0 4 19 264 0.072083
5 0 4 19 265 0.212768
5 0 4 20 263 0.183146
5 0 4 20 264 0.0951533
5 0 4 20 265 0.202243
5 0 4 21 263 0.158629
5 0 4 21 264 0.336762
5 0 4 21 265 0.114873
5 1 2 78 139 0.311448
5 1 2 78 140 -1
5 1 2 78 141 -1
5 1 2 78 142 0.885808
5 1 2 79 139 -1
5 1 2 79 140 -1
5 1 2 79 141 0.761202
5 1 2 79 142 -1
5 1 2 80 139 -1
5 1 2 80 140 0.663044
5 1 2 80 141 -1
5 1 2 80 142 -1
5 1 2 81 139 0.953339
5 1 2 81 140 -1
5 1 2 81 141 -1
5 1 2 81 142 0.612314
5 1 3 78 202 0.134833
5 1 3 78 203 0.170369
5 1 3 78 204 0.0674924
5 1 3 79 202 0.134627
5 1 3 79 203 0.152038
5 1 3 79 204 0.0860346
5 1 3 80 202 0.124909
5 1 3 80 203 0.0908233
5 1 3 80 204 0.158556
5 1 3 81 202 0.101363
5 1 3 81 203 0.0755462
5 1 3 81 204 0.201448
5 1 4 78 263 -1
5 1 4 78 264 -1
5 1 4 78 265 0.914163
5 1 4 79 263 0.726396
5 1 4 79 264 -1
5 1 4 79 265 -1
5 1 4 80 263 -1
5 1 4 80 264 0.245588
5 1 4 80 265 -1
5 1 4 81 263 -1
5 1 4 81 264 0.870871
5 1 4 81 265 0.00788271
5 2 3 139 202 -1
5 2 3 139 203 -1
5 2 3 139 204 0.769461
5 2 3 140 202 0.0581656
5 2 3 140 203 -1
5 2 3 140 204 -1
5 2 3 141 202 0.682287
5 2 3 141 203 -1
5 2 3 141 204 -1
5 2 3 142 202 -1
5 2 3 142 203 0.981604
5 2 3 142 204 -1
5 2 4 139 263 -1
5 2 4 139 264 0.977742
5 2 4 139 265 -1
5 2 4 140 263 -1
5 2 4 140 264 0.952404
5 2 4 140 265 -1
5 2 4 141 263 0.971548
5 2 4 141 264 -1
5 2 4 141 265 0.52443
5 2 4 142 263 0.433485
5 2 4 142 264 -1
5 2 4 142 265 0.981553
5 3 4 202 263 0.136071
5 3 4 202 264 0.137833
5 3 4 202 265 0.127693
5 3 4 203 263 0.124968
5 3 4 203 264 0.123483
5 3 4 203 265 0.150869
5 3 4 204 263 0.138998
5 3 4 204 264 0.138615
5 3 4 204 265 0.124417
6 0 1 22 82 0.229858
6 0 1 22 83 0.140146
6 0 1 22 84 0.110721
6 0 1 23 82 0.166739
6 0 1 23 83 0.157254
6 0 1 23 84 0.140646
6 0 1 24 82 0.0417974
6 0 1 24 83 0.167726
6 0 1 24 84 0.22715
6 0 2 22 143 -1
6 0 2 22 144 -1
6 0 2 22 145 -1
6 0 2 22 146 0.61663
6 0 2 23 143 -1
6 0 2 23 144 0.865903
6 0 2 23 145 0.179742
6 0 2 23 146 -1
6 0 2 24 143 0.729446
6 0 2 24 144 -1
6 0 2 24 145 -1
6 0 2 24 146 -1
6 0 3 22 205 0.113522
6 0 3 22 206 0.0620013
6 0 3 22 207 0.213914
6 0 3 22 208 0.111225
6 0 3 23 205 0.141356
6 0 3 23 206 0.140245
6 0 3 23 207 0.0934664
6 0 3 23 208 0.126838
6 0 3 24 205 0.113738
6 0 3 24 206 0.159084
6 0 3 24 207 0.091346
6 0 3 24 208 0.134828
6 0 4 22 266 0.968919
6 0 4 22 267 -1
6 0 4 22 268 0.800029
6 0 4 23 266 0.77537
6 0 4 23 267 -1
6 0 4 23 268 0.661139
6 0 4 24 266 -1
6 0 4 24 267 0.946518
6 0 4 24 268 -1
6 1 2 82 143 -1
6 1 2 82 144 -1
6 1 2 82 145 0.24986
6 1 2 82 146 0.930183
6 1 2 83 143 -1
6 1 2 83 144 0.976556
6 1 2 83 145 -1
6 1 2 83 146 -1
6 1 2 84 143 0.791694
6 1 2 84 144 0.0443311
6 1 2 84 145 -1
6 1 2 84 146 -1
6 1 3 82 205 0.131439
6 1 3 82 206 0.0869109
6 1 3 82 207 0.140916
6 1 3 82 208 0.0966925
6 1 3 83 205 0.107738
6 1 3 83 206 0.126823
6 1 3 83 207 0.0976186
6 1 3 83 208 0.11801
6 1 3 84 205 0.0964183
6 1 3 84 206 0.126658
6 1 3 84 207 0.0987791
6 1 3 84 208 0.126725
6 1 4 82 266 0.065124
6 1 4 82 267 -1
6 1 4 82 268 0.981868
6 1 4 83 266 -1
6 1 4 83 267 0.858504
6 1 4 83 268 -1
6 1 4 84 266 -1
6 1 4 84 267 0.778752
6 1 4 84 268 -1
6 2 3 143 205 -1
6 2 3 143 206 0.614448
6 2 3 143 207 -1
6 2 3 143 208 -1
6 2 3 144 205 -1
6 2 3 144 206 -1
6 2 3 144 207 -1
6 2 3 144 208 0.98528
6 2 3 145 205 0.941584
6 2 3 145 206 -1
6 2 3 145 207 -1
6 2 3 145 208 -1
6 2 3 146 205 -1
6 2 3 146 206 -1
6 2 3 146 207 0.971324
6 2 3 146 208 0.0571809
6 2 4 143 266 -1
6 2 4 143 267 0.642107
6 2 4 143 268 -1
6 2 4 144 266 -1
6 2 4 144 267 -1
6 2 4 144 268 -1
6 2 4 145 266 0.958729
6 2 4 145 267 -1
6 2 4 145 268 0.654005
6 2 4 146 266 0.534482
6 2 4 146 267 -1
6 2 4 146 268 0.985157
6 3 4 205 266 0.113941
6 3 4 205 267 0.139006
6 3 4 205 268 0.0829074
6 3 4 206 266 0.113188
6 3 4 206 267 0.136838
6 3 4 206 268 0.0853988
6 3 4 207 266 0.105312
6 3 4 207 267 0.0783935
6 3 4 207 268 0.140417
6 3 4 208 266 0.106621
6 3 4 208 267 0.0752369
6 3 4 208 268 0.141696
7 0 1 25 85 -1
7 0 1 25 86 0.486407
7 0 1 25 87 -1
7 0 1 25 88 -1
7 0 1 26 85 -1
7 0 1 26 86 0.780041
7 0 1 26 87 -1
7 0 1 26 88 -1
7 0 1 27 85 -1
7 0 1 27 86 0.536474
7 0 1 27 87 -1
7 0 1 27 88 0.815896
7 0 1 28 85 -1
7 0 1 28 86 -1
7 0 1 28 87 0.931061
7 0 1 28 88 -1
7 0 2 25 147 0.680633
7 0 2 25 148 0.748638
7 0 2 25 149 -1
7 0 2 26 147 -1
7 0 2 26 148 -1
7 0 2 26 149 -1
7 0 2 27 147 -1
7 0 2 27 148 -1
7 0 2 27 149 0.439925
7 0 2 28 147 0.135267
7 0 2 28 148 -1
7 0 2 28 149 -1
7 0 3 25 209 0.506995
7 0 3 25 210 -1
7 0 3 25 211 -1
7 0 3 25 212 0.610252
7 0 3 26 209 -1
7 0 3 26 210 0.982849
7 0 3 26 211 -1
7 0 3 26 212 -1
7 0 3 27 209 -1
7 0 3 27 210 -1
7 0 3 27 211 0.782664
7 0 3 27 212 -1
7 0 3 28 209 0.98608
7 0 3 28 210 -1
7 0 3 28 211 -1
7 0 3 28 212 -1
7 0 4 25 269 0.730499
7 0 4 25 270 0.569829
7 0 4 25 271 -1
7 0 4 26 269 -1
7 0 4 26 270 -1
7 0 4 26 271 0.559418
7 0 4 27 269 0.949318
7 0 4 27 270 0.0882826
7 0 4 27 271 -1
7 0 4 28 269 -1
7 0 4 28 270 -1
7 0 4 28 271 0.763687
7 1 2 85 147 -1
7 1 2 85 148 0.217534
7 1 2 85 149 0.453931
7 1 2 86 147 0.285589
7 1 2 86 148 -1
7 1 2 86 149 -1
7 1 2 87 147 0.410613
7 1 2 87 148 -1
7 1 2 87 149 -1
7 1 2 88 147 -1
7 1 2 88 148 0.482583
7 1 2 88 149 0.687637
7 1 3 85 209 0.463529
7 1 3 85 210 0.39429
7 1 3 85 211 -1
7 1 3 85 212 -1
7 1 3 86 209 0.834159
7 1 3 86 210 0.788103
7 1 3 86 211 -1
7 1 3 86 212 -1
7 1 3 87 209 0.661147
7 1 3 87 210 0.616452
7 1 3 87 211 -1
7 1 3 87 212 -1
7 1 3 88 209 -0.958835
7 1 3 88 210 -0.798845
7 1 3 88 211 0.986336
7 1 3 88 212 0.769894
7 1 4 85 269 -1
7 1 4 85 270 0.537373
7 1 4 85 271 -1
7 1 4 86 269 -1
7 1 4 86 270 -1
7 1 4 86 271 0.684395
7 1 4 87 269 -1
7 1 4 87 270 -1
7 1 4 87 271 -1
7 1 4 88 269 0.966963
7 1 4 88 270 -1
7 1 4 88 271 -1
7 2 3 147 209 0.174311
7 2 3 147 210 -1
7 2 3 147 211 -1
7 2 3 147 212 0.456605
7 2 3 148 209 0.258556
7 2 3 148 210 -1
7 2 3 148 211 -1
7 2 3 148 212 0.859344
7 2 3 149 209 -1
7 2 3 149 210 -1
7 2 3 149 211 0.650742
7 2 3 149 212 -1
7 2 4 147 269 -1
7 2 4 147 270 -1
7 2 4 147 271 -1
7 2 4 148 269 -1
7 2 4 148 270 0.946013
7 2 4 148 271 -1
7 2 4 149 269 0.745801
7 2 4 149 270 -1
7 2 4 149 271 -1
7 3 4 209 269 0.272999
7 3 4 209 270 -1
7 3 4 209 271 -1
7 3 4 210 269 -1
7 3 4 210 270 0.805655
7 3 4 210 271 0.715747
7 3 4 211 269 0.996881
7 3 4 211 270 -1
7 3 4 211 271 -1
7 3 4 212 269 -1
7 3 4 212 270 0.862709
7 3 4 212 271 0.762497
8 0 1 29 89 0.414118
8 0 1 29 90 0.558077
8 0 1 29 91 -1
8 0 1 30 89 0.899924
8 0 1 30 90 0.439543
8 0 1 30 91 -1
8 0 1 31 89 0.606076
8 0 1 31 90 0.199768
8 0 1 31 91 -1
8 0 1 32 89 -0.920119
8 0 1 32 90 -1
8 0 1 32 91 0.86232
8 0 2 29 150 -1
8 0 2 29 151 0.777544
8 0 2 29 152 -1
8 0 2 30 150 -1
8 0 2 30 151 -1
8 0 2 30 152 -1
8 0 2 31 150 -1
8 0 2 31 151 -1
8 0 2 31 152 0.836058
8 0 2 32 150 0.812779
8 0 2 32 151 -1
8 0 2 32 152 -1
8 0 3 29 213 0.183424
8 0 3 29 214 -1
8 0 3 29 215 -1
8 0 3 29 216 0.908938
8 0 3 30 213 -1
8 0 3 30 214 0.708113
8 0 3 30 215 -1
8 0 3 30 216 -1
8 0 3 31 213 -1
8 0 3 31 214 -1
8 0 3 31 215 0.880846
8 0 3 31 216 -1
8 0 3 32 213 0.781544
8 0 3 32 214 -1
8 0 3 32 215 -1
8 0 3 32 216 -1
8 0 4 29 272 0.0526192
8 0 4 29 273 0.998051
8 0 4 29 274 -1
8 0 4 30 272 -1
8 0 4 30 273 -1
8 0 4 30 274 0.903027
8 0 4 31 272 0.724089
8 0 4 31 273 0.0611633
8 0 4 31 274 -1
8 0 4 32 272 -1
8 0 4 32 273 -1
8 0 4 32 274 -1
8 1 2 89 150 0.599418
8 1 2 89 151 -1
8 1 2 89 152 -1
8 1 2 90 150 -1
8 1 2 90 151 0.964863
8 1 2 90 152 0.683927
8 1 2 91 150 0.884992
8 1 2 91 151 -1
8 1 2 91 152 -1
8 1 3 89 213 0.297147
8 1 3 89 214 0.353745
8 1 3 89 215 -1
8 1 3 89 216 -1
8 1 3 90 213 -1
8 1 3 90 214 -1
8 1 3 90 215 0.632666
8 1 3 90 216 0.539261
8 1 3 91 213 0.658351
8 1 3 91 214 0.210748
8 1 3 91 215 -1
8 1 3 91 216 -1
8 1 4 89 272 -1
8 1 4 89 273 -1
8 1 4 89 274 0.20693
8 1 4 90 272 0.453862
8 1 4 90 273 0.968587
8 1 4 90 274 -1
8 1 4 91 272 -1
8 1 4 91 273 -1
8 1 4 91 274 0.340502
8 2 3 150 213 0.583131
8 2 3 150 214 -1
8 2 3 150 215 -1
8 2 3 150 216 -1
8 2 3 151 213 0.584282
8 2 3 151 214 -1
8 2 3 151 215 -1
8 2 3 151 216 0.690157
8 2 3 152 213 -1
8 2 3 152 214 -1
8 2 3 152 215 0.843091
8 2 3 152 216 -1
8 2 4 150 272 -1
8 2 4 150 273 -1
8 2 4 150 274 0.153075
8 2 4 151 272 -1
8 2 4 151 273 0.612647
8 2 4 151 274 -1
8 2 4 152 272 0.644221
8 2 4 152 273 -1
8 2 4 152 274 -1
8 3 4 213 272 -1
8 3 4 213 273 -1
8 3 4 213 274 -1
8 3 4 214 272 0.0819703
8 3 4 214 273 0.367201
8 3 4 214 274 0.550829
8 3 4 215 272 0.886216
8 3 4 215 273 -1
8 3 4 215 274 -1
8 3 4 216 272 -1
8 3 4 216 273 0.979529
8 3 4 216 274 0.223773
9 0 1 33 92 0.0971116
9 0 1 33 93 0.130712
9 0 1 33 94 0.124146
9 0 1 33 95 0.111649
9 0 1 34 92 0.167099
9 0 1 34 93 0.0909949
9 0 1 34 94 0.124012
9 0 1 34 95 0.091285
9 0 1 35 92 0.0886721
9 0 1 35 93 0.132532
9 0 1 35 94 0.10614
9 0 1 35 95 0.149771
9 0 2 33 153 0.961492
9 0 2 33 154 -1
9 0 2 33 155 -1
9 0 2 34 153 -1
9 0 2 34 154 0.176991
9 0 2 34 155 0.915044
9 0 2 35 153 -1
9 0 2 35 154 0.903793
9 0 2 35 155 0.449042
9 0 3 33 217 -1
9 0 3 33 218 0.273423
9 0 3 33 219 0.756168
9 0 3 34 217 -1
9 0 3 34 218 -1
9 0 3 34 219 -1
9 0 3 35 217 0.782514
9 0 3 35 218 -1
9 0 3 35 219 0.602073
9 0 4 33 275 0.525245
9 0 4 34 275 -1
9 0 4 35 275 -1
9 1 2 92 153 0.510005
9 1 2 92 154 -1
9 1 2 92 155 0.971385
9 1 2 93 153 -1
9 1 2 93 154 0.897269
9 1 2 93 155 -1
9 1 2 94 153 -1
9 1 2 94 154 -1
9 1 2 94 155 -1
9 1 2 95 153 0.905704
9 1 2 95 154 -1
9 1 2 95 155 0.666562
9 1 3 92 217 0.926705
9 1 3 92 218 -1
9 1 3 92 219 0.0753652
9 1 3 93 217 0.661773
9 1 3 93 218 0.018079
9 1 3 93 219 0.152952
9 1 3 94 217 -1
9 1 3 94 218 0.751147
9 1 3 94 219 0.399099
9 1 3 95 217 -1
9 1 3 95 218 0.983352
9 1 3 95 219 0.323084
9 1 4 92 275 -1
9 1 4 93 275 -1
9 1 4 94 275 -1
9 1 4 95 275 0.811885
9 2 3 153 217 -1
9 2 3 153 218 0.948976
9 2 3 153 219 -1
9 2 3 154 217 0.936898
9 2 3 154 218 -1
9 2 3 154 219 0.029762
9 2 3 155 217 -1
9 2 3 155 218 -1
9 2 3 155 219 -1
9 2 4 153 275 0.949396
9 2 4 154 275 -1
9 2 4 155 275 -1
9 3 4 217 275 0.444635
9 3 4 218 275 0.482112
9 3 4 219 275 0.0732527
10 0 1 36 96 0.399658
10 0 1 36 97 0.244052
10 0 1 37 96 0.253587
10 0 1 37 97 0.409101
10 0 2 36 156 0.677766
10 0 2 36 157 -1
10 0 2 36 158 -1
10 0 2 37 156 0.322234
10 0 2 37 157 -1
10 0 2 37 158 -1
10 0 3 36 220 0.633436
10 0 3 36 221 -1
10 0 3 36 222 0.775424
10 0 3 37 220 -1
10 0 3 37 221 -1
10 0 3 37 222 0.133279
10 0 4 36 276 -1
10 0 4 36 277 -1
10 0 4 36 278 -1
10 0 4 37 276 -1
10 0 4 37 277 0.944172
10 0 4 37 278 -1
10 1 2 96 156 0.907953
10 1 2 96 157 -1
10 1 2 96 158 -1
10 1 2 97 156 -1
10 1 2 97 157 -1
10 1 2 97 158 -1
10 1 3 96 220 0.0777054
10 1 3 96 221 0.150866
10 1 3 96 222 0.538181
10 1 3 97 220 -1
10 1 3 97 221 0.00588912
10 1 3 97 222 0.425551
10 1 4 96 276 -1
10 1 4 96 277 0.306639
10 1 4 96 278 -1
10 1 4 97 276 -1
10 1 4 97 277 0.679744
10 1 4 97 278 -1
10 2 3 156 220 -1
10 2 3 156 221 0.165637
10 2 3 156 222 0.949354
10 2 3 157 220 0.793366
10 2 3 157 221 -1
10 2 3 157 222 -1
10 2 3 158 220 -1
10 2 3 158 221 0.931558
10 2 3 158 222 0.31532
10 2 4 156 276 -1
10 2 4 156 277 -1
10 2 4 156 278 -1
10 2 4 157 276 0.641207
10 2 4 157 277 -1
10 2 4 157 278 0.92865
10 2 4 158 276 0.664523
10 2 4 158 277 -1
10 2 4 158 278 0.962123
10 3 4 220 276 0.512563
10 3 4 220 277 0.369901
10 3 4 220 278 0.0598438
10 3 4 221 276 0.144292
10 3 4 221 277 0.0991084
10 3 4 221 278 0.385224
10 3 4 222 276 -1
10 3 4 222 277 -1
10 3 4 222 278 0.410564
11 0 1 38 98 0.337575
11 0 1 38 99 0.337158
11 0 1 38 100 0.325268
11 0 1 39 98 0.341294
11 0 1 39 99 0.335368
11 0 1 39 100 0.323338
11 0 1 40 98 -1
11 0 1 40 99 -1
11 0 1 40 100 -1
11 0 2 38 159 -1
11 0 2 38 160 0.823335
11 0 2 38 161 -1
11 0 2 39 159 -1
11 0 2 39 160 -1
11 0 2 39 161 0.894181
11 0 2 40 159 -1
11 0 2 40 160 -1
11 0 2 40 161 -1
11 0 3 38 223 -1
11 0 3 38 224 0.956354
11 0 3 38 225 0.063876
11 0 3 39 223 0.972107
11 0 3 39 224 -1
11 0 3 39 225 -1
11 0 3 40 223 -1
11 0 3 40 224 0.538597
11 0 3 40 225 0.0603469
11 0 4 38 279 0.720151
11 0 4 38 280 -1
11 0 4 39 279 0.851935
11 0 4 39 280 -1
11 0 4 40 279 -1
11 0 4 40 280 0.0244492
11 1 2 98 159 -1
11 1 2 98 160 0.17346
11 1 2 98 161 -1
11 1 2 99 159 -1
11 1 2 99 160 0.117439
11 1 2 99 161 0.918106
11 1 2 100 159 0.614271
11 1 2 100 160 -1
11 1 2 100 161 0.32789
11 1 3 98 223 0.140443
11 1 3 98 224 0.157503
11 1 3 98 225 0.111392
11 1 3 99 223 0.136177
11 1 3 99 224 0.136939
11 1 3 99 225 0.137678
11 1 3 100 223 0.135032
11 1 3 100 224 0.121414
11 1 3 100 225 0.155209
11 1 4 98 279 -1
11 1 4 98 280 -1
11 1 4 99 279 0.680777
11 1 4 99 280 0.319223
11 1 4 100 279 0.453549
11 1 4 100 280 0.546451
11 2 3 159 223 -1
11 2 3 159 224 -1
11 2 3 159 225 0.304868
11 2 3 160 223 -1
11 2 3 160 224 0.69231
11 2 3 160 225 -1
11 2 3 161 223 0.871223
11 2 3 161 224 -1
11 2 3 161 225 -1
11 2 4 159 279 -1
11 2 4 159 280 0.511051
11 2 4 160 279 0.108324
11 2 4 160 280 -1
11 2 4 161 279 0.94496
11 2 4 161 280 -1
11 3 4 223 279 0.461211
11 3 4 223 280 -1
11 3 4 224 279 0.255919
11 3 4 224 280 0.527163
11 3 4 225 279 0.173849
11 3 4 225 280 0.678795
12 0 1 41 101 0.273732
12 0 1 41 102 0.381627
12 0 1 42 101 0.394097
12 0 1 42 102 0.311478
12 0 2 41 162 0.834706
12 0 2 41 163 -1
12 0 2 41 164 -1
12 0 2 41 165 -1
12 0 2 42 162 -1
12 0 2 42 163 0.926427
12 0 2 42 164 0.623062
12 0 2 42 165 -1
12 0 3 41 226 0.0916214
12 0 3 41 227 -1
12 0 3 41 228 -1
12 0 3 42 226 0.908379
12 0 3 42 227 -1
12 0 3 42 228 0.52831
12 0 4 41 281 -1
12 0 4 41 282 0.949589
12 0 4 42 281 0.654391
12 0 4 42 282 -1
12 1 2 101 162 -1
12 1 2 101 163 -1
12 1 2 101 164 0.896404
12 1 2 101 165 0.895345
12 1 2 102 162 0.264903
12 1 2 102 163 0.894099
12 1 2 102 164 -1
12 1 2 102 165 -1
12 1 3 101 226 0.140604
12 1 3 101 227 0.368709
12 1 3 101 228 0.382172
12 1 3 102 226 0.551505
12 1 3 102 227 0.133004
12 1 3 102 228 0.0982999
12 1 4 101 281 0.826777
12 1 4 101 282 -1
12 1 4 102 281 -1
12 1 4 102 282 0.743435
12 2 3 162 226 -1
12 2 3 162 227 -1
12 2 3 162 228 -1
12 2 3 163 226 0.846379
12 2 3 163 227 -1
12 2 3 163 228 -1
12 2 3 164 226 -1
12 2 3 164 227 -1
12 2 3 164 228 0.95692
12 2 3 165 226 -1
12 2 3 165 227 0.992834
12 2 3 165 228 -1
12 2 4 162 281 -1
12 2 4 162 282 0.831282
12 2 4 163 281 -1
12 2 4 163 282 -1
12 2 4 164 281 0.974265
12 2 4 164 282 -1
12 2 4 165 281 0.145049
12 2 4 165 282 -1
12 3 4 226 281 -1
12 3 4 226 282 0.183441
12 3 4 227 281 0.33527
12 3 4 227 282 0.409901
12 3 4 228 281 0.668035
12 3 4 228 282 0.204704
13 0 1 43 103 0.348181
13 0 1 43 104 0.298374
13 0 1 43 105 -1
13 0 1 43 106 -1
13 0 1 44 103 0.583797
13 0 1 44 104 -1
13 0 1 44 105 -1
13 0 1 44 106 -1
13 0 1 45 103 0.0680227
13 0 1 45 104 -1
13 0 1 45 105 -1
13 0 1 45 106 0.656395
13 0 2 43 166 0.174489
13 0 2 43 167 0.706467
13 0 2 43 168 -1
13 0 2 44 166 -1
13 0 2 44 167 -1
13 0 2 44 168 -1
13 0 2 45 166 -1
13 0 2 45 167 -1
13 0 2 45 168 0.735099
13 0 3 43 229 0.540261
13 0 3 43 230 -1
13 0 3 43 231 -1
13 0 3 43 232 0.752091
13 0 3 44 229 -1
13 0 3 44 230 0.727503
13 0 3 44 231 -1
13 0 3 44 232 -1
13 0 3 45 229 -1
13 0 3 45 230 -1
13 0 3 45 231 0.905675
13 0 3 45 232 -1
13 0 4 43 283 0.436278
13 0 4 43 284 0.782617
13 0 4 43 285 -1
13 0 4 44 283 -1
13 0 4 44 284 -1
13 0 4 44 285 0.453578
13 0 4 45 283 0.73963
13 0 4 45 284 -1
13 0 4 45 285 -1
13 1 2 103 166 0.835477
13 1 2 103 167 -1
13 1 2 103 168 -1
13 1 2 104 166 -1
13 1 2 104 167 0.629569
13 1 2 104 168 0.763549
13 1 2 105 166 0.106754
13 1 2 105 167 -1
13 1 2 105 168 -1
13 1 2 106 166 -1
13 1 2 106 167 0.676456
13 1 2 106 168 0.817153
13 1 3 103 229 0.715691
13 1 3 103 230 0.590863
13 1 3 103 231 -1
13 1 3 103 232 -1
13 1 3 104 229 -1
13 1 3 104 230 -1
13 1 3 104 231 -1
13 1 3 104 232 0.366672
13 1 3 105 229 0.979384
13 1 3 105 230 0.923873
13 1 3 105 231 -1
13 1 3 105 232 -1
13 1 3 106 229 -1
13 1 3 106 230 -1
13 1 3 106 231 0.817607
13 1 3 106 232 0.441275
13 1 4 103 283 -1
13 1 4 103 284 -1
13 1 4 103 285 0.388879
13 1 4 104 283 -1
13 1 4 104 284 0.541287
13 1 4 104 285 -1
13 1 4 105 283 -1
13 1 4 105 284 -1
13 1 4 105 285 -1
13 1 4 106 283 0.762994
13 1 4 106 284 -1
13 1 4 106 285 -1
13 2 3 166 229 0.0841779
13 2 3 166 230 -1
13 2 3 166 231 -1
13 2 3 166 232 -1
13 2 3 167 229 -1
13 2 3 167 230 -1
13 2 3 167 231 -1
13 2 3 167 232 0.976637
13 2 3 168 229 -1
13 2 3 168 230 -1
13 2 3 168 231 0.998178
13 2 3 168 232 -1
13 2 4 166 283 -1
13 2 4 166 284 -1
13 2 4 166 285 -1
13 2 4 167 283 -1
13 2 4 167 284 0.900248
13 2 4 167 285 -1
13 2 4 168 283 0.955355
13 2 4 168 284 -1
13 2 4 168 285 -1
13 3 4 229 283 -1
13 3 4 229 284 -1
13 3 4 229 285 -1
13 3 4 230 283 -1
13 3 4 230 284 0.705284
13 3 4 230 285 0.931036
13 3 4 231 283 0.957084
13 3 4 231 284 -1
13 3 4 231 285 -1
13 3 4 232 283 -1
13 3 4 232 284 0.872251
13 3 4 232 285 0.581861
14 0 1 46 107 0.0895516
14 0 1 46 108 0.783537
14 0 1 46 109 -1
14 0 1 46 110 -1
14 0 1 47 107 0.556926
14 0 1 47 108 -1
14 0 1 47 109 -1
14 0 1 47 110 -1
14 0 1 48 107 0.353522
14 0 1 48 108 -1
14 0 1 48 109 -1
14 0 1 48 110 0.801376
14 0 2 46 169 -1
14 0 2 46 170 0.693832
14 0 2 46 171 -1
14 0 2 47 169 -1
14 0 2 47 170 -1
14 0 2 47 171 -1
14 0 2 48 169 0.142726
14 0 2 48 170 -1
14 0 2 48 171 0.698547
14 0 3 46 233 -1
14 0 3 46 234 -1
14 0 3 46 235 -1
14 0 3 46 236 0.795472
14 0 3 47 233 -1
14 0 3 47 234 0.740216
14 0 3 47 235 -1
14 0 3 47 236 -1
14 0 3 48 233 -1
14 0 3 48 234 -1
14 0 3 48 235 0.703887
14 0 3 48 236 -1
14 0 4 46 286 0.940956
14 0 4 46 287 -1
14 0 4 47 286 -1
14 0 4 47 287 0.89402
14 0 4 48 286 0.0922436
14 0 4 48 287 -1
14 1 2 107 169 0.294365
14 1 2 107 170 -1
14 1 2 107 171 -1
14 1 2 108 169 -1
14 1 2 108 170 0.718004
14 1 2 108 171 0.43837
14 1 2 109 169 0.969277
14 1 2 109 170 -1
14 1 2 109 171 -1
14 1 2 110 169 -1
14 1 2 110 170 0.531916
14 1 2 110 171 0.978559
14 1 3 107 233 -1
14 1 3 107 234 0.112685
14 1 3 107 235 -1
14 1 3 107 236 -1
14 1 3 108 233 -1
14 1 3 108 234 -1
14 1 3 108 235 0.0192215
14 1 3 108 236 0.986678
14 1 3 109 233 0.880281
14 1 3 109 234 -1
14 1 3 109 235 -1
14 1 3 109 236 -1
14 1 3 110 233 -1
14 1 3 110 234 -1
14 1 3 110 235 0.9491
14 1 3 110 236 -1
14 1 4 107 286 -1
14 1 4 107 287 -1
14 1 4 108 286 0.562254
14 1 4 108 287 -1
14 1 4 109 286 -1
14 1 4 109 287 -1
14 1 4 110 286 -1
14 1 4 110 287 -1
14 2 3 169 233 0.938923
14 2 3 169 234 -1
14 2 3 169 235 -1
14 2 3 169 236 0.105513
14 2 3 170 233 0.795576
14 2 3 170 234 -1
14 2 3 170 235 -1
14 2 3 170 236 0.867584
14 2 3 171 233 -1
14 2 3 171 234 -1
14 2 3 171 235 0.96005
14 2 3 171 236 -1
14 2 4 169 286 -1
14 2 4 169 287 -1
14 2 4 170 286 0.903108
14 2 4 170 287 -1
14 2 4 171 286 -1
14 2 4 171 287 -1
14 3 4 233 286 -1
14 3 4 233 287 -1
14 3 4 234 286 0.112904
14 3 4 234 287 0.887096
14 3 4 235 286 -1
14 3 4 235 287 -1
14 3 4 236 286 0.741558
14 3 4 236 287 -1
15 0 1 49 111 -1
15 0 1 50 111 0.871136
15 0 1 51 111 0.92531
15 0 2 49 172 -1
15 0 2 49 173 -1
15 0 2 50 172 -1
15 0 2 50 173 0.659414
15 0 2 51 172 0.829323
15 0 2 51 173 0.170677
15 0 3 49 237 -1
15 0 3 49 238 -1
15 0 3 49 239 -1
15 0 3 50 237 0.734604
15 0 3 50 238 -1
15 0 3 50 239 -1
15 0 3 51 237 -1
15 0 3 51 238 0.78931
15 0 3 51 239 -1
15 0 4 49 288 -1
15 0 4 49 289 -1
15 0 4 49 290 0.623319
15 0 4 50 288 0.69479
15 0 4 50 289 0.297988
15 0 4 50 290 -1
15 0 4 51 288 0.0322868
15 0 4 51 289 0.860929
15 0 4 51 290 -1
15 1 2 111 172 -1
15 1 2 111 173 0.923643
15 1 3 111 237 0.410691
15 1 3 111 238 0.245083
15 1 3 111 239 0.344226
15 1 4 111 288 0.95368
15 1 4 111 289 -1
15 1 4 111 290 0.893614
15 2 3 172 237 -1
15 2 3 172 238 0.693938
15 2 3 172 239 -1
15 2 3 173 237 0.445256
15 2 3 173 238 -1
15 2 3 173 239 -1
15 2 4 172 288 -1
15 2 4 172 289 0.840729
15 2 4 172 290 -1
15 2 4 173 288 0.914585
15 2 4 173 289 -1
15 2 4 173 290 0.989528
15 3 4 237 288 0.790623
15 3 4 237 289 -1
15 3 4 237 290 -1
15 3 4 238 288 -1
15 3 4 238 289 0.913204
15 3 4 238 290 0.164677
15 3 4 239 288 -1
15 3 4 239 289 0.46719
15 3 4 239 290 0.92802
16 0 1 52 112 0.999161
16 0 1 52 113 -1
16 0 1 53 112 -1
16 0 1 53 113 -1
16 0 2 52 174 -1
16 0 2 52 175 0.524009
16 0 2 52 176 -1
16 0 2 52 177 -1
16 0 2 53 174 0.988135
16 0 2 53 175 -1
16 0 2 53 176 -1
16 0 2 53 177 -1
16 0 3 52 240 0.484079
16 0 3 52 241 -1
16 0 3 52 242 -1
16 0 3 53 240 0.515921
16 0 3 53 241 -1
16 0 3 53 242 -1
16 0 4 52 291 -1
16 0 4 52 292 -1
16 0 4 53 291 -1
16 0 4 53 292 0.962872
16 1 2 112 174 0.262141
16 1 2 112 175 0.825115
16 1 2 112 176 -1
16 1 2 112 177 -1
16 1 2 113 174 -1
16 1 2 113 175 -1
16 1 2 113 176 0.0402595
16 1 2 113 177 0.849265
16 1 3 112 240 0.949456
16 1 3 112 241 -1
16 1 3 112 242 -1
16 1 3 113 240 -1
16 1 3 113 241 0.789933
16 1 3 113 242 0.467102
16 1 4 112 291 -1
16 1 4 112 292 -1
16 1 4 113 291 0.119276
16 1 4 113 292 -1
16 2 3 174 240 -1
16 2 3 174 241 -1
16 2 3 174 242 -1
16 2 3 175 240 0.888109
16 2 3 175 241 -1
16 2 3 175 242 -1
16 2 3 176 240 0.691695
16 2 3 176 241 -1
16 2 3 176 242 0.924181
16 2 3 177 240 -1
16 2 3 177 241 0.943918
16 2 3 177 242 -1
16 2 4 174 291 -1
16 2 4 174 292 0.873856
16 2 4 175 291 -1
16 2 4 175 292 0.828797
16 2 4 176 291 0.988215
16 2 4 176 292 -1
16 2 4 177 291 -1
16 2 4 177 292 -1
16 3 4 240 291 -1
16 3 4 240 292 -1
16 3 4 241 291 -1
16 3 4 241 292 0.481141
16 3 4 242 291 0.967433
16 3 4 242 292 -1
17 0 1 54 114 0.269315
17 0 1 54 115 0.422242
17 0 1 54 116 -1
17 0 1 54 117 -1
17 0 1 55 114 0.367814
17 0 1 55 115 -1
17 0 1 55 116 0.735556
17 0 1 55 117 -1
17 0 1 56 114 0.36287
17 0 1 56 115 -1
17 0 1 56 116 0.981355
17 0 1 56 117 -1
17 0 2 54 178 -1
17 0 2 54 179 0.612612
17 0 2 54 180 -1
17 0 2 55 178 -1
17 0 2 55 179 -1
17 0 2 55 180 -1
17 0 2 56 178 0.49578
17 0 2 56 179 -1
17 0 2 56 180 0.284429
17 0 3 54 243 0.113716
17 0 3 54 244 -1
17 0 3 54 245 -1
17 0 3 54 246 0.259841
17 0 3 55 243 -1
17 0 3 55 244 -1
17 0 3 55 245 -1
17 0 3 55 246 -1
17 0 3 56 243 -1
17 0 3 56 244 -1
17 0 3 56 245 0.876207
17 0 3 56 246 -1
17 0 4 54 293 0.635905
17 0 4 54 294 -1
17 0 4 55 293 -1
17 0 4 55 294 0.833744
17 0 4 56 293 -1
17 0 4 56 294 -1
17 1 2 114 178 -1
17 1 2 114 179 -1
17 1 2 114 180 -1
17 1 2 115 178 -1
17 1 2 115 179 0.984975
17 1 2 115 180 0.833934
17 1 2 116 178 -1
17 1 2 116 179 0.893317
17 1 2 116 180 0.723989
17 1 2 117 178 0.876867
17 1 2 117 179 -1
17 1 2 117 180 -1
17 1 3 114 243 -1
17 1 3 114 244 -1
17 1 3 114 245 -1
17 1 3 114 246 -1
17 1 3 115 243 -1
17 1 3 115 244 -1
17 1 3 115 245 0.575892
17 1 3 115 246 0.715486
17 1 3 116 243 -1
17 1 3 116 244 -1
17 1 3 116 245 0.937761
17 1 3 116 246 0.0586861
17 1 3 117 243 0.999716
17 1 3 117 244 0.145453
17 1 3 117 245 -1
17 1 3 117 246 -1
17 1 4 114 293 -1
17 1 4 114 294 0.168911
17 1 4 115 293 0.219926
17 1 4 115 294 -1
17 1 4 116 293 0.0119992
17 1 4 116 294 -1
17 1 4 117 293 -1
17 1 4 117 294 0.545132
17 2 3 178 243 0.946016
17 2 3 178 244 -1
17 2 3 178 245 -1
17 2 3 178 246 -1
17 2 3 179 243 0.836445
17 2 3 179 244 -1
17 2 3 179 245 -1
17 2 3 179 246 0.624909
17 2 3 180 243 -1
17 2 3 180 244 -1
17 2 3 180 245 0.447691
17 2 3 180 246 -1
17 2 4 178 293 -1
17 2 4 178 294 0.272923
17 2 4 179 293 0.625427
17 2 4 179 294 -1
17 2 4 180 293 -1
17 2 4 180 294 -1
17 3 4 243 293 -1
17 3 4 243 294 -1
17 3 4 244 293 -1
17 3 4 244 294 0.631906
17 3 4 245 293 -1
17 3 4 245 294 0.0213109
17 3 4 246 293 0.821901
17 3 4 246 294 -1
18 0 1 57 118 0.717727
18 0 1 57 119 -1
18 0 1 57 120 -1
18 0 1 58 118 0.281626
18 0 1 58 119 0.123954
18 0 1 58 120 0.548531
18 0 2 57 181 0.90635
18 0 2 57 182 -1
18 0 2 58 181 -1
18 0 2 58 182 0.31917
18 0 3 57 247 0.41186
18 0 3 57 248 -1
18 0 3 57 249 0.378157
18 0 3 58 247 -1
18 0 3 58 248 -1
18 0 3 58 249 -1
18 0 4 57 295 0.865884
18 0 4 57 296 0.283106
18 0 4 57 297 -1
18 0 4 58 295 0.134116
18 0 4 58 296 -1
18 0 4 58 297 -1
18 1 2 118 181 -1
18 1 2 118 182 -1
18 1 2 119 181 -1
18 1 2 119 182 -1
18 1 2 120 181 -1
18 1 2 120 182 0.262246
18 1 3 118 247 0.303518
18 1 3 118 248 0.260802
18 1 3 118 249 -1
18 1 3 119 247 0.230464
18 1 3 119 248 0.163694
18 1 3 119 249 -1
18 1 3 120 247 -1
18 1 3 120 248 -1
18 1 3 120 249 0.673453
18 1 4 118 295 -1
18 1 4 118 296 -1
18 1 4 118 297 0.012763
18 1 4 119 295 -1
18 1 4 119 296 -1
18 1 4 119 297 -1
18 1 4 120 295 0.790828
18 1 4 120 296 -1
18 1 4 120 297 -1
18 2 3 181 247 0.00193936
18 2 3 181 248 -1
18 2 3 181 249 0.497024
18 2 3 182 247 -1
18 2 3 182 248 -1
18 2 3 182 249 -1
18 2 4 181 295 -1
18 2 4 181 296 0.612618
18 2 4 181 297 -1
18 2 4 182 295 0.726689
18 2 4 182 296 -1
18 2 4 182 297 -1
18 3 4 247 295 0.21321
18 3 4 247 296 -1
18 3 4 247 297 -1
18 3 4 248 295 -1
18 3 4 248 296 0.303623
18 3 4 248 297 0.92035
18 3 4 249 295 -1
18 3 4 249 296 0.806784
18 3 4 249 297 0.348319
end of Frame 243
