J OverallIdx viewIdx joint种类0-18(jointIdx) 该joint在图中的顺序(candidix) x y score
0 0 0 0 695.428 400.638 0.670343
1 0 0 1 305.742 421.734 0.397477
2 0 0 2 196.307 470.262 0.406921
3 0 1 0 168.339 181.314 0.712061
4 0 1 1 305.726 210.786 0.541291
5 0 1 2 703.924 215.148 0.880938
6 0 2 0 658.901 398.581 0.688447
7 0 2 1 325.248 425.932 0.397438
8 0 2 2 176.652 474.46 0.409081
9 0 3 0 732.01 400.684 0.678882
10 0 3 1 283.255 419.641 0.269604
11 0 3 2 221.557 468.14 0.32019
12 0 4 0 280.388 77.9989 0.878541
13 0 4 1 386.986 147.629 0.682496
14 0 4 2 692.7 145.49 0.881629
15 0 5 0 134.618 181.349 0.674731
16 0 5 1 280.385 208.801 0.349913
17 0 5 2 644.969 215.065 0.8253
18 0 6 0 207.492 179.313 0.598973
19 0 6 1 347.737 208.778 0.232001
20 0 6 2 757.207 217.189 0.812525
21 0 7 0 72.8462 527.151 0.22706
22 0 7 1 625.336 548.271 0.772262
23 0 7 2 347.632 588.324 0.269607
24 0 7 3 244.009 649.486 0.313708
25 0 8 0 58.9173 533.543 0.172604
26 0 8 1 745.924 548.292 0.767233
27 0 8 2 213.072 632.595 0.236114
28 0 8 3 190.638 698.007 0.310052
29 0 9 0 190.563 50.5694 0.877116
30 0 9 1 325.294 137.097 0.526509
31 0 9 2 664.774 141.331 0.206715
32 0 10 0 731.892 141.34 0.874797
33 0 11 0 616.893 310.03 0.910129
34 0 11 1 171.007 345.803 0.756125
35 0 12 0 773.989 309.94 0.831983
36 0 12 1 238.363 312.092 0.265093
37 0 13 0 594.568 666.338 0.83134
38 0 14 0 743.167 681.115 0.785755
39 0 15 0 316.92 280.421 0.590501
40 0 15 1 591.634 383.824 0.849728
41 0 16 0 330.955 269.885 0.274044
42 0 16 1 437.368 326.892 0.372591
43 0 16 2 785.166 396.343 0.82751
44 0 17 0 56.0073 716.9 0.55145
45 0 17 1 790.834 721.149 0.755109
46 0 18 0 574.9 702.202 0.653138
47 0 18 1 47.6738 714.749 0.236395
48 1 0 0 687.136 377.442 0.754951
49 1 0 1 356.204 381.742 0.643311
50 1 0 2 591.705 396.396 0.731349
51 1 0 3 799.31 428.085 0.671272
52 1 1 0 350.532 217.232 0.803578
53 1 1 1 796.27 225.54 0.893115
54 1 1 2 586.092 238.286 0.828145
55 1 1 3 701.019 253.035 0.837642
56 1 2 0 661.751 377.485 0.737626
57 1 2 1 370.302 383.815 0.681041
58 1 2 2 619.76 394.272 0.678388
59 1 2 3 841.315 430.131 0.673802
60 1 3 0 712.373 377.431 0.73601
61 1 3 1 344.905 381.696 0.597471
62 1 3 2 555.282 396.456 0.701269
63 1 3 3 768.396 430.1 0.635579
64 1 4 0 860.867 160.278 0.341466
65 1 4 1 633.727 191.807 0.240756
66 1 4 2 717.961 208.673 0.866803
67 1 5 0 372.938 215.135 0.828701
68 1 5 1 841.268 225.584 0.862296
69 1 5 2 642.205 244.655 0.919126
70 1 6 0 328.1 219.331 0.730778
71 1 6 1 532.905 232.02 0.830342
72 1 6 2 748.643 227.722 0.780142
73 1 6 3 734.795 250.906 0.683761
74 1 7 0 642.223 480.748 0.675154
75 1 7 1 614.068 512.38 0.606398
76 1 7 2 350.536 514.58 0.800336
77 1 7 3 860.98 565.195 0.811391
78 1 8 0 712.314 476.543 0.8098
79 1 8 1 392.601 504.008 0.699571
80 1 8 2 546.796 522.926 0.795084
81 1 8 3 773.921 565.195 0.806165
82 1 9 0 838.405 143.496 0.911892
83 1 9 1 375.854 151.798 0.825249
84 1 9 2 611.313 179.253 0.877906
85 1 9 3 684.275 200.371 0.906482
86 1 10 0 572.158 181.341 0.165691
87 1 11 0 403.819 305.755 0.745581
88 1 11 1 661.951 320.558 0.950217
89 1 11 2 891.748 328.844 0.862925
90 1 12 0 709.526 309.958 0.880273
91 1 12 1 524.399 324.689 0.890182
92 1 13 0 630.996 560.917 0.768997
93 1 13 1 600.168 634.745 0.764903
94 1 13 2 302.837 655.782 0.782311
95 1 13 3 883.242 687.465 0.753098
96 1 14 0 706.645 563.076 0.884454
97 1 14 1 389.66 624.204 0.777596
98 1 14 2 529.968 649.484 0.728422
99 1 14 3 765.541 700.046 0.689494
100 1 15 0 936.63 293.114 0.826899
101 1 15 1 434.647 335.292 0.509817
102 1 15 2 639.394 369.054 0.861628
103 1 16 0 734.783 371.108 0.571272
104 1 16 1 538.488 383.796 0.753395
105 1 17 0 731.979 579.793 0.619105
106 1 17 1 417.952 630.443 0.678112
107 1 17 2 530.131 664.187 0.495632
108 1 17 3 790.862 723.271 0.473361
109 1 18 0 636.527 596.806 0.295543
110 1 18 1 569.322 632.676 0.508194
111 1 18 2 347.7 681.124 0.783466
112 1 18 3 886.205 681.063 0.484588
113 2 0 0 507.578 202.42 0.235842
114 2 0 1 642.22 383.824 0.687489
115 2 0 2 908.752 411.161 0.761687
116 2 0 3 501.855 503.96 0.658737
117 2 1 0 493.583 82.2312 0.675167
118 2 1 1 658.96 223.469 0.809473
119 2 1 2 953.5 257.263 0.882759
120 2 1 3 510.464 328.86 0.850587
121 2 2 0 504.689 206.646 0.305792
122 2 2 1 661.962 379.608 0.668542
123 2 2 2 942.293 413.287 0.689652
124 2 2 3 546.74 508.181 0.625832
125 2 3 0 527.161 194.068 0.177953
126 2 3 1 622.64 392.204 0.669612
127 2 3 2 883.309 406.953 0.68811
128 2 3 3 457.083 499.757 0.668502
129 2 4 0 549.63 42.0574 0.854208
130 2 5 0 482.258 92.7281 0.849566
131 2 5 1 684.287 210.774 0.865706
132 2 5 2 1029.2 261.567 0.798059
133 2 5 3 1006.81 261.56 0.826662
134 2 5 4 588.962 331.023 0.835583
135 2 6 0 507.538 75.8911 0.621632
136 2 6 1 628.184 231.945 0.76969
137 2 6 2 900.157 246.707 0.819432
138 2 6 3 437.555 320.486 0.817928
139 2 7 0 614.212 468.16 0.356243
140 2 7 1 886.297 493.438 0.623363
141 2 7 2 546.794 630.478 0.756609
142 2 8 0 602.968 495.554 0.595214
143 2 8 1 863.75 508.221 0.843154
144 2 8 2 457.02 567.293 0.830761
145 2 9 0 507.566 35.884 0.865802
146 2 9 1 670.288 147.629 0.741296
147 2 9 2 998.251 189.746 0.615001
148 2 9 3 555.235 240.371 0.721061
149 2 10 0 614.064 149.702 0.836747
150 2 10 1 933.793 177.056 0.785084
151 2 10 2 462.701 231.963 0.74674
152 2 11 0 459.996 177.113 0.845227
153 2 11 1 1004.07 179.216 0.384
154 2 11 2 706.615 291.031 0.891827
155 2 11 3 995.507 328.95 0.696094
156 2 11 4 602.918 430.075 0.758772
157 2 12 0 818.788 297.29 0.889236
158 2 12 1 633.785 347.937 0.762657
159 2 12 2 409.461 415.481 0.828863
160 2 13 0 869.334 548.243 0.373516
161 2 13 1 605.738 565.134 0.305212
162 2 13 2 549.639 765.283 0.694444
163 2 14 0 866.574 605.214 0.74683
164 2 14 1 622.646 617.912 0.757554
165 2 14 2 457.046 666.413 0.784854
166 2 15 0 1029.2 120.178 0.207255
167 2 15 1 658.983 314.197 0.592043
168 2 16 0 998.292 90.6671 0.150441
169 2 16 1 799.267 242.487 0.828168
170 2 16 2 588.861 377.402 0.23558
171 2 17 0 844.072 590.453 0.60677
172 2 17 1 594.63 607.297 0.564913
173 2 17 2 457.03 662.101 0.495361
174 2 18 0 841.206 579.909 0.34498
175 2 18 1 583.304 582.068 0.171734
176 2 18 2 549.614 765.495 0.16694
177 3 0 0 563.642 348.007 0.623903
178 3 0 1 238.364 356.338 0.694546
179 3 0 2 664.709 381.728 0.603698
180 3 1 0 684.149 177.214 0.824823
181 3 1 1 232.645 189.79 0.821496
182 3 1 2 558.028 191.853 0.786793
183 3 2 0 543.977 347.986 0.638364
184 3 2 1 258.123 358.448 0.696028
185 3 2 2 703.809 381.664 0.60173
186 3 3 0 216.029 352.191 0.654815
187 3 3 1 583.302 350.053 0.581909
188 3 3 2 636.602 383.8 0.565617
189 3 4 0 614.228 90.7237 0.84828
190 3 4 1 288.83 141.202 0.791301
191 3 4 2 502.025 141.223 0.496392
192 3 5 0 726.219 177.154 0.725695
193 3 5 1 532.85 191.796 0.690676
194 3 5 2 255.096 189.753 0.822587
195 3 6 0 642.193 179.185 0.788643
196 3 6 1 207.484 191.809 0.750426
197 3 6 2 580.525 193.907 0.819398
198 3 7 0 283.214 476.596 0.811189
199 3 7 1 549.788 472.364 0.66587
200 3 7 2 732.005 516.624 0.731146
201 3 8 0 235.649 466.076 0.790991
202 3 8 1 583.285 470.264 0.337203
203 3 8 2 583.267 512.435 0.592994
204 3 9 0 257.968 130.76 0.885618
205 3 10 0 656.159 94.9095 0.780302
206 3 10 1 524.28 128.638 0.896654
207 3 11 0 260.865 278.369 0.913633
208 3 12 0 619.724 276.181 0.825039
209 3 12 1 196.363 280.469 0.193407
210 3 13 0 569.237 581.975 0.787357
211 3 13 1 302.755 596.788 0.838436
212 3 13 2 796.511 666.264 0.793432
213 3 14 0 235.521 579.861 0.662262
214 3 14 1 642.26 598.836 0.598637
215 3 14 2 605.756 683.266 0.786623
216 3 15 0 532.835 318.376 0.193169
217 3 15 1 314.098 343.697 0.870309
218 3 16 0 580.467 339.521 0.712675
219 3 17 0 544.074 683.265 0.754761
220 3 18 0 367.299 598.859 0.780795
221 3 18 1 549.649 615.757 0.783432
222 3 18 2 751.647 681.158 0.683778
223 4 0 0 504.762 250.955 0.687264
224 4 0 1 858.177 274.116 0.744249
225 4 0 2 653.372 290.978 0.736664
226 4 0 3 437.389 347.97 0.602221
227 4 1 0 880.582 115.976 0.83535
228 4 1 1 516.042 128.662 0.747937
229 4 1 2 414.91 126.473 0.914757
230 4 1 3 650.566 132.85 0.824619
231 4 2 0 482.196 253.044 0.645773
232 4 2 1 835.667 271.999 0.70254
233 4 2 2 617.039 290.961 0.763538
234 4 2 3 482.231 347.958 0.549326
235 4 3 0 527.314 248.862 0.745344
236 4 3 1 883.247 276.192 0.736682
237 4 3 2 684.208 291.01 0.781259
238 4 3 3 392.505 350.044 0.570917
239 4 4 0 861 44.3416 0.90502
240 4 4 1 602.942 88.5851 0.817114
241 4 4 2 479.493 90.6321 0.655428
242 4 5 0 841.366 111.822 0.845118
243 4 5 1 479.528 126.491 0.958349
244 4 5 2 597.328 134.95 0.852742
245 4 6 0 911.506 120.213 0.820703
246 4 6 1 347.815 126.549 0.873514
247 4 6 2 549.603 128.727 0.897129
248 4 6 3 701.115 130.79 0.819612
249 4 7 0 485.107 362.725 0.50392
250 4 7 1 858.072 379.47 0.788232
251 4 7 2 622.572 409.078 0.787768
252 4 7 3 504.94 512.359 0.779489
253 4 8 0 530.141 350.103 0.775318
254 4 8 1 841.459 383.788 0.81892
255 4 8 2 687.054 402.759 0.830424
256 4 8 3 381.363 527.185 0.72878
257 4 9 0 437.426 48.5448 0.590381
258 4 10 0 367.439 48.5255 0.775742
259 4 10 1 908.458 54.7871 0.790637
260 4 10 2 647.825 75.8507 0.891865
261 4 10 3 516.044 84.3388 0.770277
262 4 11 0 827.29 185.594 0.312455
263 4 11 1 574.96 208.769 0.82865
264 4 11 2 507.668 202.464 0.413613
265 4 11 3 518.833 238.273 0.556682
266 4 12 0 563.648 189.716 0.81708
267 4 12 1 712.334 210.918 0.890355
268 4 12 2 928.172 210.755 0.886416
269 4 12 3 344.977 246.786 0.860889
270 4 13 0 479.495 444.941 0.353511
271 4 13 1 883.419 476.545 0.838345
272 4 13 2 633.709 514.591 0.823859
273 4 13 3 546.763 634.722 0.783694
274 4 14 0 566.509 442.764 0.783881
275 4 14 1 698.232 501.911 0.769215
276 4 14 2 844.124 531.402 0.822628
277 4 14 3 387.041 666.323 0.767303
278 4 15 0 813.183 219.281 0.483549
279 4 15 1 507.702 246.693 0.205442
280 4 15 2 591.673 267.784 0.859084
281 4 16 0 518.777 170.829 0.757474
282 4 16 1 841.339 240.418 0.809509
283 4 16 2 706.621 278.317 0.926165
284 4 16 3 325.406 350.012 0.845969
285 4 17 0 544.069 461.825 0.746524
286 4 17 1 687.173 531.409 0.710667
287 4 17 2 818.717 565.024 0.854638
288 4 17 3 325.441 662.11 0.740604
289 4 18 0 860.957 503.959 0.302764
290 4 18 1 670.237 533.585 0.732261
291 4 18 2 549.548 630.46 0.487377
P viewIdx, pafIdx, aOverAllIdx, bOverAllIdx, CandidAIdx, CandidBIdx, score
0 0 3 0 0 0 0
0 0 3 1 0 1 0
0 0 3 2 0 2 0.931715
0 0 4 0 1 0 0
0 0 4 1 1 1 0.894077
0 0 4 2 1 2 0
0 0 5 0 2 0 0.977892
0 0 5 1 2 1 0
0 0 5 2 2 2 0
0 1 6 21 0 0 0
0 1 6 22 0 1 0.967794
0 1 6 23 0 2 0
0 1 6 24 0 3 0
0 1 7 21 1 0 0
0 1 7 22 1 1 0
0 1 7 23 1 2 0.52595
0 1 7 24 1 3 0.277394
0 1 8 21 2 0 0
0 1 8 22 2 1 0
0 1 8 23 2 2 0
0 1 8 24 2 3 0.563083
0 2 21 37 0 0 0
0 2 22 37 1 0 0.979254
0 2 23 37 2 0 0
0 2 24 37 3 0 0
0 3 0 6 0 0 0.907112
0 3 0 7 0 1 0
0 3 0 8 0 2 0
0 3 1 6 1 0 0
0 3 1 7 1 1 0.678828
0 3 1 8 1 2 0
0 3 2 6 2 0 0
0 3 2 7 2 1 0
0 3 2 8 2 2 0.808588
0 4 0 9 0 0 0.909951
0 4 0 10 0 1 0
0 4 0 11 0 2 0
0 4 1 9 1 0 0
0 4 1 10 1 1 0.679495
0 4 1 11 1 2 0
0 4 2 9 2 0 0
0 4 2 10 2 1 0
0 4 2 11 2 2 0.806304
0 5 9 25 0 0 0
0 5 9 26 0 1 0.978746
0 5 9 27 0 2 0
0 5 9 28 0 3 0
0 5 10 25 1 0 0
0 5 10 26 1 1 0
0 5 10 27 1 2 0.280479
0 5 10 28 1 3 0.285168
0 5 11 25 2 0 0
0 5 11 26 2 1 0
0 5 11 27 2 2 0.285071
0 5 11 28 2 3 0.280516
0 6 25 38 0 0 0
0 6 26 38 1 0 0.982537
0 6 27 38 2 0 0
0 6 28 38 3 0 0
0 7 3 15 0 0 0.934095
0 7 3 16 0 1 0
0 7 3 17 0 2 0
0 7 4 15 1 0 0
0 7 4 16 1 1 0.755018
0 7 4 17 1 2 0
0 7 5 15 2 0 0
0 7 5 16 2 1 0
0 7 5 17 2 2 0.994137
0 8 15 33 0 0 0
0 8 15 34 0 1 0.978115
0 8 16 33 1 0 0
0 8 16 34 1 1 0
0 8 17 33 2 0 0.983131
0 8 17 34 2 1 0
0 9 33 39 0 0 0
0 9 33 40 0 1 0.994283
0 9 34 39 1 0 0.923443
0 9 34 40 1 1 0
0 10 15 29 0 0 0.969564
0 10 15 30 0 1 0
0 10 15 31 0 2 0
0 10 16 29 1 0 0
0 10 16 30 1 1 0.808919
0 10 16 31 1 2 0
0 10 17 29 2 0 0
0 10 17 30 2 1 0
0 10 17 31 2 2 0.734038
0 11 3 18 0 0 0.934787
0 11 3 19 0 1 0
0 11 3 20 0 2 0
0 11 4 18 1 0 0
0 11 4 19 1 1 0.763622
0 11 4 20 1 2 0
0 11 5 18 2 0 0
0 11 5 19 2 1 0
0 11 5 20 2 2 0.979392
0 12 18 35 0 0 0
0 12 18 36 0 1 0.900983
0 12 19 35 1 0 0
0 12 19 36 1 1 0
0 12 20 35 2 0 0.979757
0 12 20 36 2 1 0
0 13 35 41 0 0 0
0 13 35 42 0 1 0
0 13 35 43 0 2 0.989623
0 13 36 41 1 0 0.539781
0 13 36 42 1 1 0.460219
0 13 36 43 1 2 0
0 14 18 32 0 0 0
0 14 19 32 1 0 0
0 14 20 32 2 0 0.988771
0 15 3 12 0 0 0.929014
0 15 3 13 0 1 0
0 15 3 14 0 2 0
0 15 4 12 1 0 0
0 15 4 13 1 1 0.892979
0 15 4 14 1 2 0
0 15 5 12 2 0 0
0 15 5 13 2 1 0
0 15 5 14 2 2 0.987143
0 16 38 44 0 0 0
0 16 38 45 0 1 0.978635
0 17 37 46 0 0 0.94386
0 17 37 47 0 1 0
1 0 52 48 0 0 0
1 0 52 49 0 1 0.973368
1 0 52 50 0 2 0
1 0 52 51 0 3 0
1 0 53 48 1 0 0
1 0 53 49 1 1 0
1 0 53 50 1 2 0
1 0 53 51 1 3 0.994171
1 0 54 48 2 0 0
1 0 54 49 2 1 0
1 0 54 50 2 2 0.98033
1 0 54 51 2 3 0
1 0 55 48 3 0 0.975943
1 0 55 49 3 1 0
1 0 55 50 3 2 0
1 0 55 51 3 3 0
1 1 56 74 0 0 0.256457
1 1 56 75 0 1 0.256208
1 1 56 76 0 2 0
1 1 56 77 0 3 0
1 1 57 74 1 0 0
1 1 57 75 1 1 0
1 1 57 76 1 2 0.949848
1 1 57 77 1 3 0
1 1 58 74 2 0 0.256207
1 1 58 75 2 1 0.25646
1 1 58 76 2 2 0
1 1 58 77 2 3 0
1 1 59 74 3 0 0
1 1 59 75 3 1 0
1 1 59 76 3 2 0
1 1 59 77 3 3 0.990663
1 2 74 92 0 0 0.253551
1 2 74 93 0 1 0.255187
1 2 74 94 0 2 0
1 2 74 95 0 3 0
1 2 75 92 1 0 0.255198
1 2 75 93 1 1 0.253534
1 2 75 94 1 2 0
1 2 75 95 1 3 0
1 2 76 92 2 0 0
1 2 76 93 2 1 0
1 2 76 94 2 2 0.975872
1 2 76 95 2 3 0
1 2 77 92 3 0 0
1 2 77 93 3 1 0
1 2 77 94 3 2 0
1 2 77 95 3 3 0.99628
1 3 48 56 0 0 0.956864
1 3 48 57 0 1 0
1 3 48 58 0 2 0
1 3 48 59 0 3 0
1 3 49 56 1 0 0
1 3 49 57 1 1 0.898216
1 3 49 58 1 2 0
1 3 49 59 1 3 0
1 3 50 56 2 0 0
1 3 50 57 2 1 0
1 3 50 58 2 2 0.928941
1 3 50 59 2 3 0
1 3 51 56 3 0 0
1 3 51 57 3 1 0
1 3 51 58 3 2 0
1 3 51 59 3 3 0.909213
1 4 48 60 0 0 0.960641
1 4 48 61 0 1 0
1 4 48 62 0 2 0
1 4 48 63 0 3 0
1 4 49 60 1 0 0
1 4 49 61 1 1 0.892531
1 4 49 62 1 2 0
1 4 49 63 1 3 0
1 4 50 60 2 0 0
1 4 50 61 2 1 0
1 4 50 62 2 2 0.932653
1 4 50 63 2 3 0
1 4 51 60 3 0 0
1 4 51 61 3 1 0
1 4 51 62 3 2 0
1 4 51 63 3 3 0.915944
1 5 60 78 0 0 0.277188
1 5 60 79 0 1 0
1 5 60 80 0 2 0
1 5 60 81 0 3 0.255714
1 5 61 78 1 0 0
1 5 61 79 1 1 0.963138
1 5 61 80 1 2 0
1 5 61 81 1 3 0
1 5 62 78 2 0 0
1 5 62 79 2 1 0
1 5 62 80 2 2 0.98519
1 5 62 81 2 3 0
1 5 63 78 3 0 0.255329
1 5 63 79 3 1 0
1 5 63 80 3 2 0
1 5 63 81 3 3 0.277013
1 6 78 96 0 0 0.997875
1 6 78 97 0 1 0
1 6 78 98 0 2 0
1 6 78 99 0 3 0
1 6 79 96 1 0 0
1 6 79 97 1 1 0.990913
1 6 79 98 1 2 0
1 6 79 99 1 3 0
1 6 80 96 2 0 0
1 6 80 97 2 1 0
1 6 80 98 2 2 0.990617
1 6 80 99 2 3 0
1 6 81 96 3 0 0
1 6 81 97 3 1 0
1 6 81 98 3 2 0
1 6 81 99 3 3 0.988408
1 7 52 67 0 0 0.966773
1 7 52 68 0 1 0
1 7 52 69 0 2 0
1 7 53 67 1 0 0
1 7 53 68 1 1 0.994338
1 7 53 69 1 2 0
1 7 54 67 2 0 0
1 7 54 68 2 1 0
1 7 54 69 2 2 0.966319
1 7 55 67 3 0 0
1 7 55 68 3 1 0
1 7 55 69 3 2 0
1 8 67 87 0 0 0.993887
1 8 67 88 0 1 0
1 8 67 89 0 2 0
1 8 68 87 1 0 0
1 8 68 88 1 1 0
1 8 68 89 1 2 0.994138
1 8 69 87 2 0 0
1 8 69 88 2 1 0.995111
1 8 69 89 2 2 0
1 9 87 100 0 0 0
1 9 87 101 0 1 0.947367
1 9 87 102 0 2 0
1 9 88 100 1 0 0
1 9 88 101 1 1 0
1 9 88 102 1 2 0.962575
1 9 89 100 2 0 0.985532
1 9 89 101 2 1 0
1 9 89 102 2 2 0
1 10 67 82 0 0 0
1 10 67 83 0 1 0.981501
1 10 67 84 0 2 0
1 10 67 85 0 3 0
1 10 68 82 1 0 0.996419
1 10 68 83 1 1 0
1 10 68 84 1 2 0
1 10 68 85 1 3 0
1 10 69 82 2 0 0
1 10 69 83 2 1 0
1 10 69 84 2 2 0.516115
1 10 69 85 2 3 0.482374
1 11 52 70 0 0 0.957967
1 11 52 71 0 1 0
1 11 52 72 0 2 0
1 11 52 73 0 3 0
1 11 53 70 1 0 0
1 11 53 71 1 1 0
1 11 53 72 1 2 0.992555
1 11 53 73 1 3 0
1 11 54 70 2 0 0
1 11 54 71 2 1 0.995454
1 11 54 72 2 2 0
1 11 54 73 2 3 0
1 11 55 70 3 0 0
1 11 55 71 3 1 0
1 11 55 72 3 2 0
1 11 55 73 3 3 0.971791
1 12 70 90 0 0 0
1 12 70 91 0 1 0
1 12 71 90 1 0 0
1 12 71 91 1 1 0.986456
1 12 72 90 2 0 0.501471
1 12 72 91 2 1 0
1 12 73 90 3 0 0.498529
1 12 73 91 3 1 0
1 13 90 103 0 0 0.829911
1 13 90 104 0 1 0
1 13 91 103 1 0 0
1 13 91 104 1 1 0.992229
1 14 70 86 0 0 0
1 14 71 86 1 0 0.655612
1 14 72 86 2 0 0
1 14 73 86 3 0 0
1 15 52 64 0 0 0
1 15 52 65 0 1 0
1 15 52 66 0 2 0
1 15 53 64 1 0 0.808346
1 15 53 65 1 1 0
1 15 53 66 1 2 0
1 15 54 64 2 0 0
1 15 54 65 2 1 0.776556
1 15 54 66 2 2 0
1 15 55 64 3 0 0
1 15 55 65 3 1 0
1 15 55 66 3 2 0.977187
1 16 96 105 0 0 0.969842
1 16 96 106 0 1 0
1 16 96 107 0 2 0
1 16 96 108 0 3 0
1 16 97 105 1 0 0
1 16 97 106 1 1 0.936905
1 16 97 107 1 2 0
1 16 97 108 1 3 0
1 16 98 105 2 0 0
1 16 98 106 2 1 0
1 16 98 107 2 2 0.786819
1 16 98 108 2 3 0
1 16 99 105 3 0 0
1 16 99 106 3 1 0
1 16 99 107 3 2 0
1 16 99 108 3 3 0.830669
1 17 92 109 0 0 0.813253
1 17 92 110 0 1 0
1 17 92 111 0 2 0
1 17 92 112 0 3 0
1 17 93 109 1 0 0
1 17 93 110 1 1 0.868312
1 17 93 111 1 2 0
1 17 93 112 1 3 0
1 17 94 109 2 0 0
1 17 94 110 2 1 0
1 17 94 111 2 2 0.976642
1 17 94 112 2 3 0
1 17 95 109 3 0 0
1 17 95 110 3 1 0
1 17 95 111 3 2 0
1 17 95 112 3 3 0.684255
2 0 117 113 0 0 0.850072
2 0 117 114 0 1 0
2 0 117 115 0 2 0
2 0 117 116 0 3 0
2 0 118 113 1 0 0
2 0 118 114 1 1 0.984111
2 0 118 115 1 2 0
2 0 118 116 1 3 0
2 0 119 113 2 0 0
2 0 119 114 2 1 0
2 0 119 115 2 2 0.975938
2 0 119 116 2 3 0
2 0 120 113 3 0 0
2 0 120 114 3 1 0
2 0 120 115 3 2 0
2 0 120 116 3 3 0.992724
2 1 121 139 0 0 0
2 1 121 140 0 1 0
2 1 121 141 0 2 0
2 1 122 139 1 0 0.867939
2 1 122 140 1 1 0
2 1 122 141 1 2 0
2 1 123 139 2 0 0
2 1 123 140 2 1 0.947108
2 1 123 141 2 2 0
2 1 124 139 3 0 0
2 1 124 140 3 1 0
2 1 124 141 3 2 0.983394
2 2 139 160 0 0 0
2 2 139 161 0 1 0.49352
2 2 139 162 0 2 0.276064
2 2 140 160 1 0 0.920682
2 2 140 161 1 1 0
2 2 140 162 1 2 0
2 2 141 160 2 0 0
2 2 141 161 2 1 0
2 2 141 162 2 2 0.540912
2 3 113 121 0 0 0.668489
2 3 113 122 0 1 0
2 3 113 123 0 2 0
2 3 113 124 0 3 0
2 3 114 121 1 0 0
2 3 114 122 1 1 0.885578
2 3 114 123 1 2 0
2 3 114 124 1 3 0
2 3 115 121 2 0 0
2 3 115 122 2 1 0
2 3 115 123 2 2 0.954282
2 3 115 124 2 3 0
2 3 116 121 3 0 0
2 3 116 122 3 1 0
2 3 116 123 3 2 0
2 3 116 124 3 3 0.903207
2 4 113 125 0 0 0.645032
2 4 113 126 0 1 0
2 4 113 127 0 2 0
2 4 113 128 0 3 0
2 4 114 125 1 0 0
2 4 114 126 1 1 0.892153
2 4 114 127 1 2 0
2 4 114 128 1 3 0
2 4 115 125 2 0 0
2 4 115 126 2 1 0
2 4 115 127 2 2 0.943779
2 4 115 128 2 3 0
2 4 116 125 3 0 0
2 4 116 126 3 1 0
2 4 116 127 3 2 0
2 4 116 128 3 3 0.90684
2 5 125 142 0 0 0
2 5 125 143 0 1 0
2 5 125 144 0 2 0
2 5 126 142 1 0 0.946541
2 5 126 143 1 1 0
2 5 126 144 1 2 0
2 5 127 142 2 0 0
2 5 127 143 2 1 0.977762
2 5 127 144 2 2 0
2 5 128 142 3 0 0
2 5 128 143 3 1 0
2 5 128 144 3 2 0.993146
2 6 142 163 0 0 0
2 6 142 164 0 1 0.981332
2 6 142 165 0 2 0
2 6 143 163 1 0 0.994988
2 6 143 164 1 1 0
2 6 143 165 1 2 0
2 6 144 163 2 0 0
2 6 144 164 2 1 0
2 6 144 165 2 2 0.993308
2 7 117 130 0 0 0.938084
2 7 117 131 0 1 0
2 7 117 132 0 2 0
2 7 117 133 0 3 0
2 7 117 134 0 4 0
2 7 118 130 1 0 0
2 7 118 131 1 1 0.986162
2 7 118 132 1 2 0
2 7 118 133 1 3 0
2 7 118 134 1 4 0
2 7 119 130 2 0 0
2 7 119 131 2 1 0
2 7 119 132 2 2 0.497792
2 7 119 133 2 3 0.502208
2 7 119 134 2 4 0
2 7 120 130 3 0 0
2 7 120 131 3 1 0
2 7 120 132 3 2 0
2 7 120 133 3 3 0
2 7 120 134 3 4 0.995715
2 8 130 152 0 0 0.981603
2 8 130 153 0 1 0
2 8 130 154 0 2 0
2 8 130 155 0 3 0
2 8 130 156 0 4 0
2 8 131 152 1 0 0
2 8 131 153 1 1 0
2 8 131 154 1 2 0.995271
2 8 131 155 1 3 0
2 8 131 156 1 4 0
2 8 132 152 2 0 0
2 8 132 153 2 1 0
2 8 132 154 2 2 0
2 8 132 155 2 3 0.506028
2 8 132 156 2 4 0
2 8 133 152 3 0 0
2 8 133 153 3 1 0
2 8 133 154 3 2 0
2 8 133 155 3 3 0.493972
2 8 133 156 3 4 0
2 8 134 152 4 0 0
2 8 134 153 4 1 0
2 8 134 154 4 2 0
2 8 134 155 4 3 0
2 8 134 156 4 4 0.968481
2 9 152 166 0 0 0
2 9 152 167 0 1 0
2 9 153 166 1 0 0.815368
2 9 153 167 1 1 0
2 9 154 166 2 0 0
2 9 154 167 2 1 0.930957
2 9 155 166 3 0 0
2 9 155 167 3 1 0
2 9 156 166 4 0 0
2 9 156 167 4 1 0
2 10 130 145 0 0 0.980687
2 10 130 146 0 1 0
2 10 130 147 0 2 0
2 10 130 148 0 3 0
2 10 131 145 1 0 0
2 10 131 146 1 1 0.961248
2 10 131 147 1 2 0
2 10 131 148 1 3 0
2 10 132 145 2 0 0
2 10 132 146 2 1 0
2 10 132 147 2 2 0.50093
2 10 132 148 2 3 0
2 10 133 145 3 0 0
2 10 133 146 3 1 0
2 10 133 147 3 2 0.49907
2 10 133 148 3 3 0
2 10 134 145 4 0 0
2 10 134 146 4 1 0
2 10 134 147 4 2 0
2 10 134 148 4 3 0.958199
2 11 117 135 0 0 0.918699
2 11 117 136 0 1 0
2 11 117 137 0 2 0
2 11 117 138 0 3 0
2 11 118 135 1 0 0
2 11 118 136 1 1 0.981077
2 11 118 137 1 2 0
2 11 118 138 1 3 0
2 11 119 135 2 0 0
2 11 119 136 2 1 0
2 11 119 137 2 2 0.994451
2 11 119 138 2 3 0
2 11 120 135 3 0 0
2 11 120 136 3 1 0
2 11 120 137 3 2 0
2 11 120 138 3 3 0.993091
2 12 135 157 0 0 0
2 12 135 158 0 1 0
2 12 135 159 0 2 0
2 12 136 157 1 0 0
2 12 136 158 1 1 0.970935
2 12 136 159 1 2 0
2 12 137 157 2 0 0.96947
2 12 137 158 2 1 0
2 12 137 159 2 2 0
2 12 138 157 3 0 0
2 12 138 158 3 1 0
2 12 138 159 3 2 0.971992
2 13 157 168 0 0 0
2 13 157 169 0 1 0.987818
2 13 157 170 0 2 0
2 13 158 168 1 0 0
2 13 158 169 1 1 0
2 13 158 170 1 2 0.822005
2 13 159 168 2 0 0
2 13 159 169 2 1 0
2 13 159 170 2 2 0
2 14 135 149 0 0 0
2 14 135 150 0 1 0
2 14 135 151 0 2 0
2 14 136 149 1 0 0.996316
2 14 136 150 1 1 0
2 14 136 151 1 2 0
2 14 137 149 2 0 0
2 14 137 150 2 1 0.970729
2 14 137 151 2 2 0
2 14 138 149 3 0 0
2 14 138 150 3 1 0
2 14 138 151 3 2 0.94857
2 15 117 129 0 0 0.924129
2 15 118 129 1 0 0
2 15 119 129 2 0 0
2 15 120 129 3 0 0
2 16 163 171 0 0 0.897196
2 16 163 172 0 1 0
2 16 163 173 0 2 0
2 16 164 171 1 0 0
2 16 164 172 1 1 0.908994
2 16 164 173 1 2 0
2 16 165 171 2 0 0
2 16 165 172 2 1 0
2 16 165 173 2 2 0.618447
2 17 160 174 0 0 0
2 17 160 175 0 1 0
2 17 160 176 0 2 0
2 17 161 174 1 0 0
2 17 161 175 1 1 0.676239
2 17 161 176 1 2 0
2 17 162 174 2 0 0
2 17 162 175 2 1 0
2 17 162 176 2 2 0.729854
3 0 180 177 0 0 0
3 0 180 178 0 1 0
3 0 180 179 0 2 0.954321
3 0 181 177 1 0 0
3 0 181 178 1 1 0.987367
3 0 181 179 1 2 0
3 0 182 177 2 0 0.939911
3 0 182 178 2 1 0
3 0 182 179 2 2 0
3 1 183 198 0 0 0
3 1 183 199 0 1 0.976013
3 1 183 200 0 2 0
3 1 184 198 1 0 0.977459
3 1 184 199 1 1 0
3 1 184 200 1 2 0
3 1 185 198 2 0 0
3 1 185 199 2 1 0
3 1 185 200 2 2 0.987509
3 2 198 210 0 0 0
3 2 198 211 0 1 0.996854
3 2 198 212 0 2 0
3 2 199 210 1 0 0.979121
3 2 199 211 1 1 0
3 2 199 212 1 2 0
3 2 200 210 2 0 0
3 2 200 211 2 1 0
3 2 200 212 2 2 0.982825
3 3 177 183 0 0 0.908432
3 3 177 184 0 1 0
3 3 177 185 0 2 0
3 3 178 183 1 0 0
3 3 178 184 1 1 0.928794
3 3 178 185 1 2 0
3 3 179 183 2 0 0
3 3 179 184 2 1 0
3 3 179 185 2 2 0.893539
3 4 177 186 0 0 0
3 4 177 187 0 1 0.907939
3 4 177 188 0 2 0
3 4 178 186 1 0 0.922124
3 4 178 187 1 1 0
3 4 178 188 1 2 0
3 4 179 186 2 0 0
3 4 179 187 2 1 0
3 4 179 188 2 2 0.889314
3 5 186 201 0 0 0.971776
3 5 186 202 0 1 0
3 5 186 203 0 2 0
3 5 187 201 1 0 0
3 5 187 202 1 1 0.272399
3 5 187 203 1 2 0.268638
3 5 188 201 2 0 0
3 5 188 202 2 1 0.268731
3 5 188 203 2 2 0.272235
3 6 201 213 0 0 0.990727
3 6 201 214 0 1 0
3 6 201 215 0 2 0
3 6 202 213 1 0 0
3 6 202 214 1 1 0.265637
3 6 202 215 1 2 0.267455
3 6 203 213 2 0 0
3 6 203 214 2 1 0.267507
3 6 203 215 2 2 0.265734
3 7 180 192 0 0 0.964458
3 7 180 193 0 1 0
3 7 180 194 0 2 0
3 7 181 192 1 0 0
3 7 181 193 1 1 0
3 7 181 194 1 2 0.980931
3 7 182 192 2 0 0
3 7 182 193 2 1 0.980673
3 7 182 194 2 2 0
3 8 192 207 0 0 0
3 8 193 207 1 0 0
3 8 194 207 2 0 0.994293
3 9 207 216 0 0 0
3 9 207 217 0 1 0.991034
3 10 192 204 0 0 0
3 10 193 204 1 0 0
3 10 194 204 2 0 0.991676
3 11 180 195 0 0 0.972657
3 11 180 196 0 1 0
3 11 180 197 0 2 0
3 11 181 195 1 0 0
3 11 181 196 1 1 0.98163
3 11 181 197 1 2 0
3 11 182 195 2 0 0
3 11 182 196 2 1 0
3 11 182 197 2 2 0.985729
3 12 195 208 0 0 0.491384
3 12 195 209 0 1 0
3 12 196 208 1 0 0
3 12 196 209 1 1 0.738037
3 12 197 208 2 0 0.508616
3 12 197 209 2 1 0
3 13 208 218 0 0 0.968259
3 13 209 218 1 0 0
3 14 195 205 0 0 0.985043
3 14 195 206 0 1 0
3 14 196 205 1 0 0
3 14 196 206 1 1 0
3 14 197 205 2 0 0
3 14 197 206 2 1 0.994345
3 15 180 189 0 0 0.946779
3 15 180 190 0 1 0
3 15 180 191 0 2 0
3 15 181 189 1 0 0
3 15 181 190 1 1 0.971008
3 15 181 191 1 2 0
3 15 182 189 2 0 0
3 15 182 190 2 1 0
3 15 182 191 2 2 0.875452
3 16 213 219 0 0 0
3 16 214 219 1 0 0
3 16 215 219 2 0 0.978493
3 17 210 220 0 0 0
3 17 210 221 0 1 0.873494
3 17 210 222 0 2 0
3 17 211 220 1 0 0.990878
3 17 211 221 1 1 0
3 17 211 222 1 2 0
3 17 212 220 2 0 0
3 17 212 221 2 1 0
3 17 212 222 2 2 0.90955
4 0 227 223 0 0 0
4 0 227 224 0 1 0.989285
4 0 227 225 0 2 0
4 0 227 226 0 3 0
4 0 228 223 1 0 0.953458
4 0 228 224 1 1 0
4 0 228 225 1 2 0
4 0 228 226 1 3 0
4 0 229 223 2 0 0
4 0 229 224 2 1 0
4 0 229 225 2 2 0
4 0 229 226 2 3 0.998029
4 0 230 223 3 0 0
4 0 230 224 3 1 0
4 0 230 225 3 2 0.99309
4 0 230 226 3 3 0
4 1 231 249 0 0 0.256537
4 1 231 250 0 1 0
4 1 231 251 0 2 0
4 1 231 252 0 3 0.261364
4 1 232 249 1 0 0
4 1 232 250 1 1 0.999381
4 1 232 251 1 2 0
4 1 232 252 1 3 0
4 1 233 249 2 0 0
4 1 233 250 2 1 0
4 1 233 251 2 2 0.995072
4 1 233 252 2 3 0
4 1 234 249 3 0 0.261307
4 1 234 250 3 1 0
4 1 234 251 3 2 0
4 1 234 252 3 3 0.256643
4 2 249 270 0 0 0.47409
4 2 249 271 0 1 0
4 2 249 272 0 2 0
4 2 249 273 0 3 0.27193
4 2 250 270 1 0 0
4 2 250 271 1 1 0.994779
4 2 250 272 1 2 0
4 2 250 273 1 3 0
4 2 251 270 2 0 0
4 2 251 271 2 1 0
4 2 251 272 2 2 0.994847
4 2 251 273 2 3 0
4 2 252 270 3 0 0
4 2 252 271 3 1 0
4 2 252 272 3 2 0
4 2 252 273 3 3 0.515777
4 3 223 231 0 0 0.919222
4 3 223 232 0 1 0
4 3 223 233 0 2 0
4 3 223 234 0 3 0
4 3 224 231 1 0 0
4 3 224 232 1 1 0.947918
4 3 224 233 1 2 0
4 3 224 234 1 3 0
4 3 225 231 2 0 0
4 3 225 232 2 1 0
4 3 225 233 2 2 0.952846
4 3 225 234 2 3 0
4 3 226 231 3 0 0
4 3 226 232 3 1 0
4 3 226 233 3 2 0
4 3 226 234 3 3 0.871659
4 4 223 235 0 0 0.915061
4 4 223 236 0 1 0
4 4 223 237 0 2 0
4 4 223 238 0 3 0
4 4 224 235 1 0 0
4 4 224 236 1 1 0.957986
4 4 224 237 1 2 0
4 4 224 238 1 3 0
4 4 225 235 2 0 0
4 4 225 236 2 1 0
4 4 225 237 2 2 0.953027
4 4 225 238 2 3 0
4 4 226 235 3 0 0
4 4 226 236 3 1 0
4 4 226 237 3 2 0
4 4 226 238 3 3 0.879514
4 5 235 253 0 0 0.992039
4 5 235 254 0 1 0
4 5 235 255 0 2 0
4 5 235 256 0 3 0
4 5 236 253 1 0 0
4 5 236 254 1 1 0.973324
4 5 236 255 1 2 0
4 5 236 256 1 3 0
4 5 237 253 2 0 0
4 5 237 254 2 1 0
4 5 237 255 2 2 0.997212
4 5 237 256 2 3 0
4 5 238 253 3 0 0
4 5 238 254 3 1 0
4 5 238 255 3 2 0
4 5 238 256 3 3 0.973667
4 6 253 274 0 0 0.990075
4 6 253 275 0 1 0
4 6 253 276 0 2 0
4 6 253 277 0 3 0
4 6 254 274 1 0 0
4 6 254 275 1 1 0
4 6 254 276 1 2 0.994203
4 6 254 277 1 3 0
4 6 255 274 2 0 0
4 6 255 275 2 1 0.997139
4 6 255 276 2 2 0
4 6 255 277 2 3 0
4 6 256 274 3 0 0
4 6 256 275 3 1 0
4 6 256 276 3 2 0
4 6 256 277 3 3 0.97947
4 7 227 242 0 0 0.995013
4 7 227 243 0 1 0
4 7 227 244 0 2 0
4 7 228 242 1 0 0
4 7 228 243 1 1 0
4 7 228 244 1 2 0
4 7 229 242 2 0 0
4 7 229 243 2 1 0.948371
4 7 229 244 2 2 0
4 7 230 242 3 0 0
4 7 230 243 3 1 0
4 7 230 244 3 2 0.987158
4 8 242 262 0 0 0.820823
4 8 242 263 0 1 0
4 8 242 264 0 2 0
4 8 242 265 0 3 0
4 8 243 262 1 0 0
4 8 243 263 1 1 0
4 8 243 264 1 2 0.503014
4 8 243 265 1 3 0.496986
4 8 244 262 2 0 0
4 8 244 263 2 1 0.95692
4 8 244 264 2 2 0
4 8 244 265 2 3 0
4 9 262 278 0 0 0.831558
4 9 262 279 0 1 0
4 9 262 280 0 2 0
4 9 263 278 1 0 0
4 9 263 279 1 1 0
4 9 263 280 1 2 0.99535
4 9 264 278 2 0 0
4 9 264 279 2 1 0.495013
4 9 264 280 2 2 0
4 9 265 278 3 0 0
4 9 265 279 3 1 0.504987
4 9 265 280 3 2 0
4 10 242 257 0 0 0
4 10 243 257 1 0 0.912001
4 10 244 257 2 0 0
4 11 227 245 0 0 0.988167
4 11 227 246 0 1 0
4 11 227 247 0 2 0
4 11 227 248 0 3 0
4 11 228 245 1 0 0
4 11 228 246 1 1 0
4 11 228 247 1 2 0.96783
4 11 228 248 1 3 0
4 11 229 245 2 0 0
4 11 229 246 2 1 0.9898
4 11 229 247 2 2 0
4 11 229 248 2 3 0
4 11 230 245 3 0 0
4 11 230 246 3 1 0
4 11 230 247 3 2 0
4 11 230 248 3 3 0.98998
4 12 245 266 0 0 0
4 12 245 267 0 1 0
4 12 245 268 0 2 0.98509
4 12 245 269 0 3 0
4 12 246 266 1 0 0
4 12 246 267 1 1 0
4 12 246 268 1 2 0
4 12 246 269 1 3 0.985926
4 12 247 266 2 0 0.994754
4 12 247 267 2 1 0
4 12 247 268 2 2 0
4 12 247 269 2 3 0
4 12 248 266 3 0 0
4 12 248 267 3 1 0.997978
4 12 248 268 3 2 0
4 12 248 269 3 3 0
4 13 266 281 0 0 0.994977
4 13 266 282 0 1 0
4 13 266 283 0 2 0
4 13 266 284 0 3 0
4 13 267 281 1 0 0
4 13 267 282 1 1 0
4 13 267 283 1 2 0.999116
4 13 267 284 1 3 0
4 13 268 281 2 0 0
4 13 268 282 2 1 0.990772
4 13 268 283 2 2 0
4 13 268 284 2 3 0
4 13 269 281 3 0 0
4 13 269 282 3 1 0
4 13 269 283 3 2 0
4 13 269 284 3 3 0.97333
4 14 245 258 0 0 0
4 14 245 259 0 1 0.984397
4 14 245 260 0 2 0
4 14 245 261 0 3 0
4 14 246 258 1 0 0.969143
4 14 246 259 1 1 0
4 14 246 260 1 2 0
4 14 246 261 1 3 0
4 14 247 258 2 0 0
4 14 247 259 2 1 0
4 14 247 260 2 2 0
4 14 247 261 2 3 0.998349
4 14 248 258 3 0 0
4 14 248 259 3 1 0
4 14 248 260 3 2 0.993028
4 14 248 261 3 3 0
4 15 227 239 0 0 0.995634
4 15 227 240 0 1 0
4 15 227 241 0 2 0
4 15 228 239 1 0 0
4 15 228 240 1 1 0
4 15 228 241 1 2 0.919798
4 15 229 239 2 0 0
4 15 229 240 2 1 0
4 15 229 241 2 2 0
4 15 230 239 3 0 0
4 15 230 240 3 1 0.993191
4 15 230 241 3 2 0
4 16 274 285 0 0 0.955809
4 16 274 286 0 1 0
4 16 274 287 0 2 0
4 16 274 288 0 3 0
4 16 275 285 1 0 0
4 16 275 286 1 1 0.941893
4 16 275 287 1 2 0
4 16 275 288 1 3 0
4 16 276 285 2 0 0
4 16 276 286 2 1 0
4 16 276 287 2 2 0.95635
4 16 276 288 2 3 0
4 16 277 285 3 0 0
4 16 277 286 3 1 0
4 16 277 287 3 2 0
4 16 277 288 3 3 0.984136
4 17 270 289 0 0 0
4 17 270 290 0 1 0
4 17 270 291 0 2 0
4 17 271 289 1 0 0.813679
4 17 271 290 1 1 0
4 17 271 291 1 2 0
4 17 272 289 2 0 0
4 17 272 290 2 1 0.986313
4 17 272 291 2 2 0
4 17 273 289 3 0 0
4 17 273 290 3 1 0
4 17 273 291 3 2 0.684255
E jointIdx viewA viewB aOverAllIdx bOverallIdx score
0 0 1 0 48 0.507416
0 0 1 0 49 -1
0 0 1 0 50 0.349318
0 0 1 0 51 -1
0 0 1 1 48 0.226492
0 0 1 1 49 0.00364207
0 0 1 1 50 0.285763
0 0 1 1 51 0.00545901
0 0 1 2 48 0.0889368
0 0 1 2 49 -1
0 0 1 2 50 0.141405
0 0 1 2 51 0.61042
0 0 2 0 113 0.585347
0 0 2 0 114 -1
0 0 2 0 115 -1
0 0 2 0 116 -1
0 0 2 1 113 -1
0 0 2 1 114 0.855392
0 0 2 1 115 -1
0 0 2 1 116 -1
0 0 2 2 113 -1
0 0 2 2 114 -1
0 0 2 2 115 0.4502
0 0 2 2 116 0.952872
0 0 3 0 177 -1
0 0 3 0 178 0.880866
0 0 3 0 179 -1
0 0 3 1 177 0.814791
0 0 3 1 178 -1
0 0 3 1 179 -1
0 0 3 2 177 -1
0 0 3 2 178 -1
0 0 3 2 179 0.771188
0 0 4 0 223 -1
0 0 4 0 224 -1
0 0 4 0 225 -1
0 0 4 0 226 0.816197
0 0 4 1 223 0.953171
0 0 4 1 224 -1
0 0 4 1 225 0.940139
0 0 4 1 226 -1
0 0 4 2 223 0.925302
0 0 4 2 224 -1
0 0 4 2 225 0.757954
0 0 4 2 226 -1
0 1 2 48 113 0.429716
0 1 2 48 114 -1
0 1 2 48 115 0.736485
0 1 2 48 116 -1
0 1 2 49 113 -1
0 1 2 49 114 -1
0 1 2 49 115 -1
0 1 2 49 116 0.793179
0 1 2 50 113 -1
0 1 2 50 114 0.872325
0 1 2 50 115 -1
0 1 2 50 116 -1
0 1 2 51 113 0.971857
0 1 2 51 114 -1
0 1 2 51 115 0.885746
0 1 2 51 116 -1
0 1 3 48 177 0.133562
0 1 3 48 178 0.808979
0 1 3 48 179 -1
0 1 3 49 177 0.0754662
0 1 3 49 178 -1
0 1 3 49 179 0.958999
0 1 3 50 177 0.331074
0 1 3 50 178 0.172087
0 1 3 50 179 0.0651089
0 1 3 51 177 0.407169
0 1 3 51 178 0.263609
0 1 3 51 179 -1
0 1 4 48 223 0.154772
0 1 4 48 224 -1
0 1 4 48 225 -1
0 1 4 48 226 0.792845
0 1 4 49 223 -1
0 1 4 49 224 0.809494
0 1 4 49 225 -1
0 1 4 49 226 -1
0 1 4 50 223 -1
0 1 4 50 224 -1
0 1 4 50 225 0.716747
0 1 4 50 226 -1
0 1 4 51 223 0.180104
0 1 4 51 224 -1
0 1 4 51 225 -1
0 1 4 51 226 0.437684
0 2 3 113 177 -1
0 2 3 113 178 0.730752
0 2 3 113 179 -1
0 2 3 114 177 0.666525
0 2 3 114 178 -1
0 2 3 114 179 -1
0 2 3 115 177 -1
0 2 3 115 178 -1
0 2 3 115 179 0.720765
0 2 3 116 177 -1
0 2 3 116 178 -1
0 2 3 116 179 0.736385
0 2 4 113 223 0.940527
0 2 4 113 224 -1
0 2 4 113 225 -1
0 2 4 113 226 0.221911
0 2 4 114 223 -1
0 2 4 114 224 -1
0 2 4 114 225 0.889296
0 2 4 114 226 -1
0 2 4 115 223 0.0185095
0 2 4 115 224 -1
0 2 4 115 225 -1
0 2 4 115 226 0.775103
0 2 4 116 223 -1
0 2 4 116 224 0.659736
0 2 4 116 225 -1
0 2 4 116 226 -1
0 3 4 177 223 -1
0 3 4 177 224 0.272904
0 3 4 177 225 0.436428
0 3 4 177 226 0.0624508
0 3 4 178 223 -0.908118
0 3 4 178 224 0.294571
0 3 4 178 225 0.233288
0 3 4 178 226 0.452501
0 3 4 179 223 -0.785251
0 3 4 179 224 0.316237
0 3 4 179 225 0.240821
0 3 4 179 226 0.344933
1 0 1 3 52 0.263524
1 0 1 3 53 0.203008
1 0 1 3 54 0.0955696
1 0 1 3 55 0.0697841
1 0 1 4 52 0.203988
1 0 1 4 53 0.109928
1 0 1 4 54 0.153006
1 0 1 4 55 0.12228
1 0 1 5 52 -1
1 0 1 5 53 0.149851
1 0 1 5 54 0.296137
1 0 1 5 55 0.454389
1 0 2 3 117 -1
1 0 2 3 118 0.338936
1 0 2 3 119 0.915213
1 0 2 3 120 -1
1 0 2 4 117 -1
1 0 2 4 118 0.938713
1 0 2 4 119 0.469332
1 0 2 4 120 -1
1 0 2 5 117 0.971591
1 0 2 5 118 -1
1 0 2 5 119 -1
1 0 2 5 120 -1
1 0 3 3 180 0.741768
1 0 3 3 181 -1
1 0 3 3 182 0.109908
1 0 3 4 180 0.114208
1 0 3 4 181 0.37119
1 0 3 4 182 0.259993
1 0 3 5 180 0.0177025
1 0 3 5 181 0.561971
1 0 3 5 182 0.223769
1 0 4 3 227 0.131555
1 0 4 3 228 0.16635
1 0 4 3 229 0.083354
1 0 4 3 230 0.158014
1 0 4 4 227 0.20671
1 0 4 4 228 0.105949
1 0 4 4 229 0.040229
1 0 4 4 230 0.177886
1 0 4 5 227 0.0777102
1 0 4 5 228 0.15274
1 0 4 5 229 0.297885
1 0 4 5 230 0.0841479
1 1 2 52 117 -1
1 1 2 52 118 -1
1 1 2 52 119 -1
1 1 2 52 120 0.903424
1 1 2 53 117 -1
1 1 2 53 118 -1
1 1 2 53 119 0.961094
1 1 2 53 120 -1
1 1 2 54 117 -1
1 1 2 54 118 0.893045
1 1 2 54 119 -1
1 1 2 54 120 -1
1 1 2 55 117 0.866115
1 1 2 55 118 -1
1 1 2 55 119 -1
1 1 2 55 120 -1
1 1 3 52 180 0.201191
1 1 3 52 181 0.0783698
1 1 3 52 182 0.105584
1 1 3 53 180 0.175477
1 1 3 53 181 0.0663321
1 1 3 53 182 0.136681
1 1 3 54 180 0.0937329
1 1 3 54 181 0.14828
1 1 3 54 182 0.144246
1 1 3 55 180 0.0540137
1 1 3 55 181 0.215544
1 1 3 55 182 0.12708
1 1 4 52 227 0.935777
1 1 4 52 228 -1
1 1 4 52 229 -1
1 1 4 52 230 -1
1 1 4 53 227 -1
1 1 4 53 228 0.811498
1 1 4 53 229 0.862187
1 1 4 53 230 0.170382
1 1 4 54 227 -1
1 1 4 54 228 0.378565
1 1 4 54 229 0.152586
1 1 4 54 230 0.941518
1 1 4 55 227 -1
1 1 4 55 228 0.57953
1 1 4 55 229 0.793928
1 1 4 55 230 0.104726
1 2 3 117 180 -1
1 2 3 117 181 0.897091
1 2 3 117 182 -1
1 2 3 118 180 -1
1 2 3 118 181 -1
1 2 3 118 182 0.925842
1 2 3 119 180 0.350235
1 2 3 119 181 -1
1 2 3 119 182 -1
1 2 3 120 180 0.9801
1 2 3 120 181 -1
1 2 3 120 182 -1
1 2 4 117 227 -1
1 2 4 117 228 0.378284
1 2 4 117 229 0.921068
1 2 4 117 230 -1
1 2 4 118 227 -1
1 2 4 118 228 -1
1 2 4 118 229 -1
1 2 4 118 230 0.891819
1 2 4 119 227 -1
1 2 4 119 228 0.541827
1 2 4 119 229 -1
1 2 4 119 230 -1
1 2 4 120 227 0.944358
1 2 4 120 228 -1
1 2 4 120 229 -1
1 2 4 120 230 -1
1 3 4 180 227 0.0977283
1 3 4 180 228 0.103173
1 3 4 180 229 0.100148
1 3 4 180 230 0.0836672
1 3 4 181 227 0.0930445
1 3 4 181 228 0.0964409
1 3 4 181 229 0.110268
1 3 4 181 230 0.0862131
1 3 4 182 227 0.098264
1 3 4 182 228 0.0885271
1 3 4 182 229 0.0763511
1 3 4 182 230 0.12124
2 0 1 6 56 0.576967
2 0 1 6 57 0.162576
2 0 1 6 58 0.346752
2 0 1 6 59 -1
2 0 1 7 56 0.387555
2 0 1 7 57 -1
2 0 1 7 58 0.507778
2 0 1 7 59 -1
2 0 1 8 56 0.0354773
2 0 1 8 57 -1
2 0 1 8 58 0.14547
2 0 1 8 59 0.536745
2 0 2 6 121 0.421097
2 0 2 6 122 -1
2 0 2 6 123 -1
2 0 2 6 124 -1
2 0 2 7 121 -1
2 0 2 7 122 0.735065
2 0 2 7 123 -1
2 0 2 7 124 -1
2 0 2 8 121 -1
2 0 2 8 122 -1
2 0 2 8 123 0.37588
2 0 2 8 124 0.991678
2 0 3 6 183 -1
2 0 3 6 184 0.86032
2 0 3 6 185 -1
2 0 3 7 183 0.682151
2 0 3 7 184 -1
2 0 3 7 185 -1
2 0 3 8 183 -1
2 0 3 8 184 -1
2 0 3 8 185 0.270601
2 0 4 6 231 -1
2 0 4 6 232 -1
2 0 4 6 233 -1
2 0 4 6 234 0.850442
2 0 4 7 231 0.848053
2 0 4 7 232 -1
2 0 4 7 233 0.985437
2 0 4 7 234 -1
2 0 4 8 231 0.797941
2 0 4 8 232 -1
2 0 4 8 233 0.929841
2 0 4 8 234 -1
2 1 2 56 121 0.165934
2 1 2 56 122 -1
2 1 2 56 123 0.260565
2 1 2 56 124 -1
2 1 2 57 121 -1
2 1 2 57 122 -1
2 1 2 57 123 -1
2 1 2 57 124 0.836698
2 1 2 58 121 -1
2 1 2 58 122 0.716194
2 1 2 58 123 -1
2 1 2 58 124 -1
2 1 2 59 121 0.110762
2 1 2 59 122 -1
2 1 2 59 123 0.784308
2 1 2 59 124 -1
2 1 3 56 183 0.184969
2 1 3 56 184 0.839713
2 1 3 56 185 -1
2 1 3 57 183 0.0562109
2 1 3 57 184 -1
2 1 3 57 185 0.808197
2 1 3 58 183 0.404475
2 1 3 58 184 0.487278
2 1 3 58 185 -1
2 1 3 59 183 0.354346
2 1 3 59 184 0.525394
2 1 3 59 185 -1
2 1 4 56 231 -1
2 1 4 56 232 -1
2 1 4 56 233 -1
2 1 4 56 234 0.751497
2 1 4 57 231 -1
2 1 4 57 232 0.74416
2 1 4 57 233 -1
2 1 4 57 234 -1
2 1 4 58 231 -1
2 1 4 58 232 -1
2 1 4 58 233 0.863924
2 1 4 58 234 0.123515
2 1 4 59 231 0.262118
2 1 4 59 232 -1
2 1 4 59 233 -1
2 1 4 59 234 -1
2 2 3 121 183 -1
2 2 3 121 184 0.512231
2 2 3 121 185 -1
2 2 3 122 183 0.374922
2 2 3 122 184 -1
2 2 3 122 185 -1
2 2 3 123 183 -1
2 2 3 123 184 -1
2 2 3 123 185 0.181577
2 2 3 124 183 -1
2 2 3 124 184 -1
2 2 3 124 185 0.997044
2 2 4 121 231 0.637488
2 2 4 121 232 -1
2 2 4 121 233 -1
2 2 4 121 234 -1
2 2 4 122 231 -1
2 2 4 122 232 -1
2 2 4 122 233 0.865982
2 2 4 122 234 -1
2 2 4 123 231 -1
2 2 4 123 232 -1
2 2 4 123 233 -1
2 2 4 123 234 -1
2 2 4 124 231 -1
2 2 4 124 232 0.696944
2 2 4 124 233 -1
2 2 4 124 234 -1
2 3 4 183 231 -1
2 3 4 183 232 0.335706
2 3 4 183 233 0.525793
2 3 4 183 234 0.0258322
2 3 4 184 231 -0.999264
2 3 4 184 232 0.284437
2 3 4 184 233 0.202739
2 3 4 184 234 0.657005
2 3 4 185 231 -1
2 3 4 185 232 0.379647
2 3 4 185 233 0.271319
2 3 4 185 234 0.316679
3 0 1 9 60 0.463228
3 0 1 9 61 -1
3 0 1 9 62 0.406141
3 0 1 9 63 -1
3 0 1 10 60 0.416289
3 0 1 10 61 0.0513837
3 0 1 10 62 0.500086
3 0 1 10 63 -1
3 0 1 11 60 0.120483
3 0 1 11 61 -1
3 0 1 11 62 0.0937727
3 0 1 11 63 0.61092
3 0 2 9 125 0.654886
3 0 2 9 126 -1
3 0 2 9 127 -1
3 0 2 9 128 -1
3 0 2 10 125 -1
3 0 2 10 126 0.956043
3 0 2 10 127 -1
3 0 2 10 128 -1
3 0 2 11 125 -1
3 0 2 11 126 -1
3 0 2 11 127 0.474623
3 0 2 11 128 0.977293
3 0 3 9 186 0.930604
3 0 3 9 187 -1
3 0 3 9 188 -1
3 0 3 10 186 -1
3 0 3 10 187 0.929381
3 0 3 10 188 -1
3 0 3 11 186 -1
3 0 3 11 187 -1
3 0 3 11 188 0.936522
3 0 4 9 235 -1
3 0 4 9 236 -1
3 0 4 9 237 -1
3 0 4 9 238 0.846508
3 0 4 10 235 0.941929
3 0 4 10 236 -1
3 0 4 10 237 0.899739
3 0 4 10 238 -1
3 0 4 11 235 0.612364
3 0 4 11 236 -1
3 0 4 11 237 0.438251
3 0 4 11 238 -1
3 1 2 60 125 0.407665
3 1 2 60 126 -1
3 1 2 60 127 0.86383
3 1 2 60 128 -1
3 1 2 61 125 -1
3 1 2 61 126 -1
3 1 2 61 127 -1
3 1 2 61 128 0.748709
3 1 2 62 125 -1
3 1 2 62 126 0.958548
3 1 2 62 127 -1
3 1 2 62 128 -1
3 1 2 63 125 -1
3 1 2 63 126 -1
3 1 2 63 127 0.927783
3 1 2 63 128 -1
3 1 3 60 186 0.835779
3 1 3 60 187 0.0534175
3 1 3 60 188 -1
3 1 3 61 186 -1
3 1 3 61 187 0.0977709
3 1 3 61 188 0.932796
3 1 3 62 186 -1
3 1 3 62 187 0.385979
3 1 3 62 188 0.29071
3 1 3 63 186 -1
3 1 3 63 187 0.462833
3 1 3 63 188 -1
3 1 4 60 235 0.569436
3 1 4 60 236 -1
3 1 4 60 237 -1
3 1 4 60 238 0.798855
3 1 4 61 235 -1
3 1 4 61 236 0.949202
3 1 4 61 237 -1
3 1 4 61 238 -1
3 1 4 62 235 -1
3 1 4 62 236 -1
3 1 4 62 237 0.799838
3 1 4 62 238 -1
3 1 4 63 235 0.113927
3 1 4 63 236 -1
3 1 4 63 237 -1
3 1 4 63 238 0.690987
3 2 3 125 186 0.942694
3 2 3 125 187 -1
3 2 3 125 188 -1
3 2 3 126 186 -1
3 2 3 126 187 0.887364
3 2 3 126 188 -1
3 2 3 127 186 -1
3 2 3 127 187 -1
3 2 3 127 188 0.99167
3 2 3 128 186 -1
3 2 3 128 187 -1
3 2 3 128 188 0.647106
3 2 4 125 235 0.52124
3 2 4 125 236 -1
3 2 4 125 237 -1
3 2 4 125 238 0.213563
3 2 4 126 235 -1
3 2 4 126 236 -1
3 2 4 126 237 0.791669
3 2 4 126 238 -1
3 2 4 127 235 0.189351
3 2 4 127 236 -1
3 2 4 127 237 -1
3 2 4 127 238 0.418082
3 2 4 128 235 -1
3 2 4 128 236 0.643955
3 2 4 128 237 -1
3 2 4 128 238 -1
3 3 4 186 235 -0.750998
3 3 4 186 236 0.277505
3 3 4 186 237 0.234804
3 3 4 186 238 0.314271
3 3 4 187 235 -1
3 3 4 187 236 0.220209
3 3 4 187 237 0.3785
3 3 4 187 238 0.0944166
3 3 4 188 235 -0.64198
3 3 4 188 236 0.263389
3 3 4 188 237 0.198271
3 3 4 188 238 0.312716
4 0 1 12 64 0.847574
4 0 1 12 65 0.0149161
4 0 1 12 66 -1
4 0 1 13 64 0.0115908
4 0 1 13 65 0.305707
4 0 1 13 66 0.483528
4 0 1 14 64 -1
4 0 1 14 65 0.443133
4 0 1 14 66 0.926947
4 0 2 12 129 -1
4 0 2 13 129 -1
4 0 2 14 129 0.988457
4 0 3 12 189 0.620326
4 0 3 12 190 -1
4 0 3 12 191 -1
4 0 3 13 189 -1
4 0 3 13 190 0.201764
4 0 3 13 191 0.956729
4 0 3 14 189 -1
4 0 3 14 190 0.989471
4 0 3 14 191 0.188113
4 0 4 12 239 -1
4 0 4 12 240 0.247798
4 0 4 12 241 0.855241
4 0 4 13 239 0.30734
4 0 4 13 240 0.479117
4 0 4 13 241 0.213543
4 0 4 14 239 -1
4 0 4 14 240 -1
4 0 4 14 241 -1
4 1 2 64 129 -1
4 1 2 65 129 0.284605
4 1 2 66 129 0.957621
4 1 3 64 189 -1
4 1 3 64 190 -1
4 1 3 64 191 0.23459
4 1 3 65 189 -1
4 1 3 65 190 0.557556
4 1 3 65 191 0.484984
4 1 3 66 189 -1
4 1 3 66 190 0.941063
4 1 3 66 191 0.280426
4 1 4 64 239 -1
4 1 4 64 240 -1
4 1 4 64 241 0.959102
4 1 4 65 239 -1
4 1 4 65 240 0.977513
4 1 4 65 241 -1
4 1 4 66 239 -1
4 1 4 66 240 -1
4 1 4 66 241 0.915212
4 2 3 129 189 -1
4 2 3 129 190 0.947426
4 2 3 129 191 -1
4 2 4 129 239 -1
4 2 4 129 240 -1
4 2 4 129 241 0.121266
4 3 4 189 239 0.470916
4 3 4 189 240 -1
4 3 4 189 241 -1
4 3 4 190 239 0.179627
4 3 4 190 240 0.327586
4 3 4 190 241 0.311017
4 3 4 191 239 0.0915147
4 3 4 191 240 0.411028
4 3 4 191 241 0.404851
5 0 1 15 67 0.337267
5 0 1 15 68 0.227669
5 0 1 15 69 0.0966983
5 0 1 16 67 0.289004
5 0 1 16 68 0.152209
5 0 1 16 69 0.186092
5 0 1 17 67 -1
5 0 1 17 68 0.173352
5 0 1 17 69 0.389396
5 0 2 15 130 -1
5 0 2 15 131 -1
5 0 2 15 132 0.943407
5 0 2 15 133 0.967821
5 0 2 15 134 0.213799
5 0 2 16 130 -1
5 0 2 16 131 0.535396
5 0 2 16 132 0.488234
5 0 2 16 133 0.489467
5 0 2 16 134 -1
5 0 2 17 130 0.917847
5 0 2 17 131 -1
5 0 2 17 132 -1
5 0 2 17 133 -1
5 0 2 17 134 -1
5 0 3 15 192 0.701382
5 0 3 15 193 0.0165694
5 0 3 15 194 -1
5 0 3 16 192 0.0794389
5 0 3 16 193 0.313514
5 0 3 16 194 0.390494
5 0 3 17 192 -1
5 0 3 17 193 0.433074
5 0 3 17 194 0.935325
5 0 4 15 242 0.158738
5 0 4 15 243 0.127609
5 0 4 15 244 0.174383
5 0 4 16 242 0.194207
5 0 4 16 243 0.0912187
5 0 4 16 244 0.168535
5 0 4 17 242 0.114175
5 0 4 17 243 0.250979
5 0 4 17 244 0.12514
5 1 2 67 130 -1
5 1 2 67 131 -1
5 1 2 67 132 -1
5 1 2 67 133 -1
5 1 2 67 134 0.932451
5 1 2 68 130 -1
5 1 2 68 131 -1
5 1 2 68 132 0.74455
5 1 2 68 133 0.956913
5 1 2 68 134 -1
5 1 2 69 130 0.820031
5 1 2 69 131 0.982186
5 1 2 69 132 -1
5 1 2 69 133 -1
5 1 2 69 134 -1
5 1 3 67 192 0.268396
5 1 3 67 193 0.141529
5 1 3 67 194 0.107473
5 1 3 68 192 0.20944
5 1 3 68 193 0.198207
5 1 3 68 194 0.111047
5 1 3 69 192 0.0833713
5 1 3 69 193 0.196995
5 1 3 69 194 0.288759
5 1 4 67 242 0.855962
5 1 4 67 243 -1
5 1 4 67 244 -1
5 1 4 68 242 -1
5 1 4 68 243 0.761163
5 1 4 68 244 0.468862
5 1 4 69 242 -1
5 1 4 69 243 0.866769
5 1 4 69 244 0.833279
5 2 3 130 192 -1
5 2 3 130 193 -1
5 2 3 130 194 0.990301
5 2 3 131 192 -1
5 2 3 131 193 0.709671
5 2 3 131 194 -1
5 2 3 132 192 0.607626
5 2 3 132 193 -1
5 2 3 132 194 -1
5 2 3 133 192 0.705759
5 2 3 133 193 -1
5 2 3 133 194 -1
5 2 3 134 192 0.885258
5 2 3 134 193 -1
5 2 3 134 194 -1
5 2 4 130 242 -1
5 2 4 130 243 0.949775
5 2 4 130 244 -1
5 2 4 131 242 -1
5 2 4 131 243 -1
5 2 4 131 244 0.966284
5 2 4 132 242 -1
5 2 4 132 243 0.343263
5 2 4 132 244 0.0327122
5 2 4 133 242 -1
5 2 4 133 243 0.236965
5 2 4 133 244 0.144252
5 2 4 134 242 0.900552
5 2 4 134 243 -1
5 2 4 134 244 -1
5 3 4 192 242 0.133454
5 3 4 192 243 0.134804
5 3 4 192 244 0.117154
5 3 4 193 242 0.118214
5 3 4 193 243 0.110716
5 3 4 193 244 0.157383
5 3 4 194 242 0.133248
5 3 4 194 243 0.138673
5 3 4 194 244 0.11345
6 0 1 18 70 0.22991
6 0 1 18 71 0.131927
6 0 1 18 72 0.200671
6 0 1 18 73 0.0828063
6 0 1 19 70 0.221693
6 0 1 19 71 0.16596
6 0 1 19 72 0.122682
6 0 1 19 73 0.124667
6 0 1 20 70 -1
6 0 1 20 71 0.16537
6 0 1 20 72 0.13153
6 0 1 20 73 0.412766
6 0 2 18 135 -1
6 0 2 18 136 0.815662
6 0 2 18 137 0.896062
6 0 2 18 138 -1
6 0 2 19 135 -1
6 0 2 19 136 0.532104
6 0 2 19 137 0.425696
6 0 2 19 138 -1
6 0 2 20 135 0.875329
6 0 2 20 136 -1
6 0 2 20 137 -1
6 0 2 20 138 -1
6 0 3 18 195 0.585844
6 0 3 18 196 -1
6 0 3 18 197 0.160391
6 0 3 19 195 0.148296
6 0 3 19 196 0.323843
6 0 3 19 197 0.232297
6 0 3 20 195 0.0572132
6 0 3 20 196 0.526233
6 0 3 20 197 0.19757
6 0 4 18 245 0.213242
6 0 4 18 246 -1
6 0 4 18 247 0.434029
6 0 4 18 248 0.320113
6 0 4 19 245 0.463871
6 0 4 19 246 -0.77975
6 0 4 19 247 0.262564
6 0 4 19 248 0.395951
6 0 4 20 245 0.1033
6 0 4 20 246 0.460159
6 0 4 20 247 0.123426
6 0 4 20 248 0.0926578
6 1 2 70 135 -1
6 1 2 70 136 -1
6 1 2 70 137 -1
6 1 2 70 138 0.889352
6 1 2 71 135 -1
6 1 2 71 136 0.78121
6 1 2 71 137 -1
6 1 2 71 138 -1
6 1 2 72 135 -1
6 1 2 72 136 -1
6 1 2 72 137 0.929616
6 1 2 72 138 -1
6 1 2 73 135 0.617488
6 1 2 73 136 -1
6 1 2 73 137 0.434582
6 1 2 73 138 -1
6 1 3 70 195 0.165561
6 1 3 70 196 0.0872792
6 1 3 70 197 0.108944
6 1 3 71 195 0.118816
6 1 3 71 196 0.119119
6 1 3 71 197 0.131154
6 1 3 72 195 0.156246
6 1 3 72 196 0.0681287
6 1 3 72 197 0.131472
6 1 3 73 195 0.0611193
6 1 3 73 196 0.209663
6 1 3 73 197 0.122185
6 1 4 70 245 0.830242
6 1 4 70 246 -1
6 1 4 70 247 -1
6 1 4 70 248 -1
6 1 4 71 245 -1
6 1 4 71 246 -1
6 1 4 71 247 -1
6 1 4 71 248 0.96643
6 1 4 72 245 -1
6 1 4 72 246 0.543118
6 1 4 72 247 0.788208
6 1 4 72 248 -1
6 1 4 73 245 -1
6 1 4 73 246 0.867424
6 1 4 73 247 0.398722
6 1 4 73 248 -1
6 2 3 135 195 -1
6 2 3 135 196 0.666068
6 2 3 135 197 -1
6 2 3 136 195 0.322973
6 2 3 136 196 -1
6 2 3 136 197 0.775082
6 2 3 137 195 0.18777
6 2 3 137 196 -1
6 2 3 137 197 -1
6 2 3 138 195 0.986234
6 2 3 138 196 -1
6 2 3 138 197 0.577623
6 2 4 135 245 -1
6 2 4 135 246 0.723016
6 2 4 135 247 -1
6 2 4 135 248 -1
6 2 4 136 245 -1
6 2 4 136 246 -1
6 2 4 136 247 -1
6 2 4 136 248 0.716819
6 2 4 137 245 -1
6 2 4 137 246 -1
6 2 4 137 247 0.85541
6 2 4 137 248 -1
6 2 4 138 245 0.941011
6 2 4 138 246 -1
6 2 4 138 247 -1
6 2 4 138 248 -1
6 3 4 195 245 0.0950807
6 3 4 195 246 0.109562
6 3 4 195 247 0.108215
6 3 4 195 248 0.0908064
6 3 4 196 245 0.0922903
6 3 4 196 246 0.121832
6 3 4 196 247 0.100962
6 3 4 196 248 0.0911477
6 3 4 197 245 0.115965
6 3 4 197 246 0.0660544
6 3 4 197 247 0.0915914
6 3 4 197 248 0.12196
7 0 1 21 74 0.737236
7 0 1 21 75 0.239116
7 0 1 21 76 0.942468
7 0 1 21 77 -1
7 0 1 22 74 0.837707
7 0 1 22 75 0.395464
7 0 1 22 76 0.067462
7 0 1 22 77 -1
7 0 1 23 74 0.299221
7 0 1 23 75 0.863329
7 0 1 23 76 -1
7 0 1 23 77 -1
7 0 1 24 74 -1
7 0 1 24 75 -1
7 0 1 24 76 -1
7 0 1 24 77 -1
7 0 2 21 139 -1
7 0 2 21 140 0.518491
7 0 2 21 141 0.833072
7 0 2 22 139 -1
7 0 2 22 140 -1
7 0 2 22 141 -1
7 0 2 23 139 0.914783
7 0 2 23 140 -1
7 0 2 23 141 -1
7 0 2 24 139 -1
7 0 2 24 140 -1
7 0 2 24 141 0.0185937
7 0 3 21 198 -1
7 0 3 21 199 -1
7 0 3 21 200 0.802454
7 0 3 22 198 0.859006
7 0 3 22 199 -1
7 0 3 22 200 -1
7 0 3 23 198 -1
7 0 3 23 199 0.947693
7 0 3 23 200 -1
7 0 3 24 198 -1
7 0 3 24 199 -1
7 0 3 24 200 -1
7 0 4 21 249 -1
7 0 4 21 250 0.943864
7 0 4 21 251 -1
7 0 4 21 252 -1
7 0 4 22 249 -1
7 0 4 22 250 -1
7 0 4 22 251 -1
7 0 4 22 252 0.973803
7 0 4 23 249 0.202429
7 0 4 23 250 -1
7 0 4 23 251 0.850086
7 0 4 23 252 -1
7 0 4 24 249 0.0409836
7 0 4 24 250 -1
7 0 4 24 251 0.982612
7 0 4 24 252 -1
7 1 2 74 139 -1
7 1 2 74 140 0.441374
7 1 2 74 141 -1
7 1 2 75 139 0.636124
7 1 2 75 140 -1
7 1 2 75 141 -1
7 1 2 76 139 -1
7 1 2 76 140 -1
7 1 2 76 141 0.986451
7 1 2 77 139 -1
7 1 2 77 140 0.380469
7 1 2 77 141 -1
7 1 3 74 198 0.969348
7 1 3 74 199 -1
7 1 3 74 200 -1
7 1 3 75 198 -1
7 1 3 75 199 0.783905
7 1 3 75 200 -1
7 1 3 76 198 -1
7 1 3 76 199 -1
7 1 3 76 200 0.960998
7 1 3 77 198 0.320585
7 1 3 77 199 0.16749
7 1 3 77 200 -1
7 1 4 74 249 -1
7 1 4 74 250 -1
7 1 4 74 251 -1
7 1 4 74 252 0.833712
7 1 4 75 249 -1
7 1 4 75 250 -1
7 1 4 75 251 0.774409
7 1 4 75 252 0.0259119
7 1 4 76 249 -1
7 1 4 76 250 0.983666
7 1 4 76 251 -1
7 1 4 76 252 -1
7 1 4 77 249 0.986104
7 1 4 77 250 -1
7 1 4 77 251 -1
7 1 4 77 252 -1
7 2 3 139 198 -1
7 2 3 139 199 0.943268
7 2 3 139 200 -1
7 2 3 140 198 -1
7 2 3 140 199 -1
7 2 3 140 200 -1
7 2 3 141 198 -1
7 2 3 141 199 -1
7 2 3 141 200 0.957667
7 2 4 139 249 -1
7 2 4 139 250 -1
7 2 4 139 251 0.825094
7 2 4 139 252 0.668592
7 2 4 140 249 0.368448
7 2 4 140 250 -1
7 2 4 140 251 -1
7 2 4 140 252 -1
7 2 4 141 249 -1
7 2 4 141 250 0.912562
7 2 4 141 251 -1
7 2 4 141 252 -1
7 3 4 198 249 -1
7 3 4 198 250 0.228548
7 3 4 198 251 0.00684058
7 3 4 198 252 0.680855
7 3 4 199 249 -1
7 3 4 199 250 0.324063
7 3 4 199 251 0.646906
7 3 4 199 252 -1
7 3 4 200 249 -1
7 3 4 200 250 0.447388
7 3 4 200 251 0.346253
7 3 4 200 252 -1
8 0 1 25 78 0.70416
8 0 1 25 79 0.867641
8 0 1 25 80 0.315128
8 0 1 25 81 -1
8 0 1 26 78 0.968154
8 0 1 26 79 -1
8 0 1 26 80 0.31701
8 0 1 26 81 -1
8 0 1 27 78 0.0234689
8 0 1 27 79 -1
8 0 1 27 80 0.130283
8 0 1 27 81 0.0955405
8 0 1 28 78 -1
8 0 1 28 79 -1
8 0 1 28 80 -1
8 0 1 28 81 0.866033
8 0 2 25 142 -1
8 0 2 25 143 0.61707
8 0 2 25 144 -1
8 0 2 26 142 -1
8 0 2 26 143 -1
8 0 2 26 144 -1
8 0 2 27 142 -1
8 0 2 27 143 0.000976741
8 0 2 27 144 -1
8 0 2 28 142 -1
8 0 2 28 143 0.681268
8 0 2 28 144 -1
8 0 3 25 201 -1
8 0 3 25 202 -1
8 0 3 25 203 -1
8 0 3 26 201 0.843911
8 0 3 26 202 -1
8 0 3 26 203 -1
8 0 3 27 201 -1
8 0 3 27 202 -1
8 0 3 27 203 -1
8 0 3 28 201 -1
8 0 3 28 202 -1
8 0 3 28 203 -1
8 0 4 25 253 -1
8 0 4 25 254 0.735807
8 0 4 25 255 -1
8 0 4 25 256 -1
8 0 4 26 253 -1
8 0 4 26 254 -1
8 0 4 26 255 -1
8 0 4 26 256 0.893765
8 0 4 27 253 0.628878
8 0 4 27 254 -1
8 0 4 27 255 0.506067
8 0 4 27 256 -1
8 0 4 28 253 0.871545
8 0 4 28 254 -1
8 0 4 28 255 -1
8 0 4 28 256 -1
8 1 2 78 142 -1
8 1 2 78 143 0.28522
8 1 2 78 144 -1
8 1 2 79 142 -1
8 1 2 79 143 -1
8 1 2 79 144 0.782072
8 1 2 80 142 0.849186
8 1 2 80 143 -1
8 1 2 80 144 -1
8 1 2 81 142 -1
8 1 2 81 143 0.842094
8 1 2 81 144 -1
8 1 3 78 201 0.846945
8 1 3 78 202 -1
8 1 3 78 203 -1
8 1 3 79 201 -1
8 1 3 79 202 -1
8 1 3 79 203 0.65396
8 1 3 80 201 -1
8 1 3 80 202 0.646148
8 1 3 80 203 0.461263
8 1 3 81 201 -1
8 1 3 81 202 0.617841
8 1 3 81 203 -1
8 1 4 78 253 0.86504
8 1 4 78 254 -1
8 1 4 78 255 -1
8 1 4 78 256 0.688668
8 1 4 79 253 -1
8 1 4 79 254 0.738141
8 1 4 79 255 -1
8 1 4 79 256 -1
8 1 4 80 253 -1
8 1 4 80 254 -1
8 1 4 80 255 0.8921
8 1 4 80 256 -1
8 1 4 81 253 0.492074
8 1 4 81 254 -1
8 1 4 81 255 -1
8 1 4 81 256 0.87619
8 2 3 142 201 -1
8 2 3 142 202 0.84045
8 2 3 142 203 0.350763
8 2 3 143 201 -1
8 2 3 143 202 -1
8 2 3 143 203 0.260615
8 2 3 144 201 -1
8 2 3 144 202 -1
8 2 3 144 203 0.388622
8 2 4 142 253 -1
8 2 4 142 254 -1
8 2 4 142 255 0.863894
8 2 4 142 256 -1
8 2 4 143 253 0.33376
8 2 4 143 254 -1
8 2 4 143 255 -1
8 2 4 143 256 0.379727
8 2 4 144 253 -1
8 2 4 144 254 0.448392
8 2 4 144 255 -1
8 2 4 144 256 -1
8 3 4 201 253 -1
8 3 4 201 254 0.306004
8 3 4 201 255 0.185705
8 3 4 201 256 0.895142
8 3 4 202 253 -1
8 3 4 202 254 0.298048
8 3 4 202 255 0.576453
8 3 4 202 256 -1
8 3 4 203 253 -1
8 3 4 203 254 0.395948
8 3 4 203 255 0.237843
8 3 4 203 256 0.315192
9 0 1 29 82 0.91742
9 0 1 29 83 -1
9 0 1 29 84 -1
9 0 1 29 85 -1
9 0 1 30 82 -0.819892
9 0 1 30 83 0.455128
9 0 1 30 84 0.698327
9 0 1 30 85 0.666437
9 0 1 31 82 -1
9 0 1 31 83 -1
9 0 1 31 84 0.505916
9 0 1 31 85 0.994914
9 0 2 29 145 -1
9 0 2 29 146 0.778639
9 0 2 29 147 0.474604
9 0 2 29 148 -1
9 0 2 30 145 -1
9 0 2 30 146 0.737344
9 0 2 30 147 0.473149
9 0 2 30 148 -1
9 0 2 31 145 0.990722
9 0 2 31 146 -1
9 0 2 31 147 0.052247
9 0 2 31 148 -1
9 0 3 29 204 -1
9 0 3 30 204 -1
9 0 3 31 204 0.980002
9 0 4 29 257 -1
9 0 4 30 257 -1
9 0 4 31 257 0.952211
9 1 2 82 145 -1
9 1 2 82 146 -1
9 1 2 82 147 0.860065
9 1 2 82 148 -1
9 1 2 83 145 -1
9 1 2 83 146 -1
9 1 2 83 147 -1
9 1 2 83 148 0.990539
9 1 2 84 145 0.592155
9 1 2 84 146 0.937934
9 1 2 84 147 -1
9 1 2 84 148 -1
9 1 2 85 145 0.939534
9 1 2 85 146 0.643733
9 1 2 85 147 -1
9 1 2 85 148 -1
9 1 3 82 204 -1
9 1 3 83 204 -1
9 1 3 84 204 0.355595
9 1 3 85 204 0.989944
9 1 4 82 257 0.795529
9 1 4 83 257 -1
9 1 4 84 257 -1
9 1 4 85 257 0.95931
9 2 3 145 204 0.961967
9 2 3 146 204 -1
9 2 3 147 204 -1
9 2 3 148 204 -1
9 2 4 145 257 0.95422
9 2 4 146 257 -1
9 2 4 147 257 -1
9 2 4 148 257 -1
9 3 4 204 257 0.978264
10 0 1 32 86 0.547895
10 0 2 32 149 -1
10 0 2 32 150 -1
10 0 2 32 151 -1
10 0 3 32 205 -1
10 0 3 32 206 -1
10 0 4 32 258 0.976728
10 0 4 32 259 -1
10 0 4 32 260 -1
10 0 4 32 261 -1
10 1 2 86 149 0.993342
10 1 2 86 150 -1
10 1 2 86 151 -1
10 1 3 86 205 0.0301563
10 1 3 86 206 0.969844
10 1 4 86 258 -1
10 1 4 86 259 -1
10 1 4 86 260 0.760496
10 1 4 86 261 -1
10 2 3 149 205 0.146468
10 2 3 149 206 0.853532
10 2 3 150 205 -1
10 2 3 150 206 -1
10 2 3 151 205 0.654722
10 2 3 151 206 0.345278
10 2 4 149 258 -1
10 2 4 149 259 -1
10 2 4 149 260 0.948364
10 2 4 149 261 0.0629932
10 2 4 150 258 -1
10 2 4 150 259 -1
10 2 4 150 260 0.00768453
10 2 4 150 261 0.879814
10 2 4 151 258 -1
10 2 4 151 259 0.78258
10 2 4 151 260 -1
10 2 4 151 261 -1
10 3 4 205 258 0.304303
10 3 4 205 259 0.244926
10 3 4 205 260 0.127132
10 3 4 205 261 0.0259888
10 3 4 206 258 0.121345
10 3 4 206 259 0.167291
10 3 4 206 260 0.258438
10 3 4 206 261 0.249338
11 0 1 33 87 0.172267
11 0 1 33 88 0.318134
11 0 1 33 89 0.219639
11 0 1 34 87 0.0483173
11 0 1 34 88 0.265189
11 0 1 34 89 0.363355
11 0 2 33 152 0.967645
11 0 2 33 153 0.189005
11 0 2 33 154 -1
11 0 2 33 155 -1
11 0 2 33 156 -1
11 0 2 34 152 -1
11 0 2 34 153 -1
11 0 2 34 154 -1
11 0 2 34 155 0.824061
11 0 2 34 156 0.482786
11 0 3 33 207 0.963813
11 0 3 34 207 -1
11 0 4 33 262 -1
11 0 4 33 263 0.219862
11 0 4 33 264 0.269629
11 0 4 33 265 0.89566
11 0 4 34 262 -1
11 0 4 34 263 0.780138
11 0 4 34 264 0.730371
11 0 4 34 265 0.10434
11 1 2 87 152 -1
11 1 2 87 153 -1
11 1 2 87 154 -1
11 1 2 87 155 -1
11 1 2 87 156 0.767433
11 1 2 88 152 0.661804
11 1 2 88 153 -1
11 1 2 88 154 0.953162
11 1 2 88 155 -1
11 1 2 88 156 -1
11 1 2 89 152 -1
11 1 2 89 153 -1
11 1 2 89 154 -1
11 1 2 89 155 0.912335
11 1 2 89 156 -1
11 1 3 87 207 0.286641
11 1 3 88 207 0.421321
11 1 3 89 207 0.292038
11 1 4 87 262 0.701626
11 1 4 87 263 -1
11 1 4 87 264 -1
11 1 4 87 265 -1
11 1 4 88 262 -0.8873
11 1 4 88 263 0.759267
11 1 4 88 264 0.334332
11 1 4 88 265 0.793701
11 1 4 89 262 -1
11 1 4 89 263 0.451158
11 1 4 89 264 0.979448
11 1 4 89 265 -1
11 2 3 152 207 0.997347
11 2 3 153 207 -1
11 2 3 154 207 -1
11 2 3 155 207 -1
11 2 3 156 207 -1
11 2 4 152 262 -0.775232
11 2 4 152 263 0.709153
11 2 4 152 264 0.303164
11 2 4 152 265 0.762915
11 2 4 153 262 -1
11 2 4 153 263 -1
11 2 4 153 264 -1
11 2 4 153 265 -1
11 2 4 154 262 -1
11 2 4 154 263 0.804611
11 2 4 154 264 -1
11 2 4 154 265 0.693161
11 2 4 155 262 -1
11 2 4 155 263 -1
11 2 4 155 264 0.870427
11 2 4 155 265 -1
11 2 4 156 262 0.766125
11 2 4 156 263 -1
11 2 4 156 264 -1
11 2 4 156 265 -1
11 3 4 207 262 0.247447
11 3 4 207 263 0.227565
11 3 4 207 264 0.138269
11 3 4 207 265 0.386718
12 0 1 35 90 0.258163
12 0 1 35 91 0.308648
12 0 1 36 90 0.306841
12 0 1 36 91 0.258144
12 0 2 35 157 -1
12 0 2 35 158 -1
12 0 2 35 159 -1
12 0 2 36 157 0.473237
12 0 2 36 158 0.48913
12 0 2 36 159 0.037633
12 0 3 35 208 -1
12 0 3 35 209 0.774862
12 0 3 36 208 0.876378
12 0 3 36 209 -1
12 0 4 35 266 -1
12 0 4 35 267 -1
12 0 4 35 268 -1
12 0 4 35 269 0.824769
12 0 4 36 266 0.538003
12 0 4 36 267 0.686823
12 0 4 36 268 0.469062
12 0 4 36 269 -0.693888
12 1 2 90 157 0.823902
12 1 2 90 158 -1
12 1 2 90 159 -1
12 1 2 91 157 -1
12 1 2 91 158 0.913685
12 1 2 91 159 -1
12 1 3 90 208 0.347312
12 1 3 90 209 0.54207
12 1 3 91 208 0.514715
12 1 3 91 209 0.336126
12 1 4 90 266 0.767639
12 1 4 90 267 -1
12 1 4 90 268 -1
12 1 4 90 269 0.890778
12 1 4 91 266 -1
12 1 4 91 267 0.95305
12 1 4 91 268 -1
12 1 4 91 269 -1
12 2 3 157 208 0.34623
12 2 3 157 209 -1
12 2 3 158 208 0.389465
12 2 3 158 209 -1
12 2 3 159 208 0.264305
12 2 3 159 209 -1
12 2 4 157 266 0.974125
12 2 4 157 267 -1
12 2 4 157 268 -1
12 2 4 157 269 -1
12 2 4 158 266 -1
12 2 4 158 267 0.97384
12 2 4 158 268 -1
12 2 4 158 269 -1
12 2 4 159 266 -1
12 2 4 159 267 -1
12 2 4 159 268 0.999467
12 2 4 159 269 -1
12 3 4 208 266 0.0954004
12 3 4 208 267 0.21619
12 3 4 208 268 0.145943
12 3 4 208 269 0.213328
12 3 4 209 266 0.0769897
12 3 4 209 267 0.176699
12 3 4 209 268 0.24465
12 3 4 209 269 0.179467
13 0 1 37 92 0.654585
13 0 1 37 93 -1
13 0 1 37 94 0.905393
13 0 1 37 95 -1
13 0 2 37 160 -1
13 0 2 37 161 -1
13 0 2 37 162 -1
13 0 3 37 210 -1
13 0 3 37 211 0.899513
13 0 3 37 212 -1
13 0 4 37 270 -1
13 0 4 37 271 -1
13 0 4 37 272 -1
13 0 4 37 273 0.895436
13 1 2 92 160 0.357752
13 1 2 92 161 -1
13 1 2 92 162 -1
13 1 2 93 160 -1
13 1 2 93 161 0.734948
13 1 2 93 162 -1
13 1 2 94 160 -1
13 1 2 94 161 -1
13 1 2 94 162 0.743687
13 1 2 95 160 0.514135
13 1 2 95 161 -1
13 1 2 95 162 -1
13 1 3 92 210 -1
13 1 3 92 211 0.443676
13 1 3 92 212 -1
13 1 3 93 210 0.880508
13 1 3 93 211 -1
13 1 3 93 212 -1
13 1 3 94 210 -1
13 1 3 94 211 -1
13 1 3 94 212 0.882123
13 1 3 95 210 -1
13 1 3 95 211 0.860848
13 1 3 95 212 -1
13 1 4 92 270 -1
13 1 4 92 271 -1
13 1 4 92 272 -1
13 1 4 92 273 0.445797
13 1 4 93 270 -1
13 1 4 93 271 -1
13 1 4 93 272 0.855966
13 1 4 93 273 0.0867146
13 1 4 94 270 -1
13 1 4 94 271 0.985672
13 1 4 94 272 -1
13 1 4 94 273 -1
13 1 4 95 270 0.746359
13 1 4 95 271 -1
13 1 4 95 272 -1
13 1 4 95 273 -1
13 2 3 160 210 0.485147
13 2 3 160 211 -1
13 2 3 160 212 -1
13 2 3 161 210 0.956615
13 2 3 161 211 -1
13 2 3 161 212 -1
13 2 3 162 210 -1
13 2 3 162 211 -1
13 2 3 162 212 0.632439
13 2 4 160 270 0.752363
13 2 4 160 271 -1
13 2 4 160 272 -1
13 2 4 160 273 -1
13 2 4 161 270 -1
13 2 4 161 271 -1
13 2 4 161 272 0.824969
13 2 4 161 273 0.840372
13 2 4 162 270 -1
13 2 4 162 271 0.709055
13 2 4 162 272 -1
13 2 4 162 273 -1
13 3 4 210 270 -1
13 3 4 210 271 0.266284
13 3 4 210 272 0.976553
13 3 4 210 273 -1
13 3 4 211 270 -1
13 3 4 211 271 0.150171
13 3 4 211 272 -1
13 3 4 211 273 0.910276
13 3 4 212 270 -1
13 3 4 212 271 0.583545
13 3 4 212 272 0.112123
13 3 4 212 273 -1
14 0 1 38 96 0.909265
14 0 1 38 97 -1
14 0 1 38 98 -1
14 0 1 38 99 -1
14 0 2 38 163 -1
14 0 2 38 164 -1
14 0 2 38 165 -1
14 0 3 38 213 0.723695
14 0 3 38 214 -1
14 0 3 38 215 -1
14 0 4 38 274 -1
14 0 4 38 275 -1
14 0 4 38 276 -1
14 0 4 38 277 0.886451
14 1 2 96 163 -1
14 1 2 96 164 -1
14 1 2 96 165 -1
14 1 2 97 163 -1
14 1 2 97 164 -1
14 1 2 97 165 0.802956
14 1 2 98 163 -1
14 1 2 98 164 0.964932
14 1 2 98 165 -1
14 1 2 99 163 0.812997
14 1 2 99 164 -1
14 1 2 99 165 -1
14 1 3 96 213 0.544232
14 1 3 96 214 -1
14 1 3 96 215 -1
14 1 3 97 213 -1
14 1 3 97 214 0.163381
14 1 3 97 215 0.690578
14 1 3 98 213 -1
14 1 3 98 214 0.892871
14 1 3 98 215 -1
14 1 3 99 213 -1
14 1 3 99 214 -1
14 1 3 99 215 -1
14 1 4 96 274 0.258496
14 1 4 96 275 -1
14 1 4 96 276 -1
14 1 4 96 277 0.764079
14 1 4 97 274 -1
14 1 4 97 275 -1
14 1 4 97 276 0.901237
14 1 4 97 277 -1
14 1 4 98 274 -1
14 1 4 98 275 0.964318
14 1 4 98 276 -1
14 1 4 98 277 -1
14 1 4 99 274 0.644614
14 1 4 99 275 -1
14 1 4 99 276 -1
14 1 4 99 277 0.547801
14 2 3 163 213 -1
14 2 3 163 214 0.394537
14 2 3 163 215 -1
14 2 3 164 213 -1
14 2 3 164 214 0.389818
14 2 3 164 215 0.00310677
14 2 3 165 213 -1
14 2 3 165 214 0.215645
14 2 3 165 215 0.884106
14 2 4 163 274 0.817646
14 2 4 163 275 -1
14 2 4 163 276 -1
14 2 4 163 277 -1
14 2 4 164 274 -1
14 2 4 164 275 0.848814
14 2 4 164 276 -1
14 2 4 164 277 -1
14 2 4 165 274 -1
14 2 4 165 275 -1
14 2 4 165 276 0.952509
14 2 4 165 277 -1
14 3 4 213 274 -1
14 3 4 213 275 -1
14 3 4 213 276 0.915563
14 3 4 213 277 0.737076
14 3 4 214 274 -1
14 3 4 214 275 0.937724
14 3 4 214 276 -1
14 3 4 214 277 -1
14 3 4 215 274 -1
14 3 4 215 275 -1
14 3 4 215 276 0.843855
14 3 4 215 277 0.50436
15 0 1 39 100 0.89305
15 0 1 39 101 -1
15 0 1 39 102 -1
15 0 1 40 100 -1
15 0 1 40 101 -1
15 0 1 40 102 0.995933
15 0 2 39 166 -1
15 0 2 39 167 0.19606
15 0 2 40 166 -1
15 0 2 40 167 -1
15 0 3 39 216 -1
15 0 3 39 217 0.236617
15 0 3 40 216 -1
15 0 3 40 217 0.763383
15 0 4 39 278 0.510458
15 0 4 39 279 -1
15 0 4 39 280 -1
15 0 4 40 278 -1
15 0 4 40 279 -1
15 0 4 40 280 -1
15 1 2 100 166 -1
15 1 2 100 167 -1
15 1 2 101 166 -1
15 1 2 101 167 -1
15 1 2 102 166 -1
15 1 2 102 167 0.763907
15 1 3 100 216 -1
15 1 3 100 217 -1
15 1 3 101 216 0.52067
15 1 3 101 217 0.47933
15 1 3 102 216 0.501703
15 1 3 102 217 0.498297
15 1 4 100 278 -1
15 1 4 100 279 -1
15 1 4 100 280 -1
15 1 4 101 278 0.618344
15 1 4 101 279 -1
15 1 4 101 280 -1
15 1 4 102 278 -1
15 1 4 102 279 -1
15 1 4 102 280 0.938052
15 2 3 166 216 -1
15 2 3 166 217 0.0109094
15 2 3 167 216 0.921846
15 2 3 167 217 -1
15 2 4 166 278 -1
15 2 4 166 279 -1
15 2 4 166 280 -1
15 2 4 167 278 -1
15 2 4 167 279 -1
15 2 4 167 280 0.702656
15 3 4 216 278 0.326448
15 3 4 216 279 0.197535
15 3 4 216 280 0.400687
15 3 4 217 278 0.0251637
15 3 4 217 279 -1
15 3 4 217 280 0.235248
16 0 1 41 103 -1
16 0 1 41 104 -1
16 0 1 42 103 -1
16 0 1 42 104 -1
16 0 1 43 103 0.548902
16 0 1 43 104 0.451098
16 0 2 41 168 -1
16 0 2 41 169 0.492395
16 0 2 41 170 -1
16 0 2 42 168 -1
16 0 2 42 169 0.494429
16 0 2 42 170 -1
16 0 2 43 168 -1
16 0 2 43 169 0.0131768
16 0 2 43 170 -1
16 0 3 41 218 -1
16 0 3 42 218 -1
16 0 3 43 218 -1
16 0 4 41 281 0.818127
16 0 4 41 282 -1
16 0 4 41 283 -1
16 0 4 41 284 -1
16 0 4 42 281 -1
16 0 4 42 282 0.445038
16 0 4 42 283 0.530487
16 0 4 42 284 -1
16 0 4 43 281 -1
16 0 4 43 282 -1
16 0 4 43 283 -1
16 0 4 43 284 0.94173
16 1 2 103 168 -1
16 1 2 103 169 -1
16 1 2 103 170 -1
16 1 2 104 168 -1
16 1 2 104 169 -1
16 1 2 104 170 0.955594
16 1 3 103 218 0.162548
16 1 3 104 218 0.800549
16 1 4 103 281 -1
16 1 4 103 282 -1
16 1 4 103 283 -1
16 1 4 103 284 0.860194
16 1 4 104 281 -1
16 1 4 104 282 -1
16 1 4 104 283 0.678283
16 1 4 104 284 -1
16 2 3 168 218 -1
16 2 3 169 218 -1
16 2 3 170 218 0.90003
16 2 4 168 281 -1
16 2 4 168 282 -1
16 2 4 168 283 -1
16 2 4 168 284 -1
16 2 4 169 281 0.947046
16 2 4 169 282 -1
16 2 4 169 283 -1
16 2 4 169 284 -1
16 2 4 170 281 -1
16 2 4 170 282 -1
16 2 4 170 283 0.791199
16 2 4 170 284 -1
16 3 4 218 281 -1
16 3 4 218 282 0.793902
16 3 4 218 283 0.755642
16 3 4 218 284 0.0881835
17 0 1 44 105 0.55025
17 0 1 44 106 0.333718
17 0 1 44 107 0.484269
17 0 1 44 108 -1
17 0 1 45 105 0.44975
17 0 1 45 106 -1
17 0 1 45 107 0.148815
17 0 1 45 108 -1
17 0 2 44 171 0.704744
17 0 2 44 172 -1
17 0 2 44 173 -1
17 0 2 45 171 -1
17 0 2 45 172 -1
17 0 2 45 173 -1
17 0 3 44 219 -1
17 0 3 45 219 -1
17 0 4 44 285 -1
17 0 4 44 286 -1
17 0 4 44 287 -1
17 0 4 44 288 -1
17 0 4 45 285 -1
17 0 4 45 286 -1
17 0 4 45 287 -1
17 0 4 45 288 0.936301
17 1 2 105 171 -1
17 1 2 105 172 -1
17 1 2 105 173 -1
17 1 2 106 171 -1
17 1 2 106 172 -1
17 1 2 106 173 0.500659
17 1 2 107 171 -1
17 1 2 107 172 0.720503
17 1 2 107 173 -1
17 1 2 108 171 0.945846
17 1 2 108 172 -1
17 1 2 108 173 -1
17 1 3 105 219 -1
17 1 3 106 219 0.971862
17 1 3 107 219 0.32356
17 1 3 108 219 -1
17 1 4 105 285 0.186555
17 1 4 105 286 -1
17 1 4 105 287 -1
17 1 4 105 288 0.621795
17 1 4 106 285 -1
17 1 4 106 286 -1
17 1 4 106 287 0.941011
17 1 4 106 288 -1
17 1 4 107 285 -1
17 1 4 107 286 0.816824
17 1 4 107 287 -1
17 1 4 107 288 -1
17 1 4 108 285 0.723285
17 1 4 108 286 -1
17 1 4 108 287 -1
17 1 4 108 288 -1
17 2 3 171 219 0.429923
17 2 3 172 219 0.36389
17 2 3 173 219 0.206187
17 2 4 171 285 0.856046
17 2 4 171 286 -1
17 2 4 171 287 -1
17 2 4 171 288 0.819869
17 2 4 172 285 -1
17 2 4 172 286 0.861002
17 2 4 172 287 -1
17 2 4 172 288 -1
17 2 4 173 285 -1
17 2 4 173 286 -1
17 2 4 173 287 0.916291
17 2 4 173 288 -1
17 3 4 219 285 -1
17 3 4 219 286 -1
17 3 4 219 287 0.94227
17 3 4 219 288 -1
18 0 1 46 109 0.420498
18 0 1 46 110 0.312991
18 0 1 46 111 0.34971
18 0 1 46 112 -0.797867
18 0 1 47 109 0.284556
18 0 1 47 110 0.365622
18 0 1 47 111 0.337934
18 0 1 47 112 -0.601634
18 0 2 46 174 -1
18 0 2 46 175 -1
18 0 2 46 176 -1
18 0 2 47 174 0.979552
18 0 2 47 175 -1
18 0 2 47 176 0.903369
18 0 3 46 220 0.630868
18 0 3 46 221 -1
18 0 3 46 222 -1
18 0 3 47 220 -1
18 0 3 47 221 -1
18 0 3 47 222 0.907894
18 0 4 46 289 -1
18 0 4 46 290 -1
18 0 4 46 291 0.784657
18 0 4 47 289 0.828071
18 0 4 47 290 -1
18 0 4 47 291 -1
18 1 2 109 174 0.746547
18 1 2 109 175 -1
18 1 2 109 176 -1
18 1 2 110 174 -1
18 1 2 110 175 0.629182
18 1 2 110 176 -1
18 1 2 111 174 -1
18 1 2 111 175 -1
18 1 2 111 176 0.898424
18 1 2 112 174 -1
18 1 2 112 175 -1
18 1 2 112 176 -1
18 1 3 109 220 0.818408
18 1 3 109 221 -1
18 1 3 109 222 -1
18 1 3 110 220 -1
18 1 3 110 221 0.578384
18 1 3 110 222 -1
18 1 3 111 220 -1
18 1 3 111 221 -1
18 1 3 111 222 0.93426
18 1 3 112 220 0.32104
18 1 3 112 221 -1
18 1 3 112 222 -1
18 1 4 109 289 -1
18 1 4 109 290 -1
18 1 4 109 291 0.632843
18 1 4 110 289 -1
18 1 4 110 290 0.612702
18 1 4 110 291 -1
18 1 4 111 289 0.740881
18 1 4 111 290 -1
18 1 4 111 291 -1
18 1 4 112 289 -1
18 1 4 112 290 -1
18 1 4 112 291 -1
18 2 3 174 220 -1
18 2 3 174 221 -1
18 2 3 174 222 -1
18 2 3 175 220 -1
18 2 3 175 221 0.892848
18 2 3 175 222 -1
18 2 3 176 220 -1
18 2 3 176 221 -1
18 2 3 176 222 0.967147
18 2 4 174 289 -1
18 2 4 174 290 -1
18 2 4 174 291 -1
18 2 4 175 289 -1
18 2 4 175 290 0.886859
18 2 4 175 291 0.414004
18 2 4 176 289 0.823045
18 2 4 176 290 -1
18 2 4 176 291 -1
18 3 4 220 289 0.196846
18 3 4 220 290 0.112569
18 3 4 220 291 0.36312
18 3 4 221 289 0.2808
18 3 4 221 290 0.553346
18 3 4 221 291 -1
18 3 4 222 289 0.383423
18 3 4 222 290 0.254635
18 3 4 222 291 -1
end of Frame 224
