J OverallIdx viewIdx joint种类0-18(jointIdx) 该joint在图中的顺序(candidix) x y score
0 0 0 0 703.871 396.472 0.618641
1 0 0 1 252.317 423.813 0.6291
2 0 1 0 709.499 193.899 0.779645
3 0 1 1 241.23 210.811 0.849983
4 0 2 0 717.876 396.425 0.519154
5 0 2 1 280.361 425.927 0.637857
6 0 3 0 687.076 398.549 0.587671
7 0 3 1 218.702 417.549 0.59004
8 0 4 0 653.379 130.737 0.150968
9 0 5 0 729.102 194.049 0.627157
10 0 5 1 283.21 208.742 0.835395
11 0 6 0 689.952 191.827 0.806005
12 0 6 1 201.913 210.885 0.819176
13 0 7 0 709.527 558.768 0.687284
14 0 7 1 291.659 592.548 0.657863
15 0 8 0 687.017 565.051 0.702009
16 0 8 1 238.34 582.065 0.713474
17 0 9 0 300.075 137.103 0.832138
18 0 10 0 670.263 126.618 0.84126
19 0 10 1 235.648 130.792 0.693159
20 0 11 0 762.825 282.552 0.235446
21 0 11 1 280.528 312.191 0.931227
22 0 12 0 706.667 269.876 0.86549
23 0 12 1 182.31 309.969 0.640133
24 0 13 0 712.385 695.889 0.619047
25 0 13 1 257.848 738.093 0.662237
26 0 14 0 695.521 717.007 0.712792
27 0 14 1 232.761 742.279 0.488763
28 0 15 0 325.37 400.71 0.860521
29 0 16 0 658.923 345.806 0.815266
30 0 16 1 201.921 379.567 0.534221
31 0 17 0 300.118 733.869 0.179131
32 0 17 1 616.824 733.797 0.803483
33 0 18 0 661.801 681.155 0.426437
34 0 18 1 311.319 735.947 0.548454
35 1 0 0 703.887 379.58 0.815695
36 1 0 1 572.122 396.477 0.772457
37 1 1 0 563.64 238.264 0.833283
38 1 1 1 709.547 244.505 0.858449
39 1 2 0 684.284 379.605 0.808001
40 1 2 1 608.494 396.419 0.701722
41 1 3 0 720.748 379.578 0.776853
42 1 3 1 541.198 396.505 0.691077
43 1 4 0 667.492 193.873 0.903091
44 1 5 0 614.213 229.902 0.890922
45 1 5 1 692.697 244.556 0.763742
46 1 6 0 507.626 242.508 0.886987
47 1 6 1 729.256 242.513 0.901133
48 1 7 0 689.868 480.781 0.817959
49 1 7 1 614.193 525.032 0.78903
50 1 8 0 28.0348 461.721 0.66705
51 1 8 1 715.081 480.831 0.816301
52 1 8 2 549.581 529.331 0.826094
53 1 9 0 574.943 177.228 0.691724
54 1 10 0 527.06 179.327 0.943019
55 1 10 1 706.537 193.912 0.931985
56 1 11 0 658.939 316.27 0.917158
57 1 12 0 774.141 293.138 0.937222
58 1 12 1 33.7532 329.004 0.868488
59 1 12 2 501.985 333.173 0.861951
60 1 13 0 706.547 567.267 0.840301
61 1 13 1 622.624 655.83 0.753965
62 1 14 0 30.7904 518.754 0.359644
63 1 14 1 729.231 581.94 0.83285
64 1 14 2 555.26 655.839 0.763317
65 1 15 0 53.1519 295.208 0.252197
66 1 15 1 633.734 379.662 0.837185
67 1 16 0 729.057 331.153 0.93807
68 1 16 1 36.4711 381.664 0.842451
69 1 16 2 527.095 390.067 0.744663
70 1 17 0 695.472 601.007 0.754659
71 1 17 1 558.093 653.727 0.408542
72 1 18 0 661.93 581.987 0.952476
73 1 18 1 619.836 660.018 0.466377
74 2 0 0 521.525 225.624 0.778696
75 2 0 1 661.934 409.099 0.756922
76 2 1 0 527.354 78.1114 0.906191
77 2 1 1 678.566 248.842 0.802687
78 2 2 0 485.289 223.535 0.775485
79 2 2 1 687.008 400.631 0.717568
80 2 3 0 549.498 227.687 0.815336
81 2 3 1 639.447 413.316 0.742533
82 2 4 0 502.021 29.5269 0.882821
83 2 4 1 597.347 198.23 0.831753
84 2 5 0 482.43 75.8546 0.922927
85 2 5 1 706.76 227.749 0.886576
86 2 6 0 574.896 86.4953 0.845196
87 2 6 1 639.432 274.068 0.816377
88 2 7 0 488.05 314.186 0.847212
89 2 7 1 664.674 499.73 0.820311
90 2 8 0 549.506 324.679 0.819422
91 2 8 1 630.959 512.355 0.777993
92 2 10 0 549.527 27.4874 0.915197
93 2 10 1 639.378 194.07 0.958123
94 2 11 0 440.21 109.642 0.978115
95 2 11 1 740.365 309.969 0.871322
96 2 12 0 619.714 143.287 0.856705
97 2 12 1 619.8 381.756 0.841937
98 2 13 0 493.567 390.078 0.813675
99 2 13 1 684.402 598.777 0.864668
100 2 14 0 549.7 398.568 0.886662
101 2 14 1 628.177 603.072 0.78612
102 2 15 0 465.497 164.476 0.886851
103 2 15 1 684.318 345.781 0.721763
104 2 16 0 574.973 191.936 0.935399
105 2 16 1 588.926 404.908 0.733206
106 2 17 0 546.801 434.405 0.761067
107 2 17 1 594.518 579.862 0.812399
108 2 18 0 462.748 415.505 0.785975
109 2 18 1 673.056 592.519 0.24117
110 3 0 0 286.132 341.617 0.763984
111 3 0 1 594.468 352.144 0.6912
112 3 1 0 271.992 191.812 0.868505
113 3 1 1 600.176 196.059 0.802748
114 3 2 0 257.982 343.745 0.816492
115 3 2 1 574.977 348.007 0.646099
116 3 3 0 322.577 339.463 0.773211
117 3 3 1 608.501 356.353 0.663644
118 3 4 0 260.877 126.396 0.939608
119 3 4 1 552.424 149.728 0.870673
120 3 5 0 586.058 191.916 0.744974
121 3 5 1 218.742 193.927 0.858316
122 3 6 0 322.454 185.532 0.833989
123 3 6 1 619.811 200.378 0.83036
124 3 7 0 260.876 463.854 0.836578
125 3 7 1 591.666 468.176 0.75511
126 3 8 0 325.465 455.502 0.817906
127 3 8 1 611.333 476.558 0.743107
128 3 9 0 238.362 126.562 0.671122
129 3 10 0 294.462 122.3 0.793243
130 3 10 1 597.357 137.015 0.863228
131 3 11 0 168.127 248.829 0.906284
132 3 12 0 356.138 234.036 0.836122
133 3 12 1 639.478 295.211 0.909047
134 3 13 0 633.772 563.01 0.747947
135 3 13 1 274.808 560.918 0.798963
136 3 14 0 333.681 550.335 0.830297
137 3 14 1 633.795 584.156 0.754079
138 3 15 0 216.042 297.382 0.908041
139 3 16 0 347.861 280.508 0.929007
140 3 16 1 594.597 358.469 0.824372
141 3 17 0 375.743 573.545 0.81936
142 3 17 1 572.107 601.032 0.792801
143 3 18 0 583.277 575.683 0.660745
144 3 18 1 280.515 594.629 0.822876
145 4 0 0 661.859 290.942 0.785469
146 4 0 1 415.109 331.035 0.49434
147 4 1 0 395.515 111.829 0.527771
148 4 1 1 681.521 139.197 0.916697
149 4 2 0 633.798 284.655 0.723886
150 4 2 1 412.255 333.18 0.587078
151 4 3 0 689.95 293.063 0.721577
152 4 3 1 429.028 328.946 0.374535
153 4 4 0 459.759 40.053 0.600734
154 4 4 1 706.687 92.6932 0.947151
155 4 5 0 389.769 113.869 0.775558
156 4 5 1 636.442 130.766 0.842104
157 4 6 0 414.987 111.73 0.450514
158 4 6 1 729.108 143.309 0.918856
159 4 7 0 622.595 398.505 0.814382
160 4 7 1 414.958 503.993 0.550085
161 4 8 0 684.34 409.048 0.853397
162 4 8 1 415.179 491.327 0.27196
163 4 9 0 395.347 42.0983 0.910716
164 4 9 1 664.706 75.971 0.905207
165 4 11 0 597.412 204.537 0.86431
166 4 11 1 370.14 210.914 0.933117
167 4 12 0 734.757 217.218 0.839016
168 4 13 0 619.893 491.344 0.844038
169 4 13 1 409.469 647.314 0.754206
170 4 14 0 678.646 501.921 0.803613
171 4 14 1 412.261 594.627 0.564633
172 4 15 0 605.725 261.6 0.875694
173 4 15 1 414.89 280.405 0.892208
174 4 16 0 709.601 282.556 0.843588
175 4 17 0 661.795 533.505 0.857956
176 4 17 1 462.765 598.816 0.687081
177 4 18 0 602.909 518.735 0.851627
178 4 18 1 482.416 655.798 0.788236
P viewIdx, pafIdx, aOverAllIdx, bOverAllIdx, CandidAIdx, CandidBIdx, score
0 0 2 0 0 0 0.958897
0 0 2 1 0 1 0
0 0 3 0 1 0 0
0 0 3 1 1 1 0.970489
0 1 4 13 0 0 0.950897
0 1 4 14 0 1 0
0 1 5 13 1 0 0
0 1 5 14 1 1 0.964985
0 2 13 24 0 0 0.941357
0 2 13 25 0 1 0
0 2 14 24 1 0 0
0 2 14 25 1 1 0.978982
0 3 0 4 0 0 0.849216
0 3 0 5 0 1 0
0 3 1 4 1 0 0
0 3 1 5 1 1 0.911186
0 4 0 6 0 0 0.854704
0 4 0 7 0 1 0
0 4 1 6 1 0 0
0 4 1 7 1 1 0.900797
0 5 6 15 0 0 0.972947
0 5 6 16 0 1 0
0 5 7 15 1 0 0
0 5 7 16 1 1 0.969305
0 6 15 26 0 0 0.9776
0 6 15 27 0 1 0
0 6 16 26 1 0 0
0 6 16 27 1 1 0.983299
0 7 2 9 0 0 0.95894
0 7 2 10 0 1 0
0 7 3 9 1 0 0
0 7 3 10 1 1 0.992288
0 8 9 20 0 0 0.801306
0 8 9 21 0 1 0
0 8 10 20 1 0 0
0 8 10 21 1 1 0.993796
0 9 20 28 0 0 0
0 9 21 28 1 0 0.999768
0 10 9 17 0 0 0
0 10 10 17 1 0 0.969397
0 11 2 11 0 0 0.972744
0 11 2 12 0 1 0
0 11 3 11 1 0 0
0 11 3 12 1 1 0.991355
0 12 11 22 0 0 0.977884
0 12 11 23 0 1 0
0 12 12 22 1 0 0
0 12 12 23 1 1 0.96091
0 13 22 29 0 0 0.978163
0 13 22 30 0 1 0
0 13 23 29 1 0 0
0 13 23 30 1 1 0.946274
0 14 11 18 0 0 0.982411
0 14 11 19 0 1 0
0 14 12 18 1 0 0
0 14 12 19 1 1 0.909805
0 15 2 8 0 0 0.733907
0 15 3 8 1 0 0
0 16 26 31 0 0 0
0 16 26 32 0 1 0.957769
0 16 27 31 1 0 0
0 16 27 32 1 1 0
0 17 24 33 0 0 0.756316
0 17 24 34 0 1 0
0 17 25 33 1 0 0
0 17 25 34 1 1 0.85955
1 0 37 35 0 0 0
1 0 37 36 0 1 0.985646
1 0 38 35 1 0 0.981884
1 0 38 36 1 1 0
1 1 39 48 0 0 0.994889
1 1 39 49 0 1 0
1 1 40 48 1 0 0
1 1 40 49 1 1 0.983814
1 2 48 60 0 0 0.982023
1 2 48 61 0 1 0
1 2 49 60 1 0 0
1 2 49 61 1 1 0.995376
1 3 35 39 0 0 0.964975
1 3 35 40 0 1 0
1 3 36 39 1 0 0
1 3 36 40 1 1 0.935132
1 4 35 41 0 0 0.963799
1 4 35 42 0 1 0
1 4 36 41 1 0 0
1 4 36 42 1 1 0.933381
1 5 41 50 0 0 0
1 5 41 51 0 1 0.979828
1 5 41 52 0 2 0
1 5 42 50 1 0 0
1 5 42 51 1 1 0
1 5 42 52 1 2 0.985996
1 6 50 62 0 0 0.904417
1 6 50 63 0 1 0
1 6 50 64 0 2 0
1 6 51 62 1 0 0
1 6 51 63 1 1 0.977587
1 6 51 64 1 2 0
1 6 52 62 2 0 0
1 6 52 63 2 1 0
1 6 52 64 2 2 0.997312
1 7 37 44 0 0 0.986736
1 7 37 45 0 1 0
1 7 38 44 1 0 0
1 7 38 45 1 1 0.991869
1 8 44 56 0 0 0.98863
1 8 45 56 1 0 0
1 9 56 65 0 0 0
1 9 56 66 0 1 0.999647
1 10 44 53 0 0 0.953253
1 10 45 53 1 0 0
1 11 37 46 0 0 0.989731
1 11 37 47 0 1 0
1 11 38 46 1 0 0
1 11 38 47 1 1 0.994049
1 12 46 57 0 0 0
1 12 46 58 0 1 0
1 12 46 59 0 2 0.993075
1 12 47 57 1 0 0.99468
1 12 47 58 1 1 0
1 12 47 59 1 2 0
1 13 57 67 0 0 0.977002
1 13 57 68 0 1 0
1 13 57 69 0 2 0
1 13 58 67 1 0 0
1 13 58 68 1 1 0.986063
1 13 58 69 1 2 0
1 13 59 67 2 0 0
1 13 59 68 2 1 0
1 13 59 69 2 2 0.995586
1 14 46 54 0 0 0.976733
1 14 46 55 0 1 0
1 14 47 54 1 0 0
1 14 47 55 1 1 0.995942
1 15 37 43 0 0 0
1 15 38 43 1 0 0.992329
1 16 62 70 0 0 0
1 16 62 71 0 1 0
1 16 63 70 1 0 0.938863
1 16 63 71 1 1 0
1 16 64 70 2 0 0
1 16 64 71 2 1 0.634493
1 17 60 72 0 0 0.985385
1 17 60 73 0 1 0
1 17 61 72 1 0 0
1 17 61 73 1 1 0.643835
2 0 76 74 0 0 0.988404
2 0 76 75 0 1 0
2 0 77 74 1 0 0
2 0 77 75 1 1 0.993472
2 1 78 88 0 0 0.989057
2 1 78 89 0 1 0
2 1 79 88 1 0 0
2 1 79 89 1 1 0.968467
2 2 88 98 0 0 0.98925
2 2 88 99 0 1 0
2 2 89 98 1 0 0
2 2 89 99 1 1 0.969675
2 3 74 78 0 0 0.97503
2 3 74 79 0 1 0
2 3 75 78 1 0 0
2 3 75 79 1 1 0.929597
2 4 74 80 0 0 0.973372
2 4 74 81 0 1 0
2 4 75 80 1 0 0
2 4 75 81 1 1 0.946508
2 5 80 90 0 0 0.997349
2 5 80 91 0 1 0
2 5 81 90 1 0 0
2 5 81 91 1 1 0.978959
2 6 90 100 0 0 0.996102
2 6 90 101 0 1 0
2 6 91 100 1 0 0
2 6 91 101 1 1 0.980654
2 7 76 84 0 0 0.997521
2 7 76 85 0 1 0
2 7 77 84 1 0 0
2 7 77 85 1 1 0.97778
2 8 84 94 0 0 0.989125
2 8 84 95 0 1 0
2 8 85 94 1 0 0
2 8 85 95 1 1 0.994822
2 9 94 102 0 0 0.991632
2 9 94 103 0 1 0
2 9 95 102 1 0 0
2 9 95 103 1 1 0.967839
2 11 76 86 0 0 0.999371
2 11 76 87 0 1 0
2 11 77 86 1 0 0
2 11 77 87 1 1 0.975182
2 12 86 96 0 0 0.996452
2 12 86 97 0 1 0
2 12 87 96 1 0 0
2 12 87 97 1 1 0.952553
2 13 96 104 0 0 0.952118
2 13 96 105 0 1 0
2 13 97 104 1 0 0
2 13 97 105 1 1 0.947459
2 14 86 92 0 0 0.993872
2 14 86 93 0 1 0
2 14 87 92 1 0 0
2 14 87 93 1 1 0.998554
2 15 76 82 0 0 0.994657
2 15 76 83 0 1 0
2 15 77 82 1 0 0
2 15 77 83 1 1 0.996624
2 16 100 106 0 0 0.959698
2 16 100 107 0 1 0
2 16 101 106 1 0 0
2 16 101 107 1 1 0.983436
2 17 98 108 0 0 0.952666
2 17 98 109 0 1 0
2 17 99 108 1 0 0
2 17 99 109 1 1 0.77926
3 0 112 110 0 0 0.991921
3 0 112 111 0 1 0
3 0 113 110 1 0 0
3 0 113 111 1 1 0.967628
3 1 114 124 0 0 0.995706
3 1 114 125 0 1 0
3 1 115 124 1 0 0
3 1 115 125 1 1 0.952225
3 2 124 134 0 0 0
3 2 124 135 0 1 0.99951
3 2 125 134 1 0 0.990466
3 2 125 135 1 1 0
3 3 110 114 0 0 0.952972
3 3 110 115 0 1 0
3 3 111 114 1 0 0
3 3 111 115 1 1 0.912891
3 4 110 116 0 0 0.955232
3 4 110 117 0 1 0
3 4 111 116 1 0 0
3 4 111 117 1 1 0.910317
3 5 116 126 0 0 0.995334
3 5 116 127 0 1 0
3 5 117 126 1 0 0
3 5 117 127 1 1 0.976715
3 6 126 136 0 0 0.995554
3 6 126 137 0 1 0
3 6 127 136 1 0 0
3 6 127 137 1 1 0.991591
3 7 112 120 0 0 0
3 7 112 121 0 1 0.993341
3 7 113 120 1 0 0.977843
3 7 113 121 1 1 0
3 8 120 131 0 0 0
3 8 121 131 1 0 0.984719
3 9 131 138 0 0 0.984483
3 10 120 128 0 0 0
3 10 121 128 1 0 0.915822
3 11 112 122 0 0 0.989202
3 11 112 123 0 1 0
3 11 113 122 1 0 0
3 11 113 123 1 1 0.989226
3 12 122 132 0 0 0.988259
3 12 122 133 0 1 0
3 12 123 132 1 0 0
3 12 123 133 1 1 0.978331
3 13 132 139 0 0 0.998186
3 13 132 140 0 1 0
3 13 133 139 1 0 0
3 13 133 140 1 1 0.967667
3 14 122 129 0 0 0.998888
3 14 122 130 0 1 0
3 14 123 129 1 0 0
3 14 123 130 1 1 0.989603
3 15 112 118 0 0 0.996364
3 15 112 119 0 1 0
3 15 113 118 1 0 0
3 15 113 119 1 1 0.999084
3 16 136 141 0 0 0.983715
3 16 136 142 0 1 0
3 16 137 141 1 0 0
3 16 137 142 1 1 0.96535
3 17 134 143 0 0 0.94216
3 17 134 144 0 1 0
3 17 135 143 1 0 0
3 17 135 144 1 1 0.979831
4 0 147 145 0 0 0
4 0 147 146 0 1 0.867338
4 0 148 145 1 0 0.989267
4 0 148 146 1 1 0
4 1 149 159 0 0 0.978654
4 1 149 160 0 1 0
4 1 150 159 1 0 0
4 1 150 160 1 1 0.956025
4 2 159 168 0 0 0.996239
4 2 159 169 0 1 0
4 2 160 168 1 0 0
4 2 160 169 1 1 0.974673
4 3 145 149 0 0 0.940848
4 3 145 150 0 1 0
4 3 146 149 1 0 0
4 3 146 150 1 1 0.773011
4 4 145 151 0 0 0.951824
4 4 145 152 0 1 0
4 4 146 151 1 0 0
4 4 146 152 1 1 0.776869
4 5 151 161 0 0 0.99684
4 5 151 162 0 1 0
4 5 152 161 1 0 0
4 5 152 162 1 1 0.841964
4 6 161 170 0 0 0.990561
4 6 161 171 0 1 0
4 6 162 170 1 0 0
4 6 162 171 1 1 0.883137
4 7 147 155 0 0 0.831741
4 7 147 156 0 1 0
4 7 148 155 1 0 0
4 7 148 156 1 1 0.997729
4 8 155 165 0 0 0
4 8 155 166 0 1 0.984725
4 8 156 165 1 0 0.976222
4 8 156 166 1 1 0
4 9 165 172 0 0 0.994403
4 9 165 173 0 1 0
4 9 166 172 1 0 0
4 9 166 173 1 1 0.991171
4 10 155 163 0 0 0.994043
4 10 155 164 0 1 0
4 10 156 163 1 0 0
4 10 156 164 1 1 0.973942
4 11 147 157 0 0 0.838338
4 11 147 158 0 1 0
4 11 148 157 1 0 0
4 11 148 158 1 1 0.99986
4 12 157 167 0 0 0
4 12 158 167 1 0 0.99768
4 13 167 174 0 0 0.95313
4 15 147 153 0 0 0.794334
4 15 147 154 0 1 0
4 15 148 153 1 0 0
4 15 148 154 1 1 0.991091
4 16 170 175 0 0 0.979654
4 16 170 176 0 1 0
4 16 171 175 1 0 0
4 16 171 176 1 1 0.905658
4 17 168 177 0 0 0.962072
4 17 168 178 0 1 0
4 17 169 177 1 0 0
4 17 169 178 1 1 0.982276
E jointIdx viewA viewB aOverAllIdx bOverallIdx score
0 0 1 0 35 0.341423
0 0 1 0 36 0.274317
0 0 1 1 35 0.283123
0 0 1 1 36 0.338066
0 0 2 0 74 0.683994
0 0 2 0 75 -1
0 0 2 1 74 -1
0 0 2 1 75 0.815823
0 0 3 0 110 0.803755
0 0 3 0 111 -1
0 0 3 1 110 -1
0 0 3 1 111 0.754772
0 0 4 0 145 -1
0 0 4 0 146 0.818027
0 0 4 1 145 0.874627
0 0 4 1 146 -1
0 1 2 35 74 0.980614
0 1 2 35 75 -1
0 1 2 36 74 -1
0 1 2 36 75 0.832545
0 1 3 35 110 0.890408
0 1 3 35 111 0.10022
0 1 3 36 110 -1
0 1 3 36 111 0.892337
0 1 4 35 145 -1
0 1 4 35 146 0.923441
0 1 4 36 145 0.923453
0 1 4 36 146 -1
0 2 3 74 110 0.937022
0 2 3 74 111 -1
0 2 3 75 110 -1
0 2 3 75 111 0.577003
0 2 4 74 145 -1
0 2 4 74 146 0.906963
0 2 4 75 145 0.994265
0 2 4 75 146 -1
0 3 4 110 145 0.277831
0 3 4 110 146 0.326273
0 3 4 111 145 0.329937
0 3 4 111 146 0.270286
1 0 1 2 37 0.278788
1 0 1 2 38 0.282405
1 0 1 3 37 0.282107
1 0 1 3 38 0.279005
1 0 2 2 76 0.802333
1 0 2 2 77 -1
1 0 2 3 76 -1
1 0 2 3 77 0.923887
1 0 3 2 112 0.307661
1 0 3 2 113 0.310055
1 0 3 3 112 0.310412
1 0 3 3 113 0.308066
1 0 4 2 147 0.975123
1 0 4 2 148 -1
1 0 4 3 147 -1
1 0 4 3 148 0.892898
1 1 2 37 76 -1
1 1 2 37 77 0.882148
1 1 2 38 76 0.980551
1 1 2 38 77 -1
1 1 3 37 112 0.272667
1 1 3 37 113 0.291071
1 1 3 38 112 0.29242
1 1 3 38 113 0.274384
1 1 4 37 147 0.051028
1 1 4 37 148 0.850381
1 1 4 38 147 0.792833
1 1 4 38 148 0.146336
1 2 3 76 112 0.774872
1 2 3 76 113 -1
1 2 3 77 112 -1
1 2 3 77 113 0.965533
1 2 4 76 147 0.821898
1 2 4 76 148 -1
1 2 4 77 147 -1
1 2 4 77 148 0.729698
1 3 4 112 147 0.461757
1 3 4 112 148 0.324366
1 3 4 113 147 0.0371255
1 3 4 113 148 0.562411
2 0 1 4 39 0.376574
2 0 1 4 40 0.251968
2 0 1 5 39 0.268856
2 0 1 5 40 0.371145
2 0 2 4 78 0.582798
2 0 2 4 79 -1
2 0 2 5 78 -1
2 0 2 5 79 0.629618
2 0 3 4 114 0.861067
2 0 3 4 115 -1
2 0 3 5 114 -1
2 0 3 5 115 0.66756
2 0 4 4 149 -1
2 0 4 4 150 0.676941
2 0 4 5 149 0.992786
2 0 4 5 150 -1
2 1 2 39 78 0.928806
2 1 2 39 79 -1
2 1 2 40 78 -1
2 1 2 40 79 0.729422
2 1 3 39 114 0.716424
2 1 3 39 115 0.213762
2 1 3 40 114 0.0521361
2 1 3 40 115 0.714508
2 1 4 39 149 -1
2 1 4 39 150 0.667096
2 1 4 40 149 0.881473
2 1 4 40 150 -1
2 2 3 78 114 0.910305
2 2 3 78 115 -1
2 2 3 79 114 -1
2 2 3 79 115 0.277881
2 2 4 78 149 -1
2 2 4 78 150 0.590995
2 2 4 79 149 0.863318
2 2 4 79 150 -1
2 3 4 114 149 0.256925
2 3 4 114 150 0.417233
2 3 4 115 149 0.406522
2 3 4 115 150 0.247836
3 0 1 6 41 0.292217
3 0 1 6 42 0.27293
3 0 1 7 41 0.275203
3 0 1 7 42 0.290815
3 0 2 6 80 0.826234
3 0 2 6 81 -1
3 0 2 7 80 -1
3 0 2 7 81 0.90644
3 0 3 6 116 0.735116
3 0 3 6 117 -1
3 0 3 7 116 -1
3 0 3 7 117 0.735967
3 0 4 6 151 -1
3 0 4 6 152 0.824111
3 0 4 7 151 0.735854
3 0 4 7 152 -1
3 1 2 41 80 0.993007
3 1 2 41 81 -1
3 1 2 42 80 -1
3 1 2 42 81 0.980565
3 1 3 41 116 0.946027
3 1 3 41 117 -1
3 1 3 42 116 -1
3 1 3 42 117 0.970359
3 1 4 41 151 -1
3 1 4 41 152 0.774205
3 1 4 42 151 0.961803
3 1 4 42 152 -1
3 2 3 80 116 0.848083
3 2 3 80 117 -1
3 2 3 81 116 -1
3 2 3 81 117 0.851813
3 2 4 80 151 -1
3 2 4 80 152 0.751749
3 2 4 81 151 0.85177
3 2 4 81 152 -1
3 3 4 116 151 0.29467
3 3 4 116 152 0.3023
3 3 4 117 151 0.303038
3 3 4 117 152 0.293754
4 0 1 8 43 0.946816
4 0 2 8 82 0.97428
4 0 2 8 83 -1
4 0 3 8 118 0.67839
4 0 3 8 119 0.32161
4 0 4 8 153 0.90078
4 0 4 8 154 -1
4 1 2 43 82 0.926676
4 1 2 43 83 -1
4 1 3 43 118 0.480899
4 1 3 43 119 0.519101
4 1 4 43 153 0.962084
4 1 4 43 154 -1
4 2 3 82 118 0.914025
4 2 3 82 119 -1
4 2 3 83 118 -1
4 2 3 83 119 0.909681
4 2 4 82 153 0.938529
4 2 4 82 154 -1
4 2 4 83 153 -1
4 2 4 83 154 0.998025
4 3 4 118 153 0.781745
4 3 4 118 154 0.179914
4 3 4 119 153 -1
4 3 4 119 154 0.786521
5 0 1 9 44 0.305725
5 0 1 9 45 0.286969
5 0 1 10 44 0.287229
5 0 1 10 45 0.304781
5 0 2 9 84 0.524961
5 0 2 9 85 -1
5 0 2 10 84 -1
5 0 2 10 85 0.873194
5 0 3 9 120 0.327469
5 0 3 9 121 0.345053
5 0 3 10 120 0.340563
5 0 3 10 121 0.325163
5 0 4 9 155 0.843258
5 0 4 9 156 -1
5 0 4 10 155 -1
5 0 4 10 156 0.895715
5 1 2 44 84 0.252784
5 1 2 44 85 0.514332
5 1 2 45 84 0.560371
5 1 2 45 85 0.231368
5 1 3 44 120 0.396734
5 1 3 44 121 0.275266
5 1 3 45 120 0.308578
5 1 3 45 121 0.403909
5 1 4 44 155 0.129368
5 1 4 44 156 0.704604
5 1 4 45 155 0.717652
5 1 4 45 156 0.188781
5 2 3 84 120 -1
5 2 3 84 121 0.955072
5 2 3 85 120 0.967566
5 2 3 85 121 -1
5 2 4 84 155 0.675895
5 2 4 84 156 -1
5 2 4 85 155 -1
5 2 4 85 156 0.866896
5 3 4 120 155 0.189482
5 3 4 120 156 0.44228
5 3 4 121 155 0.423601
5 3 4 121 156 0.314527
6 0 1 11 46 0.280918
6 0 1 11 47 0.33659
6 0 1 12 46 0.337087
6 0 1 12 47 0.294803
6 0 2 11 86 0.903884
6 0 2 11 87 -1
6 0 2 12 86 -1
6 0 2 12 87 0.962458
6 0 3 11 122 0.296171
6 0 3 11 123 0.295686
6 0 3 12 122 0.295623
6 0 3 12 123 0.296167
6 0 4 11 157 0.943716
6 0 4 11 158 -1
6 0 4 12 157 -1
6 0 4 12 158 0.743405
6 1 2 46 86 -1
6 1 2 46 87 0.875542
6 1 2 47 86 0.918062
6 1 2 47 87 -1
6 1 3 46 122 0.254887
6 1 3 46 123 0.270263
6 1 3 47 122 0.270287
6 1 3 47 123 0.254956
6 1 4 46 157 -1
6 1 4 46 158 0.924594
6 1 4 47 157 0.699252
6 1 4 47 158 -1
6 2 3 86 122 0.825856
6 2 3 86 123 -1
6 2 3 87 122 -1
6 2 3 87 123 0.996697
6 2 4 86 157 0.960608
6 2 4 86 158 -1
6 2 4 87 157 -1
6 2 4 87 158 0.765932
6 3 4 122 157 0.578565
6 3 4 122 158 0.298584
6 3 4 123 157 -1
6 3 4 123 158 0.62742
7 0 1 13 48 0.605566
7 0 1 13 49 0.173108
7 0 1 14 48 0.260062
7 0 1 14 49 0.582575
7 0 2 13 88 0.981612
7 0 2 13 89 -1
7 0 2 14 88 -1
7 0 2 14 89 0.556234
7 0 3 13 124 0.895578
7 0 3 13 125 -1
7 0 3 14 124 -1
7 0 3 14 125 0.970969
7 0 4 13 159 -1
7 0 4 13 160 0.789859
7 0 4 14 159 0.907273
7 0 4 14 160 -1
7 1 2 48 88 0.976417
7 1 2 48 89 -1
7 1 2 49 88 -1
7 1 2 49 89 0.642728
7 1 3 48 124 0.924525
7 1 3 48 125 -1
7 1 3 49 124 -1
7 1 3 49 125 0.912084
7 1 4 48 159 -1
7 1 4 48 160 0.897266
7 1 4 49 159 0.980542
7 1 4 49 160 -1
7 2 3 88 124 0.944712
7 2 3 88 125 -1
7 2 3 89 124 -1
7 2 3 89 125 0.622033
7 2 4 88 159 0.0716382
7 2 4 88 160 0.927227
7 2 4 89 159 0.71512
7 2 4 89 160 -1
7 3 4 124 159 0.0319777
7 3 4 124 160 0.968022
7 3 4 125 159 0.903801
7 3 4 125 160 -1
8 0 1 15 50 -1
8 0 1 15 51 0.535452
8 0 1 15 52 0.378075
8 0 1 16 50 -1
8 0 1 16 51 0.464548
8 0 1 16 52 0.621925
8 0 2 15 90 0.904491
8 0 2 15 91 -1
8 0 2 16 90 -1
8 0 2 16 91 0.999646
8 0 3 15 126 0.826368
8 0 3 15 127 -1
8 0 3 16 126 -1
8 0 3 16 127 0.894797
8 0 4 15 161 -1
8 0 4 15 162 0.976832
8 0 4 16 161 0.809732
8 0 4 16 162 -1
8 1 2 50 90 -1
8 1 2 50 91 -1
8 1 2 51 90 0.965854
8 1 2 51 91 -1
8 1 2 52 90 -1
8 1 2 52 91 0.902325
8 1 3 50 126 -1
8 1 3 50 127 -1
8 1 3 51 126 0.809593
8 1 3 51 127 -1
8 1 3 52 126 -1
8 1 3 52 127 0.832714
8 1 4 50 161 -1
8 1 4 50 162 -1
8 1 4 51 161 -1
8 1 4 51 162 0.736004
8 1 4 52 161 0.88938
8 1 4 52 162 -1
8 2 3 90 126 0.934158
8 2 3 90 127 -1
8 2 3 91 126 -1
8 2 3 91 127 0.905631
8 2 4 90 161 -1
8 2 4 90 162 0.635305
8 2 4 91 161 0.721292
8 2 4 91 162 -1
8 3 4 126 161 0.35077
8 3 4 126 162 0.475003
8 3 4 127 161 0.453416
8 3 4 127 162 -1
9 0 1 17 53 0.875633
9 0 3 17 128 -1
9 0 4 17 163 -1
9 0 4 17 164 0.984567
9 1 3 53 128 0.315057
9 1 4 53 163 -1
9 1 4 53 164 0.951204
9 3 4 128 163 0.666224
9 3 4 128 164 0.333776
10 0 1 18 54 0.273818
10 0 1 18 55 0.268719
10 0 1 19 54 0.26846
10 0 1 19 55 0.274192
10 0 2 18 92 0.899738
10 0 2 18 93 -1
10 0 2 19 92 -1
10 0 2 19 93 0.886503
10 0 3 18 129 0.951008
10 0 3 18 130 -1
10 0 3 19 129 -1
10 0 3 19 130 0.765088
10 1 2 54 92 -1
10 1 2 54 93 0.988331
10 1 2 55 92 0.872773
10 1 2 55 93 -1
10 1 3 54 129 0.25982
10 1 3 54 130 0.417745
10 1 3 55 129 0.415737
10 1 3 55 130 0.269069
10 2 3 92 129 0.940333
10 2 3 92 130 -1
10 2 3 93 129 -1
10 2 3 93 130 0.924562
11 0 1 20 56 0.327388
11 0 1 21 56 0.672612
11 0 2 20 94 0.94007
11 0 2 20 95 -1
11 0 2 21 94 -1
11 0 2 21 95 0.879477
11 0 3 20 131 0.945888
11 0 3 21 131 -1
11 0 4 20 165 0.141821
11 0 4 20 166 0.767047
11 0 4 21 165 0.721571
11 0 4 21 166 0.1641
11 1 2 56 94 0.121233
11 1 2 56 95 0.878767
11 1 3 56 131 0.321341
11 1 4 56 165 0.838571
11 1 4 56 166 0.161429
11 2 3 94 131 0.93108
11 2 3 95 131 -1
11 2 4 94 165 -1
11 2 4 94 166 0.88538
11 2 4 95 165 0.909937
11 2 4 95 166 -1
11 3 4 131 165 0.486138
11 3 4 131 166 0.513862
12 0 1 22 57 0.532227
12 0 1 22 58 -1
12 0 1 22 59 -1
12 0 1 23 57 0.204434
12 0 1 23 58 0.409893
12 0 1 23 59 0.258008
12 0 2 22 96 0.880573
12 0 2 22 97 -1
12 0 2 23 96 -1
12 0 2 23 97 0.679953
12 0 3 22 132 0.955532
12 0 3 22 133 -1
12 0 3 23 132 -1
12 0 3 23 133 0.726145
12 0 4 22 167 0.500519
12 0 4 23 167 0.499481
12 1 2 57 96 0.975926
12 1 2 57 97 -1
12 1 2 58 96 -1
12 1 2 58 97 -1
12 1 2 59 96 -1
12 1 2 59 97 0.832794
12 1 3 57 132 0.905525
12 1 3 57 133 -1
12 1 3 58 132 -1
12 1 3 58 133 -1
12 1 3 59 132 -1
12 1 3 59 133 0.960891
12 1 4 57 167 -1
12 1 4 58 167 -1
12 1 4 59 167 0.853821
12 2 3 96 132 0.994127
12 2 3 96 133 -1
12 2 3 97 132 -1
12 2 3 97 133 0.934579
12 2 4 96 167 -1
12 2 4 97 167 0.783719
12 3 4 132 167 0.112156
12 3 4 133 167 0.887844
13 0 1 24 60 0.699332
13 0 1 24 61 -1
13 0 1 25 60 0.300668
13 0 1 25 61 0.429907
13 0 2 24 98 0.933499
13 0 2 24 99 -1
13 0 2 25 98 -1
13 0 2 25 99 0.230116
13 0 3 24 134 -1
13 0 3 24 135 0.879769
13 0 3 25 134 0.631621
13 0 3 25 135 -1
13 0 4 24 168 -1
13 0 4 24 169 0.913672
13 0 4 25 168 0.525967
13 0 4 25 169 -1
13 1 2 60 98 0.773276
13 1 2 60 99 -1
13 1 2 61 98 -1
13 1 2 61 99 0.652026
13 1 3 60 134 -1
13 1 3 60 135 0.876168
13 1 3 61 134 0.970668
13 1 3 61 135 -1
13 1 4 60 168 -1
13 1 4 60 169 0.692825
13 1 4 61 168 0.988554
13 1 4 61 169 -1
13 2 3 98 134 -1
13 2 3 98 135 0.952761
13 2 3 99 134 0.676606
13 2 3 99 135 -1
13 2 4 98 168 0.179222
13 2 4 98 169 0.820778
13 2 4 99 168 0.7615
13 2 4 99 169 -1
13 3 4 134 168 0.910687
13 3 4 134 169 -1
13 3 4 135 168 -1
13 3 4 135 169 0.771805
14 0 1 26 62 -1
14 0 1 26 63 0.579654
14 0 1 26 64 0.197201
14 0 1 27 62 -1
14 0 1 27 63 0.420346
14 0 1 27 64 0.802799
14 0 2 26 100 0.962238
14 0 2 26 101 -1
14 0 2 27 100 -1
14 0 2 27 101 0.994868
14 0 3 26 136 0.923174
14 0 3 26 137 -1
14 0 3 27 136 -1
14 0 3 27 137 0.838756
14 0 4 26 170 -1
14 0 4 26 171 0.727224
14 0 4 27 170 0.980939
14 0 4 27 171 -1
14 1 2 62 100 -1
14 1 2 62 101 -1
14 1 2 63 100 0.897494
14 1 2 63 101 -1
14 1 2 64 100 -1
14 1 2 64 101 0.893215
14 1 3 62 136 -1
14 1 3 62 137 -1
14 1 3 63 136 0.927117
14 1 3 63 137 -1
14 1 3 64 136 -1
14 1 3 64 137 0.861527
14 1 4 62 170 -1
14 1 4 62 171 -1
14 1 4 63 170 -1
14 1 4 63 171 0.937937
14 1 4 64 170 0.909238
14 1 4 64 171 -1
14 2 3 100 136 0.885386
14 2 3 100 137 -1
14 2 3 101 136 -1
14 2 3 101 137 0.926936
14 2 4 100 170 -1
14 2 4 100 171 0.85422
14 2 4 101 170 0.882411
14 2 4 101 171 -1
14 3 4 136 170 0.289637
14 3 4 136 171 0.607585
14 3 4 137 170 0.574765
14 3 4 137 171 0.0875825
15 0 1 28 65 -1
15 0 1 28 66 0.964705
15 0 2 28 102 -1
15 0 2 28 103 0.959973
15 0 3 28 138 -1
15 0 4 28 172 0.821114
15 0 4 28 173 -1
15 1 2 65 102 -1
15 1 2 65 103 -1
15 1 2 66 102 -1
15 1 2 66 103 0.873901
15 1 3 65 138 0.100193
15 1 3 66 138 -1
15 1 4 65 172 -1
15 1 4 65 173 -1
15 1 4 66 172 0.888227
15 1 4 66 173 -1
15 2 3 102 138 0.934731
15 2 3 103 138 -1
15 2 4 102 172 -1
15 2 4 102 173 0.931294
15 2 4 103 172 0.995085
15 2 4 103 173 -1
15 3 4 138 172 0.487038
15 3 4 138 173 0.512962
16 0 1 29 67 0.596218
16 0 1 29 68 0.388387
16 0 1 29 69 -1
16 0 1 30 67 0.272016
16 0 1 30 68 0.259303
16 0 1 30 69 0.36466
16 0 2 29 104 0.883571
16 0 2 29 105 -1
16 0 2 30 104 -1
16 0 2 30 105 0.867136
16 0 3 29 139 0.793847
16 0 3 29 140 -1
16 0 3 30 139 -1
16 0 3 30 140 0.885715
16 0 4 29 174 -1
16 0 4 30 174 0.386161
16 1 2 67 104 0.877427
16 1 2 67 105 -1
16 1 2 68 104 -1
16 1 2 68 105 -1
16 1 2 69 104 -1
16 1 2 69 105 0.806469
16 1 3 67 139 0.964019
16 1 3 67 140 -1
16 1 3 68 139 -1
16 1 3 68 140 -1
16 1 3 69 139 -1
16 1 3 69 140 0.949633
16 1 4 67 174 -1
16 1 4 68 174 -1
16 1 4 69 174 0.861982
16 2 3 104 139 0.996769
16 2 3 104 140 -1
16 2 3 105 139 -1
16 2 3 105 140 0.944663
16 2 4 104 174 -1
16 2 4 105 174 0.861615
16 3 4 139 174 -1
16 3 4 140 174 0.975954
17 0 1 31 70 0.300215
17 0 1 31 71 0.303707
17 0 1 32 70 0.303375
17 0 1 32 71 0.299672
17 0 2 31 106 -1
17 0 2 31 107 0.916173
17 0 2 32 106 0.843813
17 0 2 32 107 -1
17 0 3 31 141 -1
17 0 3 31 142 0.936067
17 0 3 32 141 0.875821
17 0 3 32 142 -1
17 0 4 31 175 0.821599
17 0 4 31 176 -1
17 0 4 32 175 -1
17 0 4 32 176 0.980086
17 1 2 70 106 0.881377
17 1 2 70 107 -1
17 1 2 71 106 -1
17 1 2 71 107 0.719212
17 1 3 70 141 0.864847
17 1 3 70 142 -1
17 1 3 71 141 -1
17 1 3 71 142 0.759533
17 1 4 70 175 -1
17 1 4 70 176 0.919337
17 1 4 71 175 0.874097
17 1 4 71 176 -1
17 2 3 106 141 0.723293
17 2 3 106 142 -1
17 2 3 107 141 -1
17 2 3 107 142 0.986605
17 2 4 106 175 -1
17 2 4 106 176 0.951778
17 2 4 107 175 0.822591
17 2 4 107 176 -1
17 3 4 141 175 0.284704
17 3 4 141 176 0.366293
17 3 4 142 175 0.371657
17 3 4 142 176 0.271647
18 0 1 33 72 0.714338
18 0 1 33 73 -1
18 0 1 34 72 0.285662
18 0 1 34 73 0.305613
18 0 2 33 108 0.849792
18 0 2 33 109 -1
18 0 2 34 108 -1
18 0 2 34 109 -1
18 0 3 33 143 -1
18 0 3 33 144 0.69491
18 0 3 34 143 0.824516
18 0 3 34 144 -1
18 0 4 33 177 -1
18 0 4 33 178 0.762108
18 0 4 34 177 0.304665
18 0 4 34 178 -1
18 1 2 72 108 0.913963
18 1 2 72 109 -1
18 1 2 73 108 -1
18 1 2 73 109 0.796751
18 1 3 72 143 -1
18 1 3 72 144 0.873894
18 1 3 73 143 0.780933
18 1 3 73 144 -1
18 1 4 72 177 -1
18 1 4 72 178 0.781135
18 1 4 73 177 0.739106
18 1 4 73 178 -1
18 2 3 108 143 -1
18 2 3 108 144 0.844141
18 2 3 109 143 0.220281
18 2 3 109 144 -1
18 2 4 108 177 0.276641
18 2 4 108 178 0.258444
18 2 4 109 177 0.257627
18 2 4 109 178 0.276585
18 3 4 143 177 0.900011
18 3 4 143 178 -1
18 3 4 144 177 -1
18 3 4 144 178 0.987702
end of Frame 60
