J OverallIdx viewIdx joint种类0-18(jointIdx) 该joint在图中的顺序(candidix) x y score
0 0 0 0 370.129 379.535 0.709103
1 0 0 1 891.868 398.611 0.696364
2 0 0 2 280.437 413.263 0.535496
3 0 0 3 600.155 476.571 0.418347
4 0 1 0 574.944 191.797 0.804928
5 0 1 1 258.118 204.569 0.520295
6 0 1 2 367.429 223.529 0.845949
7 0 1 3 894.634 225.542 0.829447
8 0 2 0 325.404 379.632 0.630089
9 0 2 1 860.955 400.655 0.699119
10 0 2 2 286.038 411.164 0.511984
11 0 2 3 667.485 472.349 0.427928
12 0 3 0 412.231 379.545 0.700484
13 0 3 1 930.981 400.632 0.720132
14 0 3 2 272.034 413.278 0.419514
15 0 3 3 532.878 480.795 0.39829
16 0 4 0 347.823 153.896 0.838272
17 0 4 1 855.269 170.772 0.834465
18 0 5 0 678.693 170.784 0.738193
19 0 5 1 260.887 208.704 0.759003
20 0 5 2 322.487 221.439 0.65327
21 0 5 3 844.235 227.636 0.8689
22 0 6 0 246.763 198.26 0.369191
23 0 6 1 482.424 208.73 0.775458
24 0 6 2 947.869 217.202 0.799295
25 0 6 3 415.018 225.527 0.851246
26 0 7 0 325.427 514.506 0.636602
27 0 7 1 886.066 541.937 0.799739
28 0 7 2 283.21 573.56 0.578595
29 0 7 3 715.145 738.043 0.524756
30 0 8 0 434.703 508.166 0.54687
31 0 8 1 931.115 546.083 0.827716
32 0 8 2 288.876 575.666 0.435603
33 0 8 3 549.57 704.295 0.439777
34 0 9 0 625.359 113.94 0.827762
35 0 9 1 274.794 126.542 0.895584
36 0 10 0 535.681 122.261 0.84055
37 0 10 1 392.754 145.443 0.893595
38 0 10 2 903.038 151.838 0.855791
39 0 11 0 698.245 309.98 0.70006
40 0 11 1 841.226 318.418 0.846572
41 0 11 2 305.604 331.113 0.881541
42 0 12 0 429.036 297.331 0.296598
43 0 12 1 976.001 312.023 0.864181
44 0 12 2 448.745 371.12 0.730574
45 0 13 0 344.944 632.554 0.777569
46 0 13 1 902.928 653.697 0.786782
47 0 13 2 230 740.149 0.622026
48 0 14 0 434.591 630.54 0.53108
49 0 14 1 953.32 672.683 0.725518
50 0 14 2 260.767 721.142 0.681595
51 0 15 0 398.197 396.462 0.836275
52 0 15 1 818.83 396.333 0.900496
53 0 15 2 729.057 468.174 0.767624
54 0 16 0 319.728 221.413 0.181946
55 0 16 1 975.953 396.491 0.91638
56 0 16 2 457.085 525.061 0.742409
57 0 17 0 417.858 653.707 0.441177
58 0 17 1 333.688 740.129 0.778699
59 0 17 2 953.513 731.631 0.742123
60 0 18 0 353.425 666.391 0.607712
61 0 18 1 841.341 681.068 0.786524
62 0 18 2 302.907 750.74 0.248555
63 1 0 0 460.001 377.443 0.769545
64 1 0 1 754.442 377.384 0.74968
65 1 0 2 558.125 396.392 0.702446
66 1 0 3 956.373 411.18 0.722344
67 1 1 0 457.125 229.819 0.843513
68 1 1 1 549.798 242.427 0.908291
69 1 1 2 933.919 244.512 0.88324
70 1 1 3 748.785 261.377 0.889633
71 1 2 0 729.214 377.429 0.761264
72 1 2 1 437.571 379.509 0.771718
73 1 2 2 594.399 396.395 0.754085
74 1 2 3 981.539 406.981 0.670907
75 1 3 0 485.178 375.355 0.711903
76 1 3 1 782.413 375.339 0.729455
77 1 3 2 527.174 394.331 0.677356
78 1 3 3 933.947 413.319 0.736494
79 1 4 0 597.364 177.083 0.382906
80 1 4 1 476.757 191.872 0.883712
81 1 4 2 734.76 213.064 0.556717
82 1 4 3 858.158 229.836 0.877162
83 1 5 0 429.007 231.951 0.822138
84 1 5 1 976.069 229.901 0.851597
85 1 5 2 597.253 240.403 0.863095
86 1 5 3 706.798 261.459 0.858753
87 1 6 0 504.709 240.352 0.851007
88 1 6 1 785.164 259.412 0.849733
89 1 6 2 891.753 253.057 0.811258
90 1 7 0 740.337 463.959 0.798998
91 1 7 1 437.41 485.023 0.848468
92 1 7 2 597.415 525.039 0.779905
93 1 7 3 967.545 531.427 0.793319
94 1 8 0 796.524 461.82 0.861068
95 1 8 1 504.647 480.869 0.861029
96 1 8 2 544.043 522.938 0.688291
97 1 8 3 933.781 544.061 0.793184
98 1 9 0 580.474 172.935 0.84106
99 1 9 1 437.553 183.503 0.887181
100 1 9 2 726.235 212.976 0.217343
101 1 10 0 872.196 200.335 0.827236
102 1 10 1 765.531 210.942 0.662339
103 1 11 0 437.347 299.42 0.816402
104 1 11 1 1029.21 307.869 0.777737
105 1 11 2 689.849 316.348 0.453433
106 1 11 3 639.238 329.008 0.933978
107 1 12 0 799.186 312.121 0.887912
108 1 12 1 485.194 328.907 0.949605
109 1 12 2 908.509 343.671 0.913697
110 1 13 0 740.36 548.179 0.692869
111 1 13 1 434.548 596.701 0.829574
112 1 13 2 984.35 638.934 0.769977
113 1 13 3 597.318 653.685 0.761211
114 1 14 0 799.219 546.083 0.852467
115 1 14 1 485.252 581.929 0.852893
116 1 14 2 546.792 649.515 0.828215
117 1 14 3 931.097 666.43 0.826694
118 1 15 0 479.59 248.89 0.85526
119 1 15 1 667.482 377.459 0.87333
120 1 16 0 527.149 368.996 0.756977
121 1 16 1 813.284 364.844 0.890981
122 1 16 2 908.522 428.021 0.880633
123 1 17 0 821.731 567.241 0.803779
124 1 17 1 510.392 590.43 0.439656
125 1 17 2 566.419 649.438 0.30825
126 1 17 3 869.301 668.46 0.791058
127 1 18 0 745.952 565.193 0.522078
128 1 18 1 465.546 611.535 0.748503
129 1 18 2 956.267 649.513 0.315011
130 1 18 3 611.281 655.797 0.477352
131 2 0 0 460.046 147.608 0.786676
132 2 0 1 818.893 166.589 0.156448
133 2 0 2 846.988 291.019 0.696143
134 2 0 3 372.942 352.177 0.632938
135 2 0 4 639.312 396.456 0.783684
136 2 1 0 457.152 27.4101 0.909559
137 2 1 1 886.162 164.51 0.717026
138 2 1 2 364.581 191.847 0.787908
139 2 1 3 658.886 246.732 0.887657
140 2 2 0 437.621 151.848 0.741362
141 2 2 1 838.521 280.508 0.703491
142 2 2 2 392.532 360.578 0.665295
143 2 2 3 672.991 396.425 0.71387
144 2 3 0 482.482 143.464 0.794657
145 2 3 1 863.695 295.29 0.763574
146 2 3 2 353.371 345.848 0.570974
147 2 3 3 600.215 396.496 0.711112
148 2 4 0 437.44 141.297 0.916729
149 2 4 1 818.86 145.467 0.877451
150 2 5 0 417.919 35.8642 0.827772
151 2 5 1 886.264 145.474 0.565579
152 2 5 2 387.034 208.691 0.718978
153 2 5 3 706.785 244.566 0.917229
154 2 6 0 490.793 23.1946 0.847422
155 2 6 1 342.093 177.044 0.725412
156 2 6 2 883.383 187.634 0.76457
157 2 6 3 597.401 250.951 0.828314
158 2 7 0 793.576 208.771 0.192583
159 2 7 1 437.597 225.585 0.870617
160 2 7 2 804.864 343.688 0.792689
161 2 7 3 389.887 476.574 0.776616
162 2 7 4 661.904 497.706 0.910437
163 2 8 0 796.334 210.835 0.192236
164 2 8 1 499.204 225.614 0.81992
165 2 8 2 844.114 394.355 0.75362
166 2 8 3 392.555 438.613 0.332185
167 2 8 4 597.308 508.19 0.827295
168 2 9 0 381.37 139.167 0.827628
169 2 9 1 684.256 174.973 0.652122
170 2 10 0 855.274 126.556 0.879153
171 2 10 1 619.712 170.773 0.686318
172 2 11 0 415.032 92.8655 0.476289
173 2 11 1 922.581 208.712 0.321582
174 2 11 2 417.934 307.817 0.786269
175 2 11 3 703.816 326.835 0.768737
176 2 12 0 493.526 77.9849 0.822587
177 2 12 1 897.435 269.91 0.794066
178 2 12 2 572.062 358.495 0.867923
179 2 13 0 796.264 253.061 0.156643
180 2 13 1 437.471 295.3 0.608309
181 2 13 2 816.047 413.241 0.850877
182 2 13 3 372.974 577.788 0.848072
183 2 13 4 670.193 603.076 0.763886
184 2 14 0 499.123 297.303 0.831787
185 2 14 1 827.256 466.111 0.808848
186 2 14 2 392.665 499.851 0.539061
187 2 14 3 597.398 611.501 0.817975
188 2 15 0 434.653 143.312 0.153172
189 2 15 1 482.2 234.101 0.802933
190 2 15 2 928.31 259.298 0.539091
191 2 15 3 689.919 379.595 0.447724
192 2 16 0 507.531 130.723 0.88152
193 2 16 1 880.468 331.049 0.868365
194 2 17 0 521.631 314.268 0.593682
195 2 17 1 787.987 480.885 0.767962
196 2 17 2 415.164 510.301 0.536215
197 2 17 3 597.426 601.045 0.494225
198 2 18 0 776.884 425.943 0.815051
199 2 18 1 420.635 569.371 0.768989
200 2 18 2 661.772 598.842 0.399524
201 3 0 0 123.345 345.904 0.831253
202 3 0 1 588.925 358.426 0.600116
203 3 0 2 398.22 385.914 0.607329
204 3 1 0 373.038 187.671 0.84146
205 3 1 1 594.41 191.879 0.717835
206 3 1 2 100.844 198.239 0.816229
207 3 2 0 504.774 305.78 0.172232
208 3 2 1 101.033 348.008 0.787949
209 3 2 2 594.507 354.283 0.498572
210 3 2 3 440.231 383.759 0.628325
211 3 3 0 143.092 345.776 0.805641
212 3 3 1 577.768 358.483 0.649797
213 3 3 2 358.996 392.24 0.607426
214 3 4 0 530.053 145.505 0.340217
215 3 4 1 145.944 158.14 0.942542
216 3 4 2 524.439 177.201 0.740087
217 3 5 0 437.416 179.289 0.840749
218 3 5 1 605.754 187.683 0.573434
219 3 5 2 518.841 194.108 0.296111
220 3 5 3 78.4164 204.518 0.825561
221 3 6 0 314.109 193.931 0.823748
222 3 6 1 580.467 193.99 0.846264
223 3 6 2 120.609 196.075 0.732789
224 3 7 0 103.885 447.031 0.814873
225 3 7 1 597.457 466.106 0.714179
226 3 7 2 434.726 533.493 0.778923
227 3 8 0 527.294 419.653 0.15523
228 3 8 1 168.156 430.253 0.911323
229 3 8 2 586.093 476.58 0.69133
230 3 8 3 364.579 527.168 0.791292
231 3 9 0 415.014 107.58 0.89557
232 3 9 1 101.13 145.459 0.913041
233 3 10 0 353.376 109.667 0.315318
234 3 10 1 558.042 126.607 0.888153
235 3 10 2 546.81 175.008 0.275052
236 3 11 0 70.0458 280.455 0.829065
237 3 11 1 479.45 280.426 0.799447
238 3 11 2 574.848 290.982 0.199202
239 3 12 0 594.391 295.277 0.905405
240 3 12 1 302.997 312.091 0.822341
241 3 13 0 103.78 516.661 0.633661
242 3 13 1 642.192 579.934 0.803915
243 3 13 2 429.067 685.336 0.677011
244 3 14 0 165.487 514.549 0.832617
245 3 14 1 527.19 527.144 0.164987
246 3 14 2 605.686 596.676 0.766819
247 3 14 3 353.423 657.93 0.748791
248 3 15 0 482.257 200.319 0.671906
249 3 15 1 529.984 316.346 0.568547
250 3 15 2 84.1939 358.433 0.823172
251 3 16 0 546.869 345.903 0.857036
252 3 16 1 319.735 411.173 0.813504
253 3 17 0 190.778 531.392 0.38387
254 3 17 1 552.497 600.944 0.83297
255 3 17 2 361.801 664.202 0.44328
256 3 18 0 451.47 670.565 0.650398
257 4 0 0 367.231 282.593 0.725561
258 4 0 1 661.93 293.042 0.780685
259 4 0 2 810.401 318.404 0.591177
260 4 0 3 165.381 383.815 0.558491
261 4 1 0 821.795 115.991 0.68295
262 4 1 1 157.075 130.784 0.778741
263 4 1 2 681.409 139.182 0.869157
264 4 1 3 370.275 145.564 0.912032
265 4 2 0 330.932 280.529 0.718922
266 4 2 1 639.306 290.946 0.767926
267 4 2 2 832.912 314.241 0.549671
268 4 2 3 210.276 388.014 0.523744
269 4 3 0 392.574 284.678 0.728144
270 4 3 1 687.136 293.118 0.738522
271 4 3 2 785.208 322.605 0.574161
272 4 3 3 120.506 381.714 0.56864
273 4 4 0 639.451 75.7977 0.92379
274 4 4 1 395.441 126.552 0.894839
275 4 5 0 844.145 109.719 0.666209
276 4 5 1 221.575 137.099 0.73994
277 4 5 2 639.259 139.161 0.879331
278 4 5 3 328.106 143.362 0.875886
279 4 6 0 804.878 124.346 0.738593
280 4 6 1 92.528 126.63 0.783471
281 4 6 2 723.458 141.188 0.811613
282 4 6 3 414.986 153.954 0.865964
283 4 7 0 322.535 385.889 0.807253
284 4 7 1 636.618 400.674 0.810589
285 4 7 2 818.915 459.722 0.826238
286 4 7 3 210.202 596.753 0.696017
287 4 8 0 392.464 383.83 0.806544
288 4 8 1 689.83 409.09 0.789311
289 4 8 2 740.349 463.962 0.81835
290 4 8 3 154.204 554.622 0.673969
291 4 9 0 227.163 44.2394 0.804072
292 4 9 1 358.984 109.764 0.784451
293 4 10 0 154.21 39.9896 0.179974
294 4 10 1 773.887 42.0654 0.850641
295 4 10 2 684.424 73.8308 0.935329
296 4 11 0 305.693 202.402 0.812731
297 4 11 1 614.148 219.339 0.899647
298 4 11 2 255.08 284.634 0.828287
299 4 12 0 748.786 215.1 0.853413
300 4 12 1 420.724 225.553 0.774642
301 4 12 2 796.473 242.464 0.670296
302 4 12 3 70.0589 261.531 0.724608
303 4 13 0 314.055 480.832 0.753024
304 4 13 1 644.979 493.43 0.827255
305 4 13 2 821.636 596.737 0.780348
306 4 13 3 196.295 754.946 0.660937
307 4 14 0 395.383 474.492 0.782983
308 4 14 1 684.34 510.259 0.831655
309 4 14 2 748.709 617.829 0.777091
310 4 14 3 148.678 721.168 0.451741
311 4 15 0 302.798 257.211 0.82819
312 4 15 1 569.253 272.049 0.861108
313 4 15 2 302.905 411.158 0.837219
314 4 16 0 706.618 278.286 0.931084
315 4 16 1 420.643 293.016 0.766896
316 4 16 2 773.971 352.185 0.801364
317 4 16 3 84.1342 369.026 0.758692
318 4 17 0 414.987 497.688 0.863697
319 4 17 1 642.284 533.526 0.738576
320 4 17 2 681.362 632.643 0.83731
321 4 17 3 280.552 735.961 0.168721
322 4 18 0 319.637 514.474 0.77983
323 4 18 1 625.37 525.043 0.804711
324 4 18 2 776.831 594.634 0.471953
325 4 18 3 277.617 740.133 0.556225
P viewIdx, pafIdx, aOverAllIdx, bOverAllIdx, CandidAIdx, CandidBIdx, score
0 0 4 0 0 0 0
0 0 4 1 0 1 0
0 0 4 2 0 2 0
0 0 4 3 0 3 0.970061
0 0 5 0 1 0 0
0 0 5 1 1 1 0
0 0 5 2 1 2 0.915898
0 0 5 3 1 3 0
0 0 6 0 2 0 0.986322
0 0 6 1 2 1 0
0 0 6 2 2 2 0
0 0 6 3 2 3 0
0 0 7 0 3 0 0
0 0 7 1 3 1 0.974725
0 0 7 2 3 2 0
0 0 7 3 3 3 0
0 1 8 26 0 0 0.263616
0 1 8 27 0 1 0
0 1 8 28 0 2 0.264757
0 1 8 29 0 3 0
0 1 9 26 1 0 0
0 1 9 27 1 1 0.998699
0 1 9 28 1 2 0
0 1 9 29 1 3 0
0 1 10 26 2 0 0.264763
0 1 10 27 2 1 0
0 1 10 28 2 2 0.263595
0 1 10 29 2 3 0
0 1 11 26 3 0 0
0 1 11 27 3 1 0
0 1 11 28 3 2 0
0 1 11 29 3 3 0.972071
0 2 26 45 0 0 0.27338
0 2 26 46 0 1 0
0 2 26 47 0 2 0.262505
0 2 27 45 1 0 0
0 2 27 46 1 1 0.993472
0 2 27 47 1 2 0
0 2 28 45 2 0 0.261899
0 2 28 46 2 1 0
0 2 28 47 2 2 0.273429
0 2 29 45 3 0 0
0 2 29 46 3 1 0
0 2 29 47 3 2 0
0 3 0 8 0 0 0.92128
0 3 0 9 0 1 0
0 3 0 10 0 2 0
0 3 0 11 0 3 0
0 3 1 8 1 0 0
0 3 1 9 1 1 0.912187
0 3 1 10 1 2 0
0 3 1 11 1 3 0
0 3 2 8 2 0 0
0 3 2 9 2 1 0
0 3 2 10 2 2 0.678206
0 3 2 11 2 3 0
0 3 3 8 3 0 0
0 3 3 9 3 1 0
0 3 3 10 3 2 0
0 3 3 11 3 3 0.83581
0 4 0 12 0 0 0.940837
0 4 0 13 0 1 0
0 4 0 14 0 2 0
0 4 0 15 0 3 0
0 4 1 12 1 0 0
0 4 1 13 1 1 0.918763
0 4 1 14 1 2 0
0 4 1 15 1 3 0
0 4 2 12 2 0 0
0 4 2 13 2 1 0
0 4 2 14 2 2 0.724745
0 4 2 15 2 3 0
0 4 3 12 3 0 0
0 4 3 13 3 1 0
0 4 3 14 3 2 0
0 4 3 15 3 3 0.824854
0 5 12 30 0 0 0.968157
0 5 12 31 0 1 0
0 5 12 32 0 2 0
0 5 12 33 0 3 0
0 5 13 30 1 0 0
0 5 13 31 1 1 0.995575
0 5 13 32 1 2 0
0 5 13 33 1 3 0
0 5 14 30 2 0 0
0 5 14 31 2 1 0
0 5 14 32 2 2 0.888971
0 5 14 33 2 3 0
0 5 15 30 3 0 0
0 5 15 31 3 1 0
0 5 15 32 3 2 0
0 5 15 33 3 3 0.947488
0 6 30 48 0 0 0.912054
0 6 30 49 0 1 0
0 6 30 50 0 2 0
0 6 31 48 1 0 0
0 6 31 49 1 1 0.999738
0 6 31 50 1 2 0
0 6 32 48 2 0 0
0 6 32 49 2 1 0
0 6 32 50 2 2 0.92106
0 6 33 48 3 0 0
0 6 33 49 3 1 0
0 6 33 50 3 2 0
0 7 4 18 0 0 0.97832
0 7 4 19 0 1 0
0 7 4 20 0 2 0
0 7 4 21 0 3 0
0 7 5 18 1 0 0
0 7 5 19 1 1 0.79242
0 7 5 20 1 2 0
0 7 5 21 1 3 0
0 7 6 18 2 0 0
0 7 6 19 2 1 0
0 7 6 20 2 2 0.97939
0 7 6 21 2 3 0
0 7 7 18 3 0 0
0 7 7 19 3 1 0
0 7 7 20 3 2 0
0 7 7 21 3 3 0.998305
0 8 18 39 0 0 0.989012
0 8 18 40 0 1 0
0 8 18 41 0 2 0
0 8 19 39 1 0 0
0 8 19 40 1 1 0
0 8 19 41 1 2 0.523381
0 8 20 39 2 0 0
0 8 20 40 2 1 0
0 8 20 41 2 2 0.476619
0 8 21 39 3 0 0
0 8 21 40 3 1 0.995618
0 8 21 41 3 2 0
0 9 39 51 0 0 0
0 9 39 52 0 1 0
0 9 39 53 0 2 0.992643
0 9 40 51 1 0 0
0 9 40 52 1 1 0.983398
0 9 40 53 1 2 0
0 9 41 51 2 0 0.990478
0 9 41 52 2 1 0
0 9 41 53 2 2 0
0 10 18 34 0 0 0.991716
0 10 18 35 0 1 0
0 10 19 34 1 0 0
0 10 19 35 1 1 0.537185
0 10 20 34 2 0 0
0 10 20 35 2 1 0.462815
0 10 21 34 3 0 0
0 10 21 35 3 1 0
0 11 4 22 0 0 0
0 11 4 23 0 1 0.971682
0 11 4 24 0 2 0
0 11 4 25 0 3 0
0 11 5 22 1 0 0.792881
0 11 5 23 1 1 0
0 11 5 24 1 2 0
0 11 5 25 1 3 0
0 11 6 22 2 0 0
0 11 6 23 2 1 0
0 11 6 24 2 2 0
0 11 6 25 2 3 0.987692
0 11 7 22 3 0 0
0 11 7 23 3 1 0
0 11 7 24 3 2 0.983588
0 11 7 25 3 3 0
0 12 22 42 0 0 0
0 12 22 43 0 1 0
0 12 22 44 0 2 0
0 12 23 42 1 0 0.282445
0 12 23 43 1 1 0
0 12 23 44 1 2 0.304877
0 12 24 42 2 0 0
0 12 24 43 2 1 0.997902
0 12 24 44 2 2 0
0 12 25 42 3 0 0.306816
0 12 25 43 3 1 0
0 12 25 44 3 2 0.281887
0 13 42 54 0 0 0
0 13 42 55 0 1 0
0 13 42 56 0 2 0.478486
0 13 43 54 1 0 0
0 13 43 55 1 1 0.998463
0 13 43 56 1 2 0
0 13 44 54 2 0 0
0 13 44 55 2 1 0
0 13 44 56 2 2 0.521514
0 14 22 36 0 0 0
0 14 22 37 0 1 0
0 14 22 38 0 2 0
0 14 23 36 1 0 0.970005
0 14 23 37 1 1 0
0 14 23 38 1 2 0
0 14 24 36 2 0 0
0 14 24 37 2 1 0
0 14 24 38 2 2 0.98927
0 14 25 36 3 0 0
0 14 25 37 3 1 0.984646
0 14 25 38 3 2 0
0 15 4 16 0 0 0
0 15 4 17 0 1 0
0 15 5 16 1 0 0.479481
0 15 5 17 1 1 0
0 15 6 16 2 0 0.520519
0 15 6 17 2 1 0
0 15 7 16 3 0 0
0 15 7 17 3 1 0.992362
0 16 48 57 0 0 0.840642
0 16 48 58 0 1 0
0 16 48 59 0 2 0
0 16 49 57 1 0 0
0 16 49 58 1 1 0
0 16 49 59 1 2 0.97365
0 16 50 57 2 0 0
0 16 50 58 2 1 0.970799
0 16 50 59 2 2 0
0 17 45 60 0 0 0.879645
0 17 45 61 0 1 0
0 17 45 62 0 2 0
0 17 46 60 1 0 0
0 17 46 61 1 1 0.946678
0 17 46 62 1 2 0
0 17 47 60 2 0 0
0 17 47 61 2 1 0
0 17 47 62 2 2 0.880337
1 0 67 63 0 0 0.958773
1 0 67 64 0 1 0
1 0 67 65 0 2 0
1 0 67 66 0 3 0
1 0 68 63 1 0 0
1 0 68 64 1 1 0
1 0 68 65 1 2 0.995992
1 0 68 66 1 3 0
1 0 69 63 2 0 0
1 0 69 64 2 1 0
1 0 69 65 2 2 0
1 0 69 66 2 3 0.965963
1 0 70 63 3 0 0
1 0 70 64 3 1 0.988665
1 0 70 65 3 2 0
1 0 70 66 3 3 0
1 1 71 90 0 0 0.994187
1 1 71 91 0 1 0
1 1 71 92 0 2 0
1 1 71 93 0 3 0
1 1 72 90 1 0 0
1 1 72 91 1 1 0.993158
1 1 72 92 1 2 0
1 1 72 93 1 3 0
1 1 73 90 2 0 0
1 1 73 91 2 1 0
1 1 73 92 2 2 0.991734
1 1 73 93 2 3 0
1 1 74 90 3 0 0
1 1 74 91 3 1 0
1 1 74 92 3 2 0
1 1 74 93 3 3 0.975948
1 2 90 110 0 0 0.973792
1 2 90 111 0 1 0
1 2 90 112 0 2 0
1 2 90 113 0 3 0
1 2 91 110 1 0 0
1 2 91 111 1 1 0.994409
1 2 91 112 1 2 0
1 2 91 113 1 3 0
1 2 92 110 2 0 0
1 2 92 111 2 1 0
1 2 92 112 2 2 0
1 2 92 113 2 3 0.99786
1 2 93 110 3 0 0
1 2 93 111 3 1 0
1 2 93 112 3 2 0.993571
1 2 93 113 3 3 0
1 3 63 71 0 0 0
1 3 63 72 0 1 0.949858
1 3 63 73 0 2 0
1 3 63 74 0 3 0
1 3 64 71 1 0 0.961027
1 3 64 72 1 1 0
1 3 64 73 1 2 0
1 3 64 74 1 3 0
1 3 65 71 2 0 0
1 3 65 72 2 1 0
1 3 65 73 2 2 0.931226
1 3 65 74 2 3 0
1 3 66 71 3 0 0
1 3 66 72 3 1 0
1 3 66 73 3 2 0
1 3 66 74 3 3 0.927236
1 4 63 75 0 0 0.94664
1 4 63 76 0 1 0
1 4 63 77 0 2 0
1 4 63 78 0 3 0
1 4 64 75 1 0 0
1 4 64 76 1 1 0.959611
1 4 64 77 1 2 0
1 4 64 78 1 3 0
1 4 65 75 2 0 0
1 4 65 76 2 1 0
1 4 65 77 2 2 0.932042
1 4 65 78 2 3 0
1 4 66 75 3 0 0
1 4 66 76 3 1 0
1 4 66 77 3 2 0
1 4 66 78 3 3 0.935179
1 5 75 94 0 0 0
1 5 75 95 0 1 0.255171
1 5 75 96 0 2 0.254737
1 5 75 97 0 3 0
1 5 76 94 1 0 0.979376
1 5 76 95 1 1 0
1 5 76 96 1 2 0
1 5 76 97 1 3 0
1 5 77 94 2 0 0
1 5 77 95 2 1 0.25474
1 5 77 96 2 2 0.255171
1 5 77 97 2 3 0
1 5 78 94 3 0 0
1 5 78 95 3 1 0
1 5 78 96 3 2 0
1 5 78 97 3 3 0.978968
1 6 94 114 0 0 0.996468
1 6 94 115 0 1 0
1 6 94 116 0 2 0
1 6 94 117 0 3 0
1 6 95 114 1 0 0
1 6 95 115 1 1 0.268862
1 6 95 116 1 2 0.253776
1 6 95 117 1 3 0
1 6 96 114 2 0 0
1 6 96 115 2 1 0.253728
1 6 96 116 2 2 0.2687
1 6 96 117 2 3 0
1 6 97 114 3 0 0
1 6 97 115 3 1 0
1 6 97 116 3 2 0
1 6 97 117 3 3 0.998656
1 7 67 83 0 0 0.970614
1 7 67 84 0 1 0
1 7 67 85 0 2 0
1 7 67 86 0 3 0
1 7 68 83 1 0 0
1 7 68 84 1 1 0
1 7 68 85 1 2 0.989165
1 7 68 86 1 3 0
1 7 69 83 2 0 0
1 7 69 84 2 1 0.96782
1 7 69 85 2 2 0
1 7 69 86 2 3 0
1 7 70 83 3 0 0
1 7 70 84 3 1 0
1 7 70 85 3 2 0
1 7 70 86 3 3 0.988572
1 8 83 103 0 0 0.991961
1 8 83 104 0 1 0
1 8 83 105 0 2 0
1 8 83 106 0 3 0
1 8 84 103 1 0 0
1 8 84 104 1 1 0.999154
1 8 84 105 1 2 0
1 8 84 106 1 3 0
1 8 85 103 2 0 0
1 8 85 104 2 1 0
1 8 85 105 2 2 0
1 8 85 106 2 3 0.997619
1 8 86 103 3 0 0
1 8 86 104 3 1 0
1 8 86 105 3 2 0.90908
1 8 86 106 3 3 0
1 9 103 118 0 0 0.960691
1 9 103 119 0 1 0
1 9 104 118 1 0 0
1 9 104 119 1 1 0
1 9 105 118 2 0 0
1 9 105 119 2 1 0.469657
1 9 106 118 3 0 0
1 9 106 119 3 1 0.527158
1 10 83 98 0 0 0
1 10 83 99 0 1 0.981309
1 10 83 100 0 2 0
1 10 84 98 1 0 0
1 10 84 99 1 1 0
1 10 84 100 1 2 0
1 10 85 98 2 0 0.987963
1 10 85 99 2 1 0
1 10 85 100 2 2 0
1 10 86 98 3 0 0
1 10 86 99 3 1 0
1 10 86 100 3 2 0.766101
1 11 67 87 0 0 0
1 11 67 88 0 1 0
1 11 67 89 0 2 0
1 11 68 87 1 0 0.969714
1 11 68 88 1 1 0
1 11 68 89 1 2 0
1 11 69 87 2 0 0
1 11 69 88 2 1 0
1 11 69 89 2 2 0.978384
1 11 70 87 3 0 0
1 11 70 88 3 1 0.984495
1 11 70 89 3 2 0
1 12 87 107 0 0 0
1 12 87 108 0 1 0.960093
1 12 87 109 0 2 0
1 12 88 107 1 0 0.986077
1 12 88 108 1 1 0
1 12 88 109 1 2 0
1 12 89 107 2 0 0
1 12 89 108 2 1 0
1 12 89 109 2 2 0.987246
1 13 107 120 0 0 0
1 13 107 121 0 1 0.995558
1 13 107 122 0 2 0
1 13 108 120 1 0 0.996579
1 13 108 121 1 1 0
1 13 108 122 1 2 0
1 13 109 120 2 0 0
1 13 109 121 2 1 0
1 13 109 122 2 2 0.996501
1 14 87 101 0 0 0
1 14 87 102 0 1 0
1 14 88 101 1 0 0
1 14 88 102 1 1 0.94365
1 14 89 101 2 0 0.990325
1 14 89 102 2 1 0
1 15 67 79 0 0 0
1 15 67 80 0 1 0.96868
1 15 67 81 0 2 0
1 15 67 82 0 3 0
1 15 68 79 1 0 0.73113
1 15 68 80 1 1 0
1 15 68 81 1 2 0
1 15 68 82 1 3 0
1 15 69 79 2 0 0
1 15 69 80 2 1 0
1 15 69 81 2 2 0
1 15 69 82 2 3 0.997663
1 15 70 79 3 0 0
1 15 70 80 3 1 0
1 15 70 81 3 2 0.911079
1 15 70 82 3 3 0
1 16 114 123 0 0 0.99028
1 16 114 124 0 1 0
1 16 114 125 0 2 0
1 16 114 126 0 3 0
1 16 115 123 1 0 0
1 16 115 124 1 1 0.877575
1 16 115 125 1 2 0
1 16 115 126 1 3 0
1 16 116 123 2 0 0
1 16 116 124 2 1 0
1 16 116 125 2 2 0.811524
1 16 116 126 2 3 0
1 16 117 123 3 0 0
1 16 117 124 3 1 0
1 16 117 125 3 2 0
1 16 117 126 3 3 0.957667
1 17 110 127 0 0 0.919007
1 17 110 128 0 1 0
1 17 110 129 0 2 0
1 17 110 130 0 3 0
1 17 111 127 1 0 0
1 17 111 128 1 1 0.984006
1 17 111 129 1 2 0
1 17 111 130 1 3 0
1 17 112 127 2 0 0
1 17 112 128 2 1 0
1 17 112 129 2 2 0.805267
1 17 112 130 2 3 0
1 17 113 127 3 0 0
1 17 113 128 3 1 0
1 17 113 129 3 2 0
1 17 113 130 3 3 0.601414
2 0 136 131 0 0 0.98812
2 0 136 132 0 1 0
2 0 136 133 0 2 0
2 0 136 134 0 3 0
2 0 136 135 0 4 0
2 0 137 131 1 0 0
2 0 137 132 1 1 0
2 0 137 133 1 2 0.919902
2 0 137 134 1 3 0
2 0 137 135 1 4 0
2 0 138 131 2 0 0
2 0 138 132 2 1 0
2 0 138 133 2 2 0
2 0 138 134 2 3 0.984245
2 0 138 135 2 4 0
2 0 139 131 3 0 0
2 0 139 132 3 1 0
2 0 139 133 3 2 0
2 0 139 134 3 3 0
2 0 139 135 3 4 0.99926
2 1 140 158 0 0 0
2 1 140 159 0 1 0.981373
2 1 140 160 0 2 0
2 1 140 161 0 3 0
2 1 140 162 0 4 0
2 1 141 158 1 0 0
2 1 141 159 1 1 0
2 1 141 160 1 2 0.966321
2 1 141 161 1 3 0
2 1 141 162 1 4 0
2 1 142 158 2 0 0
2 1 142 159 2 1 0
2 1 142 160 2 2 0
2 1 142 161 2 3 0.987464
2 1 142 162 2 4 0
2 1 143 158 3 0 0
2 1 143 159 3 1 0
2 1 143 160 3 2 0
2 1 143 161 3 3 0
2 1 143 162 3 4 0.997945
2 2 158 179 0 0 0.747481
2 2 158 180 0 1 0
2 2 158 181 0 2 0
2 2 158 182 0 3 0
2 2 158 183 0 4 0
2 2 159 179 1 0 0
2 2 159 180 1 1 0.972038
2 2 159 181 1 2 0
2 2 159 182 1 3 0
2 2 159 183 1 4 0
2 2 160 179 2 0 0
2 2 160 180 2 1 0
2 2 160 181 2 2 0.971081
2 2 160 182 2 3 0
2 2 160 183 2 4 0
2 2 161 179 3 0 0
2 2 161 180 3 1 0
2 2 161 181 3 2 0
2 2 161 182 3 3 0.990335
2 2 161 183 3 4 0
2 2 162 179 4 0 0
2 2 162 180 4 1 0
2 2 162 181 4 2 0
2 2 162 182 4 3 0
2 2 162 183 4 4 0.997976
2 3 131 140 0 0 0.914545
2 3 131 141 0 1 0
2 3 131 142 0 2 0
2 3 131 143 0 3 0
2 3 132 140 1 0 0
2 3 132 141 1 1 0
2 3 132 142 1 2 0
2 3 132 143 1 3 0
2 3 133 140 2 0 0
2 3 133 141 2 1 0.926264
2 3 133 142 2 2 0
2 3 133 143 2 3 0
2 3 134 140 3 0 0
2 3 134 141 3 1 0
2 3 134 142 3 2 0.920607
2 3 134 143 3 3 0
2 3 135 140 4 0 0
2 3 135 141 4 1 0
2 3 135 142 4 2 0
2 3 135 143 4 3 0.945218
2 4 131 144 0 0 0.922298
2 4 131 145 0 1 0
2 4 131 146 0 2 0
2 4 131 147 0 3 0
2 4 132 144 1 0 0
2 4 132 145 1 1 0
2 4 132 146 1 2 0
2 4 132 147 1 3 0
2 4 133 144 2 0 0
2 4 133 145 2 1 0.947449
2 4 133 146 2 2 0
2 4 133 147 2 3 0
2 4 134 144 3 0 0
2 4 134 145 3 1 0
2 4 134 146 3 2 0.905698
2 4 134 147 3 3 0
2 4 135 144 4 0 0
2 4 135 145 4 1 0
2 4 135 146 4 2 0
2 4 135 147 4 3 0.93831
2 5 144 163 0 0 0
2 5 144 164 0 1 0.989983
2 5 144 165 0 2 0
2 5 144 166 0 3 0
2 5 144 167 0 4 0
2 5 145 163 1 0 0
2 5 145 164 1 1 0
2 5 145 165 1 2 0.976119
2 5 145 166 1 3 0
2 5 145 167 1 4 0
2 5 146 163 2 0 0
2 5 146 164 2 1 0
2 5 146 165 2 2 0
2 5 146 166 2 3 0.88568
2 5 146 167 2 4 0
2 5 147 163 3 0 0
2 5 147 164 3 1 0
2 5 147 165 3 2 0
2 5 147 166 3 3 0
2 5 147 167 3 4 0.981974
2 6 163 184 0 0 0
2 6 163 185 0 1 0
2 6 163 186 0 2 0
2 6 163 187 0 3 0
2 6 164 184 1 0 0.977231
2 6 164 185 1 1 0
2 6 164 186 1 2 0
2 6 164 187 1 3 0
2 6 165 184 2 0 0
2 6 165 185 2 1 0.956594
2 6 165 186 2 2 0
2 6 165 187 2 3 0
2 6 166 184 3 0 0
2 6 166 185 3 1 0
2 6 166 186 3 2 0.885392
2 6 166 187 3 3 0
2 6 167 184 4 0 0
2 6 167 185 4 1 0
2 6 167 186 4 2 0
2 6 167 187 4 3 0.999031
2 7 136 150 0 0 0.982109
2 7 136 151 0 1 0
2 7 136 152 0 2 0
2 7 136 153 0 3 0
2 7 137 150 1 0 0
2 7 137 151 1 1 0.911081
2 7 137 152 1 2 0
2 7 137 153 1 3 0
2 7 138 150 2 0 0
2 7 138 151 2 1 0
2 7 138 152 2 2 0.971424
2 7 138 153 2 3 0
2 7 139 150 3 0 0
2 7 139 151 3 1 0
2 7 139 152 3 2 0
2 7 139 153 3 3 0.995746
2 8 150 172 0 0 0.904596
2 8 150 173 0 1 0
2 8 150 174 0 2 0
2 8 150 175 0 3 0
2 8 151 172 1 0 0
2 8 151 173 1 1 0.822935
2 8 151 174 1 2 0
2 8 151 175 1 3 0
2 8 152 172 2 0 0
2 8 152 173 2 1 0
2 8 152 174 2 2 0.991053
2 8 152 175 2 3 0
2 8 153 172 3 0 0
2 8 153 173 3 1 0
2 8 153 174 3 2 0
2 8 153 175 3 3 0.981664
2 9 172 188 0 0 0.783245
2 9 172 189 0 1 0
2 9 172 190 0 2 0
2 9 172 191 0 3 0
2 9 173 188 1 0 0
2 9 173 189 1 1 0
2 9 173 190 1 2 0.833948
2 9 173 191 1 3 0
2 9 174 188 2 0 0
2 9 174 189 2 1 0.975538
2 9 174 190 2 2 0
2 9 174 191 2 3 0
2 9 175 188 3 0 0
2 9 175 189 3 1 0
2 9 175 190 3 2 0
2 9 175 191 3 3 0.901365
2 10 150 168 0 0 0
2 10 150 169 0 1 0
2 10 151 168 1 0 0
2 10 151 169 1 1 0
2 10 152 168 2 0 0.980327
2 10 152 169 2 1 0
2 10 153 168 3 0 0
2 10 153 169 3 1 0.949679
2 11 136 154 0 0 0.988616
2 11 136 155 0 1 0
2 11 136 156 0 2 0
2 11 136 157 0 3 0
2 11 137 154 1 0 0
2 11 137 155 1 1 0
2 11 137 156 1 2 0.939417
2 11 137 157 1 3 0
2 11 138 154 2 0 0
2 11 138 155 2 1 0.974325
2 11 138 156 2 2 0
2 11 138 157 2 3 0
2 11 139 154 3 0 0
2 11 139 155 3 1 0
2 11 139 156 3 2 0
2 11 139 157 3 3 0.984808
2 12 154 176 0 0 0.995236
2 12 154 177 0 1 0
2 12 154 178 0 2 0
2 12 155 176 1 0 0
2 12 155 177 1 1 0
2 12 155 178 1 2 0
2 12 156 176 2 0 0
2 12 156 177 2 1 0.999538
2 12 156 178 2 2 0
2 12 157 176 3 0 0
2 12 157 177 3 1 0
2 12 157 178 3 2 0.969668
2 13 176 192 0 0 0.992263
2 13 176 193 0 1 0
2 13 177 192 1 0 0
2 13 177 193 1 1 0.98215
2 13 178 192 2 0 0
2 13 178 193 2 1 0
2 14 154 170 0 0 0
2 14 154 171 0 1 0
2 14 155 170 1 0 0
2 14 155 171 1 1 0
2 14 156 170 2 0 0.986943
2 14 156 171 2 1 0
2 14 157 170 3 0 0
2 14 157 171 3 1 0.95863
2 15 136 148 0 0 0
2 15 136 149 0 1 0
2 15 137 148 1 0 0
2 15 137 149 1 1 0.983738
2 15 138 148 2 0 0.966603
2 15 138 149 2 1 0
2 15 139 148 3 0 0
2 15 139 149 3 1 0
2 16 184 194 0 0 0.968321
2 16 184 195 0 1 0
2 16 184 196 0 2 0
2 16 184 197 0 3 0
2 16 185 194 1 0 0
2 16 185 195 1 1 0.949351
2 16 185 196 1 2 0
2 16 185 197 1 3 0
2 16 186 194 2 0 0
2 16 186 195 2 1 0
2 16 186 196 2 2 0.83575
2 16 186 197 2 3 0
2 16 187 194 3 0 0
2 16 187 195 3 1 0
2 16 187 196 3 2 0
2 16 187 197 3 3 0.684255
2 17 179 198 0 0 0
2 17 179 199 0 1 0
2 17 179 200 0 2 0
2 17 180 198 1 0 0
2 17 180 199 1 1 0
2 17 180 200 1 2 0
2 17 181 198 2 0 0.976485
2 17 181 199 2 1 0
2 17 181 200 2 2 0
2 17 182 198 3 0 0
2 17 182 199 3 1 0.956311
2 17 182 200 3 2 0
2 17 183 198 4 0 0
2 17 183 199 4 1 0
2 17 183 200 4 2 0.706074
3 0 204 201 0 0 0
3 0 204 202 0 1 0
3 0 204 203 0 2 0.976213
3 0 205 201 1 0 0
3 0 205 202 1 1 0.94025
3 0 205 203 1 2 0
3 0 206 201 2 0 0.993819
3 0 206 202 2 1 0
3 0 206 203 2 2 0
3 1 207 224 0 0 0
3 1 207 225 0 1 0.274087
3 1 207 226 0 2 0.286644
3 1 208 224 1 0 0.987918
3 1 208 225 1 1 0
3 1 208 226 1 2 0
3 1 209 224 2 0 0
3 1 209 225 2 1 0.551887
3 1 209 226 2 2 0
3 1 210 224 3 0 0
3 1 210 225 3 1 0
3 1 210 226 3 2 0.531356
3 2 224 241 0 0 0.957664
3 2 224 242 0 1 0
3 2 224 243 0 2 0
3 2 225 241 1 0 0
3 2 225 242 1 1 0.97229
3 2 225 243 1 2 0
3 2 226 241 2 0 0
3 2 226 242 2 1 0
3 2 226 243 2 2 0.985619
3 3 201 207 0 0 0
3 3 201 208 0 1 0.955544
3 3 201 209 0 2 0
3 3 201 210 0 3 0
3 3 202 207 1 0 0
3 3 202 208 1 1 0
3 3 202 209 1 2 0.794399
3 3 202 210 1 3 0
3 3 203 207 2 0 0
3 3 203 208 2 1 0
3 3 203 209 2 2 0
3 3 203 210 2 3 0.879534
3 4 201 211 0 0 0.963597
3 4 201 212 0 1 0
3 4 201 213 0 2 0
3 4 202 211 1 0 0
3 4 202 212 1 1 0.797359
3 4 202 213 1 2 0
3 4 203 211 2 0 0
3 4 203 212 2 1 0
3 4 203 213 2 2 0.889365
3 5 211 227 0 0 0
3 5 211 228 0 1 0.99732
3 5 211 229 0 2 0
3 5 211 230 0 3 0
3 5 212 227 1 0 0.451323
3 5 212 228 1 1 0
3 5 212 229 1 2 0.548677
3 5 212 230 1 3 0
3 5 213 227 2 0 0
3 5 213 228 2 1 0
3 5 213 229 2 2 0
3 5 213 230 2 3 0.959324
3 6 227 244 0 0 0
3 6 227 245 0 1 0.319465
3 6 227 246 0 2 0.289684
3 6 227 247 0 3 0
3 6 228 244 1 0 0.986808
3 6 228 245 1 1 0
3 6 228 246 1 2 0
3 6 228 247 1 3 0
3 6 229 244 2 0 0
3 6 229 245 2 1 0.288104
3 6 229 246 2 2 0.315037
3 6 229 247 2 3 0
3 6 230 244 3 0 0
3 6 230 245 3 1 0
3 6 230 246 3 2 0
3 6 230 247 3 3 0.974683
3 7 204 217 0 0 0.972986
3 7 204 218 0 1 0
3 7 204 219 0 2 0
3 7 204 220 0 3 0
3 7 205 217 1 0 0
3 7 205 218 1 1 0.901362
3 7 205 219 1 2 0
3 7 205 220 1 3 0
3 7 206 217 2 0 0
3 7 206 218 2 1 0
3 7 206 219 2 2 0
3 7 206 220 2 3 0.966206
3 8 217 236 0 0 0
3 8 217 237 0 1 0.997082
3 8 217 238 0 2 0
3 8 218 236 1 0 0
3 8 218 237 1 1 0
3 8 218 238 1 2 0.665473
3 8 219 236 2 0 0
3 8 219 237 2 1 0
3 8 219 238 2 2 0
3 8 220 236 3 0 0.980482
3 8 220 237 3 1 0
3 8 220 238 3 2 0
3 9 236 248 0 0 0
3 9 236 249 0 1 0
3 9 236 250 0 2 0.996347
3 9 237 248 1 0 0.93677
3 9 237 249 1 1 0
3 9 237 250 1 2 0
3 9 238 248 2 0 0
3 9 238 249 2 1 0.800526
3 9 238 250 2 2 0
3 10 217 231 0 0 0.991088
3 10 217 232 0 1 0
3 10 218 231 1 0 0
3 10 218 232 1 1 0
3 10 219 231 2 0 0
3 10 219 232 2 1 0
3 10 220 231 3 0 0
3 10 220 232 3 1 0.98445
3 11 204 221 0 0 0.985325
3 11 204 222 0 1 0
3 11 204 223 0 2 0
3 11 205 221 1 0 0
3 11 205 222 1 1 0.89491
3 11 205 223 1 2 0
3 11 206 221 2 0 0
3 11 206 222 2 1 0
3 11 206 223 2 2 0.964729
3 12 221 239 0 0 0
3 12 221 240 0 1 0.975947
3 12 222 239 1 0 0.982393
3 12 222 240 1 1 0
3 12 223 239 2 0 0
3 12 223 240 2 1 0
3 13 239 251 0 0 0.971643
3 13 239 252 0 1 0
3 13 240 251 1 0 0
3 13 240 252 1 1 0.996978
3 14 221 233 0 0 0.789377
3 14 221 234 0 1 0
3 14 221 235 0 2 0
3 14 222 233 1 0 0
3 14 222 234 1 1 0.527081
3 14 222 235 1 2 0.472919
3 14 223 233 2 0 0
3 14 223 234 2 1 0
3 14 223 235 2 2 0
3 15 204 214 0 0 0
3 15 204 215 0 1 0
3 15 204 216 0 2 0
3 15 205 214 1 0 0.497142
3 15 205 215 1 1 0
3 15 205 216 1 2 0.502858
3 15 206 214 2 0 0
3 15 206 215 2 1 0.969291
3 15 206 216 2 2 0
3 16 244 253 0 0 0.89307
3 16 244 254 0 1 0
3 16 244 255 0 2 0
3 16 245 253 1 0 0
3 16 245 254 1 1 0
3 16 245 255 1 2 0
3 16 246 253 2 0 0
3 16 246 254 2 1 0.996473
3 16 246 255 2 2 0
3 16 247 253 3 0 0
3 16 247 254 3 1 0
3 16 247 255 3 2 0.684255
3 17 241 256 0 0 0
3 17 242 256 1 0 0
3 17 243 256 2 0 0.736625
4 0 261 257 0 0 0
4 0 261 258 0 1 0
4 0 261 259 0 2 0.944908
4 0 261 260 0 3 0
4 0 262 257 1 0 0
4 0 262 258 1 1 0
4 0 262 259 1 2 0
4 0 262 260 1 3 0.979004
4 0 263 257 2 0 0
4 0 263 258 2 1 0.992611
4 0 263 259 2 2 0
4 0 263 260 2 3 0
4 0 264 257 3 0 0.99081
4 0 264 258 3 1 0
4 0 264 259 3 2 0
4 0 264 260 3 3 0
4 1 265 283 0 0 0.985406
4 1 265 284 0 1 0
4 1 265 285 0 2 0
4 1 265 286 0 3 0
4 1 266 283 1 0 0
4 1 266 284 1 1 0.993908
4 1 266 285 1 2 0
4 1 266 286 1 3 0
4 1 267 283 2 0 0
4 1 267 284 2 1 0
4 1 267 285 2 2 0.975148
4 1 267 286 2 3 0
4 1 268 283 3 0 0
4 1 268 284 3 1 0
4 1 268 285 3 2 0
4 1 268 286 3 3 0.982031
4 2 283 303 0 0 0.981574
4 2 283 304 0 1 0
4 2 283 305 0 2 0
4 2 283 306 0 3 0
4 2 284 303 1 0 0
4 2 284 304 1 1 0.997206
4 2 284 305 1 2 0
4 2 284 306 1 3 0
4 2 285 303 2 0 0
4 2 285 304 2 1 0
4 2 285 305 2 2 0.99712
4 2 285 306 2 3 0
4 2 286 303 3 0 0
4 2 286 304 3 1 0
4 2 286 305 3 2 0
4 2 286 306 3 3 0.985534
4 3 257 265 0 0 0.928104
4 3 257 266 0 1 0
4 3 257 267 0 2 0
4 3 257 268 0 3 0
4 3 258 265 1 0 0
4 3 258 266 1 1 0.954999
4 3 258 267 1 2 0
4 3 258 268 1 3 0
4 3 259 265 2 0 0
4 3 259 266 2 1 0
4 3 259 267 2 2 0.871008
4 3 259 268 2 3 0
4 3 260 265 3 0 0
4 3 260 266 3 1 0
4 3 260 267 3 2 0
4 3 260 268 3 3 0.868499
4 4 257 269 0 0 0.927378
4 4 257 270 0 1 0
4 4 257 271 0 2 0
4 4 257 272 0 3 0
4 4 258 269 1 0 0
4 4 258 270 1 1 0.955462
4 4 258 271 1 2 0
4 4 258 272 1 3 0
4 4 259 269 2 0 0
4 4 259 270 2 1 0
4 4 259 271 2 2 0.878827
4 4 259 272 2 3 0
4 4 260 269 3 0 0
4 4 260 270 3 1 0
4 4 260 271 3 2 0
4 4 260 272 3 3 0.873597
4 5 269 287 0 0 0.996982
4 5 269 288 0 1 0
4 5 269 289 0 2 0
4 5 269 290 0 3 0
4 5 270 287 1 0 0
4 5 270 288 1 1 0.522031
4 5 270 289 1 2 0.25625
4 5 270 290 1 3 0
4 5 271 287 2 0 0
4 5 271 288 2 1 0
4 5 271 289 2 2 0.512193
4 5 271 290 2 3 0
4 5 272 287 3 0 0
4 5 272 288 3 1 0
4 5 272 289 3 2 0
4 5 272 290 3 3 0.982217
4 6 287 307 0 0 0.994453
4 6 287 308 0 1 0
4 6 287 309 0 2 0
4 6 287 310 0 3 0
4 6 288 307 1 0 0
4 6 288 308 1 1 0.272194
4 6 288 309 1 2 0.253545
4 6 288 310 1 3 0
4 6 289 307 2 0 0
4 6 289 308 2 1 0.253328
4 6 289 309 2 2 0.272477
4 6 289 310 2 3 0
4 6 290 307 3 0 0
4 6 290 308 3 1 0
4 6 290 309 3 2 0
4 6 290 310 3 3 0.974743
4 7 261 275 0 0 0.920995
4 7 261 276 0 1 0
4 7 261 277 0 2 0
4 7 261 278 0 3 0
4 7 262 275 1 0 0
4 7 262 276 1 1 0.972995
4 7 262 277 1 2 0
4 7 262 278 1 3 0
4 7 263 275 2 0 0
4 7 263 276 2 1 0
4 7 263 277 2 2 0.995832
4 7 263 278 2 3 0
4 7 264 275 3 0 0
4 7 264 276 3 1 0
4 7 264 277 3 2 0
4 7 264 278 3 3 0.999346
4 8 275 296 0 0 0
4 8 275 297 0 1 0
4 8 275 298 0 2 0
4 8 276 296 1 0 0
4 8 276 297 1 1 0
4 8 276 298 1 2 0.983906
4 8 277 296 2 0 0
4 8 277 297 2 1 0.996377
4 8 277 298 2 2 0
4 8 278 296 3 0 0.968483
4 8 278 297 3 1 0
4 8 278 298 3 2 0
4 9 296 311 0 0 0.513045
4 9 296 312 0 1 0
4 9 296 313 0 2 0.249804
4 9 297 311 1 0 0
4 9 297 312 1 1 0.99731
4 9 297 313 1 2 0
4 9 298 311 2 0 0
4 9 298 312 2 1 0
4 9 298 313 2 2 0.512992
4 10 275 291 0 0 0
4 10 275 292 0 1 0
4 10 276 291 1 0 0.965347
4 10 276 292 1 1 0
4 10 277 291 2 0 0
4 10 277 292 2 1 0
4 10 278 291 3 0 0
4 10 278 292 3 1 0.931618
4 11 261 279 0 0 0.934303
4 11 261 280 0 1 0
4 11 261 281 0 2 0
4 11 261 282 0 3 0
4 11 262 279 1 0 0
4 11 262 280 1 1 0.984924
4 11 262 281 1 2 0
4 11 262 282 1 3 0
4 11 263 279 2 0 0
4 11 263 280 2 1 0
4 11 263 281 2 2 0.995072
4 11 263 282 2 3 0
4 11 264 279 3 0 0
4 11 264 280 3 1 0
4 11 264 281 3 2 0
4 11 264 282 3 3 0.999958
4 12 279 299 0 0 0.252453
4 12 279 300 0 1 0
4 12 279 301 0 2 0.279804
4 12 279 302 0 3 0
4 12 280 299 1 0 0
4 12 280 300 1 1 0
4 12 280 301 1 2 0
4 12 280 302 1 3 0.974269
4 12 281 299 2 0 0.279269
4 12 281 300 2 1 0
4 12 281 301 2 2 0.253424
4 12 281 302 2 3 0
4 12 282 299 3 0 0
4 12 282 300 3 1 0.993955
4 12 282 301 3 2 0
4 12 282 302 3 3 0
4 13 299 314 0 0 0.277258
4 13 299 315 0 1 0
4 13 299 316 0 2 0.252223
4 13 299 317 0 3 0
4 13 300 314 1 0 0
4 13 300 315 1 1 0.959189
4 13 300 316 1 2 0
4 13 300 317 1 3 0
4 13 301 314 2 0 0.252193
4 13 301 315 2 1 0
4 13 301 316 2 2 0.277231
4 13 301 317 2 3 0
4 13 302 314 3 0 0
4 13 302 315 3 1 0
4 13 302 316 3 2 0
4 13 302 317 3 3 0.980816
4 14 279 293 0 0 0
4 14 279 294 0 1 0.983668
4 14 279 295 0 2 0
4 14 280 293 1 0 0.72608
4 14 280 294 1 1 0
4 14 280 295 1 2 0
4 14 281 293 2 0 0
4 14 281 294 2 1 0
4 14 281 295 2 2 0.996732
4 14 282 293 3 0 0
4 14 282 294 3 1 0
4 14 282 295 3 2 0
4 15 261 273 0 0 0
4 15 261 274 0 1 0
4 15 262 273 1 0 0
4 15 262 274 1 1 0
4 15 263 273 2 0 0.99052
4 15 263 274 2 1 0
4 15 264 273 3 0 0
4 15 264 274 3 1 0.963307
4 16 307 318 0 0 0.986919
4 16 307 319 0 1 0
4 16 307 320 0 2 0
4 16 307 321 0 3 0
4 16 308 318 1 0 0
4 16 308 319 1 1 0.954351
4 16 308 320 1 2 0
4 16 308 321 1 3 0
4 16 309 318 2 0 0
4 16 309 319 2 1 0
4 16 309 320 2 2 0.974432
4 16 309 321 2 3 0
4 16 310 318 3 0 0
4 16 310 319 3 1 0
4 16 310 320 3 2 0
4 16 310 321 3 3 0
4 17 303 322 0 0 0.967821
4 17 303 323 0 1 0
4 17 303 324 0 2 0
4 17 303 325 0 3 0
4 17 304 322 1 0 0
4 17 304 323 1 1 0.971419
4 17 304 324 1 2 0
4 17 304 325 1 3 0
4 17 305 322 2 0 0
4 17 305 323 2 1 0
4 17 305 324 2 2 0.874851
4 17 305 325 2 3 0
4 17 306 322 3 0 0
4 17 306 323 3 1 0
4 17 306 324 3 2 0
4 17 306 325 3 3 0.886291
E jointIdx viewA viewB aOverAllIdx bOverallIdx score
0 0 1 0 63 0.954349
0 0 1 0 64 0.387498
0 0 1 0 65 0.333483
0 0 1 0 66 -1
0 0 1 1 63 -1
0 0 1 1 64 0.637119
0 0 1 1 65 0.730597
0 0 1 1 66 -1
0 0 1 2 63 0.174007
0 0 1 2 64 0.301125
0 0 1 2 65 0.394877
0 0 1 2 66 0.0224398
0 0 1 3 63 -1
0 0 1 3 64 -0.736829
0 0 1 3 65 -1
0 0 1 3 66 0.645125
0 0 2 0 131 -1
0 0 2 0 132 -1
0 0 2 0 133 0.836653
0 0 2 0 134 0.963953
0 0 2 0 135 -1
0 0 2 1 131 0.830842
0 0 2 1 132 0.47746
0 0 2 1 133 -1
0 0 2 1 134 -1
0 0 2 1 135 -1
0 0 2 2 131 -1
0 0 2 2 132 -1
0 0 2 2 133 -1
0 0 2 2 134 -1
0 0 2 2 135 0.746745
0 0 2 3 131 -1
0 0 2 3 132 -1
0 0 2 3 133 0.694219
0 0 2 3 134 0.00240076
0 0 2 3 135 -1
0 0 3 0 201 -1
0 0 3 0 202 -1
0 0 3 0 203 0.911358
0 0 3 1 201 0.846878
0 0 3 1 202 -1
0 0 3 1 203 -1
0 0 3 2 201 -1
0 0 3 2 202 0.79185
0 0 3 2 203 -1
0 0 3 3 201 -1
0 0 3 3 202 -1
0 0 3 3 203 0.811431
0 0 4 0 257 -1
0 0 4 0 258 0.700046
0 0 4 0 259 0.96327
0 0 4 0 260 -1
0 0 4 1 257 -1
0 0 4 1 258 -1
0 0 4 1 259 -1
0 0 4 1 260 0.668041
0 0 4 2 257 -1
0 0 4 2 258 0.799874
0 0 4 2 259 0.886144
0 0 4 2 260 -1
0 0 4 3 257 0.913089
0 0 4 3 258 -1
0 0 4 3 259 -1
0 0 4 3 260 -1
0 1 2 63 131 -1
0 1 2 63 132 -1
0 1 2 63 133 -1
0 1 2 63 134 0.824199
0 1 2 63 135 -1
0 1 2 64 131 0.767756
0 1 2 64 132 -1
0 1 2 64 133 -1
0 1 2 64 134 -1
0 1 2 64 135 -1
0 1 2 65 131 -1
0 1 2 65 132 -1
0 1 2 65 133 -1
0 1 2 65 134 -1
0 1 2 65 135 0.938682
0 1 2 66 131 -1
0 1 2 66 132 -1
0 1 2 66 133 0.692111
0 1 2 66 134 -1
0 1 2 66 135 -1
0 1 3 63 201 -1
0 1 3 63 202 0.995625
0 1 3 63 203 0.960711
0 1 3 64 201 0.983494
0 1 3 64 202 -1
0 1 3 64 203 -1
0 1 3 65 201 -1
0 1 3 65 202 0.963557
0 1 3 65 203 0.918586
0 1 3 66 201 0.892976
0 1 3 66 202 -1
0 1 3 66 203 -1
0 1 4 63 257 -1
0 1 4 63 258 -1
0 1 4 63 259 0.704009
0 1 4 63 260 -1
0 1 4 64 257 0.327552
0 1 4 64 258 -1
0 1 4 64 259 -1
0 1 4 64 260 0.710225
0 1 4 65 257 -1
0 1 4 65 258 0.815736
0 1 4 65 259 -1
0 1 4 65 260 -1
0 1 4 66 257 0.936079
0 1 4 66 258 -1
0 1 4 66 259 -1
0 1 4 66 260 0.169467
0 2 3 131 201 0.659675
0 2 3 131 202 -1
0 2 3 131 203 -1
0 2 3 132 201 -1
0 2 3 132 202 -1
0 2 3 132 203 -1
0 2 3 133 201 -1
0 2 3 133 202 -1
0 2 3 133 203 -1
0 2 3 134 201 -1
0 2 3 134 202 -1
0 2 3 134 203 0.905116
0 2 3 135 201 -1
0 2 3 135 202 0.954956
0 2 3 135 203 -1
0 2 4 131 257 0.92291
0 2 4 131 258 -1
0 2 4 131 259 -1
0 2 4 131 260 0.939148
0 2 4 132 257 -1
0 2 4 132 258 -1
0 2 4 132 259 -1
0 2 4 132 260 -1
0 2 4 133 257 0.886641
0 2 4 133 258 -1
0 2 4 133 259 -1
0 2 4 133 260 0.611325
0 2 4 134 257 -1
0 2 4 134 258 -1
0 2 4 134 259 0.907175
0 2 4 134 260 -1
0 2 4 135 257 -1
0 2 4 135 258 0.981697
0 2 4 135 259 -1
0 2 4 135 260 -1
0 3 4 201 257 -0.937952
0 3 4 201 258 0.323445
0 3 4 201 259 0.669646
0 3 4 201 260 0.570706
0 3 4 202 257 -1
0 3 4 202 258 0.554415
0 3 4 202 259 -1
0 3 4 202 260 0.209727
0 3 4 203 257 -1
0 3 4 203 258 0.100743
0 3 4 203 259 0.872028
0 3 4 203 260 0.181814
1 0 1 4 67 0.218872
1 0 1 4 68 0.087944
1 0 1 4 69 0.107165
1 0 1 4 70 0.0504521
1 0 1 5 67 0.213223
1 0 1 5 68 0.0970199
1 0 1 5 69 0.0927331
1 0 1 5 70 0.0622248
1 0 1 6 67 0.133953
1 0 1 6 68 0.116321
1 0 1 6 69 0.0798812
1 0 1 6 70 0.100455
1 0 1 7 67 -0.719088
1 0 1 7 68 0.0839513
1 0 1 7 69 0.15408
1 0 1 7 70 0.35143
1 0 2 4 136 -1
1 0 2 4 137 0.9338
1 0 2 4 138 -1
1 0 2 4 139 -1
1 0 2 5 136 -1
1 0 2 5 137 -1
1 0 2 5 138 0.152732
1 0 2 5 139 0.896742
1 0 2 6 136 -1
1 0 2 6 137 -1
1 0 2 6 138 0.799174
1 0 2 6 139 0.324972
1 0 2 7 136 0.881081
1 0 2 7 137 0.101922
1 0 2 7 138 -1
1 0 2 7 139 -1
1 0 3 4 204 0.144904
1 0 3 4 205 0.156239
1 0 3 4 206 0.0483262
1 0 3 5 204 0.122096
1 0 3 5 205 0.153587
1 0 3 5 206 0.0767746
1 0 3 6 204 0.117371
1 0 3 6 205 0.0922205
1 0 3 6 206 0.15681
1 0 3 7 204 0.0975023
1 0 3 7 205 0.0856099
1 0 3 7 206 0.186835
1 0 4 4 261 0.0399729
1 0 4 4 262 -1
1 0 4 4 263 0.0241627
1 0 4 4 264 0.99473
1 0 4 5 261 0.393223
1 0 4 5 262 -0.794814
1 0 4 5 263 0.316279
1 0 4 5 264 0.412669
1 0 4 6 261 0.326779
1 0 4 6 262 -0.808388
1 0 4 6 263 0.412712
1 0 4 6 264 0.368018
1 0 4 7 261 0.0610559
1 0 4 7 262 0.837499
1 0 4 7 263 0.0673709
1 0 4 7 264 -1
1 1 2 67 136 -1
1 1 2 67 137 -1
1 1 2 67 138 0.6666
1 1 2 67 139 -1
1 1 2 68 136 -1
1 1 2 68 137 -1
1 1 2 68 138 -1
1 1 2 68 139 0.777664
1 1 2 69 136 -1
1 1 2 69 137 0.953229
1 1 2 69 138 -1
1 1 2 69 139 -1
1 1 2 70 136 0.893103
1 1 2 70 137 -1
1 1 2 70 138 -1
1 1 2 70 139 -1
1 1 3 67 204 0.117742
1 1 3 67 205 0.139217
1 1 3 67 206 0.0802991
1 1 3 68 204 0.120565
1 1 3 68 205 0.109712
1 1 3 68 206 0.117325
1 1 3 69 204 0.138565
1 1 3 69 205 0.135019
1 1 3 69 206 0.0568088
1 1 3 70 204 0.084112
1 1 3 70 205 0.0792293
1 1 3 70 206 0.211021
1 1 4 67 261 0.630595
1 1 4 67 262 -1
1 1 4 67 263 -1
1 1 4 67 264 -1
1 1 4 68 261 -1
1 1 4 68 262 -1
1 1 4 68 263 0.951444
1 1 4 68 264 -1
1 1 4 69 261 -1
1 1 4 69 262 0.914155
1 1 4 69 263 -1
1 1 4 69 264 0.941656
1 1 4 70 261 -1
1 1 4 70 262 0.809598
1 1 4 70 263 -1
1 1 4 70 264 0.846584
1 2 3 136 204 -1
1 2 3 136 205 -1
1 2 3 136 206 0.876639
1 2 3 137 204 -1
1 2 3 137 205 0.552674
1 2 3 137 206 -1
1 2 3 138 204 0.989449
1 2 3 138 205 -1
1 2 3 138 206 -1
1 2 3 139 204 -1
1 2 3 139 205 0.951439
1 2 3 139 206 -1
1 2 4 136 261 -1
1 2 4 136 262 0.840663
1 2 4 136 263 -1
1 2 4 136 264 -1
1 2 4 137 261 -1
1 2 4 137 262 -1
1 2 4 137 263 -1
1 2 4 137 264 0.93209
1 2 4 138 261 0.95599
1 2 4 138 262 -1
1 2 4 138 263 -1
1 2 4 138 264 -1
1 2 4 139 261 -1
1 2 4 139 262 -1
1 2 4 139 263 0.826627
1 2 4 139 264 -1
1 3 4 204 261 0.112352
1 3 4 204 262 0.128983
1 3 4 204 263 0.0915031
1 3 4 204 264 0.0912614
1 3 4 205 261 0.0991648
1 3 4 205 262 0.0521617
1 3 4 205 263 0.125971
1 3 4 205 264 0.128922
1 3 4 206 261 0.102295
1 3 4 206 262 0.126402
1 3 4 206 263 0.0991815
1 3 4 206 264 0.0969166
2 0 1 8 71 0.37051
2 0 1 8 72 0.928223
2 0 1 8 73 0.304875
2 0 1 8 74 -1
2 0 1 9 71 0.640193
2 0 1 9 72 -1
2 0 1 9 73 0.677129
2 0 1 9 74 -1
2 0 1 10 71 0.279735
2 0 1 10 72 0.188782
2 0 1 10 73 0.356092
2 0 1 10 74 0.0335268
2 0 1 11 71 -0.663509
2 0 1 11 72 -1
2 0 1 11 73 -1
2 0 1 11 74 0.624094
2 0 2 8 140 -1
2 0 2 8 141 0.290576
2 0 2 8 142 0.729882
2 0 2 8 143 -1
2 0 2 9 140 0.711016
2 0 2 9 141 -1
2 0 2 9 142 -1
2 0 2 9 143 -1
2 0 2 10 140 -1
2 0 2 10 141 -1
2 0 2 10 142 -1
2 0 2 10 143 0.532557
2 0 2 11 140 -1
2 0 2 11 141 0.524503
2 0 2 11 142 -1
2 0 2 11 143 -1
2 0 3 8 207 0.196858
2 0 3 8 208 -1
2 0 3 8 209 -1
2 0 3 8 210 0.99109
2 0 3 9 207 -1
2 0 3 9 208 0.920354
2 0 3 9 209 -1
2 0 3 9 210 -1
2 0 3 10 207 -1
2 0 3 10 208 -1
2 0 3 10 209 0.70312
2 0 3 10 210 0.000431716
2 0 3 11 207 0.786176
2 0 3 11 208 -1
2 0 3 11 209 -1
2 0 3 11 210 -1
2 0 4 8 265 -1
2 0 4 8 266 0.388701
2 0 4 8 267 0.878891
2 0 4 8 268 -1
2 0 4 9 265 -1
2 0 4 9 266 -1
2 0 4 9 267 -1
2 0 4 9 268 0.706044
2 0 4 10 265 -1
2 0 4 10 266 0.700215
2 0 4 10 267 0.69832
2 0 4 10 268 -1
2 0 4 11 265 0.838331
2 0 4 11 266 -1
2 0 4 11 267 -1
2 0 4 11 268 -1
2 1 2 71 140 0.724722
2 1 2 71 141 -1
2 1 2 71 142 -1
2 1 2 71 143 -1
2 1 2 72 140 -1
2 1 2 72 141 -1
2 1 2 72 142 0.766368
2 1 2 72 143 -1
2 1 2 73 140 -1
2 1 2 73 141 -1
2 1 2 73 142 -1
2 1 2 73 143 0.868117
2 1 2 74 140 -1
2 1 2 74 141 0.458726
2 1 2 74 142 -1
2 1 2 74 143 -1
2 1 3 71 207 0.687207
2 1 3 71 208 0.903757
2 1 3 71 209 -1
2 1 3 71 210 -1
2 1 3 72 207 -1
2 1 3 72 208 -1
2 1 3 72 209 0.791233
2 1 3 72 210 0.934993
2 1 3 73 207 -1
2 1 3 73 208 -1
2 1 3 73 209 0.878706
2 1 3 73 210 0.657
2 1 3 74 207 0.814869
2 1 3 74 208 0.833829
2 1 3 74 209 -1
2 1 3 74 210 -1
2 1 4 71 265 -1
2 1 4 71 266 -1
2 1 4 71 267 -1
2 1 4 71 268 0.706834
2 1 4 72 265 -1
2 1 4 72 266 -1
2 1 4 72 267 0.803424
2 1 4 72 268 -1
2 1 4 73 265 -1
2 1 4 73 266 0.937093
2 1 4 73 267 -1
2 1 4 73 268 -1
2 1 4 74 265 0.973027
2 1 4 74 266 -1
2 1 4 74 267 -1
2 1 4 74 268 -1
2 2 3 140 207 -1
2 2 3 140 208 0.831294
2 2 3 140 209 -1
2 2 3 140 210 -1
2 2 3 141 207 0.119348
2 2 3 141 208 -1
2 2 3 141 209 -1
2 2 3 141 210 0.779664
2 2 3 142 207 0.838953
2 2 3 142 208 -1
2 2 3 142 209 -1
2 2 3 142 210 0.736381
2 2 3 143 207 -1
2 2 3 143 208 -1
2 2 3 143 209 0.827137
2 2 3 143 210 -1
2 2 4 140 265 0.481025
2 2 4 140 266 -1
2 2 4 140 267 -1
2 2 4 140 268 0.983648
2 2 4 141 265 0.573522
2 2 4 141 266 -1
2 2 4 141 267 -1
2 2 4 141 268 0.539844
2 2 4 142 265 -1
2 2 4 142 266 -1
2 2 4 142 267 0.521448
2 2 4 142 268 -1
2 2 4 143 265 -1
2 2 4 143 266 0.996444
2 2 4 143 267 -1
2 2 4 143 268 -1
2 3 4 207 265 0.985013
2 3 4 207 266 0.0333254
2 3 4 207 267 -1
2 3 4 207 268 -1
2 3 4 208 265 -0.937632
2 3 4 208 266 0.253659
2 3 4 208 267 0.75268
2 3 4 208 268 0.778014
2 3 4 209 265 -1
2 3 4 209 266 0.599518
2 3 4 209 267 -1
2 3 4 209 268 -1
2 3 4 210 265 -1
2 3 4 210 266 0.0966256
2 3 4 210 267 0.757543
2 3 4 210 268 0.674158
3 0 1 12 75 0.978146
3 0 1 12 76 0.221031
3 0 1 12 77 0.311823
3 0 1 12 78 -1
3 0 1 13 75 -1
3 0 1 13 76 0.375235
3 0 1 13 77 0.718281
3 0 1 13 78 -1
3 0 1 14 75 0.181029
3 0 1 14 76 0.165686
3 0 1 14 77 0.30206
3 0 1 14 78 0.0177693
3 0 1 15 75 -1
3 0 1 15 76 0.00742633
3 0 1 15 77 -0.752607
3 0 1 15 78 0.703257
3 0 2 12 144 -1
3 0 2 12 145 0.760721
3 0 2 12 146 0.637529
3 0 2 12 147 -1
3 0 2 13 144 0.922209
3 0 2 13 145 -1
3 0 2 13 146 -1
3 0 2 13 147 -1
3 0 2 14 144 -1
3 0 2 14 145 -1
3 0 2 14 146 -1
3 0 2 14 147 0.986534
3 0 2 15 144 -1
3 0 2 15 145 0.996542
3 0 2 15 146 0.893938
3 0 2 15 147 -1
3 0 3 12 211 -1
3 0 3 12 212 -1
3 0 3 12 213 0.748575
3 0 3 13 211 0.631406
3 0 3 13 212 -1
3 0 3 13 213 -1
3 0 3 14 211 -1
3 0 3 14 212 0.971481
3 0 3 14 213 -1
3 0 3 15 211 -1
3 0 3 15 212 -1
3 0 3 15 213 0.346075
3 0 4 12 269 -1
3 0 4 12 270 0.926033
3 0 4 12 271 0.959764
3 0 4 12 272 -1
3 0 4 13 269 -1
3 0 4 13 270 -1
3 0 4 13 271 -1
3 0 4 13 272 0.736592
3 0 4 14 269 -1
3 0 4 14 270 0.907964
3 0 4 14 271 0.845319
3 0 4 14 272 -1
3 0 4 15 269 0.795679
3 0 4 15 270 -1
3 0 4 15 271 -1
3 0 4 15 272 -1
3 1 2 75 144 -1
3 1 2 75 145 -1
3 1 2 75 146 0.298005
3 1 2 75 147 0.632458
3 1 2 76 144 0.898275
3 1 2 76 145 0.015336
3 1 2 76 146 -1
3 1 2 76 147 -1
3 1 2 77 144 -1
3 1 2 77 145 -1
3 1 2 77 146 -1
3 1 2 77 147 0.873987
3 1 2 78 144 -1
3 1 2 78 145 0.920247
3 1 2 78 146 -1
3 1 2 78 147 -1
3 1 3 75 211 -1
3 1 3 75 212 0.861733
3 1 3 75 213 0.748284
3 1 3 76 211 0.752348
3 1 3 76 212 -1
3 1 3 76 213 -1
3 1 3 77 211 -1
3 1 3 77 212 0.910627
3 1 3 77 213 0.987676
3 1 3 78 211 0.765135
3 1 3 78 212 -1
3 1 3 78 213 -1
3 1 4 75 269 -1
3 1 4 75 270 -1
3 1 4 75 271 0.524193
3 1 4 75 272 -1
3 1 4 76 269 0.835708
3 1 4 76 270 -1
3 1 4 76 271 -1
3 1 4 76 272 0.821087
3 1 4 77 269 -1
3 1 4 77 270 0.681421
3 1 4 77 271 -1
3 1 4 77 272 -1
3 1 4 78 269 0.858836
3 1 4 78 270 -1
3 1 4 78 271 -1
3 1 4 78 272 0.763694
3 2 3 144 211 0.471048
3 2 3 144 212 -1
3 2 3 144 213 -1
3 2 3 145 211 -1
3 2 3 145 212 -1
3 2 3 145 213 -1
3 2 3 146 211 -1
3 2 3 146 212 -1
3 2 3 146 213 0.987168
3 2 3 147 211 -1
3 2 3 147 212 0.957849
3 2 3 147 213 -1
3 2 4 144 269 0.401803
3 2 4 144 270 -1
3 2 4 144 271 -1
3 2 4 144 272 0.914965
3 2 4 145 269 0.709256
3 2 4 145 270 -1
3 2 4 145 271 -1
3 2 4 145 272 0.0417657
3 2 4 146 269 -1
3 2 4 146 270 -1
3 2 4 146 271 0.646634
3 2 4 146 272 -1
3 2 4 147 269 -1
3 2 4 147 270 0.972771
3 2 4 147 271 -1
3 2 4 147 272 -1
3 3 4 211 269 -0.985133
3 3 4 211 270 0.407773
3 3 4 211 271 0.657438
3 3 4 211 272 0.661413
3 3 4 212 269 -1
3 3 4 212 270 0.540444
3 3 4 212 271 -1
3 3 4 212 272 0.544006
3 3 4 213 269 -1
3 3 4 213 270 0.0456287
3 3 4 213 271 0.930377
3 3 4 213 272 -1
4 0 1 16 79 0.173759
4 0 1 16 80 0.314914
4 0 1 16 81 0.193494
4 0 1 16 82 0.138548
4 0 1 17 79 -1
4 0 1 17 80 -1
4 0 1 17 81 0.406768
4 0 1 17 82 0.575226
4 0 2 16 148 0.771618
4 0 2 16 149 0.228382
4 0 2 17 148 -1
4 0 2 17 149 -1
4 0 3 16 214 0.940744
4 0 3 16 215 -1
4 0 3 16 216 0.365756
4 0 3 17 214 -1
4 0 3 17 215 0.96959
4 0 3 17 216 0.634244
4 0 4 16 273 0.570638
4 0 4 16 274 0.429362
4 0 4 17 273 -1
4 0 4 17 274 -1
4 1 2 79 148 -1
4 1 2 79 149 -1
4 1 2 80 148 0.961818
4 1 2 80 149 -1
4 1 2 81 148 -1
4 1 2 81 149 0.148967
4 1 2 82 148 -1
4 1 2 82 149 0.985933
4 1 3 79 214 0.297179
4 1 3 79 215 -1
4 1 3 79 216 -1
4 1 3 80 214 0.414147
4 1 3 80 215 -1
4 1 3 80 216 0.224267
4 1 3 81 214 0.143632
4 1 3 81 215 0.308123
4 1 3 81 216 0.40814
4 1 3 82 214 0.01651
4 1 3 82 215 0.496617
4 1 3 82 216 0.470768
4 1 4 79 273 0.993004
4 1 4 79 274 -1
4 1 4 80 273 -1
4 1 4 80 274 -1
4 1 4 81 273 -1
4 1 4 81 274 0.230633
4 1 4 82 273 -1
4 1 4 82 274 0.903037
4 2 3 148 214 -1
4 2 3 148 215 -1
4 2 3 148 216 -1
4 2 3 149 214 0.262367
4 2 3 149 215 -1
4 2 3 149 216 0.845493
4 2 4 148 273 0.194401
4 2 4 148 274 -1
4 2 4 149 273 0.0414065
4 2 4 149 274 0.855781
4 3 4 214 273 0.411508
4 3 4 214 274 0.118952
4 3 4 215 273 0.41211
4 3 4 215 274 0.153476
4 3 4 216 273 0.0590986
4 3 4 216 274 0.610722
5 0 1 18 83 0.0892009
5 0 1 18 84 0.393407
5 0 1 18 85 0.119692
5 0 1 18 86 -0.764017
5 0 1 19 83 0.312645
5 0 1 19 84 0.092965
5 0 1 19 85 0.130274
5 0 1 19 86 0.139758
5 0 1 20 83 0.247597
5 0 1 20 84 0.0824025
5 0 1 20 85 0.132084
5 0 1 20 86 0.204851
5 0 1 21 83 -1
5 0 1 21 84 0.0761923
5 0 1 21 85 0.0897409
5 0 1 21 86 0.736059
5 0 2 18 150 0.974003
5 0 2 18 151 0.754228
5 0 2 18 152 -1
5 0 2 18 153 -1
5 0 2 19 150 -1
5 0 2 19 151 -1
5 0 2 19 152 0.381175
5 0 2 19 153 0.970395
5 0 2 20 150 -1
5 0 2 20 151 -1
5 0 2 20 152 0.716481
5 0 2 20 153 0.693631
5 0 2 21 150 0.948338
5 0 2 21 151 0.748459
5 0 2 21 152 -1
5 0 2 21 153 -1
5 0 3 18 217 0.220784
5 0 3 18 218 0.219412
5 0 3 18 219 0.158791
5 0 3 18 220 -0.582705
5 0 3 19 217 0.112012
5 0 3 19 218 0.102219
5 0 3 19 219 0.0888465
5 0 3 19 220 0.117635
5 0 3 20 217 0.0813917
5 0 3 20 218 0.0766027
5 0 3 20 219 0.0962208
5 0 3 20 220 0.228994
5 0 3 21 217 0.0410218
5 0 3 21 218 0.0622775
5 0 3 21 219 0.0945668
5 0 3 21 220 0.360024
5 0 4 18 275 -1
5 0 4 18 276 -1
5 0 4 18 277 -0.821834
5 0 4 18 278 0.489001
5 0 4 19 275 0.812133
5 0 4 19 276 -0.923437
5 0 4 19 277 0.706082
5 0 4 19 278 0.148131
5 0 4 20 275 0.699493
5 0 4 20 276 -1
5 0 4 20 277 0.755497
5 0 4 20 278 0.142104
5 0 4 21 275 0.187394
5 0 4 21 276 0.443722
5 0 4 21 277 0.154151
5 0 4 21 278 0.106517
5 1 2 83 150 -1
5 1 2 83 151 -1
5 1 2 83 152 0.963936
5 1 2 83 153 -1
5 1 2 84 150 -1
5 1 2 84 151 0.662573
5 1 2 84 152 -1
5 1 2 84 153 -1
5 1 2 85 150 -1
5 1 2 85 151 -1
5 1 2 85 152 -1
5 1 2 85 153 0.913977
5 1 2 86 150 0.917119
5 1 2 86 151 -1
5 1 2 86 152 -1
5 1 2 86 153 0.194095
5 1 3 83 217 0.104634
5 1 3 83 218 0.0994509
5 1 3 83 219 0.0895464
5 1 3 83 220 0.113629
5 1 3 84 217 0.211501
5 1 3 84 218 0.208577
5 1 3 84 219 0.139048
5 1 3 84 220 -0.687803
5 1 3 85 217 0.0898889
5 1 3 85 218 0.0879469
5 1 3 85 219 0.109144
5 1 3 85 220 0.133149
5 1 3 86 217 0.0454149
5 1 3 86 218 0.0574223
5 1 3 86 219 0.0891833
5 1 3 86 220 0.4188
5 1 4 83 275 0.950441
5 1 4 83 276 -1
5 1 4 83 277 -1
5 1 4 83 278 -1
5 1 4 84 275 -1
5 1 4 84 276 0.765143
5 1 4 84 277 0.165456
5 1 4 84 278 0.806712
5 1 4 85 275 -1
5 1 4 85 276 -1
5 1 4 85 277 0.969667
5 1 4 85 278 0.0215298
5 1 4 86 275 -0.916633
5 1 4 86 276 0.855602
5 1 4 86 277 0.208193
5 1 4 86 278 0.852838
5 2 3 150 217 -1
5 2 3 150 218 -1
5 2 3 150 219 -1
5 2 3 150 220 0.852218
5 2 3 151 217 -1
5 2 3 151 218 0.0835453
5 2 3 151 219 0.705393
5 2 3 151 220 -1
5 2 3 152 217 0.925781
5 2 3 152 218 -1
5 2 3 152 219 -1
5 2 3 152 220 -1
5 2 3 153 217 -1
5 2 3 153 218 0.836352
5 2 3 153 219 -1
5 2 3 153 220 -1
5 2 4 150 275 -1
5 2 4 150 276 0.845117
5 2 4 150 277 -1
5 2 4 150 278 0.582567
5 2 4 151 275 -1
5 2 4 151 276 -1
5 2 4 151 277 -1
5 2 4 151 278 0.914992
5 2 4 152 275 0.889405
5 2 4 152 276 -1
5 2 4 152 277 -1
5 2 4 152 278 -1
5 2 4 153 275 -1
5 2 4 153 276 -1
5 2 4 153 277 0.962055
5 2 4 153 278 -1
5 3 4 217 275 0.0986872
5 3 4 217 276 0.0959834
5 3 4 217 277 0.0570544
5 3 4 217 278 0.0617715
5 3 4 218 275 0.0718736
5 3 4 218 276 0.0716968
5 3 4 218 277 0.0781798
5 3 4 218 278 0.088186
5 3 4 219 275 0.070106
5 3 4 219 276 0.065622
5 3 4 219 277 0.0921637
5 3 4 219 278 0.0821742
5 3 4 220 275 0.0715081
5 3 4 220 276 0.0780299
5 3 4 220 277 0.083195
5 3 4 220 278 0.0785556
6 0 1 22 87 0.129252
6 0 1 22 88 0.0883221
6 0 1 22 89 0.112973
6 0 1 23 87 0.14111
6 0 1 23 88 0.087055
6 0 1 23 89 0.105093
6 0 1 24 87 0.0462966
6 0 1 24 88 0.152123
6 0 1 24 89 0.116867
6 0 1 25 87 0.110454
6 0 1 25 88 0.11348
6 0 1 25 89 0.103876
6 0 2 22 154 -1
6 0 2 22 155 -1
6 0 2 22 156 -1
6 0 2 22 157 0.822213
6 0 2 23 154 -1
6 0 2 23 155 0.0823027
6 0 2 23 156 0.992175
6 0 2 23 157 -1
6 0 2 24 154 0.962018
6 0 2 24 155 -1
6 0 2 24 156 -1
6 0 2 24 157 -1
6 0 2 25 154 -1
6 0 2 25 155 0.943851
6 0 2 25 156 0.514535
6 0 2 25 157 -1
6 0 3 22 221 0.0954567
6 0 3 22 222 0.186285
6 0 3 22 223 0.0605582
6 0 3 23 221 0.120081
6 0 3 23 222 0.126222
6 0 3 23 223 0.0988718
6 0 3 24 221 0.119544
6 0 3 24 222 0.0889719
6 0 3 24 223 0.13912
6 0 3 25 221 0.117447
6 0 3 25 222 0.0936114
6 0 3 25 223 0.136364
6 0 4 22 279 0.473862
6 0 4 22 280 -0.816238
6 0 4 22 281 0.444783
6 0 4 22 282 0.454417
6 0 4 23 279 0.472012
6 0 4 23 280 -0.973805
6 0 4 23 281 0.465973
6 0 4 23 282 0.535203
6 0 4 24 279 -0.801324
6 0 4 24 280 0.841629
6 0 4 24 281 -1
6 0 4 24 282 -0.582507
6 0 4 25 279 0.448727
6 0 4 25 280 -0.609625
6 0 4 25 281 0.551288
6 0 4 25 282 0.290295
6 1 2 87 154 -1
6 1 2 87 155 0.189375
6 1 2 87 156 -1
6 1 2 87 157 0.843458
6 1 2 88 154 0.965935
6 1 2 88 155 -1
6 1 2 88 156 -1
6 1 2 88 157 -1
6 1 2 89 154 -1
6 1 2 89 155 -1
6 1 2 89 156 0.964815
6 1 2 89 157 -1
6 1 3 87 221 0.132496
6 1 3 87 222 0.159678
6 1 3 87 223 0.117336
6 1 3 88 221 0.127774
6 1 3 88 222 0.109279
6 1 3 88 223 0.172673
6 1 3 89 221 0.148829
6 1 3 89 222 0.139497
6 1 3 89 223 0.119297
6 1 4 87 279 0.049351
6 1 4 87 280 -1
6 1 4 87 281 0.883152
6 1 4 87 282 -1
6 1 4 88 279 -1
6 1 4 88 280 0.787541
6 1 4 88 281 -1
6 1 4 88 282 0.96105
6 1 4 89 279 -1
6 1 4 89 280 0.758067
6 1 4 89 281 -1
6 1 4 89 282 0.970455
6 2 3 154 221 -1
6 2 3 154 222 -1
6 2 3 154 223 0.894001
6 2 3 155 221 0.954959
6 2 3 155 222 -1
6 2 3 155 223 -1
6 2 3 156 221 -1
6 2 3 156 222 0.80152
6 2 3 156 223 -1
6 2 3 157 221 -1
6 2 3 157 222 0.972286
6 2 3 157 223 -1
6 2 4 154 279 -1
6 2 4 154 280 0.724433
6 2 4 154 281 -1
6 2 4 154 282 -1
6 2 4 155 279 0.954799
6 2 4 155 280 -1
6 2 4 155 281 0.488654
6 2 4 155 282 -1
6 2 4 156 279 -1
6 2 4 156 280 -1
6 2 4 156 281 -1
6 2 4 156 282 0.948627
6 2 4 157 279 0.135677
6 2 4 157 280 -1
6 2 4 157 281 0.797822
6 2 4 157 282 -1
6 3 4 221 279 0.118209
6 3 4 221 280 0.14361
6 3 4 221 281 0.111544
6 3 4 221 282 0.110256
6 3 4 222 279 0.131613
6 3 4 222 280 0.000501356
6 3 4 222 281 0.142023
6 3 4 222 282 0.144982
6 3 4 223 279 0.106954
6 3 4 223 280 0.192238
6 3 4 223 281 0.10463
6 3 4 223 282 0.10339
7 0 1 26 90 0.547685
7 0 1 26 91 0.866097
7 0 1 26 92 -1
7 0 1 26 93 -1
7 0 1 27 90 0.796881
7 0 1 27 91 -1
7 0 1 27 92 -1
7 0 1 27 93 -1
7 0 1 28 90 0.555075
7 0 1 28 91 -1
7 0 1 28 92 0.682731
7 0 1 28 93 -1
7 0 1 29 90 -0.899641
7 0 1 29 91 -1
7 0 1 29 92 -1
7 0 1 29 93 0.975962
7 0 2 26 158 -1
7 0 2 26 159 -1
7 0 2 26 160 0.117494
7 0 2 26 161 0.773991
7 0 2 26 162 -1
7 0 2 27 158 0.062975
7 0 2 27 159 0.399802
7 0 2 27 160 -1
7 0 2 27 161 -1
7 0 2 27 162 -1
7 0 2 28 158 -1
7 0 2 28 159 -1
7 0 2 28 160 -1
7 0 2 28 161 -1
7 0 2 28 162 0.49316
7 0 2 29 158 -1
7 0 2 29 159 -1
7 0 2 29 160 0.74203
7 0 2 29 161 -1
7 0 2 29 162 -1
7 0 3 26 224 -1
7 0 3 26 225 -1
7 0 3 26 226 0.798912
7 0 3 27 224 0.590759
7 0 3 27 225 -1
7 0 3 27 226 -1
7 0 3 28 224 -1
7 0 3 28 225 0.818388
7 0 3 28 226 -1
7 0 3 29 224 -1
7 0 3 29 225 -1
7 0 3 29 226 -1
7 0 4 26 283 -1
7 0 4 26 284 0.199956
7 0 4 26 285 0.845994
7 0 4 26 286 -1
7 0 4 27 283 -1
7 0 4 27 284 -1
7 0 4 27 285 -1
7 0 4 27 286 0.904586
7 0 4 28 283 -1
7 0 4 28 284 0.696343
7 0 4 28 285 0.488226
7 0 4 28 286 -1
7 0 4 29 283 0.829289
7 0 4 29 284 -1
7 0 4 29 285 -1
7 0 4 29 286 -1
7 1 2 90 158 -1
7 1 2 90 159 0.578806
7 1 2 90 160 -1
7 1 2 90 161 -1
7 1 2 90 162 -1
7 1 2 91 158 -1
7 1 2 91 159 -1
7 1 2 91 160 -1
7 1 2 91 161 0.975307
7 1 2 91 162 -1
7 1 2 92 158 -1
7 1 2 92 159 -1
7 1 2 92 160 -1
7 1 2 92 161 -1
7 1 2 92 162 0.896561
7 1 2 93 158 -1
7 1 2 93 159 -1
7 1 2 93 160 0.987938
7 1 2 93 161 -1
7 1 2 93 162 -1
7 1 3 90 224 0.705381
7 1 3 90 225 -1
7 1 3 90 226 -1
7 1 3 91 224 -1
7 1 3 91 225 0.637977
7 1 3 91 226 0.939083
7 1 3 92 224 -1
7 1 3 92 225 0.9558
7 1 3 92 226 0.481159
7 1 3 93 224 0.159732
7 1 3 93 225 -1
7 1 3 93 226 -1
7 1 4 90 283 -1
7 1 4 90 284 -1
7 1 4 90 285 -1
7 1 4 90 286 0.847689
7 1 4 91 283 -1
7 1 4 91 284 -1
7 1 4 91 285 0.948994
7 1 4 91 286 -1
7 1 4 92 283 -1
7 1 4 92 284 0.991104
7 1 4 92 285 -1
7 1 4 92 286 -1
7 1 4 93 283 0.83595
7 1 4 93 284 -1
7 1 4 93 285 -1
7 1 4 93 286 -1
7 2 3 158 224 -1
7 2 3 158 225 -1
7 2 3 158 226 -1
7 2 3 159 224 0.794262
7 2 3 159 225 -1
7 2 3 159 226 -1
7 2 3 160 224 -1
7 2 3 160 225 -1
7 2 3 160 226 -1
7 2 3 161 224 -1
7 2 3 161 225 0.0985847
7 2 3 161 226 0.96663
7 2 3 162 224 -1
7 2 3 162 225 0.730368
7 2 3 162 226 -1
7 2 4 158 283 -1
7 2 4 158 284 -1
7 2 4 158 285 -1
7 2 4 158 286 -1
7 2 4 159 283 -1
7 2 4 159 284 -1
7 2 4 159 285 -1
7 2 4 159 286 0.446526
7 2 4 160 283 0.893746
7 2 4 160 284 -1
7 2 4 160 285 -1
7 2 4 160 286 -1
7 2 4 161 283 -1
7 2 4 161 284 -1
7 2 4 161 285 0.770319
7 2 4 161 286 -1
7 2 4 162 283 -1
7 2 4 162 284 0.989818
7 2 4 162 285 -1
7 2 4 162 286 -1
7 3 4 224 283 -1
7 3 4 224 284 0.0510305
7 3 4 224 285 0.513021
7 3 4 224 286 0.61843
7 3 4 225 283 -1
7 3 4 225 284 0.911674
7 3 4 225 285 -1
7 3 4 225 286 -1
7 3 4 226 283 -1
7 3 4 226 284 -1
7 3 4 226 285 0.774368
7 3 4 226 286 0.859326
8 0 1 30 94 0.353122
8 0 1 30 95 0.879694
8 0 1 30 96 -1
8 0 1 30 97 -1
8 0 1 31 94 0.860451
8 0 1 31 95 -1
8 0 1 31 96 0.101822
8 0 1 31 97 -1
8 0 1 32 94 0.674001
8 0 1 32 95 -1
8 0 1 32 96 0.974242
8 0 1 32 97 -1
8 0 1 33 94 -0.887574
8 0 1 33 95 -1
8 0 1 33 96 -1
8 0 1 33 97 0.548196
8 0 2 30 163 -1
8 0 2 30 164 -1
8 0 2 30 165 -1
8 0 2 30 166 0.511598
8 0 2 30 167 -1
8 0 2 31 163 0.314166
8 0 2 31 164 0.750956
8 0 2 31 165 -1
8 0 2 31 166 -1
8 0 2 31 167 -1
8 0 2 32 163 -1
8 0 2 32 164 -1
8 0 2 32 165 0.593206
8 0 2 32 166 -1
8 0 2 32 167 0.670349
8 0 2 33 163 -1
8 0 2 33 164 -1
8 0 2 33 165 0.585046
8 0 2 33 166 -1
8 0 2 33 167 -1
8 0 3 30 227 0.292291
8 0 3 30 228 -1
8 0 3 30 229 -1
8 0 3 30 230 0.608823
8 0 3 31 227 -1
8 0 3 31 228 0.994286
8 0 3 31 229 -1
8 0 3 31 230 -1
8 0 3 32 227 -1
8 0 3 32 228 -1
8 0 3 32 229 0.843406
8 0 3 32 230 -1
8 0 3 33 227 0.559622
8 0 3 33 228 -1
8 0 3 33 229 -1
8 0 3 33 230 -1
8 0 4 30 287 -1
8 0 4 30 288 0.456755
8 0 4 30 289 0.865775
8 0 4 30 290 -1
8 0 4 31 287 -1
8 0 4 31 288 -1
8 0 4 31 289 -1
8 0 4 31 290 0.99852
8 0 4 32 287 -1
8 0 4 32 288 0.782002
8 0 4 32 289 0.704173
8 0 4 32 290 -1
8 0 4 33 287 0.934387
8 0 4 33 288 -1
8 0 4 33 289 -1
8 0 4 33 290 -1
8 1 2 94 163 -1
8 1 2 94 164 0.855801
8 1 2 94 165 0.866396
8 1 2 94 166 -1
8 1 2 94 167 -1
8 1 2 95 163 -1
8 1 2 95 164 -1
8 1 2 95 165 -1
8 1 2 95 166 0.504037
8 1 2 95 167 0.785634
8 1 2 96 163 -1
8 1 2 96 164 -1
8 1 2 96 165 -1
8 1 2 96 166 0.614663
8 1 2 96 167 0.891569
8 1 2 97 163 -1
8 1 2 97 164 0.760724
8 1 2 97 165 0.916059
8 1 2 97 166 -1
8 1 2 97 167 -1
8 1 3 94 227 -1
8 1 3 94 228 0.980849
8 1 3 94 229 -1
8 1 3 94 230 -1
8 1 3 95 227 -1
8 1 3 95 228 -1
8 1 3 95 229 0.630018
8 1 3 95 230 0.707609
8 1 3 96 227 -1
8 1 3 96 228 -1
8 1 3 96 229 0.776008
8 1 3 96 230 0.573896
8 1 3 97 227 0.898196
8 1 3 97 228 -1
8 1 3 97 229 -1
8 1 3 97 230 -1
8 1 4 94 287 0.993825
8 1 4 94 288 -1
8 1 4 94 289 -1
8 1 4 94 290 0.766012
8 1 4 95 287 -1
8 1 4 95 288 0.314737
8 1 4 95 289 0.673179
8 1 4 95 290 -1
8 1 4 96 287 -1
8 1 4 96 288 0.865085
8 1 4 96 289 -1
8 1 4 96 290 -1
8 1 4 97 287 0.865185
8 1 4 97 288 -1
8 1 4 97 289 -1
8 1 4 97 290 0.526626
8 2 3 163 227 -1
8 2 3 163 228 -1
8 2 3 163 229 -1
8 2 3 163 230 -1
8 2 3 164 227 -1
8 2 3 164 228 0.72124
8 2 3 164 229 -1
8 2 3 164 230 -1
8 2 3 165 227 0.204256
8 2 3 165 228 -1
8 2 3 165 229 -1
8 2 3 165 230 -1
8 2 3 166 227 0.778156
8 2 3 166 228 -1
8 2 3 166 229 -1
8 2 3 166 230 0.906273
8 2 3 167 227 -1
8 2 3 167 228 -1
8 2 3 167 229 0.736331
8 2 3 167 230 -1
8 2 4 163 287 -1
8 2 4 163 288 -1
8 2 4 163 289 -1
8 2 4 163 290 -1
8 2 4 164 287 0.765435
8 2 4 164 288 -1
8 2 4 164 289 -1
8 2 4 164 290 0.620648
8 2 4 165 287 0.943356
8 2 4 165 288 -1
8 2 4 165 289 -1
8 2 4 165 290 0.750477
8 2 4 166 287 -1
8 2 4 166 288 -1
8 2 4 166 289 0.733605
8 2 4 166 290 -1
8 2 4 167 287 -1
8 2 4 167 288 0.995162
8 2 4 167 289 -1
8 2 4 167 290 -1
8 3 4 227 287 0.516556
8 3 4 227 288 -1
8 3 4 227 289 -1
8 3 4 227 290 -1
8 3 4 228 287 -1
8 3 4 228 288 0.855641
8 3 4 228 289 0.159274
8 3 4 228 290 0.687953
8 3 4 229 287 -1
8 3 4 229 288 0.741222
8 3 4 229 289 -1
8 3 4 229 290 -1
8 3 4 230 287 -1
8 3 4 230 288 -1
8 3 4 230 289 0.776864
8 3 4 230 290 -1
9 0 1 34 98 0.34219
9 0 1 34 99 0.140454
9 0 1 34 100 0.191142
9 0 1 35 98 0.248742
9 0 1 35 99 0.269924
9 0 1 35 100 0.244204
9 0 2 34 168 -1
9 0 2 34 169 -1
9 0 2 35 168 0.492335
9 0 2 35 169 0.507665
9 0 3 34 231 0.386402
9 0 3 34 232 -1
9 0 3 35 231 0.231655
9 0 3 35 232 -1
9 0 4 34 291 -1
9 0 4 34 292 0.860029
9 0 4 35 291 -1
9 0 4 35 292 -1
9 1 2 98 168 -1
9 1 2 98 169 0.97542
9 1 2 99 168 0.986538
9 1 2 99 169 -1
9 1 2 100 168 -1
9 1 2 100 169 0.0625734
9 1 3 98 231 0.973871
9 1 3 98 232 -1
9 1 3 99 231 0.982365
9 1 3 99 232 -1
9 1 3 100 231 -1
9 1 3 100 232 0.771529
9 1 4 98 291 -1
9 1 4 98 292 -1
9 1 4 99 291 -1
9 1 4 99 292 -1
9 1 4 100 291 0.712233
9 1 4 100 292 0.287767
9 2 3 168 231 0.956593
9 2 3 168 232 -1
9 2 3 169 231 -1
9 2 3 169 232 -1
9 2 4 168 291 -1
9 2 4 168 292 -1
9 2 4 169 291 -1
9 2 4 169 292 -1
9 3 4 231 291 0.478963
9 3 4 231 292 -1
9 3 4 232 291 0.470961
9 3 4 232 292 0.202166
10 0 1 36 101 0.29053
10 0 1 36 102 0.161153
10 0 1 37 101 0.219978
10 0 1 37 102 0.230456
10 0 1 38 101 0.151257
10 0 1 38 102 0.297961
10 0 2 36 170 0.817539
10 0 2 36 171 -1
10 0 2 37 170 0.109538
10 0 2 37 171 0.407654
10 0 2 38 170 0.0729232
10 0 2 38 171 -1
10 0 3 36 233 0.573546
10 0 3 36 234 0.0840799
10 0 3 36 235 0.197325
10 0 3 37 233 0.521341
10 0 3 37 234 0.185086
10 0 3 37 235 0.169199
10 0 3 38 233 -1
10 0 3 38 234 -1
10 0 3 38 235 0.37779
10 0 4 36 293 -1
10 0 4 36 294 -1
10 0 4 36 295 -1
10 0 4 37 293 -1
10 0 4 37 294 0.90486
10 0 4 37 295 0.747228
10 0 4 38 293 0.978364
10 0 4 38 294 -1
10 0 4 38 295 -1
10 1 2 101 170 0.943552
10 1 2 101 171 -1
10 1 2 102 170 -1
10 1 2 102 171 -1
10 1 3 101 233 0.114764
10 1 3 101 234 0.14028
10 1 3 101 235 0.423073
10 1 3 102 233 -1
10 1 3 102 234 0.0299158
10 1 3 102 235 0.576927
10 1 4 101 293 0.419923
10 1 4 101 294 -1
10 1 4 101 295 -1
10 1 4 102 293 0.580077
10 1 4 102 294 -1
10 1 4 102 295 -1
10 2 3 170 233 -1
10 2 3 170 234 0.317532
10 2 3 170 235 0.661721
10 2 3 171 233 -1
10 2 3 171 234 0.682468
10 2 3 171 235 0.338279
10 2 4 170 293 -1
10 2 4 170 294 -1
10 2 4 170 295 -1
10 2 4 171 293 -1
10 2 4 171 294 0.719578
10 2 4 171 295 0.985493
10 3 4 233 293 0.388267
10 3 4 233 294 0.444116
10 3 4 233 295 0.120145
10 3 4 234 293 0.0804286
10 3 4 234 294 0.311868
10 3 4 234 295 0.43559
10 3 4 235 293 -1
10 3 4 235 294 -1
10 3 4 235 295 0.102425
11 0 1 39 103 -0.633455
11 0 1 39 104 0.207784
11 0 1 39 105 0.244825
11 0 1 39 106 0.166344
11 0 1 40 103 -0.626852
11 0 1 40 104 0.21116
11 0 1 40 105 0.18417
11 0 1 40 106 0.222037
11 0 1 41 103 0.0385047
11 0 1 41 104 0.118057
11 0 1 41 105 0.112626
11 0 1 41 106 0.13499
11 0 2 39 172 -1
11 0 2 39 173 0.662922
11 0 2 39 174 -1
11 0 2 39 175 -1
11 0 2 40 172 0.612419
11 0 2 40 173 0.189202
11 0 2 40 174 -1
11 0 2 40 175 -1
11 0 2 41 172 -1
11 0 2 41 173 -1
11 0 2 41 174 0.398315
11 0 2 41 175 0.64953
11 0 3 39 236 0.716085
11 0 3 39 237 -1
11 0 3 39 238 -1
11 0 3 40 236 0.874566
11 0 3 40 237 -1
11 0 3 40 238 -1
11 0 3 41 236 -1
11 0 3 41 237 0.293254
11 0 3 41 238 0.839567
11 0 4 39 296 0.851355
11 0 4 39 297 -1
11 0 4 39 298 -1
11 0 4 40 296 -1
11 0 4 40 297 -1
11 0 4 40 298 0.959971
11 0 4 41 296 0.296688
11 0 4 41 297 0.968067
11 0 4 41 298 -1
11 1 2 103 172 -1
11 1 2 103 173 -1
11 1 2 103 174 0.824482
11 1 2 103 175 -1
11 1 2 104 172 -1
11 1 2 104 173 0.782398
11 1 2 104 174 -1
11 1 2 104 175 -1
11 1 2 105 172 0.51727
11 1 2 105 173 -1
11 1 2 105 174 -1
11 1 2 105 175 -1
11 1 2 106 172 -1
11 1 2 106 173 -1
11 1 2 106 174 -1
11 1 2 106 175 0.699543
11 1 3 103 236 0.274437
11 1 3 103 237 0.258696
11 1 3 103 238 0.269839
11 1 3 104 236 -0.789952
11 1 3 104 237 -0.675887
11 1 3 104 238 -1
11 1 3 105 236 0.385605
11 1 3 105 237 0.228919
11 1 3 105 238 0.173169
11 1 3 106 236 0.18064
11 1 3 106 237 0.287192
11 1 3 106 238 0.346418
11 1 4 103 296 -1
11 1 4 103 297 -1
11 1 4 103 298 -1
11 1 4 104 296 0.934297
11 1 4 104 297 -1
11 1 4 104 298 -1
11 1 4 105 296 0.0486358
11 1 4 105 297 0.260045
11 1 4 105 298 0.691319
11 1 4 106 296 -1
11 1 4 106 297 0.920046
11 1 4 106 298 0.183775
11 2 3 172 236 0.835164
11 2 3 172 237 -1
11 2 3 172 238 -1
11 2 3 173 236 -1
11 2 3 173 237 0.264863
11 2 3 173 238 -1
11 2 3 174 236 -1
11 2 3 174 237 0.949335
11 2 3 174 238 -1
11 2 3 175 236 -1
11 2 3 175 237 -1
11 2 3 175 238 0.693629
11 2 4 172 296 0.62451
11 2 4 172 297 -1
11 2 4 172 298 0.64625
11 2 4 173 296 0.779556
11 2 4 173 297 -1
11 2 4 173 298 -1
11 2 4 174 296 -1
11 2 4 174 297 -1
11 2 4 174 298 -1
11 2 4 175 296 -1
11 2 4 175 297 0.822219
11 2 4 175 298 -1
11 3 4 236 296 0.00641763
11 3 4 236 297 0.181738
11 3 4 236 298 0.306326
11 3 4 237 296 -1
11 3 4 237 297 0.390024
11 3 4 237 298 0.204877
11 3 4 238 296 -1
11 3 4 238 297 0.310528
11 3 4 238 298 0.290392
12 0 1 42 107 0.310872
12 0 1 42 108 0.334825
12 0 1 42 109 0.0727615
12 0 1 43 107 0.22894
12 0 1 43 108 0.49542
12 0 1 43 109 0.065905
12 0 1 44 107 0.137014
12 0 1 44 108 -1
12 0 1 44 109 0.773698
12 0 2 42 176 -1
12 0 2 42 177 0.372812
12 0 2 42 178 -1
12 0 2 43 176 0.950229
12 0 2 43 177 -1
12 0 2 43 178 -1
12 0 2 44 176 -1
12 0 2 44 177 0.976719
12 0 2 44 178 -1
12 0 3 42 239 -1
12 0 3 42 240 0.624728
12 0 3 43 239 -1
12 0 3 43 240 -1
12 0 3 44 239 0.354629
12 0 3 44 240 -1
12 0 4 42 299 0.889392
12 0 4 42 300 0.0718457
12 0 4 42 301 0.724975
12 0 4 42 302 -1
12 0 4 43 299 -1
12 0 4 43 300 -1
12 0 4 43 301 -1
12 0 4 43 302 0.867056
12 0 4 44 299 -1
12 0 4 44 300 0.925028
12 0 4 44 301 -1
12 0 4 44 302 -1
12 1 2 107 176 0.946804
12 1 2 107 177 0.444818
12 1 2 107 178 -1
12 1 2 108 176 -1
12 1 2 108 177 -1
12 1 2 108 178 0.991992
12 1 2 109 176 -1
12 1 2 109 177 0.959557
12 1 2 109 178 -1
12 1 3 107 239 -1
12 1 3 107 240 -1
12 1 3 108 239 0.515757
12 1 3 108 240 0.484243
12 1 3 109 239 0.220942
12 1 3 109 240 0.00253558
12 1 4 107 299 -1
12 1 4 107 300 0.683723
12 1 4 107 301 -1
12 1 4 107 302 0.979136
12 1 4 108 299 0.87691
12 1 4 108 300 -1
12 1 4 108 301 0.370992
12 1 4 108 302 -1
12 1 4 109 299 -1
12 1 4 109 300 0.962995
12 1 4 109 301 -1
12 1 4 109 302 0.535557
12 2 3 176 239 -1
12 2 3 176 240 -1
12 2 3 177 239 0.580441
12 2 3 177 240 -1
12 2 3 178 239 0.985298
12 2 3 178 240 -1
12 2 4 176 299 -1
12 2 4 176 300 -1
12 2 4 176 301 -1
12 2 4 176 302 0.917095
12 2 4 177 299 -1
12 2 4 177 300 0.902222
12 2 4 177 301 -1
12 2 4 177 302 -1
12 2 4 178 299 0.872788
12 2 4 178 300 -1
12 2 4 178 301 -1
12 2 4 178 302 -1
12 3 4 239 299 0.43627
12 3 4 239 300 0.147675
12 3 4 239 301 0.199173
12 3 4 239 302 0.0424434
12 3 4 240 299 0.301351
12 3 4 240 300 -1
12 3 4 240 301 0.681041
12 3 4 240 302 -1
13 0 1 45 110 0.354022
13 0 1 45 111 0.85869
13 0 1 45 112 -1
13 0 1 45 113 -1
13 0 1 46 110 0.536342
13 0 1 46 111 -1
13 0 1 46 112 -1
13 0 1 46 113 -1
13 0 1 47 110 0.109636
13 0 1 47 111 -1
13 0 1 47 112 -1
13 0 1 47 113 0.645061
13 0 2 45 179 -1
13 0 2 45 180 -1
13 0 2 45 181 0.741539
13 0 2 45 182 0.800242
13 0 2 45 183 -1
13 0 2 46 179 0.22246
13 0 2 46 180 0.664686
13 0 2 46 181 -1
13 0 2 46 182 -1
13 0 2 46 183 -1
13 0 2 47 179 -1
13 0 2 47 180 -1
13 0 2 47 181 -1
13 0 2 47 182 -1
13 0 2 47 183 0.612118
13 0 3 45 241 -1
13 0 3 45 242 -1
13 0 3 45 243 0.812517
13 0 3 46 241 0.201249
13 0 3 46 242 -1
13 0 3 46 243 -1
13 0 3 47 241 -1
13 0 3 47 242 0.718215
13 0 3 47 243 -1
13 0 4 45 303 -1
13 0 4 45 304 0.460188
13 0 4 45 305 0.969574
13 0 4 45 306 -1
13 0 4 46 303 -1
13 0 4 46 304 -1
13 0 4 46 305 -1
13 0 4 46 306 0.865187
13 0 4 47 303 -1
13 0 4 47 304 0.613367
13 0 4 47 305 0.763529
13 0 4 47 306 -1
13 1 2 110 179 -1
13 1 2 110 180 0.343528
13 1 2 110 181 -1
13 1 2 110 182 -1
13 1 2 110 183 -1
13 1 2 111 179 -1
13 1 2 111 180 -1
13 1 2 111 181 -1
13 1 2 111 182 0.816393
13 1 2 111 183 -1
13 1 2 112 179 -1
13 1 2 112 180 -1
13 1 2 112 181 0.853841
13 1 2 112 182 -1
13 1 2 112 183 -1
13 1 2 113 179 -1
13 1 2 113 180 -1
13 1 2 113 181 -1
13 1 2 113 182 -1
13 1 2 113 183 0.779059
13 1 3 110 241 -1
13 1 3 110 242 -1
13 1 3 110 243 -1
13 1 3 111 241 -1
13 1 3 111 242 0.788744
13 1 3 111 243 0.897227
13 1 3 112 241 -1
13 1 3 112 242 -1
13 1 3 112 243 -1
13 1 3 113 241 -1
13 1 3 113 242 0.719187
13 1 3 113 243 0.224954
13 1 4 110 303 -1
13 1 4 110 304 -1
13 1 4 110 305 -1
13 1 4 110 306 0.78812
13 1 4 111 303 -1
13 1 4 111 304 -1
13 1 4 111 305 0.827861
13 1 4 111 306 -1
13 1 4 112 303 0.961711
13 1 4 112 304 -1
13 1 4 112 305 -1
13 1 4 112 306 -1
13 1 4 113 303 -1
13 1 4 113 304 0.876707
13 1 4 113 305 -1
13 1 4 113 306 -1
13 2 3 179 241 -1
13 2 3 179 242 -1
13 2 3 179 243 -1
13 2 3 180 241 0.593863
13 2 3 180 242 -1
13 2 3 180 243 -1
13 2 3 181 241 -1
13 2 3 181 242 -1
13 2 3 181 243 -1
13 2 3 182 241 -1
13 2 3 182 242 -1
13 2 3 182 243 0.977575
13 2 3 183 241 -1
13 2 3 183 242 0.95801
13 2 3 183 243 -1
13 2 4 179 303 -1
13 2 4 179 304 -1
13 2 4 179 305 -1
13 2 4 179 306 -1
13 2 4 180 303 -1
13 2 4 180 304 -1
13 2 4 180 305 -1
13 2 4 180 306 0.610449
13 2 4 181 303 0.816031
13 2 4 181 304 -1
13 2 4 181 305 -1
13 2 4 181 306 -1
13 2 4 182 303 -1
13 2 4 182 304 -1
13 2 4 182 305 0.972405
13 2 4 182 306 -1
13 2 4 183 303 -1
13 2 4 183 304 0.980643
13 2 4 183 305 -1
13 2 4 183 306 -1
13 3 4 241 303 -1
13 3 4 241 304 0.0435947
13 3 4 241 305 -1
13 3 4 241 306 0.162227
13 3 4 242 303 -1
13 3 4 242 304 0.941757
13 3 4 242 305 -1
13 3 4 242 306 -1
13 3 4 243 303 -1
13 3 4 243 304 -1
13 3 4 243 305 0.969544
13 3 4 243 306 -1
14 0 1 48 114 0.151107
14 0 1 48 115 0.919739
14 0 1 48 116 -1
14 0 1 48 117 -1
14 0 1 49 114 0.464451
14 0 1 49 115 -1
14 0 1 49 116 -1
14 0 1 49 117 -1
14 0 1 50 114 0.384442
14 0 1 50 115 -1
14 0 1 50 116 0.700946
14 0 1 50 117 -1
14 0 2 48 184 -1
14 0 2 48 185 -1
14 0 2 48 186 0.848804
14 0 2 48 187 -1
14 0 2 49 184 0.946455
14 0 2 49 185 -1
14 0 2 49 186 -1
14 0 2 49 187 -1
14 0 2 50 184 -1
14 0 2 50 185 0.536955
14 0 2 50 186 -1
14 0 2 50 187 0.564848
14 0 3 48 244 -1
14 0 3 48 245 -1
14 0 3 48 246 -1
14 0 3 48 247 0.824317
14 0 3 49 244 0.993302
14 0 3 49 245 -1
14 0 3 49 246 -1
14 0 3 49 247 -1
14 0 3 50 244 -1
14 0 3 50 245 -1
14 0 3 50 246 0.778851
14 0 3 50 247 -1
14 0 4 48 307 -1
14 0 4 48 308 0.207862
14 0 4 48 309 0.96382
14 0 4 48 310 -1
14 0 4 49 307 -1
14 0 4 49 308 -1
14 0 4 49 309 -1
14 0 4 49 310 0.751347
14 0 4 50 307 -1
14 0 4 50 308 0.969943
14 0 4 50 309 -1
14 0 4 50 310 -1
14 1 2 114 184 0.795276
14 1 2 114 185 0.784187
14 1 2 114 186 -1
14 1 2 114 187 -1
14 1 2 115 184 -1
14 1 2 115 185 -1
14 1 2 115 186 0.517462
14 1 2 115 187 0.651281
14 1 2 116 184 -1
14 1 2 116 185 -1
14 1 2 116 186 0.312094
14 1 2 116 187 0.726956
14 1 2 117 184 0.122703
14 1 2 117 185 0.909218
14 1 2 117 186 -1
14 1 2 117 187 -1
14 1 3 114 244 0.710512
14 1 3 114 245 -1
14 1 3 114 246 -1
14 1 3 114 247 -1
14 1 3 115 244 -1
14 1 3 115 245 -1
14 1 3 115 246 0.376019
14 1 3 115 247 0.982418
14 1 3 116 244 -1
14 1 3 116 245 -1
14 1 3 116 246 0.921025
14 1 3 116 247 0.0885131
14 1 3 117 244 -1
14 1 3 117 245 0.344797
14 1 3 117 246 -1
14 1 3 117 247 -1
14 1 4 114 307 0.935306
14 1 4 114 308 -1
14 1 4 114 309 -1
14 1 4 114 310 0.704532
14 1 4 115 307 -1
14 1 4 115 308 -1
14 1 4 115 309 0.973074
14 1 4 115 310 -1
14 1 4 116 307 -1
14 1 4 116 308 0.913281
14 1 4 116 309 -1
14 1 4 116 310 -1
14 1 4 117 307 0.872259
14 1 4 117 308 -1
14 1 4 117 309 -1
14 1 4 117 310 0.552558
14 2 3 184 244 0.950998
14 2 3 184 245 -1
14 2 3 184 246 -1
14 2 3 184 247 -1
14 2 3 185 244 -1
14 2 3 185 245 0.846657
14 2 3 185 246 -1
14 2 3 185 247 0.0870341
14 2 3 186 244 -1
14 2 3 186 245 0.471631
14 2 3 186 246 -1
14 2 3 186 247 0.628762
14 2 3 187 244 -1
14 2 3 187 245 -1
14 2 3 187 246 0.733593
14 2 3 187 247 -1
14 2 4 184 307 0.845682
14 2 4 184 308 -1
14 2 4 184 309 -1
14 2 4 184 310 0.488705
14 2 4 185 307 0.795523
14 2 4 185 308 -1
14 2 4 185 309 -1
14 2 4 185 310 -1
14 2 4 186 307 -1
14 2 4 186 308 -1
14 2 4 186 309 0.459719
14 2 4 186 310 -1
14 2 4 187 307 -1
14 2 4 187 308 0.743841
14 2 4 187 309 -1
14 2 4 187 310 -1
14 3 4 244 307 -1
14 3 4 244 308 0.732432
14 3 4 244 309 -1
14 3 4 244 310 0.348713
14 3 4 245 307 -1
14 3 4 245 308 -1
14 3 4 245 309 -1
14 3 4 245 310 -1
14 3 4 246 307 -1
14 3 4 246 308 0.958334
14 3 4 246 309 -1
14 3 4 246 310 -1
14 3 4 247 307 -1
14 3 4 247 308 -1
14 3 4 247 309 0.974284
14 3 4 247 310 -1
15 0 1 51 118 -1
15 0 1 51 119 0.902723
15 0 1 52 118 -1
15 0 1 52 119 0.971513
15 0 1 53 118 -1
15 0 1 53 119 -1
15 0 2 51 188 -1
15 0 2 51 189 -1
15 0 2 51 190 0.329985
15 0 2 51 191 -1
15 0 2 52 188 0.211802
15 0 2 52 189 -1
15 0 2 52 190 -1
15 0 2 52 191 -1
15 0 2 53 188 -1
15 0 2 53 189 0.535013
15 0 2 53 190 0.645657
15 0 2 53 191 -1
15 0 3 51 248 -1
15 0 3 51 249 0.878285
15 0 3 51 250 -1
15 0 3 52 248 -1
15 0 3 52 249 -1
15 0 3 52 250 0.985812
15 0 3 53 248 -1
15 0 3 53 249 0.360513
15 0 3 53 250 -1
15 0 4 51 311 -1
15 0 4 51 312 0.993318
15 0 4 51 313 -1
15 0 4 52 311 0.238453
15 0 4 52 312 -1
15 0 4 52 313 0.853361
15 0 4 53 311 0.896948
15 0 4 53 312 -1
15 0 4 53 313 -1
15 1 2 118 188 -1
15 1 2 118 189 0.53028
15 1 2 118 190 -1
15 1 2 118 191 0.328554
15 1 2 119 188 -1
15 1 2 119 189 0.46972
15 1 2 119 190 -1
15 1 2 119 191 0.0607833
15 1 3 118 248 0.912446
15 1 3 118 249 -1
15 1 3 118 250 -1
15 1 3 119 248 -1
15 1 3 119 249 0.789988
15 1 3 119 250 0.818087
15 1 4 118 311 0.0674961
15 1 4 118 312 0.290946
15 1 4 118 313 0.328799
15 1 4 119 311 -1
15 1 4 119 312 0.55558
15 1 4 119 313 0.49776
15 2 3 188 248 -1
15 2 3 188 249 -1
15 2 3 188 250 0.572489
15 2 3 189 248 0.89757
15 2 3 189 249 -1
15 2 3 189 250 -1
15 2 3 190 248 -1
15 2 3 190 249 0.8396
15 2 3 190 250 -1
15 2 3 191 248 -1
15 2 3 191 249 -1
15 2 3 191 250 -1
15 2 4 188 311 0.165119
15 2 4 188 312 -1
15 2 4 188 313 -1
15 2 4 189 311 -1
15 2 4 189 312 0.996324
15 2 4 189 313 0.362471
15 2 4 190 311 0.87647
15 2 4 190 312 -1
15 2 4 190 313 -1
15 2 4 191 311 -1
15 2 4 191 312 0.101895
15 2 4 191 313 -1
15 3 4 248 311 -1
15 3 4 248 312 -1
15 3 4 248 313 -1
15 3 4 249 311 0.0355093
15 3 4 249 312 0.827162
15 3 4 249 313 -1
15 3 4 250 311 -1
15 3 4 250 312 -1
15 3 4 250 313 0.917841
16 0 1 54 120 -1
16 0 1 54 121 -1
16 0 1 54 122 -1
16 0 1 55 120 -1
16 0 1 55 121 0.914721
16 0 1 55 122 -1
16 0 1 56 120 -1
16 0 1 56 121 -1
16 0 1 56 122 0.964374
16 0 2 54 192 -1
16 0 2 54 193 -1
16 0 2 55 192 0.884224
16 0 2 55 193 -1
16 0 2 56 192 -1
16 0 2 56 193 0.982488
16 0 3 54 251 -1
16 0 3 54 252 -1
16 0 3 55 251 -1
16 0 3 55 252 -1
16 0 3 56 251 0.486971
16 0 3 56 252 -1
16 0 4 54 314 -1
16 0 4 54 315 -1
16 0 4 54 316 -1
16 0 4 54 317 -1
16 0 4 55 314 -1
16 0 4 55 315 -1
16 0 4 55 316 -1
16 0 4 55 317 0.92131
16 0 4 56 314 -1
16 0 4 56 315 0.917847
16 0 4 56 316 -1
16 0 4 56 317 -1
16 1 2 120 192 -1
16 1 2 120 193 -1
16 1 2 121 192 0.496406
16 1 2 121 193 0.503594
16 1 2 122 192 0.494033
16 1 2 122 193 0.505967
16 1 3 120 251 0.864522
16 1 3 120 252 0.065159
16 1 3 121 251 -1
16 1 3 121 252 -1
16 1 3 122 251 0.610972
16 1 3 122 252 -1
16 1 4 120 314 0.871492
16 1 4 120 315 -1
16 1 4 120 316 -1
16 1 4 120 317 -1
16 1 4 121 314 -1
16 1 4 121 315 0.296153
16 1 4 121 316 -1
16 1 4 121 317 0.911853
16 1 4 122 314 -1
16 1 4 122 315 0.845186
16 1 4 122 316 -1
16 1 4 122 317 0.152606
16 2 3 192 251 -1
16 2 3 192 252 -1
16 2 3 193 251 0.317873
16 2 3 193 252 -1
16 2 4 192 314 -1
16 2 4 192 315 -1
16 2 4 192 316 -1
16 2 4 192 317 0.932761
16 2 4 193 314 -1
16 2 4 193 315 0.804094
16 2 4 193 316 -1
16 2 4 193 317 -1
16 3 4 251 314 0.838469
16 3 4 251 315 0.439323
16 3 4 251 316 -0.891114
16 3 4 251 317 0.613321
16 3 4 252 314 -1
16 3 4 252 315 -1
16 3 4 252 316 0.978998
16 3 4 252 317 -1
17 0 1 57 123 0.0206358
17 0 1 57 124 0.965102
17 0 1 57 125 -1
17 0 1 57 126 -1
17 0 1 58 123 0.479429
17 0 1 58 124 -1
17 0 1 58 125 0.899927
17 0 1 58 126 -1
17 0 1 59 123 0.499935
17 0 1 59 124 -1
17 0 1 59 125 0.603651
17 0 1 59 126 -1
17 0 2 57 194 -1
17 0 2 57 195 -1
17 0 2 57 196 0.647022
17 0 2 57 197 -1
17 0 2 58 194 -1
17 0 2 58 195 0.963654
17 0 2 58 196 -1
17 0 2 58 197 0.0967916
17 0 2 59 194 0.698628
17 0 2 59 195 -1
17 0 2 59 196 -1
17 0 2 59 197 -1
17 0 3 57 253 -1
17 0 3 57 254 -1
17 0 3 57 255 0.780217
17 0 3 58 253 -1
17 0 3 58 254 0.898125
17 0 3 58 255 -1
17 0 3 59 253 0.750446
17 0 3 59 254 -1
17 0 3 59 255 -1
17 0 4 57 318 -1
17 0 4 57 319 0.951427
17 0 4 57 320 0.030223
17 0 4 57 321 -1
17 0 4 58 318 -1
17 0 4 58 319 0.999625
17 0 4 58 320 -1
17 0 4 58 321 -1
17 0 4 59 318 -1
17 0 4 59 319 -1
17 0 4 59 320 -1
17 0 4 59 321 -1
17 1 2 123 194 0.885494
17 1 2 123 195 0.1085
17 1 2 123 196 -1
17 1 2 123 197 -1
17 1 2 124 194 -1
17 1 2 124 195 -1
17 1 2 124 196 0.874774
17 1 2 124 197 0.60412
17 1 2 125 194 -1
17 1 2 125 195 -1
17 1 2 125 196 0.767308
17 1 2 125 197 0.643363
17 1 2 126 194 -1
17 1 2 126 195 0.870806
17 1 2 126 196 -1
17 1 2 126 197 -1
17 1 3 123 253 0.898698
17 1 3 123 254 -1
17 1 3 123 255 -1
17 1 3 124 253 -1
17 1 3 124 254 0.594225
17 1 3 124 255 0.719914
17 1 3 125 253 -1
17 1 3 125 254 0.762738
17 1 3 125 255 0.512833
17 1 3 126 253 -1
17 1 3 126 254 -1
17 1 3 126 255 -1
17 1 4 123 318 0.220738
17 1 4 123 319 -1
17 1 4 123 320 -1
17 1 4 123 321 -1
17 1 4 124 318 -1
17 1 4 124 319 -1
17 1 4 124 320 0.469699
17 1 4 124 321 -1
17 1 4 125 318 -1
17 1 4 125 319 0.626495
17 1 4 125 320 0.167615
17 1 4 125 321 -1
17 1 4 126 318 0.986746
17 1 4 126 319 -1
17 1 4 126 320 -1
17 1 4 126 321 -1
17 2 3 194 253 0.955466
17 2 3 194 254 -1
17 2 3 194 255 -1
17 2 3 195 253 -1
17 2 3 195 254 -1
17 2 3 195 255 0.236209
17 2 3 196 253 -1
17 2 3 196 254 -1
17 2 3 196 255 0.754682
17 2 3 197 253 -1
17 2 3 197 254 0.200371
17 2 3 197 255 -1
17 2 4 194 318 0.688021
17 2 4 194 319 -1
17 2 4 194 320 -1
17 2 4 194 321 -1
17 2 4 195 318 0.854601
17 2 4 195 319 -1
17 2 4 195 320 -1
17 2 4 195 321 -1
17 2 4 196 318 -1
17 2 4 196 319 -1
17 2 4 196 320 0.927808
17 2 4 196 321 -1
17 2 4 197 318 -1
17 2 4 197 319 0.503289
17 2 4 197 320 -1
17 2 4 197 321 -1
17 3 4 253 318 -1
17 3 4 253 319 0.683352
17 3 4 253 320 -1
17 3 4 253 321 -1
17 3 4 254 318 -1
17 3 4 254 319 0.949183
17 3 4 254 320 -1
17 3 4 254 321 -1
17 3 4 255 318 -1
17 3 4 255 319 -1
17 3 4 255 320 0.800423
17 3 4 255 321 0.0196721
18 0 1 60 127 0.351596
18 0 1 60 128 0.978791
18 0 1 60 129 -1
18 0 1 60 130 -1
18 0 1 61 127 0.449361
18 0 1 61 128 0.21237
18 0 1 61 129 -1
18 0 1 61 130 -1
18 0 1 62 127 0.199042
18 0 1 62 128 -1
18 0 1 62 129 -1
18 0 1 62 130 0.67196
18 0 2 60 198 0.491428
18 0 2 60 199 0.967774
18 0 2 60 200 -1
18 0 2 61 198 -1
18 0 2 61 199 -1
18 0 2 61 200 -1
18 0 2 62 198 -1
18 0 2 62 199 -1
18 0 2 62 200 0.0470066
18 0 3 60 256 0.903849
18 0 3 61 256 -1
18 0 3 62 256 -1
18 0 4 60 322 -1
18 0 4 60 323 0.184373
18 0 4 60 324 0.866007
18 0 4 60 325 -1
18 0 4 61 322 -1
18 0 4 61 323 -1
18 0 4 61 324 -1
18 0 4 61 325 0.923806
18 0 4 62 322 -1
18 0 4 62 323 0.636517
18 0 4 62 324 0.245458
18 0 4 62 325 -1
18 1 2 127 198 -1
18 1 2 127 199 -1
18 1 2 127 200 -1
18 1 2 128 198 -1
18 1 2 128 199 0.958738
18 1 2 128 200 -1
18 1 2 129 198 0.898217
18 1 2 129 199 -1
18 1 2 129 200 -1
18 1 2 130 198 -1
18 1 2 130 199 -1
18 1 2 130 200 0.628662
18 1 3 127 256 -1
18 1 3 128 256 0.959384
18 1 3 129 256 -1
18 1 3 130 256 0.2387
18 1 4 127 322 -1
18 1 4 127 323 -1
18 1 4 127 324 -1
18 1 4 127 325 0.576386
18 1 4 128 322 -1
18 1 4 128 323 -1
18 1 4 128 324 0.829472
18 1 4 128 325 -1
18 1 4 129 322 0.762211
18 1 4 129 323 -1
18 1 4 129 324 -1
18 1 4 129 325 -1
18 1 4 130 322 -1
18 1 4 130 323 0.85415
18 1 4 130 324 -1
18 1 4 130 325 -1
18 2 3 198 256 -1
18 2 3 199 256 0.890954
18 2 3 200 256 -1
18 2 4 198 322 0.870417
18 2 4 198 323 -1
18 2 4 198 324 -1
18 2 4 198 325 -1
18 2 4 199 322 -1
18 2 4 199 323 -1
18 2 4 199 324 0.815788
18 2 4 199 325 -1
18 2 4 200 322 -1
18 2 4 200 323 0.904786
18 2 4 200 324 -1
18 2 4 200 325 -1
18 3 4 256 322 -1
18 3 4 256 323 -1
18 3 4 256 324 0.901927
18 3 4 256 325 0.591087
end of Frame 271
