J OverallIdx viewIdx joint种类0-18(jointIdx) 该joint在图中的顺序(candidix) x y score
0 0 0 0 631.014 396.406 0.666622
1 0 0 1 325.229 411.162 0.48222
2 0 1 0 36.5103 191.906 0.482079
3 0 1 1 322.542 206.661 0.773956
4 0 1 2 636.591 210.783 0.918997
5 0 2 0 591.626 394.359 0.66493
6 0 2 1 364.567 413.305 0.483668
7 0 3 0 670.211 396.434 0.6646
8 0 3 1 280.42 406.988 0.416696
9 0 4 0 145.833 77.9973 0.865895
10 0 4 1 619.761 143.311 0.947157
11 0 5 0 372.959 208.739 0.757347
12 0 5 1 577.716 210.82 0.852968
13 0 6 0 269.194 204.527 0.606418
14 0 6 1 145.737 202.44 0.465916
15 0 6 2 687.077 208.773 0.870701
16 0 7 0 586.052 543.997 0.713686
17 0 8 0 701.112 535.59 0.793974
18 0 9 0 56.2212 59.0732 0.750787
19 0 9 1 370.086 139.145 0.863758
20 0 9 2 597.386 139.211 0.183651
21 0 10 0 319.624 134.967 0.160848
22 0 10 1 661.803 134.93 0.848348
23 0 11 0 549.819 299.406 0.879635
24 0 11 1 415.101 314.192 0.638776
25 0 12 0 703.842 297.35 0.8092
26 0 13 0 591.717 666.264 0.821138
27 0 14 0 687.116 651.677 0.81525
28 0 15 0 457.122 329.036 0.609378
29 0 15 1 527.348 379.644 0.906842
30 0 16 0 280.473 261.379 0.170888
31 0 16 1 706.814 379.649 0.877035
32 0 17 0 720.763 700.117 0.704433
33 0 18 0 569.335 706.458 0.755876
34 1 0 0 661.822 375.367 0.434826
35 1 0 1 322.426 381.72 0.676143
36 1 0 2 619.692 396.418 0.719467
37 1 0 3 748.696 430.171 0.624474
38 1 1 0 311.283 196.157 0.76441
39 1 1 1 729.244 210.931 0.818813
40 1 1 2 602.993 234.095 0.747531
41 1 1 3 659.099 242.497 0.655503
42 1 2 0 339.286 383.817 0.651676
43 1 2 1 636.634 394.286 0.623067
44 1 2 2 774.083 430.228 0.605757
45 1 3 0 681.46 369.015 0.417617
46 1 3 1 302.768 381.654 0.623447
47 1 3 2 602.911 396.448 0.66841
48 1 3 3 720.682 430.117 0.556734
49 1 4 0 375.804 143.412 0.890708
50 1 4 1 678.672 196.21 0.8766
51 1 5 0 330.969 196.062 0.808819
52 1 5 1 751.475 213.01 0.842641
53 1 5 2 636.543 240.407 0.912849
54 1 6 0 288.85 198.215 0.668714
55 1 6 1 709.525 210.939 0.729162
56 1 6 2 580.525 234.108 0.815622
57 1 6 3 684.318 240.382 0.681439
58 1 7 0 692.731 466.053 0.309542
59 1 7 1 328.169 520.847 0.744291
60 1 7 2 600.149 527.152 0.703431
61 1 7 3 821.624 577.809 0.793644
62 1 8 0 687.182 466.055 0.52854
63 1 8 1 347.68 514.612 0.722295
64 1 8 2 597.37 529.32 0.802405
65 1 8 3 765.635 567.26 0.81058
66 1 9 0 344.836 139.139 0.856384
67 1 9 1 788.004 143.271 0.884888
68 1 9 2 625.378 189.794 0.88576
69 1 10 0 569.357 191.786 0.932085
70 1 11 0 364.558 295.256 0.766113
71 1 11 1 672.995 316.326 0.826991
72 1 11 2 816.126 328.88 0.883286
73 1 12 0 779.591 314.211 0.229174
74 1 12 1 594.366 324.739 0.887529
75 1 13 0 664.715 550.434 0.169872
76 1 13 1 597.38 632.623 0.832181
77 1 13 2 297.189 666.405 0.766125
78 1 13 3 726.343 697.944 0.725253
79 1 14 0 664.706 552.452 0.474757
80 1 14 1 347.821 628.396 0.818864
81 1 14 2 661.923 632.536 0.803343
82 1 14 3 760.008 706.43 0.573584
83 1 15 0 891.758 278.282 0.789176
84 1 15 1 395.477 324.723 0.713523
85 1 15 2 630.979 364.854 0.759642
86 1 16 0 572.051 388.016 0.828934
87 1 17 0 706.635 579.812 0.441202
88 1 17 1 392.526 617.804 0.562259
89 1 17 2 616.925 657.893 0.788128
90 1 17 3 782.412 735.982 0.398692
91 1 18 0 549.681 636.852 0.801964
92 1 18 1 347.826 683.144 0.695517
93 1 18 2 745.97 735.969 0.35671
94 2 0 0 816.117 183.473 0.259232
95 2 0 1 479.47 236.183 0.632374
96 2 0 2 644.971 379.557 0.393518
97 2 0 3 933.774 449.162 0.73431
98 2 0 4 532.912 548.262 0.647796
99 2 1 0 476.707 94.942 0.731082
100 2 1 1 824.453 141.3 0.173671
101 2 1 2 659.051 227.64 0.819792
102 2 1 3 975.759 295.209 0.890058
103 2 1 4 552.577 362.77 0.875059
104 2 2 0 818.901 183.501 0.219575
105 2 2 1 465.484 242.533 0.70375
106 2 2 2 619.816 379.559 0.286335
107 2 2 3 975.796 455.485 0.695409
108 2 2 4 583.278 550.401 0.563499
109 2 3 0 813.244 181.399 0.247383
110 2 3 1 487.911 229.916 0.563457
111 2 3 2 661.751 381.72 0.515596
112 2 3 3 894.567 444.974 0.675642
113 2 3 4 487.938 546.097 0.6407
114 2 4 0 530.015 52.6712 0.869884
115 2 4 1 588.932 162.375 0.58621
116 2 5 0 459.973 107.512 0.818929
117 2 5 1 633.807 210.936 0.66236
118 2 5 2 1029.21 309.986 0.746499
119 2 5 3 639.452 364.866 0.846285
120 2 6 0 485.187 90.6446 0.643026
121 2 6 1 818.877 137.045 0.180157
122 2 6 2 684.154 242.486 0.844413
123 2 6 3 911.517 278.454 0.839343
124 2 6 4 476.655 358.499 0.812986
125 2 7 0 796.27 212.944 0.229421
126 2 7 1 479.46 331.075 0.659007
127 2 7 2 970.233 541.943 0.783913
128 2 7 3 569.173 670.545 0.770454
129 2 8 0 793.518 210.961 0.294918
130 2 8 1 496.415 318.392 0.425107
131 2 8 2 636.586 478.705 0.422948
132 2 8 3 883.322 531.354 0.895373
133 2 8 4 476.688 605.214 0.771627
134 2 9 0 487.953 44.3125 0.880603
135 2 9 1 1029.21 229.817 0.370997
136 2 9 2 616.817 261.423 0.776029
137 2 10 0 617.023 160.232 0.942121
138 2 10 1 961.923 212.984 0.684066
139 2 10 2 524.29 259.406 0.729917
140 2 11 0 440.408 196.135 0.879355
141 2 11 1 1029.21 392.187 0.375114
142 2 11 2 647.816 476.518 0.69982
143 2 12 0 835.705 316.311 0.840915
144 2 12 1 706.745 339.521 0.882881
145 2 12 2 437.602 472.334 0.83696
146 2 13 0 796.486 257.251 0.207721
147 2 13 1 468.33 413.326 0.289557
148 2 13 2 956.31 651.606 0.744925
149 2 13 3 552.443 765.498 0.531144
150 2 14 0 796.585 259.364 0.302291
151 2 14 1 661.901 550.379 0.17624
152 2 14 2 872.113 615.72 0.84108
153 2 14 3 460.065 700.11 0.841505
154 2 15 0 482.452 261.593 0.958701
155 2 15 1 675.826 541.945 0.6075
156 2 16 0 507.653 221.418 0.283928
157 2 16 1 863.596 261.386 0.758418
158 2 16 2 653.386 398.599 0.8018
159 2 17 0 852.559 594.635 0.592898
160 2 17 1 454.244 683.176 0.454434
161 2 18 0 947.8 668.458 0.515003
162 3 0 0 260.79 347.951 0.727298
163 3 0 1 563.711 356.346 0.726709
164 3 0 2 757.143 375.374 0.615448
165 3 1 0 771.255 164.448 0.764897
166 3 1 1 252.303 181.339 0.806355
167 3 1 2 552.447 196.093 0.906137
168 3 2 0 280.54 348 0.716275
169 3 2 1 530.023 356.335 0.749236
170 3 2 2 790.816 371.122 0.579838
171 3 3 0 238.485 345.897 0.683595
172 3 3 1 594.439 356.332 0.74963
173 3 3 2 729.136 379.515 0.622628
174 3 4 0 314.073 128.647 0.792887
175 3 4 1 499.202 158.163 0.875547
176 3 5 0 802.029 162.344 0.697626
177 3 5 1 277.525 183.42 0.793244
178 3 5 2 504.905 198.264 0.8713
179 3 6 0 737.576 166.565 0.695692
180 3 6 1 224.301 179.297 0.758647
181 3 6 2 597.38 193.971 0.875605
182 3 7 0 302.735 472.335 0.77955
183 3 7 1 549.723 476.57 0.792717
184 3 7 2 785.209 527.155 0.588886
185 3 8 0 260.76 461.819 0.819461
186 3 8 1 594.497 466.097 0.793186
187 3 8 2 653.361 516.708 0.768476
188 3 9 0 283.186 124.445 0.89414
189 3 10 0 712.311 92.6715 0.837979
190 3 10 1 535.66 139.166 0.848105
191 3 11 0 684.294 248.802 0.305911
192 3 11 1 504.742 274.121 0.894809
193 3 11 2 288.891 278.261 0.864976
194 3 12 0 636.628 276.236 0.88279
195 3 12 1 723.511 295.185 0.692915
196 3 13 0 569.216 581.924 0.848319
197 3 13 1 302.876 598.775 0.84042
198 3 13 2 802.044 679.027 0.683705
199 3 14 0 238.309 567.31 0.757322
200 3 14 1 594.455 571.44 0.738159
201 3 14 2 656.241 676.878 0.718564
202 3 15 0 656.209 227.756 0.517258
203 3 15 1 504.626 326.835 0.900064
204 3 15 2 344.951 339.475 0.865046
205 3 16 0 664.638 328.943 0.73693
206 3 16 1 614.057 347.904 0.791917
207 3 17 0 594.546 594.677 0.229347
208 3 17 1 591.723 670.617 0.644408
209 3 18 0 367.274 598.812 0.810266
210 3 18 1 552.553 615.739 0.868316
211 3 18 2 757.17 676.899 0.632507
212 4 0 0 872.168 263.547 0.759099
213 4 0 1 636.652 284.665 0.70436
214 4 0 2 504.892 335.275 0.579322
215 4 1 0 897.354 109.702 0.852048
216 4 1 1 499.198 118.11 0.821661
217 4 1 2 630.946 143.293 0.787544
218 4 2 0 846.901 261.509 0.749085
219 4 2 1 614.19 282.616 0.686591
220 4 2 2 549.645 333.207 0.605009
221 4 3 0 900.174 263.641 0.724955
222 4 3 1 661.671 284.649 0.694874
223 4 3 2 462.727 335.26 0.556228
224 4 4 0 860.847 46.3661 0.883736
225 4 4 1 546.805 90.6539 0.511202
226 4 4 2 639.251 92.8437 0.948669
227 4 5 0 860.827 109.604 0.851514
228 4 5 1 552.555 118.099 0.810407
229 4 5 2 591.763 143.333 0.769953
230 4 6 0 434.736 115.958 0.83213
231 4 6 1 933.897 111.708 0.860654
232 4 6 2 572.191 126.483 0.189136
233 4 6 3 664.594 141.245 0.743861
234 4 7 0 863.822 379.642 0.822231
235 4 7 1 630.944 411.23 0.789178
236 4 7 2 546.874 508.193 0.779497
237 4 8 0 874.91 379.564 0.80697
238 4 8 1 642.199 411.217 0.855088
239 4 8 2 420.681 495.568 0.764914
240 4 9 0 521.607 44.3513 0.708833
241 4 9 1 614.051 73.8363 0.752602
242 4 10 0 454.31 44.2964 0.796225
243 4 10 1 908.483 46.3991 0.863378
244 4 10 2 664.584 78.0322 0.66296
245 4 10 3 574.838 84.3613 0.725643
246 4 11 0 841.394 177.053 0.420115
247 4 11 1 588.887 227.824 0.785504
248 4 12 0 956.232 194.107 0.906038
249 4 12 1 661.77 215.123 0.265363
250 4 12 2 434.74 234.058 0.834988
251 4 13 0 886.283 480.817 0.758112
252 4 13 1 628.127 514.452 0.783451
253 4 13 2 549.734 638.92 0.794543
254 4 14 0 580.549 480.831 0.73813
255 4 14 1 880.483 497.727 0.651182
256 4 14 2 454.306 649.496 0.769885
257 4 15 0 824.479 208.755 0.521132
258 4 15 1 577.771 303.638 0.70246
259 4 16 0 886.255 234.049 0.856712
260 4 16 1 667.47 276.209 0.398137
261 4 16 2 409.41 329.051 0.852343
262 4 17 0 597.452 514.452 0.408996
263 4 17 1 855.332 527.151 0.5719
264 4 17 2 401.005 662.134 0.577064
265 4 18 0 855.289 503.965 0.217235
266 4 18 1 681.354 537.71 0.783009
267 4 18 2 552.46 632.611 0.534159
P viewIdx, pafIdx, aOverAllIdx, bOverAllIdx, CandidAIdx, CandidBIdx, score
0 0 2 0 0 0 0
0 0 2 1 0 1 0
0 0 3 0 1 0 0
0 0 3 1 1 1 0.963844
0 0 4 0 2 0 0.980517
0 0 4 1 2 1 0
0 1 5 16 0 0 0.987087
0 1 6 16 1 0 0
0 2 16 26 0 0 0.991491
0 3 0 5 0 0 0.913816
0 3 0 6 0 1 0
0 3 1 5 1 0 0
0 3 1 6 1 1 0.87888
0 4 0 7 0 0 0.913898
0 4 0 8 0 1 0
0 4 1 7 1 0 0
0 4 1 8 1 1 0.874492
0 5 7 17 0 0 0.99281
0 5 8 17 1 0 0
0 6 17 27 0 0 0.977114
0 7 2 11 0 0 0
0 7 2 12 0 1 0
0 7 3 11 1 0 0.974608
0 7 3 12 1 1 0
0 7 4 11 2 0 0
0 7 4 12 2 1 0.991815
0 8 11 23 0 0 0
0 8 11 24 0 1 0.958868
0 8 12 23 1 0 0.968086
0 8 12 24 1 1 0
0 9 23 28 0 0 0
0 9 23 29 0 1 0.97759
0 9 24 28 1 0 0.875189
0 9 24 29 1 1 0
0 10 11 18 0 0 0
0 10 11 19 0 1 0.984827
0 10 11 20 0 2 0
0 10 12 18 1 0 0
0 10 12 19 1 1 0
0 10 12 20 1 2 0.709157
0 11 2 13 0 0 0
0 11 2 14 0 1 0.912727
0 11 2 15 0 2 0
0 11 3 13 1 0 0.968975
0 11 3 14 1 1 0
0 11 3 15 1 2 0
0 11 4 13 2 0 0
0 11 4 14 2 1 0
0 11 4 15 2 2 0.998354
0 12 13 25 0 0 0
0 12 14 25 1 0 0
0 12 15 25 2 0 0.992161
0 13 25 30 0 0 0
0 13 25 31 0 1 0.99869
0 14 13 21 0 0 0.639508
0 14 13 22 0 1 0
0 14 14 21 1 0 0
0 14 14 22 1 1 0
0 14 15 21 2 0 0
0 14 15 22 2 1 0.998888
0 15 2 9 0 0 0.92394
0 15 2 10 0 1 0
0 15 3 9 1 0 0
0 15 3 10 1 1 0
0 15 4 9 2 0 0
0 15 4 10 2 1 0.999316
0 16 27 32 0 0 0.992755
0 17 26 33 0 0 0.959308
1 0 38 34 0 0 0
1 0 38 35 0 1 0.979457
1 0 38 36 0 2 0
1 0 38 37 0 3 0
1 0 39 34 1 0 0.119328
1 0 39 35 1 1 0
1 0 39 36 1 2 0.119415
1 0 39 37 1 3 0.139499
1 0 40 34 2 0 0.131079
1 0 40 35 2 1 0
1 0 40 36 2 2 0.128202
1 0 40 37 2 3 0.118845
1 0 41 34 3 0 0.127458
1 0 41 35 3 1 0
1 0 41 36 3 2 0.130402
1 0 41 37 3 3 0.120182
1 1 42 58 0 0 0
1 1 42 59 0 1 0.961139
1 1 42 60 0 2 0
1 1 42 61 0 3 0
1 1 43 58 1 0 0.454616
1 1 43 59 1 1 0
1 1 43 60 1 2 0.545384
1 1 43 61 1 3 0
1 1 44 58 2 0 0
1 1 44 59 2 1 0
1 1 44 60 2 2 0
1 1 44 61 2 3 0.962464
1 2 58 75 0 0 0.473611
1 2 58 76 0 1 0.286609
1 2 58 77 0 2 0
1 2 58 78 0 3 0
1 2 59 75 1 0 0
1 2 59 76 1 1 0
1 2 59 77 1 2 0.982471
1 2 59 78 1 3 0
1 2 60 75 2 0 0
1 2 60 76 2 1 0.536539
1 2 60 77 2 2 0
1 2 60 78 2 3 0
1 2 61 75 3 0 0
1 2 61 76 3 1 0
1 2 61 77 3 2 0
1 2 61 78 3 3 0.967977
1 3 34 42 0 0 0
1 3 34 43 0 1 0
1 3 34 44 0 2 0
1 3 35 42 1 0 0.909506
1 3 35 43 1 1 0
1 3 35 44 1 2 0
1 3 36 42 2 0 0
1 3 36 43 2 1 0.85916
1 3 36 44 2 2 0
1 3 37 42 3 0 0
1 3 37 43 3 1 0
1 3 37 44 3 2 0.899593
1 4 34 45 0 0 0.685572
1 4 34 46 0 1 0
1 4 34 47 0 2 0
1 4 34 48 0 3 0
1 4 35 45 1 0 0
1 4 35 46 1 1 0.915721
1 4 35 47 1 2 0
1 4 35 48 1 3 0
1 4 36 45 2 0 0
1 4 36 46 2 1 0
1 4 36 47 2 2 0.522441
1 4 36 48 2 3 0
1 4 37 45 3 0 0
1 4 37 46 3 1 0
1 4 37 47 3 2 0.275821
1 4 37 48 3 3 0.523783
1 5 45 62 0 0 0.271371
1 5 45 63 0 1 0
1 5 45 64 0 2 0
1 5 45 65 0 3 0.269569
1 5 46 62 1 0 0
1 5 46 63 1 1 0.952111
1 5 46 64 1 2 0
1 5 46 65 1 3 0
1 5 47 62 2 0 0
1 5 47 63 2 1 0
1 5 47 64 2 2 0.970577
1 5 47 65 2 3 0
1 5 48 62 3 0 0.269512
1 5 48 63 3 1 0
1 5 48 64 3 2 0
1 5 48 65 3 3 0.271253
1 6 62 79 0 0 0.284546
1 6 62 80 0 1 0
1 6 62 81 0 2 0.269974
1 6 62 82 0 3 0
1 6 63 79 1 0 0
1 6 63 80 1 1 0.989832
1 6 63 81 1 2 0
1 6 63 82 1 3 0
1 6 64 79 2 0 0.269855
1 6 64 80 2 1 0
1 6 64 81 2 2 0.283402
1 6 64 82 2 3 0
1 6 65 79 3 0 0
1 6 65 80 3 1 0
1 6 65 81 3 2 0
1 6 65 82 3 3 0.985406
1 7 38 51 0 0 0.952959
1 7 38 52 0 1 0
1 7 38 53 0 2 0
1 7 39 51 1 0 0
1 7 39 52 1 1 0.961288
1 7 39 53 1 2 0
1 7 40 51 2 0 0
1 7 40 52 2 1 0
1 7 40 53 2 2 0.904195
1 7 41 51 3 0 0
1 7 41 52 3 1 0
1 7 41 53 3 2 0
1 8 51 70 0 0 0.988054
1 8 51 71 0 1 0
1 8 51 72 0 2 0
1 8 52 70 1 0 0
1 8 52 71 1 1 0
1 8 52 72 1 2 0.997637
1 8 53 70 2 0 0
1 8 53 71 2 1 0.994272
1 8 53 72 2 2 0
1 9 70 83 0 0 0
1 9 70 84 0 1 0.983007
1 9 70 85 0 2 0
1 9 71 83 1 0 0
1 9 71 84 1 1 0
1 9 71 85 1 2 0.939197
1 9 72 83 2 0 0.966936
1 9 72 84 2 1 0
1 9 72 85 2 2 0
1 10 51 66 0 0 0.96919
1 10 51 67 0 1 0
1 10 51 68 0 2 0
1 10 52 66 1 0 0
1 10 52 67 1 1 0.986926
1 10 52 68 1 2 0
1 10 53 66 2 0 0
1 10 53 67 2 1 0
1 10 53 68 2 2 0.984758
1 11 38 54 0 0 0.942003
1 11 38 55 0 1 0
1 11 38 56 0 2 0
1 11 38 57 0 3 0
1 11 39 54 1 0 0
1 11 39 55 1 1 0.953375
1 11 39 56 1 2 0
1 11 39 57 1 3 0
1 11 40 54 2 0 0
1 11 40 55 2 1 0
1 11 40 56 2 2 0.999841
1 11 40 57 2 3 0
1 11 41 54 3 0 0
1 11 41 55 3 1 0
1 11 41 56 3 2 0
1 11 41 57 3 3 0.937394
1 12 54 73 0 0 0
1 12 54 74 0 1 0
1 12 55 73 1 0 0.531587
1 12 55 74 1 1 0
1 12 56 73 2 0 0
1 12 56 74 2 1 0.988217
1 12 57 73 3 0 0.468413
1 12 57 74 3 1 0
1 13 73 86 0 0 0
1 13 74 86 1 0 0.987603
1 14 54 69 0 0 0
1 14 55 69 1 0 0
1 14 56 69 2 0 0.995997
1 14 57 69 3 0 0
1 15 38 49 0 0 0.929436
1 15 38 50 0 1 0
1 15 39 49 1 0 0
1 15 39 50 1 1 0
1 15 40 49 2 0 0
1 15 40 50 2 1 0
1 15 41 49 3 0 0
1 15 41 50 3 1 0.967879
1 16 79 87 0 0 0.810732
1 16 79 88 0 1 0
1 16 79 89 0 2 0
1 16 79 90 0 3 0
1 16 80 87 1 0 0
1 16 80 88 1 1 0.912414
1 16 80 89 1 2 0
1 16 80 90 1 3 0
1 16 81 87 2 0 0
1 16 81 88 2 1 0
1 16 81 89 2 2 0.940603
1 16 81 90 2 3 0
1 16 82 87 3 0 0
1 16 82 88 3 1 0
1 16 82 89 3 2 0
1 16 82 90 3 3 0.8827
1 17 75 91 0 0 0
1 17 75 92 0 1 0
1 17 75 93 0 2 0
1 17 76 91 1 0 0.953165
1 17 76 92 1 1 0
1 17 76 93 1 2 0
1 17 77 91 2 0 0
1 17 77 92 2 1 0.955376
1 17 77 93 2 2 0
1 17 78 91 3 0 0
1 17 78 92 3 1 0
1 17 78 93 3 2 0.840548
2 0 99 94 0 0 0
2 0 99 95 0 1 0.946819
2 0 99 96 0 2 0
2 0 99 97 0 3 0
2 0 99 98 0 4 0
2 0 100 94 1 0 0.750939
2 0 100 95 1 1 0
2 0 100 96 1 2 0
2 0 100 97 1 3 0
2 0 100 98 1 4 0
2 0 101 94 2 0 0
2 0 101 95 2 1 0
2 0 101 96 2 2 0.947058
2 0 101 97 2 3 0
2 0 101 98 2 4 0
2 0 102 94 3 0 0
2 0 102 95 3 1 0
2 0 102 96 3 2 0
2 0 102 97 3 3 0.980369
2 0 102 98 3 4 0
2 0 103 94 4 0 0
2 0 103 95 4 1 0
2 0 103 96 4 2 0
2 0 103 97 4 3 0
2 0 103 98 4 4 0.9502
2 1 104 125 0 0 0.729879
2 1 104 126 0 1 0
2 1 104 127 0 2 0
2 1 104 128 0 3 0
2 1 105 125 1 0 0
2 1 105 126 1 1 0.959691
2 1 105 127 1 2 0
2 1 105 128 1 3 0
2 1 106 125 2 0 0
2 1 106 126 2 1 0
2 1 106 127 2 2 0
2 1 106 128 2 3 0
2 1 107 125 3 0 0
2 1 107 126 3 1 0
2 1 107 127 3 2 0.990545
2 1 107 128 3 3 0
2 1 108 125 4 0 0
2 1 108 126 4 1 0
2 1 108 127 4 2 0
2 1 108 128 4 3 0.984476
2 2 125 146 0 0 0.760897
2 2 125 147 0 1 0
2 2 125 148 0 2 0
2 2 125 149 0 3 0
2 2 126 146 1 0 0
2 2 126 147 1 1 0.875542
2 2 126 148 1 2 0
2 2 126 149 1 3 0
2 2 127 146 2 0 0
2 2 127 147 2 1 0
2 2 127 148 2 2 0.98969
2 2 127 149 2 3 0
2 2 128 146 3 0 0
2 2 128 147 3 1 0
2 2 128 148 3 2 0
2 2 128 149 3 3 0.993041
2 3 94 104 0 0 0.553873
2 3 94 105 0 1 0
2 3 94 106 0 2 0
2 3 94 107 0 3 0
2 3 94 108 0 4 0
2 3 95 104 1 0 0
2 3 95 105 1 1 0.879926
2 3 95 106 1 2 0
2 3 95 107 1 3 0
2 3 95 108 1 4 0
2 3 96 104 2 0 0
2 3 96 105 2 1 0
2 3 96 106 2 2 0.705793
2 3 96 107 2 3 0
2 3 96 108 2 4 0
2 3 97 104 3 0 0
2 3 97 105 3 1 0
2 3 97 106 3 2 0
2 3 97 107 3 3 0.932989
2 3 97 108 3 4 0
2 3 98 104 4 0 0
2 3 98 105 4 1 0
2 3 98 106 4 2 0
2 3 98 107 4 3 0
2 3 98 108 4 4 0.900635
2 4 94 109 0 0 0.567063
2 4 94 110 0 1 0
2 4 94 111 0 2 0
2 4 94 112 0 3 0
2 4 94 113 0 4 0
2 4 95 109 1 0 0
2 4 95 110 1 1 0.842524
2 4 95 111 1 2 0
2 4 95 112 1 3 0
2 4 95 113 1 4 0
2 4 96 109 2 0 0
2 4 96 110 2 1 0
2 4 96 111 2 2 0.718089
2 4 96 112 2 3 0
2 4 96 113 2 4 0
2 4 97 109 3 0 0
2 4 97 110 3 1 0
2 4 97 111 3 2 0
2 4 97 112 3 3 0.946642
2 4 97 113 3 4 0
2 4 98 109 4 0 0
2 4 98 110 4 1 0
2 4 98 111 4 2 0
2 4 98 112 4 3 0
2 4 98 113 4 4 0.92442
2 5 109 129 0 0 0.779393
2 5 109 130 0 1 0
2 5 109 131 0 2 0
2 5 109 132 0 3 0
2 5 109 133 0 4 0
2 5 110 129 1 0 0
2 5 110 130 1 1 0.88484
2 5 110 131 1 2 0
2 5 110 132 1 3 0
2 5 110 133 1 4 0
2 5 111 129 2 0 0
2 5 111 130 2 1 0
2 5 111 131 2 2 0.905915
2 5 111 132 2 3 0
2 5 111 133 2 4 0
2 5 112 129 3 0 0
2 5 112 130 3 1 0
2 5 112 131 3 2 0
2 5 112 132 3 3 0.985094
2 5 112 133 3 4 0
2 5 113 129 4 0 0
2 5 113 130 4 1 0
2 5 113 131 4 2 0
2 5 113 132 4 3 0
2 5 113 133 4 4 0.981613
2 6 129 150 0 0 0.815884
2 6 129 151 0 1 0
2 6 129 152 0 2 0
2 6 129 153 0 3 0
2 6 130 150 1 0 0
2 6 130 151 1 1 0
2 6 130 152 1 2 0
2 6 130 153 1 3 0
2 6 131 150 2 0 0
2 6 131 151 2 1 0.786348
2 6 131 152 2 2 0
2 6 131 153 2 3 0
2 6 132 150 3 0 0
2 6 132 151 3 1 0
2 6 132 152 3 2 0.979257
2 6 132 153 3 3 0
2 6 133 150 4 0 0
2 6 133 151 4 1 0
2 6 133 152 4 2 0
2 6 133 153 4 3 0.991147
2 7 99 116 0 0 0.943664
2 7 99 117 0 1 0
2 7 99 118 0 2 0
2 7 99 119 0 3 0
2 7 100 116 1 0 0
2 7 100 117 1 1 0
2 7 100 118 1 2 0
2 7 100 119 1 3 0
2 7 101 116 2 0 0
2 7 101 117 2 1 0.97785
2 7 101 118 2 2 0
2 7 101 119 2 3 0
2 7 102 116 3 0 0
2 7 102 117 3 1 0
2 7 102 118 3 2 0.993536
2 7 102 119 3 3 0
2 7 103 116 4 0 0
2 7 103 117 4 1 0
2 7 103 118 4 2 0
2 7 103 119 4 3 0.987691
2 8 116 140 0 0 0.960762
2 8 116 141 0 1 0
2 8 116 142 0 2 0
2 8 117 140 1 0 0
2 8 117 141 1 1 0
2 8 117 142 1 2 0.477035
2 8 118 140 2 0 0
2 8 118 141 2 1 0.840002
2 8 118 142 2 2 0
2 8 119 140 3 0 0
2 8 119 141 3 1 0
2 8 119 142 3 2 0.522965
2 9 140 154 0 0 0.994169
2 9 140 155 0 1 0
2 9 141 154 1 0 0
2 9 141 155 1 1 0
2 9 142 154 2 0 0
2 9 142 155 2 1 0.942219
2 10 116 134 0 0 0.970229
2 10 116 135 0 1 0
2 10 116 136 0 2 0
2 10 117 134 1 0 0
2 10 117 135 1 1 0
2 10 117 136 1 2 0
2 10 118 134 2 0 0
2 10 118 135 2 1 0.827665
2 10 118 136 2 2 0
2 10 119 134 3 0 0
2 10 119 135 3 1 0
2 10 119 136 3 2 0.978186
2 11 99 120 0 0 0.9286
2 11 99 121 0 1 0
2 11 99 122 0 2 0
2 11 99 123 0 3 0
2 11 99 124 0 4 0
2 11 100 120 1 0 0
2 11 100 121 1 1 0.589481
2 11 100 122 1 2 0
2 11 100 123 1 3 0
2 11 100 124 1 4 0
2 11 101 120 2 0 0
2 11 101 121 2 1 0
2 11 101 122 2 2 0.993854
2 11 101 123 2 3 0
2 11 101 124 2 4 0
2 11 102 120 3 0 0
2 11 102 121 3 1 0
2 11 102 122 3 2 0
2 11 102 123 3 3 0.996463
2 11 102 124 3 4 0
2 11 103 120 4 0 0
2 11 103 121 4 1 0
2 11 103 122 4 2 0
2 11 103 123 4 3 0
2 11 103 124 4 4 0.989832
2 12 120 143 0 0 0
2 12 120 144 0 1 0
2 12 120 145 0 2 0
2 12 121 143 1 0 0
2 12 121 144 1 1 0
2 12 121 145 1 2 0
2 12 122 143 2 0 0
2 12 122 144 2 1 0.998334
2 12 122 145 2 2 0
2 12 123 143 3 0 0.958463
2 12 123 144 3 1 0
2 12 123 145 3 2 0
2 12 124 143 4 0 0
2 12 124 144 4 1 0
2 12 124 145 4 2 0.970974
2 13 143 156 0 0 0
2 13 143 157 0 1 0.987919
2 13 143 158 0 2 0
2 13 144 156 1 0 0
2 13 144 157 1 1 0
2 13 144 158 1 2 0.962766
2 13 145 156 2 0 0
2 13 145 157 2 1 0
2 13 145 158 2 2 0
2 14 120 137 0 0 0
2 14 120 138 0 1 0
2 14 120 139 0 2 0
2 14 121 137 1 0 0
2 14 121 138 1 1 0
2 14 121 139 1 2 0
2 14 122 137 2 0 0.999913
2 14 122 138 2 1 0
2 14 122 139 2 2 0
2 14 123 137 3 0 0
2 14 123 138 3 1 0.920872
2 14 123 139 3 2 0
2 14 124 137 4 0 0
2 14 124 138 4 1 0
2 14 124 139 4 2 0.940126
2 15 99 114 0 0 0.939713
2 15 99 115 0 1 0
2 15 100 114 1 0 0
2 15 100 115 1 1 0
2 15 101 114 2 0 0
2 15 101 115 2 1 0.924208
2 15 102 114 3 0 0
2 15 102 115 3 1 0
2 15 103 114 4 0 0
2 15 103 115 4 1 0
2 16 150 159 0 0 0
2 16 150 160 0 1 0
2 16 151 159 1 0 0
2 16 151 160 1 1 0
2 16 152 159 2 0 0.901699
2 16 152 160 2 1 0
2 16 153 159 3 0 0
2 16 153 160 3 1 0.814478
2 17 146 161 0 0 0
2 17 147 161 1 0 0
2 17 148 161 2 0 0.746051
2 17 149 161 3 0 0
3 0 165 162 0 0 0
3 0 165 163 0 1 0
3 0 165 164 0 2 0.962703
3 0 166 162 1 0 0.984972
3 0 166 163 1 1 0
3 0 166 164 1 2 0
3 0 167 162 2 0 0
3 0 167 163 2 1 0.998927
3 0 167 164 2 2 0
3 1 168 182 0 0 0.978618
3 1 168 183 0 1 0
3 1 168 184 0 2 0
3 1 169 182 1 0 0
3 1 169 183 1 1 0.980437
3 1 169 184 1 2 0
3 1 170 182 2 0 0
3 1 170 183 2 1 0
3 1 170 184 2 2 0.972052
3 2 182 196 0 0 0
3 2 182 197 0 1 0.998641
3 2 182 198 0 2 0
3 2 183 196 1 0 0.99801
3 2 183 197 1 1 0
3 2 183 198 1 2 0
3 2 184 196 2 0 0
3 2 184 197 2 1 0
3 2 184 198 2 2 0.978267
3 3 162 168 0 0 0.922212
3 3 162 169 0 1 0
3 3 162 170 0 2 0
3 3 163 168 1 0 0
3 3 163 169 1 1 0.947327
3 3 163 170 1 2 0
3 3 164 168 2 0 0
3 3 164 169 2 1 0
3 3 164 170 2 2 0.895129
3 4 162 171 0 0 0.933532
3 4 162 172 0 1 0
3 4 162 173 0 2 0
3 4 163 171 1 0 0
3 4 163 172 1 1 0.948065
3 4 163 173 1 2 0
3 4 164 171 2 0 0
3 4 164 172 2 1 0
3 4 164 173 2 2 0.900281
3 5 171 185 0 0 0.972925
3 5 171 186 0 1 0
3 5 171 187 0 2 0
3 5 172 185 1 0 0
3 5 172 186 1 1 0.997532
3 5 172 187 1 2 0
3 5 173 185 2 0 0
3 5 173 186 2 1 0
3 5 173 187 2 2 0.962459
3 6 185 199 0 0 0.968085
3 6 185 200 0 1 0
3 6 185 201 0 2 0
3 6 186 199 1 0 0
3 6 186 200 1 1 0.281569
3 6 186 201 1 2 0.253567
3 6 187 199 2 0 0
3 6 187 200 2 1 0.253297
3 6 187 201 2 2 0.28183
3 7 165 176 0 0 0.954373
3 7 165 177 0 1 0
3 7 165 178 0 2 0
3 7 166 176 1 0 0
3 7 166 177 1 1 0.980236
3 7 166 178 1 2 0
3 7 167 176 2 0 0
3 7 167 177 2 1 0
3 7 167 178 2 2 0.990032
3 8 176 191 0 0 0.816914
3 8 176 192 0 1 0
3 8 176 193 0 2 0
3 8 177 191 1 0 0
3 8 177 192 1 1 0
3 8 177 193 1 2 0.996347
3 8 178 191 2 0 0
3 8 178 192 2 1 0.999864
3 8 178 193 2 2 0
3 9 191 202 0 0 0.87242
3 9 191 203 0 1 0
3 9 191 204 0 2 0
3 9 192 202 1 0 0
3 9 192 203 1 1 0.998206
3 9 192 204 1 2 0
3 9 193 202 2 0 0
3 9 193 203 2 1 0
3 9 193 204 2 2 0.989834
3 10 176 188 0 0 0
3 10 177 188 1 0 0.984886
3 10 178 188 2 0 0
3 11 165 179 0 0 0.949123
3 11 165 180 0 1 0
3 11 165 181 0 2 0
3 11 166 179 1 0 0
3 11 166 180 1 1 0.975495
3 11 166 181 1 2 0
3 11 167 179 2 0 0
3 11 167 180 2 1 0
3 11 167 181 2 2 0.997011
3 12 179 194 0 0 0
3 12 179 195 0 1 0.957573
3 12 180 194 1 0 0
3 12 180 195 1 1 0
3 12 181 194 2 0 0.998846
3 12 181 195 2 1 0
3 13 194 205 0 0 0.255423
3 13 194 206 0 1 0.278817
3 13 195 205 1 0 0.279185
3 13 195 206 1 1 0.256623
3 14 179 189 0 0 0.975179
3 14 179 190 0 1 0
3 14 180 189 1 0 0
3 14 180 190 1 1 0
3 14 181 189 2 0 0
3 14 181 190 2 1 0.987709
3 15 165 174 0 0 0
3 15 165 175 0 1 0
3 15 166 174 1 0 0.93775
3 15 166 175 1 1 0
3 15 167 174 2 0 0
3 15 167 175 2 1 0.995597
3 16 199 207 0 0 0
3 16 199 208 0 1 0
3 16 200 207 1 0 0.874986
3 16 200 208 1 1 0
3 16 201 207 2 0 0
3 16 201 208 2 1 0.960255
3 17 196 209 0 0 0
3 17 196 210 0 1 0.970867
3 17 196 211 0 2 0
3 17 197 209 1 0 0.986027
3 17 197 210 1 1 0
3 17 197 211 1 2 0
3 17 198 209 2 0 0
3 17 198 210 2 1 0
3 17 198 211 2 2 0.929972
4 0 215 212 0 0 0.97529
4 0 215 213 0 1 0
4 0 215 214 0 2 0
4 0 216 212 1 0 0
4 0 216 213 1 1 0
4 0 216 214 1 2 0.984085
4 0 217 212 2 0 0
4 0 217 213 2 1 0.972949
4 0 217 214 2 2 0
4 1 218 234 0 0 0.976985
4 1 218 235 0 1 0
4 1 218 236 0 2 0
4 1 219 234 1 0 0
4 1 219 235 1 1 0.286591
4 1 219 236 1 2 0.25224
4 1 220 234 2 0 0
4 1 220 235 2 1 0.251907
4 1 220 236 2 2 0.286674
4 2 234 251 0 0 0.985803
4 2 234 252 0 1 0
4 2 234 253 0 2 0
4 2 235 251 1 0 0
4 2 235 252 1 1 0.990732
4 2 235 253 1 2 0
4 2 236 251 2 0 0
4 2 236 252 2 1 0
4 2 236 253 2 2 0.992166
4 3 212 218 0 0 0.959856
4 3 212 219 0 1 0
4 3 212 220 0 2 0
4 3 213 218 1 0 0
4 3 213 219 1 1 0.93252
4 3 213 220 1 2 0
4 3 214 218 2 0 0
4 3 214 219 2 1 0
4 3 214 220 2 2 0.866887
4 4 212 221 0 0 0.957283
4 4 212 222 0 1 0
4 4 212 223 0 2 0
4 4 213 221 1 0 0
4 4 213 222 1 1 0.929526
4 4 213 223 1 2 0
4 4 214 221 2 0 0
4 4 214 222 2 1 0
4 4 214 223 2 2 0.873773
4 5 221 237 0 0 0.977437
4 5 221 238 0 1 0
4 5 221 239 0 2 0
4 5 222 237 1 0 0
4 5 222 238 1 1 0.971281
4 5 222 239 1 2 0
4 5 223 237 2 0 0
4 5 223 238 2 1 0
4 5 223 239 2 2 0.939632
4 6 237 254 0 0 0
4 6 237 255 0 1 0.977812
4 6 237 256 0 2 0
4 6 238 254 1 0 0.95695
4 6 238 255 1 1 0
4 6 238 256 1 2 0
4 6 239 254 2 0 0
4 6 239 255 2 1 0
4 6 239 256 2 2 0.988875
4 7 215 227 0 0 0.995555
4 7 215 228 0 1 0
4 7 215 229 0 2 0
4 7 216 227 1 0 0
4 7 216 228 1 1 0.966564
4 7 216 229 1 2 0
4 7 217 227 2 0 0
4 7 217 228 2 1 0
4 7 217 229 2 2 0.976833
4 8 227 246 0 0 0.865713
4 8 227 247 0 1 0
4 8 228 246 1 0 0
4 8 228 247 1 1 0.497529
4 8 229 246 2 0 0
4 8 229 247 2 1 0.502471
4 9 246 257 0 0 0.847553
4 9 246 258 0 1 0
4 9 247 257 1 0 0
4 9 247 258 1 1 0.949496
4 10 227 240 0 0 0
4 10 227 241 0 1 0
4 10 228 240 1 0 0.29294
4 10 228 241 1 1 0.265556
4 10 229 240 2 0 0.267145
4 10 229 241 2 1 0.29274
4 11 215 230 0 0 0
4 11 215 231 0 1 0.998471
4 11 215 232 0 2 0
4 11 215 233 0 3 0
4 11 216 230 1 0 0.979775
4 11 216 231 1 1 0
4 11 216 232 1 2 0
4 11 216 233 1 3 0
4 11 217 230 2 0 0
4 11 217 231 2 1 0
4 11 217 232 2 2 0
4 11 217 233 2 3 0.983993
4 12 230 248 0 0 0
4 12 230 249 0 1 0
4 12 230 250 0 2 0.983964
4 12 231 248 1 0 0.988641
4 12 231 249 1 1 0
4 12 231 250 1 2 0
4 12 232 248 2 0 0
4 12 232 249 2 1 0
4 12 232 250 2 2 0
4 12 233 248 3 0 0
4 12 233 249 3 1 0.801395
4 12 233 250 3 2 0
4 13 248 259 0 0 0.945485
4 13 248 260 0 1 0
4 13 248 261 0 2 0
4 13 249 259 1 0 0
4 13 249 260 1 1 0.825742
4 13 249 261 1 2 0
4 13 250 259 2 0 0
4 13 250 260 2 1 0
4 13 250 261 2 2 0.982913
4 14 230 242 0 0 0.984502
4 14 230 243 0 1 0
4 14 230 244 0 2 0
4 14 230 245 0 3 0
4 14 231 242 1 0 0
4 14 231 243 1 1 0.999389
4 14 231 244 1 2 0
4 14 231 245 1 3 0
4 14 232 242 2 0 0
4 14 232 243 2 1 0
4 14 232 244 2 2 0
4 14 232 245 2 3 0.515037
4 14 233 242 3 0 0
4 14 233 243 3 1 0
4 14 233 244 3 2 0.524812
4 14 233 245 3 3 0.289432
4 15 215 224 0 0 0.989632
4 15 215 225 0 1 0
4 15 215 226 0 2 0
4 15 216 224 1 0 0
4 15 216 225 1 1 0
4 15 216 226 1 2 0
4 15 217 224 2 0 0
4 15 217 225 2 1 0
4 15 217 226 2 2 0.978136
4 16 254 262 0 0 0.856513
4 16 254 263 0 1 0
4 16 254 264 0 2 0
4 16 255 262 1 0 0
4 16 255 263 1 1 0.931114
4 16 255 264 1 2 0
4 16 256 262 2 0 0
4 16 256 263 2 1 0
4 16 256 264 2 2 0.894614
4 17 251 265 0 0 0.830306
4 17 251 266 0 1 0
4 17 251 267 0 2 0
4 17 252 265 1 0 0
4 17 252 266 1 1 0.999275
4 17 252 267 1 2 0
4 17 253 265 2 0 0
4 17 253 266 2 1 0
4 17 253 267 2 2 0.684255
E jointIdx viewA viewB aOverAllIdx bOverallIdx score
0 0 1 0 34 0.537324
0 0 1 0 35 -1
0 0 1 0 36 0.398252
0 0 1 0 37 -1
0 0 1 1 34 0.462676
0 0 1 1 35 0.121344
0 0 1 1 36 0.601748
0 0 1 1 37 -1
0 0 2 0 94 -1
0 0 2 0 95 0.954049
0 0 2 0 96 -1
0 0 2 0 97 -1
0 0 2 0 98 -1
0 0 2 1 94 -1
0 0 2 1 95 -1
0 0 2 1 96 0.60314
0 0 2 1 97 -1
0 0 2 1 98 -1
0 0 3 0 162 0.820201
0 0 3 0 163 -1
0 0 3 0 164 -1
0 0 3 1 162 -1
0 0 3 1 163 0.706328
0 0 3 1 164 -1
0 0 4 0 212 -1
0 0 4 0 213 -1
0 0 4 0 214 0.826674
0 0 4 1 212 -1
0 0 4 1 213 0.977966
0 0 4 1 214 -1
0 1 2 34 94 -1
0 1 2 34 95 0.84568
0 1 2 34 96 -1
0 1 2 34 97 0.812763
0 1 2 34 98 -1
0 1 2 35 94 -1
0 1 2 35 95 -1
0 1 2 35 96 -1
0 1 2 35 97 -0.85183
0 1 2 35 98 0.769288
0 1 2 36 94 -1
0 1 2 36 95 -1
0 1 2 36 96 0.599036
0 1 2 36 97 0.224112
0 1 2 36 98 -1
0 1 2 37 94 -1
0 1 2 37 95 0.655683
0 1 2 37 96 -1
0 1 2 37 97 0.814955
0 1 2 37 98 -1
0 1 3 34 162 0.98409
0 1 3 34 163 0.0797296
0 1 3 34 164 -1
0 1 3 35 162 -1
0 1 3 35 163 0.0729097
0 1 3 35 164 0.95958
0 1 3 36 162 0.202443
0 1 3 36 163 0.38352
0 1 3 36 164 -1
0 1 3 37 162 -1
0 1 3 37 163 0.463841
0 1 3 37 164 -1
0 1 4 34 212 -1
0 1 4 34 213 -1
0 1 4 34 214 0.651833
0 1 4 35 212 0.80736
0 1 4 35 213 -1
0 1 4 35 214 -1
0 1 4 36 212 -1
0 1 4 36 213 0.644591
0 1 4 36 214 0.16328
0 1 4 37 212 -1
0 1 4 37 213 -1
0 1 4 37 214 0.501941
0 2 3 94 162 -1
0 2 3 94 163 -1
0 2 3 94 164 -1
0 2 3 95 162 0.76138
0 2 3 95 163 -1
0 2 3 95 164 -1
0 2 3 96 162 -1
0 2 3 96 163 0.8902
0 2 3 96 164 -1
0 2 3 97 162 -1
0 2 3 97 163 -1
0 2 3 97 164 0.174614
0 2 3 98 162 -1
0 2 3 98 163 -1
0 2 3 98 164 0.911797
0 2 4 94 212 -1
0 2 4 94 213 -1
0 2 4 94 214 -1
0 2 4 95 212 -1
0 2 4 95 213 0.15937
0 2 4 95 214 0.808114
0 2 4 96 212 -1
0 2 4 96 213 0.859986
0 2 4 96 214 -1
0 2 4 97 212 -1
0 2 4 97 213 -1
0 2 4 97 214 0.540239
0 2 4 98 212 0.54131
0 2 4 98 213 -1
0 2 4 98 214 -1
0 3 4 162 212 0.127655
0 3 4 162 213 0.120971
0 3 4 162 214 0.229979
0 3 4 163 212 0.161092
0 3 4 163 213 0.182702
0 3 4 163 214 0.111702
0 3 4 164 212 0.175426
0 3 4 164 213 0.159801
0 3 4 164 214 0.115238
1 0 1 2 38 0.263479
1 0 1 2 39 0.216154
1 0 1 2 40 0.109282
1 0 1 2 41 0.0915617
1 0 1 3 38 0.0580875
1 0 1 3 39 0.140948
1 0 1 3 40 0.166678
1 0 1 3 41 0.156039
1 0 1 4 38 -1
1 0 1 4 39 0.0296993
1 0 1 4 40 0.281267
1 0 1 4 41 0.35862
1 0 2 2 99 -1
1 0 2 2 100 -1
1 0 2 2 101 -1
1 0 2 2 102 0.94717
1 0 2 2 103 0.939076
1 0 2 3 99 -1
1 0 2 3 100 -1
1 0 2 3 101 0.794915
1 0 2 3 102 -1
1 0 2 3 103 -1
1 0 2 4 99 0.992305
1 0 2 4 100 0.811609
1 0 2 4 101 -1
1 0 2 4 102 -1
1 0 2 4 103 -1
1 0 3 2 165 0.70397
1 0 3 2 166 -1
1 0 3 2 167 -1
1 0 3 3 165 -1
1 0 3 3 166 0.781459
1 0 3 3 167 0.88209
1 0 3 4 165 -1
1 0 3 4 166 0.842988
1 0 3 4 167 0.880403
1 0 4 2 215 0.228242
1 0 4 2 216 0.0478121
1 0 4 2 217 0.215221
1 0 4 3 215 0.203227
1 0 4 3 216 0.11027
1 0 4 3 217 0.201351
1 0 4 4 215 0.101167
1 0 4 4 216 0.404844
1 0 4 4 217 0.117644
1 1 2 38 99 -1
1 1 2 38 100 -1
1 1 2 38 101 -1
1 1 2 38 102 -1
1 1 2 38 103 0.859983
1 1 2 39 99 -1
1 1 2 39 100 0.0164167
1 1 2 39 101 -1
1 1 2 39 102 0.916444
1 1 2 39 103 -1
1 1 2 40 99 0.613122
1 1 2 40 100 -1
1 1 2 40 101 0.761257
1 1 2 40 102 -1
1 1 2 40 103 -1
1 1 2 41 99 0.779238
1 1 2 41 100 -1
1 1 2 41 101 0.234855
1 1 2 41 102 0.0548794
1 1 2 41 103 -1
1 1 3 38 165 0.48876
1 1 3 38 166 -1
1 1 3 38 167 0.0235172
1 1 3 39 165 0.330175
1 1 3 39 166 0.121923
1 1 3 39 167 0.131051
1 1 3 40 165 0.0727084
1 1 3 40 166 0.436349
1 1 3 40 167 0.2026
1 1 3 41 165 0.0212334
1 1 3 41 166 0.474596
1 1 3 41 167 0.227287
1 1 4 38 215 0.806959
1 1 4 38 216 -0.888453
1 1 4 38 217 -0.648522
1 1 4 39 215 -1
1 1 4 39 216 0.677173
1 1 4 39 217 0.647448
1 1 4 40 215 -1
1 1 4 40 216 0.418328
1 1 4 40 217 0.47659
1 1 4 41 215 -1
1 1 4 41 216 0.792952
1 1 4 41 217 0.524484
1 2 3 99 165 -1
1 2 3 99 166 0.821265
1 2 3 99 167 -1
1 2 3 100 165 -1
1 2 3 100 166 -1
1 2 3 100 167 0.270287
1 2 3 101 165 -1
1 2 3 101 166 -1
1 2 3 101 167 0.851812
1 2 3 102 165 0.684652
1 2 3 102 166 -1
1 2 3 102 167 -1
1 2 3 103 165 0.941727
1 2 3 103 166 -1
1 2 3 103 167 -1
1 2 4 99 215 -1
1 2 4 99 216 0.978337
1 2 4 99 217 -1
1 2 4 100 215 -1
1 2 4 100 216 0.292551
1 2 4 100 217 -1
1 2 4 101 215 -1
1 2 4 101 216 -1
1 2 4 101 217 0.978881
1 2 4 102 215 -1
1 2 4 102 216 -1
1 2 4 102 217 0.233112
1 2 4 103 215 0.977321
1 2 4 103 216 -1
1 2 4 103 217 -1
1 3 4 165 215 0.17159
1 3 4 165 216 0.195622
1 3 4 165 217 0.0721698
1 3 4 166 215 0.153375
1 3 4 166 216 0.176239
1 3 4 166 217 0.128925
1 3 4 167 215 0.141094
1 3 4 167 216 0.0887144
1 3 4 167 217 0.275822
2 0 1 5 42 0.304949
2 0 1 5 43 0.378411
2 0 1 5 44 -1
2 0 1 6 42 0.12106
2 0 1 6 43 0.621589
2 0 1 6 44 -1
2 0 2 5 104 -1
2 0 2 5 105 0.776952
2 0 2 5 106 -1
2 0 2 5 107 -1
2 0 2 5 108 -1
2 0 2 6 104 -1
2 0 2 6 105 -1
2 0 2 6 106 0.328252
2 0 2 6 107 -1
2 0 2 6 108 -1
2 0 3 5 168 0.772594
2 0 3 5 169 -1
2 0 3 5 170 -1
2 0 3 6 168 -1
2 0 3 6 169 0.803056
2 0 3 6 170 -1
2 0 4 5 218 -1
2 0 4 5 219 -1
2 0 4 5 220 0.859527
2 0 4 6 218 -1
2 0 4 6 219 0.835227
2 0 4 6 220 -1
2 1 2 42 104 -1
2 1 2 42 105 -1
2 1 2 42 106 -1
2 1 2 42 107 -1
2 1 2 42 108 0.825151
2 1 2 43 104 -1
2 1 2 43 105 0.600797
2 1 2 43 106 0.0819623
2 1 2 43 107 0.245314
2 1 2 43 108 -1
2 1 2 44 104 -1
2 1 2 44 105 -1
2 1 2 44 106 -1
2 1 2 44 107 0.973219
2 1 2 44 108 -1
2 1 3 42 168 -1
2 1 3 42 169 0.0520676
2 1 3 42 170 0.87863
2 1 3 43 168 0.388685
2 1 3 43 169 0.419859
2 1 3 43 170 -1
2 1 3 44 168 0.00190687
2 1 3 44 169 0.528073
2 1 3 44 170 -1
2 1 4 42 218 0.732309
2 1 4 42 219 -1
2 1 4 42 220 -1
2 1 4 43 218 -1
2 1 4 43 219 0.784974
2 1 4 43 220 0.954214
2 1 4 44 218 -1
2 1 4 44 219 -1
2 1 4 44 220 -1
2 2 3 104 168 -1
2 2 3 104 169 -1
2 2 3 104 170 -1
2 2 3 105 168 0.960732
2 2 3 105 169 -1
2 2 3 105 170 -1
2 2 3 106 168 -1
2 2 3 106 169 0.525822
2 2 3 106 170 -1
2 2 3 107 168 -1
2 2 3 107 169 -1
2 2 3 107 170 -1
2 2 3 108 168 -1
2 2 3 108 169 -1
2 2 3 108 170 0.889749
2 2 4 104 218 -1
2 2 4 104 219 -1
2 2 4 104 220 -1
2 2 4 105 218 -1
2 2 4 105 219 0.709968
2 2 4 105 220 0.66471
2 2 4 106 218 -1
2 2 4 106 219 0.243096
2 2 4 106 220 0.216718
2 2 4 107 218 -1
2 2 4 107 219 -1
2 2 4 107 220 -1
2 2 4 108 218 0.579589
2 2 4 108 219 -1
2 2 4 108 220 -1
2 3 4 168 218 0.138756
2 3 4 168 219 0.134844
2 3 4 168 220 0.299225
2 3 4 169 218 0.177678
2 3 4 169 219 0.182754
2 3 4 169 220 0.164705
2 3 4 170 218 0.217518
2 3 4 170 219 0.216345
2 3 4 170 220 0.0467965
3 0 1 7 45 0.50098
3 0 1 7 46 -1
3 0 1 7 47 0.424766
3 0 1 7 48 -1
3 0 1 8 45 0.49902
3 0 1 8 46 0.227553
3 0 1 8 47 0.575234
3 0 1 8 48 -1
3 0 2 7 109 -1
3 0 2 7 110 0.848721
3 0 2 7 111 -1
3 0 2 7 112 -1
3 0 2 7 113 -1
3 0 2 8 109 -1
3 0 2 8 110 -1
3 0 2 8 111 0.875641
3 0 2 8 112 -1
3 0 2 8 113 -1
3 0 3 7 171 0.84015
3 0 3 7 172 -1
3 0 3 7 173 -1
3 0 3 8 171 -1
3 0 3 8 172 0.668857
3 0 3 8 173 -1
3 0 4 7 221 -1
3 0 4 7 222 -1
3 0 4 7 223 0.774648
3 0 4 8 221 -1
3 0 4 8 222 0.883095
3 0 4 8 223 -1
3 1 2 45 109 -1
3 1 2 45 110 0.61473
3 1 2 45 111 -1
3 1 2 45 112 0.504439
3 1 2 45 113 -1
3 1 2 46 109 -1
3 1 2 46 110 -1
3 1 2 46 111 -1
3 1 2 46 112 -1
3 1 2 46 113 0.827379
3 1 2 47 109 -1
3 1 2 47 110 -1
3 1 2 47 111 0.935493
3 1 2 47 112 0.317821
3 1 2 47 113 -1
3 1 2 48 109 -1
3 1 2 48 110 0.591153
3 1 2 48 111 -1
3 1 2 48 112 0.96845
3 1 2 48 113 -1
3 1 3 45 171 0.839637
3 1 3 45 172 -1
3 1 3 45 173 -1
3 1 3 46 171 -1
3 1 3 46 172 0.141903
3 1 3 46 173 0.917932
3 1 3 47 171 0.0260274
3 1 3 47 172 0.797151
3 1 3 47 173 -1
3 1 3 48 171 -1
3 1 3 48 172 0.995891
3 1 3 48 173 -1
3 1 4 45 221 -1
3 1 4 45 222 -1
3 1 4 45 223 0.635251
3 1 4 46 221 0.930308
3 1 4 46 222 -1
3 1 4 46 223 -1
3 1 4 47 221 -1
3 1 4 47 222 0.435971
3 1 4 47 223 -1
3 1 4 48 221 -1
3 1 4 48 222 -1
3 1 4 48 223 0.580699
3 2 3 109 171 -1
3 2 3 109 172 -1
3 2 3 109 173 -1
3 2 3 110 171 0.515805
3 2 3 110 172 -1
3 2 3 110 173 -1
3 2 3 111 171 -1
3 2 3 111 172 0.791364
3 2 3 111 173 -1
3 2 3 112 171 -1
3 2 3 112 172 -1
3 2 3 112 173 0.367477
3 2 3 113 171 -1
3 2 3 113 172 -1
3 2 3 113 173 0.783497
3 2 4 109 221 -1
3 2 4 109 222 -1
3 2 4 109 223 -1
3 2 4 110 221 -1
3 2 4 110 222 -1
3 2 4 110 223 0.995367
3 2 4 111 221 -1
3 2 4 111 222 0.645414
3 2 4 111 223 -1
3 2 4 112 221 -1
3 2 4 112 222 -1
3 2 4 112 223 0.4683
3 2 4 113 221 0.563672
3 2 4 113 222 -1
3 2 4 113 223 -1
3 3 4 171 221 0.133098
3 3 4 171 222 0.118264
3 3 4 171 223 0.175935
3 3 4 172 221 0.139964
3 3 4 172 222 0.191149
3 3 4 172 223 0.098181
3 3 4 173 221 0.153809
3 3 4 173 222 0.120459
3 3 4 173 223 0.149349
4 0 1 9 49 0.353993
4 0 1 9 50 0.0904067
4 0 1 10 49 -1
4 0 1 10 50 0.880693
4 0 2 9 114 -1
4 0 2 9 115 0.859949
4 0 2 10 114 0.969553
4 0 2 10 115 -1
4 0 3 9 174 -1
4 0 3 9 175 -1
4 0 3 10 174 0.51273
4 0 3 10 175 0.48727
4 0 4 9 224 0.0777321
4 0 4 9 225 0.674019
4 0 4 9 226 0.24049
4 0 4 10 224 -1
4 0 4 10 225 0.0271048
4 0 4 10 226 -1
4 1 2 49 114 -1
4 1 2 49 115 -1
4 1 2 50 114 0.847688
4 1 2 50 115 -1
4 1 3 49 174 -1
4 1 3 49 175 -1
4 1 3 50 174 0.57049
4 1 3 50 175 0.42951
4 1 4 49 224 0.873689
4 1 4 49 225 -1
4 1 4 49 226 -1
4 1 4 50 224 -1
4 1 4 50 225 0.973313
4 1 4 50 226 0.0667152
4 2 3 114 174 0.974788
4 2 3 114 175 -1
4 2 3 115 174 -1
4 2 3 115 175 0.866412
4 2 4 114 224 -1
4 2 4 114 225 0.000164092
4 2 4 114 226 -1
4 2 4 115 224 -1
4 2 4 115 225 0.0585119
4 2 4 115 226 0.927581
4 3 4 174 224 0.551512
4 3 4 174 225 0.194092
4 3 4 174 226 0.170459
4 3 4 175 224 0.0737702
4 3 4 175 225 0.376201
4 3 4 175 226 0.396198
5 0 1 11 51 -1
5 0 1 11 52 0.367438
5 0 1 11 53 0.533886
5 0 1 12 51 -1
5 0 1 12 52 0.156955
5 0 1 12 53 0.466114
5 0 2 11 116 -1
5 0 2 11 117 0.75879
5 0 2 11 118 -1
5 0 2 11 119 -1
5 0 2 12 116 0.918902
5 0 2 12 117 -1
5 0 2 12 118 -1
5 0 2 12 119 -1
5 0 3 11 176 -1
5 0 3 11 177 0.493559
5 0 3 11 178 0.462504
5 0 3 12 176 -1
5 0 3 12 177 0.506441
5 0 3 12 178 0.537496
5 0 4 11 227 0.271965
5 0 4 11 228 0.158503
5 0 4 11 229 0.260219
5 0 4 12 227 0.186024
5 0 4 12 228 0.309965
5 0 4 12 229 0.198855
5 1 2 51 116 -1
5 1 2 51 117 -1
5 1 2 51 118 -1
5 1 2 51 119 0.882489
5 1 2 52 116 -1
5 1 2 52 117 -1
5 1 2 52 118 0.979588
5 1 2 52 119 -1
5 1 2 53 116 0.63083
5 1 2 53 117 0.516816
5 1 2 53 118 -1
5 1 2 53 119 -1
5 1 3 51 176 0.671046
5 1 3 51 177 -1
5 1 3 51 178 -1
5 1 3 52 176 0.301248
5 1 3 52 177 0.161265
5 1 3 52 178 0.186354
5 1 3 53 176 0.0148392
5 1 3 53 177 0.518597
5 1 3 53 178 0.459945
5 1 4 51 227 0.995595
5 1 4 51 228 -1
5 1 4 51 229 -1
5 1 4 52 227 -1
5 1 4 52 228 0.76187
5 1 4 52 229 0.8282
5 1 4 53 227 -1
5 1 4 53 228 0.861206
5 1 4 53 229 0.838287
5 2 3 116 176 -1
5 2 3 116 177 0.994031
5 2 3 116 178 -1
5 2 3 117 176 -1
5 2 3 117 177 -1
5 2 3 117 178 0.742846
5 2 3 118 176 0.666556
5 2 3 118 177 -1
5 2 3 118 178 -1
5 2 3 119 176 0.932783
5 2 3 119 177 -1
5 2 3 119 178 -1
5 2 4 116 227 -1
5 2 4 116 228 0.992948
5 2 4 116 229 0.326321
5 2 4 117 227 -1
5 2 4 117 228 -1
5 2 4 117 229 0.751103
5 2 4 118 227 -1
5 2 4 118 228 0.172354
5 2 4 118 229 0.686828
5 2 4 119 227 0.942976
5 2 4 119 228 -1
5 2 4 119 229 -1
5 3 4 176 227 0.173438
5 3 4 176 228 0.188192
5 3 4 176 229 0.0610888
5 3 4 177 227 0.151817
5 3 4 177 228 0.16359
5 3 4 177 229 0.128327
5 3 4 178 227 0.124465
5 3 4 178 228 0.0954221
5 3 4 178 229 0.266212
6 0 1 13 54 0.122954
6 0 1 13 55 0.172499
6 0 1 13 56 0.141172
6 0 1 13 57 0.130839
6 0 1 14 54 0.18387
6 0 1 14 55 0.19909
6 0 1 14 56 0.122967
6 0 1 14 57 0.115248
6 0 1 15 54 -1
6 0 1 15 55 -1
6 0 1 15 56 0.261452
6 0 1 15 57 0.311812
6 0 2 13 120 -1
6 0 2 13 121 -1
6 0 2 13 122 0.889293
6 0 2 13 123 0.172205
6 0 2 13 124 -1
6 0 2 14 120 -1
6 0 2 14 121 -1
6 0 2 14 122 0.192524
6 0 2 14 123 0.902497
6 0 2 14 124 0.138941
6 0 2 15 120 0.739746
6 0 2 15 121 0.971228
6 0 2 15 122 -1
6 0 2 15 123 -1
6 0 2 15 124 -1
6 0 3 13 179 -1
6 0 3 13 180 0.347708
6 0 3 13 181 0.393569
6 0 3 14 179 0.0761594
6 0 3 14 180 0.187068
6 0 3 14 181 0.244543
6 0 3 15 179 -1
6 0 3 15 180 0.43812
6 0 3 15 181 0.326457
6 0 4 13 230 -0.804258
6 0 4 13 231 0.344102
6 0 4 13 232 0.307775
6 0 4 13 233 0.338388
6 0 4 14 230 -0.75381
6 0 4 14 231 0.367721
6 0 4 14 232 0.24254
6 0 4 14 233 0.34944
6 0 4 15 230 0.502324
6 0 4 15 231 0.0471813
6 0 4 15 232 0.16536
6 0 4 15 233 0.0647243
6 1 2 54 120 -1
6 1 2 54 121 -1
6 1 2 54 122 -1
6 1 2 54 123 -1
6 1 2 54 124 0.784796
6 1 2 55 120 -1
6 1 2 55 121 -1
6 1 2 55 122 -1
6 1 2 55 123 0.763031
6 1 2 55 124 -1
6 1 2 56 120 0.147115
6 1 2 56 121 -1
6 1 2 56 122 0.998493
6 1 2 56 123 -1
6 1 2 56 124 -1
6 1 2 57 120 0.539168
6 1 2 57 121 -1
6 1 2 57 122 -1
6 1 2 57 123 0.563116
6 1 2 57 124 -1
6 1 3 54 179 0.393911
6 1 3 54 180 -1
6 1 3 54 181 0.0754264
6 1 3 55 179 0.277132
6 1 3 55 180 0.106581
6 1 3 55 181 0.132164
6 1 3 56 179 0.0787449
6 1 3 56 180 0.402935
6 1 3 56 181 0.174999
6 1 3 57 179 0.0435101
6 1 3 57 180 0.458803
6 1 3 57 181 0.181312
6 1 4 54 230 -1
6 1 4 54 231 0.677195
6 1 4 54 232 -0.972642
6 1 4 54 233 -0.947474
6 1 4 55 230 0.378751
6 1 4 55 231 -1
6 1 4 55 232 0.887157
6 1 4 55 233 0.656955
6 1 4 56 230 0.103086
6 1 4 56 231 -1
6 1 4 56 232 0.450901
6 1 4 56 233 0.851623
6 1 4 57 230 0.89527
6 1 4 57 231 -0.905497
6 1 4 57 232 0.574614
6 1 4 57 233 0.397419
6 2 3 120 179 -1
6 2 3 120 180 0.491167
6 2 3 120 181 -1
6 2 3 121 179 -1
6 2 3 121 180 -1
6 2 3 121 181 -1
6 2 3 122 179 -1
6 2 3 122 180 -1
6 2 3 122 181 0.983916
6 2 3 123 179 0.764969
6 2 3 123 180 -1
6 2 3 123 181 -1
6 2 3 124 179 0.9535
6 2 3 124 180 -1
6 2 3 124 181 -1
6 2 4 120 230 0.656648
6 2 4 120 231 -1
6 2 4 120 232 0.237392
6 2 4 120 233 -1
6 2 4 121 230 0.849991
6 2 4 121 231 -1
6 2 4 121 232 -1
6 2 4 121 233 -1
6 2 4 122 230 -1
6 2 4 122 231 -1
6 2 4 122 232 -1
6 2 4 122 233 0.739602
6 2 4 123 230 -1
6 2 4 123 231 -1
6 2 4 123 232 0.564851
6 2 4 123 233 -1
6 2 4 124 230 -1
6 2 4 124 231 0.992835
6 2 4 124 232 -1
6 2 4 124 233 -1
6 3 4 179 230 0.146048
6 3 4 179 231 0.127279
6 3 4 179 232 0.126552
6 3 4 179 233 0.0714028
6 3 4 180 230 0.160349
6 3 4 180 231 0.111841
6 3 4 180 232 0.113158
6 3 4 180 233 0.0945714
6 3 4 181 230 0.0495301
6 3 4 181 231 0.123632
6 3 4 181 232 0.122925
6 3 4 181 233 0.201962
7 0 1 16 58 0.783447
7 0 1 16 59 0.36525
7 0 1 16 60 -1
7 0 1 16 61 -1
7 0 2 16 125 -1
7 0 2 16 126 0.367335
7 0 2 16 127 -1
7 0 2 16 128 -1
7 0 3 16 182 0.70319
7 0 3 16 183 -1
7 0 3 16 184 -1
7 0 4 16 234 -1
7 0 4 16 235 -1
7 0 4 16 236 0.921532
7 1 2 58 125 -1
7 1 2 58 126 0.122276
7 1 2 58 127 0.664525
7 1 2 58 128 -1
7 1 2 59 125 -1
7 1 2 59 126 -1
7 1 2 59 127 -1
7 1 2 59 128 0.874884
7 1 2 60 125 -1
7 1 2 60 126 -1
7 1 2 60 127 -1
7 1 2 60 128 -1
7 1 2 61 125 -1
7 1 2 61 126 0.26841
7 1 2 61 127 0.806067
7 1 2 61 128 -1
7 1 3 58 182 0.263418
7 1 3 58 183 -1
7 1 3 58 184 -1
7 1 3 59 182 -1
7 1 3 59 183 -1
7 1 3 59 184 0.747517
7 1 3 60 182 -1
7 1 3 60 183 0.890843
7 1 3 60 184 -1
7 1 3 61 182 -1
7 1 3 61 183 0.588372
7 1 3 61 184 -1
7 1 4 58 234 -1
7 1 4 58 235 -1
7 1 4 58 236 -1
7 1 4 59 234 0.787889
7 1 4 59 235 -1
7 1 4 59 236 -1
7 1 4 60 234 -1
7 1 4 60 235 0.986006
7 1 4 60 236 0.173383
7 1 4 61 234 -1
7 1 4 61 235 -1
7 1 4 61 236 -1
7 2 3 125 182 -1
7 2 3 125 183 -1
7 2 3 125 184 -1
7 2 3 126 182 0.69034
7 2 3 126 183 -1
7 2 3 126 184 -1
7 2 3 127 182 -1
7 2 3 127 183 -1
7 2 3 127 184 -1
7 2 3 128 182 -1
7 2 3 128 183 -1
7 2 3 128 184 0.884623
7 2 4 125 234 -1
7 2 4 125 235 -1
7 2 4 125 236 -1
7 2 4 126 234 -1
7 2 4 126 235 0.230162
7 2 4 126 236 -1
7 2 4 127 234 -1
7 2 4 127 235 -1
7 2 4 127 236 -1
7 2 4 128 234 0.999712
7 2 4 128 235 -1
7 2 4 128 236 -1
7 3 4 182 234 0.217035
7 3 4 182 235 0.10787
7 3 4 182 236 0.315861
7 3 4 183 234 0.31673
7 3 4 183 235 0.545581
7 3 4 183 236 -1
7 3 4 184 234 0.409163
7 3 4 184 235 0.318183
7 3 4 184 236 -1
8 0 1 17 62 0.86729
8 0 1 17 63 0.391078
8 0 1 17 64 -1
8 0 1 17 65 -1
8 0 2 17 129 -1
8 0 2 17 130 0.583329
8 0 2 17 131 -1
8 0 2 17 132 -1
8 0 2 17 133 -1
8 0 3 17 185 0.809527
8 0 3 17 186 -1
8 0 3 17 187 -1
8 0 4 17 237 -1
8 0 4 17 238 -1
8 0 4 17 239 0.963401
8 1 2 62 129 -1
8 1 2 62 130 0.729702
8 1 2 62 131 -1
8 1 2 62 132 0.176165
8 1 2 62 133 -1
8 1 2 63 129 -1
8 1 2 63 130 -1
8 1 2 63 131 -1
8 1 2 63 132 -1
8 1 2 63 133 0.903747
8 1 2 64 129 -1
8 1 2 64 130 -1
8 1 2 64 131 0.854393
8 1 2 64 132 0.0138046
8 1 2 64 133 -1
8 1 2 65 129 -1
8 1 2 65 130 0.286935
8 1 2 65 131 -1
8 1 2 65 132 0.679626
8 1 2 65 133 -1
8 1 3 62 185 0.73295
8 1 3 62 186 -1
8 1 3 62 187 -1
8 1 3 63 185 -1
8 1 3 63 186 -1
8 1 3 63 187 0.532005
8 1 3 64 185 -1
8 1 3 64 186 0.85023
8 1 3 64 187 -1
8 1 3 65 185 -1
8 1 3 65 186 0.753768
8 1 3 65 187 -1
8 1 4 62 237 -1
8 1 4 62 238 -1
8 1 4 62 239 0.902794
8 1 4 63 237 0.7445
8 1 4 63 238 -1
8 1 4 63 239 -1
8 1 4 64 237 -1
8 1 4 64 238 0.811921
8 1 4 64 239 -1
8 1 4 65 237 -1
8 1 4 65 238 -1
8 1 4 65 239 0.843422
8 2 3 129 185 -1
8 2 3 129 186 -1
8 2 3 129 187 -1
8 2 3 130 185 0.733902
8 2 3 130 186 -1
8 2 3 130 187 -1
8 2 3 131 185 -1
8 2 3 131 186 0.816109
8 2 3 131 187 -1
8 2 3 132 185 -1
8 2 3 132 186 -1
8 2 3 132 187 0.799569
8 2 3 133 185 -1
8 2 3 133 186 -1
8 2 3 133 187 0.658661
8 2 4 129 237 -1
8 2 4 129 238 -1
8 2 4 129 239 -1
8 2 4 130 237 -1
8 2 4 130 238 -1
8 2 4 130 239 0.896439
8 2 4 131 237 -1
8 2 4 131 238 0.721619
8 2 4 131 239 -1
8 2 4 132 237 -1
8 2 4 132 238 -1
8 2 4 132 239 0.646365
8 2 4 133 237 0.780915
8 2 4 133 238 -1
8 2 4 133 239 -1
8 3 4 185 237 0.180315
8 3 4 185 238 0.127819
8 3 4 185 239 0.455791
8 3 4 186 237 0.185615
8 3 4 186 238 0.458696
8 3 4 186 239 -1
8 3 4 187 237 0.225511
8 3 4 187 238 0.141697
8 3 4 187 239 0.344978
9 0 1 18 66 0.0320105
9 0 1 18 67 0.975677
9 0 1 18 68 -1
9 0 1 19 66 0.147662
9 0 1 19 67 -1
9 0 1 19 68 0.99247
9 0 1 20 66 -1
9 0 1 20 67 -1
9 0 1 20 68 0.886538
9 0 2 18 134 -1
9 0 2 18 135 0.824202
9 0 2 18 136 0.101912
9 0 2 19 134 -1
9 0 2 19 135 0.245238
9 0 2 19 136 -1
9 0 2 20 134 0.924664
9 0 2 20 135 -1
9 0 2 20 136 -1
9 0 3 18 188 -1
9 0 3 19 188 0.193383
9 0 3 20 188 0.981986
9 0 4 18 240 -1
9 0 4 18 241 0.993918
9 0 4 19 240 -1
9 0 4 19 241 0.920717
9 0 4 20 240 0.964818
9 0 4 20 241 -1
9 1 2 66 134 -1
9 1 2 66 135 -1
9 1 2 66 136 0.743223
9 1 2 67 134 -1
9 1 2 67 135 0.931494
9 1 2 67 136 -1
9 1 2 68 134 0.88268
9 1 2 68 135 -1
9 1 2 68 136 -1
9 1 3 66 188 -1
9 1 3 67 188 -1
9 1 3 68 188 0.835782
9 1 4 66 240 -1
9 1 4 66 241 -1
9 1 4 67 240 0.302947
9 1 4 67 241 -1
9 1 4 68 240 0.498846
9 1 4 68 241 0.501154
9 2 3 134 188 0.909418
9 2 3 135 188 -1
9 2 3 136 188 -1
9 2 4 134 240 0.893675
9 2 4 134 241 -1
9 2 4 135 240 -1
9 2 4 135 241 0.864497
9 2 4 136 240 -1
9 2 4 136 241 -1
9 3 4 188 240 0.651196
9 3 4 188 241 0.348804
10 0 1 21 69 0.462423
10 0 1 22 69 0.537577
10 0 2 21 137 0.930631
10 0 2 21 138 0.604217
10 0 2 21 139 -1
10 0 2 22 137 -1
10 0 2 22 138 -1
10 0 2 22 139 -1
10 0 3 21 189 -1
10 0 3 21 190 0.794905
10 0 3 22 189 -1
10 0 3 22 190 0.146991
10 0 4 21 242 -0.977749
10 0 4 21 243 0.362595
10 0 4 21 244 0.823098
10 0 4 21 245 0.792056
10 0 4 22 242 0.877944
10 0 4 22 243 -1
10 0 4 22 244 -1
10 0 4 22 245 -1
10 1 2 69 137 0.9029
10 1 2 69 138 -1
10 1 2 69 139 -1
10 1 3 69 189 -1
10 1 3 69 190 0.967651
10 1 4 69 242 -1
10 1 4 69 243 -1
10 1 4 69 244 0.897766
10 1 4 69 245 -1
10 2 3 137 189 -1
10 2 3 137 190 0.889512
10 2 3 138 189 -1
10 2 3 138 190 -1
10 2 3 139 189 0.927948
10 2 3 139 190 -1
10 2 4 137 242 -1
10 2 4 137 243 -1
10 2 4 137 244 0.925175
10 2 4 137 245 0.374409
10 2 4 138 242 -1
10 2 4 138 243 -1
10 2 4 138 244 0.21458
10 2 4 138 245 0.968011
10 2 4 139 242 -1
10 2 4 139 243 0.884458
10 2 4 139 244 -1
10 2 4 139 245 -1
10 3 4 189 242 0.393927
10 3 4 189 243 0.308414
10 3 4 189 244 0.108398
10 3 4 189 245 0.0421794
10 3 4 190 242 0.0513572
10 3 4 190 243 0.12888
10 3 4 190 244 0.310208
10 3 4 190 245 0.37024
11 0 1 23 70 0.191984
11 0 1 23 71 0.297186
11 0 1 23 72 0.274983
11 0 1 24 70 0.0562818
11 0 1 24 71 0.3301
11 0 1 24 72 0.349368
11 0 2 23 140 0.954856
11 0 2 23 141 -1
11 0 2 23 142 -1
11 0 2 24 140 -1
11 0 2 24 141 -1
11 0 2 24 142 -1
11 0 3 23 191 0.0576661
11 0 3 23 192 0.175609
11 0 3 23 193 0.601715
11 0 3 24 191 0.232146
11 0 3 24 192 0.503088
11 0 3 24 193 0.15949
11 0 4 23 246 -1
11 0 4 23 247 0.552272
11 0 4 24 246 -1
11 0 4 24 247 0.447728
11 1 2 70 140 -1
11 1 2 70 141 -1
11 1 2 70 142 0.709171
11 1 2 71 140 -1
11 1 2 71 141 0.195531
11 1 2 71 142 -1
11 1 2 72 140 -1
11 1 2 72 141 0.802079
11 1 2 72 142 -1
11 1 3 70 191 0.127505
11 1 3 70 192 0.153664
11 1 3 70 193 0.138094
11 1 3 71 191 0.144846
11 1 3 71 192 0.135179
11 1 3 71 193 0.142716
11 1 3 72 191 0.149534
11 1 3 72 192 0.133162
11 1 3 72 193 0.141043
11 1 4 70 246 0.799491
11 1 4 70 247 -1
11 1 4 71 246 -1
11 1 4 71 247 0.456592
11 1 4 72 246 -1
11 1 4 72 247 -1
11 2 3 140 191 -1
11 2 3 140 192 -1
11 2 3 140 193 0.966959
11 2 3 141 191 -1
11 2 3 141 192 -1
11 2 3 141 193 -1
11 2 3 142 191 -1
11 2 3 142 192 -1
11 2 3 142 193 -1
11 2 4 140 246 -1
11 2 4 140 247 0.927543
11 2 4 141 246 -1
11 2 4 141 247 -1
11 2 4 142 246 0.628317
11 2 4 142 247 -1
11 3 4 191 246 0.438219
11 3 4 191 247 0.0358228
11 3 4 192 246 0.212867
11 3 4 192 247 0.31151
11 3 4 193 246 0.174979
11 3 4 193 247 0.353709
12 0 1 25 73 0.593072
12 0 1 25 74 0.406928
12 0 2 25 143 -1
12 0 2 25 144 -1
12 0 2 25 145 -1
12 0 3 25 194 -1
12 0 3 25 195 -1
12 0 4 25 248 -1
12 0 4 25 249 0.0532383
12 0 4 25 250 0.928584
12 1 2 73 143 0.336249
12 1 2 73 144 -1
12 1 2 73 145 -1
12 1 2 74 143 -1
12 1 2 74 144 0.971585
12 1 2 74 145 -1
12 1 3 73 194 0.298269
12 1 3 73 195 -1
12 1 3 74 194 0.474294
12 1 3 74 195 0.344358
12 1 4 73 248 -1
12 1 4 73 249 -1
12 1 4 73 250 0.567834
12 1 4 74 248 -1
12 1 4 74 249 0.799576
12 1 4 74 250 -1
12 2 3 143 194 0.955452
12 2 3 143 195 -1
12 2 3 144 194 0.967951
12 2 3 144 195 -1
12 2 3 145 194 -1
12 2 3 145 195 0.957686
12 2 4 143 248 -1
12 2 4 143 249 -1
12 2 4 143 250 0.027173
12 2 4 144 248 -1
12 2 4 144 249 0.819461
12 2 4 144 250 -1
12 2 4 145 248 0.875054
12 2 4 145 249 -1
12 2 4 145 250 -1
12 3 4 194 248 0.171772
12 3 4 194 249 0.210022
12 3 4 194 250 0.236045
12 3 4 195 248 0.24362
12 3 4 195 249 0.197716
12 3 4 195 250 0.166486
13 0 1 26 75 0.610466
13 0 1 26 76 -1
13 0 1 26 77 0.512749
13 0 1 26 78 -1
13 0 2 26 146 -1
13 0 2 26 147 0.529146
13 0 2 26 148 -1
13 0 2 26 149 -1
13 0 3 26 196 -1
13 0 3 26 197 0.8964
13 0 3 26 198 -1
13 0 4 26 251 -1
13 0 4 26 252 -1
13 0 4 26 253 0.941446
13 1 2 75 146 -1
13 1 2 75 147 0.297825
13 1 2 75 148 -1
13 1 2 75 149 -1
13 1 2 76 146 -1
13 1 2 76 147 -1
13 1 2 76 148 0.421733
13 1 2 76 149 -1
13 1 2 77 146 -1
13 1 2 77 147 -1
13 1 2 77 148 -1
13 1 2 77 149 0.524288
13 1 2 78 146 -1
13 1 2 78 147 -1
13 1 2 78 148 0.993279
13 1 2 78 149 -1
13 1 3 75 196 -1
13 1 3 75 197 -1
13 1 3 75 198 -1
13 1 3 76 196 0.86585
13 1 3 76 197 -1
13 1 3 76 198 -1
13 1 3 77 196 -1
13 1 3 77 197 -1
13 1 3 77 198 0.864256
13 1 3 78 196 0.941607
13 1 3 78 197 -1
13 1 3 78 198 -1
13 1 4 75 251 -1
13 1 4 75 252 -1
13 1 4 75 253 -1
13 1 4 76 251 -1
13 1 4 76 252 0.966671
13 1 4 76 253 0.115665
13 1 4 77 251 0.999092
13 1 4 77 252 -1
13 1 4 77 253 -1
13 1 4 78 251 -1
13 1 4 78 252 -1
13 1 4 78 253 -1
13 2 3 146 196 -1
13 2 3 146 197 -1
13 2 3 146 198 -1
13 2 3 147 196 -1
13 2 3 147 197 0.40242
13 2 3 147 198 -1
13 2 3 148 196 -1
13 2 3 148 197 -1
13 2 3 148 198 -1
13 2 3 149 196 -1
13 2 3 149 197 -1
13 2 3 149 198 0.408474
13 2 4 146 251 -1
13 2 4 146 252 -1
13 2 4 146 253 -1
13 2 4 147 251 -1
13 2 4 147 252 0.608661
13 2 4 147 253 0.105224
13 2 4 148 251 -1
13 2 4 148 252 -1
13 2 4 148 253 -1
13 2 4 149 251 0.560524
13 2 4 149 252 -1
13 2 4 149 253 -1
13 3 4 196 251 0.209795
13 3 4 196 252 0.940099
13 3 4 196 253 -1
13 3 4 197 251 0.187836
13 3 4 197 252 -1
13 3 4 197 253 0.863332
13 3 4 198 251 0.602369
13 3 4 198 252 -1
13 3 4 198 253 -1
14 0 1 27 79 0.903792
14 0 1 27 80 0.915963
14 0 1 27 81 -1
14 0 1 27 82 -1
14 0 2 27 150 -1
14 0 2 27 151 -1
14 0 2 27 152 -1
14 0 2 27 153 -1
14 0 3 27 199 0.945801
14 0 3 27 200 -1
14 0 3 27 201 -1
14 0 4 27 254 -1
14 0 4 27 255 -1
14 0 4 27 256 0.918733
14 1 2 79 150 -1
14 1 2 79 151 -1
14 1 2 79 152 -1
14 1 2 79 153 -1
14 1 2 80 150 -1
14 1 2 80 151 -1
14 1 2 80 152 -1
14 1 2 80 153 0.93138
14 1 2 81 150 -1
14 1 2 81 151 0.577685
14 1 2 81 152 0.970664
14 1 2 81 153 -1
14 1 2 82 150 -1
14 1 2 82 151 0.285382
14 1 2 82 152 0.787724
14 1 2 82 153 -1
14 1 3 79 199 0.9508
14 1 3 79 200 -1
14 1 3 79 201 -1
14 1 3 80 199 -1
14 1 3 80 200 -1
14 1 3 80 201 0.955842
14 1 3 81 199 -1
14 1 3 81 200 0.294925
14 1 3 81 201 -1
14 1 3 82 199 -1
14 1 3 82 200 0.827921
14 1 3 82 201 -1
14 1 4 79 254 0.235397
14 1 4 79 255 -1
14 1 4 79 256 0.818998
14 1 4 80 254 -1
14 1 4 80 255 0.712885
14 1 4 80 256 -1
14 1 4 81 254 0.953387
14 1 4 81 255 -1
14 1 4 81 256 0.0635425
14 1 4 82 254 -1
14 1 4 82 255 -1
14 1 4 82 256 0.563373
14 2 3 150 199 -1
14 2 3 150 200 -1
14 2 3 150 201 -1
14 2 3 151 199 -1
14 2 3 151 200 0.633503
14 2 3 151 201 -1
14 2 3 152 199 -1
14 2 3 152 200 -1
14 2 3 152 201 -1
14 2 3 153 199 -1
14 2 3 153 200 -1
14 2 3 153 201 0.999507
14 2 4 150 254 -1
14 2 4 150 255 -1
14 2 4 150 256 -1
14 2 4 151 254 0.438827
14 2 4 151 255 -1
14 2 4 151 256 0.910897
14 2 4 152 254 -1
14 2 4 152 255 -1
14 2 4 152 256 -1
14 2 4 153 254 -1
14 2 4 153 255 0.897508
14 2 4 153 256 -1
14 3 4 199 254 -1
14 3 4 199 255 0.794828
14 3 4 199 256 0.882873
14 3 4 200 254 0.202772
14 3 4 200 255 -1
14 3 4 200 256 -1
14 3 4 201 254 -1
14 3 4 201 255 0.715611
14 3 4 201 256 0.795501
15 0 1 28 83 0.223594
15 0 1 28 84 0.589508
15 0 1 28 85 0.0940681
15 0 1 29 83 -1
15 0 1 29 84 -1
15 0 1 29 85 0.905932
15 0 2 28 154 0.505008
15 0 2 28 155 -1
15 0 2 29 154 0.494992
15 0 2 29 155 -1
15 0 3 28 202 0.593777
15 0 3 28 203 -1
15 0 3 28 204 0.334513
15 0 3 29 202 0.252262
15 0 3 29 203 0.0908739
15 0 3 29 204 0.413264
15 0 4 28 257 -1
15 0 4 28 258 -1
15 0 4 29 257 -1
15 0 4 29 258 0.999662
15 1 2 83 154 -1
15 1 2 83 155 -1
15 1 2 84 154 -1
15 1 2 84 155 -1
15 1 2 85 154 0.58954
15 1 2 85 155 -1
15 1 3 83 202 0.838498
15 1 3 83 203 -1
15 1 3 83 204 -1
15 1 3 84 202 -1
15 1 3 84 203 0.804181
15 1 3 84 204 0.816276
15 1 3 85 202 -1
15 1 3 85 203 0.862071
15 1 3 85 204 0.886632
15 1 4 83 257 -1
15 1 4 83 258 -1
15 1 4 84 257 0.900713
15 1 4 84 258 -1
15 1 4 85 257 -1
15 1 4 85 258 0.562221
15 2 3 154 202 -1
15 2 3 154 203 -1
15 2 3 154 204 0.932315
15 2 3 155 202 -1
15 2 3 155 203 -1
15 2 3 155 204 -1
15 2 4 154 257 -1
15 2 4 154 258 0.995676
15 2 4 155 257 0.315979
15 2 4 155 258 -1
15 3 4 202 257 -1
15 3 4 202 258 -1
15 3 4 203 257 0.269133
15 3 4 203 258 0.387408
15 3 4 204 257 -1
15 3 4 204 258 0.969793
16 0 1 30 86 -1
16 0 1 31 86 0.475112
16 0 2 30 156 -1
16 0 2 30 157 0.922889
16 0 2 30 158 -1
16 0 2 31 156 0.467898
16 0 2 31 157 -1
16 0 2 31 158 -1
16 0 3 30 205 -1
16 0 3 30 206 -1
16 0 3 31 205 -1
16 0 3 31 206 -1
16 0 4 30 259 -1
16 0 4 30 260 -1
16 0 4 30 261 -1
16 0 4 31 259 -1
16 0 4 31 260 -1
16 0 4 31 261 0.953885
16 1 2 86 156 -1
16 1 2 86 157 -1
16 1 2 86 158 0.811572
16 1 3 86 205 0.485262
16 1 3 86 206 0.514738
16 1 4 86 259 -1
16 1 4 86 260 0.889271
16 1 4 86 261 -1
16 2 3 156 205 -1
16 2 3 156 206 -1
16 2 3 157 205 -1
16 2 3 157 206 -1
16 2 3 158 205 0.38972
16 2 3 158 206 0.61028
16 2 4 156 259 -1
16 2 4 156 260 -1
16 2 4 156 261 0.780377
16 2 4 157 259 -1
16 2 4 157 260 -1
16 2 4 157 261 -1
16 2 4 158 259 -1
16 2 4 158 260 0.903777
16 2 4 158 261 -1
16 3 4 205 259 0.585142
16 3 4 205 260 0.365705
16 3 4 205 261 -1
16 3 4 206 259 0.191087
16 3 4 206 260 0.292161
16 3 4 206 261 0.250882
17 0 1 32 87 0.979719
17 0 1 32 88 -1
17 0 1 32 89 -1
17 0 1 32 90 -1
17 0 2 32 159 -1
17 0 2 32 160 -1
17 0 3 32 207 -1
17 0 3 32 208 -1
17 0 4 32 262 -1
17 0 4 32 263 -1
17 0 4 32 264 0.964549
17 1 2 87 159 0.0178373
17 1 2 87 160 -1
17 1 2 88 159 -1
17 1 2 88 160 0.319879
17 1 2 89 159 -1
17 1 2 89 160 -1
17 1 2 90 159 0.79537
17 1 2 90 160 -1
17 1 3 87 207 -1
17 1 3 87 208 -1
17 1 3 88 207 -1
17 1 3 88 208 0.857934
17 1 3 89 207 0.688293
17 1 3 89 208 -1
17 1 3 90 207 0.591324
17 1 3 90 208 -1
17 1 4 87 262 -1
17 1 4 87 263 -1
17 1 4 87 264 0.864373
17 1 4 88 262 -1
17 1 4 88 263 0.629706
17 1 4 88 264 -1
17 1 4 89 262 0.53265
17 1 4 89 263 -1
17 1 4 89 264 -1
17 1 4 90 262 -1
17 1 4 90 263 -1
17 1 4 90 264 0.6455
17 2 3 159 207 0.0762035
17 2 3 159 208 0.16253
17 2 3 160 207 -1
17 2 3 160 208 0.426311
17 2 4 159 262 -1
17 2 4 159 263 -1
17 2 4 159 264 -1
17 2 4 160 262 -1
17 2 4 160 263 0.859053
17 2 4 160 264 -1
17 3 4 207 262 0.569243
17 3 4 207 263 -1
17 3 4 207 264 -1
17 3 4 208 262 -1
17 3 4 208 263 0.987609
17 3 4 208 264 0.782032
18 0 1 33 91 0.650565
18 0 1 33 92 0.82265
18 0 1 33 93 -1
18 0 2 33 161 -1
18 0 3 33 209 0.763014
18 0 3 33 210 -1
18 0 3 33 211 -1
18 0 4 33 265 -1
18 0 4 33 266 -1
18 0 4 33 267 0.810891
18 1 2 91 161 0.24264
18 1 2 92 161 -1
18 1 2 93 161 0.844052
18 1 3 91 209 -1
18 1 3 91 210 0.84414
18 1 3 91 211 -1
18 1 3 92 209 -1
18 1 3 92 210 -1
18 1 3 92 211 0.980199
18 1 3 93 209 -1
18 1 3 93 210 0.821523
18 1 3 93 211 -1
18 1 4 91 265 -1
18 1 4 91 266 0.810249
18 1 4 91 267 -1
18 1 4 92 265 0.850588
18 1 4 92 266 -1
18 1 4 92 267 -1
18 1 4 93 265 -1
18 1 4 93 266 -1
18 1 4 93 267 -1
18 2 3 161 209 -1
18 2 3 161 210 -1
18 2 3 161 211 -1
18 2 4 161 265 -1
18 2 4 161 266 -1
18 2 4 161 267 -1
18 3 4 209 265 0.189767
18 3 4 209 266 0.113827
18 3 4 209 267 0.319272
18 3 4 210 265 0.297786
18 3 4 210 266 0.46656
18 3 4 210 267 -1
18 3 4 211 265 0.368341
18 3 4 211 266 0.333175
18 3 4 211 267 -1
end of Frame 219
