J OverallIdx viewIdx joint种类0-18(jointIdx) 该joint在图中的顺序(candidix) x y score
0 0 0 0 580.488 394.296 0.655608
1 0 0 1 325.206 436.49 0.594283
2 0 1 0 325.352 208.77 0.903106
3 0 1 1 591.628 210.903 0.768273
4 0 2 0 572.02 394.29 0.638016
5 0 2 1 370.299 440.687 0.575089
6 0 3 0 594.407 394.337 0.705522
7 0 3 1 277.625 432.307 0.569197
8 0 4 0 527.317 149.691 0.885017
9 0 5 0 403.842 210.818 0.817173
10 0 5 1 572.005 210.812 0.673295
11 0 6 0 255.075 204.554 0.780535
12 0 6 1 608.499 212.963 0.789921
13 0 7 0 577.771 529.289 0.674746
14 0 7 1 347.762 630.442 0.754133
15 0 8 0 33.5673 472.368 0.587969
16 0 8 1 577.666 529.306 0.699105
17 0 8 2 258.011 607.277 0.708085
18 0 9 0 375.828 122.303 0.856708
19 0 10 0 302.865 124.437 0.91592
20 0 10 1 577.761 149.757 0.815226
21 0 11 0 572.182 312.037 0.153691
22 0 11 1 437.521 345.865 0.906081
23 0 12 0 656.255 293.161 0.860818
24 0 12 1 30.7794 310.022 0.675107
25 0 12 2 213.286 339.536 0.865319
26 0 13 0 642.207 630.416 0.828567
27 0 13 1 328.182 765.512 0.358416
28 0 14 0 33.5 548.221 0.729262
29 0 14 1 586.062 655.815 0.667923
30 0 14 2 235.447 765.475 0.464654
31 0 15 0 532.812 329.001 0.311863
32 0 15 1 33.7107 377.412 0.170329
33 0 15 2 415.042 428.081 0.682482
34 0 16 0 588.937 345.808 0.855846
35 0 16 1 36.5879 379.566 0.704193
36 0 16 2 258.09 413.232 0.690119
37 0 17 0 36.5689 581.972 0.650883
38 0 17 1 521.64 685.281 0.589876
39 0 18 0 614.171 664.285 0.738793
40 1 0 0 600.101 377.451 0.629079
41 1 0 1 678.649 396.495 0.653088
42 1 0 2 145.937 411.185 0.760385
43 1 1 0 684.192 231.975 0.869411
44 1 1 1 123.45 242.396 0.907025
45 1 1 2 616.747 242.525 0.824864
46 1 2 0 580.522 377.391 0.694652
47 1 2 1 706.573 398.526 0.673799
48 1 2 2 115.025 411.223 0.696619
49 1 3 0 30.6895 373.265 0.620825
50 1 3 1 639.389 390.084 0.6908
51 1 3 2 185.042 409.107 0.711658
52 1 4 0 39.2743 172.905 0.858429
53 1 4 1 120.616 177.245 0.916209
54 1 4 2 600.142 196.179 0.878978
55 1 5 0 75.6859 240.382 0.81417
56 1 5 1 580.555 242.459 0.847816
57 1 5 2 723.538 240.371 0.828332
58 1 6 0 642.17 231.969 0.93908
59 1 6 1 171.123 242.413 0.848227
60 1 7 0 572.221 463.851 0.69588
61 1 7 1 687.089 531.368 0.824321
62 1 7 2 123.323 541.91 0.816712
63 1 8 0 50.4018 493.377 0.799536
64 1 8 1 614.166 525.032 0.717811
65 1 8 2 190.85 531.42 0.846685
66 1 9 0 684.453 179.238 0.203143
67 1 10 0 165.314 172.944 0.863152
68 1 10 1 642.14 179.316 0.927017
69 1 11 0 552.381 282.622 0.879461
70 1 11 1 53.2134 328.958 0.915555
71 1 11 2 748.838 328.985 0.942889
72 1 12 0 190.566 320.545 0.722863
73 1 12 1 636.607 328.929 0.901855
74 1 13 0 616.943 531.423 0.43966
75 1 13 1 128.975 649.402 0.775717
76 1 13 2 681.479 651.616 0.811551
77 1 14 0 207.472 651.604 0.785836
78 1 14 1 611.263 657.885 0.758381
79 1 15 0 569.164 328.929 0.898873
80 1 15 1 98.0706 383.758 0.881179
81 1 15 2 706.748 379.573 0.773099
82 1 16 0 207.458 392.249 0.69548
83 1 16 1 616.921 396.377 0.840006
84 1 17 0 25.181 636.865 0.348755
85 1 17 1 549.628 662.121 0.780634
86 1 17 2 235.551 678.963 0.801064
87 1 18 0 645.039 647.401 0.405768
88 1 18 1 165.483 678.932 0.799002
89 2 0 0 437.647 259.414 0.840952
90 2 0 1 712.298 369.064 0.616378
91 2 1 0 459.864 109.593 0.944041
92 2 1 1 748.675 225.629 0.765872
93 2 1 2 361.777 531.336 0.678939
94 2 2 0 412.21 257.278 0.786447
95 2 2 1 709.5 364.815 0.53954
96 2 3 0 473.892 261.483 0.76525
97 2 3 1 712.318 377.443 0.71405
98 2 4 0 487.934 75.9084 0.922228
99 2 4 1 684.273 162.414 0.919728
100 2 4 2 482.292 514.465 0.945686
101 2 5 0 412.126 101.192 0.797238
102 2 5 1 732.002 212.969 0.636699
103 2 5 2 370.09 596.762 0.66089
104 2 6 0 507.61 111.814 0.871411
105 2 6 1 754.358 238.264 0.819154
106 2 6 2 350.553 466.082 0.685289
107 2 7 0 395.548 360.588 0.85016
108 2 7 1 701.07 478.687 0.536163
109 2 8 0 459.783 362.668 0.843657
110 2 8 1 687.106 482.875 0.713705
111 2 9 0 459.793 52.7245 0.865354
112 2 9 1 398.208 480.772 0.933824
113 2 10 0 731.957 162.367 0.933122
114 2 11 0 344.818 139.14 0.865644
115 2 11 1 367.302 742.291 0.782979
116 2 12 0 532.802 162.418 0.885496
117 2 12 1 762.789 341.609 0.839732
118 2 12 2 378.615 514.494 0.157475
119 2 13 0 443.139 419.648 0.382468
120 2 13 1 684.399 550.369 0.739507
121 2 14 0 440.376 444.919 0.435434
122 2 14 1 681.539 594.61 0.790166
123 2 15 0 372.983 204.505 0.89174
124 2 15 1 462.712 750.696 0.86429
125 2 16 0 510.363 215.092 0.86006
126 2 16 1 706.565 381.641 0.907268
127 2 16 2 459.874 738.052 0.159037
128 2 17 0 631.005 615.764 0.764659
129 2 18 0 639.389 552.458 0.823522
130 3 0 0 583.255 345.738 0.748223
131 3 0 1 283.24 362.694 0.775461
132 3 0 2 863.778 546.154 0.357431
133 3 1 0 886.252 179.287 0.771073
134 3 1 1 277.668 185.542 0.860443
135 3 1 2 586.137 193.984 0.889195
136 3 2 0 558.064 343.754 0.719992
137 3 2 1 258.044 362.758 0.757605
138 3 2 2 947.858 537.717 0.364728
139 3 3 0 605.754 345.759 0.723456
140 3 3 1 308.506 362.633 0.725381
141 3 3 2 779.581 550.373 0.350741
142 3 4 0 328.164 128.589 0.929163
143 3 4 1 549.644 145.483 0.953382
144 3 5 0 238.315 179.279 0.847911
145 3 5 1 1029.2 185.565 0.616312
146 3 5 2 546.924 194.017 0.903696
147 3 6 0 757.153 177.093 0.699744
148 3 6 1 311.316 191.804 0.79424
149 3 6 2 622.556 193.955 0.8781
150 3 7 0 580.497 449.231 0.792603
151 3 7 1 257.989 495.484 0.831203
152 3 8 0 617.023 451.266 0.803151
153 3 8 1 302.975 491.323 0.789366
154 3 8 2 754.477 763.234 0.201886
155 3 9 0 933.841 42.2124 0.436805
156 3 9 1 283.245 115.986 0.89908
157 3 10 0 804.86 27.4964 0.71877
158 3 10 1 594.381 137.058 0.87984
159 3 11 0 168.22 242.559 0.923183
160 3 11 1 546.843 263.674 0.817609
161 3 12 0 305.657 257.242 0.624909
162 3 12 1 658.972 274.127 0.875124
163 3 12 2 723.518 369.053 0.619726
164 3 13 0 600.117 548.314 0.829751
165 3 13 1 235.453 598.935 0.700427
166 3 14 0 639.491 550.361 0.650402
167 3 14 1 302.806 600.994 0.839764
168 3 15 0 221.601 309.877 0.860946
169 3 15 1 538.399 324.735 0.796332
170 3 16 0 325.257 297.347 0.847114
171 3 16 1 616.93 337.413 0.840333
172 3 16 2 689.841 518.723 0.300097
173 3 16 3 659.023 632.612 0.712102
174 3 17 0 361.777 617.848 0.789575
175 3 18 0 569.322 579.93 0.837407
176 3 18 1 258.025 626.279 0.240661
177 4 0 0 1029.21 312.096 0.152869
178 4 0 1 555.336 333.187 0.599525
179 4 1 0 544.089 113.929 0.793667
180 4 2 0 594.426 335.289 0.57591
181 4 3 0 1029.21 312.079 0.364409
182 4 3 1 527.125 333.169 0.605894
183 4 5 0 588.864 107.566 0.831142
184 4 6 0 499.207 126.479 0.796832
185 4 7 0 600.098 514.466 0.736196
186 4 8 0 998.478 396.519 0.805976
187 4 8 1 552.397 493.45 0.718533
188 4 9 0 572.238 31.604 0.863088
189 4 11 0 631.006 179.272 0.816846
190 4 12 0 448.642 225.568 0.831329
191 4 13 0 619.779 480.806 0.172926
192 4 13 1 1029.21 493.385 0.327572
193 4 13 2 513.157 632.604 0.741214
194 4 14 0 636.512 482.879 0.245983
195 4 14 1 981.488 497.577 0.811534
196 4 14 2 558.118 630.484 0.721796
197 4 15 0 630.946 263.679 0.814812
198 4 16 0 527.196 267.787 0.763932
199 4 16 1 1029.21 291.012 0.158121
200 4 17 0 933.854 493.423 0.80573
201 4 17 1 687.014 512.419 0.543549
202 4 17 2 597.437 626.272 0.708869
203 4 18 0 566.517 683.169 0.552413
P viewIdx, pafIdx, aOverAllIdx, bOverAllIdx, CandidAIdx, CandidBIdx, score
0 0 2 0 0 0 0
0 0 2 1 0 1 0.992777
0 0 3 0 1 0 0.946216
0 0 3 1 1 1 0
0 1 4 13 0 0 0.954113
0 1 4 14 0 1 0
0 1 5 13 1 0 0
0 1 5 14 1 1 0.954909
0 2 13 26 0 0 0.991283
0 2 13 27 0 1 0
0 2 14 26 1 0 0
0 2 14 27 1 1 0.964259
0 3 0 4 0 0 0.889001
0 3 0 5 0 1 0
0 3 1 4 1 0 0
0 3 1 5 1 1 0.882143
0 4 0 6 0 0 0.893149
0 4 0 7 0 1 0
0 4 1 6 1 0 0
0 4 1 7 1 1 0.876722
0 5 6 15 0 0 0
0 5 6 16 0 1 0.97528
0 5 6 17 0 2 0
0 5 7 15 1 0 0
0 5 7 16 1 1 0
0 5 7 17 1 2 0.96585
0 6 15 28 0 0 0.974278
0 6 15 29 0 1 0
0 6 15 30 0 2 0
0 6 16 28 1 0 0
0 6 16 29 1 1 0.964832
0 6 16 30 1 2 0
0 6 17 28 2 0 0
0 6 17 29 2 1 0
0 6 17 30 2 2 0.969301
0 7 2 9 0 0 0.995707
0 7 2 10 0 1 0
0 7 3 9 1 0 0
0 7 3 10 1 1 0.947277
0 8 9 21 0 0 0
0 8 9 22 0 1 0.990238
0 8 10 21 1 0 0.665953
0 8 10 22 1 1 0
0 9 21 31 0 0 0.689135
0 9 21 32 0 1 0
0 9 21 33 0 2 0
0 9 22 31 1 0 0
0 9 22 32 1 1 0
0 9 22 33 1 2 0.953624
0 10 9 18 0 0 0.994579
0 10 10 18 1 0 0
0 11 2 11 0 0 0.985068
0 11 2 12 0 1 0
0 11 3 11 1 0 0
0 11 3 12 1 1 0.951737
0 12 11 23 0 0 0
0 12 11 24 0 1 0
0 12 11 25 0 2 0.984241
0 12 12 23 1 0 0.994025
0 12 12 24 1 1 0
0 12 12 25 1 2 0
0 13 23 34 0 0 0.962306
0 13 23 35 0 1 0
0 13 23 36 0 2 0
0 13 24 34 1 0 0
0 13 24 35 1 1 0.954009
0 13 24 36 1 2 0
0 13 25 34 2 0 0
0 13 25 35 2 1 0
0 13 25 36 2 2 0.991041
0 14 11 19 0 0 0.983982
0 14 11 20 0 1 0
0 14 12 19 1 0 0
0 14 12 20 1 1 0.999597
0 15 2 8 0 0 0
0 15 3 8 1 0 0.995383
0 16 28 37 0 0 0.929567
0 16 28 38 0 1 0
0 16 29 37 1 0 0
0 16 29 38 1 1 0.902342
0 16 30 37 2 0 0
0 16 30 38 2 1 0
0 17 26 39 0 0 0.931199
0 17 27 39 1 0 0
1 0 43 40 0 0 0.260108
1 0 43 41 0 1 0.293619
1 0 43 42 0 2 0
1 0 44 40 1 0 0
1 0 44 41 1 1 0
1 0 44 42 1 2 0.98325
1 0 45 40 2 0 0.294663
1 0 45 41 2 1 0.259755
1 0 45 42 2 2 0
1 1 46 60 0 0 0.97091
1 1 46 61 0 1 0
1 1 46 62 0 2 0
1 1 47 60 1 0 0
1 1 47 61 1 1 0.97171
1 1 47 62 1 2 0
1 1 48 60 2 0 0
1 1 48 61 2 1 0
1 1 48 62 2 2 0.982857
1 2 60 74 0 0 0.909935
1 2 60 75 0 1 0
1 2 60 76 0 2 0
1 2 61 74 1 0 0
1 2 61 75 1 1 0
1 2 61 76 1 2 0.994523
1 2 62 74 2 0 0
1 2 62 75 2 1 0.999176
1 2 62 76 2 2 0
1 3 40 46 0 0 0.935876
1 3 40 47 0 1 0
1 3 40 48 0 2 0
1 3 41 46 1 0 0
1 3 41 47 1 1 0.92259
1 3 41 48 1 2 0
1 3 42 46 2 0 0
1 3 42 47 2 1 0
1 3 42 48 2 2 0.935987
1 4 40 49 0 0 0
1 4 40 50 0 1 0.506695
1 4 40 51 0 2 0
1 4 41 49 1 0 0
1 4 41 50 1 1 0.493305
1 4 41 51 1 2 0
1 4 42 49 2 0 0
1 4 42 50 2 1 0
1 4 42 51 2 2 0.943012
1 5 49 63 0 0 0.999039
1 5 49 64 0 1 0
1 5 49 65 0 2 0
1 5 50 63 1 0 0
1 5 50 64 1 1 0.979881
1 5 50 65 1 2 0
1 5 51 63 2 0 0
1 5 51 64 2 1 0
1 5 51 65 2 2 0.990582
1 6 63 77 0 0 0
1 6 63 78 0 1 0
1 6 64 77 1 0 0
1 6 64 78 1 1 0.989797
1 6 65 77 2 0 0.998743
1 6 65 78 2 1 0
1 7 43 55 0 0 0
1 7 43 56 0 1 0
1 7 43 57 0 2 0.987285
1 7 44 55 1 0 0.994557
1 7 44 56 1 1 0
1 7 44 57 1 2 0
1 7 45 55 2 0 0
1 7 45 56 2 1 0.98494
1 7 45 57 2 2 0
1 8 55 69 0 0 0
1 8 55 70 0 1 0.992391
1 8 55 71 0 2 0
1 8 56 69 1 0 0.958271
1 8 56 70 1 1 0
1 8 56 71 1 2 0
1 8 57 69 2 0 0
1 8 57 70 2 1 0
1 8 57 71 2 2 0.997084
1 9 69 79 0 0 0.991213
1 9 69 80 0 1 0
1 9 69 81 0 2 0
1 9 70 79 1 0 0
1 9 70 80 1 1 0.983842
1 9 70 81 1 2 0
1 9 71 79 2 0 0
1 9 71 80 2 1 0
1 9 71 81 2 2 0.967363
1 10 55 66 0 0 0
1 10 56 66 1 0 0
1 10 57 66 2 0 0.764179
1 11 43 58 0 0 0.968223
1 11 43 59 0 1 0
1 11 44 58 1 0 0
1 11 44 59 1 1 0.99905
1 11 45 58 2 0 0
1 11 45 59 2 1 0
1 12 58 72 0 0 0
1 12 58 73 0 1 0.988407
1 12 59 72 1 0 0.977372
1 12 59 73 1 1 0
1 13 72 82 0 0 0.983867
1 13 72 83 0 1 0
1 13 73 82 1 0 0
1 13 73 83 1 1 0.983616
1 14 58 67 0 0 0
1 14 58 68 0 1 0.994676
1 14 59 67 1 0 0.99508
1 14 59 68 1 1 0
1 15 43 52 0 0 0
1 15 43 53 0 1 0
1 15 43 54 0 2 0.4575
1 15 44 52 1 0 0
1 15 44 53 1 1 0.99635
1 15 44 54 1 2 0
1 15 45 52 2 0 0
1 15 45 53 2 1 0
1 15 45 54 2 2 0.5425
1 16 77 84 0 0 0
1 16 77 85 0 1 0
1 16 77 86 0 2 0.996607
1 16 78 84 1 0 0
1 16 78 85 1 1 0.974068
1 16 78 86 1 2 0
1 17 74 87 0 0 0
1 17 74 88 0 1 0
1 17 75 87 1 0 0
1 17 75 88 1 1 0.997456
1 17 76 87 2 0 0.853624
1 17 76 88 2 1 0
2 0 91 89 0 0 0.977075
2 0 91 90 0 1 0
2 0 92 89 1 0 0
2 0 92 90 1 1 0.965202
2 0 93 89 2 0 0
2 0 93 90 2 1 0
2 1 94 107 0 0 0.972349
2 1 94 108 0 1 0
2 1 95 107 1 0 0
2 1 95 108 1 1 0.894634
2 2 107 119 0 0 0.943437
2 2 107 120 0 1 0
2 2 108 119 1 0 0
2 2 108 120 1 1 0.920503
2 3 89 94 0 0 0.961337
2 3 89 95 0 1 0
2 3 90 94 1 0 0
2 3 90 95 1 1 0.820335
2 4 89 96 0 0 0.963469
2 4 89 97 0 1 0
2 4 90 96 1 0 0
2 4 90 97 1 1 0.810232
2 5 96 109 0 0 0.99927
2 5 96 110 0 1 0
2 5 97 109 1 0 0
2 5 97 110 1 1 0.953304
2 6 109 121 0 0 0.893552
2 6 109 122 0 1 0
2 6 110 121 1 0 0
2 6 110 122 1 1 0.977929
2 7 91 101 0 0 0.991058
2 7 91 102 0 1 0
2 7 91 103 0 2 0
2 7 92 101 1 0 0
2 7 92 102 1 1 0.946628
2 7 92 103 1 2 0
2 7 93 101 2 0 0
2 7 93 102 2 1 0
2 7 93 103 2 2 0.966747
2 8 101 114 0 0 0.990562
2 8 101 115 0 1 0
2 8 102 114 1 0 0
2 8 102 115 1 1 0
2 8 103 114 2 0 0
2 8 103 115 2 1 0.992488
2 9 114 123 0 0 0.990765
2 9 114 124 0 1 0
2 9 115 123 1 0 0
2 9 115 124 1 1 0.973033
2 10 101 111 0 0 0.986564
2 10 101 112 0 1 0
2 10 102 111 1 0 0
2 10 102 112 1 1 0
2 10 103 111 2 0 0
2 10 103 112 2 1 0.971875
2 11 91 104 0 0 0.997868
2 11 91 105 0 1 0
2 11 91 106 0 2 0
2 11 92 104 1 0 0
2 11 92 105 1 1 0.95246
2 11 92 106 1 2 0
2 11 93 104 2 0 0
2 11 93 105 2 1 0
2 11 93 106 2 2 0.95073
2 12 104 116 0 0 0.997347
2 12 104 117 0 1 0
2 12 104 118 0 2 0
2 12 105 116 1 0 0
2 12 105 117 1 1 0.993924
2 12 105 118 1 2 0
2 12 106 116 2 0 0
2 12 106 117 2 1 0
2 12 106 118 2 2 0.831569
2 13 116 125 0 0 0.961208
2 13 116 126 0 1 0
2 13 116 127 0 2 0
2 13 117 125 1 0 0
2 13 117 126 1 1 0.991811
2 13 117 127 1 2 0
2 13 118 125 2 0 0
2 13 118 126 2 1 0
2 13 118 127 2 2 0
2 14 104 113 0 0 0
2 14 105 113 1 0 0.990746
2 14 106 113 2 0 0
2 15 91 98 0 0 0.971051
2 15 91 99 0 1 0
2 15 91 100 0 2 0
2 15 92 98 1 0 0
2 15 92 99 1 1 0.996579
2 15 92 100 1 2 0
2 15 93 98 2 0 0
2 15 93 99 2 1 0
2 15 93 100 2 2 0.974642
2 16 121 128 0 0 0
2 16 122 128 1 0 0.954932
2 17 119 129 0 0 0
2 17 120 129 1 0 0.917861
3 0 133 130 0 0 0
3 0 133 131 0 1 0
3 0 133 132 0 2 0.970342
3 0 134 130 1 0 0
3 0 134 131 1 1 0.991847
3 0 134 132 1 2 0
3 0 135 130 2 0 0.972528
3 0 135 131 2 1 0
3 0 135 132 2 2 0
3 1 136 150 0 0 0.987796
3 1 136 151 0 1 0
3 1 137 150 1 0 0
3 1 137 151 1 1 0.988936
3 1 138 150 2 0 0
3 1 138 151 2 1 0
3 2 150 164 0 0 0.988429
3 2 150 165 0 1 0
3 2 151 164 1 0 0
3 2 151 165 1 1 0.978529
3 3 130 136 0 0 0.956019
3 3 130 137 0 1 0
3 3 130 138 0 2 0
3 3 131 136 1 0 0
3 3 131 137 1 1 0.941587
3 3 131 138 1 2 0
3 3 132 136 2 0 0
3 3 132 137 2 1 0
3 3 132 138 2 2 0.818958
3 4 130 139 0 0 0.960483
3 4 130 140 0 1 0
3 4 130 141 0 2 0
3 4 131 139 1 0 0
3 4 131 140 1 1 0.949855
3 4 131 141 1 2 0
3 4 132 139 2 0 0
3 4 132 140 2 1 0
3 4 132 141 2 2 0.819131
3 5 139 152 0 0 0.977189
3 5 139 153 0 1 0
3 5 139 154 0 2 0
3 5 140 152 1 0 0
3 5 140 153 1 1 0.991708
3 5 140 154 1 2 0
3 5 141 152 2 0 0
3 5 141 153 2 1 0
3 5 141 154 2 2 0.917466
3 6 152 166 0 0 0.976882
3 6 152 167 0 1 0
3 6 153 166 1 0 0
3 6 153 167 1 1 0.994651
3 6 154 166 2 0 0
3 6 154 167 2 1 0
3 7 133 144 0 0 0
3 7 133 145 0 1 0.94295
3 7 133 146 0 2 0
3 7 134 144 1 0 0.999533
3 7 134 145 1 1 0
3 7 134 146 1 2 0
3 7 135 144 2 0 0
3 7 135 145 2 1 0
3 7 135 146 2 2 0.999551
3 8 144 159 0 0 0.961062
3 8 144 160 0 1 0
3 8 145 159 1 0 0
3 8 145 160 1 1 0
3 8 146 159 2 0 0
3 8 146 160 2 1 0.993252
3 9 159 168 0 0 0.989617
3 9 159 169 0 1 0
3 9 160 168 1 0 0
3 9 160 169 1 1 0.978233
3 10 144 155 0 0 0
3 10 144 156 0 1 0.949818
3 10 145 155 1 0 0.933411
3 10 145 156 1 1 0
3 10 146 155 2 0 0
3 10 146 156 2 1 0
3 11 133 147 0 0 0.973517
3 11 133 148 0 1 0
3 11 133 149 0 2 0
3 11 134 147 1 0 0
3 11 134 148 1 1 0.994024
3 11 134 149 1 2 0
3 11 135 147 2 0 0
3 11 135 148 2 1 0
3 11 135 149 2 2 0.999538
3 12 147 161 0 0 0
3 12 147 162 0 1 0
3 12 147 163 0 2 0.948969
3 12 148 161 1 0 0.935118
3 12 148 162 1 1 0
3 12 148 163 1 2 0
3 12 149 161 2 0 0
3 12 149 162 2 1 0.994955
3 12 149 163 2 2 0
3 13 161 170 0 0 0.952492
3 13 161 171 0 1 0
3 13 161 172 0 2 0
3 13 161 173 0 3 0
3 13 162 170 1 0 0
3 13 162 171 1 1 0.994087
3 13 162 172 1 2 0
3 13 162 173 1 3 0
3 13 163 170 2 0 0
3 13 163 171 2 1 0
3 13 163 172 2 2 0.505647
3 13 163 173 2 3 0.494353
3 14 147 157 0 0 0.963169
3 14 147 158 0 1 0
3 14 148 157 1 0 0
3 14 148 158 1 1 0
3 14 149 157 2 0 0
3 14 149 158 2 1 0.994909
3 15 133 142 0 0 0
3 15 133 143 0 1 0
3 15 134 142 1 0 0.960498
3 15 134 143 1 1 0
3 15 135 142 2 0 0
3 15 135 143 2 1 0.987367
3 16 166 174 0 0 0
3 16 167 174 1 0 0.985986
3 17 164 175 0 0 0.959233
3 17 164 176 0 1 0
3 17 165 175 1 0 0
3 17 165 176 1 1 0.836833
4 0 179 177 0 0 0
4 0 179 178 0 1 0.98508
4 1 180 185 0 0 0.95479
4 2 185 191 0 0 0
4 2 185 192 0 1 0
4 2 185 193 0 2 0.961709
4 3 177 180 0 0 0
4 3 178 180 1 0 0.890489
4 4 177 181 0 0 0.628291
4 4 177 182 0 1 0
4 4 178 181 1 0 0
4 4 178 182 1 1 0.895046
4 5 181 186 0 0 0.934016
4 5 181 187 0 1 0
4 5 182 186 1 0 0
4 5 182 187 1 1 0.982569
4 6 186 194 0 0 0
4 6 186 195 0 1 0.957825
4 6 186 196 0 2 0
4 6 187 194 1 0 0
4 6 187 195 1 1 0
4 6 187 196 1 2 0.995575
4 7 179 183 0 0 0.979825
4 8 183 189 0 0 0.998661
4 9 189 197 0 0 0.96754
4 10 183 188 0 0 0.990484
4 11 179 184 0 0 0.961512
4 12 184 190 0 0 0.98128
4 13 190 198 0 0 0.99967
4 13 190 199 0 1 0
4 16 194 200 0 0 0
4 16 194 201 0 1 0.823087
4 16 194 202 0 2 0
4 16 195 200 1 0 0.994223
4 16 195 201 1 1 0
4 16 195 202 1 2 0
4 16 196 200 2 0 0
4 16 196 201 2 1 0
4 16 196 202 2 2 0.94713
4 17 191 203 0 0 0
4 17 192 203 1 0 0
4 17 193 203 2 0 0.917274
E jointIdx viewA viewB aOverAllIdx bOverallIdx score
0 0 1 0 40 0.367996
0 0 1 0 41 0.144576
0 0 1 0 42 0.340589
0 0 1 1 40 0.258182
0 0 1 1 41 0.708559
0 0 1 1 42 -1
0 0 2 0 89 0.931695
0 0 2 0 90 -1
0 0 2 1 89 -1
0 0 2 1 90 0.897584
0 0 3 0 130 -1
0 0 3 0 131 0.964145
0 0 3 0 132 -1
0 0 3 1 130 0.979165
0 0 3 1 131 -1
0 0 3 1 132 -1
0 0 4 0 177 -1
0 0 4 0 178 0.926852
0 0 4 1 177 -1
0 0 4 1 178 -1
0 1 2 40 89 0.582306
0 1 2 40 90 0.417694
0 1 2 41 89 0.012637
0 1 2 41 90 0.663268
0 1 2 42 89 -1
0 1 2 42 90 -1
0 1 3 40 130 0.668066
0 1 3 40 131 0.985186
0 1 3 40 132 -1
0 1 3 41 130 0.75746
0 1 3 41 131 0.868112
0 1 3 41 132 -1
0 1 3 42 130 -1
0 1 3 42 131 -1
0 1 3 42 132 -1
0 1 4 40 177 -1
0 1 4 40 178 0.742473
0 1 4 41 177 -1
0 1 4 41 178 0.216005
0 1 4 42 177 0.359966
0 1 4 42 178 -1
0 2 3 89 130 -1
0 2 3 89 131 0.955838
0 2 3 89 132 -1
0 2 3 90 130 0.913673
0 2 3 90 131 -1
0 2 3 90 132 -1
0 2 4 89 177 -1
0 2 4 89 178 0.594449
0 2 4 90 177 -1
0 2 4 90 178 0.405551
0 3 4 130 177 -1
0 3 4 130 178 0.0259892
0 3 4 131 177 0.219304
0 3 4 131 178 0.780696
0 3 4 132 177 0.21573
0 3 4 132 178 -1
1 0 1 2 43 0.267983
1 0 1 2 44 0.18434
1 0 1 2 45 0.234006
1 0 1 3 43 0.217789
1 0 1 3 44 0.218756
1 0 1 3 45 0.254279
1 0 2 2 91 -1
1 0 2 2 92 0.892634
1 0 2 2 93 -1
1 0 2 3 91 0.93528
1 0 2 3 92 -1
1 0 2 3 93 -1
1 0 3 2 133 -1
1 0 3 2 134 0.460933
1 0 3 2 135 0.55315
1 0 3 3 133 -1
1 0 3 3 134 0.539067
1 0 3 3 135 0.44685
1 0 4 2 179 0.266866
1 0 4 3 179 0.733134
1 1 2 43 91 -1
1 1 2 43 92 0.678392
1 1 2 43 93 -1
1 1 2 44 91 -1
1 1 2 44 92 -1
1 1 2 44 93 0.981716
1 1 2 45 91 0.932268
1 1 2 45 92 0.415948
1 1 2 45 93 -1
1 1 3 43 133 0.196909
1 1 3 43 134 0.141247
1 1 3 43 135 0.172158
1 1 3 44 133 0.185632
1 1 3 44 134 0.164241
1 1 3 44 135 0.155152
1 1 3 45 133 0.117891
1 1 3 45 134 0.185507
1 1 3 45 135 0.166091
1 1 4 43 179 0.708992
1 1 4 44 179 -1
1 1 4 45 179 0.927983
1 2 3 91 133 -1
1 2 3 91 134 0.99061
1 2 3 91 135 -1
1 2 3 92 133 -1
1 2 3 92 134 -1
1 2 3 92 135 0.838968
1 2 3 93 133 0.599467
1 2 3 93 134 -1
1 2 3 93 135 -1
1 2 4 91 179 0.823395
1 2 4 92 179 0.0663245
1 2 4 93 179 -1
1 3 4 133 179 0.225155
1 3 4 134 179 0.541148
1 3 4 135 179 0.233697
2 0 1 4 46 0.492839
2 0 1 4 47 0.134601
2 0 1 4 48 0.310572
2 0 1 5 46 0.147287
2 0 1 5 47 0.767112
2 0 1 5 48 -1
2 0 2 4 94 0.918855
2 0 2 4 95 -1
2 0 2 5 94 -1
2 0 2 5 95 0.650722
2 0 3 4 136 -1
2 0 3 4 137 0.823377
2 0 3 4 138 -1
2 0 3 5 136 0.961928
2 0 3 5 137 -1
2 0 3 5 138 -1
2 0 4 4 180 0.668118
2 0 4 5 180 0.331881
2 1 2 46 94 0.701154
2 1 2 46 95 0.298846
2 1 2 47 94 -1
2 1 2 47 95 0.395036
2 1 2 48 94 -1
2 1 2 48 95 -1
2 1 3 46 136 0.850352
2 1 3 46 137 0.866758
2 1 3 46 138 -1
2 1 3 47 136 0.802966
2 1 3 47 137 0.883978
2 1 3 47 138 -1
2 1 3 48 136 -1
2 1 3 48 137 -1
2 1 3 48 138 -1
2 1 4 46 180 0.854759
2 1 4 47 180 -1
2 1 4 48 180 -1
2 2 3 94 136 -1
2 2 3 94 137 0.954998
2 2 3 94 138 -1
2 2 3 95 136 0.596408
2 2 3 95 137 -1
2 2 3 95 138 -1
2 2 4 94 180 0.910006
2 2 4 95 180 -1
2 3 4 136 180 -1
2 3 4 137 180 0.972105
2 3 4 138 180 -1
3 0 1 6 49 -1
3 0 1 6 50 0.439891
3 0 1 6 51 0.7455
3 0 1 7 49 -1
3 0 1 7 50 0.560109
3 0 1 7 51 -1
3 0 2 6 96 0.731883
3 0 2 6 97 -1
3 0 2 7 96 -1
3 0 2 7 97 0.900492
3 0 3 6 139 -1
3 0 3 6 140 0.713916
3 0 3 6 141 -1
3 0 3 7 139 0.964492
3 0 3 7 140 -1
3 0 3 7 141 -1
3 0 4 6 181 -1
3 0 4 6 182 0.972043
3 0 4 7 181 -1
3 0 4 7 182 -1
3 1 2 49 96 -1
3 1 2 49 97 -1
3 1 2 50 96 0.508299
3 1 2 50 97 0.491701
3 1 2 51 96 -1
3 1 2 51 97 -1
3 1 3 49 139 -1
3 1 3 49 140 -1
3 1 3 49 141 0.646902
3 1 3 50 139 0.721496
3 1 3 50 140 0.91646
3 1 3 50 141 -1
3 1 3 51 139 -1
3 1 3 51 140 -1
3 1 3 51 141 -1
3 1 4 49 181 -1
3 1 4 49 182 -1
3 1 4 50 181 -1
3 1 4 50 182 0.887043
3 1 4 51 181 0.642566
3 1 4 51 182 -1
3 2 3 96 139 -1
3 2 3 96 140 0.918101
3 2 3 96 141 -1
3 2 3 97 139 0.928698
3 2 3 97 140 -1
3 2 3 97 141 -1
3 2 4 96 181 -1
3 2 4 96 182 0.453605
3 2 4 97 181 -1
3 2 4 97 182 0.546395
3 3 4 139 181 -1
3 3 4 139 182 0.0436902
3 3 4 140 181 0.186536
3 3 4 140 182 0.813464
3 3 4 141 181 -1
3 3 4 141 182 -1
4 0 1 8 52 0.240316
4 0 1 8 53 0.294498
4 0 1 8 54 0.465186
4 0 2 8 98 0.941658
4 0 2 8 99 -1
4 0 2 8 100 -1
4 0 3 8 142 0.723998
4 0 3 8 143 0.276002
4 1 2 52 98 -1
4 1 2 52 99 -1
4 1 2 52 100 0.236378
4 1 2 53 98 -1
4 1 2 53 99 -1
4 1 2 53 100 0.815915
4 1 2 54 98 0.971488
4 1 2 54 99 0.610953
4 1 2 54 100 -1
4 1 3 52 142 -1
4 1 3 52 143 -1
4 1 3 53 142 0.0574078
4 1 3 53 143 0.166342
4 1 3 54 142 0.510228
4 1 3 54 143 0.489772
4 2 3 98 142 0.988052
4 2 3 98 143 -1
4 2 3 99 142 -1
4 2 3 99 143 0.994994
4 2 3 100 142 -1
4 2 3 100 143 -1
5 0 1 9 55 0.19342
5 0 1 9 56 0.215616
5 0 1 9 57 0.226214
5 0 1 10 55 0.189023
5 0 1 10 56 0.227117
5 0 1 10 57 0.216022
5 0 2 9 101 -1
5 0 2 9 102 0.646506
5 0 2 9 103 -1
5 0 2 10 101 0.881202
5 0 2 10 102 -1
5 0 2 10 103 -1
5 0 3 9 144 0.534958
5 0 3 9 145 -1
5 0 3 9 146 0.526
5 0 3 10 144 0.465042
5 0 3 10 145 -1
5 0 3 10 146 0.474
5 0 4 9 183 0.334457
5 0 4 10 183 0.665543
5 1 2 55 101 -1
5 1 2 55 102 -1
5 1 2 55 103 0.905998
5 1 2 56 101 0.85776
5 1 2 56 102 -1
5 1 2 56 103 -1
5 1 2 57 101 -1
5 1 2 57 102 0.443101
5 1 2 57 103 -1
5 1 3 55 144 0.144145
5 1 3 55 145 0.212431
5 1 3 55 146 0.147378
5 1 3 56 144 0.159252
5 1 3 56 145 0.134018
5 1 3 56 146 0.163459
5 1 3 57 144 0.165693
5 1 3 57 145 0.129701
5 1 3 57 146 0.15885
5 1 4 55 183 -1
5 1 4 56 183 0.953753
5 1 4 57 183 -1
5 2 3 101 144 0.986459
5 2 3 101 145 -1
5 2 3 101 146 -1
5 2 3 102 144 -1
5 2 3 102 145 -1
5 2 3 102 146 0.633385
5 2 3 103 144 -1
5 2 3 103 145 0.87434
5 2 3 103 146 -1
5 2 4 101 183 0.951847
5 2 4 102 183 0.558299
5 2 4 103 183 -1
5 3 4 144 183 0.975203
5 3 4 145 183 -1
5 3 4 146 183 0.346972
6 0 1 11 58 0.483019
6 0 1 11 59 0.268643
6 0 1 12 58 0.307545
6 0 1 12 59 0.529351
6 0 2 11 104 -1
6 0 2 11 105 0.929426
6 0 2 11 106 -1
6 0 2 12 104 0.95539
6 0 2 12 105 -1
6 0 2 12 106 -1
6 0 3 11 147 -1
6 0 3 11 148 0.362562
6 0 3 11 149 0.572481
6 0 3 12 147 -1
6 0 3 12 148 0.637438
6 0 3 12 149 0.427519
6 0 4 11 184 0.318018
6 0 4 12 184 0.681982
6 1 2 58 104 0.788974
6 1 2 58 105 0.973426
6 1 2 58 106 -1
6 1 2 59 104 -1
6 1 2 59 105 -1
6 1 2 59 106 0.948779
6 1 3 58 147 0.270132
6 1 3 58 148 0.201678
6 1 3 58 149 0.266109
6 1 3 59 147 0.219006
6 1 3 59 148 0.287856
6 1 3 59 149 0.223052
6 1 4 58 184 0.581946
6 1 4 59 184 -1
6 2 3 104 147 -1
6 2 3 104 148 0.907354
6 2 3 104 149 -1
6 2 3 105 147 -1
6 2 3 105 148 -1
6 2 3 105 149 0.93569
6 2 3 106 147 0.274367
6 2 3 106 148 -1
6 2 3 106 149 -1
6 2 4 104 184 0.908191
6 2 4 105 184 -1
6 2 4 106 184 -1
6 3 4 147 184 0.37105
6 3 4 148 184 0.384012
6 3 4 149 184 0.244938
7 0 1 13 60 0.42475
7 0 1 13 61 -1
7 0 1 13 62 0.161186
7 0 1 14 60 -1
7 0 1 14 61 0.951413
7 0 1 14 62 -1
7 0 2 13 107 0.983082
7 0 2 13 108 -1
7 0 2 14 107 -1
7 0 2 14 108 0.586634
7 0 3 13 150 -1
7 0 3 13 151 0.832482
7 0 3 14 150 0.868813
7 0 3 14 151 -1
7 0 4 13 185 0.800051
7 0 4 14 185 -1
7 1 2 60 107 0.410955
7 1 2 60 108 0.589045
7 1 2 61 107 -1
7 1 2 61 108 0.494103
7 1 2 62 107 -1
7 1 2 62 108 -1
7 1 3 60 150 0.327326
7 1 3 60 151 0.672674
7 1 3 61 150 0.796367
7 1 3 61 151 0.203633
7 1 3 62 150 -1
7 1 3 62 151 -1
7 1 4 60 185 0.992189
7 1 4 61 185 -1
7 1 4 62 185 -1
7 2 3 107 150 -1
7 2 3 107 151 0.873263
7 2 3 108 150 0.429555
7 2 3 108 151 -1
7 2 4 107 185 0.882155
7 2 4 108 185 -1
7 3 4 150 185 -1
7 3 4 151 185 0.776928
8 0 1 15 63 0.87778
8 0 1 15 64 -1
8 0 1 15 65 -1
8 0 1 16 63 -1
8 0 1 16 64 -1
8 0 1 16 65 0.2922
8 0 1 17 63 -1
8 0 1 17 64 0.859211
8 0 1 17 65 -1
8 0 2 15 109 -1
8 0 2 15 110 -1
8 0 2 16 109 0.732408
8 0 2 16 110 -1
8 0 2 17 109 -1
8 0 2 17 110 0.741769
8 0 3 15 152 -1
8 0 3 15 153 -1
8 0 3 15 154 0.945823
8 0 3 16 152 -1
8 0 3 16 153 0.743728
8 0 3 16 154 -1
8 0 3 17 152 0.771102
8 0 3 17 153 -1
8 0 3 17 154 -1
8 0 4 15 186 0.213284
8 0 4 15 187 -1
8 0 4 16 186 -1
8 0 4 16 187 0.850658
8 0 4 17 186 -1
8 0 4 17 187 -1
8 1 2 63 109 -1
8 1 2 63 110 -1
8 1 2 64 109 0.157623
8 1 2 64 110 0.822187
8 1 2 65 109 -1
8 1 2 65 110 -1
8 1 3 63 152 -1
8 1 3 63 153 -1
8 1 3 63 154 0.755935
8 1 3 64 152 0.847885
8 1 3 64 153 -1
8 1 3 64 154 -1
8 1 3 65 152 -1
8 1 3 65 153 -1
8 1 3 65 154 -1
8 1 4 63 186 -1
8 1 4 63 187 -1
8 1 4 64 186 -1
8 1 4 64 187 0.509781
8 1 4 65 186 0.917835
8 1 4 65 187 -1
8 2 3 109 152 -1
8 2 3 109 153 0.973013
8 2 3 109 154 -1
8 2 3 110 152 0.99302
8 2 3 110 153 -1
8 2 3 110 154 -1
8 2 4 109 186 -1
8 2 4 109 187 0.880404
8 2 4 110 186 -1
8 2 4 110 187 0.119596
8 3 4 152 186 -1
8 3 4 152 187 -1
8 3 4 153 186 0.477387
8 3 4 153 187 0.522613
8 3 4 154 186 -1
8 3 4 154 187 -1
9 0 1 18 66 0.937787
9 0 2 18 111 0.121943
9 0 2 18 112 -1
9 0 3 18 155 -1
9 0 3 18 156 -1
9 0 4 18 188 0.101563
9 1 2 66 111 -1
9 1 2 66 112 -1
9 1 3 66 155 -1
9 1 3 66 156 0.791046
9 1 4 66 188 -1
9 2 3 111 155 -1
9 2 3 111 156 0.983039
9 2 3 112 155 0.149141
9 2 3 112 156 -1
9 2 4 111 188 0.930747
9 2 4 112 188 -1
9 3 4 155 188 0.428755
9 3 4 156 188 0.571245
10 0 1 19 67 0.0270163
10 0 1 19 68 0.701099
10 0 1 20 67 0.700174
10 0 1 20 68 0.206269
10 0 2 19 113 0.931117
10 0 2 20 113 -1
10 0 3 19 157 -1
10 0 3 19 158 0.970943
10 0 3 20 157 -1
10 0 3 20 158 -1
10 1 2 67 113 -1
10 1 2 68 113 0.938101
10 1 3 67 157 -1
10 1 3 67 158 0.220128
10 1 3 68 157 -1
10 1 3 68 158 0.779872
10 2 3 113 157 0.298507
10 2 3 113 158 0.701493
11 0 1 21 69 -1
11 0 1 21 70 0.451201
11 0 1 21 71 0.413439
11 0 1 22 69 -1
11 0 1 22 70 -1
11 0 1 22 71 0.586561
11 0 2 21 114 -1
11 0 2 21 115 -1
11 0 2 22 114 -1
11 0 2 22 115 -1
11 0 3 21 159 -1
11 0 3 21 160 0.373349
11 0 3 22 159 -1
11 0 3 22 160 0.626651
11 0 4 21 189 -1
11 0 4 22 189 -1
11 1 2 69 114 0.875077
11 1 2 69 115 -1
11 1 2 70 114 -1
11 1 2 70 115 0.660428
11 1 2 71 114 -1
11 1 2 71 115 -1
11 1 3 69 159 0.644215
11 1 3 69 160 0.355785
11 1 3 70 159 -1
11 1 3 70 160 -1
11 1 3 71 159 -1
11 1 3 71 160 0.835772
11 1 4 69 189 0.86752
11 1 4 70 189 -1
11 1 4 71 189 0.627239
11 2 3 114 159 0.964604
11 2 3 114 160 -1
11 2 3 115 159 -1
11 2 3 115 160 -1
11 2 4 114 189 0.969971
11 2 4 115 189 -1
11 3 4 159 189 0.665606
11 3 4 160 189 0.334393
12 0 1 23 72 0.379827
12 0 1 23 73 0.160558
12 0 1 24 72 0.330779
12 0 1 24 73 0.208901
12 0 1 25 72 0.0764936
12 0 1 25 73 0.459533
12 0 2 23 116 0.907653
12 0 2 23 117 -1
12 0 2 23 118 -1
12 0 2 24 116 -1
12 0 2 24 117 -1
12 0 2 24 118 0.816108
12 0 2 25 116 -1
12 0 2 25 117 0.922443
12 0 2 25 118 -1
12 0 3 23 161 0.972045
12 0 3 23 162 -1
12 0 3 23 163 -1
12 0 3 24 161 -1
12 0 3 24 162 -1
12 0 3 24 163 0.616316
12 0 3 25 161 -1
12 0 3 25 162 0.953485
12 0 3 25 163 -1
12 0 4 23 190 0.895349
12 0 4 24 190 -1
12 0 4 25 190 0.19247
12 1 2 72 116 -1
12 1 2 72 117 -1
12 1 2 72 118 0.553845
12 1 2 73 116 -1
12 1 2 73 117 0.99963
12 1 2 73 118 -1
12 1 3 72 161 -1
12 1 3 72 162 0.00972718
12 1 3 72 163 0.577123
12 1 3 73 161 0.210299
12 1 3 73 162 0.958118
12 1 3 73 163 -1
12 1 4 72 190 -1
12 1 4 73 190 0.11585
12 2 3 116 161 0.969389
12 2 3 116 162 -1
12 2 3 116 163 -1
12 2 3 117 161 -1
12 2 3 117 162 0.955241
12 2 3 117 163 -1
12 2 3 118 161 -1
12 2 3 118 162 -1
12 2 3 118 163 0.660215
12 2 4 116 190 0.871972
12 2 4 117 190 -1
12 2 4 118 190 -1
12 3 4 161 190 0.85282
12 3 4 162 190 0.925022
12 3 4 163 190 -1
13 0 1 26 74 0.431643
13 0 1 26 75 0.301736
13 0 1 26 76 -1
13 0 1 27 74 -1
13 0 1 27 75 -1
13 0 1 27 76 0.566677
13 0 2 26 119 0.22501
13 0 2 26 120 -1
13 0 2 27 119 -1
13 0 2 27 120 0.745339
13 0 3 26 164 -1
13 0 3 26 165 0.62241
13 0 3 27 164 0.753718
13 0 3 27 165 -1
13 0 4 26 191 -1
13 0 4 26 192 -1
13 0 4 26 193 0.890076
13 0 4 27 191 0.196924
13 0 4 27 192 -1
13 0 4 27 193 -1
13 1 2 74 119 0.365866
13 1 2 74 120 -1
13 1 2 75 119 -1
13 1 2 75 120 -1
13 1 2 76 119 0.204125
13 1 2 76 120 0.795875
13 1 3 74 164 -1
13 1 3 74 165 0.154087
13 1 3 75 164 -1
13 1 3 75 165 -1
13 1 3 76 164 0.988404
13 1 3 76 165 -1
13 1 4 74 191 0.320091
13 1 4 74 192 -1
13 1 4 74 193 0.941679
13 1 4 75 191 -1
13 1 4 75 192 0.669371
13 1 4 75 193 -1
13 1 4 76 191 -1
13 1 4 76 192 -1
13 1 4 76 193 0.739268
13 2 3 119 164 -1
13 2 3 119 165 0.555295
13 2 3 120 164 0.975297
13 2 3 120 165 -1
13 2 4 119 191 0.328613
13 2 4 119 192 -1
13 2 4 119 193 0.748016
13 2 4 120 191 0.54473
13 2 4 120 192 -1
13 2 4 120 193 -1
13 3 4 164 191 0.978823
13 3 4 164 192 -1
13 3 4 164 193 -1
13 3 4 165 191 -1
13 3 4 165 192 0.953149
13 3 4 165 193 0.432058
14 0 1 28 77 -1
14 0 1 28 78 -1
14 0 1 29 77 0.282386
14 0 1 29 78 -1
14 0 1 30 77 -1
14 0 1 30 78 0.859141
14 0 2 28 121 -1
14 0 2 28 122 0.939526
14 0 2 29 121 0.681502
14 0 2 29 122 -1
14 0 2 30 121 -1
14 0 2 30 122 0.848992
14 0 3 28 166 -1
14 0 3 28 167 -1
14 0 3 29 166 -1
14 0 3 29 167 0.760454
14 0 3 30 166 0.925733
14 0 3 30 167 -1
14 0 4 28 194 -1
14 0 4 28 195 -1
14 0 4 28 196 -1
14 0 4 29 194 -1
14 0 4 29 195 -1
14 0 4 29 196 0.937558
14 0 4 30 194 0.948192
14 0 4 30 195 -1
14 0 4 30 196 -1
14 1 2 77 121 -1
14 1 2 77 122 -1
14 1 2 78 121 -1
14 1 2 78 122 0.911989
14 1 3 77 166 -1
14 1 3 77 167 -1
14 1 3 78 166 0.656101
14 1 3 78 167 -1
14 1 4 77 194 -1
14 1 4 77 195 0.999237
14 1 4 77 196 -1
14 1 4 78 194 0.88935
14 1 4 78 195 -1
14 1 4 78 196 0.381797
14 2 3 121 166 -1
14 2 3 121 167 0.918532
14 2 3 122 166 0.654946
14 2 3 122 167 -1
14 2 4 121 194 0.0768762
14 2 4 121 195 -1
14 2 4 121 196 0.770649
14 2 4 122 194 0.923124
14 2 4 122 195 -1
14 2 4 122 196 -1
14 3 4 166 194 0.697367
14 3 4 166 195 -1
14 3 4 166 196 -1
14 3 4 167 194 -1
14 3 4 167 195 0.973435
14 3 4 167 196 0.98771
15 0 1 31 79 0.915926
15 0 1 31 80 -1
15 0 1 31 81 -1
15 0 1 32 79 0.234499
15 0 1 32 80 0.460928
15 0 1 32 81 0.304573
15 0 1 33 79 -1
15 0 1 33 80 -1
15 0 1 33 81 0.731056
15 0 2 31 123 0.555208
15 0 2 31 124 -1
15 0 2 32 123 -1
15 0 2 32 124 -1
15 0 2 33 123 -1
15 0 2 33 124 -1
15 0 3 31 168 0.783551
15 0 3 31 169 -1
15 0 3 32 168 -1
15 0 3 32 169 -1
15 0 3 33 168 -1
15 0 3 33 169 0.818194
15 0 4 31 197 0.963427
15 0 4 32 197 -1
15 0 4 33 197 -1
15 1 2 79 123 0.879329
15 1 2 79 124 -1
15 1 2 80 123 -1
15 1 2 80 124 0.857545
15 1 2 81 123 -1
15 1 2 81 124 -1
15 1 3 79 168 0.790154
15 1 3 79 169 0.209846
15 1 3 80 168 -1
15 1 3 80 169 -1
15 1 3 81 168 0.0671569
15 1 3 81 169 0.8996
15 1 4 79 197 0.855017
15 1 4 80 197 -1
15 1 4 81 197 -1
15 2 3 123 168 0.90964
15 2 3 123 169 -1
15 2 3 124 168 -1
15 2 3 124 169 -1
15 2 4 123 197 0.98143
15 2 4 124 197 -1
15 3 4 168 197 0.483492
15 3 4 169 197 0.516508
16 0 1 34 82 -1
16 0 1 34 83 -1
16 0 1 35 82 0.723223
16 0 1 35 83 0.276777
16 0 1 36 82 0.0960104
16 0 1 36 83 0.819635
16 0 2 34 125 0.939082
16 0 2 34 126 -1
16 0 2 34 127 -1
16 0 2 35 125 -1
16 0 2 35 126 -1
16 0 2 35 127 -1
16 0 2 36 125 -1
16 0 2 36 126 0.986346
16 0 2 36 127 -1
16 0 3 34 170 0.841571
16 0 3 34 171 -1
16 0 3 34 172 -1
16 0 3 34 173 -1
16 0 3 35 170 -1
16 0 3 35 171 -1
16 0 3 35 172 0.357549
16 0 3 35 173 0.26966
16 0 3 36 170 -1
16 0 3 36 171 0.972453
16 0 3 36 172 -1
16 0 3 36 173 -1
16 0 4 34 198 0.865418
16 0 4 34 199 -1
16 0 4 35 198 -1
16 0 4 35 199 0.749746
16 0 4 36 198 0.407123
16 0 4 36 199 -1
16 1 2 82 125 -1
16 1 2 82 126 -1
16 1 2 82 127 -1
16 1 2 83 125 -1
16 1 2 83 126 0.852782
16 1 2 83 127 -1
16 1 3 82 170 -1
16 1 3 82 171 -1
16 1 3 82 172 0.0129173
16 1 3 82 173 -1
16 1 3 83 170 -1
16 1 3 83 171 0.895663
16 1 3 83 172 -1
16 1 3 83 173 -1
16 1 4 82 198 -1
16 1 4 82 199 0.913708
16 1 4 83 198 -1
16 1 4 83 199 -1
16 2 3 125 170 0.930428
16 2 3 125 171 -1
16 2 3 125 172 -1
16 2 3 125 173 -1
16 2 3 126 170 -1
16 2 3 126 171 0.982454
16 2 3 126 172 -1
16 2 3 126 173 -1
16 2 3 127 170 -1
16 2 3 127 171 -1
16 2 3 127 172 -1
16 2 3 127 173 -1
16 2 4 125 198 0.825632
16 2 4 125 199 -1
16 2 4 126 198 -1
16 2 4 126 199 -1
16 2 4 127 198 -1
16 2 4 127 199 0.849126
16 3 4 170 198 0.844596
16 3 4 170 199 -1
16 3 4 171 198 0.544264
16 3 4 171 199 -1
16 3 4 172 198 -1
16 3 4 172 199 -1
16 3 4 173 198 -1
16 3 4 173 199 -1
17 0 1 37 84 0.670878
17 0 1 37 85 -1
17 0 1 37 86 -1
17 0 1 38 84 -1
17 0 1 38 85 -1
17 0 1 38 86 0.655789
17 0 2 37 128 0.565795
17 0 2 38 128 -1
17 0 3 37 174 -1
17 0 3 38 174 0.855369
17 0 4 37 200 -1
17 0 4 37 201 -1
17 0 4 37 202 -1
17 0 4 38 200 -1
17 0 4 38 201 -1
17 0 4 38 202 0.953071
17 1 2 84 128 -1
17 1 2 85 128 0.963023
17 1 2 86 128 -1
17 1 3 84 174 -1
17 1 3 85 174 -1
17 1 3 86 174 -1
17 1 4 84 200 -1
17 1 4 84 201 -1
17 1 4 84 202 -1
17 1 4 85 200 -1
17 1 4 85 201 0.807667
17 1 4 85 202 -1
17 1 4 86 200 0.925888
17 1 4 86 201 -1
17 1 4 86 202 -1
17 2 3 128 174 -1
17 2 4 128 200 -1
17 2 4 128 201 0.73113
17 2 4 128 202 0.605715
17 3 4 174 200 0.693584
17 3 4 174 201 -1
17 3 4 174 202 0.872571
18 0 1 39 87 -1
18 0 1 39 88 0.651977
18 0 2 39 129 -1
18 0 3 39 175 -1
18 0 3 39 176 0.744893
18 0 4 39 203 0.709105
18 1 2 87 129 0.824875
18 1 2 88 129 -1
18 1 3 87 175 0.752034
18 1 3 87 176 -1
18 1 3 88 175 -1
18 1 3 88 176 -1
18 1 4 87 203 0.176658
18 1 4 88 203 -1
18 2 3 129 175 0.873441
18 2 3 129 176 -1
18 2 4 129 203 -1
18 3 4 175 203 -1
18 3 4 176 203 0.894431
end of Frame 138
