J OverallIdx viewIdx joint种类0-18(jointIdx) 该joint在图中的顺序(candidix) x y score
0 0 0 0 448.653 377.405 0.623222
1 0 0 1 271.98 411.188 0.597766
2 0 0 2 824.505 533.496 0.395862
3 0 1 0 821.61 191.823 0.780811
4 0 1 1 933.806 204.546 0.265948
5 0 1 2 269.186 210.793 0.819114
6 0 1 3 451.449 210.814 0.823255
7 0 2 0 412.221 375.361 0.640205
8 0 2 1 288.807 413.311 0.587266
9 0 2 2 900.159 525.066 0.362156
10 0 3 0 482.453 377.463 0.659652
11 0 3 1 252.406 406.992 0.521573
12 0 3 2 754.38 531.41 0.381422
13 0 4 0 897.42 139.15 0.341862
14 0 4 1 459.814 147.579 0.847263
15 0 4 2 358.939 160.151 0.849092
16 0 5 0 930.967 174.996 0.718504
17 0 5 1 395.453 206.688 0.817022
18 0 5 2 302.902 212.971 0.839602
19 0 6 0 235.529 206.647 0.782168
20 0 6 1 709.581 206.616 0.705894
21 0 6 2 992.718 206.601 0.72294
22 0 6 3 504.695 212.941 0.819766
23 0 7 0 403.842 512.34 0.703139
24 0 7 1 286.02 565.065 0.6923
25 0 7 2 900.15 735.93 0.596808
26 0 8 0 476.737 510.309 0.607111
27 0 8 1 260.883 560.925 0.613852
28 0 8 2 771.263 746.454 0.577294
29 0 9 0 869.361 82.249 0.821991
30 0 9 1 420.743 141.315 0.637176
31 0 9 2 302.951 137.099 0.902937
32 0 10 0 776.843 78.019 0.883857
33 0 10 1 953.386 132.851 0.878776
34 0 10 2 482.488 143.326 0.461734
35 0 11 0 370.204 282.556 0.686337
36 0 11 1 364.536 328.884 0.75358
37 0 11 2 973.067 360.561 0.754456
38 0 12 0 521.552 297.348 0.710665
39 0 12 1 213.076 318.442 0.645843
40 0 12 2 1029.21 312.144 0.770968
41 0 12 3 678.64 377.51 0.794543
42 0 13 0 375.866 632.532 0.798191
43 0 13 1 995.491 683.208 0.156182
44 0 13 2 235.474 738.056 0.55288
45 0 14 0 479.442 632.614 0.476791
46 0 14 1 998.239 683.297 0.213906
47 0 14 2 263.617 719.101 0.635225
48 0 15 0 415.103 269.94 0.805781
49 0 15 1 426.247 390.112 0.729554
50 0 15 2 998.349 514.438 0.783959
51 0 16 0 524.401 369.06 0.728065
52 0 16 1 998.222 383.797 0.476338
53 0 16 2 675.808 503.951 0.755531
54 0 17 0 479.575 666.356 0.259138
55 0 17 1 336.539 738.085 0.762721
56 0 17 2 992.722 740.169 0.362761
57 0 18 0 367.371 666.264 0.778765
58 0 18 1 998.194 735.967 0.225907
59 0 18 2 308.51 750.785 0.205388
60 1 0 0 504.61 369.025 0.570832
61 1 0 1 813.191 379.498 0.782142
62 1 0 2 569.2 396.379 0.690537
63 1 0 3 1029.21 413.348 0.552715
64 1 1 0 504.717 229.85 0.561482
65 1 1 1 569.158 238.255 0.849925
66 1 1 2 1029.21 248.824 0.740097
67 1 1 3 810.404 257.267 0.848113
68 1 2 0 488.013 369.028 0.678776
69 1 2 1 779.59 379.509 0.772917
70 1 2 2 597.249 396.393 0.713272
71 1 3 0 838.531 379.5 0.808167
72 1 3 1 527.314 387.97 0.678758
73 1 3 2 998.239 413.365 0.709908
74 1 4 0 549.727 193.905 0.886891
75 1 4 1 617.036 193.919 0.240379
76 1 4 2 953.573 208.763 0.919862
77 1 4 3 796.577 210.903 0.985035
78 1 5 0 488.033 231.996 0.778527
79 1 5 1 616.878 244.519 0.901149
80 1 5 2 771.252 259.329 0.891704
81 1 6 0 521.623 229.868 0.894504
82 1 6 1 978.79 248.804 0.818631
83 1 6 2 844.189 255.112 0.846152
84 1 7 0 796.312 468.161 0.858103
85 1 7 1 488.024 480.706 0.815134
86 1 7 2 597.263 520.87 0.787179
87 1 8 0 844.104 465.987 0.886855
88 1 8 1 530.037 497.633 0.822054
89 1 8 2 998.263 535.61 0.82988
90 1 9 0 510.486 183.433 0.845423
91 1 9 1 611.317 179.337 0.880964
92 1 9 2 785.164 210.82 0.248239
93 1 10 0 571.912 181.387 0.196933
94 1 10 1 992.779 193.924 0.931709
95 1 10 2 824.45 210.761 0.92035
96 1 11 0 487.958 312.092 0.152161
97 1 11 1 754.333 316.27 0.727372
98 1 11 2 617.03 322.652 0.761801
99 1 12 0 863.592 312.141 0.924853
100 1 12 1 502.004 320.488 0.873799
101 1 12 2 956.34 339.501 0.867576
102 1 13 0 804.835 550.341 0.819302
103 1 13 1 459.775 582.009 0.855223
104 1 13 2 597.311 653.667 0.759147
105 1 14 0 838.417 546.098 0.834224
106 1 14 1 518.832 582.062 0.583774
107 1 14 2 546.803 647.379 0.774093
108 1 14 3 1001.09 645.235 0.781406
109 1 15 0 751.642 366.972 0.800975
110 1 16 0 863.689 364.892 0.917305
111 1 16 1 529.997 377.491 0.743608
112 1 16 2 931.193 413.3 0.928292
113 1 17 0 838.518 567.288 0.840455
114 1 17 1 566.464 647.338 0.35976
115 1 17 2 956.243 647.279 0.757714
116 1 18 0 793.67 569.37 0.69726
117 1 18 1 462.838 613.597 0.865737
118 1 18 2 614.124 653.73 0.42523
119 2 0 0 530.061 147.597 0.768519
120 2 0 1 855.362 246.775 0.657912
121 2 0 2 389.87 322.627 0.64453
122 2 0 3 639.418 396.417 0.776077
123 2 1 0 530.091 25.4107 0.910001
124 2 1 1 886.111 124.36 0.82112
125 2 1 2 392.594 145.551 0.775509
126 2 1 3 659.019 238.32 0.830059
127 2 2 0 507.603 147.639 0.772218
128 2 2 1 860.917 244.67 0.5672
129 2 2 2 398.195 326.854 0.663234
130 2 2 3 664.717 392.236 0.700758
131 2 3 0 552.537 145.564 0.742317
132 2 3 1 846.899 253.034 0.686336
133 2 3 2 373.065 314.258 0.595186
134 2 3 3 614.095 398.583 0.707612
135 2 4 0 835.636 82.2056 0.84232
136 2 4 1 468.328 105.451 0.732569
137 2 5 0 493.606 31.6 0.814327
138 2 5 1 900.212 109.675 0.685865
139 2 5 2 398.192 160.192 0.730046
140 2 5 3 698.254 227.824 0.820678
141 2 6 0 572.148 25.2119 0.916339
142 2 6 1 381.38 137.033 0.636693
143 2 6 2 872.105 134.947 0.797982
144 2 6 3 617.078 246.693 0.846516
145 2 7 0 507.671 229.806 0.803521
146 2 7 1 824.533 314.273 0.723874
147 2 7 2 412.305 436.538 0.806877
148 2 7 3 661.759 497.695 0.888747
149 2 8 0 549.705 227.77 0.793392
150 2 8 1 824.475 328.932 0.748718
151 2 8 2 406.67 413.35 0.53924
152 2 8 3 597.352 510.302 0.843442
153 2 9 0 431.919 94.8373 0.861816
154 2 9 1 698.224 162.343 0.729274
155 2 10 0 880.496 75.9009 0.911708
156 2 10 1 633.828 160.214 0.801583
157 2 11 0 482.312 97.0047 0.797209
158 2 11 1 412.1 269.908 0.781902
159 2 11 2 653.381 307.86 0.210652
160 2 12 0 574.981 88.5199 0.679922
161 2 12 1 860.85 213.015 0.857072
162 2 12 2 594.661 360.633 0.875942
163 2 13 0 521.586 309.917 0.805745
164 2 13 1 869.415 394.314 0.811923
165 2 13 2 375.79 548.239 0.836298
166 2 13 3 667.434 601.007 0.813446
167 2 14 0 549.492 301.516 0.708239
168 2 14 1 816.101 413.258 0.876801
169 2 14 2 398.189 495.478 0.637621
170 2 14 3 600.102 609.39 0.809566
171 2 15 0 482.203 160.191 0.882213
172 2 15 1 468.346 225.605 0.85201
173 2 15 2 594.486 303.647 0.28935
174 2 16 0 583.326 143.456 0.664325
175 2 16 1 451.486 210.788 0.173287
176 2 16 2 818.905 274.138 0.881684
177 2 16 3 434.685 282.56 0.232306
178 2 16 4 555.256 379.653 0.627747
179 2 17 0 549.625 312.123 0.184033
180 2 17 1 774.031 415.371 0.849301
181 2 17 2 437.518 497.598 0.79283
182 2 17 3 597.344 596.78 0.465194
183 2 18 0 521.566 337.401 0.537643
184 2 18 1 841.3 413.267 0.476346
185 2 18 2 426.26 569.364 0.795589
186 2 18 3 658.998 594.661 0.488923
187 3 0 0 504.923 307.864 0.703594
188 3 0 1 190.706 331.098 0.818463
189 3 0 2 580.533 354.263 0.658631
190 3 0 3 328.231 375.352 0.659684
191 3 1 0 322.447 179.296 0.911911
192 3 1 1 574.971 187.709 0.760099
193 3 1 2 168.209 194.037 0.92017
194 3 1 3 504.896 196.081 0.750424
195 3 2 0 496.391 307.846 0.64902
196 3 2 1 168.369 333.199 0.776499
197 3 2 2 572.011 354.239 0.630954
198 3 2 3 370.067 377.412 0.666576
199 3 3 0 518.793 309.899 0.715491
200 3 3 1 213.042 329.043 0.810107
201 3 3 2 594.411 356.356 0.742052
202 3 3 3 299.966 375.365 0.648456
203 3 4 0 524.374 139.194 0.668386
204 3 4 1 196.272 143.342 0.929396
205 3 4 2 462.832 149.721 0.669186
206 3 5 0 372.918 177.221 0.85573
207 3 5 1 563.686 187.679 0.653605
208 3 5 2 490.735 196.148 0.619882
209 3 5 3 140.187 196.197 0.843954
210 3 6 0 263.601 183.484 0.812984
211 3 6 1 193.448 191.909 0.848371
212 3 6 2 594.535 187.679 0.866487
213 3 6 3 524.367 194.094 0.888695
214 3 7 0 499.14 392.188 0.644403
215 3 7 1 190.774 425.958 0.80176
216 3 7 2 594.606 463.992 0.752407
217 3 7 3 392.621 512.449 0.848963
218 3 8 0 513.254 396.52 0.782995
219 3 8 1 218.753 423.867 0.794742
220 3 8 2 588.868 476.552 0.74534
221 3 8 3 328.151 512.392 0.832754
222 3 9 0 370.2 109.571 0.911365
223 3 9 1 154.286 143.268 0.869426
224 3 10 0 302.996 107.59 0.775704
225 3 10 1 549.53 126.577 0.951793
226 3 10 2 490.74 143.464 0.700866
227 3 11 0 131.775 272.003 0.823389
228 3 11 1 541.203 278.367 0.445279
229 3 11 2 395.494 278.267 0.816343
230 3 12 0 204.712 263.546 0.622768
231 3 12 1 532.827 276.22 0.768455
232 3 12 2 257.977 280.463 0.550835
233 3 12 3 616.923 282.58 0.886492
234 3 13 0 541.221 455.474 0.483374
235 3 13 1 204.692 525.075 0.705896
236 3 13 2 642.133 581.907 0.823293
237 3 13 3 395.408 664.182 0.733173
238 3 14 0 524.468 476.577 0.783606
239 3 14 1 171.064 506.108 0.759322
240 3 14 2 602.995 596.672 0.771739
241 3 14 3 342.12 632.646 0.748897
242 3 15 0 412.151 244.636 0.239457
243 3 15 1 479.48 320.515 0.396763
244 3 15 2 159.824 333.139 0.834257
245 3 16 0 221.561 312.175 0.81833
246 3 16 1 468.378 331.029 0.796137
247 3 16 2 558.119 345.751 0.830147
248 3 16 3 297.288 347.923 0.400262
249 3 17 0 496.385 495.488 0.637997
250 3 17 1 179.54 533.475 0.154045
251 3 17 2 549.787 598.941 0.867491
252 3 17 3 344.918 666.284 0.639176
253 3 18 0 235.428 548.221 0.737507
254 3 18 1 451.509 666.38 0.690875
255 4 0 0 661.896 278.364 0.396512
256 4 0 1 258.143 295.181 0.781942
257 4 0 2 732.032 318.414 0.605647
258 4 0 3 134.581 362.747 0.591334
259 4 1 0 734.822 109.768 0.733639
260 4 1 1 112.151 137.079 0.764437
261 4 1 2 661.982 141.207 0.763428
262 4 1 3 260.77 156.035 0.906229
263 4 2 0 639.349 278.311 0.542504
264 4 2 1 232.763 295.236 0.750465
265 4 2 2 768.378 318.387 0.575982
266 4 2 3 168.227 366.89 0.591594
267 4 3 0 288.899 295.13 0.741492
268 4 3 1 706.718 314.202 0.580125
269 4 3 2 100.988 362.682 0.596493
270 4 4 0 190.648 54.7626 0.510574
271 4 4 1 617.005 92.8748 0.94943
272 4 4 2 280.271 107.59 0.93359
273 4 5 0 773.953 109.661 0.710857
274 4 5 1 148.701 139.156 0.744974
275 4 5 2 619.761 143.282 0.830005
276 4 5 3 215.944 151.858 0.830694
277 4 6 0 703.95 118.081 0.754574
278 4 6 1 72.8818 132.892 0.73456
279 4 6 2 305.65 158.07 0.885947
280 4 7 0 636.517 385.912 0.490218
281 4 7 1 249.56 406.931 0.748558
282 4 7 2 751.698 457.607 0.802605
283 4 7 3 187.885 533.523 0.738854
284 4 8 0 297.292 400.639 0.784653
285 4 8 1 642.303 396.42 0.188491
286 4 8 2 687.101 476.538 0.734832
287 4 8 3 140.141 516.633 0.76858
288 4 9 0 154.261 48.5408 0.805631
289 4 9 1 235.739 96.9759 0.895968
290 4 10 0 675.8 42.1393 0.671157
291 4 10 1 661.742 73.7973 0.800368
292 4 11 0 617.038 215.061 0.752534
293 4 11 1 210.285 221.449 0.767118
294 4 11 2 185.029 276.272 0.776151
295 4 12 0 328.076 227.771 0.930438
296 4 12 1 687.127 231.995 0.775185
297 4 13 0 280.393 461.843 0.778617
298 4 13 1 647.786 495.477 0.581931
299 4 13 2 793.58 598.87 0.816068
300 4 13 3 187.812 683.149 0.772134
301 4 14 0 294.475 487.146 0.763407
302 4 14 1 658.971 504.002 0.199908
303 4 14 2 703.946 624.197 0.766634
304 4 14 3 103.725 666.38 0.712246
305 4 15 0 210.321 276.218 0.16684
306 4 15 1 614.16 274.116 0.789233
307 4 15 2 241.251 377.359 0.835353
308 4 16 0 330.99 295.185 0.896658
309 4 16 1 639.494 320.517 0.81035
310 4 17 0 294.493 514.609 0.830479
311 4 17 1 625.369 518.727 0.154292
312 4 17 2 642.237 626.272 0.748388
313 4 17 3 117.807 714.849 0.335466
314 4 18 0 277.66 491.279 0.363205
315 4 18 1 616.995 518.798 0.519418
316 4 18 2 771.181 588.298 0.563838
317 4 18 3 263.573 679.002 0.723579
P viewIdx, pafIdx, aOverAllIdx, bOverAllIdx, CandidAIdx, CandidBIdx, score
0 0 3 0 0 0 0
0 0 3 1 0 1 0
0 0 3 2 0 2 0.957803
0 0 4 0 1 0 0
0 0 4 1 1 1 0
0 0 4 2 1 2 0
0 0 5 0 2 0 0
0 0 5 1 2 1 0.964682
0 0 5 2 2 2 0
0 0 6 0 3 0 0.973147
0 0 6 1 3 1 0
0 0 6 2 3 2 0
0 1 7 23 0 0 0.960638
0 1 7 24 0 1 0
0 1 7 25 0 2 0
0 1 8 23 1 0 0
0 1 8 24 1 1 0.964972
0 1 8 25 1 2 0
0 1 9 23 2 0 0
0 1 9 24 2 1 0
0 1 9 25 2 2 0.971056
0 2 23 42 0 0 0.965553
0 2 23 43 0 1 0
0 2 23 44 0 2 0
0 2 24 42 1 0 0
0 2 24 43 1 1 0
0 2 24 44 1 2 0.950381
0 2 25 42 2 0 0
0 2 25 43 2 1 0
0 2 25 44 2 2 0
0 3 0 7 0 0 0.911281
0 3 0 8 0 1 0
0 3 0 9 0 2 0
0 3 1 7 1 0 0
0 3 1 8 1 1 0.898975
0 3 1 9 1 2 0
0 3 2 7 2 0 0
0 3 2 8 2 1 0
0 3 2 9 2 2 0.817098
0 4 0 10 0 0 0.918213
0 4 0 11 0 1 0
0 4 0 12 0 2 0
0 4 1 10 1 0 0
0 4 1 11 1 1 0.887931
0 4 1 12 1 2 0
0 4 2 10 2 0 0
0 4 2 11 2 1 0
0 4 2 12 2 2 0.820432
0 5 10 26 0 0 0.973567
0 5 10 27 0 1 0
0 5 10 28 0 2 0
0 5 11 26 1 0 0
0 5 11 27 1 1 0.916304
0 5 11 28 1 2 0
0 5 12 26 2 0 0
0 5 12 27 2 1 0
0 5 12 28 2 2 0.95863
0 6 26 45 0 0 0.947079
0 6 26 46 0 1 0
0 6 26 47 0 2 0
0 6 27 45 1 0 0
0 6 27 46 1 1 0
0 6 27 47 1 2 0.964728
0 6 28 45 2 0 0
0 6 28 46 2 1 0
0 6 28 47 2 2 0
0 7 3 16 0 0 0.933977
0 7 3 17 0 1 0
0 7 3 18 0 2 0
0 7 4 16 1 0 0
0 7 4 17 1 1 0
0 7 4 18 1 2 0
0 7 5 16 2 0 0
0 7 5 17 2 1 0
0 7 5 18 2 2 0.986992
0 7 6 16 3 0 0
0 7 6 17 3 1 0.991235
0 7 6 18 3 2 0
0 8 16 35 0 0 0
0 8 16 36 0 1 0
0 8 16 37 0 2 0.990138
0 8 17 35 1 0 0.259256
0 8 17 36 1 1 0.256353
0 8 17 37 1 2 0
0 8 18 35 2 0 0.256351
0 8 18 36 2 1 0.259187
0 8 18 37 2 2 0
0 9 35 48 0 0 0.94918
0 9 35 49 0 1 0
0 9 35 50 0 2 0
0 9 36 48 1 0 0
0 9 36 49 1 1 0.994086
0 9 36 50 1 2 0
0 9 37 48 2 0 0
0 9 37 49 2 1 0
0 9 37 50 2 2 0.986198
0 10 16 29 0 0 0.954119
0 10 16 30 0 1 0
0 10 16 31 0 2 0
0 10 17 29 1 0 0
0 10 17 30 1 1 0.892899
0 10 17 31 1 2 0
0 10 18 29 2 0 0
0 10 18 30 2 1 0
0 10 18 31 2 2 0.994729
0 11 3 19 0 0 0
0 11 3 20 0 1 0.969165
0 11 3 21 0 2 0
0 11 3 22 0 3 0
0 11 4 19 1 0 0
0 11 4 20 1 1 0
0 11 4 21 1 2 0.851299
0 11 4 22 1 3 0
0 11 5 19 2 0 0.983749
0 11 5 20 2 1 0
0 11 5 21 2 2 0
0 11 5 22 2 3 0
0 11 6 19 3 0 0
0 11 6 20 3 1 0
0 11 6 21 3 2 0
0 11 6 22 3 3 0.992633
0 12 19 38 0 0 0
0 12 19 39 0 1 0.926128
0 12 19 40 0 2 0
0 12 19 41 0 3 0
0 12 20 38 1 0 0
0 12 20 39 1 1 0
0 12 20 40 1 2 0
0 12 20 41 1 3 0.96259
0 12 21 38 2 0 0
0 12 21 39 2 1 0
0 12 21 40 2 2 0.979059
0 12 21 41 2 3 0
0 12 22 38 3 0 0.988439
0 12 22 39 3 1 0
0 12 22 40 3 2 0
0 12 22 41 3 3 0
0 13 38 51 0 0 0.981521
0 13 38 52 0 1 0
0 13 38 53 0 2 0
0 13 39 51 1 0 0
0 13 39 52 1 1 0
0 13 39 53 1 2 0
0 13 40 51 2 0 0
0 13 40 52 2 1 0.905247
0 13 40 53 2 2 0
0 13 41 51 3 0 0
0 13 41 52 3 1 0
0 13 41 53 3 2 0.967696
0 14 19 32 0 0 0
0 14 19 33 0 1 0
0 14 19 34 0 2 0
0 14 20 32 1 0 0.952451
0 14 20 33 1 1 0
0 14 20 34 1 2 0
0 14 21 32 2 0 0
0 14 21 33 2 1 0.998663
0 14 21 34 2 2 0
0 14 22 32 3 0 0
0 14 22 33 3 1 0
0 14 22 34 3 2 0.879225
0 15 3 13 0 0 0
0 15 3 14 0 1 0
0 15 3 15 0 2 0
0 15 4 13 1 0 0.609368
0 15 4 14 1 1 0
0 15 4 15 1 2 0
0 15 5 13 2 0 0
0 15 5 14 2 1 0
0 15 5 15 2 2 0.979649
0 15 6 13 3 0 0
0 15 6 14 3 1 0.976832
0 15 6 15 3 2 0
0 16 45 54 0 0 0.797952
0 16 45 55 0 1 0
0 16 45 56 0 2 0
0 16 46 54 1 0 0
0 16 46 55 1 1 0
0 16 46 56 1 2 0.783965
0 16 47 54 2 0 0
0 16 47 55 2 1 0.961372
0 16 47 56 2 2 0
0 17 42 57 0 0 0.975716
0 17 42 58 0 1 0
0 17 42 59 0 2 0
0 17 43 57 1 0 0
0 17 43 58 1 1 0.731148
0 17 43 59 1 2 0
0 17 44 57 2 0 0
0 17 44 58 2 1 0
0 17 44 59 2 2 0.838178
1 0 64 60 0 0 0.296981
1 0 64 61 0 1 0
1 0 64 62 0 2 0.264596
1 0 64 63 0 3 0
1 0 65 60 1 0 0.264802
1 0 65 61 1 1 0
1 0 65 62 1 2 0.295257
1 0 65 63 1 3 0
1 0 66 60 2 0 0
1 0 66 61 2 1 0
1 0 66 62 2 2 0
1 0 66 63 2 3 0.881263
1 0 67 60 3 0 0
1 0 67 61 3 1 0.988653
1 0 67 62 3 2 0
1 0 67 63 3 3 0
1 1 68 84 0 0 0
1 1 68 85 0 1 0.942735
1 1 68 86 0 2 0
1 1 69 84 1 0 0.989039
1 1 69 85 1 1 0
1 1 69 86 1 2 0
1 1 70 84 2 0 0
1 1 70 85 2 1 0
1 1 70 86 2 2 0.995575
1 2 84 102 0 0 0.990495
1 2 84 103 0 1 0
1 2 84 104 0 2 0
1 2 85 102 1 0 0
1 2 85 103 1 1 0.980074
1 2 85 104 1 2 0
1 2 86 102 2 0 0
1 2 86 103 2 1 0
1 2 86 104 2 2 0.997872
1 3 60 68 0 0 0.861375
1 3 60 69 0 1 0
1 3 60 70 0 2 0
1 3 61 68 1 0 0
1 3 61 69 1 1 0.969982
1 3 61 70 1 2 0
1 3 62 68 2 0 0
1 3 62 69 2 1 0
1 3 62 70 2 2 0.926156
1 3 63 68 3 0 0
1 3 63 69 3 1 0
1 3 63 70 3 2 0
1 4 60 71 0 0 0
1 4 60 72 0 1 0
1 4 60 73 0 2 0
1 4 61 71 1 0 0.975037
1 4 61 72 1 1 0
1 4 61 73 1 2 0
1 4 62 71 2 0 0
1 4 62 72 2 1 0.882486
1 4 62 73 2 2 0
1 4 63 71 3 0 0
1 4 63 72 3 1 0
1 4 63 73 3 2 0.891224
1 5 71 87 0 0 0.999988
1 5 71 88 0 1 0
1 5 71 89 0 2 0
1 5 72 87 1 0 0
1 5 72 88 1 1 0.995548
1 5 72 89 1 2 0
1 5 73 87 2 0 0
1 5 73 88 2 1 0
1 5 73 89 2 2 0.99608
1 6 87 105 0 0 0.999006
1 6 87 106 0 1 0
1 6 87 107 0 2 0
1 6 87 108 0 3 0
1 6 88 105 1 0 0
1 6 88 106 1 1 0.493925
1 6 88 107 1 2 0.506075
1 6 88 108 1 3 0
1 6 89 105 2 0 0
1 6 89 106 2 1 0
1 6 89 107 2 2 0
1 6 89 108 2 3 0.993876
1 7 64 78 0 0 0.81087
1 7 64 79 0 1 0
1 7 64 80 0 2 0
1 7 65 78 1 0 0
1 7 65 79 1 1 0.991396
1 7 65 80 1 2 0
1 7 66 78 2 0 0
1 7 66 79 2 1 0
1 7 66 80 2 2 0
1 7 67 78 3 0 0
1 7 67 79 3 1 0
1 7 67 80 3 2 0.997751
1 8 78 96 0 0 0.843003
1 8 78 97 0 1 0
1 8 78 98 0 2 0
1 8 79 96 1 0 0
1 8 79 97 1 1 0
1 8 79 98 1 2 0.99577
1 8 80 96 2 0 0
1 8 80 97 2 1 0.945163
1 8 80 98 2 2 0
1 9 96 109 0 0 0
1 9 97 109 1 0 0.966159
1 9 98 109 2 0 0
1 10 78 90 0 0 0.937754
1 10 78 91 0 1 0
1 10 78 92 0 2 0
1 10 79 90 1 0 0
1 10 79 91 1 1 0.999007
1 10 79 92 1 2 0
1 10 80 90 2 0 0
1 10 80 91 2 1 0
1 10 80 92 2 2 0.790584
1 11 64 81 0 0 0
1 11 64 82 0 1 0
1 11 64 83 0 2 0
1 11 65 81 1 0 0.973633
1 11 65 82 1 1 0
1 11 65 83 1 2 0
1 11 66 81 2 0 0
1 11 66 82 2 1 0.977186
1 11 66 83 2 2 0
1 11 67 81 3 0 0
1 11 67 82 3 1 0
1 11 67 83 3 2 0.987803
1 12 81 99 0 0 0
1 12 81 100 0 1 0.989503
1 12 81 101 0 2 0
1 12 82 99 1 0 0
1 12 82 100 1 1 0
1 12 82 101 1 2 0.958394
1 12 83 99 2 0 0.9949
1 12 83 100 2 1 0
1 12 83 101 2 2 0
1 13 99 110 0 0 0.99929
1 13 99 111 0 1 0
1 13 99 112 0 2 0
1 13 100 110 1 0 0
1 13 100 111 1 1 0.986916
1 13 100 112 1 2 0
1 13 101 110 2 0 0
1 13 101 111 2 1 0
1 13 101 112 2 2 0.976102
1 14 81 93 0 0 0.754297
1 14 81 94 0 1 0
1 14 81 95 0 2 0
1 14 82 93 1 0 0
1 14 82 94 1 1 0.960934
1 14 82 95 1 2 0
1 14 83 93 2 0 0
1 14 83 94 2 1 0
1 14 83 95 2 2 0.990181
1 15 64 74 0 0 0.357345
1 15 64 75 0 1 0.332178
1 15 64 76 0 2 0
1 15 64 77 0 3 0
1 15 65 74 1 0 0.33157
1 15 65 75 1 1 0.357861
1 15 65 76 1 2 0
1 15 65 77 1 3 0
1 15 66 74 2 0 0
1 15 66 75 2 1 0
1 15 66 76 2 2 0.996729
1 15 66 77 2 3 0
1 15 67 74 3 0 0
1 15 67 75 3 1 0
1 15 67 76 3 2 0
1 15 67 77 3 3 0.987384
1 16 105 113 0 0 0.996893
1 16 105 114 0 1 0
1 16 105 115 0 2 0
1 16 106 113 1 0 0
1 16 106 114 1 1 0
1 16 106 115 1 2 0
1 16 107 113 2 0 0
1 16 107 114 2 1 0.811895
1 16 107 115 2 2 0
1 16 108 113 3 0 0
1 16 108 114 3 1 0
1 16 108 115 3 2 0.968822
1 17 102 116 0 0 0.966247
1 17 102 117 0 1 0
1 17 102 118 0 2 0
1 17 103 116 1 0 0
1 17 103 117 1 1 0.994245
1 17 103 118 1 2 0
1 17 104 116 2 0 0
1 17 104 117 2 1 0
1 17 104 118 2 2 0.674399
2 0 123 119 0 0 0.995519
2 0 123 120 0 1 0
2 0 123 121 0 2 0
2 0 123 122 0 3 0
2 0 124 119 1 0 0
2 0 124 120 1 1 0.955244
2 0 124 121 1 2 0
2 0 124 122 1 3 0
2 0 125 119 2 0 0
2 0 125 120 2 1 0
2 0 125 121 2 2 0.965728
2 0 125 122 2 3 0
2 0 126 119 3 0 0
2 0 126 120 3 1 0
2 0 126 121 3 2 0
2 0 126 122 3 3 0.996857
2 1 127 145 0 0 0.984173
2 1 127 146 0 1 0
2 1 127 147 0 2 0
2 1 127 148 0 3 0
2 1 128 145 1 0 0
2 1 128 146 1 1 0.922493
2 1 128 147 1 2 0
2 1 128 148 1 3 0
2 1 129 145 2 0 0
2 1 129 146 2 1 0
2 1 129 147 2 2 0.95832
2 1 129 148 2 3 0
2 1 130 145 3 0 0
2 1 130 146 3 1 0
2 1 130 147 3 2 0
2 1 130 148 3 3 0.989985
2 2 145 163 0 0 0.985858
2 2 145 164 0 1 0
2 2 145 165 0 2 0
2 2 145 166 0 3 0
2 2 146 163 1 0 0
2 2 146 164 1 1 0.991429
2 2 146 165 1 2 0
2 2 146 166 1 3 0
2 2 147 163 2 0 0
2 2 147 164 2 1 0
2 2 147 165 2 2 0.973753
2 2 147 166 2 3 0
2 2 148 163 3 0 0
2 2 148 164 3 1 0
2 2 148 165 3 2 0
2 2 148 166 3 3 0.997645
2 3 119 127 0 0 0.942192
2 3 119 128 0 1 0
2 3 119 129 0 2 0
2 3 119 130 0 3 0
2 3 120 127 1 0 0
2 3 120 128 1 1 0.777246
2 3 120 129 1 2 0
2 3 120 130 1 3 0
2 3 121 127 2 0 0
2 3 121 128 2 1 0
2 3 121 129 2 2 0.915351
2 3 121 130 2 3 0
2 3 122 127 3 0 0
2 3 122 128 3 1 0
2 3 122 129 3 2 0
2 3 122 130 3 3 0.940573
2 4 119 131 0 0 0.943549
2 4 119 132 0 1 0
2 4 119 133 0 2 0
2 4 119 134 0 3 0
2 4 120 131 1 0 0
2 4 120 132 1 1 0.78398
2 4 120 133 1 2 0
2 4 120 134 1 3 0
2 4 121 131 2 0 0
2 4 121 132 2 1 0
2 4 121 133 2 2 0.898254
2 4 121 134 2 3 0
2 4 122 131 3 0 0
2 4 122 132 3 1 0
2 4 122 133 3 2 0
2 4 122 134 3 3 0.934414
2 5 131 149 0 0 0.982982
2 5 131 150 0 1 0
2 5 131 151 0 2 0
2 5 131 152 0 3 0
2 5 132 149 1 0 0
2 5 132 150 1 1 0.961302
2 5 132 151 1 2 0
2 5 132 152 1 3 0
2 5 133 149 2 0 0
2 5 133 150 2 1 0
2 5 133 151 2 2 0.926248
2 5 133 152 2 3 0
2 5 134 149 3 0 0
2 5 134 150 3 1 0
2 5 134 151 3 2 0
2 5 134 152 3 3 0.975231
2 6 149 167 0 0 0.980868
2 6 149 168 0 1 0
2 6 149 169 0 2 0
2 6 149 170 0 3 0
2 6 150 167 1 0 0
2 6 150 168 1 1 0.982813
2 6 150 169 1 2 0
2 6 150 170 1 3 0
2 6 151 167 2 0 0
2 6 151 168 2 1 0
2 6 151 169 2 2 0.939274
2 6 151 170 2 3 0
2 6 152 167 3 0 0
2 6 152 168 3 1 0
2 6 152 169 3 2 0
2 6 152 170 3 3 0.997156
2 7 123 137 0 0 0.993532
2 7 123 138 0 1 0
2 7 123 139 0 2 0
2 7 123 140 0 3 0
2 7 124 137 1 0 0
2 7 124 138 1 1 0.948531
2 7 124 139 1 2 0
2 7 124 140 1 3 0
2 7 125 137 2 0 0
2 7 125 138 2 1 0
2 7 125 139 2 2 0.934274
2 7 125 140 2 3 0
2 7 126 137 3 0 0
2 7 126 138 3 1 0
2 7 126 139 3 2 0
2 7 126 140 3 3 0.984549
2 8 137 157 0 0 0.990236
2 8 137 158 0 1 0
2 8 137 159 0 2 0
2 8 138 157 1 0 0
2 8 138 158 1 1 0
2 8 138 159 1 2 0
2 8 139 157 2 0 0
2 8 139 158 2 1 0.982691
2 8 139 159 2 2 0
2 8 140 157 3 0 0
2 8 140 158 3 1 0
2 8 140 159 3 2 0.757204
2 9 157 171 0 0 0.998372
2 9 157 172 0 1 0
2 9 157 173 0 2 0
2 9 158 171 1 0 0
2 9 158 172 1 1 0.992581
2 9 158 173 1 2 0
2 9 159 171 2 0 0
2 9 159 172 2 1 0
2 9 159 173 2 2 0.796157
2 10 137 153 0 0 0
2 10 137 154 0 1 0
2 10 138 153 1 0 0
2 10 138 154 1 1 0
2 10 139 153 2 0 0.967767
2 10 139 154 2 1 0
2 10 140 153 3 0 0
2 10 140 154 3 1 0.958917
2 11 123 141 0 0 0.995257
2 11 123 142 0 1 0
2 11 123 143 0 2 0
2 11 123 144 0 3 0
2 11 124 141 1 0 0
2 11 124 142 1 1 0
2 11 124 143 1 2 0.946355
2 11 124 144 1 3 0
2 11 125 141 2 0 0
2 11 125 142 2 1 0.934193
2 11 125 143 2 2 0
2 11 125 144 2 3 0
2 11 126 141 3 0 0
2 11 126 142 3 1 0
2 11 126 143 3 2 0
2 11 126 144 3 3 0.980478
2 12 141 160 0 0 0.955568
2 12 141 161 0 1 0
2 12 141 162 0 2 0
2 12 142 160 1 0 0
2 12 142 161 1 1 0
2 12 142 162 1 2 0
2 12 143 160 2 0 0
2 12 143 161 2 1 0.992246
2 12 143 162 2 2 0
2 12 144 160 3 0 0
2 12 144 161 3 1 0
2 12 144 162 3 2 0.946651
2 13 160 174 0 0 0.92464
2 13 160 175 0 1 0
2 13 160 176 0 2 0
2 13 160 177 0 3 0
2 13 160 178 0 4 0
2 13 161 174 1 0 0
2 13 161 175 1 1 0
2 13 161 176 1 2 0.988682
2 13 161 177 1 3 0
2 13 161 178 1 4 0
2 13 162 174 2 0 0
2 13 162 175 2 1 0
2 13 162 176 2 2 0
2 13 162 177 2 3 0
2 13 162 178 2 4 0.896427
2 14 141 155 0 0 0
2 14 141 156 0 1 0
2 14 142 155 1 0 0
2 14 142 156 1 1 0
2 14 143 155 2 0 0.984832
2 14 143 156 2 1 0
2 14 144 155 3 0 0
2 14 144 156 3 1 0.985025
2 15 123 135 0 0 0
2 15 123 136 0 1 0
2 15 124 135 1 0 0.999887
2 15 124 136 1 1 0
2 15 125 135 2 0 0
2 15 125 136 2 1 0.936068
2 15 126 135 3 0 0
2 15 126 136 3 1 0
2 16 167 179 0 0 0.821821
2 16 167 180 0 1 0
2 16 167 181 0 2 0
2 16 167 182 0 3 0
2 16 168 179 1 0 0
2 16 168 180 1 1 0.996008
2 16 168 181 1 2 0
2 16 168 182 1 3 0
2 16 169 179 2 0 0
2 16 169 180 2 1 0
2 16 169 181 2 2 0.897541
2 16 169 182 2 3 0
2 16 170 179 3 0 0
2 16 170 180 3 1 0
2 16 170 181 3 2 0
2 16 170 182 3 3 0.700242
2 17 163 183 0 0 0.965337
2 17 163 184 0 1 0
2 17 163 185 0 2 0
2 17 163 186 0 3 0
2 17 164 183 1 0 0
2 17 164 184 1 1 0.88342
2 17 164 185 1 2 0
2 17 164 186 1 3 0
2 17 165 183 2 0 0
2 17 165 184 2 1 0
2 17 165 185 2 2 0.997836
2 17 165 186 2 3 0
2 17 166 183 3 0 0
2 17 166 184 3 1 0
2 17 166 185 3 2 0
2 17 166 186 3 3 0.763927
3 0 191 187 0 0 0
3 0 191 188 0 1 0
3 0 191 189 0 2 0
3 0 191 190 0 3 0.989861
3 0 192 187 1 0 0.270237
3 0 192 188 1 1 0
3 0 192 189 1 2 0.292926
3 0 192 190 1 3 0
3 0 193 187 2 0 0
3 0 193 188 2 1 0.993448
3 0 193 189 2 2 0
3 0 193 190 2 3 0
3 0 194 187 3 0 0.292846
3 0 194 188 3 1 0
3 0 194 189 3 2 0.270228
3 0 194 190 3 3 0
3 1 195 214 0 0 0.306265
3 1 195 215 0 1 0
3 1 195 216 0 2 0.255916
3 1 195 217 0 3 0
3 1 196 214 1 0 0
3 1 196 215 1 1 0.981761
3 1 196 216 1 2 0
3 1 196 217 1 3 0
3 1 197 214 2 0 0.252547
3 1 197 215 2 1 0
3 1 197 216 2 2 0.306384
3 1 197 217 2 3 0
3 1 198 214 3 0 0
3 1 198 215 3 1 0
3 1 198 216 3 2 0
3 1 198 217 3 3 0.991901
3 2 214 234 0 0 0.517673
3 2 214 235 0 1 0
3 2 214 236 0 2 0.257973
3 2 214 237 0 3 0
3 2 215 234 1 0 0
3 2 215 235 1 1 0.997156
3 2 215 236 1 2 0
3 2 215 237 1 3 0
3 2 216 234 2 0 0
3 2 216 235 2 1 0
3 2 216 236 2 2 0.525787
3 2 216 237 2 3 0
3 2 217 234 3 0 0
3 2 217 235 3 1 0
3 2 217 236 3 2 0
3 2 217 237 3 3 0.994516
3 3 187 195 0 0 0.529488
3 3 187 196 0 1 0
3 3 187 197 0 2 0
3 3 187 198 0 3 0
3 3 188 195 1 0 0
3 3 188 196 1 1 0.939154
3 3 188 197 1 2 0
3 3 188 198 1 3 0
3 3 189 195 2 0 0.276912
3 3 189 196 2 1 0
3 3 189 197 2 2 0.528258
3 3 189 198 2 3 0
3 3 190 195 3 0 0
3 3 190 196 3 1 0
3 3 190 197 3 2 0
3 3 190 198 3 3 0.913981
3 4 187 199 0 0 0.527706
3 4 187 200 0 1 0
3 4 187 201 0 2 0.27656
3 4 187 202 0 3 0
3 4 188 199 1 0 0
3 4 188 200 1 1 0.946459
3 4 188 201 1 2 0
3 4 188 202 1 3 0
3 4 189 199 2 0 0
3 4 189 200 2 1 0
3 4 189 201 2 2 0.528095
3 4 189 202 2 3 0
3 4 190 199 3 0 0
3 4 190 200 3 1 0
3 4 190 201 3 2 0
3 4 190 202 3 3 0.910039
3 5 199 218 0 0 0.299342
3 5 199 219 0 1 0
3 5 199 220 0 2 0.253836
3 5 199 221 0 3 0
3 5 200 218 1 0 0
3 5 200 219 1 1 0.999459
3 5 200 220 1 2 0
3 5 200 221 1 3 0
3 5 201 218 2 0 0.252069
3 5 201 219 2 1 0
3 5 201 220 2 2 0.298878
3 5 201 221 2 3 0
3 5 202 218 3 0 0
3 5 202 219 3 1 0
3 5 202 220 3 2 0
3 5 202 221 3 3 0.985076
3 6 218 238 0 0 0.970703
3 6 218 239 0 1 0
3 6 218 240 0 2 0
3 6 218 241 0 3 0
3 6 219 238 1 0 0
3 6 219 239 1 1 0.951384
3 6 219 240 1 2 0
3 6 219 241 1 3 0
3 6 220 238 2 0 0
3 6 220 239 2 1 0
3 6 220 240 2 2 0.996975
3 6 220 241 2 3 0
3 6 221 238 3 0 0
3 6 221 239 3 1 0
3 6 221 240 3 2 0
3 6 221 241 3 3 0.996969
3 7 191 206 0 0 0.987844
3 7 191 207 0 1 0
3 7 191 208 0 2 0
3 7 191 209 0 3 0
3 7 192 206 1 0 0
3 7 192 207 1 1 0.511669
3 7 192 208 1 2 0.263602
3 7 192 209 1 3 0
3 7 193 206 2 0 0
3 7 193 207 2 1 0
3 7 193 208 2 2 0
3 7 193 209 2 3 0.994083
3 7 194 206 3 0 0
3 7 194 207 3 1 0
3 7 194 208 3 2 0.506251
3 7 194 209 3 3 0
3 8 206 227 0 0 0
3 8 206 228 0 1 0
3 8 206 229 0 2 0.984733
3 8 207 227 1 0 0
3 8 207 228 1 1 0.827637
3 8 207 229 1 2 0
3 8 208 227 2 0 0
3 8 208 228 2 1 0
3 8 208 229 2 2 0
3 8 209 227 3 0 0.983004
3 8 209 228 3 1 0
3 8 209 229 3 2 0
3 9 227 242 0 0 0
3 9 227 243 0 1 0
3 9 227 244 0 2 0.992953
3 9 228 242 1 0 0
3 9 228 243 1 1 0.831665
3 9 228 244 1 2 0
3 9 229 242 2 0 0.708093
3 9 229 243 2 1 0
3 9 229 244 2 2 0
3 10 206 222 0 0 0.99443
3 10 206 223 0 1 0
3 10 207 222 1 0 0
3 10 207 223 1 1 0
3 10 208 222 2 0 0
3 10 208 223 2 1 0
3 10 209 222 3 0 0
3 10 209 223 3 1 0.990066
3 11 191 210 0 0 0.987058
3 11 191 211 0 1 0
3 11 191 212 0 2 0
3 11 191 213 0 3 0
3 11 192 210 1 0 0
3 11 192 211 1 1 0
3 11 192 212 1 2 0.511353
3 11 192 213 1 3 0
3 11 193 210 2 0 0
3 11 193 211 2 1 0.99062
3 11 193 212 2 2 0
3 11 193 213 2 3 0
3 11 194 210 3 0 0
3 11 194 211 3 1 0
3 11 194 212 3 2 0.25873
3 11 194 213 3 3 0.507451
3 12 210 230 0 0 0.262876
3 12 210 231 0 1 0
3 12 210 232 0 2 0.29113
3 12 210 233 0 3 0
3 12 211 230 1 0 0.291016
3 12 211 231 1 1 0
3 12 211 232 1 2 0.263438
3 12 211 233 1 3 0
3 12 212 230 2 0 0
3 12 212 231 2 1 0.250658
3 12 212 232 2 2 0
3 12 212 233 2 3 0.283461
3 12 213 230 3 0 0
3 12 213 231 3 1 0.283552
3 12 213 232 3 2 0
3 12 213 233 3 3 0.250828
3 13 230 245 0 0 0.287565
3 13 230 246 0 1 0
3 13 230 247 0 2 0
3 13 230 248 0 3 0.27223
3 13 231 245 1 0 0
3 13 231 246 1 1 0.505855
3 13 231 247 1 2 0
3 13 231 248 1 3 0
3 13 232 245 2 0 0.271302
3 13 232 246 2 1 0
3 13 232 247 2 2 0
3 13 232 248 2 3 0.288475
3 13 233 245 3 0 0
3 13 233 246 3 1 0.266339
3 13 233 247 3 2 0.523067
3 13 233 248 3 3 0
3 14 210 224 0 0 0.912
3 14 210 225 0 1 0
3 14 210 226 0 2 0
3 14 211 224 1 0 0
3 14 211 225 1 1 0
3 14 211 226 1 2 0
3 14 212 224 2 0 0
3 14 212 225 2 1 0.281718
3 14 212 226 2 2 0.251431
3 14 213 224 3 0 0
3 14 213 225 3 1 0.251363
3 14 213 226 3 2 0.282251
3 15 191 203 0 0 0
3 15 191 204 0 1 0
3 15 191 205 0 2 0
3 15 192 203 1 0 0.30142
3 15 192 204 1 1 0
3 15 192 205 1 2 0.270514
3 15 193 203 2 0 0
3 15 193 204 2 1 0.975816
3 15 193 205 2 2 0
3 15 194 203 3 0 0.269428
3 15 194 204 3 1 0
3 15 194 205 3 2 0.301863
3 16 238 249 0 0 0.931856
3 16 238 250 0 1 0
3 16 238 251 0 2 0
3 16 238 252 0 3 0
3 16 239 249 1 0 0
3 16 239 250 1 1 0.858523
3 16 239 251 1 2 0
3 16 239 252 1 3 0
3 16 240 249 2 0 0
3 16 240 250 2 1 0
3 16 240 251 2 2 0.998595
3 16 240 252 2 3 0
3 16 241 249 3 0 0
3 16 241 250 3 1 0
3 16 241 251 3 2 0
3 16 241 252 3 3 0.89857
3 17 234 253 0 0 0
3 17 234 254 0 1 0
3 17 235 253 1 0 0.985933
3 17 235 254 1 1 0
3 17 236 253 2 0 0
3 17 236 254 2 1 0
3 17 237 253 3 0 0
3 17 237 254 3 1 0.921818
4 0 259 255 0 0 0.275787
4 0 259 256 0 1 0
4 0 259 257 0 2 0.305659
4 0 259 258 0 3 0
4 0 260 255 1 0 0
4 0 260 256 1 1 0
4 0 260 257 1 2 0
4 0 260 258 1 3 0.977947
4 0 261 255 2 0 0.306707
4 0 261 256 2 1 0
4 0 261 257 2 2 0.275961
4 0 261 258 2 3 0
4 0 262 255 3 0 0
4 0 262 256 3 1 0.999865
4 0 262 257 3 2 0
4 0 262 258 3 3 0
4 1 263 280 0 0 0.95347
4 1 263 281 0 1 0
4 1 263 282 0 2 0
4 1 263 283 0 3 0
4 1 264 280 1 0 0
4 1 264 281 1 1 0.290315
4 1 264 282 1 2 0
4 1 264 283 1 3 0.252605
4 1 265 280 2 0 0
4 1 265 281 2 1 0
4 1 265 282 2 2 0.976418
4 1 265 283 2 3 0
4 1 266 280 3 0 0
4 1 266 281 3 1 0.251526
4 1 266 282 3 2 0
4 1 266 283 3 3 0.290347
4 2 280 297 0 0 0
4 2 280 298 0 1 0.933659
4 2 280 299 0 2 0
4 2 280 300 0 3 0
4 2 281 297 1 0 0.997076
4 2 281 298 1 1 0
4 2 281 299 1 2 0
4 2 281 300 1 3 0
4 2 282 297 2 0 0
4 2 282 298 2 1 0
4 2 282 299 2 2 0.994778
4 2 282 300 2 3 0
4 2 283 297 3 0 0
4 2 283 298 3 1 0
4 2 283 299 3 2 0
4 2 283 300 3 3 0.990986
4 3 255 263 0 0 0.847206
4 3 255 264 0 1 0
4 3 255 265 0 2 0
4 3 255 266 0 3 0
4 3 256 263 1 0 0
4 3 256 264 1 1 0.949682
4 3 256 265 1 2 0
4 3 256 266 1 3 0
4 3 257 263 2 0 0
4 3 257 264 2 1 0
4 3 257 265 2 2 0.890216
4 3 257 266 2 3 0
4 3 258 263 3 0 0
4 3 258 264 3 1 0
4 3 258 265 3 2 0
4 3 258 266 3 3 0.893609
4 4 255 267 0 0 0
4 4 255 268 0 1 0
4 4 255 269 0 2 0
4 4 256 267 1 0 0.953922
4 4 256 268 1 1 0
4 4 256 269 1 2 0
4 4 257 267 2 0 0
4 4 257 268 2 1 0.870273
4 4 257 269 2 2 0
4 4 258 267 3 0 0
4 4 258 268 3 1 0
4 4 258 269 3 2 0.896372
4 5 267 284 0 0 0.983117
4 5 267 285 0 1 0
4 5 267 286 0 2 0
4 5 267 287 0 3 0
4 5 268 284 1 0 0
4 5 268 285 1 1 0.453437
4 5 268 286 1 2 0.546563
4 5 268 287 1 3 0
4 5 269 284 2 0 0
4 5 269 285 2 1 0
4 5 269 286 2 2 0
4 5 269 287 2 3 0.99011
4 6 284 301 0 0 0.979887
4 6 284 302 0 1 0
4 6 284 303 0 2 0
4 6 284 304 0 3 0
4 6 285 301 1 0 0
4 6 285 302 1 1 0.296336
4 6 285 303 1 2 0.288795
4 6 285 304 1 3 0
4 6 286 301 2 0 0
4 6 286 302 2 1 0.288733
4 6 286 303 2 2 0.295472
4 6 286 304 2 3 0
4 6 287 301 3 0 0
4 6 287 302 3 1 0
4 6 287 303 3 2 0
4 6 287 304 3 3 0.976681
4 7 259 273 0 0 0.954902
4 7 259 274 0 1 0
4 7 259 275 0 2 0
4 7 259 276 0 3 0
4 7 260 273 1 0 0
4 7 260 274 1 1 0.97935
4 7 260 275 1 2 0
4 7 260 276 1 3 0
4 7 261 273 2 0 0
4 7 261 274 2 1 0
4 7 261 275 2 2 0.979973
4 7 261 276 2 3 0
4 7 262 273 3 0 0
4 7 262 274 3 1 0
4 7 262 275 3 2 0
4 7 262 276 3 3 0.987748
4 8 273 292 0 0 0
4 8 273 293 0 1 0
4 8 273 294 0 2 0
4 8 274 292 1 0 0
4 8 274 293 1 1 0.25512
4 8 274 294 1 2 0.259454
4 8 275 292 2 0 0.972981
4 8 275 293 2 1 0
4 8 275 294 2 2 0
4 8 276 292 3 0 0
4 8 276 293 3 1 0.259424
4 8 276 294 3 2 0.255147
4 9 292 305 0 0 0
4 9 292 306 0 1 0.971324
4 9 292 307 0 2 0
4 9 293 305 1 0 0.295021
4 9 293 306 1 1 0
4 9 293 307 1 2 0.258299
4 9 294 305 2 0 0.254255
4 9 294 306 2 1 0
4 9 294 307 2 2 0.293614
4 10 273 288 0 0 0
4 10 273 289 0 1 0
4 10 274 288 1 0 0.965422
4 10 274 289 1 1 0
4 10 275 288 2 0 0
4 10 275 289 2 1 0
4 10 276 288 3 0 0
4 10 276 289 3 1 0.945586
4 11 259 277 0 0 0.921018
4 11 259 278 0 1 0
4 11 259 279 0 2 0
4 11 260 277 1 0 0
4 11 260 278 1 1 0.976517
4 11 260 279 1 2 0
4 11 261 277 2 0 0
4 11 261 278 2 1 0
4 11 261 279 2 2 0
4 11 262 277 3 0 0
4 11 262 278 3 1 0
4 11 262 279 3 2 0.999658
4 12 277 295 0 0 0
4 12 277 296 0 1 0.962022
4 12 278 295 1 0 0
4 12 278 296 1 1 0
4 12 279 295 2 0 0.991877
4 12 279 296 2 1 0
4 13 295 308 0 0 0.991511
4 13 295 309 0 1 0
4 13 296 308 1 0 0
4 13 296 309 1 1 0.931894
4 14 277 290 0 0 0.49968
4 14 277 291 0 1 0.50032
4 14 278 290 1 0 0
4 14 278 291 1 1 0
4 14 279 290 2 0 0
4 14 279 291 2 1 0
4 15 259 270 0 0 0
4 15 259 271 0 1 0.455296
4 15 259 272 0 2 0
4 15 260 270 1 0 0.876306
4 15 260 271 1 1 0
4 15 260 272 1 2 0
4 15 261 270 2 0 0
4 15 261 271 2 1 0.544704
4 15 261 272 2 2 0
4 15 262 270 3 0 0
4 15 262 271 3 1 0
4 15 262 272 3 2 0.987423
4 16 301 310 0 0 0.994013
4 16 301 311 0 1 0
4 16 301 312 0 2 0
4 16 301 313 0 3 0
4 16 302 310 1 0 0
4 16 302 311 1 1 0.757612
4 16 302 312 1 2 0
4 16 302 313 1 3 0
4 16 303 310 2 0 0
4 16 303 311 2 1 0
4 16 303 312 2 2 0.97134
4 16 303 313 2 3 0
4 16 304 310 3 0 0
4 16 304 311 3 1 0
4 16 304 312 3 2 0
4 16 304 313 3 3 0.896164
4 17 297 314 0 0 0.931517
4 17 297 315 0 1 0
4 17 297 316 0 2 0
4 17 297 317 0 3 0
4 17 298 314 1 0 0
4 17 298 315 1 1 0.875522
4 17 298 316 1 2 0
4 17 298 317 1 3 0
4 17 299 314 2 0 0
4 17 299 315 2 1 0
4 17 299 316 2 2 0.856351
4 17 299 317 2 3 0
4 17 300 314 3 0 0
4 17 300 315 3 1 0
4 17 300 316 3 2 0
4 17 300 317 3 3 0.973306
E jointIdx viewA viewB aOverAllIdx bOverallIdx score
0 0 1 0 60 0.919982
0 0 1 0 61 0.379001
0 0 1 0 62 0.256383
0 0 1 0 63 -1
0 0 1 1 60 0.356054
0 0 1 1 61 0.761834
0 0 1 1 62 0.832992
0 0 1 1 63 -0.95088
0 0 1 2 60 -1
0 0 1 2 61 -1
0 0 1 2 62 -1
0 0 1 2 63 0.995643
0 0 2 0 119 -1
0 0 2 0 120 0.376105
0 0 2 0 121 0.614234
0 0 2 0 122 -1
0 0 2 1 119 -1
0 0 2 1 120 -1
0 0 2 1 121 -1
0 0 2 1 122 0.804309
0 0 2 2 119 -1
0 0 2 2 120 0.882653
0 0 2 2 121 -1
0 0 2 2 122 -1
0 0 3 0 187 0.960821
0 0 3 0 188 -1
0 0 3 0 189 -1
0 0 3 0 190 0.943499
0 0 3 1 187 -1
0 0 3 1 188 -1
0 0 3 1 189 0.965854
0 0 3 1 190 -1
0 0 3 2 187 0.818667
0 0 3 2 188 -1
0 0 3 2 189 -1
0 0 3 2 190 0.731081
0 0 4 0 255 0.609086
0 0 4 0 256 -1
0 0 4 0 257 0.951375
0 0 4 0 258 -1
0 0 4 1 255 0.947418
0 0 4 1 256 -1
0 0 4 1 257 0.59137
0 0 4 1 258 -1
0 0 4 2 255 -1
0 0 4 2 256 0.837117
0 0 4 2 257 -1
0 0 4 2 258 -1
0 1 2 60 119 -1
0 1 2 60 120 -1
0 1 2 60 121 0.615606
0 1 2 60 122 0.699837
0 1 2 61 119 0.765581
0 1 2 61 120 -1
0 1 2 61 121 -1
0 1 2 61 122 -1
0 1 2 62 119 -1
0 1 2 62 120 -1
0 1 2 62 121 0.0480433
0 1 2 62 122 0.914282
0 1 2 63 119 -1
0 1 2 63 120 0.981998
0 1 2 63 121 -1
0 1 2 63 122 -1
0 1 3 60 187 0.100832
0 1 3 60 188 0.00106647
0 1 3 60 189 0.402379
0 1 3 60 190 0.492556
0 1 3 61 187 0.932336
0 1 3 61 188 0.96066
0 1 3 61 189 -1
0 1 3 61 190 -1
0 1 3 62 187 -0.969552
0 1 3 62 188 -1
0 1 3 62 189 0.971956
0 1 3 62 190 0.726787
0 1 3 63 187 0.85859
0 1 3 63 188 0.852847
0 1 3 63 189 -1
0 1 3 63 190 -1
0 1 4 60 255 -1
0 1 4 60 256 -1
0 1 4 60 257 0.914911
0 1 4 60 258 -1
0 1 4 61 255 -1
0 1 4 61 256 0.336745
0 1 4 61 257 -1
0 1 4 61 258 0.803212
0 1 4 62 255 0.884083
0 1 4 62 256 -1
0 1 4 62 257 -1
0 1 4 62 258 -1
0 1 4 63 255 -1
0 1 4 63 256 0.974167
0 1 4 63 257 -1
0 1 4 63 258 0.289056
0 2 3 119 187 -1
0 2 3 119 188 0.639286
0 2 3 119 189 -1
0 2 3 119 190 -1
0 2 3 120 187 0.924924
0 2 3 120 188 -1
0 2 3 120 189 -1
0 2 3 120 190 -1
0 2 3 121 187 0.446391
0 2 3 121 188 -1
0 2 3 121 189 -1
0 2 3 121 190 0.677294
0 2 3 122 187 -1
0 2 3 122 188 -1
0 2 3 122 189 0.767143
0 2 3 122 190 -1
0 2 4 119 255 -1
0 2 4 119 256 0.994352
0 2 4 119 257 -1
0 2 4 119 258 0.945253
0 2 4 120 255 -1
0 2 4 120 256 0.999995
0 2 4 120 257 -1
0 2 4 120 258 0.906619
0 2 4 121 255 -1
0 2 4 121 256 -1
0 2 4 121 257 0.776355
0 2 4 121 258 -1
0 2 4 122 255 0.755642
0 2 4 122 256 -1
0 2 4 122 257 -1
0 2 4 122 258 -1
0 3 4 187 255 0.169555
0 3 4 187 256 0.915684
0 3 4 187 257 -1
0 3 4 187 258 -1
0 3 4 188 255 0.178672
0 3 4 188 256 0.0373224
0 3 4 188 257 0.218626
0 3 4 188 258 0.406222
0 3 4 189 255 0.421691
0 3 4 189 256 -1
0 3 4 189 257 0.0919843
0 3 4 189 258 0.891434
0 3 4 190 255 0.0147368
0 3 4 190 256 -1
0 3 4 190 257 0.953055
0 3 4 190 258 -1
1 0 1 3 64 0.0997422
1 0 1 3 65 0.0731796
1 0 1 3 66 0.0813232
1 0 1 3 67 0.0586674
1 0 1 4 64 0.0347853
1 0 1 4 65 0.0766637
1 0 1 4 66 0.0875584
1 0 1 4 67 0.107529
1 0 1 5 64 0.0871995
1 0 1 5 65 0.0810567
1 0 1 5 66 0.0722969
1 0 1 5 67 0.0725397
1 0 1 6 64 0.0792431
1 0 1 6 65 0.0801183
1 0 1 6 66 0.0731309
1 0 1 6 67 0.0800101
1 0 2 3 123 0.623559
1 0 2 3 124 0.972225
1 0 2 3 125 -1
1 0 2 3 126 -1
1 0 2 4 123 0.994611
1 0 2 4 124 0.754068
1 0 2 4 125 -1
1 0 2 4 126 -1
1 0 2 5 123 -1
1 0 2 5 124 -1
1 0 2 5 125 -1
1 0 2 5 126 0.941646
1 0 2 6 123 -1
1 0 2 6 124 -1
1 0 2 6 125 0.870153
1 0 2 6 126 -1
1 0 3 3 191 0.0893489
1 0 3 3 192 0.0797078
1 0 3 3 193 0.0632327
1 0 3 3 194 0.0830571
1 0 3 4 191 0.0659801
1 0 3 4 192 0.0666173
1 0 3 4 193 0.102567
1 0 3 4 194 0.0855228
1 0 3 5 191 0.0828744
1 0 3 5 192 0.0956077
1 0 3 5 193 0.0716933
1 0 3 5 194 0.0702591
1 0 3 6 191 0.0797381
1 0 3 6 192 0.0754266
1 0 3 6 193 0.082631
1 0 3 6 194 0.0808263
1 0 4 3 259 -1
1 0 4 3 260 -1
1 0 4 3 261 -1
1 0 4 3 262 0.443735
1 0 4 4 259 -1
1 0 4 4 260 0.765062
1 0 4 4 261 -1
1 0 4 4 262 0.164075
1 0 4 5 259 0.618984
1 0 4 5 260 -1
1 0 4 5 261 0.862411
1 0 4 5 262 0.192897
1 0 4 6 259 0.906252
1 0 4 6 260 -0.974393
1 0 4 6 261 0.653364
1 0 4 6 262 0.19419
1 1 2 64 123 -1
1 1 2 64 124 -1
1 1 2 64 125 0.989174
1 1 2 64 126 0.352494
1 1 2 65 123 -1
1 1 2 65 124 -1
1 1 2 65 125 0.17511
1 1 2 65 126 0.940666
1 1 2 66 123 -1
1 1 2 66 124 0.925512
1 1 2 66 125 -1
1 1 2 66 126 -1
1 1 2 67 123 0.921445
1 1 2 67 124 -1
1 1 2 67 125 -1
1 1 2 67 126 -1
1 1 3 64 191 0.0928406
1 1 3 64 192 0.103175
1 1 3 64 193 0.0579597
1 1 3 64 194 0.0726594
1 1 3 65 191 0.0905324
1 1 3 65 192 0.084631
1 1 3 65 193 0.0732577
1 1 3 65 194 0.0800481
1 1 3 66 191 0.0859556
1 1 3 66 192 0.0803061
1 1 3 66 193 0.0678297
1 1 3 66 194 0.0926231
1 1 3 67 191 0.0580253
1 1 3 67 192 0.0600948
1 1 3 67 193 0.134865
1 1 3 67 194 0.0847699
1 1 4 64 259 0.937415
1 1 4 64 260 -1
1 1 4 64 261 -1
1 1 4 64 262 -1
1 1 4 65 259 -1
1 1 4 65 260 -1
1 1 4 65 261 0.839711
1 1 4 65 262 -1
1 1 4 66 259 -1
1 1 4 66 260 0.82726
1 1 4 66 261 0.0119646
1 1 4 66 262 0.877232
1 1 4 67 259 -1
1 1 4 67 260 0.94028
1 1 4 67 261 0.0999624
1 1 4 67 262 0.852201
1 2 3 123 191 -1
1 2 3 123 192 -1
1 2 3 123 193 0.766514
1 2 3 123 194 -1
1 2 3 124 191 -1
1 2 3 124 192 0.0843018
1 2 3 124 193 -1
1 2 3 124 194 0.986428
1 2 3 125 191 0.916781
1 2 3 125 192 -1
1 2 3 125 193 -1
1 2 3 125 194 -1
1 2 3 126 191 -1
1 2 3 126 192 0.791462
1 2 3 126 193 -1
1 2 3 126 194 0.0234105
1 2 4 123 259 -1
1 2 4 123 260 0.997468
1 2 4 123 261 -1
1 2 4 123 262 0.00274462
1 2 4 124 259 -1
1 2 4 124 260 -1
1 2 4 124 261 -1
1 2 4 124 262 0.901153
1 2 4 125 259 0.855335
1 2 4 125 260 -1
1 2 4 125 261 0.966938
1 2 4 125 262 -1
1 2 4 126 259 0.644342
1 2 4 126 260 -1
1 2 4 126 261 0.863649
1 2 4 126 262 -1
1 3 4 191 259 0.118324
1 3 4 191 260 0.114925
1 3 4 191 261 0.0635339
1 3 4 191 262 0.052812
1 3 4 192 259 0.0804667
1 3 4 192 260 0.0780119
1 3 4 192 261 0.0965297
1 3 4 192 262 0.0975008
1 3 4 193 259 0.0879063
1 3 4 193 260 0.104139
1 3 4 193 261 0.0801154
1 3 4 193 262 0.0802742
1 3 4 194 259 0.0659647
1 3 4 194 260 0.0529436
1 3 4 194 261 0.112571
1 3 4 194 262 0.121857
2 0 1 7 68 0.615756
2 0 1 7 69 0.254503
2 0 1 7 70 0.12974
2 0 1 8 68 0.137096
2 0 1 8 69 0.436977
2 0 1 8 70 0.425927
2 0 1 9 68 -1
2 0 1 9 69 -1
2 0 1 9 70 -1
2 0 2 7 127 -1
2 0 2 7 128 0.146497
2 0 2 7 129 0.883301
2 0 2 7 130 -1
2 0 2 8 127 -1
2 0 2 8 128 -1
2 0 2 8 129 -1
2 0 2 8 130 0.650817
2 0 2 9 127 -1
2 0 2 9 128 0.717726
2 0 2 9 129 -1
2 0 2 9 130 -1
2 0 3 7 195 0.795128
2 0 3 7 196 -1
2 0 3 7 197 -1
2 0 3 7 198 0.843418
2 0 3 8 195 -1
2 0 3 8 196 -1
2 0 3 8 197 0.990491
2 0 3 8 198 -1
2 0 3 9 195 0.921335
2 0 3 9 196 -1
2 0 3 9 197 -1
2 0 3 9 198 0.258724
2 0 4 7 263 0.972825
2 0 4 7 264 -1
2 0 4 7 265 0.943553
2 0 4 7 266 -1
2 0 4 8 263 0.968135
2 0 4 8 264 -1
2 0 4 8 265 0.935559
2 0 4 8 266 -1
2 0 4 9 263 -1
2 0 4 9 264 0.99821
2 0 4 9 265 -1
2 0 4 9 266 -1
2 1 2 68 127 -1
2 1 2 68 128 -1
2 1 2 68 129 0.885589
2 1 2 68 130 0.233779
2 1 2 69 127 0.517162
2 1 2 69 128 -1
2 1 2 69 129 -1
2 1 2 69 130 -1
2 1 2 70 127 -1
2 1 2 70 128 -1
2 1 2 70 129 -1
2 1 2 70 130 0.836983
2 1 3 68 195 0.108762
2 1 3 68 196 -1
2 1 3 68 197 0.806864
2 1 3 68 198 0.824364
2 1 3 69 195 0.836526
2 1 3 69 196 0.827594
2 1 3 69 197 -1
2 1 3 69 198 -1
2 1 3 70 195 -1
2 1 3 70 196 -1
2 1 3 70 197 0.929998
2 1 3 70 198 0.973027
2 1 4 68 263 -1
2 1 4 68 264 -1
2 1 4 68 265 0.752408
2 1 4 68 266 -1
2 1 4 69 263 -1
2 1 4 69 264 -1
2 1 4 69 265 -1
2 1 4 69 266 0.703935
2 1 4 70 263 0.93877
2 1 4 70 264 -1
2 1 4 70 265 -1
2 1 4 70 266 -1
2 2 3 127 195 -1
2 2 3 127 196 0.72182
2 2 3 127 197 -1
2 2 3 127 198 -1
2 2 3 128 195 0.784071
2 2 3 128 196 -1
2 2 3 128 197 -1
2 2 3 128 198 -1
2 2 3 129 195 0.640096
2 2 3 129 196 -1
2 2 3 129 197 -1
2 2 3 129 198 0.950469
2 2 3 130 195 -1
2 2 3 130 196 -1
2 2 3 130 197 0.62176
2 2 3 130 198 -1
2 2 4 127 263 -1
2 2 4 127 264 0.627233
2 2 4 127 265 -1
2 2 4 127 266 0.834976
2 2 4 128 263 -1
2 2 4 128 264 0.809557
2 2 4 128 265 -1
2 2 4 128 266 0.325078
2 2 4 129 263 -1
2 2 4 129 264 -1
2 2 4 129 265 0.723162
2 2 4 129 266 -1
2 2 4 130 263 0.753543
2 2 4 130 264 -1
2 2 4 130 265 -1
2 2 4 130 266 -1
2 3 4 195 263 0.38414
2 3 4 195 264 0.99799
2 3 4 195 265 -1
2 3 4 195 266 -1
2 3 4 196 263 0.593357
2 3 4 196 264 -0.949606
2 3 4 196 265 0.464803
2 3 4 196 266 0.891446
2 3 4 197 263 0.711559
2 3 4 197 264 -1
2 3 4 197 265 0.0168632
2 3 4 197 266 0.662673
2 3 4 198 263 -1
2 3 4 198 264 -1
2 3 4 198 265 0.897228
2 3 4 198 266 0.0761074
3 0 1 10 71 0.347958
3 0 1 10 72 0.529246
3 0 1 10 73 -1
3 0 1 11 71 0.713467
3 0 1 11 72 0.936161
3 0 1 11 73 -1
3 0 1 12 71 -1
3 0 1 12 72 -1
3 0 1 12 73 0.918411
3 0 2 10 131 -1
3 0 2 10 132 0.705108
3 0 2 10 133 0.438412
3 0 2 10 134 -1
3 0 2 11 131 -1
3 0 2 11 132 -1
3 0 2 11 133 -1
3 0 2 11 134 0.994774
3 0 2 12 131 -1
3 0 2 12 132 0.690289
3 0 2 12 133 0.226431
3 0 2 12 134 -1
3 0 3 10 199 0.621177
3 0 3 10 200 -1
3 0 3 10 201 -1
3 0 3 10 202 0.893536
3 0 3 11 199 -1
3 0 3 11 200 -1
3 0 3 11 201 0.957139
3 0 3 11 202 -1
3 0 3 12 199 0.784038
3 0 3 12 200 -1
3 0 3 12 201 -1
3 0 3 12 202 0.0615619
3 0 4 10 267 -1
3 0 4 10 268 0.772073
3 0 4 10 269 -1
3 0 4 11 267 -1
3 0 4 11 268 0.353792
3 0 4 11 269 -1
3 0 4 12 267 0.869857
3 0 4 12 268 -1
3 0 4 12 269 -1
3 1 2 71 131 0.812962
3 1 2 71 132 -1
3 1 2 71 133 -1
3 1 2 71 134 -1
3 1 2 72 131 -1
3 1 2 72 132 -1
3 1 2 72 133 0.63465
3 1 2 72 134 0.913263
3 1 2 73 131 -1
3 1 2 73 132 0.894162
3 1 2 73 133 -1
3 1 2 73 134 -1
3 1 3 71 199 0.876714
3 1 3 71 200 0.944835
3 1 3 71 201 -1
3 1 3 71 202 -1
3 1 3 72 199 -1
3 1 3 72 200 -1
3 1 3 72 201 0.947931
3 1 3 72 202 0.666125
3 1 3 73 199 0.884611
3 1 3 73 200 0.710855
3 1 3 73 201 -1
3 1 3 73 202 -1
3 1 4 71 267 0.70717
3 1 4 71 268 -1
3 1 4 71 269 0.867875
3 1 4 72 267 -1
3 1 4 72 268 0.809095
3 1 4 72 269 -1
3 1 4 73 267 0.999253
3 1 4 73 268 -1
3 1 4 73 269 0.731026
3 2 3 131 199 -1
3 2 3 131 200 0.491913
3 2 3 131 201 -1
3 2 3 131 202 -1
3 2 3 132 199 0.882615
3 2 3 132 200 -1
3 2 3 132 201 -1
3 2 3 132 202 -1
3 2 3 133 199 0.075826
3 2 3 133 200 -1
3 2 3 133 201 -1
3 2 3 133 202 0.632645
3 2 3 134 199 -1
3 2 3 134 200 -1
3 2 3 134 201 0.951354
3 2 3 134 202 -1
3 2 4 131 267 0.535248
3 2 4 131 268 -1
3 2 4 131 269 0.94831
3 2 4 132 267 0.870811
3 2 4 132 268 -1
3 2 4 132 269 0.460726
3 2 4 133 267 -1
3 2 4 133 268 0.341421
3 2 4 133 269 -1
3 2 4 134 267 -1
3 2 4 134 268 0.256461
3 2 4 134 269 -1
3 3 4 199 267 0.87112
3 3 4 199 268 -1
3 3 4 199 269 -1
3 3 4 200 267 0.135476
3 3 4 200 268 0.312068
3 3 4 200 269 0.552457
3 3 4 201 267 -1
3 3 4 201 268 0.267808
3 3 4 201 269 0.925899
3 3 4 202 267 -1
3 3 4 202 268 0.75174
3 3 4 202 269 -1
4 0 1 13 74 0.0994
4 0 1 13 75 0.0919303
4 0 1 13 76 0.0922791
4 0 1 13 77 0.0993433
4 0 1 14 74 0.0949423
4 0 1 14 75 0.101696
4 0 1 14 76 0.0982117
4 0 1 14 77 0.0903732
4 0 1 15 74 0.0936961
4 0 1 15 75 0.0940421
4 0 1 15 76 0.0975418
4 0 1 15 77 0.0988244
4 0 2 13 135 0.874806
4 0 2 13 136 -1
4 0 2 14 135 -1
4 0 2 14 136 0.833476
4 0 2 15 135 -1
4 0 2 15 136 0.212981
4 0 3 13 203 -1
4 0 3 13 204 0.776688
4 0 3 13 205 0.162646
4 0 3 14 203 0.345942
4 0 3 14 204 0.0692707
4 0 3 14 205 0.276887
4 0 3 15 203 0.424282
4 0 3 15 204 0.0682843
4 0 3 15 205 0.239449
4 0 4 13 270 0.860632
4 0 4 13 271 -1
4 0 4 13 272 -1
4 0 4 14 270 -1
4 0 4 14 271 0.495382
4 0 4 14 272 -1
4 0 4 15 270 -1
4 0 4 15 271 0.945521
4 0 4 15 272 -1
4 1 2 74 135 -1
4 1 2 74 136 0.954202
4 1 2 75 135 -1
4 1 2 75 136 0.00371855
4 1 2 76 135 0.954722
4 1 2 76 136 -1
4 1 2 77 135 -1
4 1 2 77 136 -1
4 1 3 74 203 0.186547
4 1 3 74 204 0.0684585
4 1 3 74 205 0.12007
4 1 3 75 203 0.174316
4 1 3 75 204 0.0722945
4 1 3 75 205 0.127158
4 1 3 76 203 0.059829
4 1 3 76 204 0.18399
4 1 3 76 205 0.124908
4 1 3 77 203 0.0712762
4 1 3 77 204 0.17448
4 1 3 77 205 0.123632
4 1 4 74 270 -1
4 1 4 74 271 -1
4 1 4 74 272 -1
4 1 4 75 270 -1
4 1 4 75 271 0.949883
4 1 4 75 272 -1
4 1 4 76 270 0.161445
4 1 4 76 271 -1
4 1 4 76 272 0.984553
4 1 4 77 270 0.96045
4 1 4 77 271 -1
4 1 4 77 272 0.448646
4 2 3 135 203 0.752521
4 2 3 135 204 -1
4 2 3 135 205 0.554847
4 2 3 136 203 -1
4 2 3 136 204 -1
4 2 3 136 205 -1
4 2 4 135 270 -1
4 2 4 135 271 -1
4 2 4 135 272 0.997838
4 2 4 136 270 -1
4 2 4 136 271 0.831731
4 2 4 136 272 -1
4 3 4 203 270 0.130495
4 3 4 203 271 0.243366
4 3 4 203 272 0.228068
4 3 4 204 270 0.443335
4 3 4 204 271 0.141754
4 3 4 204 272 0.114359
4 3 4 205 270 0.0426676
4 3 4 205 271 0.25094
4 3 4 205 272 0.291608
5 0 1 16 78 0.1583
5 0 1 16 79 0.103898
5 0 1 16 80 0.082655
5 0 1 17 78 0.177881
5 0 1 17 79 0.17488
5 0 1 17 80 0.177371
5 0 1 18 78 0.159856
5 0 1 18 79 0.184272
5 0 1 18 80 0.190248
5 0 2 16 137 0.102671
5 0 2 16 138 0.923048
5 0 2 16 139 -1
5 0 2 16 140 -1
5 0 2 17 137 -1
5 0 2 17 138 -1
5 0 2 17 139 0.746988
5 0 2 17 140 0.29956
5 0 2 18 137 -1
5 0 2 18 138 -1
5 0 2 18 139 -1
5 0 2 18 140 0.958189
5 0 3 16 206 0.124719
5 0 3 16 207 0.121438
5 0 3 16 208 0.115267
5 0 3 16 209 0.0454542
5 0 3 17 206 0.105869
5 0 3 17 207 0.106365
5 0 3 17 208 0.106334
5 0 3 17 209 0.12486
5 0 3 18 206 0.09958
5 0 3 18 207 0.101725
5 0 3 18 208 0.106679
5 0 3 18 209 0.144701
5 0 4 16 273 -1
5 0 4 16 274 0.43037
5 0 4 16 275 -1
5 0 4 16 276 0.899507
5 0 4 17 273 0.991765
5 0 4 17 274 -1
5 0 4 17 275 0.709238
5 0 4 17 276 0.0229047
5 0 4 18 273 0.711045
5 0 4 18 274 -1
5 0 4 18 275 0.907205
5 0 4 18 276 0.0695044
5 1 2 78 137 -1
5 1 2 78 138 -1
5 1 2 78 139 0.923437
5 1 2 78 140 -1
5 1 2 79 137 -1
5 1 2 79 138 -1
5 1 2 79 139 -1
5 1 2 79 140 0.857872
5 1 2 80 137 0.913767
5 1 2 80 138 -1
5 1 2 80 139 -1
5 1 2 80 140 -1
5 1 3 78 206 0.151072
5 1 3 78 207 0.138447
5 1 3 78 208 0.094883
5 1 3 78 209 0.067236
5 1 3 79 206 0.107803
5 1 3 79 207 0.107375
5 1 3 79 208 0.126054
5 1 3 79 209 0.103992
5 1 3 80 206 0.0674452
5 1 3 80 207 0.0839112
5 1 3 80 208 0.11571
5 1 3 80 209 0.177993
5 1 4 78 273 0.725162
5 1 4 78 274 -1
5 1 4 78 275 -1
5 1 4 78 276 -1
5 1 4 79 273 -1
5 1 4 79 274 0.140804
5 1 4 79 275 0.966729
5 1 4 79 276 0.0854486
5 1 4 80 273 -0.83618
5 1 4 80 274 0.795951
5 1 4 80 275 0.285351
5 1 4 80 276 0.754877
5 2 3 137 206 -1
5 2 3 137 207 -1
5 2 3 137 208 -1
5 2 3 137 209 0.888958
5 2 3 138 206 -1
5 2 3 138 207 0.00344616
5 2 3 138 208 0.968236
5 2 3 138 209 -1
5 2 3 139 206 0.771338
5 2 3 139 207 -1
5 2 3 139 208 -1
5 2 3 139 209 -1
5 2 3 140 206 -1
5 2 3 140 207 0.640325
5 2 3 140 208 -1
5 2 3 140 209 -1
5 2 4 137 273 -1
5 2 4 137 274 0.920992
5 2 4 137 275 -1
5 2 4 137 276 0.589518
5 2 4 138 273 -1
5 2 4 138 274 0.223301
5 2 4 138 275 -1
5 2 4 138 276 0.957072
5 2 4 139 273 0.716224
5 2 4 139 274 -1
5 2 4 139 275 0.383943
5 2 4 139 276 -1
5 2 4 140 273 -1
5 2 4 140 274 -1
5 2 4 140 275 0.85357
5 2 4 140 276 -1
5 3 4 206 273 0.116415
5 3 4 206 274 0.100149
5 3 4 206 275 0.0601995
5 3 4 206 276 0.0569768
5 3 4 207 273 0.0754285
5 3 4 207 274 0.0798477
5 3 4 207 275 0.0861501
5 3 4 207 276 0.0947459
5 3 4 208 273 0.0667506
5 3 4 208 274 0.0616503
5 3 4 208 275 0.108067
5 3 4 208 276 0.101259
5 3 4 209 273 0.0814397
5 3 4 209 274 0.094488
5 3 4 209 275 0.0797891
5 3 4 209 276 0.080521
6 0 1 19 81 0.160861
6 0 1 19 82 0.101209
6 0 1 19 83 0.0819167
6 0 1 20 81 0.113076
6 0 1 20 82 0.107145
6 0 1 20 83 0.105299
6 0 1 21 81 0.0019301
6 0 1 21 82 0.125923
6 0 1 21 83 0.154655
6 0 1 22 81 0.120841
6 0 1 22 82 0.102716
6 0 1 22 83 0.105005
6 0 2 19 141 -1
6 0 2 19 142 -1
6 0 2 19 143 -1
6 0 2 19 144 0.881661
6 0 2 20 141 -1
6 0 2 20 142 -1
6 0 2 20 143 0.813716
6 0 2 20 144 -1
6 0 2 21 141 0.97547
6 0 2 21 142 -1
6 0 2 21 143 0.253531
6 0 2 21 144 -1
6 0 2 22 141 -1
6 0 2 22 142 0.870112
6 0 2 22 143 -1
6 0 2 22 144 -1
6 0 3 19 210 0.068489
6 0 3 19 211 0.0567062
6 0 3 19 212 0.124234
6 0 3 19 213 0.0793192
6 0 3 20 210 0.0874944
6 0 3 20 211 0.0818525
6 0 3 20 212 0.067961
6 0 3 20 213 0.0820973
6 0 3 21 210 0.0782542
6 0 3 21 211 0.0993446
6 0 3 21 212 0.0620077
6 0 3 21 213 0.0792843
6 0 3 22 210 0.0860657
6 0 3 22 211 0.0829118
6 0 3 22 212 0.0701427
6 0 3 22 213 0.0807337
6 0 4 19 277 0.751008
6 0 4 19 278 -1
6 0 4 19 279 0.487866
6 0 4 20 277 0.232032
6 0 4 20 278 -1
6 0 4 20 279 0.716649
6 0 4 21 277 -1
6 0 4 21 278 0.969203
6 0 4 21 279 -0.749221
6 0 4 22 277 0.938604
6 0 4 22 278 -1
6 0 4 22 279 0.544706
6 1 2 81 141 -1
6 1 2 81 142 0.782471
6 1 2 81 143 -1
6 1 2 81 144 0.986684
6 1 2 82 141 -1
6 1 2 82 142 -1
6 1 2 82 143 0.991397
6 1 2 82 144 -1
6 1 2 83 141 0.883216
6 1 2 83 142 -1
6 1 2 83 143 -1
6 1 2 83 144 -1
6 1 3 81 210 0.0997204
6 1 3 81 211 0.0782681
6 1 3 81 212 0.146362
6 1 3 81 213 0.102842
6 1 3 82 210 0.120276
6 1 3 82 211 0.0940867
6 1 3 82 212 0.0949621
6 1 3 82 213 0.115126
6 1 3 83 210 0.0989211
6 1 3 83 211 0.148337
6 1 3 83 212 0.0814638
6 1 3 83 213 0.101533
6 1 4 81 277 0.875946
6 1 4 81 278 -1
6 1 4 81 279 -1
6 1 4 82 277 -1
6 1 4 82 278 0.85641
6 1 4 82 279 0.818699
6 1 4 83 277 -1
6 1 4 83 278 0.910123
6 1 4 83 279 0.826454
6 2 3 141 210 0.173376
6 2 3 141 211 0.85989
6 2 3 141 212 -1
6 2 3 141 213 -1
6 2 3 142 210 0.815722
6 2 3 142 211 0.246109
6 2 3 142 212 -1
6 2 3 142 213 -1
6 2 3 143 210 -1
6 2 3 143 211 -1
6 2 3 143 212 -1
6 2 3 143 213 0.869832
6 2 3 144 210 -1
6 2 3 144 211 -1
6 2 3 144 212 0.926438
6 2 3 144 213 0.33168
6 2 4 141 277 -1
6 2 4 141 278 0.886167
6 2 4 141 279 -1
6 2 4 142 277 0.925366
6 2 4 142 278 -1
6 2 4 142 279 -1
6 2 4 143 277 -1
6 2 4 143 278 -1
6 2 4 143 279 0.777622
6 2 4 144 277 0.752574
6 2 4 144 278 -1
6 2 4 144 279 -1
6 3 4 210 277 0.113242
6 3 4 210 278 0.174609
6 3 4 210 279 0.0744643
6 3 4 211 277 0.118641
6 3 4 211 278 0.140107
6 3 4 211 279 0.101106
6 3 4 212 277 0.130669
6 3 4 212 278 0.080001
6 3 4 212 279 0.143926
6 3 4 213 277 0.118683
6 3 4 213 278 0.0600691
6 3 4 213 279 0.18
7 0 1 23 84 0.328778
7 0 1 23 85 0.970264
7 0 1 23 86 -1
7 0 1 24 84 0.604874
7 0 1 24 85 0.00853873
7 0 1 24 86 0.386587
7 0 1 25 84 -1
7 0 1 25 85 -1
7 0 1 25 86 -1
7 0 2 23 145 -1
7 0 2 23 146 0.150057
7 0 2 23 147 0.939542
7 0 2 23 148 -1
7 0 2 24 145 -1
7 0 2 24 146 -1
7 0 2 24 147 -1
7 0 2 24 148 0.366866
7 0 2 25 145 -1
7 0 2 25 146 0.775202
7 0 2 25 147 -1
7 0 2 25 148 -1
7 0 3 23 214 0.425258
7 0 3 23 215 -1
7 0 3 23 216 -1
7 0 3 23 217 0.95372
7 0 3 24 214 -1
7 0 3 24 215 -1
7 0 3 24 216 0.781403
7 0 3 24 217 -1
7 0 3 25 214 0.503415
7 0 3 25 215 -1
7 0 3 25 216 -1
7 0 3 25 217 -1
7 0 4 23 280 0.831336
7 0 4 23 281 -1
7 0 4 23 282 0.932814
7 0 4 23 283 -1
7 0 4 24 280 0.907982
7 0 4 24 281 -1
7 0 4 24 282 0.741904
7 0 4 24 283 -1
7 0 4 25 280 -1
7 0 4 25 281 0.653219
7 0 4 25 282 -1
7 0 4 25 283 0.262296
7 1 2 84 145 0.690866
7 1 2 84 146 -1
7 1 2 84 147 -1
7 1 2 84 148 -1
7 1 2 85 145 -1
7 1 2 85 146 -1
7 1 2 85 147 0.990734
7 1 2 85 148 0.32903
7 1 2 86 145 -1
7 1 2 86 146 -1
7 1 2 86 147 -1
7 1 2 86 148 0.830173
7 1 3 84 214 0.887279
7 1 3 84 215 0.762493
7 1 3 84 216 -1
7 1 3 84 217 -1
7 1 3 85 214 -1
7 1 3 85 215 -1
7 1 3 85 216 0.958753
7 1 3 85 217 0.996167
7 1 3 86 214 -1
7 1 3 86 215 -1
7 1 3 86 216 0.977024
7 1 3 86 217 0.921609
7 1 4 84 280 -1
7 1 4 84 281 -1
7 1 4 84 282 -1
7 1 4 84 283 0.912042
7 1 4 85 280 -1
7 1 4 85 281 -1
7 1 4 85 282 0.895084
7 1 4 85 283 -1
7 1 4 86 280 0.906065
7 1 4 86 281 -1
7 1 4 86 282 -1
7 1 4 86 283 -1
7 2 3 145 214 -1
7 2 3 145 215 0.667773
7 2 3 145 216 -1
7 2 3 145 217 -1
7 2 3 146 214 0.710686
7 2 3 146 215 -1
7 2 3 146 216 -1
7 2 3 146 217 -1
7 2 3 147 214 0.494052
7 2 3 147 215 -1
7 2 3 147 216 -1
7 2 3 147 217 0.985546
7 2 3 148 214 -1
7 2 3 148 215 -1
7 2 3 148 216 0.650103
7 2 3 148 217 -1
7 2 4 145 280 -1
7 2 4 145 281 0.196873
7 2 4 145 282 -1
7 2 4 145 283 0.602569
7 2 4 146 280 -1
7 2 4 146 281 0.669782
7 2 4 146 282 -1
7 2 4 146 283 -1
7 2 4 147 280 -1
7 2 4 147 281 -1
7 2 4 147 282 0.835645
7 2 4 147 283 -1
7 2 4 148 280 0.726914
7 2 4 148 281 -1
7 2 4 148 282 -1
7 2 4 148 283 -1
7 3 4 214 280 -1
7 3 4 214 281 0.787111
7 3 4 214 282 -1
7 3 4 214 283 -1
7 3 4 215 280 0.468925
7 3 4 215 281 -1
7 3 4 215 282 0.0518344
7 3 4 215 283 0.69137
7 3 4 216 280 0.777293
7 3 4 216 281 -1
7 3 4 216 282 -1
7 3 4 216 283 -1
7 3 4 217 280 -1
7 3 4 217 281 -1
7 3 4 217 282 0.896359
7 3 4 217 283 -1
8 0 1 26 87 0.203497
8 0 1 26 88 0.378444
8 0 1 26 89 -1
8 0 1 27 87 0.827502
8 0 1 27 88 0.675438
8 0 1 27 89 -1
8 0 1 28 87 -1
8 0 1 28 88 -1
8 0 1 28 89 0.800598
8 0 2 26 149 -1
8 0 2 26 150 0.982236
8 0 2 26 151 0.545179
8 0 2 26 152 -1
8 0 2 27 149 -1
8 0 2 27 150 -1
8 0 2 27 151 -1
8 0 2 27 152 0.766882
8 0 2 28 149 -1
8 0 2 28 150 0.73664
8 0 2 28 151 0.966448
8 0 2 28 152 -1
8 0 3 26 218 0.604222
8 0 3 26 219 -1
8 0 3 26 220 -1
8 0 3 26 221 0.815369
8 0 3 27 218 -1
8 0 3 27 219 -1
8 0 3 27 220 0.974137
8 0 3 27 221 -1
8 0 3 28 218 0.999713
8 0 3 28 219 -1
8 0 3 28 220 -1
8 0 3 28 221 0.508828
8 0 4 26 284 -1
8 0 4 26 285 0.244381
8 0 4 26 286 0.960697
8 0 4 26 287 -1
8 0 4 27 284 -1
8 0 4 27 285 0.484301
8 0 4 27 286 -1
8 0 4 27 287 -1
8 0 4 28 284 0.908393
8 0 4 28 285 -1
8 0 4 28 286 -1
8 0 4 28 287 -1
8 1 2 87 149 0.94906
8 1 2 87 150 0.159465
8 1 2 87 151 -1
8 1 2 87 152 -1
8 1 2 88 149 -1
8 1 2 88 150 -1
8 1 2 88 151 0.941272
8 1 2 88 152 0.643969
8 1 2 89 149 0.0337388
8 1 2 89 150 0.679634
8 1 2 89 151 -1
8 1 2 89 152 -1
8 1 3 87 218 0.416898
8 1 3 87 219 0.803229
8 1 3 87 220 -1
8 1 3 87 221 -1
8 1 3 88 218 -1
8 1 3 88 219 -1
8 1 3 88 220 0.782743
8 1 3 88 221 0.608191
8 1 3 89 218 0.865241
8 1 3 89 219 0.138371
8 1 3 89 220 -1
8 1 3 89 221 -1
8 1 4 87 284 0.789226
8 1 4 87 285 -1
8 1 4 87 286 -1
8 1 4 87 287 0.766285
8 1 4 88 284 -1
8 1 4 88 285 -1
8 1 4 88 286 0.997386
8 1 4 88 287 -1
8 1 4 89 284 0.899898
8 1 4 89 285 -1
8 1 4 89 286 -1
8 1 4 89 287 0.278698
8 2 3 149 218 -1
8 2 3 149 219 0.543518
8 2 3 149 220 -1
8 2 3 149 221 -1
8 2 3 150 218 0.737806
8 2 3 150 219 -1
8 2 3 150 220 -1
8 2 3 150 221 0.356119
8 2 3 151 218 0.82892
8 2 3 151 219 -1
8 2 3 151 220 -1
8 2 3 151 221 0.726073
8 2 3 152 218 -1
8 2 3 152 219 -1
8 2 3 152 220 0.731208
8 2 3 152 221 -1
8 2 4 149 284 0.938849
8 2 4 149 285 -1
8 2 4 149 286 -1
8 2 4 149 287 0.696673
8 2 4 150 284 0.55481
8 2 4 150 285 -1
8 2 4 150 286 -1
8 2 4 150 287 0.141307
8 2 4 151 284 -1
8 2 4 151 285 -1
8 2 4 151 286 0.772946
8 2 4 151 287 -1
8 2 4 152 284 -1
8 2 4 152 285 -1
8 2 4 152 286 0.021221
8 2 4 152 287 -1
8 3 4 218 284 0.838545
8 3 4 218 285 -1
8 3 4 218 286 -1
8 3 4 218 287 -1
8 3 4 219 284 -1
8 3 4 219 285 0.771988
8 3 4 219 286 -1
8 3 4 219 287 0.96132
8 3 4 220 284 -1
8 3 4 220 285 0.74947
8 3 4 220 286 -1
8 3 4 220 287 0.790396
8 3 4 221 284 -1
8 3 4 221 285 -1
8 3 4 221 286 0.901359
8 3 4 221 287 -1
9 0 1 29 90 -1
9 0 1 29 91 0.0998634
9 0 1 29 92 -1
9 0 1 30 90 0.386
9 0 1 30 91 0.161296
9 0 1 30 92 0.329137
9 0 1 31 90 0.352085
9 0 1 31 91 0.195527
9 0 1 31 92 0.302598
9 0 2 29 153 -1
9 0 2 29 154 -1
9 0 2 30 153 0.628099
9 0 2 30 154 0.371901
9 0 2 31 153 0.126036
9 0 2 31 154 0.815437
9 0 3 29 222 0.239517
9 0 3 29 223 -1
9 0 3 30 222 0.543887
9 0 3 30 223 -1
9 0 3 31 222 0.216596
9 0 3 31 223 -1
9 0 4 29 288 -1
9 0 4 29 289 0.99877
9 0 4 30 288 -1
9 0 4 30 289 -1
9 0 4 31 288 -1
9 0 4 31 289 -1
9 1 2 90 153 0.887678
9 1 2 90 154 -1
9 1 2 91 153 -1
9 1 2 91 154 0.918908
9 1 2 92 153 -1
9 1 2 92 154 -1
9 1 3 90 222 0.998982
9 1 3 90 223 -1
9 1 3 91 222 0.964573
9 1 3 91 223 -1
9 1 3 92 222 -1
9 1 3 92 223 0.862126
9 1 4 90 288 -1
9 1 4 90 289 -1
9 1 4 91 288 -1
9 1 4 91 289 -1
9 1 4 92 288 0.680758
9 1 4 92 289 0.319242
9 2 3 153 222 0.874571
9 2 3 153 223 -1
9 2 3 154 222 -1
9 2 3 154 223 -1
9 2 4 153 288 -1
9 2 4 153 289 -1
9 2 4 154 288 -1
9 2 4 154 289 -1
9 3 4 222 288 0.427655
9 3 4 222 289 -1
9 3 4 223 288 0.445659
9 3 4 223 289 0.30736
10 0 1 32 93 -1
10 0 1 32 94 0.502992
10 0 1 32 95 0.0298811
10 0 1 33 93 0.260178
10 0 1 33 94 0.114476
10 0 1 33 95 0.271687
10 0 1 34 93 0.336963
10 0 1 34 94 0.131032
10 0 1 34 95 0.216718
10 0 2 32 155 0.986981
10 0 2 32 156 -1
10 0 2 33 155 0.880672
10 0 2 33 156 -1
10 0 2 34 155 -1
10 0 2 34 156 0.0356411
10 0 3 32 224 0.496985
10 0 3 32 225 0.0204016
10 0 3 32 226 0.275125
10 0 3 33 224 -1
10 0 3 33 225 -1
10 0 3 33 226 0.0173447
10 0 3 34 224 0.499232
10 0 3 34 225 0.0533517
10 0 3 34 226 0.25506
10 0 4 32 290 -1
10 0 4 32 291 -1
10 0 4 33 290 -1
10 0 4 33 291 -1
10 0 4 34 290 0.669361
10 0 4 34 291 0.330639
10 1 2 93 155 -1
10 1 2 93 156 0.982537
10 1 2 94 155 0.923906
10 1 2 94 156 -1
10 1 2 95 155 -1
10 1 2 95 156 -1
10 1 3 93 224 0.377392
10 1 3 93 225 0.371251
10 1 3 93 226 0.131745
10 1 3 94 224 0.156064
10 1 3 94 225 0.147483
10 1 3 94 226 0.365036
10 1 3 95 224 -1
10 1 3 95 225 -1
10 1 3 95 226 0.270633
10 1 4 93 290 0.300757
10 1 4 93 291 0.699243
10 1 4 94 290 -1
10 1 4 94 291 -1
10 1 4 95 290 -1
10 1 4 95 291 -1
10 2 3 155 224 -1
10 2 3 155 225 0.455409
10 2 3 155 226 0.54352
10 2 3 156 224 -1
10 2 3 156 225 0.544591
10 2 3 156 226 0.45648
10 2 4 155 290 -1
10 2 4 155 291 -1
10 2 4 156 290 0.377306
10 2 4 156 291 0.622694
10 3 4 224 290 0.525831
10 3 4 224 291 0.121526
10 3 4 225 290 0.229859
10 3 4 225 291 0.33683
10 3 4 226 290 0.144377
10 3 4 226 291 0.399014
11 0 1 35 96 0.41334
11 0 1 35 97 0.348914
11 0 1 35 98 0.237745
11 0 1 36 96 0.213133
11 0 1 36 97 0.392273
11 0 1 36 98 0.394594
11 0 1 37 96 -1
11 0 1 37 97 -1
11 0 1 37 98 -1
11 0 2 35 157 -1
11 0 2 35 158 0.794853
11 0 2 35 159 -1
11 0 2 36 157 -1
11 0 2 36 158 0.297244
11 0 2 36 159 0.596792
11 0 2 37 157 0.631468
11 0 2 37 158 -1
11 0 2 37 159 -1
11 0 3 35 227 0.297359
11 0 3 35 228 0.167833
11 0 3 35 229 0.354744
11 0 3 36 227 -1
11 0 3 36 228 0.983252
11 0 3 36 229 0.117202
11 0 3 37 227 0.295252
11 0 3 37 228 -1
11 0 3 37 229 0.328414
11 0 4 35 292 0.486354
11 0 4 35 293 -1
11 0 4 35 294 -1
11 0 4 36 292 0.74653
11 0 4 36 293 -1
11 0 4 36 294 -1
11 0 4 37 292 -1
11 0 4 37 293 0.883911
11 0 4 37 294 0.449004
11 1 2 96 157 -1
11 1 2 96 158 0.919382
11 1 2 96 159 -1
11 1 2 97 157 0.833938
11 1 2 97 158 -1
11 1 2 97 159 -1
11 1 2 98 157 -1
11 1 2 98 158 -1
11 1 2 98 159 0.742269
11 1 3 96 227 0.113402
11 1 3 96 228 0.173897
11 1 3 96 229 0.158805
11 1 3 97 227 0.238178
11 1 3 97 228 0.103445
11 1 3 97 229 0.129816
11 1 3 98 227 0.112029
11 1 3 98 228 0.171277
11 1 3 98 229 0.162734
11 1 4 96 292 -1
11 1 4 96 293 -1
11 1 4 96 294 -1
11 1 4 97 292 0.130359
11 1 4 97 293 0.280408
11 1 4 97 294 0.589233
11 1 4 98 292 0.948598
11 1 4 98 293 -1
11 1 4 98 294 -1
11 2 3 157 227 0.955158
11 2 3 157 228 -1
11 2 3 157 229 -1
11 2 3 158 227 -1
11 2 3 158 228 -1
11 2 3 158 229 0.872077
11 2 3 159 227 -1
11 2 3 159 228 0.624376
11 2 3 159 229 -1
11 2 4 157 292 -1
11 2 4 157 293 0.601652
11 2 4 157 294 0.805439
11 2 4 158 292 -1
11 2 4 158 293 -1
11 2 4 158 294 -1
11 2 4 159 292 0.705331
11 2 4 159 293 -1
11 2 4 159 294 -1
11 3 4 227 292 0.159283
11 3 4 227 293 0.155936
11 3 4 227 294 0.194186
11 3 4 228 292 0.235597
11 3 4 228 293 0.0121295
11 3 4 228 294 0.172714
11 3 4 229 292 0.191974
11 3 4 229 293 0.0482612
11 3 4 229 294 0.205232
12 0 1 38 99 0.170628
12 0 1 38 100 0.402972
12 0 1 38 101 0.0626182
12 0 1 39 99 0.146328
12 0 1 39 100 0.401639
12 0 1 39 101 0.10023
12 0 1 40 99 0.214309
12 0 1 40 100 0.236162
12 0 1 40 101 0.0923728
12 0 1 41 99 0.0495587
12 0 1 41 100 -0.96141
12 0 1 41 101 0.520299
12 0 2 38 160 -1
12 0 2 38 161 0.854618
12 0 2 38 162 -1
12 0 2 39 160 -1
12 0 2 39 161 -1
12 0 2 39 162 0.949396
12 0 2 40 160 0.854005
12 0 2 40 161 -1
12 0 2 40 162 -1
12 0 2 41 160 -1
12 0 2 41 161 0.809433
12 0 2 41 162 -1
12 0 3 38 230 0.532439
12 0 3 38 231 0.110703
12 0 3 38 232 0.986316
12 0 3 38 233 -1
12 0 3 39 230 -1
12 0 3 39 231 0.207355
12 0 3 39 232 -1
12 0 3 39 233 0.951261
12 0 3 40 230 0.744002
12 0 3 40 231 -1
12 0 3 40 232 0.128889
12 0 3 40 233 -1
12 0 3 41 230 -1
12 0 3 41 231 0.661106
12 0 3 41 232 -1
12 0 3 41 233 -1
12 0 4 38 295 -1
12 0 4 38 296 0.99833
12 0 4 39 295 -1
12 0 4 39 296 0.508958
12 0 4 40 295 -1
12 0 4 40 296 -1
12 0 4 41 295 0.915809
12 0 4 41 296 -1
12 1 2 99 160 0.831049
12 1 2 99 161 0.370584
12 1 2 99 162 -1
12 1 2 100 160 -1
12 1 2 100 161 -1
12 1 2 100 162 0.776185
12 1 2 101 160 0.0910516
12 1 2 101 161 0.790472
12 1 2 101 162 -1
12 1 3 99 230 0.373623
12 1 3 99 231 0.12824
12 1 3 99 232 0.119153
12 1 3 99 233 0.023839
12 1 3 100 230 0.0453846
12 1 3 100 231 0.193753
12 1 3 100 232 0.155672
12 1 3 100 233 0.293912
12 1 3 101 230 0.189393
12 1 3 101 231 0.161122
12 1 3 101 232 0.202729
12 1 3 101 233 0.112843
12 1 4 99 295 0.719534
12 1 4 99 296 -1
12 1 4 100 295 -1
12 1 4 100 296 0.18639
12 1 4 101 295 0.945696
12 1 4 101 296 -1
12 2 3 160 230 0.748076
12 2 3 160 231 -1
12 2 3 160 232 -1
12 2 3 160 233 -1
12 2 3 161 230 -1
12 2 3 161 231 0.537768
12 2 3 161 232 -1
12 2 3 161 233 -1
12 2 3 162 230 -1
12 2 3 162 231 -1
12 2 3 162 232 -1
12 2 3 162 233 0.932566
12 2 4 160 295 -1
12 2 4 160 296 -1
12 2 4 161 295 0.874045
12 2 4 161 296 -1
12 2 4 162 295 -1
12 2 4 162 296 0.476144
12 3 4 230 295 0.262092
12 3 4 230 296 0.160542
12 3 4 231 295 0.230805
12 3 4 231 296 0.185832
12 3 4 232 295 0.143649
12 3 4 232 296 0.256282
12 3 4 233 295 0.179112
12 3 4 233 296 0.227616
13 0 1 42 102 0.123768
13 0 1 42 103 0.905525
13 0 1 42 104 -1
13 0 1 43 102 0.513597
13 0 1 43 103 -1
13 0 1 43 104 -1
13 0 1 44 102 0.362635
13 0 1 44 103 -1
13 0 1 44 104 0.612916
13 0 2 42 163 -1
13 0 2 42 164 0.929995
13 0 2 42 165 0.991465
13 0 2 42 166 -1
13 0 2 43 163 0.251071
13 0 2 43 164 -1
13 0 2 43 165 -1
13 0 2 43 166 -1
13 0 2 44 163 -1
13 0 2 44 164 -1
13 0 2 44 165 -1
13 0 2 44 166 0.597707
13 0 3 42 234 0.49844
13 0 3 42 235 -1
13 0 3 42 236 -1
13 0 3 42 237 0.933074
13 0 3 43 234 -1
13 0 3 43 235 0.0576192
13 0 3 43 236 -1
13 0 3 43 237 -1
13 0 3 44 234 -1
13 0 3 44 235 -1
13 0 3 44 236 0.612981
13 0 3 44 237 -1
13 0 4 42 297 -1
13 0 4 42 298 0.827731
13 0 4 42 299 0.966645
13 0 4 42 300 -1
13 0 4 43 297 -1
13 0 4 43 298 -1
13 0 4 43 299 -1
13 0 4 43 300 -1
13 0 4 44 297 -1
13 0 4 44 298 0.647612
13 0 4 44 299 0.84649
13 0 4 44 300 -1
13 1 2 102 163 0.863256
13 1 2 102 164 -1
13 1 2 102 165 -1
13 1 2 102 166 -1
13 1 2 103 163 -1
13 1 2 103 164 -1
13 1 2 103 165 0.742107
13 1 2 103 166 0.328481
13 1 2 104 163 -1
13 1 2 104 164 -1
13 1 2 104 165 -1
13 1 2 104 166 0.80095
13 1 3 102 234 0.743149
13 1 3 102 235 0.844677
13 1 3 102 236 -1
13 1 3 102 237 -1
13 1 3 103 234 -1
13 1 3 103 235 -1
13 1 3 103 236 0.648416
13 1 3 103 237 0.87554
13 1 3 104 234 -1
13 1 3 104 235 -1
13 1 3 104 236 0.676516
13 1 3 104 237 0.953607
13 1 4 102 297 -1
13 1 4 102 298 -1
13 1 4 102 299 -1
13 1 4 102 300 0.692381
13 1 4 103 297 -1
13 1 4 103 298 -1
13 1 4 103 299 0.787527
13 1 4 103 300 -1
13 1 4 104 297 -1
13 1 4 104 298 0.796778
13 1 4 104 299 -1
13 1 4 104 300 -1
13 2 3 163 234 -1
13 2 3 163 235 0.730428
13 2 3 163 236 -1
13 2 3 163 237 -1
13 2 3 164 234 0.754111
13 2 3 164 235 -1
13 2 3 164 236 -1
13 2 3 164 237 -1
13 2 3 165 234 -1
13 2 3 165 235 -1
13 2 3 165 236 -1
13 2 3 165 237 0.911848
13 2 3 166 234 -1
13 2 3 166 235 -1
13 2 3 166 236 0.872666
13 2 3 166 237 -1
13 2 4 163 297 -1
13 2 4 163 298 -1
13 2 4 163 299 -1
13 2 4 163 300 0.548074
13 2 4 164 297 0.595115
13 2 4 164 298 -1
13 2 4 164 299 -1
13 2 4 164 300 -1
13 2 4 165 297 -1
13 2 4 165 298 -1
13 2 4 165 299 0.992967
13 2 4 165 300 -1
13 2 4 166 297 -1
13 2 4 166 298 0.937252
13 2 4 166 299 -1
13 2 4 166 300 -1
13 3 4 234 297 0.932411
13 3 4 234 298 -1
13 3 4 234 299 -1
13 3 4 234 300 -1
13 3 4 235 297 -1
13 3 4 235 298 0.301099
13 3 4 235 299 -1
13 3 4 235 300 0.791679
13 3 4 236 297 -1
13 3 4 236 298 0.964144
13 3 4 236 299 -1
13 3 4 236 300 -1
13 3 4 237 297 -1
13 3 4 237 298 -1
13 3 4 237 299 0.914095
13 3 4 237 300 -1
14 0 1 45 105 0.0642929
14 0 1 45 106 0.76858
14 0 1 45 107 -1
14 0 1 45 108 -1
14 0 1 46 105 0.414614
14 0 1 46 106 -1
14 0 1 46 107 -1
14 0 1 46 108 -1
14 0 1 47 105 0.521093
14 0 1 47 106 -1
14 0 1 47 107 0.711388
14 0 1 47 108 -1
14 0 2 45 167 -1
14 0 2 45 168 0.182921
14 0 2 45 169 0.646786
14 0 2 45 170 -1
14 0 2 46 167 0.458446
14 0 2 46 168 -1
14 0 2 46 169 -1
14 0 2 46 170 -1
14 0 2 47 167 -1
14 0 2 47 168 -1
14 0 2 47 169 -1
14 0 2 47 170 0.526422
14 0 3 45 238 0.319051
14 0 3 45 239 -1
14 0 3 45 240 -1
14 0 3 45 241 0.722588
14 0 3 46 238 -1
14 0 3 46 239 0.964132
14 0 3 46 240 -1
14 0 3 46 241 -1
14 0 3 47 238 -1
14 0 3 47 239 -1
14 0 3 47 240 0.777201
14 0 3 47 241 -1
14 0 4 45 301 -1
14 0 4 45 302 -1
14 0 4 45 303 0.887384
14 0 4 45 304 -1
14 0 4 46 301 -1
14 0 4 46 302 -1
14 0 4 46 303 -1
14 0 4 46 304 0.925727
14 0 4 47 301 -1
14 0 4 47 302 0.7143
14 0 4 47 303 -1
14 0 4 47 304 -1
14 1 2 105 167 0.958126
14 1 2 105 168 0.650109
14 1 2 105 169 -1
14 1 2 105 170 -1
14 1 2 106 167 -1
14 1 2 106 168 -1
14 1 2 106 169 0.991903
14 1 2 106 170 0.205982
14 1 2 107 167 -1
14 1 2 107 168 -1
14 1 2 107 169 0.197112
14 1 2 107 170 0.759627
14 1 2 108 167 0.461095
14 1 2 108 168 0.956223
14 1 2 108 169 -1
14 1 2 108 170 -1
14 1 3 105 238 -1
14 1 3 105 239 0.849714
14 1 3 105 240 -1
14 1 3 105 241 -1
14 1 3 106 238 -1
14 1 3 106 239 -1
14 1 3 106 240 0.0618575
14 1 3 106 241 0.830772
14 1 3 107 238 -1
14 1 3 107 239 -1
14 1 3 107 240 0.939574
14 1 3 107 241 -1
14 1 3 108 238 0.912284
14 1 3 108 239 -1
14 1 3 108 240 -1
14 1 3 108 241 -1
14 1 4 105 301 0.487534
14 1 4 105 302 -1
14 1 4 105 303 -1
14 1 4 105 304 0.918938
14 1 4 106 301 -1
14 1 4 106 302 0.0104535
14 1 4 106 303 0.882855
14 1 4 106 304 -1
14 1 4 107 301 -1
14 1 4 107 302 0.467765
14 1 4 107 303 0.214515
14 1 4 107 304 -1
14 1 4 108 301 0.974705
14 1 4 108 302 -1
14 1 4 108 303 -1
14 1 4 108 304 0.357765
14 2 3 167 238 -1
14 2 3 167 239 0.28118
14 2 3 167 240 -1
14 2 3 167 241 -1
14 2 3 168 238 0.860977
14 2 3 168 239 -1
14 2 3 168 240 -1
14 2 3 168 241 0.617498
14 2 3 169 238 0.872249
14 2 3 169 239 -1
14 2 3 169 240 -1
14 2 3 169 241 0.904827
14 2 3 170 238 -1
14 2 3 170 239 -1
14 2 3 170 240 0.732114
14 2 3 170 241 -1
14 2 4 167 301 0.455795
14 2 4 167 302 -1
14 2 4 167 303 -1
14 2 4 167 304 0.98996
14 2 4 168 301 0.981195
14 2 4 168 302 -1
14 2 4 168 303 -1
14 2 4 168 304 0.0768934
14 2 4 169 301 -1
14 2 4 169 302 -1
14 2 4 169 303 0.884646
14 2 4 169 304 -1
14 2 4 170 301 -1
14 2 4 170 302 0.257329
14 2 4 170 303 -1
14 2 4 170 304 -1
14 3 4 238 301 0.926186
14 3 4 238 302 -1
14 3 4 238 303 -1
14 3 4 238 304 -1
14 3 4 239 301 -1
14 3 4 239 302 0.717604
14 3 4 239 303 -1
14 3 4 239 304 0.854989
14 3 4 240 301 -1
14 3 4 240 302 0.721815
14 3 4 240 303 -1
14 3 4 240 304 0.993617
14 3 4 241 301 -1
14 3 4 241 302 -1
14 3 4 241 303 0.7138
14 3 4 241 304 -1
15 0 1 48 109 -1
15 0 1 49 109 0.902388
15 0 1 50 109 -1
15 0 2 48 171 -1
15 0 2 48 172 0.981347
15 0 2 48 173 -1
15 0 2 49 171 -1
15 0 2 49 172 -1
15 0 2 49 173 0.876474
15 0 2 50 171 -1
15 0 2 50 172 0.0493677
15 0 2 50 173 -1
15 0 3 48 242 0.953497
15 0 3 48 243 -1
15 0 3 48 244 0.121129
15 0 3 49 242 -1
15 0 3 49 243 0.767562
15 0 3 49 244 -1
15 0 3 50 242 -1
15 0 3 50 243 0.288017
15 0 3 50 244 -1
15 0 4 48 305 -1
15 0 4 48 306 -1
15 0 4 48 307 -1
15 0 4 49 305 -1
15 0 4 49 306 0.697709
15 0 4 49 307 -1
15 0 4 50 305 0.765457
15 0 4 50 306 -1
15 0 4 50 307 -1
15 1 2 109 171 0.977904
15 1 2 109 172 -1
15 1 2 109 173 -1
15 1 3 109 242 -1
15 1 3 109 243 0.675693
15 1 3 109 244 0.926868
15 1 4 109 305 -1
15 1 4 109 306 -1
15 1 4 109 307 0.676583
15 2 3 171 242 -1
15 2 3 171 243 -1
15 2 3 171 244 0.966424
15 2 3 172 242 0.927897
15 2 3 172 243 -1
15 2 3 172 244 -1
15 2 3 173 242 -1
15 2 3 173 243 0.92664
15 2 3 173 244 -1
15 2 4 171 305 -1
15 2 4 171 306 -1
15 2 4 171 307 0.709353
15 2 4 172 305 -1
15 2 4 172 306 0.466206
15 2 4 172 307 -1
15 2 4 173 305 -1
15 2 4 173 306 0.721838
15 2 4 173 307 -1
15 3 4 242 305 -1
15 3 4 242 306 -1
15 3 4 242 307 -1
15 3 4 243 305 0.046411
15 3 4 243 306 0.83526
15 3 4 243 307 -1
15 3 4 244 305 -1
15 3 4 244 306 0.496821
15 3 4 244 307 0.747907
16 0 1 51 110 0.521937
16 0 1 51 111 0.633711
16 0 1 51 112 -1
16 0 1 52 110 0.737667
16 0 1 52 111 0.680628
16 0 1 52 112 -1
16 0 1 53 110 -1
16 0 1 53 111 -1
16 0 1 53 112 0.987168
16 0 2 51 174 -1
16 0 2 51 175 -1
16 0 2 51 176 0.485148
16 0 2 51 177 0.497696
16 0 2 51 178 -1
16 0 2 52 174 0.66275
16 0 2 52 175 -1
16 0 2 52 176 -1
16 0 2 52 177 -1
16 0 2 52 178 -1
16 0 2 53 174 -1
16 0 2 53 175 -1
16 0 2 53 176 0.981128
16 0 2 53 177 0.62478
16 0 2 53 178 -1
16 0 3 51 245 -1
16 0 3 51 246 0.204003
16 0 3 51 247 -1
16 0 3 51 248 0.998002
16 0 3 52 245 0.606201
16 0 3 52 246 -1
16 0 3 52 247 -1
16 0 3 52 248 -1
16 0 3 53 245 -1
16 0 3 53 246 0.70413
16 0 3 53 247 -1
16 0 3 53 248 -1
16 0 4 51 308 -1
16 0 4 51 309 0.893864
16 0 4 52 308 -1
16 0 4 52 309 -1
16 0 4 53 308 0.907392
16 0 4 53 309 -1
16 1 2 110 174 0.907315
16 1 2 110 175 -1
16 1 2 110 176 0.912028
16 1 2 110 177 -1
16 1 2 110 178 -1
16 1 2 111 174 -1
16 1 2 111 175 -1
16 1 2 111 176 -1
16 1 2 111 177 0.417962
16 1 2 111 178 0.728561
16 1 2 112 174 0.91144
16 1 2 112 175 -1
16 1 2 112 176 0.962023
16 1 2 112 177 -1
16 1 2 112 178 -1
16 1 3 110 245 0.869579
16 1 3 110 246 -1
16 1 3 110 247 -1
16 1 3 110 248 -1
16 1 3 111 245 -1
16 1 3 111 246 0.462996
16 1 3 111 247 0.979521
16 1 3 111 248 0.414907
16 1 3 112 245 -1
16 1 3 112 246 0.839016
16 1 3 112 247 0.190401
16 1 3 112 248 0.774506
16 1 4 110 308 0.502794
16 1 4 110 309 -1
16 1 4 111 308 -1
16 1 4 111 309 0.159364
16 1 4 112 308 0.882235
16 1 4 112 309 -1
16 2 3 174 245 0.947279
16 2 3 174 246 -1
16 2 3 174 247 -1
16 2 3 174 248 -1
16 2 3 175 245 0.418678
16 2 3 175 246 -1
16 2 3 175 247 -1
16 2 3 175 248 0.0200154
16 2 3 176 245 -1
16 2 3 176 246 0.318717
16 2 3 176 247 -1
16 2 3 176 248 -1
16 2 3 177 245 -1
16 2 3 177 246 -1
16 2 3 177 247 -1
16 2 3 177 248 0.460502
16 2 3 178 245 -1
16 2 3 178 246 -1
16 2 3 178 247 0.993023
16 2 3 178 248 -1
16 2 4 174 308 -1
16 2 4 174 309 -1
16 2 4 175 308 -1
16 2 4 175 309 -1
16 2 4 176 308 0.886866
16 2 4 176 309 -1
16 2 4 177 308 -1
16 2 4 177 309 0.976539
16 2 4 178 308 -1
16 2 4 178 309 0.539762
16 3 4 245 308 0.751234
16 3 4 245 309 0.172755
16 3 4 246 308 0.56044
16 3 4 246 309 0.0415019
16 3 4 247 308 0.238938
16 3 4 247 309 0.135145
16 3 4 248 308 -1
16 3 4 248 309 0.650599
17 0 1 54 113 0.0483923
17 0 1 54 114 -1
17 0 1 54 115 -1
17 0 1 55 113 0.484109
17 0 1 55 114 0.910994
17 0 1 55 115 -1
17 0 1 56 113 0.467499
17 0 1 56 114 0.982865
17 0 1 56 115 -1
17 0 2 54 179 -1
17 0 2 54 180 0.709919
17 0 2 54 181 0.890217
17 0 2 54 182 -1
17 0 2 55 179 -1
17 0 2 55 180 -1
17 0 2 55 181 -1
17 0 2 55 182 0.132296
17 0 2 56 179 0.960229
17 0 2 56 180 -1
17 0 2 56 181 -1
17 0 2 56 182 -1
17 0 3 54 249 0.87403
17 0 3 54 250 -1
17 0 3 54 251 -1
17 0 3 54 252 0.6961
17 0 3 55 249 -1
17 0 3 55 250 -1
17 0 3 55 251 0.916757
17 0 3 55 252 -1
17 0 3 56 249 -1
17 0 3 56 250 0.845188
17 0 3 56 251 -1
17 0 3 56 252 -1
17 0 4 54 310 -1
17 0 4 54 311 0.0670515
17 0 4 54 312 0.707615
17 0 4 54 313 -1
17 0 4 55 310 -1
17 0 4 55 311 0.993367
17 0 4 55 312 -1
17 0 4 55 313 -1
17 0 4 56 310 -1
17 0 4 56 311 -1
17 0 4 56 312 -1
17 0 4 56 313 0.898753
17 1 2 113 179 0.749883
17 1 2 113 180 0.776014
17 1 2 113 181 -1
17 1 2 113 182 -1
17 1 2 114 179 -1
17 1 2 114 180 -1
17 1 2 114 181 0.289791
17 1 2 114 182 0.701483
17 1 2 115 179 0.928018
17 1 2 115 180 0.899235
17 1 2 115 181 -1
17 1 2 115 182 -1
17 1 3 113 249 0.0554188
17 1 3 113 250 0.959875
17 1 3 113 251 -1
17 1 3 113 252 -1
17 1 3 114 249 -1
17 1 3 114 250 -1
17 1 3 114 251 0.741037
17 1 3 114 252 0.469545
17 1 3 115 249 0.917523
17 1 3 115 250 -1
17 1 3 115 251 -1
17 1 3 115 252 -1
17 1 4 113 310 0.523037
17 1 4 113 311 -1
17 1 4 113 312 -1
17 1 4 113 313 0.776399
17 1 4 114 310 -1
17 1 4 114 311 0.174757
17 1 4 114 312 0.983165
17 1 4 114 313 -1
17 1 4 115 310 0.871978
17 1 4 115 311 -1
17 1 4 115 312 -1
17 1 4 115 313 0.205239
17 2 3 179 249 -1
17 2 3 179 250 0.74076
17 2 3 179 251 -1
17 2 3 179 252 -1
17 2 3 180 249 0.822038
17 2 3 180 250 -1
17 2 3 180 251 -1
17 2 3 180 252 -1
17 2 3 181 249 0.618402
17 2 3 181 250 -1
17 2 3 181 251 -1
17 2 3 181 252 0.710399
17 2 3 182 249 -1
17 2 3 182 250 -1
17 2 3 182 251 0.222795
17 2 3 182 252 -1
17 2 4 179 310 0.598763
17 2 4 179 311 -1
17 2 4 179 312 -1
17 2 4 179 313 0.474304
17 2 4 180 310 0.978973
17 2 4 180 311 -1
17 2 4 180 312 -1
17 2 4 180 313 -1
17 2 4 181 310 -1
17 2 4 181 311 -1
17 2 4 181 312 0.891824
17 2 4 181 313 -1
17 2 4 182 310 -1
17 2 4 182 311 0.0434707
17 2 4 182 312 0.040862
17 2 4 182 313 -1
17 3 4 249 310 0.897508
17 3 4 249 311 -1
17 3 4 249 312 -1
17 3 4 249 313 -1
17 3 4 250 310 -1
17 3 4 250 311 0.291849
17 3 4 250 312 0.0242816
17 3 4 250 313 0.99881
17 3 4 251 310 -1
17 3 4 251 311 0.539615
17 3 4 251 312 -1
17 3 4 251 313 -1
17 3 4 252 310 -1
17 3 4 252 311 -1
17 3 4 252 312 0.298878
17 3 4 252 313 -1
18 0 1 57 116 0.176587
18 0 1 57 117 0.986199
18 0 1 57 118 -1
18 0 1 58 116 0.410035
18 0 1 58 117 -1
18 0 1 58 118 -1
18 0 1 59 116 0.413377
18 0 1 59 117 -1
18 0 1 59 118 0.697731
18 0 2 57 183 -1
18 0 2 57 184 0.809177
18 0 2 57 185 0.794534
18 0 2 57 186 -1
18 0 2 58 183 0.158902
18 0 2 58 184 -1
18 0 2 58 185 -1
18 0 2 58 186 -1
18 0 2 59 183 -1
18 0 2 59 184 -1
18 0 2 59 185 -1
18 0 2 59 186 0.0966199
18 0 3 57 253 -1
18 0 3 57 254 0.723098
18 0 3 58 253 -1
18 0 3 58 254 -1
18 0 3 59 253 -1
18 0 3 59 254 -1
18 0 4 57 314 -1
18 0 4 57 315 0.336624
18 0 4 57 316 0.647257
18 0 4 57 317 -1
18 0 4 58 314 -1
18 0 4 58 315 -1
18 0 4 58 316 -1
18 0 4 58 317 -1
18 0 4 59 314 -1
18 0 4 59 315 0.677109
18 0 4 59 316 0.14568
18 0 4 59 317 -1
18 1 2 116 183 0.989975
18 1 2 116 184 -1
18 1 2 116 185 -1
18 1 2 116 186 -1
18 1 2 117 183 -1
18 1 2 117 184 -1
18 1 2 117 185 0.832813
18 1 2 117 186 -1
18 1 2 118 183 -1
18 1 2 118 184 -1
18 1 2 118 185 -1
18 1 2 118 186 0.622446
18 1 3 116 253 0.678571
18 1 3 116 254 -1
18 1 3 117 253 -1
18 1 3 117 254 0.887224
18 1 3 118 253 -1
18 1 3 118 254 0.250245
18 1 4 116 314 -1
18 1 4 116 315 -1
18 1 4 116 316 -1
18 1 4 116 317 0.430922
18 1 4 117 314 -1
18 1 4 117 315 -1
18 1 4 117 316 0.988703
18 1 4 117 317 -1
18 1 4 118 314 -1
18 1 4 118 315 0.98248
18 1 4 118 316 -1
18 1 4 118 317 -1
18 2 3 183 253 0.556815
18 2 3 183 254 -1
18 2 3 184 253 -1
18 2 3 184 254 -1
18 2 3 185 253 -1
18 2 3 185 254 0.969187
18 2 3 186 253 -1
18 2 3 186 254 -1
18 2 4 183 314 -1
18 2 4 183 315 -1
18 2 4 183 316 -1
18 2 4 183 317 0.483772
18 2 4 184 314 0.825204
18 2 4 184 315 -1
18 2 4 184 316 -1
18 2 4 184 317 -1
18 2 4 185 314 -1
18 2 4 185 315 -1
18 2 4 185 316 0.877325
18 2 4 185 317 -1
18 2 4 186 314 -1
18 2 4 186 315 0.870251
18 2 4 186 316 -1
18 2 4 186 317 -1
18 3 4 253 314 -1
18 3 4 253 315 0.187055
18 3 4 253 316 -1
18 3 4 253 317 0.902178
18 3 4 254 314 -1
18 3 4 254 315 -1
18 3 4 254 316 0.979113
18 3 4 254 317 -1
end of Frame 291
