J OverallIdx viewIdx joint种类0-18(jointIdx) 该joint在图中的顺序(candidix) x y score
0 0 0 0 367.262 371.132 0.646734
1 0 0 1 283.248 411.173 0.528463
2 0 0 2 908.751 411.134 0.721701
3 0 0 3 619.697 518.745 0.402844
4 0 1 0 602.925 179.269 0.775297
5 0 1 1 258.124 204.565 0.655884
6 0 1 2 367.289 221.395 0.816348
7 0 1 3 911.482 225.583 0.871884
8 0 2 0 325.284 375.336 0.594078
9 0 2 1 291.636 409.066 0.490552
10 0 2 2 874.93 409.058 0.66073
11 0 2 3 692.647 512.398 0.394669
12 0 3 0 401.018 369.053 0.64556
13 0 3 1 280.421 411.198 0.412942
14 0 3 2 950.602 411.137 0.688845
15 0 3 3 549.55 520.857 0.407101
16 0 4 0 347.799 147.643 0.874761
17 0 4 1 866.552 166.606 0.870036
18 0 5 0 706.81 162.4 0.786776
19 0 5 1 280.367 208.731 0.734064
20 0 5 2 322.386 217.215 0.679866
21 0 5 3 863.869 227.746 0.901117
22 0 6 0 504.691 194.052 0.76533
23 0 6 1 244.019 202.416 0.54995
24 0 6 2 961.863 217.175 0.784733
25 0 6 3 412.312 221.442 0.824232
26 0 7 0 328.111 512.401 0.587063
27 0 7 1 886.279 546.197 0.813919
28 0 7 2 280.399 575.676 0.617862
29 0 7 3 729.071 738.054 0.436902
30 0 8 0 426.275 501.916 0.592681
31 0 8 1 961.885 550.378 0.797463
32 0 8 2 294.469 573.557 0.412724
33 0 8 3 549.739 744.344 0.604671
34 0 9 0 656.204 97.059 0.832827
35 0 9 1 280.54 126.485 0.953219
36 0 10 0 555.334 103.3 0.843942
37 0 10 1 392.63 143.464 0.875309
38 0 10 2 916.99 149.768 0.830948
39 0 11 0 858.072 316.334 0.796969
40 0 11 1 751.567 324.74 0.810313
41 0 11 2 305.808 331.069 0.866605
42 0 12 0 417.967 303.647 0.527147
43 0 12 1 992.656 314.153 0.818511
44 0 12 2 459.976 362.743 0.840184
45 0 13 0 344.981 630.467 0.773732
46 0 13 1 903.042 657.939 0.780359
47 0 13 2 229.903 738.074 0.595361
48 0 14 0 434.646 628.42 0.581041
49 0 14 1 995.468 685.346 0.789538
50 0 14 2 260.922 719.065 0.689264
51 0 15 0 824.509 394.263 0.84203
52 0 15 1 412.117 398.526 0.803488
53 0 15 2 796.452 485.053 0.790097
54 0 16 0 322.487 221.383 0.361019
55 0 16 1 987.14 400.65 0.823616
56 0 16 2 457.047 527.181 0.724207
57 0 17 0 417.886 655.807 0.370087
58 0 17 1 330.91 740.157 0.78389
59 0 17 2 981.576 735.903 0.758309
60 0 18 0 356.113 666.392 0.624509
61 0 18 1 841.19 681.056 0.775346
62 0 18 2 297.274 752.817 0.197623
63 1 0 0 765.62 377.401 0.750076
64 1 0 1 460.044 377.41 0.758434
65 1 0 2 566.462 396.463 0.717592
66 1 0 3 984.293 413.346 0.681682
67 1 1 0 459.747 229.872 0.886366
68 1 1 1 552.478 242.429 0.894127
69 1 1 2 967.44 242.475 0.831976
70 1 1 3 757.225 261.372 0.900693
71 1 2 0 732.044 377.442 0.758379
72 1 2 1 437.571 379.478 0.762821
73 1 2 2 594.592 396.475 0.755444
74 1 2 3 1029.2 411.219 0.639177
75 1 3 0 485.2 375.312 0.706827
76 1 3 1 793.682 375.347 0.777538
77 1 3 2 530.021 396.4 0.671997
78 1 3 3 956.234 415.473 0.691107
79 1 4 0 605.715 177.234 0.154552
80 1 4 1 476.755 191.792 0.861035
81 1 4 2 886.061 223.525 0.906461
82 1 4 3 748.754 223.486 0.752683
83 1 5 0 423.441 232.008 0.822418
84 1 5 1 1001.14 229.929 0.826582
85 1 5 2 600.091 238.271 0.825474
86 1 5 3 726.307 261.442 0.922426
87 1 6 0 504.699 238.282 0.873053
88 1 6 1 928.206 246.768 0.852479
89 1 6 2 796.512 259.386 0.932448
90 1 7 0 748.838 466.034 0.840365
91 1 7 1 437.436 485.012 0.849235
92 1 7 2 1004.06 518.792 0.714948
93 1 7 3 597.325 527.203 0.807062
94 1 8 0 810.42 463.844 0.838527
95 1 8 1 504.622 480.823 0.865372
96 1 8 2 546.719 525.036 0.734152
97 1 8 3 947.782 546.167 0.769205
98 1 9 0 591.65 172.919 0.879867
99 1 9 1 437.48 181.401 0.910471
100 1 9 2 729.253 215.145 0.153119
101 1 10 0 549.587 179.284 0.171521
102 1 10 1 908.478 194.062 0.946411
103 1 10 2 774.083 213.08 0.826576
104 1 11 0 1029.21 299.434 0.35781
105 1 11 1 434.559 299.447 0.818525
106 1 11 2 709.477 316.326 0.82511
107 1 11 3 639.325 331.076 0.918529
108 1 12 0 816.069 312.182 0.92886
109 1 12 1 488.01 328.918 0.92214
110 1 12 2 933.809 337.402 0.877571
111 1 13 0 748.659 546.074 0.728089
112 1 13 1 431.919 596.673 0.813495
113 1 13 2 597.318 660.011 0.766206
114 1 14 0 819.037 546.164 0.879497
115 1 14 1 487.93 581.919 0.835344
116 1 14 2 546.874 649.525 0.834537
117 1 14 3 931.19 666.369 0.838842
118 1 15 0 479.47 248.802 0.845915
119 1 15 1 681.441 377.356 0.808805
120 1 16 0 527.201 369.052 0.774728
121 1 16 1 821.598 366.924 0.898227
122 1 16 2 928.31 417.543 0.872053
123 1 17 0 841.31 567.205 0.830893
124 1 17 1 513.233 590.44 0.450921
125 1 17 2 569.218 649.422 0.252528
126 1 17 3 869.33 666.419 0.815411
127 1 18 0 740.346 565.054 0.607534
128 1 18 1 462.683 611.54 0.735054
129 1 18 2 616.899 653.705 0.516902
130 2 0 0 465.599 143.34 0.764032
131 2 0 1 821.661 177.205 0.37412
132 2 0 2 869.411 297.336 0.630088
133 2 0 3 375.746 358.485 0.647017
134 2 0 4 639.412 396.389 0.778542
135 2 1 0 462.814 25.3403 0.896175
136 2 1 1 838.521 126.593 0.383634
137 2 1 2 903.012 164.466 0.705425
138 2 1 3 364.502 193.929 0.83308
139 2 1 4 659.029 244.709 0.91194
140 2 2 0 443.157 143.482 0.744906
141 2 2 1 821.752 177.189 0.309494
142 2 2 2 869.337 295.207 0.5422
143 2 2 3 392.689 362.758 0.673454
144 2 2 4 675.856 394.318 0.704091
145 2 3 0 493.53 141.237 0.738421
146 2 3 1 818.983 179.204 0.418943
147 2 3 2 869.388 301.554 0.661543
148 2 3 3 358.923 350.044 0.575362
149 2 3 4 605.746 396.431 0.704847
150 2 4 0 437.457 139.177 0.884919
151 2 4 1 841.207 134.978 0.853994
152 2 5 0 434.608 31.6023 0.837087
153 2 5 1 824.539 126.471 0.305118
154 2 5 2 897.42 147.587 0.531173
155 2 5 3 389.682 210.845 0.764671
156 2 5 4 706.789 242.428 0.899732
157 2 6 0 504.7 21.0473 0.885267
158 2 6 1 824.478 126.589 0.332513
159 2 6 2 336.554 177.149 0.755913
160 2 6 3 905.691 179.243 0.797148
161 2 6 4 605.726 250.906 0.799933
162 2 7 0 790.78 210.85 0.371491
163 2 7 1 440.219 219.27 0.850119
164 2 7 2 863.691 366.877 0.682863
165 2 7 3 392.49 478.668 0.793444
166 2 7 4 661.955 497.714 0.891896
167 2 8 0 790.747 210.914 0.426442
168 2 8 1 499.116 221.418 0.792887
169 2 8 2 846.892 394.252 0.743196
170 2 8 3 392.572 436.501 0.38785
171 2 8 4 597.352 503.985 0.822396
172 2 9 0 389.719 141.171 0.880744
173 2 9 1 684.269 166.634 0.742519
174 2 10 0 877.785 122.316 0.844455
175 2 10 1 617.041 168.661 0.786919
176 2 11 0 420.691 92.763 0.644445
177 2 11 1 417.96 309.902 0.815681
178 2 11 2 706.567 318.416 0.724644
179 2 12 0 504.877 78.1137 0.863557
180 2 12 1 799.385 160.205 0.246251
181 2 12 2 916.979 261.499 0.866659
182 2 12 3 575.041 358.438 0.71386
183 2 13 0 796.319 259.342 0.351784
184 2 13 1 437.578 293.053 0.57568
185 2 13 2 880.542 421.756 0.786112
186 2 13 3 372.974 577.789 0.850977
187 2 13 4 667.507 603.138 0.76533
188 2 14 0 796.382 259.31 0.38639
189 2 14 1 504.731 293.16 0.879893
190 2 14 2 821.8 472.359 0.806363
191 2 14 3 395.388 499.819 0.590461
192 2 14 4 597.36 611.481 0.819194
193 2 15 0 459.877 143.28 0.405118
194 2 15 1 482.196 232.017 0.80966
195 2 15 2 687.028 377.381 0.22037
196 2 16 0 521.645 134.918 0.818157
197 2 16 1 395.504 196.146 0.288966
198 2 16 2 897.371 328.999 0.840597
199 2 16 3 572.198 379.535 0.330835
200 2 17 0 524.381 309.908 0.584853
201 2 17 1 785.2 478.721 0.727874
202 2 17 2 417.828 512.434 0.503479
203 2 17 3 597.4 601.029 0.503005
204 2 18 0 863.628 434.385 0.190296
205 2 18 1 417.915 569.361 0.785846
206 2 18 2 661.803 600.993 0.441361
207 3 0 0 123.346 345.907 0.819382
208 3 0 1 591.606 358.491 0.635938
209 3 0 2 403.836 381.708 0.589047
210 3 1 0 378.563 187.694 0.808693
211 3 1 1 101.005 198.284 0.852829
212 3 1 2 591.749 193.899 0.691041
213 3 2 0 103.707 347.991 0.77241
214 3 2 1 594.492 354.29 0.5222
215 3 2 2 443.063 379.592 0.61075
216 3 3 0 142.967 345.789 0.794107
217 3 3 1 580.509 360.58 0.678323
218 3 3 2 364.582 387.995 0.605466
219 3 4 0 524.483 141.306 0.500352
220 3 4 1 145.925 158.159 0.941603
221 3 5 0 440.313 179.292 0.850718
222 3 5 1 597.39 189.737 0.536648
223 3 5 2 78.4517 204.554 0.832154
224 3 6 0 123.479 196.118 0.794828
225 3 6 1 583.344 194.06 0.818261
226 3 6 2 319.612 193.935 0.846961
227 3 7 0 114.942 447.085 0.779836
228 3 7 1 602.94 466.085 0.717252
229 3 7 2 434.752 533.515 0.800564
230 3 8 0 148.567 442.838 0.839403
231 3 8 1 588.868 478.601 0.738739
232 3 8 2 367.358 522.997 0.800739
233 3 9 0 415.149 107.562 0.895471
234 3 9 1 101.113 145.495 0.927604
235 3 10 0 350.613 107.579 0.626124
236 3 10 1 552.536 128.645 0.897495
237 3 11 0 72.8236 280.453 0.845574
238 3 11 1 482.267 280.43 0.810716
239 3 12 0 126.291 274.131 0.605473
240 3 12 1 594.631 297.284 0.897173
241 3 12 2 305.652 311.999 0.791815
242 3 13 0 109.4 527.138 0.547137
243 3 13 1 642.249 581.962 0.819191
244 3 13 2 429.088 685.333 0.678465
245 3 14 0 157.02 516.666 0.688727
246 3 14 1 602.965 596.741 0.786751
247 3 14 2 353.431 657.932 0.753688
248 3 15 0 529.988 318.393 0.441795
249 3 15 1 92.5346 356.341 0.825278
250 3 16 0 148.608 328.929 0.864132
251 3 16 1 546.84 345.936 0.837521
252 3 16 2 325.133 411.216 0.853784
253 3 17 0 187.886 531.446 0.26758
254 3 17 1 552.455 600.982 0.848979
255 3 17 2 356.173 653.726 0.443773
256 3 18 0 448.73 670.58 0.634661
257 4 0 0 350.666 278.318 0.732545
258 4 0 1 661.811 290.986 0.784351
259 4 0 2 807.693 318.444 0.584873
260 4 0 3 145.672 396.407 0.581106
261 4 1 0 824.483 118.069 0.632555
262 4 1 1 131.765 139.187 0.776097
263 4 1 2 678.619 139.196 0.850491
264 4 1 3 350.679 143.499 0.886809
265 4 2 0 325.212 278.305 0.75417
266 4 2 1 636.576 286.797 0.745689
267 4 2 2 830.116 316.297 0.533799
268 4 2 3 190.697 398.522 0.561029
269 4 3 0 387.048 278.354 0.717813
270 4 3 1 687.047 293.075 0.757031
271 4 3 2 787.981 322.655 0.567379
272 4 3 3 100.825 394.341 0.576217
273 4 4 0 639.343 75.9787 0.952034
274 4 4 1 370.246 101.25 0.774975
275 4 5 0 844.109 109.727 0.616641
276 4 5 1 190.821 141.27 0.799181
277 4 5 2 636.548 139.124 0.863398
278 4 5 3 308.444 143.313 0.872636
279 4 6 0 810.478 124.398 0.728034
280 4 6 1 72.9039 134.998 0.72345
281 4 6 2 720.655 141.275 0.818996
282 4 6 3 395.526 147.66 0.811769
283 4 7 0 308.509 381.721 0.837528
284 4 7 1 639.221 400.684 0.799697
285 4 7 2 818.858 461.756 0.83438
286 4 7 3 196.274 596.718 0.733572
287 4 8 0 384.225 379.49 0.747865
288 4 8 1 687.172 404.881 0.780292
289 4 8 2 743.113 463.827 0.819477
290 4 8 3 114.92 577.809 0.71208
291 4 9 0 201.87 44.2607 0.803121
292 4 9 1 344.855 94.8738 0.802426
293 4 10 0 776.871 39.9633 0.818945
294 4 10 1 684.293 75.9255 0.968947
295 4 10 2 392.589 97.0039 0.402032
296 4 11 0 286.011 206.62 0.86495
297 4 11 1 611.309 219.32 0.857079
298 4 11 2 232.65 290.996 0.821081
299 4 12 0 745.96 217.169 0.814387
300 4 12 1 412.236 221.422 0.791231
301 4 12 2 796.596 242.44 0.694709
302 4 12 3 58.8241 269.902 0.188991
303 4 13 0 300.025 463.876 0.796793
304 4 13 1 644.993 493.413 0.828602
305 4 13 2 821.63 596.753 0.781271
306 4 13 3 196.373 757.001 0.686917
307 4 14 0 392.649 472.378 0.772256
308 4 14 1 684.351 510.253 0.826586
309 4 14 2 748.678 617.816 0.772033
310 4 14 3 101.051 721.208 0.720279
311 4 15 0 277.65 263.552 0.905395
312 4 15 1 569.263 271.987 0.851584
313 4 15 2 286.059 411.183 0.801613
314 4 16 0 706.59 278.235 0.923128
315 4 16 1 412.313 282.536 0.813303
316 4 16 2 773.951 352.122 0.80853
317 4 16 3 86.9204 362.773 0.165862
318 4 17 0 412.298 497.63 0.778335
319 4 17 1 642.255 533.523 0.734999
320 4 17 2 681.374 632.646 0.834602
321 4 17 3 109.348 719.031 0.25155
322 4 17 4 283.326 735.997 0.168914
323 4 18 0 297.204 495.464 0.819577
324 4 18 1 625.379 525.041 0.794783
325 4 18 2 776.835 596.695 0.455947
326 4 18 3 277.542 740.134 0.50871
P viewIdx, pafIdx, aOverAllIdx, bOverAllIdx, CandidAIdx, CandidBIdx, score
0 0 4 0 0 0 0
0 0 4 1 0 1 0
0 0 4 2 0 2 0
0 0 4 3 0 3 0.973043
0 0 5 0 1 0 0
0 0 5 1 1 1 0.929099
0 0 5 2 1 2 0
0 0 5 3 1 3 0
0 0 6 0 2 0 0.98619
0 0 6 1 2 1 0
0 0 6 2 2 2 0
0 0 6 3 2 3 0
0 0 7 0 3 0 0
0 0 7 1 3 1 0
0 0 7 2 3 2 0.994441
0 0 7 3 3 3 0
0 1 8 26 0 0 0.262706
0 1 8 27 0 1 0
0 1 8 28 0 2 0.264674
0 1 8 29 0 3 0
0 1 9 26 1 0 0.264696
0 1 9 27 1 1 0
0 1 9 28 1 2 0.262687
0 1 9 29 1 3 0
0 1 10 26 2 0 0
0 1 10 27 2 1 0.983269
0 1 10 28 2 2 0
0 1 10 29 2 3 0
0 1 11 26 3 0 0
0 1 11 27 3 1 0
0 1 11 28 3 2 0
0 1 11 29 3 3 0.973035
0 2 26 45 0 0 0.277935
0 2 26 46 0 1 0
0 2 26 47 0 2 0.260373
0 2 27 45 1 0 0
0 2 27 46 1 1 0.996577
0 2 27 47 1 2 0
0 2 28 45 2 0 0.259189
0 2 28 46 2 1 0
0 2 28 47 2 2 0.277907
0 2 29 45 3 0 0
0 2 29 46 3 1 0
0 2 29 47 3 2 0
0 3 0 8 0 0 0.91415
0 3 0 9 0 1 0
0 3 0 10 0 2 0
0 3 0 11 0 3 0
0 3 1 8 1 0 0
0 3 1 9 1 1 0.641172
0 3 1 10 1 2 0
0 3 1 11 1 3 0
0 3 2 8 2 0 0
0 3 2 9 2 1 0
0 3 2 10 2 2 0.927155
0 3 2 11 2 3 0
0 3 3 8 3 0 0
0 3 3 9 3 1 0
0 3 3 10 3 2 0
0 3 3 11 3 3 0.826889
0 4 0 12 0 0 0.916379
0 4 0 13 0 1 0
0 4 0 14 0 2 0
0 4 0 15 0 3 0
0 4 1 12 1 0 0
0 4 1 13 1 1 0.657772
0 4 1 14 1 2 0
0 4 1 15 1 3 0
0 4 2 12 2 0 0
0 4 2 13 2 1 0
0 4 2 14 2 2 0.935849
0 4 2 15 2 3 0
0 4 3 12 3 0 0
0 4 3 13 3 1 0
0 4 3 14 3 2 0
0 4 3 15 3 3 0.828518
0 5 12 30 0 0 0.975305
0 5 12 31 0 1 0
0 5 12 32 0 2 0
0 5 12 33 0 3 0
0 5 13 30 1 0 0
0 5 13 31 1 1 0
0 5 13 32 1 2 0.883763
0 5 13 33 1 3 0
0 5 14 30 2 0 0
0 5 14 31 2 1 0.995593
0 5 14 32 2 2 0
0 5 14 33 2 3 0
0 5 15 30 3 0 0
0 5 15 31 3 1 0
0 5 15 32 3 2 0
0 5 15 33 3 3 0.974987
0 6 30 48 0 0 0.935752
0 6 30 49 0 1 0
0 6 30 50 0 2 0
0 6 31 48 1 0 0
0 6 31 49 1 1 0.998745
0 6 31 50 1 2 0
0 6 32 48 2 0 0
0 6 32 49 2 1 0
0 6 32 50 2 2 0.932709
0 6 33 48 3 0 0
0 6 33 49 3 1 0
0 6 33 50 3 2 0
0 7 4 18 0 0 0.948332
0 7 4 19 0 1 0
0 7 4 20 0 2 0
0 7 4 21 0 3 0
0 7 5 18 1 0 0
0 7 5 19 1 1 0.917686
0 7 5 20 1 2 0
0 7 5 21 1 3 0
0 7 6 18 2 0 0
0 7 6 19 2 1 0
0 7 6 20 2 2 0.972175
0 7 6 21 2 3 0
0 7 7 18 3 0 0
0 7 7 19 3 1 0
0 7 7 20 3 2 0
0 7 7 21 3 3 0.99619
0 8 18 39 0 0 0
0 8 18 40 0 1 0.982565
0 8 18 41 0 2 0
0 8 19 39 1 0 0
0 8 19 40 1 1 0
0 8 19 41 1 2 0.520319
0 8 20 39 2 0 0
0 8 20 40 2 1 0
0 8 20 41 2 2 0.479681
0 8 21 39 3 0 0.987738
0 8 21 40 3 1 0
0 8 21 41 3 2 0
0 9 39 51 0 0 0.272231
0 9 39 52 0 1 0
0 9 39 53 0 2 0.253297
0 9 40 51 1 0 0.252878
0 9 40 52 1 1 0
0 9 40 53 1 2 0.272079
0 9 41 51 2 0 0
0 9 41 52 2 1 0.9893
0 9 41 53 2 2 0
0 10 18 34 0 0 0.991421
0 10 18 35 0 1 0
0 10 19 34 1 0 0
0 10 19 35 1 1 0.522927
0 10 20 34 2 0 0
0 10 20 35 2 1 0.477073
0 10 21 34 3 0 0
0 10 21 35 3 1 0
0 11 4 22 0 0 0.946062
0 11 4 23 0 1 0
0 11 4 24 0 2 0
0 11 4 25 0 3 0
0 11 5 22 1 0 0
0 11 5 23 1 1 0.89999
0 11 5 24 1 2 0
0 11 5 25 1 3 0
0 11 6 22 2 0 0
0 11 6 23 2 1 0
0 11 6 24 2 2 0
0 11 6 25 2 3 0.980074
0 11 7 22 3 0 0
0 11 7 23 3 1 0
0 11 7 24 3 2 0.978522
0 11 7 25 3 3 0
0 12 22 42 0 0 0
0 12 22 43 0 1 0
0 12 22 44 0 2 0.516997
0 12 23 42 1 0 0
0 12 23 43 1 1 0
0 12 23 44 1 2 0
0 12 24 42 2 0 0
0 12 24 43 2 1 0.997192
0 12 24 44 2 2 0
0 12 25 42 3 0 0.505968
0 12 25 43 3 1 0
0 12 25 44 3 2 0.265264
0 13 42 54 0 0 0
0 13 42 55 0 1 0
0 13 42 56 0 2 0
0 13 43 54 1 0 0
0 13 43 55 1 1 0.982545
0 13 43 56 1 2 0
0 13 44 54 2 0 0
0 13 44 55 2 1 0
0 13 44 56 2 2 0.980993
0 14 22 36 0 0 0.961586
0 14 22 37 0 1 0
0 14 22 38 0 2 0
0 14 23 36 1 0 0
0 14 23 37 1 1 0
0 14 23 38 1 2 0
0 14 24 36 2 0 0
0 14 24 37 2 1 0
0 14 24 38 2 2 0.988556
0 14 25 36 3 0 0
0 14 25 37 3 1 0.982151
0 14 25 38 3 2 0
0 15 4 16 0 0 0
0 15 4 17 0 1 0
0 15 5 16 1 0 0.491276
0 15 5 17 1 1 0
0 15 6 16 2 0 0.508724
0 15 6 17 2 1 0
0 15 7 16 3 0 0
0 15 7 17 3 1 0.993226
0 16 48 57 0 0 0.835041
0 16 48 58 0 1 0
0 16 48 59 0 2 0
0 16 49 57 1 0 0
0 16 49 58 1 1 0
0 16 49 59 1 2 0.962827
0 16 50 57 2 0 0
0 16 50 58 2 1 0.972508
0 16 50 59 2 2 0
0 17 45 60 0 0 0.879295
0 17 45 61 0 1 0
0 17 45 62 0 2 0
0 17 46 60 1 0 0
0 17 46 61 1 1 0.96063
0 17 46 62 1 2 0
0 17 47 60 2 0 0
0 17 47 61 2 1 0
0 17 47 62 2 2 0.862899
1 0 67 63 0 0 0
1 0 67 64 0 1 0.975062
1 0 67 65 0 2 0
1 0 67 66 0 3 0
1 0 68 63 1 0 0
1 0 68 64 1 1 0
1 0 68 65 1 2 0.988554
1 0 68 66 1 3 0
1 0 69 63 2 0 0
1 0 69 64 2 1 0
1 0 69 65 2 2 0
1 0 69 66 2 3 0.989186
1 0 70 63 3 0 0.983424
1 0 70 64 3 1 0
1 0 70 65 3 2 0
1 0 70 66 3 3 0
1 1 71 90 0 0 0.9749
1 1 71 91 0 1 0
1 1 71 92 0 2 0
1 1 71 93 0 3 0
1 1 72 90 1 0 0
1 1 72 91 1 1 0.992779
1 1 72 92 1 2 0
1 1 72 93 1 3 0
1 1 73 90 2 0 0
1 1 73 91 2 1 0
1 1 73 92 2 2 0
1 1 73 93 2 3 0.989111
1 1 74 90 3 0 0
1 1 74 91 3 1 0
1 1 74 92 3 2 0.97009
1 1 74 93 3 3 0
1 2 90 111 0 0 0.987902
1 2 90 112 0 1 0
1 2 90 113 0 2 0
1 2 91 111 1 0 0
1 2 91 112 1 1 0.988643
1 2 91 113 1 2 0
1 2 92 111 2 0 0
1 2 92 112 2 1 0
1 2 92 113 2 2 0
1 2 93 111 3 0 0
1 2 93 112 3 1 0
1 2 93 113 3 2 0.998507
1 3 63 71 0 0 0.966313
1 3 63 72 0 1 0
1 3 63 73 0 2 0
1 3 63 74 0 3 0
1 3 64 71 1 0 0
1 3 64 72 1 1 0.947384
1 3 64 73 1 2 0
1 3 64 74 1 3 0
1 3 65 71 2 0 0
1 3 65 72 2 1 0
1 3 65 73 2 2 0.924126
1 3 65 74 2 3 0
1 3 66 71 3 0 0
1 3 66 72 3 1 0
1 3 66 73 3 2 0
1 3 66 74 3 3 0.900831
1 4 63 75 0 0 0
1 4 63 76 0 1 0.966015
1 4 63 77 0 2 0
1 4 63 78 0 3 0
1 4 64 75 1 0 0.946318
1 4 64 76 1 1 0
1 4 64 77 1 2 0
1 4 64 78 1 3 0
1 4 65 75 2 0 0
1 4 65 76 2 1 0
1 4 65 77 2 2 0.937106
1 4 65 78 2 3 0
1 4 66 75 3 0 0
1 4 66 76 3 1 0
1 4 66 77 3 2 0
1 4 66 78 3 3 0.907522
1 5 75 94 0 0 0
1 5 75 95 0 1 0.25649
1 5 75 96 0 2 0.254682
1 5 75 97 0 3 0
1 5 76 94 1 0 0.987766
1 5 76 95 1 1 0
1 5 76 96 1 2 0
1 5 76 97 1 3 0
1 5 77 94 2 0 0
1 5 77 95 2 1 0.254692
1 5 77 96 2 2 0.256489
1 5 77 97 2 3 0
1 5 78 94 3 0 0
1 5 78 95 3 1 0
1 5 78 96 3 2 0
1 5 78 97 3 3 0.987236
1 6 94 114 0 0 0.988191
1 6 94 115 0 1 0
1 6 94 116 0 2 0
1 6 94 117 0 3 0
1 6 95 114 1 0 0
1 6 95 115 1 1 0.272215
1 6 95 116 1 2 0.252988
1 6 95 117 1 3 0
1 6 96 114 2 0 0
1 6 96 115 2 1 0.252917
1 6 96 116 2 2 0.272019
1 6 96 117 2 3 0
1 6 97 114 3 0 0
1 6 97 115 3 1 0
1 6 97 116 3 2 0
1 6 97 117 3 3 0.993175
1 7 67 83 0 0 0.986847
1 7 67 84 0 1 0
1 7 67 85 0 2 0
1 7 67 86 0 3 0
1 7 68 83 1 0 0
1 7 68 84 1 1 0
1 7 68 85 1 2 0.985392
1 7 68 86 1 3 0
1 7 69 83 2 0 0
1 7 69 84 2 1 0.969205
1 7 69 85 2 2 0
1 7 69 86 2 3 0
1 7 70 83 3 0 0
1 7 70 84 3 1 0
1 7 70 85 3 2 0
1 7 70 86 3 3 0.999421
1 8 83 104 0 0 0
1 8 83 105 0 1 0.988539
1 8 83 106 0 2 0
1 8 83 107 0 3 0
1 8 84 104 1 0 0.955774
1 8 84 105 1 1 0
1 8 84 106 1 2 0
1 8 84 107 1 3 0
1 8 85 104 2 0 0
1 8 85 105 2 1 0
1 8 85 106 2 2 0
1 8 85 107 2 3 0.993707
1 8 86 104 3 0 0
1 8 86 105 3 1 0
1 8 86 106 3 2 0.982107
1 8 86 107 3 3 0
1 9 104 118 0 0 0
1 9 104 119 0 1 0
1 9 105 118 1 0 0.977969
1 9 105 119 1 1 0
1 9 106 118 2 0 0
1 9 106 119 2 1 0.483329
1 9 107 118 3 0 0
1 9 107 119 3 1 0.514631
1 10 83 98 0 0 0
1 10 83 99 0 1 0.968441
1 10 83 100 0 2 0
1 10 84 98 1 0 0
1 10 84 99 1 1 0
1 10 84 100 1 2 0
1 10 85 98 2 0 0.999027
1 10 85 99 2 1 0
1 10 85 100 2 2 0
1 10 86 98 3 0 0
1 10 86 99 3 1 0
1 10 86 100 3 2 0.752563
1 11 67 87 0 0 0.50272
1 11 67 88 0 1 0
1 11 67 89 0 2 0
1 11 68 87 1 0 0.49728
1 11 68 88 1 1 0
1 11 68 89 1 2 0
1 11 69 87 2 0 0
1 11 69 88 2 1 0.990255
1 11 69 89 2 2 0
1 11 70 87 3 0 0
1 11 70 88 3 1 0
1 11 70 89 3 2 0.998406
1 12 87 108 0 0 0
1 12 87 109 0 1 0.954339
1 12 87 110 0 2 0
1 12 88 108 1 0 0
1 12 88 109 1 1 0
1 12 88 110 1 2 0.999494
1 12 89 108 2 0 0.994111
1 12 89 109 2 1 0
1 12 89 110 2 2 0
1 13 108 120 0 0 0
1 13 108 121 0 1 0.997103
1 13 108 122 0 2 0
1 13 109 120 1 0 0.996424
1 13 109 121 1 1 0
1 13 109 122 1 2 0
1 13 110 120 2 0 0
1 13 110 121 2 1 0
1 13 110 122 2 2 0.99952
1 14 87 101 0 0 0.655423
1 14 87 102 0 1 0
1 14 87 103 0 2 0
1 14 88 101 1 0 0
1 14 88 102 1 1 0.995844
1 14 88 103 1 2 0
1 14 89 101 2 0 0
1 14 89 102 2 1 0
1 14 89 103 2 2 0.987901
1 15 67 79 0 0 0
1 15 67 80 0 1 0.981049
1 15 67 81 0 2 0
1 15 67 82 0 3 0
1 15 68 79 1 0 0.639912
1 15 68 80 1 1 0
1 15 68 81 1 2 0
1 15 68 82 1 3 0
1 15 69 79 2 0 0
1 15 69 80 2 1 0
1 15 69 81 2 2 0.993449
1 15 69 82 2 3 0
1 15 70 79 3 0 0
1 15 70 80 3 1 0
1 15 70 81 3 2 0
1 15 70 82 3 3 0.97749
1 16 114 123 0 0 0.986151
1 16 114 124 0 1 0
1 16 114 125 0 2 0
1 16 114 126 0 3 0
1 16 115 123 1 0 0
1 16 115 124 1 1 0.877537
1 16 115 125 1 2 0
1 16 115 126 1 3 0
1 16 116 123 2 0 0
1 16 116 124 2 1 0
1 16 116 125 2 2 0.812124
1 16 116 126 2 3 0
1 16 117 123 3 0 0
1 16 117 124 3 1 0
1 16 117 125 3 2 0
1 16 117 126 3 3 0.975239
1 17 111 127 0 0 0.919756
1 17 111 128 0 1 0
1 17 111 129 0 2 0
1 17 112 127 1 0 0
1 17 112 128 1 1 0.980901
1 17 112 129 1 2 0
1 17 113 127 2 0 0
1 17 113 128 2 1 0
1 17 113 129 2 2 0.74859
2 0 135 130 0 0 0.988686
2 0 135 131 0 1 0
2 0 135 132 0 2 0
2 0 135 133 0 3 0
2 0 135 134 0 4 0
2 0 136 130 1 0 0
2 0 136 131 1 1 0.542155
2 0 136 132 1 2 0
2 0 136 133 1 3 0
2 0 136 134 1 4 0
2 0 137 130 2 0 0
2 0 137 131 2 1 0.282898
2 0 137 132 2 2 0.578153
2 0 137 133 2 3 0
2 0 137 134 2 4 0
2 0 138 130 3 0 0
2 0 138 131 3 1 0
2 0 138 132 3 2 0
2 0 138 133 3 3 0.988825
2 0 138 134 3 4 0
2 0 139 130 4 0 0
2 0 139 131 4 1 0
2 0 139 132 4 2 0
2 0 139 133 4 3 0
2 0 139 134 4 4 0.991328
2 1 140 162 0 0 0
2 1 140 163 0 1 0.980806
2 1 140 164 0 2 0
2 1 140 165 0 3 0
2 1 140 166 0 4 0
2 1 141 162 1 0 0.808242
2 1 141 163 1 1 0
2 1 141 164 1 2 0
2 1 141 165 1 3 0
2 1 141 166 1 4 0
2 1 142 162 2 0 0
2 1 142 163 2 1 0
2 1 142 164 2 2 0.913743
2 1 142 165 2 3 0
2 1 142 166 2 4 0
2 1 143 162 3 0 0
2 1 143 163 3 1 0
2 1 143 164 3 2 0
2 1 143 165 3 3 0.989328
2 1 143 166 3 4 0
2 1 144 162 4 0 0
2 1 144 163 4 1 0
2 1 144 164 4 2 0
2 1 144 165 4 3 0
2 1 144 166 4 4 0.996277
2 2 162 183 0 0 0.829339
2 2 162 184 0 1 0
2 2 162 185 0 2 0
2 2 162 186 0 3 0
2 2 162 187 0 4 0
2 2 163 183 1 0 0
2 2 163 184 1 1 0.978028
2 2 163 185 1 2 0
2 2 163 186 1 3 0
2 2 163 187 1 4 0
2 2 164 183 2 0 0
2 2 164 184 2 1 0
2 2 164 185 2 2 0.978767
2 2 164 186 2 3 0
2 2 164 187 2 4 0
2 2 165 183 3 0 0
2 2 165 184 3 1 0
2 2 165 185 3 2 0
2 2 165 186 3 3 0.991641
2 2 165 187 3 4 0
2 2 166 183 4 0 0
2 2 166 184 4 1 0
2 2 166 185 4 2 0
2 2 166 186 4 3 0
2 2 166 187 4 4 0.99764
2 3 130 140 0 0 0.940847
2 3 130 141 0 1 0
2 3 130 142 0 2 0
2 3 130 143 0 3 0
2 3 130 144 0 4 0
2 3 131 140 1 0 0
2 3 131 141 1 1 0.684255
2 3 131 142 1 2 0
2 3 131 143 1 3 0
2 3 131 144 1 4 0
2 3 132 140 2 0 0
2 3 132 141 2 1 0
2 3 132 142 2 2 0.772257
2 3 132 143 2 3 0
2 3 132 144 2 4 0
2 3 133 140 3 0 0
2 3 133 141 3 1 0
2 3 133 142 3 2 0
2 3 133 143 3 3 0.940814
2 3 133 144 3 4 0
2 3 134 140 4 0 0
2 3 134 141 4 1 0
2 3 134 142 4 2 0
2 3 134 143 4 3 0
2 3 134 144 4 4 0.9472
2 4 130 145 0 0 0.960218
2 4 130 146 0 1 0
2 4 130 147 0 2 0
2 4 130 148 0 3 0
2 4 130 149 0 4 0
2 4 131 145 1 0 0
2 4 131 146 1 1 0.684255
2 4 131 147 1 2 0
2 4 131 148 1 3 0
2 4 131 149 1 4 0
2 4 132 145 2 0 0
2 4 132 146 2 1 0
2 4 132 147 2 2 0.771023
2 4 132 148 2 3 0
2 4 132 149 2 4 0
2 4 133 145 3 0 0
2 4 133 146 3 1 0
2 4 133 147 3 2 0
2 4 133 148 3 3 0.920285
2 4 133 149 3 4 0
2 4 134 145 4 0 0
2 4 134 146 4 1 0
2 4 134 147 4 2 0
2 4 134 148 4 3 0
2 4 134 149 4 4 0.942365
2 5 145 167 0 0 0
2 5 145 168 0 1 0.981234
2 5 145 169 0 2 0
2 5 145 170 0 3 0
2 5 145 171 0 4 0
2 5 146 167 1 0 0.817362
2 5 146 168 1 1 0
2 5 146 169 1 2 0
2 5 146 170 1 3 0
2 5 146 171 1 4 0
2 5 147 167 2 0 0
2 5 147 168 2 1 0
2 5 147 169 2 2 0.954104
2 5 147 170 2 3 0
2 5 147 171 2 4 0
2 5 148 167 3 0 0
2 5 148 168 3 1 0
2 5 148 169 3 2 0
2 5 148 170 3 3 0.913449
2 5 148 171 3 4 0
2 5 149 167 4 0 0
2 5 149 168 4 1 0
2 5 149 169 4 2 0
2 5 149 170 4 3 0
2 5 149 171 4 4 0.96829
2 6 167 188 0 0 0.858054
2 6 167 189 0 1 0
2 6 167 190 0 2 0
2 6 167 191 0 3 0
2 6 167 192 0 4 0
2 6 168 188 1 0 0
2 6 168 189 1 1 0.991642
2 6 168 190 1 2 0
2 6 168 191 1 3 0
2 6 168 192 1 4 0
2 6 169 188 2 0 0
2 6 169 189 2 1 0
2 6 169 190 2 2 0.953606
2 6 169 191 2 3 0
2 6 169 192 2 4 0
2 6 170 188 3 0 0
2 6 170 189 3 1 0
2 6 170 190 3 2 0
2 6 170 191 3 3 0.905919
2 6 170 192 3 4 0
2 6 171 188 4 0 0
2 6 171 189 4 1 0
2 6 171 190 4 2 0
2 6 171 191 4 3 0
2 6 171 192 4 4 0.998127
2 7 135 152 0 0 0.987134
2 7 135 153 0 1 0
2 7 135 154 0 2 0
2 7 135 155 0 3 0
2 7 135 156 0 4 0
2 7 136 152 1 0 0
2 7 136 153 1 1 0.446392
2 7 136 154 1 2 0
2 7 136 155 1 3 0
2 7 136 156 1 4 0
2 7 137 152 2 0 0
2 7 137 153 2 1 0.332634
2 7 137 154 2 2 0.552659
2 7 137 155 2 3 0
2 7 137 156 2 4 0
2 7 138 152 3 0 0
2 7 138 153 3 1 0
2 7 138 154 3 2 0
2 7 138 155 3 3 0.983246
2 7 138 156 3 4 0
2 7 139 152 4 0 0
2 7 139 153 4 1 0
2 7 139 154 4 2 0
2 7 139 155 4 3 0
2 7 139 156 4 4 0.990882
2 8 152 176 0 0 0.945188
2 8 152 177 0 1 0
2 8 152 178 0 2 0
2 8 153 176 1 0 0
2 8 153 177 1 1 0
2 8 153 178 1 2 0
2 8 154 176 2 0 0
2 8 154 177 2 1 0
2 8 154 178 2 2 0
2 8 155 176 3 0 0
2 8 155 177 3 1 0.994649
2 8 155 178 3 2 0
2 8 156 176 4 0 0
2 8 156 177 4 1 0
2 8 156 178 4 2 0.98099
2 9 176 193 0 0 0.893963
2 9 176 194 0 1 0
2 9 176 195 0 2 0
2 9 177 193 1 0 0
2 9 177 194 1 1 0.974455
2 9 177 195 1 2 0
2 9 178 193 2 0 0
2 9 178 194 2 1 0
2 9 178 195 2 2 0.81251
2 10 152 172 0 0 0
2 10 152 173 0 1 0
2 10 153 172 1 0 0
2 10 153 173 1 1 0
2 10 154 172 2 0 0
2 10 154 173 2 1 0
2 10 155 172 3 0 0.990977
2 10 155 173 3 1 0
2 10 156 172 4 0 0
2 10 156 173 4 1 0.981682
2 11 135 157 0 0 0.982448
2 11 135 158 0 1 0
2 11 135 159 0 2 0
2 11 135 160 0 3 0
2 11 135 161 0 4 0
2 11 136 157 1 0 0
2 11 136 158 1 1 0.684255
2 11 136 159 1 2 0
2 11 136 160 1 3 0
2 11 136 161 1 4 0
2 11 137 157 2 0 0
2 11 137 158 2 1 0
2 11 137 159 2 2 0
2 11 137 160 2 3 0.957102
2 11 137 161 2 4 0
2 11 138 157 3 0 0
2 11 138 158 3 1 0
2 11 138 159 3 2 0.985743
2 11 138 160 3 3 0
2 11 138 161 3 4 0
2 11 139 157 4 0 0
2 11 139 158 4 1 0
2 11 139 159 4 2 0
2 11 139 160 4 3 0
2 11 139 161 4 4 0.982495
2 12 157 179 0 0 0.997409
2 12 157 180 0 1 0
2 12 157 181 0 2 0
2 12 157 182 0 3 0
2 12 158 179 1 0 0
2 12 158 180 1 1 0.77743
2 12 158 181 1 2 0
2 12 158 182 1 3 0
2 12 159 179 2 0 0
2 12 159 180 2 1 0
2 12 159 181 2 2 0
2 12 159 182 2 3 0
2 12 160 179 3 0 0
2 12 160 180 3 1 0
2 12 160 181 3 2 0.991528
2 12 160 182 3 3 0
2 12 161 179 4 0 0
2 12 161 180 4 1 0
2 12 161 181 4 2 0
2 12 161 182 4 3 0.947997
2 13 179 196 0 0 0.998119
2 13 179 197 0 1 0
2 13 179 198 0 2 0
2 13 179 199 0 3 0
2 13 180 196 1 0 0
2 13 180 197 1 1 0
2 13 180 198 1 2 0
2 13 180 199 1 3 0
2 13 181 196 2 0 0
2 13 181 197 2 1 0
2 13 181 198 2 2 0.977442
2 13 181 199 2 3 0
2 13 182 196 3 0 0
2 13 182 197 3 1 0
2 13 182 198 3 2 0
2 13 182 199 3 3 0.858845
2 14 157 174 0 0 0
2 14 157 175 0 1 0
2 14 158 174 1 0 0
2 14 158 175 1 1 0
2 14 159 174 2 0 0
2 14 159 175 2 1 0
2 14 160 174 3 0 0.99478
2 14 160 175 3 1 0
2 14 161 174 4 0 0
2 14 161 175 4 1 0.973001
2 15 135 150 0 0 0
2 15 135 151 0 1 0
2 15 136 150 1 0 0
2 15 136 151 1 1 0.411994
2 15 137 150 2 0 0
2 15 137 151 2 1 0.588006
2 15 138 150 3 0 0.969031
2 15 138 151 3 1 0
2 15 139 150 4 0 0
2 15 139 151 4 1 0
2 16 188 200 0 0 0
2 16 188 201 0 1 0
2 16 188 202 0 2 0
2 16 188 203 0 3 0
2 16 189 200 1 0 0.981684
2 16 189 201 1 1 0
2 16 189 202 1 2 0
2 16 189 203 1 3 0
2 16 190 200 2 0 0
2 16 190 201 2 1 0.972471
2 16 190 202 2 2 0
2 16 190 203 2 3 0
2 16 191 200 3 0 0
2 16 191 201 3 1 0
2 16 191 202 3 2 0.843261
2 16 191 203 3 3 0
2 16 192 200 4 0 0
2 16 192 201 4 1 0
2 16 192 202 4 2 0
2 16 192 203 4 3 0.684255
2 17 183 204 0 0 0
2 17 183 205 0 1 0
2 17 183 206 0 2 0
2 17 184 204 1 0 0
2 17 184 205 1 1 0
2 17 184 206 1 2 0
2 17 185 204 2 0 0.778612
2 17 185 205 2 1 0
2 17 185 206 2 2 0
2 17 186 204 3 0 0
2 17 186 205 3 1 0.954923
2 17 186 206 3 2 0
2 17 187 204 4 0 0
2 17 187 205 4 1 0
2 17 187 206 4 2 0.719075
3 0 210 207 0 0 0
3 0 210 208 0 1 0
3 0 210 209 0 2 0.984231
3 0 211 207 1 0 0.99113
3 0 211 208 1 1 0
3 0 211 209 1 2 0
3 0 212 207 2 0 0
3 0 212 208 2 1 0.936629
3 0 212 209 2 2 0
3 1 213 227 0 0 0.982929
3 1 213 228 0 1 0
3 1 213 229 0 2 0
3 1 214 227 1 0 0
3 1 214 228 1 1 0.950257
3 1 214 229 1 2 0
3 1 215 227 2 0 0
3 1 215 228 2 1 0
3 1 215 229 2 2 0.987468
3 2 227 242 0 0 0.946261
3 2 227 243 0 1 0
3 2 227 244 0 2 0
3 2 228 242 1 0 0
3 2 228 243 1 1 0.974569
3 2 228 244 1 2 0
3 2 229 242 2 0 0
3 2 229 243 2 1 0
3 2 229 244 2 2 0.982484
3 3 207 213 0 0 0.953766
3 3 207 214 0 1 0
3 3 207 215 0 2 0
3 3 208 213 1 0 0
3 3 208 214 1 1 0.768828
3 3 208 215 1 2 0
3 3 209 213 2 0 0
3 3 209 214 2 1 0
3 3 209 215 2 2 0.879375
3 4 207 216 0 0 0.960714
3 4 207 217 0 1 0
3 4 207 218 0 2 0
3 4 208 216 1 0 0
3 4 208 217 1 1 0.80698
3 4 208 218 1 2 0
3 4 209 216 2 0 0
3 4 209 217 2 1 0
3 4 209 218 2 2 0.88244
3 5 216 230 0 0 0.999912
3 5 216 231 0 1 0
3 5 216 232 0 2 0
3 5 217 230 1 0 0
3 5 217 231 1 1 0.971112
3 5 217 232 1 2 0
3 5 218 230 2 0 0
3 5 218 231 2 1 0
3 5 218 232 2 2 0.978845
3 6 230 245 0 0 0.986789
3 6 230 246 0 1 0
3 6 230 247 0 2 0
3 6 231 245 1 0 0
3 6 231 246 1 1 0.996363
3 6 231 247 1 2 0
3 6 232 245 2 0 0
3 6 232 246 2 1 0
3 6 232 247 2 2 0.97071
3 7 210 221 0 0 0.971512
3 7 210 222 0 1 0
3 7 210 223 0 2 0
3 7 211 221 1 0 0
3 7 211 222 1 1 0
3 7 211 223 1 2 0.960867
3 7 212 221 2 0 0
3 7 212 222 2 1 0.870547
3 7 212 223 2 2 0
3 8 221 237 0 0 0
3 8 221 238 0 1 0.989139
3 8 222 237 1 0 0
3 8 222 238 1 1 0
3 8 223 237 2 0 0.986768
3 8 223 238 2 1 0
3 9 237 248 0 0 0
3 9 237 249 0 1 0.996783
3 9 238 248 1 0 0
3 9 238 249 1 1 0
3 10 221 233 0 0 0.98966
3 10 221 234 0 1 0
3 10 222 233 1 0 0
3 10 222 234 1 1 0
3 10 223 233 2 0 0
3 10 223 234 2 1 0.979812
3 11 210 224 0 0 0
3 11 210 225 0 1 0
3 11 210 226 0 2 0.982968
3 11 211 224 1 0 0.966868
3 11 211 225 1 1 0
3 11 211 226 1 2 0
3 11 212 224 2 0 0
3 11 212 225 2 1 0.838768
3 11 212 226 2 2 0
3 12 224 239 0 0 0.933
3 12 224 240 0 1 0
3 12 224 241 0 2 0
3 12 225 239 1 0 0
3 12 225 240 1 1 0.981944
3 12 225 241 1 2 0
3 12 226 239 2 0 0
3 12 226 240 2 1 0
3 12 226 241 2 2 0.98124
3 13 239 250 0 0 0.952022
3 13 239 251 0 1 0
3 13 239 252 0 2 0
3 13 240 250 1 0 0
3 13 240 251 1 1 0.955556
3 13 240 252 1 2 0
3 13 241 250 2 0 0
3 13 241 251 2 1 0
3 13 241 252 2 2 0.998548
3 14 224 235 0 0 0
3 14 224 236 0 1 0
3 14 225 235 1 0 0
3 14 225 236 1 1 0.995243
3 14 226 235 2 0 0.917944
3 14 226 236 2 1 0
3 15 210 219 0 0 0
3 15 210 220 0 1 0
3 15 211 219 1 0 0
3 15 211 220 1 1 0.965337
3 15 212 219 2 0 0.849403
3 15 212 220 2 1 0
3 16 245 253 0 0 0.850563
3 16 245 254 0 1 0
3 16 245 255 0 2 0
3 16 246 253 1 0 0
3 16 246 254 1 1 0.995702
3 16 246 255 1 2 0
3 16 247 253 2 0 0
3 16 247 254 2 1 0
3 16 247 255 2 2 0.684255
3 17 242 256 0 0 0
3 17 243 256 1 0 0
3 17 244 256 2 0 0.703438
4 0 261 257 0 0 0
4 0 261 258 0 1 0
4 0 261 259 0 2 0.932575
4 0 261 260 0 3 0
4 0 262 257 1 0 0
4 0 262 258 1 1 0
4 0 262 259 1 2 0
4 0 262 260 1 3 0.978441
4 0 263 257 2 0 0
4 0 263 258 2 1 0.999471
4 0 263 259 2 2 0
4 0 263 260 2 3 0
4 0 264 257 3 0 0.985456
4 0 264 258 3 1 0
4 0 264 259 3 2 0
4 0 264 260 3 3 0
4 1 265 283 0 0 0.969222
4 1 265 284 0 1 0
4 1 265 285 0 2 0
4 1 265 286 0 3 0
4 1 266 283 1 0 0
4 1 266 284 1 1 0.995998
4 1 266 285 1 2 0
4 1 266 286 1 3 0
4 1 267 283 2 0 0
4 1 267 284 2 1 0
4 1 267 285 2 2 0.976605
4 1 267 286 2 3 0
4 1 268 283 3 0 0
4 1 268 284 3 1 0
4 1 268 285 3 2 0
4 1 268 286 3 3 0.975623
4 2 283 303 0 0 0.978934
4 2 283 304 0 1 0
4 2 283 305 0 2 0
4 2 283 306 0 3 0
4 2 284 303 1 0 0
4 2 284 304 1 1 0.995025
4 2 284 305 1 2 0
4 2 284 306 1 3 0
4 2 285 303 2 0 0
4 2 285 304 2 1 0
4 2 285 305 2 2 0.997467
4 2 285 306 2 3 0
4 2 286 303 3 0 0
4 2 286 304 3 1 0
4 2 286 305 3 2 0
4 2 286 306 3 3 0.988373
4 3 257 265 0 0 0.939841
4 3 257 266 0 1 0
4 3 257 267 0 2 0
4 3 257 268 0 3 0
4 3 258 265 1 0 0
4 3 258 266 1 1 0.945879
4 3 258 267 1 2 0
4 3 258 268 1 3 0
4 3 259 265 2 0 0
4 3 259 266 2 1 0
4 3 259 267 2 2 0.866406
4 3 259 268 2 3 0
4 3 260 265 3 0 0
4 3 260 266 3 1 0
4 3 260 267 3 2 0
4 3 260 268 3 3 0.877013
4 4 257 269 0 0 0.948596
4 4 257 270 0 1 0
4 4 257 271 0 2 0
4 4 257 272 0 3 0
4 4 258 269 1 0 0
4 4 258 270 1 1 0.954292
4 4 258 271 1 2 0
4 4 258 272 1 3 0
4 4 259 269 2 0 0
4 4 259 270 2 1 0
4 4 259 271 2 2 0.871707
4 4 259 272 2 3 0
4 4 260 269 3 0 0
4 4 260 270 3 1 0
4 4 260 271 3 2 0
4 4 260 272 3 3 0.880823
4 5 269 287 0 0 0.981872
4 5 269 288 0 1 0
4 5 269 289 0 2 0
4 5 269 290 0 3 0
4 5 270 287 1 0 0
4 5 270 288 1 1 0.521512
4 5 270 289 1 2 0.254961
4 5 270 290 1 3 0
4 5 271 287 2 0 0
4 5 271 288 2 1 0
4 5 271 289 2 2 0.512148
4 5 271 290 2 3 0
4 5 272 287 3 0 0
4 5 272 288 3 1 0
4 5 272 289 3 2 0
4 5 272 290 3 3 0.975601
4 6 287 307 0 0 0.980413
4 6 287 308 0 1 0
4 6 287 309 0 2 0
4 6 287 310 0 3 0
4 6 288 307 1 0 0
4 6 288 308 1 1 0.273893
4 6 288 309 1 2 0.253314
4 6 288 310 1 3 0
4 6 289 307 2 0 0
4 6 289 308 2 1 0.252973
4 6 289 309 2 2 0.274065
4 6 289 310 2 3 0
4 6 290 307 3 0 0
4 6 290 308 3 1 0
4 6 290 309 3 2 0
4 6 290 310 3 3 0.990957
4 7 261 275 0 0 0.902056
4 7 261 276 0 1 0
4 7 261 277 0 2 0
4 7 261 278 0 3 0
4 7 262 275 1 0 0
4 7 262 276 1 1 0.986922
4 7 262 277 1 2 0
4 7 262 278 1 3 0
4 7 263 275 2 0 0
4 7 263 276 2 1 0
4 7 263 277 2 2 0.998926
4 7 263 278 2 3 0
4 7 264 275 3 0 0
4 7 264 276 3 1 0
4 7 264 277 3 2 0
4 7 264 278 3 3 0.999848
4 8 275 296 0 0 0
4 8 275 297 0 1 0
4 8 275 298 0 2 0
4 8 276 296 1 0 0
4 8 276 297 1 1 0
4 8 276 298 1 2 0.982791
4 8 277 296 2 0 0
4 8 277 297 2 1 0.996393
4 8 277 298 2 2 0
4 8 278 296 3 0 0.967493
4 8 278 297 3 1 0
4 8 278 298 3 2 0
4 9 296 311 0 0 0.510652
4 9 296 312 0 1 0
4 9 296 313 0 2 0.249485
4 9 297 311 1 0 0
4 9 297 312 1 1 0.998916
4 9 297 313 1 2 0
4 9 298 311 2 0 0
4 9 298 312 2 1 0
4 9 298 313 2 2 0.511259
4 10 275 291 0 0 0
4 10 275 292 0 1 0
4 10 276 291 1 0 0.973415
4 10 276 292 1 1 0
4 10 277 291 2 0 0
4 10 277 292 2 1 0
4 10 278 291 3 0 0
4 10 278 292 3 1 0.958799
4 11 261 279 0 0 0.921054
4 11 261 280 0 1 0
4 11 261 281 0 2 0
4 11 261 282 0 3 0
4 11 262 279 1 0 0
4 11 262 280 1 1 0.976215
4 11 262 281 1 2 0
4 11 262 282 1 3 0
4 11 263 279 2 0 0
4 11 263 280 2 1 0
4 11 263 281 2 2 0.99415
4 11 263 282 2 3 0
4 11 264 279 3 0 0
4 11 264 280 3 1 0
4 11 264 281 3 2 0
4 11 264 282 3 3 0.996671
4 12 279 299 0 0 0
4 12 279 300 0 1 0
4 12 279 301 0 2 0.5115
4 12 279 302 0 3 0
4 12 280 299 1 0 0
4 12 280 300 1 1 0
4 12 280 301 1 2 0
4 12 280 302 1 3 0.780348
4 12 281 299 2 0 0.519062
4 12 281 300 2 1 0
4 12 281 301 2 2 0.253562
4 12 281 302 2 3 0
4 12 282 299 3 0 0
4 12 282 300 3 1 0.978783
4 12 282 301 3 2 0
4 12 282 302 3 3 0
4 13 299 314 0 0 0.276446
4 13 299 315 0 1 0
4 13 299 316 0 2 0.251505
4 13 299 317 0 3 0
4 13 300 314 1 0 0
4 13 300 315 1 1 0.983975
4 13 300 316 1 2 0
4 13 300 317 1 3 0
4 13 301 314 2 0 0.251542
4 13 301 315 2 1 0
4 13 301 316 2 2 0.276533
4 13 301 317 2 3 0
4 13 302 314 3 0 0
4 13 302 315 3 1 0
4 13 302 316 3 2 0
4 13 302 317 3 3 0.753905
4 14 279 293 0 0 0.972869
4 14 279 294 0 1 0
4 14 279 295 0 2 0
4 14 280 293 1 0 0
4 14 280 294 1 1 0
4 14 280 295 1 2 0
4 14 281 293 2 0 0
4 14 281 294 2 1 0.992925
4 14 281 295 2 2 0
4 14 282 293 3 0 0
4 14 282 294 3 1 0
4 14 282 295 3 2 0.869438
4 15 261 273 0 0 0
4 15 261 274 0 1 0
4 15 262 273 1 0 0
4 15 262 274 1 1 0
4 15 263 273 2 0 0.987493
4 15 263 274 2 1 0
4 15 264 273 3 0 0
4 15 264 274 3 1 0.934785
4 16 307 318 0 0 0.960848
4 16 307 319 0 1 0
4 16 307 320 0 2 0
4 16 307 321 0 3 0
4 16 307 322 0 4 0
4 16 308 318 1 0 0
4 16 308 319 1 1 0.948872
4 16 308 320 1 2 0
4 16 308 321 1 3 0
4 16 308 322 1 4 0
4 16 309 318 2 0 0
4 16 309 319 2 1 0
4 16 309 320 2 2 0.975468
4 16 309 321 2 3 0
4 16 309 322 2 4 0
4 16 310 318 3 0 0
4 16 310 319 3 1 0
4 16 310 320 3 2 0
4 16 310 321 3 3 0.712898
4 16 310 322 3 4 0
4 17 303 323 0 0 0.985799
4 17 303 324 0 1 0
4 17 303 325 0 2 0
4 17 303 326 0 3 0
4 17 304 323 1 0 0
4 17 304 324 1 1 0.969827
4 17 304 325 1 2 0
4 17 304 326 1 3 0
4 17 305 323 2 0 0
4 17 305 324 2 1 0
4 17 305 325 2 2 0.872373
4 17 305 326 2 3 0
4 17 306 323 3 0 0
4 17 306 324 3 1 0
4 17 306 325 3 2 0
4 17 306 326 3 3 0.86942
E jointIdx viewA viewB aOverAllIdx bOverallIdx score
0 0 1 0 63 0.325401
0 0 1 0 64 0.774026
0 0 1 0 65 0.16947
0 0 1 0 66 -1
0 0 1 1 63 0.598159
0 0 1 1 64 0.35914
0 0 1 1 65 0.704222
0 0 1 1 66 -0.79911
0 0 1 2 63 0.739061
0 0 1 2 64 -1
0 0 1 2 65 0.872395
0 0 1 2 66 -1
0 0 1 3 63 -0.812994
0 0 1 3 64 -1
0 0 1 3 65 -1
0 0 1 3 66 0.974335
0 0 2 0 130 -1
0 0 2 0 131 -1
0 0 2 0 132 0.905373
0 0 2 0 133 0.708365
0 0 2 0 134 -1
0 0 2 1 130 -1
0 0 2 1 131 -1
0 0 2 1 132 0.149032
0 0 2 1 133 -1
0 0 2 1 134 0.691873
0 0 2 2 130 0.596022
0 0 2 2 131 0.692372
0 0 2 2 132 -1
0 0 2 2 133 -1
0 0 2 2 134 -1
0 0 2 3 130 -1
0 0 2 3 131 -1
0 0 2 3 132 0.77672
0 0 2 3 133 0.387462
0 0 2 3 134 -1
0 0 3 0 207 -1
0 0 3 0 208 -1
0 0 3 0 209 0.798267
0 0 3 1 207 -1
0 0 3 1 208 0.697829
0 0 3 1 209 -1
0 0 3 2 207 0.973149
0 0 3 2 208 -1
0 0 3 2 209 -1
0 0 3 3 207 -1
0 0 3 3 208 -1
0 0 3 3 209 0.646123
0 0 4 0 257 -1
0 0 4 0 258 0.576956
0 0 4 0 259 0.755846
0 0 4 0 260 -1
0 0 4 1 257 -1
0 0 4 1 258 0.825026
0 0 4 1 259 0.925822
0 0 4 1 260 -1
0 0 4 2 257 -1
0 0 4 2 258 -1
0 0 4 2 259 -1
0 0 4 2 260 0.673424
0 0 4 3 257 0.840809
0 0 4 3 258 -1
0 0 4 3 259 -1
0 0 4 3 260 -1
0 1 2 63 130 0.777126
0 1 2 63 131 -1
0 1 2 63 132 -1
0 1 2 63 133 -1
0 1 2 63 134 -1
0 1 2 64 130 -1
0 1 2 64 131 -1
0 1 2 64 132 -1
0 1 2 64 133 0.724872
0 1 2 64 134 -1
0 1 2 65 130 -1
0 1 2 65 131 -1
0 1 2 65 132 -1
0 1 2 65 133 -1
0 1 2 65 134 0.952999
0 1 2 66 130 -1
0 1 2 66 131 -1
0 1 2 66 132 0.567826
0 1 2 66 133 -1
0 1 2 66 134 -1
0 1 3 63 207 0.931555
0 1 3 63 208 -1
0 1 3 63 209 -1
0 1 3 64 207 -1
0 1 3 64 208 0.986448
0 1 3 64 209 0.976331
0 1 3 65 207 -1
0 1 3 65 208 0.918633
0 1 3 65 209 0.949304
0 1 3 66 207 0.957485
0 1 3 66 208 -1
0 1 3 66 209 -1
0 1 4 63 257 0.238895
0 1 4 63 258 -1
0 1 4 63 259 -1
0 1 4 63 260 0.90649
0 1 4 64 257 -1
0 1 4 64 258 -1
0 1 4 64 259 0.74506
0 1 4 64 260 -1
0 1 4 65 257 -1
0 1 4 65 258 0.963314
0 1 4 65 259 -1
0 1 4 65 260 -1
0 1 4 66 257 0.950685
0 1 4 66 258 -1
0 1 4 66 259 -1
0 1 4 66 260 -1
0 2 3 130 207 0.588904
0 2 3 130 208 -1
0 2 3 130 209 -1
0 2 3 131 207 -1
0 2 3 131 208 -1
0 2 3 131 209 -1
0 2 3 132 207 -1
0 2 3 132 208 -1
0 2 3 132 209 -1
0 2 3 133 207 -1
0 2 3 133 208 -1
0 2 3 133 209 0.955571
0 2 3 134 207 -1
0 2 3 134 208 0.994036
0 2 3 134 209 -1
0 2 4 130 257 0.957571
0 2 4 130 258 -1
0 2 4 130 259 -1
0 2 4 130 260 0.868494
0 2 4 131 257 -1
0 2 4 131 258 -1
0 2 4 131 259 -1
0 2 4 131 260 -1
0 2 4 132 257 0.615625
0 2 4 132 258 -1
0 2 4 132 259 -1
0 2 4 132 260 0.681706
0 2 4 133 257 -1
0 2 4 133 258 -1
0 2 4 133 259 0.995122
0 2 4 133 260 -1
0 2 4 134 257 -1
0 2 4 134 258 0.981879
0 2 4 134 259 -1
0 2 4 134 260 -1
0 3 4 207 257 -0.844912
0 3 4 207 258 0.265532
0 3 4 207 259 0.607862
0 3 4 207 260 0.766813
0 3 4 208 257 -1
0 3 4 208 258 0.557727
0 3 4 208 259 -1
0 3 4 208 260 -1
0 3 4 209 257 -1
0 3 4 209 258 0.128001
0 3 4 209 259 0.790934
0 3 4 209 260 0.584537
1 0 1 4 67 0.241763
1 0 1 4 68 0.0755182
1 0 1 4 69 0.153872
1 0 1 4 70 0.0411275
1 0 1 5 67 0.27122
1 0 1 5 68 0.111141
1 0 1 5 69 0.0943145
1 0 1 5 70 0.069265
1 0 1 6 67 0.179706
1 0 1 6 68 0.135439
1 0 1 6 69 0.0811358
1 0 1 6 70 0.104526
1 0 1 7 67 -0.901958
1 0 1 7 68 0.078417
1 0 1 7 69 0.146897
1 0 1 7 70 0.376018
1 0 2 4 135 -1
1 0 2 4 136 0.656465
1 0 2 4 137 0.761124
1 0 2 4 138 -1
1 0 2 4 139 -1
1 0 2 5 135 -1
1 0 2 5 136 -1
1 0 2 5 137 -1
1 0 2 5 138 0.187829
1 0 2 5 139 0.934052
1 0 2 6 135 -1
1 0 2 6 136 -1
1 0 2 6 137 -1
1 0 2 6 138 0.878689
1 0 2 6 139 0.335864
1 0 2 7 135 0.896354
1 0 2 7 136 0.703972
1 0 2 7 137 0.143392
1 0 2 7 138 -1
1 0 2 7 139 -1
1 0 3 4 210 0.223203
1 0 3 4 211 -0.822348
1 0 3 4 212 0.291858
1 0 3 5 210 0.1323
1 0 3 5 211 0.161484
1 0 3 5 212 0.143728
1 0 3 6 210 0.126729
1 0 3 6 211 0.295478
1 0 3 6 212 0.096919
1 0 3 7 210 0.0984831
1 0 3 7 211 0.374151
1 0 3 7 212 0.0901966
1 0 4 4 261 -1
1 0 4 4 262 -1
1 0 4 4 263 -1
1 0 4 4 264 0.982177
1 0 4 5 261 0.848388
1 0 4 5 262 -0.924349
1 0 4 5 263 0.721241
1 0 4 5 264 0.354719
1 0 4 6 261 0.733407
1 0 4 6 262 -0.838856
1 0 4 6 263 0.814599
1 0 4 6 264 0.290851
1 0 4 7 261 0.0677869
1 0 4 7 262 0.916135
1 0 4 7 263 0.0669524
1 0 4 7 264 -1
1 1 2 67 135 -1
1 1 2 67 136 -1
1 1 2 67 137 -1
1 1 2 67 138 0.591315
1 1 2 67 139 -1
1 1 2 68 135 -1
1 1 2 68 136 -1
1 1 2 68 137 -1
1 1 2 68 138 -1
1 1 2 68 139 0.774711
1 1 2 69 135 -1
1 1 2 69 136 0.742111
1 1 2 69 137 0.813102
1 1 2 69 138 -1
1 1 2 69 139 -1
1 1 2 70 135 0.903407
1 1 2 70 136 -1
1 1 2 70 137 -1
1 1 2 70 138 -1
1 1 2 70 139 -1
1 1 3 67 210 0.122781
1 1 3 67 211 0.0852446
1 1 3 67 212 0.12973
1 1 3 68 210 0.120472
1 1 3 68 211 0.120397
1 1 3 68 212 0.108828
1 1 3 69 210 0.137735
1 1 3 69 211 0.0374028
1 1 3 69 212 0.146922
1 1 3 70 210 0.0830956
1 1 3 70 211 0.216473
1 1 3 70 212 0.0813024
1 1 4 67 261 0.539581
1 1 4 67 262 -1
1 1 4 67 263 -1
1 1 4 67 264 -1
1 1 4 68 261 -1
1 1 4 68 262 -1
1 1 4 68 263 0.951363
1 1 4 68 264 -1
1 1 4 69 261 -1
1 1 4 69 262 0.894844
1 1 4 69 263 -1
1 1 4 69 264 0.913089
1 1 4 70 261 -1
1 1 4 70 262 0.924882
1 1 4 70 263 -1
1 1 4 70 264 0.814279
1 2 3 135 210 -1
1 2 3 135 211 0.875166
1 2 3 135 212 -1
1 2 3 136 210 -1
1 2 3 136 211 -1
1 2 3 136 212 -1
1 2 3 137 210 -1
1 2 3 137 211 -1
1 2 3 137 212 0.633508
1 2 3 138 210 0.974329
1 2 3 138 211 -1
1 2 3 138 212 -1
1 2 3 139 210 -1
1 2 3 139 211 -1
1 2 3 139 212 0.988954
1 2 4 135 261 -1
1 2 4 135 262 0.91306
1 2 4 135 263 -1
1 2 4 135 264 0.0126789
1 2 4 136 261 -1
1 2 4 136 262 -1
1 2 4 136 263 -1
1 2 4 136 264 0.670047
1 2 4 137 261 -1
1 2 4 137 262 -1
1 2 4 137 263 -1
1 2 4 137 264 0.776567
1 2 4 138 261 0.932979
1 2 4 138 262 -1
1 2 4 138 263 -1
1 2 4 138 264 -1
1 2 4 139 261 -1
1 2 4 139 262 -1
1 2 4 139 263 0.823029
1 2 4 139 264 -1
1 3 4 210 261 0.102819
1 3 4 210 262 0.12086
1 3 4 210 263 0.0854431
1 3 4 210 264 0.0943277
1 3 4 211 261 0.0999394
1 3 4 211 262 0.112582
1 3 4 211 263 0.0927644
1 3 4 211 264 0.0978464
1 3 4 212 261 0.098585
1 3 4 212 262 0.0624222
1 3 4 212 263 0.127305
1 3 4 212 264 0.110894
2 0 1 8 71 0.378782
2 0 1 8 72 0.83769
2 0 1 8 73 0.230382
2 0 1 8 74 -1
2 0 1 9 71 0.593724
2 0 1 9 72 0.390006
2 0 1 9 73 0.649457
2 0 1 9 74 -0.816649
2 0 1 10 71 0.658133
2 0 1 10 72 -1
2 0 1 10 73 0.925408
2 0 1 10 74 -1
2 0 1 11 71 -0.763941
2 0 1 11 72 -1
2 0 1 11 73 -1
2 0 1 11 74 0.823323
2 0 2 8 140 -1
2 0 2 8 141 -1
2 0 2 8 142 0.734842
2 0 2 8 143 0.848685
2 0 2 8 144 -1
2 0 2 9 140 -1
2 0 2 9 141 -1
2 0 2 9 142 0.179632
2 0 2 9 143 -1
2 0 2 9 144 0.483657
2 0 2 10 140 0.417091
2 0 2 10 141 0.560012
2 0 2 10 142 -1
2 0 2 10 143 -1
2 0 2 10 144 -1
2 0 2 11 140 -1
2 0 2 11 141 -1
2 0 2 11 142 0.352587
2 0 2 11 143 -1
2 0 2 11 144 -1
2 0 3 8 213 -1
2 0 3 8 214 -1
2 0 3 8 215 0.971568
2 0 3 9 213 -1
2 0 3 9 214 0.621619
2 0 3 9 215 0.0623125
2 0 3 10 213 0.820152
2 0 3 10 214 -1
2 0 3 10 215 -1
2 0 3 11 213 -1
2 0 3 11 214 -1
2 0 3 11 215 0.375814
2 0 4 8 265 -1
2 0 4 8 266 0.392817
2 0 4 8 267 0.738113
2 0 4 8 268 -1
2 0 4 9 265 -1
2 0 4 9 266 0.771094
2 0 4 9 267 0.762041
2 0 4 9 268 -1
2 0 4 10 265 -1
2 0 4 10 266 -1
2 0 4 10 267 -1
2 0 4 10 268 0.688356
2 0 4 11 265 0.782111
2 0 4 11 266 -1
2 0 4 11 267 -1
2 0 4 11 268 -1
2 1 2 71 140 0.488869
2 1 2 71 141 -1
2 1 2 71 142 -1
2 1 2 71 143 -1
2 1 2 71 144 -1
2 1 2 72 140 -1
2 1 2 72 141 -1
2 1 2 72 142 -1
2 1 2 72 143 0.806619
2 1 2 72 144 -1
2 1 2 73 140 -1
2 1 2 73 141 -1
2 1 2 73 142 -1
2 1 2 73 143 -1
2 1 2 73 144 0.931002
2 1 2 74 140 -1
2 1 2 74 141 -1
2 1 2 74 142 0.090431
2 1 2 74 143 -1
2 1 2 74 144 -1
2 1 3 71 213 0.921755
2 1 3 71 214 -1
2 1 3 71 215 -1
2 1 3 72 213 -1
2 1 3 72 214 0.79201
2 1 3 72 215 0.8672
2 1 3 73 213 -1
2 1 3 73 214 0.879481
2 1 3 73 215 0.741398
2 1 3 74 213 0.729852
2 1 3 74 214 -1
2 1 3 74 215 -1
2 1 4 71 265 -1
2 1 4 71 266 -1
2 1 4 71 267 -1
2 1 4 71 268 0.76785
2 1 4 72 265 -1
2 1 4 72 266 -1
2 1 4 72 267 0.865319
2 1 4 72 268 -1
2 1 4 73 265 -1
2 1 4 73 266 0.958433
2 1 4 73 267 -1
2 1 4 73 268 -1
2 1 4 74 265 0.94979
2 1 4 74 266 -1
2 1 4 74 267 -1
2 1 4 74 268 -1
2 2 3 140 213 0.617898
2 2 3 140 214 -1
2 2 3 140 215 -1
2 2 3 141 213 -1
2 2 3 141 214 -1
2 2 3 141 215 -1
2 2 3 142 213 -1
2 2 3 142 214 -1
2 2 3 142 215 0.0411822
2 2 3 143 213 -1
2 2 3 143 214 -1
2 2 3 143 215 0.810305
2 2 3 144 213 -1
2 2 3 144 214 0.858673
2 2 3 144 215 -1
2 2 4 140 265 0.665379
2 2 4 140 266 -1
2 2 4 140 267 -1
2 2 4 140 268 0.744929
2 2 4 141 265 -1
2 2 4 141 266 -1
2 2 4 141 267 -1
2 2 4 141 268 -1
2 2 4 142 265 0.343992
2 2 4 142 266 -1
2 2 4 142 267 -1
2 2 4 142 268 0.642211
2 2 4 143 265 -1
2 2 4 143 266 -1
2 2 4 143 267 0.565278
2 2 4 143 268 -1
2 2 4 144 265 -1
2 2 4 144 266 0.945808
2 2 4 144 267 -1
2 2 4 144 268 -1
2 3 4 213 265 -0.916764
2 3 4 213 266 0.234235
2 3 4 213 267 0.710245
2 3 4 213 268 0.864498
2 3 4 214 265 -1
2 3 4 214 266 0.638284
2 3 4 214 267 -1
2 3 4 214 268 -1
2 3 4 215 265 -1
2 3 4 215 266 0.106214
2 3 4 215 267 0.64562
2 3 4 215 268 0.988216
3 0 1 12 75 0.751401
3 0 1 12 76 0.316556
3 0 1 12 77 0.151815
3 0 1 12 78 -1
3 0 1 13 75 0.348894
3 0 1 13 76 0.566346
3 0 1 13 77 0.716327
3 0 1 13 78 -0.751559
3 0 1 14 75 -1
3 0 1 14 76 0.755054
3 0 1 14 77 0.632262
3 0 1 14 78 -1
3 0 1 15 75 -1
3 0 1 15 76 -0.82517
3 0 1 15 77 -1
3 0 1 15 78 0.968267
3 0 2 12 145 -1
3 0 2 12 146 -1
3 0 2 12 147 0.575854
3 0 2 12 148 0.476269
3 0 2 12 149 -1
3 0 2 13 145 -1
3 0 2 13 146 -1
3 0 2 13 147 0.219113
3 0 2 13 148 -1
3 0 2 13 149 0.850761
3 0 2 14 145 0.785833
3 0 2 14 146 0.939444
3 0 2 14 147 -1
3 0 2 14 148 -1
3 0 2 14 149 -1
3 0 2 15 145 -1
3 0 2 15 146 -1
3 0 2 15 147 0.889476
3 0 2 15 148 0.450271
3 0 2 15 149 -1
3 0 3 12 216 -1
3 0 3 12 217 -1
3 0 3 12 218 0.661949
3 0 3 13 216 -1
3 0 3 13 217 0.842134
3 0 3 13 218 -1
3 0 3 14 216 0.755553
3 0 3 14 217 -1
3 0 3 14 218 -1
3 0 3 15 216 -1
3 0 3 15 217 -1
3 0 3 15 218 -1
3 0 4 12 269 -1
3 0 4 12 270 0.810503
3 0 4 12 271 0.757045
3 0 4 12 272 -1
3 0 4 13 269 -1
3 0 4 13 270 0.916095
3 0 4 13 271 0.86877
3 0 4 13 272 -1
3 0 4 14 269 -1
3 0 4 14 270 -1
3 0 4 14 271 -1
3 0 4 14 272 0.789274
3 0 4 15 269 0.698247
3 0 4 15 270 -1
3 0 4 15 271 -1
3 0 4 15 272 -1
3 1 2 75 145 -1
3 1 2 75 146 -1
3 1 2 75 147 -1
3 1 2 75 148 0.263884
3 1 2 75 149 0.591383
3 1 2 76 145 0.881907
3 1 2 76 146 -1
3 1 2 76 147 0.193184
3 1 2 76 148 -1
3 1 2 76 149 -1
3 1 2 77 145 -1
3 1 2 77 146 -1
3 1 2 77 147 -1
3 1 2 77 148 -1
3 1 2 77 149 0.831444
3 1 2 78 145 -1
3 1 2 78 146 -1
3 1 2 78 147 0.814398
3 1 2 78 148 -1
3 1 2 78 149 -1
3 1 3 75 216 -1
3 1 3 75 217 0.811976
3 1 3 75 218 0.814073
3 1 3 76 216 0.699445
3 1 3 76 217 -1
3 1 3 76 218 -1
3 1 3 77 216 -1
3 1 3 77 217 0.929987
3 1 3 77 218 0.879503
3 1 3 78 216 0.80228
3 1 3 78 217 -1
3 1 3 78 218 -1
3 1 4 75 269 -1
3 1 4 75 270 -1
3 1 4 75 271 0.480374
3 1 4 75 272 -1
3 1 4 76 269 0.759995
3 1 4 76 270 -1
3 1 4 76 271 -1
3 1 4 76 272 0.979914
3 1 4 77 269 -1
3 1 4 77 270 0.732513
3 1 4 77 271 -1
3 1 4 77 272 -1
3 1 4 78 269 0.967192
3 1 4 78 270 -1
3 1 4 78 271 -1
3 1 4 78 272 0.509401
3 2 3 145 216 0.499623
3 2 3 145 217 -1
3 2 3 145 218 -1
3 2 3 146 216 -1
3 2 3 146 217 -1
3 2 3 146 218 -1
3 2 3 147 216 -1
3 2 3 147 217 -1
3 2 3 147 218 -1
3 2 3 148 216 -1
3 2 3 148 217 -1
3 2 3 148 218 0.872584
3 2 3 149 216 -1
3 2 3 149 217 0.991095
3 2 3 149 218 -1
3 2 4 145 269 0.3906
3 2 4 145 270 -1
3 2 4 145 271 -1
3 2 4 145 272 0.893692
3 2 4 146 269 -1
3 2 4 146 270 -1
3 2 4 146 271 -1
3 2 4 146 272 -1
3 2 4 147 269 0.982747
3 2 4 147 270 -1
3 2 4 147 271 -1
3 2 4 147 272 -1
3 2 4 148 269 -1
3 2 4 148 270 -1
3 2 4 148 271 0.690495
3 2 4 148 272 -1
3 2 4 149 269 -1
3 2 4 149 270 0.968197
3 2 4 149 271 -1
3 2 4 149 272 -1
3 3 4 216 269 -0.866301
3 3 4 216 270 0.331133
3 3 4 216 271 0.57253
3 3 4 216 272 0.595568
3 3 4 217 269 -1
3 3 4 217 270 0.523298
3 3 4 217 271 -1
3 3 4 217 272 0.256392
3 3 4 218 269 -1
3 3 4 218 270 0.0944639
3 3 4 218 271 0.969978
3 3 4 218 272 0.0561241
4 0 1 16 79 0.220683
4 0 1 16 80 0.295384
4 0 1 16 81 0.172633
4 0 1 16 82 0.132226
4 0 1 17 79 -1
4 0 1 17 80 0.00909865
4 0 1 17 81 0.507263
4 0 1 17 82 0.622593
4 0 2 16 150 0.903238
4 0 2 16 151 0.0967615
4 0 2 17 150 -1
4 0 2 17 151 0.0620772
4 0 3 16 219 0.987219
4 0 3 16 220 -1
4 0 3 17 219 -1
4 0 3 17 220 0.903532
4 0 4 16 273 0.876127
4 0 4 16 274 -1
4 0 4 17 273 -1
4 0 4 17 274 -1
4 1 2 79 150 -1
4 1 2 79 151 -1
4 1 2 80 150 0.929077
4 1 2 80 151 -1
4 1 2 81 150 -1
4 1 2 81 151 0.95572
4 1 2 82 150 -1
4 1 2 82 151 -1
4 1 3 79 219 0.371301
4 1 3 79 220 -1
4 1 3 80 219 0.487215
4 1 3 80 220 -1
4 1 3 81 219 0.0435966
4 1 3 81 220 0.856602
4 1 3 82 219 0.0938897
4 1 3 82 220 0.829875
4 1 4 79 273 0.879481
4 1 4 79 274 -1
4 1 4 80 273 -1
4 1 4 80 274 -1
4 1 4 81 273 -1
4 1 4 81 274 0.450516
4 1 4 82 273 -1
4 1 4 82 274 0.944184
4 2 3 150 219 -1
4 2 3 150 220 -1
4 2 3 151 219 0.155878
4 2 3 151 220 -1
4 2 4 150 273 0.238254
4 2 4 150 274 -1
4 2 4 151 273 -1
4 2 4 151 274 0.41015
4 3 4 219 273 0.308819
4 3 4 219 274 0.326438
4 3 4 220 273 0.322885
4 3 4 220 274 0.306492
5 0 1 18 83 -1
5 0 1 18 84 0.404704
5 0 1 18 85 0.0688441
5 0 1 18 86 -0.792
5 0 1 19 83 0.308137
5 0 1 19 84 0.0862684
5 0 1 19 85 0.146298
5 0 1 19 86 0.14662
5 0 1 20 83 0.270537
5 0 1 20 84 0.0819142
5 0 1 20 85 0.141262
5 0 1 20 86 0.192808
5 0 1 21 83 -1
5 0 1 21 84 0.0738003
5 0 1 21 85 0.0398483
5 0 1 21 86 0.747542
5 0 2 18 152 0.857645
5 0 2 18 153 0.689419
5 0 2 18 154 0.581815
5 0 2 18 155 -1
5 0 2 18 156 -1
5 0 2 19 152 -1
5 0 2 19 153 -1
5 0 2 19 154 -1
5 0 2 19 155 0.59968
5 0 2 19 156 0.867489
5 0 2 20 152 -1
5 0 2 20 153 -1
5 0 2 20 154 -1
5 0 2 20 155 0.834061
5 0 2 20 156 0.678181
5 0 2 21 152 0.877988
5 0 2 21 153 0.824686
5 0 2 21 154 0.691304
5 0 2 21 155 -1
5 0 2 21 156 -1
5 0 3 18 221 0.288805
5 0 3 18 222 0.322141
5 0 3 18 223 -0.926292
5 0 3 19 221 0.151305
5 0 3 19 222 0.125526
5 0 3 19 223 0.175258
5 0 3 20 221 0.123447
5 0 3 20 222 0.109737
5 0 3 20 223 0.292531
5 0 3 21 221 0.0529154
5 0 3 21 222 0.0879682
5 0 3 21 223 0.537221
5 0 4 18 275 -1
5 0 4 18 276 -1
5 0 4 18 277 -0.830096
5 0 4 18 278 0.855311
5 0 4 19 275 0.8842
5 0 4 19 276 -0.975058
5 0 4 19 277 0.743851
5 0 4 19 278 0.194757
5 0 4 20 275 0.789334
5 0 4 20 276 -1
5 0 4 20 277 0.816268
5 0 4 20 278 0.185193
5 0 4 21 275 0.303167
5 0 4 21 276 0.951707
5 0 4 21 277 0.25095
5 0 4 21 278 -1
5 1 2 83 152 -1
5 1 2 83 153 -1
5 1 2 83 154 -1
5 1 2 83 155 0.895861
5 1 2 83 156 -1
5 1 2 84 152 -1
5 1 2 84 153 -1
5 1 2 84 154 0.534695
5 1 2 84 155 -1
5 1 2 84 156 -1
5 1 2 85 152 -1
5 1 2 85 153 -1
5 1 2 85 154 -1
5 1 2 85 155 -1
5 1 2 85 156 0.948326
5 1 2 86 152 0.922782
5 1 2 86 153 -1
5 1 2 86 154 -1
5 1 2 86 155 -1
5 1 2 86 156 -1
5 1 3 83 221 0.137979
5 1 3 83 222 0.134074
5 1 3 83 223 0.15674
5 1 3 84 221 0.302997
5 1 3 84 222 0.268618
5 1 3 84 223 -1
5 1 3 85 221 0.135211
5 1 3 85 222 0.136523
5 1 3 85 223 0.157177
5 1 3 86 221 0.0604363
5 1 3 86 222 0.0854345
5 1 3 86 223 0.544988
5 1 4 83 275 0.984664
5 1 4 83 276 -1
5 1 4 83 277 -1
5 1 4 83 278 -1
5 1 4 84 275 -1
5 1 4 84 276 0.672098
5 1 4 84 277 0.153175
5 1 4 84 278 0.815394
5 1 4 85 275 -1
5 1 4 85 276 -1
5 1 4 85 277 0.927985
5 1 4 85 278 -1
5 1 4 86 275 -0.927996
5 1 4 86 276 0.899862
5 1 4 86 277 0.185377
5 1 4 86 278 0.842757
5 2 3 152 221 -1
5 2 3 152 222 -1
5 2 3 152 223 0.899779
5 2 3 153 221 -1
5 2 3 153 222 -1
5 2 3 153 223 -1
5 2 3 154 221 -1
5 2 3 154 222 0.255854
5 2 3 154 223 -1
5 2 3 155 221 0.949022
5 2 3 155 222 -1
5 2 3 155 223 -1
5 2 3 156 221 -1
5 2 3 156 222 0.803325
5 2 3 156 223 -1
5 2 4 152 275 -1
5 2 4 152 276 0.933337
5 2 4 152 277 -1
5 2 4 152 278 0.500849
5 2 4 153 275 -1
5 2 4 153 276 -1
5 2 4 153 277 -1
5 2 4 153 278 0.914883
5 2 4 154 275 -1
5 2 4 154 276 -1
5 2 4 154 277 -1
5 2 4 154 278 0.736703
5 2 4 155 275 0.901557
5 2 4 155 276 -1
5 2 4 155 277 -1
5 2 4 155 278 -1
5 2 4 156 275 -1
5 2 4 156 276 -1
5 2 4 156 277 0.956039
5 2 4 156 278 -1
5 3 4 221 275 0.129365
5 3 4 221 276 0.11326
5 3 4 221 277 0.0795158
5 3 4 221 278 0.0884698
5 3 4 222 275 0.0902763
5 3 4 222 276 0.0939466
5 3 4 222 277 0.114223
5 3 4 222 278 0.11349
5 3 4 223 275 0.0914148
5 3 4 223 276 0.102078
5 3 4 223 277 0.113026
5 3 4 223 278 0.105914
6 0 1 22 87 0.138076
6 0 1 22 88 0.130172
6 0 1 22 89 0.0822121
6 0 1 23 87 0.143752
6 0 1 23 88 0.121414
6 0 1 23 89 0.0874324
6 0 1 24 87 0.0222466
6 0 1 24 88 0.111192
6 0 1 24 89 0.192905
6 0 1 25 87 0.133728
6 0 1 25 88 0.100577
6 0 1 25 89 0.118101
6 0 2 22 157 -1
6 0 2 22 158 0.118109
6 0 2 22 159 -1
6 0 2 22 160 0.980268
6 0 2 22 161 -1
6 0 2 23 157 -1
6 0 2 23 158 -1
6 0 2 23 159 -1
6 0 2 23 160 -1
6 0 2 23 161 0.909539
6 0 2 24 157 0.971934
6 0 2 24 158 0.36018
6 0 2 24 159 -1
6 0 2 24 160 -1
6 0 2 24 161 -1
6 0 2 25 157 -1
6 0 2 25 158 -1
6 0 2 25 159 0.991156
6 0 2 25 160 0.33856
6 0 2 25 161 -1
6 0 3 22 224 0.064859
6 0 3 22 225 0.168401
6 0 3 22 226 0.10515
6 0 3 23 224 0.0823881
6 0 3 23 225 0.155583
6 0 3 23 226 0.103846
6 0 3 24 224 0.153109
6 0 3 24 225 0.0826371
6 0 3 24 226 0.122636
6 0 3 25 224 0.139668
6 0 3 25 225 0.0892561
6 0 3 25 226 0.127272
6 0 4 22 279 0.207111
6 0 4 22 280 -1
6 0 4 22 281 0.126725
6 0 4 22 282 0.758424
6 0 4 23 279 0.726189
6 0 4 23 280 -0.912929
6 0 4 23 281 0.569555
6 0 4 23 282 0.476602
6 0 4 24 279 -1
6 0 4 24 280 0.943134
6 0 4 24 281 -1
6 0 4 24 282 -0.772219
6 0 4 25 279 0.680485
6 0 4 25 280 -0.690837
6 0 4 25 281 0.570438
6 0 4 25 282 0.33971
6 1 2 87 157 -1
6 1 2 87 158 -1
6 1 2 87 159 0.0894153
6 1 2 87 160 -1
6 1 2 87 161 0.813838
6 1 2 88 157 -1
6 1 2 88 158 0.961991
6 1 2 88 159 -1
6 1 2 88 160 0.998011
6 1 2 88 161 -1
6 1 2 89 157 0.901008
6 1 2 89 158 -1
6 1 2 89 159 -1
6 1 2 89 160 -1
6 1 2 89 161 -1
6 1 3 87 224 0.126507
6 1 3 87 225 0.159317
6 1 3 87 226 0.140592
6 1 3 88 224 0.101586
6 1 3 88 225 0.171916
6 1 3 88 226 0.148662
6 1 3 89 224 0.196538
6 1 3 89 225 0.102061
6 1 3 89 226 0.14114
6 1 4 87 279 -1
6 1 4 87 280 -1
6 1 4 87 281 0.817028
6 1 4 87 282 -1
6 1 4 88 279 -1
6 1 4 88 280 0.963253
6 1 4 88 281 -1
6 1 4 88 282 0.918036
6 1 4 89 279 -1
6 1 4 89 280 0.897508
6 1 4 89 281 -1
6 1 4 89 282 0.832685
6 2 3 157 224 0.933758
6 2 3 157 225 -1
6 2 3 157 226 -1
6 2 3 158 224 -1
6 2 3 158 225 -1
6 2 3 158 226 -1
6 2 3 159 224 -1
6 2 3 159 225 -1
6 2 3 159 226 0.963871
6 2 3 160 224 -1
6 2 3 160 225 0.903303
6 2 3 160 226 -1
6 2 3 161 224 -1
6 2 3 161 225 0.97486
6 2 3 161 226 -1
6 2 4 157 279 -1
6 2 4 157 280 0.847921
6 2 4 157 281 -1
6 2 4 157 282 -1
6 2 4 158 279 -1
6 2 4 158 280 -1
6 2 4 158 281 -1
6 2 4 158 282 0.260433
6 2 4 159 279 0.948825
6 2 4 159 280 -1
6 2 4 159 281 0.413423
6 2 4 159 282 -1
6 2 4 160 279 -1
6 2 4 160 280 -1
6 2 4 160 281 -1
6 2 4 160 282 0.998735
6 2 4 161 279 0.00744087
6 2 4 161 280 -1
6 2 4 161 281 0.768287
6 2 4 161 282 -1
6 3 4 224 279 0.0999096
6 3 4 224 280 0.152871
6 3 4 224 281 0.0978867
6 3 4 224 282 0.0935345
6 3 4 225 279 0.114758
6 3 4 225 280 0.0397426
6 3 4 225 281 0.123391
6 3 4 225 282 0.129689
6 3 4 226 279 0.108021
6 3 4 226 280 0.122988
6 3 4 226 281 0.102135
6 3 4 226 282 0.100781
7 0 1 26 90 0.472178
7 0 1 26 91 0.909387
7 0 1 26 92 -1
7 0 1 26 93 -1
7 0 1 27 90 0.836211
7 0 1 27 91 -1
7 0 1 27 92 -1
7 0 1 27 93 -1
7 0 1 28 90 0.608906
7 0 1 28 91 -1
7 0 1 28 92 -1
7 0 1 28 93 0.671239
7 0 1 29 90 -0.917296
7 0 1 29 91 -1
7 0 1 29 92 0.978545
7 0 1 29 93 -1
7 0 2 26 162 -1
7 0 2 26 163 -1
7 0 2 26 164 0.978513
7 0 2 26 165 0.901202
7 0 2 26 166 -1
7 0 2 27 162 0.0738114
7 0 2 27 163 0.130504
7 0 2 27 164 -1
7 0 2 27 165 -1
7 0 2 27 166 -1
7 0 2 28 162 -1
7 0 2 28 163 -1
7 0 2 28 164 0.075413
7 0 2 28 165 -1
7 0 2 28 166 0.547068
7 0 2 29 162 -1
7 0 2 29 163 -1
7 0 2 29 164 0.248784
7 0 2 29 165 -1
7 0 2 29 166 -1
7 0 3 26 227 -1
7 0 3 26 228 -1
7 0 3 26 229 0.870991
7 0 3 27 227 0.61061
7 0 3 27 228 -1
7 0 3 27 229 -1
7 0 3 28 227 -1
7 0 3 28 228 0.770705
7 0 3 28 229 -1
7 0 3 29 227 -1
7 0 3 29 228 -1
7 0 3 29 229 -1
7 0 4 26 283 -1
7 0 4 26 284 0.218799
7 0 4 26 285 0.796881
7 0 4 26 286 -1
7 0 4 27 283 -1
7 0 4 27 284 -1
7 0 4 27 285 -1
7 0 4 27 286 0.883539
7 0 4 28 283 -1
7 0 4 28 284 0.732552
7 0 4 28 285 0.517098
7 0 4 28 286 -1
7 0 4 29 283 0.99904
7 0 4 29 284 -1
7 0 4 29 285 -1
7 0 4 29 286 -1
7 1 2 90 162 -1
7 1 2 90 163 0.471344
7 1 2 90 164 -1
7 1 2 90 165 -1
7 1 2 90 166 -1
7 1 2 91 162 -1
7 1 2 91 163 -1
7 1 2 91 164 -1
7 1 2 91 165 0.952171
7 1 2 91 166 -1
7 1 2 92 162 -1
7 1 2 92 163 -1
7 1 2 92 164 0.539202
7 1 2 92 165 -1
7 1 2 92 166 -1
7 1 2 93 162 -1
7 1 2 93 163 -1
7 1 2 93 164 -1
7 1 2 93 165 -1
7 1 2 93 166 0.933186
7 1 3 90 227 0.746963
7 1 3 90 228 -1
7 1 3 90 229 -1
7 1 3 91 227 -1
7 1 3 91 228 0.666174
7 1 3 91 229 0.938054
7 1 3 92 227 0.916031
7 1 3 92 228 -1
7 1 3 92 229 -1
7 1 3 93 227 -1
7 1 3 93 228 0.942007
7 1 3 93 229 0.532728
7 1 4 90 283 -1
7 1 4 90 284 -1
7 1 4 90 285 -1
7 1 4 90 286 0.856749
7 1 4 91 283 -1
7 1 4 91 284 -1
7 1 4 91 285 0.960918
7 1 4 91 286 -1
7 1 4 92 283 0.821877
7 1 4 92 284 -1
7 1 4 92 285 -1
7 1 4 92 286 -1
7 1 4 93 283 -1
7 1 4 93 284 0.950214
7 1 4 93 285 -1
7 1 4 93 286 -1
7 2 3 162 227 -1
7 2 3 162 228 -1
7 2 3 162 229 -1
7 2 3 163 227 0.476973
7 2 3 163 228 -1
7 2 3 163 229 -1
7 2 3 164 227 -1
7 2 3 164 228 -1
7 2 3 164 229 -1
7 2 3 165 227 -1
7 2 3 165 228 0.0857196
7 2 3 165 229 0.979624
7 2 3 166 227 -1
7 2 3 166 228 0.814053
7 2 3 166 229 -1
7 2 4 162 283 -1
7 2 4 162 284 -1
7 2 4 162 285 -1
7 2 4 162 286 -1
7 2 4 163 283 -1
7 2 4 163 284 -1
7 2 4 163 285 -1
7 2 4 163 286 0.360622
7 2 4 164 283 0.643029
7 2 4 164 284 -1
7 2 4 164 285 -1
7 2 4 164 286 -1
7 2 4 165 283 -1
7 2 4 165 284 -1
7 2 4 165 285 0.738174
7 2 4 165 286 -1
7 2 4 166 283 -1
7 2 4 166 284 0.965921
7 2 4 166 285 -1
7 2 4 166 286 -1
7 3 4 227 283 -1
7 3 4 227 284 0.0873345
7 3 4 227 285 0.44442
7 3 4 227 286 0.609639
7 3 4 228 283 -1
7 3 4 228 284 0.880429
7 3 4 228 285 -1
7 3 4 228 286 -1
7 3 4 229 283 -1
7 3 4 229 284 -1
7 3 4 229 285 0.736583
7 3 4 229 286 0.773067
8 0 1 30 94 0.232941
8 0 1 30 95 0.747399
8 0 1 30 96 -1
8 0 1 30 97 -1
8 0 1 31 94 0.891374
8 0 1 31 95 -1
8 0 1 31 96 0.106837
8 0 1 31 97 -1
8 0 1 32 94 0.844439
8 0 1 32 95 -1
8 0 1 32 96 0.880708
8 0 1 32 97 -1
8 0 1 33 94 -0.968755
8 0 1 33 95 -1
8 0 1 33 96 -1
8 0 1 33 97 0.859842
8 0 2 30 167 -1
8 0 2 30 168 -1
8 0 2 30 169 -1
8 0 2 30 170 0.560659
8 0 2 30 171 -1
8 0 2 31 167 0.432299
8 0 2 31 168 0.81859
8 0 2 31 169 -1
8 0 2 31 170 -1
8 0 2 31 171 -1
8 0 2 32 167 -1
8 0 2 32 168 -1
8 0 2 32 169 0.671416
8 0 2 32 170 -1
8 0 2 32 171 0.667098
8 0 2 33 167 -1
8 0 2 33 168 -1
8 0 2 33 169 0.906919
8 0 2 33 170 -1
8 0 2 33 171 -1
8 0 3 30 230 -1
8 0 3 30 231 -1
8 0 3 30 232 0.638143
8 0 3 31 230 0.748866
8 0 3 31 231 -1
8 0 3 31 232 -1
8 0 3 32 230 -1
8 0 3 32 231 0.671451
8 0 3 32 232 -1
8 0 3 33 230 -1
8 0 3 33 231 -1
8 0 3 33 232 -1
8 0 4 30 287 -1
8 0 4 30 288 0.606528
8 0 4 30 289 0.948842
8 0 4 30 290 -1
8 0 4 31 287 -1
8 0 4 31 288 -1
8 0 4 31 289 -1
8 0 4 31 290 0.941731
8 0 4 32 287 -1
8 0 4 32 288 0.70885
8 0 4 32 289 0.759638
8 0 4 32 290 -1
8 0 4 33 287 0.949452
8 0 4 33 288 -1
8 0 4 33 289 -1
8 0 4 33 290 -1
8 1 2 94 167 -1
8 1 2 94 168 0.937696
8 1 2 94 169 0.958836
8 1 2 94 170 -1
8 1 2 94 171 -1
8 1 2 95 167 -1
8 1 2 95 168 -1
8 1 2 95 169 -1
8 1 2 95 170 0.548857
8 1 2 95 171 0.864981
8 1 2 96 167 -1
8 1 2 96 168 -1
8 1 2 96 169 -1
8 1 2 96 170 0.656177
8 1 2 96 171 0.971765
8 1 2 97 167 -1
8 1 2 97 168 0.672006
8 1 2 97 169 0.821484
8 1 2 97 170 -1
8 1 2 97 171 -1
8 1 3 94 230 0.71966
8 1 3 94 231 -1
8 1 3 94 232 -1
8 1 3 95 230 -1
8 1 3 95 231 0.574361
8 1 3 95 232 0.774665
8 1 3 96 230 -1
8 1 3 96 231 0.811169
8 1 3 96 232 0.473824
8 1 3 97 230 -1
8 1 3 97 231 -1
8 1 3 97 232 -1
8 1 4 94 287 0.967735
8 1 4 94 288 -1
8 1 4 94 289 -1
8 1 4 94 290 0.611198
8 1 4 95 287 -1
8 1 4 95 288 0.251973
8 1 4 95 289 0.623084
8 1 4 95 290 -1
8 1 4 96 287 -1
8 1 4 96 288 0.889287
8 1 4 96 289 -1
8 1 4 96 290 -1
8 1 4 97 287 0.966226
8 1 4 97 288 -1
8 1 4 97 289 -1
8 1 4 97 290 0.400516
8 2 3 167 230 -1
8 2 3 167 231 -1
8 2 3 167 232 -1
8 2 3 168 230 0.605002
8 2 3 168 231 -1
8 2 3 168 232 -1
8 2 3 169 230 -1
8 2 3 169 231 -1
8 2 3 169 232 -1
8 2 3 170 230 -1
8 2 3 170 231 -1
8 2 3 170 232 0.923893
8 2 3 171 230 -1
8 2 3 171 231 0.898028
8 2 3 171 232 -1
8 2 4 167 287 -1
8 2 4 167 288 -1
8 2 4 167 289 -1
8 2 4 167 290 -1
8 2 4 168 287 0.808339
8 2 4 168 288 -1
8 2 4 168 289 -1
8 2 4 168 290 0.546776
8 2 4 169 287 0.86963
8 2 4 169 288 -1
8 2 4 169 289 -1
8 2 4 169 290 0.785883
8 2 4 170 287 -1
8 2 4 170 288 -1
8 2 4 170 289 0.806713
8 2 4 170 290 -1
8 2 4 171 287 -1
8 2 4 171 288 0.954921
8 2 4 171 289 -1
8 2 4 171 290 -1
8 3 4 230 287 -1
8 3 4 230 288 0.486522
8 3 4 230 289 0.459713
8 3 4 230 290 0.895421
8 3 4 231 287 -1
8 3 4 231 288 0.884215
8 3 4 231 289 -1
8 3 4 231 290 -1
8 3 4 232 287 -1
8 3 4 232 288 -1
8 3 4 232 289 0.878265
8 3 4 232 290 -1
9 0 1 34 98 0.416439
9 0 1 34 99 -1
9 0 1 34 100 -1
9 0 1 35 98 0.297145
9 0 1 35 99 0.296055
9 0 1 35 100 0.226262
9 0 2 34 172 -1
9 0 2 34 173 -1
9 0 2 35 172 0.515415
9 0 2 35 173 0.484585
9 0 3 34 233 0.532857
9 0 3 34 234 -1
9 0 3 35 233 0.26748
9 0 3 35 234 -1
9 0 4 34 291 -1
9 0 4 34 292 0.959968
9 0 4 35 291 -1
9 0 4 35 292 -1
9 1 2 98 172 -1
9 1 2 98 173 0.983546
9 1 2 99 172 0.979094
9 1 2 99 173 -1
9 1 2 100 172 -1
9 1 2 100 173 0.216778
9 1 3 98 233 0.991034
9 1 3 98 234 -1
9 1 3 99 233 0.965862
9 1 3 99 234 -1
9 1 3 100 233 -1
9 1 3 100 234 0.838559
9 1 4 98 291 -1
9 1 4 98 292 -1
9 1 4 99 291 -1
9 1 4 99 292 -1
9 1 4 100 291 0.583828
9 1 4 100 292 0.416172
9 2 3 172 233 0.965308
9 2 3 172 234 -1
9 2 3 173 233 -1
9 2 3 173 234 -1
9 2 4 172 291 -1
9 2 4 172 292 -1
9 2 4 173 291 -1
9 2 4 173 292 -1
9 3 4 233 291 0.476755
9 3 4 233 292 -1
9 3 4 234 291 0.398785
9 3 4 234 292 0.327391
10 0 1 36 101 0.279436
10 0 1 36 102 0.303735
10 0 1 36 103 0.0772072
10 0 1 37 101 0.352391
10 0 1 37 102 0.157096
10 0 1 37 103 0.179695
10 0 1 38 101 -1
10 0 1 38 102 0.131349
10 0 1 38 103 0.465084
10 0 2 36 174 0.765961
10 0 2 36 175 -1
10 0 2 37 174 0.0058413
10 0 2 37 175 0.412039
10 0 2 38 174 0.228197
10 0 2 38 175 -1
10 0 3 36 235 0.684012
10 0 3 36 236 0.315988
10 0 3 37 235 0.674957
10 0 3 37 236 0.325043
10 0 3 38 235 -1
10 0 3 38 236 -1
10 0 4 36 293 -1
10 0 4 36 294 -1
10 0 4 36 295 0.994636
10 0 4 37 293 0.887295
10 0 4 37 294 0.673147
10 0 4 37 295 -1
10 0 4 38 293 -1
10 0 4 38 294 -1
10 0 4 38 295 -1
10 1 2 101 174 -1
10 1 2 101 175 0.956167
10 1 2 102 174 0.945625
10 1 2 102 175 -1
10 1 2 103 174 -1
10 1 2 103 175 -1
10 1 3 101 235 0.49119
10 1 3 101 236 0.388564
10 1 3 102 235 0.177051
10 1 3 102 236 0.227431
10 1 3 103 235 -1
10 1 3 103 236 0.0258648
10 1 4 101 293 -1
10 1 4 101 294 0.966107
10 1 4 101 295 -1
10 1 4 102 293 -1
10 1 4 102 294 -1
10 1 4 102 295 0.784572
10 1 4 103 293 -1
10 1 4 103 294 -1
10 1 4 103 295 0.984488
10 2 3 174 235 -1
10 2 3 174 236 0.260642
10 2 3 175 235 -1
10 2 3 175 236 0.739358
10 2 4 174 293 -1
10 2 4 174 294 -1
10 2 4 174 295 0.905971
10 2 4 175 293 0.711632
10 2 4 175 294 0.924482
10 2 4 175 295 -1
10 3 4 235 293 0.696926
10 3 4 235 294 0.229902
10 3 4 235 295 -1
10 3 4 236 293 0.174239
10 3 4 236 294 0.442735
10 3 4 236 295 0.256751
11 0 1 39 104 0.246784
11 0 1 39 105 -0.730107
11 0 1 39 106 0.252065
11 0 1 39 107 0.21342
11 0 1 40 104 0.228093
11 0 1 40 105 -0.722401
11 0 1 40 106 0.217704
11 0 1 40 107 0.258369
11 0 1 41 104 0.129933
11 0 1 41 105 0.0397402
11 0 1 41 106 0.132615
11 0 1 41 107 0.131354
11 0 2 39 176 0.75901
11 0 2 39 177 -1
11 0 2 39 178 -1
11 0 2 40 176 -1
11 0 2 40 177 -1
11 0 2 40 178 -1
11 0 2 41 176 -1
11 0 2 41 177 0.441401
11 0 2 41 178 0.812903
11 0 3 39 237 0.96455
11 0 3 39 238 -1
11 0 3 40 237 0.524358
11 0 3 40 238 0.046796
11 0 3 41 237 -1
11 0 3 41 238 0.311618
11 0 4 39 296 0.0611864
11 0 4 39 297 -1
11 0 4 39 298 0.900913
11 0 4 40 296 0.885777
11 0 4 40 297 -1
11 0 4 40 298 -1
11 0 4 41 296 0.0530363
11 0 4 41 297 0.976228
11 0 4 41 298 -1
11 1 2 104 176 -1
11 1 2 104 177 -1
11 1 2 104 178 -1
11 1 2 105 176 -1
11 1 2 105 177 0.832085
11 1 2 105 178 -1
11 1 2 106 176 0.775257
11 1 2 106 177 -1
11 1 2 106 178 -1
11 1 2 107 176 -1
11 1 2 107 177 -1
11 1 2 107 178 0.912444
11 1 3 104 237 -0.883197
11 1 3 104 238 -0.72053
11 1 3 105 237 0.416837
11 1 3 105 238 0.380467
11 1 3 106 237 0.524211
11 1 3 106 238 0.292869
11 1 3 107 237 0.291963
11 1 3 107 238 0.482341
11 1 4 104 296 0.688699
11 1 4 104 297 -1
11 1 4 104 298 -1
11 1 4 105 296 -1
11 1 4 105 297 -1
11 1 4 105 298 -1
11 1 4 106 296 0.130963
11 1 4 106 297 0.229989
11 1 4 106 298 0.639048
11 1 4 107 296 -1
11 1 4 107 297 0.986505
11 1 4 107 298 0.112569
11 2 3 176 237 0.850118
11 2 3 176 238 -1
11 2 3 177 237 -1
11 2 3 177 238 0.95782
11 2 3 178 237 -1
11 2 3 178 238 -1
11 2 4 176 296 0.600279
11 2 4 176 297 -1
11 2 4 176 298 0.656461
11 2 4 177 296 -1
11 2 4 177 297 -1
11 2 4 177 298 -1
11 2 4 178 296 -1
11 2 4 178 297 0.961882
11 2 4 178 298 -1
11 3 4 237 296 0.0231111
11 3 4 237 297 0.269233
11 3 4 237 298 0.474724
11 3 4 238 296 -1
11 3 4 238 297 0.565489
11 3 4 238 298 0.233851
12 0 1 42 108 0.237734
12 0 1 42 109 0.220003
12 0 1 42 110 0.112135
12 0 1 43 108 0.197549
12 0 1 43 109 0.276556
12 0 1 43 110 0.10939
12 0 1 44 108 0.135132
12 0 1 44 109 0.0433274
12 0 1 44 110 0.415045
12 0 2 42 179 -1
12 0 2 42 180 -1
12 0 2 42 181 0.674511
12 0 2 42 182 -1
12 0 2 43 179 0.966231
12 0 2 43 180 0.277854
12 0 2 43 181 -1
12 0 2 43 182 -1
12 0 2 44 179 -1
12 0 2 44 180 -1
12 0 2 44 181 0.995607
12 0 2 44 182 -1
12 0 3 42 239 0.0844817
12 0 3 42 240 -1
12 0 3 42 241 0.806298
12 0 3 43 239 0.742818
12 0 3 43 240 -1
12 0 3 43 241 -1
12 0 3 44 239 -1
12 0 3 44 240 0.156701
12 0 3 44 241 0.128675
12 0 4 42 299 0.825666
12 0 4 42 300 0.190278
12 0 4 42 301 0.829332
12 0 4 42 302 -1
12 0 4 43 299 -1
12 0 4 43 300 -1
12 0 4 43 301 -1
12 0 4 43 302 0.994716
12 0 4 44 299 -1
12 0 4 44 300 0.916642
12 0 4 44 301 -1
12 0 4 44 302 -1
12 1 2 108 179 0.830928
12 1 2 108 180 -1
12 1 2 108 181 0.261985
12 1 2 108 182 -1
12 1 2 109 179 -1
12 1 2 109 180 -1
12 1 2 109 181 -1
12 1 2 109 182 0.994179
12 1 2 110 179 -1
12 1 2 110 180 0.211437
12 1 2 110 181 0.926901
12 1 2 110 182 -1
12 1 3 108 239 0.361259
12 1 3 108 240 -1
12 1 3 108 241 -1
12 1 3 109 239 0.0016531
12 1 3 109 240 0.523697
12 1 3 109 241 0.473738
12 1 3 110 239 0.635615
12 1 3 110 240 -1
12 1 3 110 241 -1
12 1 4 108 299 -1
12 1 4 108 300 0.749403
12 1 4 108 301 -1
12 1 4 108 302 0.810239
12 1 4 109 299 0.901403
12 1 4 109 300 -1
12 1 4 109 301 0.304918
12 1 4 109 302 -1
12 1 4 110 299 -1
12 1 4 110 300 0.908324
12 1 4 110 301 -1
12 1 4 110 302 0.9393
12 2 3 179 239 0.682426
12 2 3 179 240 -1
12 2 3 179 241 -1
12 2 3 180 239 -1
12 2 3 180 240 -1
12 2 3 180 241 -1
12 2 3 181 239 -1
12 2 3 181 240 0.419239
12 2 3 181 241 -1
12 2 3 182 239 -1
12 2 3 182 240 0.990829
12 2 3 182 241 -1
12 2 4 179 299 -1
12 2 4 179 300 -1
12 2 4 179 301 -1
12 2 4 179 302 0.97183
12 2 4 180 299 -1
12 2 4 180 300 -1
12 2 4 180 301 -1
12 2 4 180 302 0.416616
12 2 4 181 299 -1
12 2 4 181 300 0.789376
12 2 4 181 301 -1
12 2 4 181 302 -1
12 2 4 182 299 0.897569
12 2 4 182 300 -1
12 2 4 182 301 -1
12 2 4 182 302 -1
12 3 4 239 299 0.152776
12 3 4 239 300 0.197098
12 3 4 239 301 0.0993642
12 3 4 239 302 0.260787
12 3 4 240 299 0.239288
12 3 4 240 300 0.030801
12 3 4 240 301 0.150809
12 3 4 240 302 0.129696
12 3 4 241 299 0.178397
12 3 4 241 300 -1
12 3 4 241 301 0.4733
12 3 4 241 302 -1
13 0 1 45 111 0.316025
13 0 1 45 112 0.828938
13 0 1 45 113 -1
13 0 1 46 111 0.560349
13 0 1 46 112 -1
13 0 1 46 113 -1
13 0 1 47 111 0.123626
13 0 1 47 112 -1
13 0 1 47 113 0.489997
13 0 2 45 183 -1
13 0 2 45 184 -1
13 0 2 45 185 0.590676
13 0 2 45 186 0.76686
13 0 2 45 187 -1
13 0 2 46 183 0.357292
13 0 2 46 184 0.515948
13 0 2 46 185 -1
13 0 2 46 186 -1
13 0 2 46 187 -1
13 0 2 47 183 -1
13 0 2 47 184 -1
13 0 2 47 185 -1
13 0 2 47 186 -1
13 0 2 47 187 0.617846
13 0 3 45 242 -1
13 0 3 45 243 -1
13 0 3 45 244 0.784188
13 0 3 46 242 0.436497
13 0 3 46 243 -1
13 0 3 46 244 -1
13 0 3 47 242 -1
13 0 3 47 243 0.69138
13 0 3 47 244 -1
13 0 4 45 303 -1
13 0 4 45 304 0.431934
13 0 4 45 305 0.933317
13 0 4 45 306 -1
13 0 4 46 303 -1
13 0 4 46 304 -1
13 0 4 46 305 -1
13 0 4 46 306 0.871593
13 0 4 47 303 -1
13 0 4 47 304 0.587218
13 0 4 47 305 0.798069
13 0 4 47 306 -1
13 1 2 111 183 -1
13 1 2 111 184 0.495674
13 1 2 111 185 -1
13 1 2 111 186 -1
13 1 2 111 187 -1
13 1 2 112 183 -1
13 1 2 112 184 -1
13 1 2 112 185 -1
13 1 2 112 186 0.864801
13 1 2 112 187 -1
13 1 2 113 183 -1
13 1 2 113 184 -1
13 1 2 113 185 -1
13 1 2 113 186 -1
13 1 2 113 187 0.850845
13 1 3 111 242 0.260792
13 1 3 111 243 -1
13 1 3 111 244 -1
13 1 3 112 242 -1
13 1 3 112 243 0.801311
13 1 3 112 244 0.928088
13 1 3 113 242 -1
13 1 3 113 243 0.791072
13 1 3 113 244 0.367276
13 1 4 111 303 -1
13 1 4 111 304 -1
13 1 4 111 305 -1
13 1 4 111 306 0.940532
13 1 4 112 303 -1
13 1 4 112 304 -1
13 1 4 112 305 0.894583
13 1 4 112 306 -1
13 1 4 113 303 -1
13 1 4 113 304 0.905585
13 1 4 113 305 -1
13 1 4 113 306 -1
13 2 3 183 242 -1
13 2 3 183 243 -1
13 2 3 183 244 -1
13 2 3 184 242 0.966197
13 2 3 184 243 -1
13 2 3 184 244 -1
13 2 3 185 242 -1
13 2 3 185 243 -1
13 2 3 185 244 -1
13 2 3 186 242 -1
13 2 3 186 243 -1
13 2 3 186 244 0.977758
13 2 3 187 242 -1
13 2 3 187 243 0.917981
13 2 3 187 244 -1
13 2 4 183 303 -1
13 2 4 183 304 -1
13 2 4 183 305 -1
13 2 4 183 306 -1
13 2 4 184 303 -1
13 2 4 184 304 -1
13 2 4 184 305 -1
13 2 4 184 306 0.52457
13 2 4 185 303 0.814061
13 2 4 185 304 -1
13 2 4 185 305 -1
13 2 4 185 306 -1
13 2 4 186 303 -1
13 2 4 186 304 -1
13 2 4 186 305 0.972432
13 2 4 186 306 -1
13 2 4 187 303 -1
13 2 4 187 304 0.940077
13 2 4 187 305 -1
13 2 4 187 306 -1
13 3 4 242 303 -1
13 3 4 242 304 -1
13 3 4 242 305 -1
13 3 4 242 306 0.348938
13 3 4 243 303 -1
13 3 4 243 304 0.895002
13 3 4 243 305 -1
13 3 4 243 306 -1
13 3 4 244 303 -1
13 3 4 244 304 -1
13 3 4 244 305 0.969123
13 3 4 244 306 -1
14 0 1 48 114 0.0822859
14 0 1 48 115 0.858775
14 0 1 48 116 -1
14 0 1 48 117 -1
14 0 1 49 114 0.48583
14 0 1 49 115 -1
14 0 1 49 116 -1
14 0 1 49 117 -1
14 0 1 50 114 0.431884
14 0 1 50 115 -1
14 0 1 50 116 0.665943
14 0 1 50 117 -1
14 0 2 48 188 -1
14 0 2 48 189 -1
14 0 2 48 190 -1
14 0 2 48 191 0.900895
14 0 2 48 192 -1
14 0 2 49 188 0.612466
14 0 2 49 189 0.866209
14 0 2 49 190 -1
14 0 2 49 191 -1
14 0 2 49 192 -1
14 0 2 50 188 -1
14 0 2 50 189 -1
14 0 2 50 190 0.634953
14 0 2 50 191 -1
14 0 2 50 192 0.541113
14 0 3 48 245 -1
14 0 3 48 246 -1
14 0 3 48 247 0.79075
14 0 3 49 245 0.931664
14 0 3 49 246 -1
14 0 3 49 247 -1
14 0 3 50 245 -1
14 0 3 50 246 0.817452
14 0 3 50 247 -1
14 0 4 48 307 -1
14 0 4 48 308 0.238493
14 0 4 48 309 0.997278
14 0 4 48 310 -1
14 0 4 49 307 -1
14 0 4 49 308 -1
14 0 4 49 309 -1
14 0 4 49 310 0.773258
14 0 4 50 307 -1
14 0 4 50 308 0.943973
14 0 4 50 309 -1
14 0 4 50 310 -1
14 1 2 114 188 -1
14 1 2 114 189 0.970001
14 1 2 114 190 0.358549
14 1 2 114 191 -1
14 1 2 114 192 -1
14 1 2 115 188 -1
14 1 2 115 189 -1
14 1 2 115 190 -1
14 1 2 115 191 0.544664
14 1 2 115 192 0.611114
14 1 2 116 188 -1
14 1 2 116 189 -1
14 1 2 116 190 -1
14 1 2 116 191 0.289515
14 1 2 116 192 0.725962
14 1 2 117 188 -1
14 1 2 117 189 -1
14 1 2 117 190 0.873437
14 1 2 117 191 -1
14 1 2 117 192 -1
14 1 3 114 245 0.891994
14 1 3 114 246 -1
14 1 3 114 247 -1
14 1 3 115 245 -1
14 1 3 115 246 0.367204
14 1 3 115 247 0.951262
14 1 3 116 245 -1
14 1 3 116 246 0.900167
14 1 3 116 247 0.0893237
14 1 3 117 245 -1
14 1 3 117 246 -1
14 1 3 117 247 -1
14 1 4 114 307 0.685446
14 1 4 114 308 -1
14 1 4 114 309 -1
14 1 4 114 310 0.801225
14 1 4 115 307 -1
14 1 4 115 308 -1
14 1 4 115 309 0.901136
14 1 4 115 310 -1
14 1 4 116 307 -1
14 1 4 116 308 0.911261
14 1 4 116 309 -1
14 1 4 116 310 -1
14 1 4 117 307 0.962886
14 1 4 117 308 -1
14 1 4 117 309 -1
14 1 4 117 310 0.779828
14 2 3 188 245 -1
14 2 3 188 246 -1
14 2 3 188 247 -1
14 2 3 189 245 0.9452
14 2 3 189 246 -1
14 2 3 189 247 -1
14 2 3 190 245 -1
14 2 3 190 246 -1
14 2 3 190 247 -1
14 2 3 191 245 -1
14 2 3 191 246 -1
14 2 3 191 247 0.637245
14 2 3 192 245 -1
14 2 3 192 246 0.693533
14 2 3 192 247 -1
14 2 4 188 307 -1
14 2 4 188 308 -1
14 2 4 188 309 -1
14 2 4 188 310 -1
14 2 4 189 307 0.959401
14 2 4 189 308 -1
14 2 4 189 309 -1
14 2 4 189 310 0.767197
14 2 4 190 307 0.895699
14 2 4 190 308 -1
14 2 4 190 309 -1
14 2 4 190 310 0.671954
14 2 4 191 307 -1
14 2 4 191 308 -1
14 2 4 191 309 0.410153
14 2 4 191 310 -1
14 2 4 192 307 -1
14 2 4 192 308 0.743706
14 2 4 192 309 -1
14 2 4 192 310 -1
14 3 4 245 307 -1
14 3 4 245 308 0.657276
14 3 4 245 309 -1
14 3 4 245 310 0.671933
14 3 4 246 307 -1
14 3 4 246 308 0.973026
14 3 4 246 309 -1
14 3 4 246 310 -1
14 3 4 247 307 -1
14 3 4 247 308 -1
14 3 4 247 309 0.974709
14 3 4 247 310 -1
15 0 1 51 118 -1
15 0 1 51 119 0.947337
15 0 1 52 118 -1
15 0 1 52 119 0.915653
15 0 1 53 118 -1
15 0 1 53 119 -1
15 0 2 51 193 0.250717
15 0 2 51 194 -1
15 0 2 51 195 -1
15 0 2 52 193 -1
15 0 2 52 194 -1
15 0 2 52 195 -1
15 0 2 53 193 -1
15 0 2 53 194 0.796518
15 0 2 53 195 -1
15 0 3 51 248 -1
15 0 3 51 249 0.95053
15 0 3 52 248 0.981557
15 0 3 52 249 -1
15 0 3 53 248 0.222008
15 0 3 53 249 -1
15 0 4 51 311 0.738658
15 0 4 51 312 -1
15 0 4 51 313 0.965593
15 0 4 52 311 -1
15 0 4 52 312 0.885206
15 0 4 52 313 -1
15 0 4 53 311 0.889824
15 0 4 53 312 -1
15 0 4 53 313 0.683636
15 1 2 118 193 -1
15 1 2 118 194 0.584396
15 1 2 118 195 0.339772
15 1 2 119 193 -1
15 1 2 119 194 0.415604
15 1 2 119 195 -1
15 1 3 118 248 -1
15 1 3 118 249 -1
15 1 3 119 248 0.508667
15 1 3 119 249 0.491333
15 1 4 118 311 0.0719982
15 1 4 118 312 0.328156
15 1 4 118 313 0.299096
15 1 4 119 311 -1
15 1 4 119 312 0.507864
15 1 4 119 313 0.551446
15 2 3 193 248 -1
15 2 3 193 249 0.72264
15 2 3 194 248 -1
15 2 3 194 249 -1
15 2 3 195 248 -1
15 2 3 195 249 -1
15 2 4 193 311 0.262301
15 2 4 193 312 -1
15 2 4 193 313 -1
15 2 4 194 311 -1
15 2 4 194 312 0.961045
15 2 4 194 313 0.259357
15 2 4 195 311 -1
15 2 4 195 312 0.116154
15 2 4 195 313 -1
15 3 4 248 311 0.04748
15 3 4 248 312 0.876512
15 3 4 248 313 -1
15 3 4 249 311 -1
15 3 4 249 312 -1
15 3 4 249 313 0.885083
16 0 1 54 120 -1
16 0 1 54 121 -1
16 0 1 54 122 -1
16 0 1 55 120 -1
16 0 1 55 121 0.921097
16 0 1 55 122 -1
16 0 1 56 120 -1
16 0 1 56 121 -1
16 0 1 56 122 0.870756
16 0 2 54 196 -1
16 0 2 54 197 0.486929
16 0 2 54 198 -1
16 0 2 54 199 -1
16 0 2 55 196 0.965655
16 0 2 55 197 -1
16 0 2 55 198 -1
16 0 2 55 199 -1
16 0 2 56 196 -1
16 0 2 56 197 -1
16 0 2 56 198 0.977987
16 0 2 56 199 0.827011
16 0 3 54 250 -1
16 0 3 54 251 -1
16 0 3 54 252 -1
16 0 3 55 250 0.839363
16 0 3 55 251 -1
16 0 3 55 252 -1
16 0 3 56 250 -1
16 0 3 56 251 0.462919
16 0 3 56 252 -1
16 0 4 54 314 -1
16 0 4 54 315 -1
16 0 4 54 316 -1
16 0 4 54 317 -1
16 0 4 55 314 -1
16 0 4 55 315 -1
16 0 4 55 316 -1
16 0 4 55 317 0.986502
16 0 4 56 314 -1
16 0 4 56 315 0.961705
16 0 4 56 316 -1
16 0 4 56 317 -1
16 1 2 120 196 -1
16 1 2 120 197 -1
16 1 2 120 198 -1
16 1 2 120 199 0.762547
16 1 2 121 196 0.981895
16 1 2 121 197 -1
16 1 2 121 198 0.852118
16 1 2 121 199 -1
16 1 2 122 196 0.500725
16 1 2 122 197 -1
16 1 2 122 198 0.89401
16 1 2 122 199 -1
16 1 3 120 250 -1
16 1 3 120 251 0.86496
16 1 3 120 252 0.0529687
16 1 3 121 250 0.754342
16 1 3 121 251 -1
16 1 3 121 252 -1
16 1 3 122 250 0.104794
16 1 3 122 251 0.312512
16 1 3 122 252 -1
16 1 4 120 314 0.871246
16 1 4 120 315 -1
16 1 4 120 316 -1
16 1 4 120 317 -1
16 1 4 121 314 -1
16 1 4 121 315 0.571264
16 1 4 121 316 -1
16 1 4 121 317 0.979039
16 1 4 122 314 -1
16 1 4 122 315 0.856867
16 1 4 122 316 -1
16 1 4 122 317 0.51534
16 2 3 196 250 0.860818
16 2 3 196 251 -1
16 2 3 196 252 -1
16 2 3 197 250 0.620455
16 2 3 197 251 -1
16 2 3 197 252 -1
16 2 3 198 250 -1
16 2 3 198 251 0.267434
16 2 3 198 252 -1
16 2 3 199 250 -1
16 2 3 199 251 0.797545
16 2 3 199 252 -1
16 2 4 196 314 -1
16 2 4 196 315 -1
16 2 4 196 316 -1
16 2 4 196 317 0.997766
16 2 4 197 314 -1
16 2 4 197 315 -1
16 2 4 197 316 -1
16 2 4 197 317 -1
16 2 4 198 314 -1
16 2 4 198 315 0.971143
16 2 4 198 316 -1
16 2 4 198 317 -1
16 2 4 199 314 0.992735
16 2 4 199 315 -1
16 2 4 199 316 -1
16 2 4 199 317 -1
16 3 4 250 314 0.826266
16 3 4 250 315 0.256402
16 3 4 250 316 -1
16 3 4 250 317 0.765232
16 3 4 251 314 0.933429
16 3 4 251 315 0.20302
16 3 4 251 316 -0.990005
16 3 4 251 317 0.853556
16 3 4 252 314 -1
16 3 4 252 315 -1
16 3 4 252 316 0.990125
16 3 4 252 317 -1
17 0 1 57 123 -1
17 0 1 57 124 0.93981
17 0 1 57 125 -1
17 0 1 57 126 -1
17 0 1 58 123 0.98372
17 0 1 58 124 -1
17 0 1 58 125 0.883527
17 0 1 58 126 -1
17 0 1 59 123 0.964038
17 0 1 59 124 -1
17 0 1 59 125 0.713083
17 0 1 59 126 -1
17 0 2 57 200 -1
17 0 2 57 201 -1
17 0 2 57 202 0.682986
17 0 2 57 203 -1
17 0 2 58 200 -1
17 0 2 58 201 0.866685
17 0 2 58 202 -1
17 0 2 58 203 0.131944
17 0 2 59 200 0.771683
17 0 2 59 201 -1
17 0 2 59 202 -1
17 0 2 59 203 -1
17 0 3 57 253 -1
17 0 3 57 254 -1
17 0 3 57 255 0.522758
17 0 3 58 253 -1
17 0 3 58 254 0.938958
17 0 3 58 255 -1
17 0 3 59 253 0.886293
17 0 3 59 254 -1
17 0 3 59 255 -1
17 0 4 57 318 -1
17 0 4 57 319 0.98005
17 0 4 57 320 0.0610131
17 0 4 57 321 -1
17 0 4 57 322 -1
17 0 4 58 318 -1
17 0 4 58 319 0.965539
17 0 4 58 320 -1
17 0 4 58 321 -1
17 0 4 58 322 -1
17 0 4 59 318 -1
17 0 4 59 319 -1
17 0 4 59 320 -1
17 0 4 59 321 0.812907
17 0 4 59 322 -1
17 1 2 123 200 0.912804
17 1 2 123 201 -1
17 1 2 123 202 -1
17 1 2 123 203 -1
17 1 2 124 200 -1
17 1 2 124 201 -1
17 1 2 124 202 0.954068
17 1 2 124 203 0.561274
17 1 2 125 200 -1
17 1 2 125 201 -1
17 1 2 125 202 0.852644
17 1 2 125 203 0.599229
17 1 2 126 200 -1
17 1 2 126 201 0.881828
17 1 2 126 202 -1
17 1 2 126 203 -1
17 1 3 123 253 0.936078
17 1 3 123 254 -1
17 1 3 123 255 -1
17 1 3 124 253 -1
17 1 3 124 254 0.565127
17 1 3 124 255 0.929128
17 1 3 125 253 -1
17 1 3 125 254 0.791596
17 1 3 125 255 0.280851
17 1 3 126 253 -1
17 1 3 126 254 -1
17 1 3 126 255 -1
17 1 4 123 318 -1
17 1 4 123 319 -1
17 1 4 123 320 -1
17 1 4 123 321 0.759104
17 1 4 123 322 -1
17 1 4 124 318 -1
17 1 4 124 319 -1
17 1 4 124 320 0.54768
17 1 4 124 321 -1
17 1 4 124 322 -1
17 1 4 125 318 -1
17 1 4 125 319 0.688625
17 1 4 125 320 0.0965129
17 1 4 125 321 -1
17 1 4 125 322 -1
17 1 4 126 318 0.96453
17 1 4 126 319 -1
17 1 4 126 320 -1
17 1 4 126 321 -1
17 1 4 126 322 -1
17 2 3 200 253 0.884445
17 2 3 200 254 -1
17 2 3 200 255 -1
17 2 3 201 253 -1
17 2 3 201 254 -1
17 2 3 201 255 -1
17 2 3 202 253 -1
17 2 3 202 254 -1
17 2 3 202 255 0.933689
17 2 3 203 253 -1
17 2 3 203 254 0.200785
17 2 3 203 255 -1
17 2 4 200 318 0.579199
17 2 4 200 319 -1
17 2 4 200 320 -1
17 2 4 200 321 0.865174
17 2 4 200 322 -1
17 2 4 201 318 0.889236
17 2 4 201 319 -1
17 2 4 201 320 -1
17 2 4 201 321 0.57126
17 2 4 201 322 -1
17 2 4 202 318 -1
17 2 4 202 319 -1
17 2 4 202 320 0.940197
17 2 4 202 321 -1
17 2 4 202 322 -1
17 2 4 203 318 -1
17 2 4 203 319 0.502597
17 2 4 203 320 -1
17 2 4 203 321 -1
17 2 4 203 322 -1
17 3 4 253 318 -1
17 3 4 253 319 0.669318
17 3 4 253 320 -1
17 3 4 253 321 0.857801
17 3 4 253 322 -1
17 3 4 254 318 -1
17 3 4 254 319 0.947888
17 3 4 254 320 -1
17 3 4 254 321 -1
17 3 4 254 322 -1
17 3 4 255 318 -1
17 3 4 255 319 -1
17 3 4 255 320 0.973326
17 3 4 255 321 -1
17 3 4 255 322 0.289874
18 0 1 60 127 0.365398
18 0 1 60 128 0.961229
18 0 1 60 129 -1
18 0 1 61 127 0.471942
18 0 1 61 128 0.172811
18 0 1 61 129 -1
18 0 1 62 127 0.16266
18 0 1 62 128 -1
18 0 1 62 129 0.715118
18 0 2 60 204 0.638976
18 0 2 60 205 0.984121
18 0 2 60 206 -1
18 0 2 61 204 -1
18 0 2 61 205 -1
18 0 2 61 206 -1
18 0 2 62 204 0.249361
18 0 2 62 205 -1
18 0 2 62 206 0.087202
18 0 3 60 256 0.90538
18 0 3 61 256 -1
18 0 3 62 256 -1
18 0 4 60 323 -1
18 0 4 60 324 0.21775
18 0 4 60 325 0.861155
18 0 4 60 326 -1
18 0 4 61 323 0.335631
18 0 4 61 324 -1
18 0 4 61 325 -1
18 0 4 61 326 0.928047
18 0 4 62 323 -1
18 0 4 62 324 0.595881
18 0 4 62 325 0.32422
18 0 4 62 326 -1
18 1 2 127 204 -1
18 1 2 127 205 -1
18 1 2 127 206 -1
18 1 2 128 204 -1
18 1 2 128 205 0.926947
18 1 2 128 206 -1
18 1 2 129 204 -1
18 1 2 129 205 -1
18 1 2 129 206 0.467741
18 1 3 127 256 -1
18 1 3 128 256 0.9867
18 1 3 129 256 0.149047
18 1 4 127 323 -1
18 1 4 127 324 -1
18 1 4 127 325 -1
18 1 4 127 326 0.713644
18 1 4 128 323 -1
18 1 4 128 324 -1
18 1 4 128 325 0.906459
18 1 4 128 326 -1
18 1 4 129 323 -1
18 1 4 129 324 0.721464
18 1 4 129 325 -1
18 1 4 129 326 -1
18 2 3 204 256 -1
18 2 3 205 256 0.919083
18 2 3 206 256 -1
18 2 4 204 323 0.68081
18 2 4 204 324 -1
18 2 4 204 325 -1
18 2 4 204 326 -1
18 2 4 205 323 -1
18 2 4 205 324 -1
18 2 4 205 325 0.841609
18 2 4 205 326 -1
18 2 4 206 323 -1
18 2 4 206 324 0.942945
18 2 4 206 325 -1
18 2 4 206 326 -1
18 3 4 256 323 -1
18 3 4 256 324 -1
18 3 4 256 325 0.878697
18 3 4 256 326 0.567637
end of Frame 274
