J OverallIdx viewIdx joint种类0-18(jointIdx) 该joint在图中的顺序(candidix) x y score
0 0 0 0 367.435 371.141 0.667437
1 0 0 1 283.2 409.106 0.535652
2 0 0 2 947.873 413.273 0.701467
3 0 0 3 687.165 506.099 0.366578
4 0 1 0 695.475 177.054 0.795229
5 0 1 1 260.884 204.509 0.542831
6 0 1 2 367.236 217.159 0.826719
7 0 1 3 956.224 223.498 0.851443
8 0 2 0 328.107 375.328 0.597202
9 0 2 1 283.293 409.092 0.491548
10 0 2 2 908.537 411.226 0.711952
11 0 2 3 762.8 510.298 0.342826
12 0 3 0 403.822 369.017 0.628562
13 0 3 1 283.193 411.167 0.414014
14 0 3 2 981.508 413.339 0.664541
15 0 3 3 619.716 506.092 0.367595
16 0 4 0 367.4 156.049 0.82551
17 0 4 1 908.55 160.339 0.964886
18 0 5 0 810.466 172.918 0.725098
19 0 5 1 280.41 206.669 0.727519
20 0 5 2 322.448 213.024 0.714535
21 0 5 3 905.842 225.686 0.871176
22 0 6 0 580.536 177.145 0.713959
23 0 6 1 252.397 200.308 0.456681
24 0 6 2 1029.2 215.097 0.722395
25 0 6 3 1006.81 215.063 0.746971
26 0 6 4 412.154 219.311 0.806969
27 0 7 0 328.052 512.39 0.695146
28 0 7 1 905.75 548.332 0.794841
29 0 7 2 277.705 579.888 0.637084
30 0 7 3 751.601 765.308 0.366935
31 0 8 0 417.792 510.271 0.745616
32 0 8 1 981.59 563.044 0.783667
33 0 8 2 291.655 577.761 0.432482
34 0 8 3 586.099 756.991 0.360922
35 0 9 0 751.422 78.0299 0.89227
36 0 9 1 297.257 128.61 0.860486
37 0 9 2 344.945 147.585 0.477274
38 0 10 0 645.04 63.2493 0.816554
39 0 10 1 398.169 145.456 0.372953
40 0 10 2 959.056 145.481 0.89837
41 0 11 0 886.057 320.529 0.612409
42 0 11 1 308.515 331.065 0.839686
43 0 11 2 846.993 360.553 0.635154
44 0 12 0 420.677 303.685 0.42311
45 0 12 1 1029.21 316.309 0.67042
46 0 12 2 513.191 362.604 0.743565
47 0 13 0 347.569 630.488 0.805273
48 0 13 1 905.663 660.016 0.766399
49 0 13 2 229.974 744.4 0.633325
50 0 14 0 426.217 632.568 0.706298
51 0 14 1 992.763 689.561 0.764238
52 0 14 2 263.562 721.173 0.695376
53 0 15 0 406.659 396.346 0.836359
54 0 15 1 838.471 463.939 0.824988
55 0 16 0 325.282 225.563 0.395714
56 0 16 1 437.611 375.368 0.379125
57 0 16 2 1029.2 400.671 0.742082
58 0 16 3 1009.58 400.709 0.750543
59 0 16 4 502.021 482.925 0.852503
60 0 17 0 417.8 655.809 0.576493
61 0 17 1 330.975 740.137 0.793716
62 0 17 2 992.66 735.916 0.727496
63 0 18 0 353.433 666.433 0.64944
64 0 18 1 841.405 681.07 0.774068
65 0 18 2 297.213 752.88 0.220739
66 1 0 0 460.004 377.388 0.772041
67 1 0 1 796.266 375.38 0.805604
68 1 0 2 566.51 396.385 0.73183
69 1 0 3 1029.21 419.633 0.462093
70 1 1 0 454.319 231.943 0.807569
71 1 1 1 1029.2 240.425 0.74962
72 1 1 2 555.324 240.357 0.832577
73 1 1 3 793.707 261.383 0.955417
74 1 2 0 437.601 377.474 0.767347
75 1 2 1 771.085 375.356 0.751384
76 1 2 2 594.617 396.427 0.757611
77 1 3 0 485.094 373.274 0.723697
78 1 3 1 818.865 377.38 0.817155
79 1 3 2 530.041 394.31 0.676612
80 1 3 3 998.203 421.75 0.591975
81 1 4 0 616.812 181.37 0.237519
82 1 4 1 485.159 189.776 0.884132
83 1 4 2 945.02 200.362 0.827075
84 1 4 3 793.645 223.503 0.911507
85 1 5 0 420.709 234.073 0.808482
86 1 5 1 1029.21 234.092 0.310589
87 1 5 2 602.972 236.197 0.804274
88 1 5 3 754.294 261.441 0.908722
89 1 6 0 507.574 240.349 0.793549
90 1 6 1 981.533 242.512 0.810578
91 1 6 2 832.834 259.424 0.894552
92 1 7 0 757.165 461.726 0.798278
93 1 7 1 437.475 482.984 0.858212
94 1 7 2 597.336 527.12 0.796719
95 1 8 0 818.94 463.808 0.895288
96 1 8 1 504.718 480.784 0.877162
97 1 8 2 546.717 525.022 0.705234
98 1 8 3 964.746 548.2 0.798103
99 1 9 0 594.495 175.064 0.938125
100 1 9 1 443.155 179.303 0.874096
101 1 9 2 773.94 213.06 0.774051
102 1 10 0 978.729 181.402 0.891611
103 1 10 1 813.288 212.944 0.831435
104 1 11 0 434.619 303.675 0.819802
105 1 11 1 748.653 312.079 0.793601
106 1 11 2 636.606 326.884 0.90211
107 1 12 0 841.426 314.167 0.897076
108 1 12 1 490.777 326.85 0.897048
109 1 12 2 956.361 328.947 0.900637
110 1 13 0 751.627 533.476 0.827512
111 1 13 1 431.886 596.674 0.807155
112 1 13 2 597.336 657.921 0.763348
113 1 14 0 818.819 548.156 0.889594
114 1 14 1 487.97 579.935 0.815995
115 1 14 2 546.851 649.412 0.836341
116 1 14 3 931.121 666.298 0.821026
117 1 15 0 479.603 250.913 0.856826
118 1 15 1 746 360.53 0.505403
119 1 15 2 658.986 373.191 0.852017
120 1 16 0 844.109 364.755 0.923931
121 1 16 1 527.189 371.11 0.807812
122 1 16 2 908.707 402.73 0.880038
123 1 17 0 849.775 567.227 0.774796
124 1 17 1 515.999 592.522 0.481435
125 1 17 2 566.498 647.31 0.289691
126 1 17 3 869.3 666.258 0.833041
127 1 18 0 759.953 550.362 0.684797
128 1 18 1 465.536 613.537 0.76672
129 1 18 2 616.866 653.671 0.525477
130 2 0 0 485.274 139.18 0.744704
131 2 0 1 816.053 189.814 0.463054
132 2 0 2 897.36 284.704 0.653939
133 2 0 3 373.078 358.467 0.641889
134 2 0 4 639.551 396.399 0.769408
135 2 1 0 496.352 23.186 0.865088
136 2 1 1 821.762 145.541 0.365068
137 2 1 2 919.838 151.853 0.736596
138 2 1 3 364.518 191.891 0.802243
139 2 1 4 661.701 244.544 0.929092
140 2 2 0 462.724 141.262 0.72493
141 2 2 1 821.624 191.843 0.422331
142 2 2 2 897.355 282.558 0.600422
143 2 2 3 392.638 362.74 0.672729
144 2 2 4 681.312 394.334 0.723531
145 2 3 0 510.446 139.132 0.724591
146 2 3 1 807.643 189.767 0.477987
147 2 3 2 894.624 290.984 0.703062
148 2 3 3 356.145 348 0.570648
149 2 3 4 611.284 396.456 0.709986
150 2 4 0 869.362 109.551 0.873295
151 2 5 0 459.995 25.4017 0.915629
152 2 5 1 911.371 143.352 0.695233
153 2 5 2 838.512 147.609 0.297334
154 2 5 3 387.007 206.674 0.707277
155 2 5 4 706.834 238.314 0.858274
156 2 6 0 527.392 16.8737 0.882847
157 2 6 1 816.01 143.385 0.40588
158 2 6 2 930.88 162.339 0.861883
159 2 6 3 333.713 177.154 0.763583
160 2 6 4 614.041 246.685 0.861184
161 2 7 0 796.378 217.168 0.345122
162 2 7 1 454.298 227.785 0.685996
163 2 7 2 886.156 362.68 0.818773
164 2 7 3 392.512 478.645 0.797443
165 2 7 4 664.586 499.827 0.843095
166 2 8 0 790.758 213.071 0.492756
167 2 8 1 507.556 219.311 0.833546
168 2 8 2 861.013 377.459 0.80008
169 2 8 3 392.63 438.609 0.354447
170 2 8 4 597.38 504.016 0.827735
171 2 9 0 406.574 130.799 0.800651
172 2 9 1 687.109 162.443 0.831482
173 2 10 0 914.218 94.9141 0.886966
174 2 10 1 619.73 162.369 0.813881
175 2 11 0 440.421 97.0504 0.860578
176 2 11 1 908.523 200.365 0.511567
177 2 11 2 420.611 309.99 0.827787
178 2 11 3 706.717 309.997 0.831412
179 2 12 0 530.113 78.0858 0.833315
180 2 12 1 796.554 164.457 0.268377
181 2 12 2 914.301 244.615 0.898557
182 2 12 3 586.06 360.585 0.751493
183 2 13 0 799.277 261.473 0.269121
184 2 13 1 440.36 297.285 0.609505
185 2 13 2 886.057 430.245 0.84698
186 2 13 3 373.007 577.77 0.842626
187 2 13 4 667.502 605.238 0.759461
188 2 14 0 796.563 261.476 0.514475
189 2 14 1 504.677 295.104 0.898305
190 2 14 2 827.287 468.096 0.810568
191 2 14 3 395.488 499.839 0.573106
192 2 14 4 597.358 609.408 0.812943
193 2 15 0 457.045 160.214 0.885668
194 2 15 1 863.824 227.681 0.829247
195 2 15 2 473.965 236.2 0.667263
196 2 16 0 549.74 128.695 0.901624
197 2 16 1 869.328 297.329 0.871647
198 2 16 2 569.323 347.894 0.337677
199 2 17 0 796.477 278.366 0.210005
200 2 17 1 524.316 307.817 0.538545
201 2 17 2 788.017 478.669 0.728494
202 2 17 3 415.184 514.539 0.478383
203 2 17 4 597.404 598.869 0.46893
204 2 18 0 863.655 434.423 0.223242
205 2 18 1 420.608 569.36 0.769004
206 2 18 2 658.937 598.886 0.435352
207 3 0 0 142.889 339.518 0.729687
208 3 0 1 591.74 356.397 0.627108
209 3 0 2 406.571 385.88 0.58473
210 3 1 0 384.239 189.763 0.817129
211 3 1 1 591.654 191.842 0.665774
212 3 1 2 120.595 196.17 0.863907
213 3 2 0 123.325 343.633 0.751377
214 3 2 1 597.306 354.232 0.508933
215 3 2 2 445.853 383.756 0.588807
216 3 3 0 154.289 337.358 0.699371
217 3 3 1 583.291 360.525 0.675476
218 3 3 2 364.545 390.13 0.611808
219 3 4 0 521.628 143.378 0.693802
220 3 4 1 165.451 153.913 0.866611
221 3 5 0 445.886 181.367 0.796358
222 3 5 1 597.373 187.638 0.522899
223 3 5 2 100.786 200.36 0.83268
224 3 6 0 322.385 193.926 0.863189
225 3 6 1 140.265 194.058 0.787221
226 3 6 2 580.505 193.941 0.844809
227 3 7 0 123.481 442.818 0.829858
228 3 7 1 608.492 466.093 0.714786
229 3 7 2 434.72 533.487 0.808497
230 3 8 0 151.472 438.577 0.785466
231 3 8 1 588.937 478.706 0.764418
232 3 8 2 367.368 527.155 0.812402
233 3 9 0 420.737 107.571 0.787422
234 3 9 1 120.588 145.519 0.898586
235 3 10 0 347.858 107.587 0.809552
236 3 10 1 549.661 128.62 0.911421
237 3 11 0 98.0065 278.322 0.907121
238 3 11 1 482.483 282.545 0.73949
239 3 11 2 574.88 293.089 0.170147
240 3 12 0 145.847 267.793 0.734293
241 3 12 1 597.274 295.237 0.910855
242 3 12 2 305.652 309.916 0.790428
243 3 13 0 109.356 522.936 0.632634
244 3 13 1 642.273 581.967 0.815186
245 3 13 2 429.034 685.374 0.681844
246 3 14 0 148.762 516.69 0.700942
247 3 14 1 602.975 596.776 0.794014
248 3 14 2 356.16 662.086 0.766575
249 3 15 0 513.154 328.906 0.387051
250 3 15 1 123.546 341.627 0.919219
251 3 16 0 173.903 316.284 0.844569
252 3 16 1 549.597 345.887 0.87994
253 3 16 2 322.533 409.057 0.812891
254 3 17 0 190.679 531.368 0.309723
255 3 17 1 552.405 600.964 0.841883
256 3 17 2 353.344 653.737 0.443345
257 3 18 0 448.719 670.582 0.630805
258 4 0 0 325.201 288.864 0.771575
259 4 0 1 661.803 288.861 0.777892
260 4 0 2 807.634 318.419 0.589942
261 4 0 3 103.758 396.484 0.568295
262 4 1 0 821.775 118.068 0.584635
263 4 1 1 92.524 141.257 0.782276
264 4 1 2 670.303 139.193 0.834175
265 4 1 3 316.839 147.581 0.853717
266 4 2 0 636.599 284.671 0.75617
267 4 2 1 294.501 288.898 0.70767
268 4 2 2 827.282 316.328 0.528484
269 4 2 3 148.57 398.57 0.549106
270 4 3 0 350.616 284.697 0.734484
271 4 3 1 687.007 290.973 0.754186
272 4 3 2 787.977 322.617 0.5564
273 4 3 3 58.985 396.444 0.542392
274 4 4 0 751.493 44.2698 0.575116
275 4 4 1 176.716 61.1139 0.25615
276 4 4 2 625.428 90.6492 0.871913
277 4 4 3 328.173 109.555 0.91831
278 4 5 0 841.235 109.727 0.519
279 4 5 1 633.73 137.102 0.824532
280 4 5 2 148.714 143.298 0.74215
281 4 5 3 266.412 147.578 0.828241
282 4 6 0 816.077 124.389 0.739939
283 4 6 1 30.9166 139.124 0.75078
284 4 6 2 712.281 141.21 0.822386
285 4 6 3 364.54 147.615 0.831308
286 4 7 0 300 385.913 0.810995
287 4 7 1 639.25 398.568 0.808478
288 4 7 2 818.821 457.62 0.819239
289 4 7 3 173.948 588.348 0.714603
290 4 8 0 370.133 379.568 0.876341
291 4 8 1 689.838 402.766 0.775254
292 4 8 2 737.508 463.804 0.828997
293 4 8 3 98.1729 582.058 0.793596
294 4 9 0 145.67 48.4676 0.836462
295 4 9 1 291.701 99.1231 0.80153
296 4 10 0 787.983 37.9241 0.826433
297 4 10 1 675.845 75.9875 0.899839
298 4 11 0 257.895 210.831 0.923889
299 4 11 1 614.049 221.399 0.872789
300 4 11 2 182.269 284.699 0.800134
301 4 12 0 381.389 210.964 0.829295
302 4 12 1 743.171 213.01 0.828886
303 4 12 2 799.183 242.536 0.67834
304 4 12 3 19.6076 274.149 0.341914
305 4 13 0 300.051 468.167 0.833476
306 4 13 1 644.999 493.41 0.828391
307 4 13 2 821.627 596.692 0.768638
308 4 13 3 196.26 757.002 0.697167
309 4 14 0 392.455 470.239 0.807868
310 4 14 1 684.317 510.288 0.832735
311 4 14 2 748.725 615.766 0.782519
312 4 14 3 103.688 725.369 0.71193
313 4 15 0 748.765 143.398 0.214622
314 4 15 1 258.06 261.42 0.957703
315 4 15 2 572.136 269.919 0.858574
316 4 15 3 238.332 381.699 0.816517
317 4 16 0 409.391 263.544 0.725241
318 4 16 1 706.583 276.151 0.893402
319 4 16 2 771.258 347.933 0.833375
320 4 17 0 409.363 497.629 0.773984
321 4 17 1 642.219 533.557 0.7391
322 4 17 2 681.428 632.618 0.827834
323 4 17 3 106.537 725.369 0.337055
324 4 18 0 294.442 495.452 0.820603
325 4 18 1 625.347 522.967 0.795655
326 4 18 2 776.754 594.639 0.448035
327 4 18 3 277.535 740.141 0.552132
P viewIdx, pafIdx, aOverAllIdx, bOverAllIdx, CandidAIdx, CandidBIdx, score
0 0 4 0 0 0 0
0 0 4 1 0 1 0
0 0 4 2 0 2 0
0 0 4 3 0 3 0.982067
0 0 5 0 1 0 0
0 0 5 1 1 1 0.908315
0 0 5 2 1 2 0
0 0 5 3 1 3 0
0 0 6 0 2 0 0.987251
0 0 6 1 2 1 0
0 0 6 2 2 2 0
0 0 6 3 2 3 0
0 0 7 0 3 0 0
0 0 7 1 3 1 0
0 0 7 2 3 2 0.988406
0 0 7 3 3 3 0
0 1 8 27 0 0 0.268449
0 1 8 28 0 1 0
0 1 8 29 0 2 0.263006
0 1 8 30 0 3 0
0 1 9 27 1 0 0.262946
0 1 9 28 1 1 0
0 1 9 29 1 2 0.2685
0 1 9 30 1 3 0
0 1 10 27 2 0 0
0 1 10 28 2 1 0.989758
0 1 10 29 2 2 0
0 1 10 30 2 3 0
0 1 11 27 3 0 0
0 1 11 28 3 1 0
0 1 11 29 3 2 0
0 1 11 30 3 3 0.937501
0 2 27 47 0 0 0.278928
0 2 27 48 0 1 0
0 2 27 49 0 2 0.257366
0 2 28 47 1 0 0
0 2 28 48 1 1 0.992654
0 2 28 49 1 2 0
0 2 29 47 2 0 0.255791
0 2 29 48 2 1 0
0 2 29 49 2 2 0.279175
0 2 30 47 3 0 0
0 2 30 48 3 1 0
0 2 30 49 3 2 0
0 3 0 8 0 0 0.914594
0 3 0 9 0 1 0
0 3 0 10 0 2 0
0 3 0 11 0 3 0
0 3 1 8 1 0 0
0 3 1 9 1 1 0.574479
0 3 1 10 1 2 0
0 3 1 11 1 3 0
0 3 2 8 2 0 0
0 3 2 9 2 1 0
0 3 2 10 2 2 0.936404
0 3 2 11 2 3 0
0 3 3 8 3 0 0
0 3 3 9 3 1 0
0 3 3 10 3 2 0
0 3 3 11 3 3 0.818645
0 4 0 12 0 0 0.915727
0 4 0 13 0 1 0
0 4 0 14 0 2 0
0 4 0 15 0 3 0
0 4 1 12 1 0 0
0 4 1 13 1 1 0.684255
0 4 1 14 1 2 0
0 4 1 15 1 3 0
0 4 2 12 2 0 0
0 4 2 13 2 1 0
0 4 2 14 2 2 0.925786
0 4 2 15 2 3 0
0 4 3 12 3 0 0
0 4 3 13 3 1 0
0 4 3 14 3 2 0
0 4 3 15 3 3 0.80695
0 5 12 31 0 0 0.981833
0 5 12 32 0 1 0
0 5 12 33 0 2 0
0 5 12 34 0 3 0
0 5 13 31 1 0 0
0 5 13 32 1 1 0
0 5 13 33 1 2 0.889516
0 5 13 34 1 3 0
0 5 14 31 2 0 0
0 5 14 32 2 1 0.989739
0 5 14 33 2 2 0
0 5 14 34 2 3 0
0 5 15 31 3 0 0
0 5 15 32 3 1 0
0 5 15 33 3 2 0
0 5 15 34 3 3 0.947177
0 6 31 50 0 0 0.984864
0 6 31 51 0 1 0
0 6 31 52 0 2 0
0 6 32 50 1 0 0
0 6 32 51 1 1 0.977861
0 6 32 52 1 2 0
0 6 33 50 2 0 0
0 6 33 51 2 1 0
0 6 33 52 2 2 0.941093
0 6 34 50 3 0 0
0 6 34 51 3 1 0
0 6 34 52 3 2 0
0 7 4 18 0 0 0.980796
0 7 4 19 0 1 0
0 7 4 20 0 2 0
0 7 4 21 0 3 0
0 7 5 18 1 0 0
0 7 5 19 1 1 0.840249
0 7 5 20 1 2 0
0 7 5 21 1 3 0
0 7 6 18 2 0 0
0 7 6 19 2 1 0
0 7 6 20 2 2 0.985771
0 7 6 21 2 3 0
0 7 7 18 3 0 0
0 7 7 19 3 1 0
0 7 7 20 3 2 0
0 7 7 21 3 3 0.988957
0 8 18 41 0 0 0.256791
0 8 18 42 0 1 0
0 8 18 43 0 2 0.273531
0 8 19 41 1 0 0
0 8 19 42 1 1 0.517865
0 8 19 43 1 2 0
0 8 20 41 2 0 0
0 8 20 42 2 1 0.482135
0 8 20 43 2 2 0
0 8 21 41 3 0 0.273647
0 8 21 42 3 1 0
0 8 21 43 3 2 0.256792
0 9 41 53 0 0 0
0 9 41 54 0 1 0.499673
0 9 42 53 1 0 0.987204
0 9 42 54 1 1 0
0 9 43 53 2 0 0
0 9 43 54 2 1 0.500327
0 10 18 35 0 0 0.999718
0 10 18 36 0 1 0
0 10 18 37 0 2 0
0 10 19 35 1 0 0
0 10 19 36 1 1 0.265545
0 10 19 37 1 2 0.262011
0 10 20 35 2 0 0
0 10 20 36 2 1 0.262056
0 10 20 37 2 2 0.265708
0 10 21 35 3 0 0
0 10 21 36 3 1 0
0 10 21 37 3 2 0
0 11 4 22 0 0 0.977182
0 11 4 23 0 1 0
0 11 4 24 0 2 0
0 11 4 25 0 3 0
0 11 4 26 0 4 0
0 11 5 22 1 0 0
0 11 5 23 1 1 0.824955
0 11 5 24 1 2 0
0 11 5 25 1 3 0
0 11 5 26 1 4 0
0 11 6 22 2 0 0
0 11 6 23 2 1 0
0 11 6 24 2 2 0
0 11 6 25 2 3 0
0 11 6 26 2 4 0.984127
0 11 7 22 3 0 0
0 11 7 23 3 1 0
0 11 7 24 3 2 0.500061
0 11 7 25 3 3 0.499939
0 11 7 26 3 4 0
0 12 22 44 0 0 0
0 12 22 45 0 1 0
0 12 22 46 0 2 0.940644
0 12 23 44 1 0 0
0 12 23 45 1 1 0
0 12 23 46 1 2 0
0 12 24 44 2 0 0
0 12 24 45 2 1 0.504799
0 12 24 46 2 2 0
0 12 25 44 3 0 0
0 12 25 45 3 1 0.495201
0 12 25 46 3 2 0
0 12 26 44 4 0 0.886118
0 12 26 45 4 1 0
0 12 26 46 4 2 0
0 13 44 55 0 0 0
0 13 44 56 0 1 0.864995
0 13 44 57 0 2 0
0 13 44 58 0 3 0
0 13 44 59 0 4 0
0 13 45 55 1 0 0
0 13 45 56 1 1 0
0 13 45 57 1 2 0.506377
0 13 45 58 1 3 0.493623
0 13 45 59 1 4 0
0 13 46 55 2 0 0
0 13 46 56 2 1 0
0 13 46 57 2 2 0
0 13 46 58 2 3 0
0 13 46 59 2 4 0.988391
0 14 22 38 0 0 0.947163
0 14 22 39 0 1 0
0 14 22 40 0 2 0
0 14 23 38 1 0 0
0 14 23 39 1 1 0
0 14 23 40 1 2 0
0 14 24 38 2 0 0
0 14 24 39 2 1 0
0 14 24 40 2 2 0.497653
0 14 25 38 3 0 0
0 14 25 39 3 1 0
0 14 25 40 3 2 0.499211
0 14 26 38 4 0 0
0 14 26 39 4 1 0.818324
0 14 26 40 4 2 0
0 15 4 16 0 0 0
0 15 4 17 0 1 0
0 15 5 16 1 0 0.487521
0 15 5 17 1 1 0
0 15 6 16 2 0 0.512479
0 15 6 17 2 1 0
0 15 7 16 3 0 0
0 15 7 17 3 1 0.991104
0 16 50 60 0 0 0.898467
0 16 50 61 0 1 0
0 16 50 62 0 2 0
0 16 51 60 1 0 0
0 16 51 61 1 1 0
0 16 51 62 1 2 0.983049
0 16 52 60 2 0 0
0 16 52 61 2 1 0.962316
0 16 52 62 2 2 0
0 17 47 63 0 0 0.903974
0 17 47 64 0 1 0
0 17 47 65 0 2 0
0 17 48 63 1 0 0
0 17 48 64 1 1 0.971518
0 17 48 65 1 2 0
0 17 49 63 2 0 0
0 17 49 64 2 1 0
0 17 49 65 2 2 0.890589
1 0 70 66 0 0 0.964741
1 0 70 67 0 1 0
1 0 70 68 0 2 0
1 0 70 69 0 3 0
1 0 71 66 1 0 0
1 0 71 67 1 1 0
1 0 71 68 1 2 0
1 0 71 69 1 3 0.931109
1 0 72 66 2 0 0
1 0 72 67 2 1 0
1 0 72 68 2 2 0.973785
1 0 72 69 2 3 0
1 0 73 66 3 0 0
1 0 73 67 3 1 0.99119
1 0 73 68 3 2 0
1 0 73 69 3 3 0
1 1 74 92 0 0 0
1 1 74 93 0 1 0.991026
1 1 74 94 0 2 0
1 1 75 92 1 0 0.980206
1 1 75 93 1 1 0
1 1 75 94 1 2 0
1 1 76 92 2 0 0
1 1 76 93 2 1 0
1 1 76 94 2 2 0.991393
1 2 92 110 0 0 0.993234
1 2 92 111 0 1 0
1 2 92 112 0 2 0
1 2 93 110 1 0 0
1 2 93 111 1 1 0.987354
1 2 93 112 1 2 0
1 2 94 110 2 0 0
1 2 94 111 2 1 0
1 2 94 112 2 2 0.999875
1 3 66 74 0 0 0.950446
1 3 66 75 0 1 0
1 3 66 76 0 2 0
1 3 67 74 1 0 0
1 3 67 75 1 1 0.953379
1 3 67 76 1 2 0
1 3 68 74 2 0 0
1 3 68 75 2 1 0
1 3 68 76 2 2 0.933102
1 3 69 74 3 0 0
1 3 69 75 3 1 0
1 3 69 76 3 2 0
1 4 66 77 0 0 0.943123
1 4 66 78 0 1 0
1 4 66 79 0 2 0
1 4 66 80 0 3 0
1 4 67 77 1 0 0
1 4 67 78 1 1 0.954842
1 4 67 79 1 2 0
1 4 67 80 1 3 0
1 4 68 77 2 0 0
1 4 68 78 2 1 0
1 4 68 79 2 2 0.942501
1 4 68 80 2 3 0
1 4 69 77 3 0 0
1 4 69 78 3 1 0
1 4 69 79 3 2 0
1 4 69 80 3 3 0.862576
1 5 77 95 0 0 0
1 5 77 96 0 1 0.255838
1 5 77 97 0 2 0.254427
1 5 77 98 0 3 0
1 5 78 95 1 0 0.997373
1 5 78 96 1 1 0
1 5 78 97 1 2 0
1 5 78 98 1 3 0
1 5 79 95 2 0 0
1 5 79 96 2 1 0.254433
1 5 79 97 2 2 0.255836
1 5 79 98 2 3 0
1 5 80 95 3 0 0
1 5 80 96 3 1 0
1 5 80 97 3 2 0
1 5 80 98 3 3 0.977681
1 6 95 113 0 0 0.998517
1 6 95 114 0 1 0
1 6 95 115 0 2 0
1 6 95 116 0 3 0
1 6 96 113 1 0 0
1 6 96 114 1 1 0.272063
1 6 96 115 1 2 0.253333
1 6 96 116 1 3 0
1 6 97 113 2 0 0
1 6 97 114 2 1 0.25326
1 6 97 115 2 2 0.271824
1 6 97 116 2 3 0
1 6 98 113 3 0 0
1 6 98 114 3 1 0
1 6 98 115 3 2 0
1 6 98 116 3 3 0.97307
1 7 70 85 0 0 0.970233
1 7 70 86 0 1 0
1 7 70 87 0 2 0
1 7 70 88 0 3 0
1 7 71 85 1 0 0
1 7 71 86 1 1 0.601208
1 7 71 87 1 2 0
1 7 71 88 1 3 0
1 7 72 85 2 0 0
1 7 72 86 2 1 0
1 7 72 87 2 2 0.981196
1 7 72 88 2 3 0
1 7 73 85 3 0 0
1 7 73 86 3 1 0
1 7 73 87 3 2 0
1 7 73 88 3 3 0.993368
1 8 85 104 0 0 0.983273
1 8 85 105 0 1 0
1 8 85 106 0 2 0
1 8 86 104 1 0 0
1 8 86 105 1 1 0
1 8 86 106 1 2 0
1 8 87 104 2 0 0
1 8 87 105 2 1 0
1 8 87 106 2 2 0.990156
1 8 88 104 3 0 0
1 8 88 105 3 1 0.991397
1 8 88 106 3 2 0
1 9 104 117 0 0 0.975479
1 9 104 118 0 1 0
1 9 104 119 0 2 0
1 9 105 117 1 0 0
1 9 105 118 1 1 0.927963
1 9 105 119 1 2 0
1 9 106 117 2 0 0
1 9 106 118 2 1 0
1 9 106 119 2 2 0.988423
1 10 85 99 0 0 0
1 10 85 100 0 1 0.949853
1 10 85 101 0 2 0
1 10 86 99 1 0 0
1 10 86 100 1 1 0
1 10 86 101 1 2 0
1 10 87 99 2 0 0.998012
1 10 87 100 2 1 0
1 10 87 101 2 2 0
1 10 88 99 3 0 0
1 10 88 100 3 1 0
1 10 88 101 3 2 0.943135
1 11 70 89 0 0 0
1 11 70 90 0 1 0
1 11 70 91 0 2 0
1 11 71 89 1 0 0
1 11 71 90 1 1 0.973886
1 11 71 91 1 2 0
1 11 72 89 2 0 0.969569
1 11 72 90 2 1 0
1 11 72 91 2 2 0
1 11 73 89 3 0 0
1 11 73 90 3 1 0
1 11 73 91 3 2 0.999025
1 12 89 107 0 0 0
1 12 89 108 0 1 0.967622
1 12 89 109 0 2 0
1 12 90 107 1 0 0
1 12 90 108 1 1 0
1 12 90 109 1 2 0.958456
1 12 91 107 2 0 0.990802
1 12 91 108 2 1 0
1 12 91 109 2 2 0
1 13 107 120 0 0 0.994703
1 13 107 121 0 1 0
1 13 107 122 0 2 0
1 13 108 120 1 0 0
1 13 108 121 1 1 0.999865
1 13 108 122 1 2 0
1 13 109 120 2 0 0
1 13 109 121 2 1 0
1 13 109 122 2 2 0.969966
1 14 89 102 0 0 0
1 14 89 103 0 1 0
1 14 90 102 1 0 0.988637
1 14 90 103 1 1 0
1 14 91 102 2 0 0
1 14 91 103 2 1 0.99554
1 15 70 81 0 0 0
1 15 70 82 0 1 0.947441
1 15 70 83 0 2 0
1 15 70 84 0 3 0
1 15 71 81 1 0 0
1 15 71 82 1 1 0
1 15 71 83 1 2 0.998687
1 15 71 84 1 3 0
1 15 72 81 2 0 0.719936
1 15 72 82 2 1 0
1 15 72 83 2 2 0
1 15 72 84 2 3 0
1 15 73 81 3 0 0
1 15 73 82 3 1 0
1 15 73 83 3 2 0
1 15 73 84 3 3 0.993232
1 16 113 123 0 0 0.992393
1 16 113 124 0 1 0
1 16 113 125 0 2 0
1 16 113 126 0 3 0
1 16 114 123 1 0 0
1 16 114 124 1 1 0.887987
1 16 114 125 1 2 0
1 16 114 126 1 3 0
1 16 115 123 2 0 0
1 16 115 124 2 1 0
1 16 115 125 2 2 0.824443
1 16 115 126 2 3 0
1 16 116 123 3 0 0
1 16 116 124 3 1 0
1 16 116 125 3 2 0
1 16 116 126 3 3 0.996423
1 17 110 127 0 0 0.971828
1 17 110 128 0 1 0
1 17 110 129 0 2 0
1 17 111 127 1 0 0
1 17 111 128 1 1 0.986986
1 17 111 129 1 2 0
1 17 112 127 2 0 0
1 17 112 128 2 1 0
1 17 112 129 2 2 0.747553
2 0 135 130 0 0 0.984439
2 0 135 131 0 1 0
2 0 135 132 0 2 0
2 0 135 133 0 3 0
2 0 135 134 0 4 0
2 0 136 130 1 0 0
2 0 136 131 1 1 0.857951
2 0 136 132 1 2 0
2 0 136 133 1 3 0
2 0 136 134 1 4 0
2 0 137 130 2 0 0
2 0 137 131 2 1 0
2 0 137 132 2 2 0.944006
2 0 137 133 2 3 0
2 0 137 134 2 4 0
2 0 138 130 3 0 0
2 0 138 131 3 1 0
2 0 138 132 3 2 0
2 0 138 133 3 3 0.983456
2 0 138 134 3 4 0
2 0 139 130 4 0 0
2 0 139 131 4 1 0
2 0 139 132 4 2 0
2 0 139 133 4 3 0
2 0 139 134 4 4 0.984367
2 1 140 161 0 0 0
2 1 140 162 0 1 0.979717
2 1 140 163 0 2 0
2 1 140 164 0 3 0
2 1 140 165 0 4 0
2 1 141 161 1 0 0.796718
2 1 141 162 1 1 0
2 1 141 163 1 2 0
2 1 141 164 1 3 0
2 1 141 165 1 4 0
2 1 142 161 2 0 0
2 1 142 162 2 1 0
2 1 142 163 2 2 0.9634
2 1 142 164 2 3 0
2 1 142 165 2 4 0
2 1 143 161 3 0 0
2 1 143 162 3 1 0
2 1 143 163 3 2 0
2 1 143 164 3 3 0.988997
2 1 143 165 3 4 0
2 1 144 161 4 0 0
2 1 144 162 4 1 0
2 1 144 163 4 2 0
2 1 144 164 4 3 0
2 1 144 165 4 4 0.991789
2 2 161 183 0 0 0.77008
2 2 161 184 0 1 0
2 2 161 185 0 2 0
2 2 161 186 0 3 0
2 2 161 187 0 4 0
2 2 162 183 1 0 0
2 2 162 184 1 1 0.93955
2 2 162 185 1 2 0
2 2 162 186 1 3 0
2 2 162 187 1 4 0
2 2 163 183 2 0 0
2 2 163 184 2 1 0
2 2 163 185 2 2 0.991386
2 2 163 186 2 3 0
2 2 163 187 2 4 0
2 2 164 183 3 0 0
2 2 164 184 3 1 0
2 2 164 185 3 2 0
2 2 164 186 3 3 0.987633
2 2 164 187 3 4 0
2 2 165 183 4 0 0
2 2 165 184 4 1 0
2 2 165 185 4 2 0
2 2 165 186 4 3 0
2 2 165 187 4 4 0.999524
2 3 130 140 0 0 0.944809
2 3 130 141 0 1 0
2 3 130 142 0 2 0
2 3 130 143 0 3 0
2 3 130 144 0 4 0
2 3 131 140 1 0 0
2 3 131 141 1 1 0.756362
2 3 131 142 1 2 0
2 3 131 143 1 3 0
2 3 131 144 1 4 0
2 3 132 140 2 0 0
2 3 132 141 2 1 0
2 3 132 142 2 2 0.74684
2 3 132 143 2 3 0
2 3 132 144 2 4 0
2 3 133 140 3 0 0
2 3 133 141 3 1 0
2 3 133 142 3 2 0
2 3 133 143 3 3 0.935001
2 3 133 144 3 4 0
2 3 134 140 4 0 0
2 3 134 141 4 1 0
2 3 134 142 4 2 0
2 3 134 143 4 3 0
2 3 134 144 4 4 0.949092
2 4 130 145 0 0 0.946452
2 4 130 146 0 1 0
2 4 130 147 0 2 0
2 4 130 148 0 3 0
2 4 130 149 0 4 0
2 4 131 145 1 0 0
2 4 131 146 1 1 0.771639
2 4 131 147 1 2 0
2 4 131 148 1 3 0
2 4 131 149 1 4 0
2 4 132 145 2 0 0
2 4 132 146 2 1 0
2 4 132 147 2 2 0.740607
2 4 132 148 2 3 0
2 4 132 149 2 4 0
2 4 133 145 3 0 0
2 4 133 146 3 1 0
2 4 133 147 3 2 0
2 4 133 148 3 3 0.909358
2 4 133 149 3 4 0
2 4 134 145 4 0 0
2 4 134 146 4 1 0
2 4 134 147 4 2 0
2 4 134 148 4 3 0
2 4 134 149 4 4 0.942538
2 5 145 166 0 0 0
2 5 145 167 0 1 0.980846
2 5 145 168 0 2 0
2 5 145 169 0 3 0
2 5 145 170 0 4 0
2 5 146 166 1 0 0.861301
2 5 146 167 1 1 0
2 5 146 168 1 2 0
2 5 146 169 1 3 0
2 5 146 170 1 4 0
2 5 147 166 2 0 0
2 5 147 167 2 1 0
2 5 147 168 2 2 0.96813
2 5 147 169 2 3 0
2 5 147 170 2 4 0
2 5 148 166 3 0 0
2 5 148 167 3 1 0
2 5 148 168 3 2 0
2 5 148 169 3 3 0.895698
2 5 148 170 3 4 0
2 5 149 166 4 0 0
2 5 149 167 4 1 0
2 5 149 168 4 2 0
2 5 149 169 4 3 0
2 5 149 170 4 4 0.970354
2 6 166 188 0 0 0.896809
2 6 166 189 0 1 0
2 6 166 190 0 2 0
2 6 166 191 0 3 0
2 6 166 192 0 4 0
2 6 167 188 1 0 0
2 6 167 189 1 1 0.995632
2 6 167 190 1 2 0
2 6 167 191 1 3 0
2 6 167 192 1 4 0
2 6 168 188 2 0 0
2 6 168 189 2 1 0
2 6 168 190 2 2 0.959201
2 6 168 191 2 3 0
2 6 168 192 2 4 0
2 6 169 188 3 0 0
2 6 169 189 3 1 0
2 6 169 190 3 2 0
2 6 169 191 3 3 0.897291
2 6 169 192 3 4 0
2 6 170 188 4 0 0
2 6 170 189 4 1 0
2 6 170 190 4 2 0
2 6 170 191 4 3 0
2 6 170 192 4 4 0.999703
2 7 135 151 0 0 0.997204
2 7 135 152 0 1 0
2 7 135 153 0 2 0
2 7 135 154 0 3 0
2 7 135 155 0 4 0
2 7 136 151 1 0 0
2 7 136 152 1 1 0
2 7 136 153 1 2 0.782243
2 7 136 154 1 3 0
2 7 136 155 1 4 0
2 7 137 151 2 0 0
2 7 137 152 2 1 0.945118
2 7 137 153 2 2 0
2 7 137 154 2 3 0
2 7 137 155 2 4 0
2 7 138 151 3 0 0
2 7 138 152 3 1 0
2 7 138 153 3 2 0
2 7 138 154 3 3 0.978829
2 7 138 155 3 4 0
2 7 139 151 4 0 0
2 7 139 152 4 1 0
2 7 139 153 4 2 0
2 7 139 154 4 3 0
2 7 139 155 4 4 0.985355
2 8 151 175 0 0 0.94776
2 8 151 176 0 1 0
2 8 151 177 0 2 0
2 8 151 178 0 3 0
2 8 152 175 1 0 0
2 8 152 176 1 1 0.841175
2 8 152 177 1 2 0
2 8 152 178 1 3 0
2 8 153 175 2 0 0
2 8 153 176 2 1 0
2 8 153 177 2 2 0
2 8 153 178 2 3 0
2 8 154 175 3 0 0
2 8 154 176 3 1 0
2 8 154 177 3 2 0.998101
2 8 154 178 3 3 0
2 8 155 175 4 0 0
2 8 155 176 4 1 0
2 8 155 177 4 2 0
2 8 155 178 4 3 0.984175
2 9 175 193 0 0 0.99556
2 9 175 194 0 1 0
2 9 175 195 0 2 0
2 9 176 193 1 0 0
2 9 176 194 1 1 0.866269
2 9 176 195 1 2 0
2 9 177 193 2 0 0
2 9 177 194 2 1 0
2 9 177 195 2 2 0.958522
2 9 178 193 3 0 0
2 9 178 194 3 1 0
2 9 178 195 3 2 0
2 10 151 171 0 0 0
2 10 151 172 0 1 0
2 10 152 171 1 0 0
2 10 152 172 1 1 0
2 10 153 171 2 0 0
2 10 153 172 2 1 0
2 10 154 171 3 0 0.984807
2 10 154 172 3 1 0
2 10 155 171 4 0 0
2 10 155 172 4 1 0.988896
2 11 135 156 0 0 0.969091
2 11 135 157 0 1 0
2 11 135 158 0 2 0
2 11 135 159 0 3 0
2 11 135 160 0 4 0
2 11 136 156 1 0 0
2 11 136 157 1 1 0.765693
2 11 136 158 1 2 0
2 11 136 159 1 3 0
2 11 136 160 1 4 0
2 11 137 156 2 0 0
2 11 137 157 2 1 0
2 11 137 158 2 2 0.964234
2 11 137 159 2 3 0
2 11 137 160 2 4 0
2 11 138 156 3 0 0
2 11 138 157 3 1 0
2 11 138 158 3 2 0
2 11 138 159 3 3 0.989879
2 11 138 160 3 4 0
2 11 139 156 4 0 0
2 11 139 157 4 1 0
2 11 139 158 4 2 0
2 11 139 159 4 3 0
2 11 139 160 4 4 0.996989
2 12 156 179 0 0 0.996273
2 12 156 180 0 1 0
2 12 156 181 0 2 0
2 12 156 182 0 3 0
2 12 157 179 1 0 0
2 12 157 180 1 1 0.76933
2 12 157 181 1 2 0
2 12 157 182 1 3 0
2 12 158 179 2 0 0
2 12 158 180 2 1 0
2 12 158 181 2 2 0.981097
2 12 158 182 2 3 0
2 12 159 179 3 0 0
2 12 159 180 3 1 0
2 12 159 181 3 2 0
2 12 159 182 3 3 0
2 12 160 179 4 0 0
2 12 160 180 4 1 0
2 12 160 181 4 2 0
2 12 160 182 4 3 0.984801
2 13 179 196 0 0 0.997869
2 13 179 197 0 1 0
2 13 179 198 0 2 0
2 13 180 196 1 0 0
2 13 180 197 1 1 0
2 13 180 198 1 2 0
2 13 181 196 2 0 0
2 13 181 197 2 1 0.947653
2 13 181 198 2 2 0
2 13 182 196 3 0 0
2 13 182 197 3 1 0
2 13 182 198 3 2 0.793609
2 14 156 173 0 0 0
2 14 156 174 0 1 0
2 14 157 173 1 0 0
2 14 157 174 1 1 0
2 14 158 173 2 0 0.992514
2 14 158 174 2 1 0
2 14 159 173 3 0 0
2 14 159 174 3 1 0
2 14 160 173 4 0 0
2 14 160 174 4 1 0.992123
2 15 135 150 0 0 0
2 15 136 150 1 0 0
2 15 137 150 2 0 0.992237
2 15 138 150 3 0 0
2 15 139 150 4 0 0
2 16 188 199 0 0 0.731906
2 16 188 200 0 1 0
2 16 188 201 0 2 0
2 16 188 202 0 3 0
2 16 188 203 0 4 0
2 16 189 199 1 0 0
2 16 189 200 1 1 0.973879
2 16 189 201 1 2 0
2 16 189 202 1 3 0
2 16 189 203 1 4 0
2 16 190 199 2 0 0
2 16 190 200 2 1 0
2 16 190 201 2 2 0.963151
2 16 190 202 2 3 0
2 16 190 203 2 4 0
2 16 191 199 3 0 0
2 16 191 200 3 1 0
2 16 191 201 3 2 0
2 16 191 202 3 3 0.848142
2 16 191 203 3 4 0
2 16 192 199 4 0 0
2 16 192 200 4 1 0
2 16 192 201 4 2 0
2 16 192 202 4 3 0
2 16 192 203 4 4 0.628387
2 17 183 204 0 0 0
2 17 183 205 0 1 0
2 17 183 206 0 2 0
2 17 184 204 1 0 0
2 17 184 205 1 1 0
2 17 184 206 1 2 0
2 17 185 204 2 0 0.79665
2 17 185 205 2 1 0
2 17 185 206 2 2 0
2 17 186 204 3 0 0
2 17 186 205 3 1 0.958102
2 17 186 206 3 2 0
2 17 187 204 4 0 0
2 17 187 205 4 1 0
2 17 187 206 4 2 0.723794
3 0 210 207 0 0 0
3 0 210 208 0 1 0
3 0 210 209 0 2 0.992112
3 0 211 207 1 0 0
3 0 211 208 1 1 0.936618
3 0 211 209 1 2 0
3 0 212 207 2 0 0.998962
3 0 212 208 2 1 0
3 0 212 209 2 2 0
3 1 213 227 0 0 0.990001
3 1 213 228 0 1 0
3 1 213 229 0 2 0
3 1 214 227 1 0 0
3 1 214 228 1 1 0.946524
3 1 214 229 1 2 0
3 1 215 227 2 0 0
3 1 215 228 2 1 0
3 1 215 229 2 2 0.986089
3 2 227 243 0 0 0.951154
3 2 227 244 0 1 0
3 2 227 245 0 2 0
3 2 228 243 1 0 0
3 2 228 244 1 1 0.981154
3 2 228 245 1 2 0
3 2 229 243 2 0 0
3 2 229 244 2 1 0
3 2 229 245 2 2 0.982805
3 3 207 213 0 0 0.953089
3 3 207 214 0 1 0
3 3 207 215 0 2 0
3 3 208 213 1 0 0
3 3 208 214 1 1 0.81409
3 3 208 215 1 2 0
3 3 209 213 2 0 0
3 3 209 214 2 1 0
3 3 209 215 2 2 0.885751
3 4 207 216 0 0 0.934619
3 4 207 217 0 1 0
3 4 207 218 0 2 0
3 4 208 216 1 0 0
3 4 208 217 1 1 0.828044
3 4 208 218 1 2 0
3 4 209 216 2 0 0
3 4 209 217 2 1 0
3 4 209 218 2 2 0.888431
3 5 216 230 0 0 0.972244
3 5 216 231 0 1 0
3 5 216 232 0 2 0
3 5 217 230 1 0 0
3 5 217 231 1 1 0.972522
3 5 217 232 1 2 0
3 5 218 230 2 0 0
3 5 218 231 2 1 0
3 5 218 232 2 2 0.981557
3 6 230 246 0 0 0.963336
3 6 230 247 0 1 0
3 6 230 248 0 2 0
3 6 231 246 1 0 0
3 6 231 247 1 1 0.996065
3 6 231 248 1 2 0
3 6 232 246 2 0 0
3 6 232 247 2 1 0
3 6 232 248 2 2 0.975538
3 7 210 221 0 0 0.971062
3 7 210 222 0 1 0
3 7 210 223 0 2 0
3 7 211 221 1 0 0
3 7 211 222 1 1 0.86826
3 7 211 223 1 2 0
3 7 212 221 2 0 0
3 7 212 222 2 1 0
3 7 212 223 2 2 0.978205
3 8 221 237 0 0 0
3 8 221 238 0 1 0.981217
3 8 221 239 0 2 0
3 8 222 237 1 0 0
3 8 222 238 1 1 0
3 8 222 239 1 2 0.636083
3 8 223 237 2 0 0.996563
3 8 223 238 2 1 0
3 8 223 239 2 2 0
3 9 237 249 0 0 0
3 9 237 250 0 1 0.994994
3 9 238 249 1 0 0
3 9 238 250 1 1 0
3 9 239 249 2 0 0.772729
3 9 239 250 2 1 0
3 10 221 233 0 0 0.978167
3 10 221 234 0 1 0
3 10 222 233 1 0 0
3 10 222 234 1 1 0
3 10 223 233 2 0 0
3 10 223 234 2 1 0.996855
3 11 210 224 0 0 0.991555
3 11 210 225 0 1 0
3 11 210 226 0 2 0
3 11 211 224 1 0 0
3 11 211 225 1 1 0
3 11 211 226 1 2 0.873348
3 11 212 224 2 0 0
3 11 212 225 2 1 0.9776
3 11 212 226 2 2 0
3 12 224 240 0 0 0
3 12 224 241 0 1 0
3 12 224 242 0 2 0.982864
3 12 225 240 1 0 0.96548
3 12 225 241 1 1 0
3 12 225 242 1 2 0
3 12 226 240 2 0 0
3 12 226 241 2 1 0.984254
3 12 226 242 2 2 0
3 13 240 251 0 0 0.989885
3 13 240 252 0 1 0
3 13 240 253 0 2 0
3 13 241 251 1 0 0
3 13 241 252 1 1 0.968679
3 13 241 253 1 2 0
3 13 242 251 2 0 0
3 13 242 252 2 1 0
3 13 242 253 2 2 0.999942
3 14 224 235 0 0 0.965486
3 14 224 236 0 1 0
3 14 225 235 1 0 0
3 14 225 236 1 1 0
3 14 226 235 2 0 0
3 14 226 236 2 1 0.994561
3 15 210 219 0 0 0
3 15 210 220 0 1 0
3 15 211 219 1 0 0.913928
3 15 211 220 1 1 0
3 15 212 219 2 0 0
3 15 212 220 2 1 0.971923
3 16 246 254 0 0 0.845761
3 16 246 255 0 1 0
3 16 246 256 0 2 0
3 16 247 254 1 0 0
3 16 247 255 1 1 0.996541
3 16 247 256 1 2 0
3 16 248 254 2 0 0
3 16 248 255 2 1 0
3 16 248 256 2 2 0.606411
3 17 243 257 0 0 0
3 17 244 257 1 0 0
3 17 245 257 2 0 0.717497
4 0 262 258 0 0 0
4 0 262 259 0 1 0
4 0 262 260 0 2 0.929637
4 0 262 261 0 3 0
4 0 263 258 1 0 0
4 0 263 259 1 1 0
4 0 263 260 1 2 0
4 0 263 261 1 3 0.980434
4 0 264 258 2 0 0
4 0 264 259 2 1 0.998308
4 0 264 260 2 2 0
4 0 264 261 2 3 0
4 0 265 258 3 0 0.987462
4 0 265 259 3 1 0
4 0 265 260 3 2 0
4 0 265 261 3 3 0
4 1 266 286 0 0 0
4 1 266 287 0 1 0.993776
4 1 266 288 0 2 0
4 1 266 289 0 3 0
4 1 267 286 1 0 0.985797
4 1 267 287 1 1 0
4 1 267 288 1 2 0
4 1 267 289 1 3 0
4 1 268 286 2 0 0
4 1 268 287 2 1 0
4 1 268 288 2 2 0.972706
4 1 268 289 2 3 0
4 1 269 286 3 0 0
4 1 269 287 3 1 0
4 1 269 288 3 2 0
4 1 269 289 3 3 0.967092
4 2 286 305 0 0 0.994389
4 2 286 306 0 1 0
4 2 286 307 0 2 0
4 2 286 308 0 3 0
4 2 287 305 1 0 0
4 2 287 306 1 1 0.995817
4 2 287 307 1 2 0
4 2 287 308 1 3 0
4 2 288 305 2 0 0
4 2 288 306 2 1 0
4 2 288 307 2 2 0.996632
4 2 288 308 2 3 0
4 2 289 305 3 0 0
4 2 289 306 3 1 0
4 2 289 307 3 2 0
4 2 289 308 3 3 0.977722
4 3 258 266 0 0 0
4 3 258 267 0 1 0.940915
4 3 258 268 0 2 0
4 3 258 269 0 3 0
4 3 259 266 1 0 0.94021
4 3 259 267 1 1 0
4 3 259 268 1 2 0
4 3 259 269 1 3 0
4 3 260 266 2 0 0
4 3 260 267 2 1 0
4 3 260 268 2 2 0.858225
4 3 260 269 2 3 0
4 3 261 266 3 0 0
4 3 261 267 3 1 0
4 3 261 268 3 2 0
4 3 261 269 3 3 0.86392
4 4 258 270 0 0 0.930804
4 4 258 271 0 1 0
4 4 258 272 0 2 0
4 4 258 273 0 3 0
4 4 259 270 1 0 0
4 4 259 271 1 1 0.948986
4 4 259 272 1 2 0
4 4 259 273 1 3 0
4 4 260 270 2 0 0
4 4 260 271 2 1 0
4 4 260 272 2 2 0.864776
4 4 260 273 2 3 0
4 4 261 270 3 0 0
4 4 261 271 3 1 0
4 4 261 272 3 2 0
4 4 261 273 3 3 0.878314
4 5 270 290 0 0 0.990831
4 5 270 291 0 1 0
4 5 270 292 0 2 0
4 5 270 293 0 3 0
4 5 271 290 1 0 0
4 5 271 291 1 1 0.51995
4 5 271 292 1 2 0.255098
4 5 271 293 1 3 0
4 5 272 290 2 0 0
4 5 272 291 2 1 0
4 5 272 292 2 2 0.50938
4 5 272 293 2 3 0
4 5 273 290 3 0 0
4 5 273 291 3 1 0
4 5 273 292 3 2 0
4 5 273 293 3 3 0.971694
4 6 290 309 0 0 0.994558
4 6 290 310 0 1 0
4 6 290 311 0 2 0
4 6 290 312 0 3 0
4 6 291 309 1 0 0
4 6 291 310 1 1 0.268903
4 6 291 311 1 2 0.254651
4 6 291 312 1 3 0
4 6 292 309 2 0 0
4 6 292 310 2 1 0.254585
4 6 292 311 2 2 0.26915
4 6 292 312 2 3 0
4 6 293 309 3 0 0
4 6 293 310 3 1 0
4 6 293 311 3 2 0
4 6 293 312 3 3 0.991344
4 7 262 278 0 0 0.844412
4 7 262 279 0 1 0
4 7 262 280 0 2 0
4 7 262 281 0 3 0
4 7 263 278 1 0 0
4 7 263 279 1 1 0
4 7 263 280 1 2 0.988474
4 7 263 281 1 3 0
4 7 264 278 2 0 0
4 7 264 279 2 1 0.990921
4 7 264 280 2 2 0
4 7 264 281 2 3 0
4 7 265 278 3 0 0
4 7 265 279 3 1 0
4 7 265 280 3 2 0
4 7 265 281 3 3 0.994162
4 8 278 298 0 0 0
4 8 278 299 0 1 0
4 8 278 300 0 2 0
4 8 279 298 1 0 0
4 8 279 299 1 1 0.998317
4 8 279 300 1 2 0
4 8 280 298 2 0 0
4 8 280 299 2 1 0
4 8 280 300 2 2 0.978262
4 8 281 298 3 0 0.997221
4 8 281 299 3 1 0
4 8 281 300 3 2 0
4 9 298 313 0 0 0
4 9 298 314 0 1 0.995628
4 9 298 315 0 2 0
4 9 298 316 0 3 0
4 9 299 313 1 0 0
4 9 299 314 1 1 0
4 9 299 315 1 2 0.988408
4 9 299 316 1 3 0
4 9 300 313 2 0 0
4 9 300 314 2 1 0
4 9 300 315 2 2 0
4 9 300 316 2 3 0.99437
4 10 278 294 0 0 0
4 10 278 295 0 1 0
4 10 279 294 1 0 0
4 10 279 295 1 1 0
4 10 280 294 2 0 0.985329
4 10 280 295 2 1 0
4 10 281 294 3 0 0
4 10 281 295 3 1 0.955661
4 11 262 282 0 0 0.845471
4 11 262 283 0 1 0
4 11 262 284 0 2 0
4 11 262 285 0 3 0
4 11 263 282 1 0 0
4 11 263 283 1 1 0.986923
4 11 263 284 1 2 0
4 11 263 285 1 3 0
4 11 264 282 2 0 0
4 11 264 283 2 1 0
4 11 264 284 2 2 0.996476
4 11 264 285 2 3 0
4 11 265 282 3 0 0
4 11 265 283 3 1 0
4 11 265 284 3 2 0
4 11 265 285 3 3 0.993293
4 12 282 301 0 0 0
4 12 282 302 0 1 0
4 12 282 303 0 2 0.511773
4 12 282 304 0 3 0
4 12 283 301 1 0 0
4 12 283 302 1 1 0
4 12 283 303 1 2 0
4 12 283 304 1 3 0.896706
4 12 284 301 2 0 0
4 12 284 302 2 1 0.519866
4 12 284 303 2 2 0.254255
4 12 284 304 2 3 0
4 12 285 301 3 0 0.999785
4 12 285 302 3 1 0
4 12 285 303 3 2 0
4 12 285 304 3 3 0
4 13 301 317 0 0 0.990986
4 13 301 318 0 1 0
4 13 301 319 0 2 0
4 13 302 317 1 0 0
4 13 302 318 1 1 0.279818
4 13 302 319 1 2 0.252167
4 13 303 317 2 0 0
4 13 303 318 2 1 0.251971
4 13 303 319 2 2 0.279798
4 13 304 317 3 0 0
4 13 304 318 3 1 0
4 13 304 319 3 2 0
4 14 282 296 0 0 0.983604
4 14 282 297 0 1 0
4 14 283 296 1 0 0
4 14 283 297 1 1 0
4 14 284 296 2 0 0
4 14 284 297 2 1 0.995299
4 14 285 296 3 0 0
4 14 285 297 3 1 0
4 15 262 274 0 0 0.862657
4 15 262 275 0 1 0
4 15 262 276 0 2 0
4 15 262 277 0 3 0
4 15 263 274 1 0 0
4 15 263 275 1 1 0.776852
4 15 263 276 1 2 0
4 15 263 277 1 3 0
4 15 264 274 2 0 0
4 15 264 275 2 1 0
4 15 264 276 2 2 0.996523
4 15 264 277 2 3 0
4 15 265 274 3 0 0
4 15 265 275 3 1 0
4 15 265 276 3 2 0
4 15 265 277 3 3 0.97815
4 16 309 320 0 0 0.972981
4 16 309 321 0 1 0
4 16 309 322 0 2 0
4 16 309 323 0 3 0
4 16 310 320 1 0 0
4 16 310 321 1 1 0.955672
4 16 310 322 1 2 0
4 16 310 323 1 3 0
4 16 311 320 2 0 0
4 16 311 321 2 1 0
4 16 311 322 2 2 0.967743
4 16 311 323 2 3 0
4 16 312 320 3 0 0
4 16 312 321 3 1 0
4 16 312 322 3 2 0
4 16 312 323 3 3 0.63109
4 17 305 324 0 0 0.974714
4 17 305 325 0 1 0
4 17 305 326 0 2 0
4 17 305 327 0 3 0
4 17 306 324 1 0 0
4 17 306 325 1 1 0.966447
4 17 306 326 1 2 0
4 17 306 327 1 3 0
4 17 307 324 2 0 0
4 17 307 325 2 1 0
4 17 307 326 2 2 0.870811
4 17 307 327 2 3 0
4 17 308 324 3 0 0
4 17 308 325 3 1 0
4 17 308 326 3 2 0
4 17 308 327 3 3 0.881322
E jointIdx viewA viewB aOverAllIdx bOverallIdx score
0 0 1 0 66 0.774882
0 0 1 0 67 0.349373
0 0 1 0 68 0.171377
0 0 1 0 69 -1
0 0 1 1 66 0.401027
0 0 1 1 67 0.613594
0 0 1 1 68 0.694536
0 0 1 1 69 -0.819247
0 0 1 2 66 -1
0 0 1 2 67 0.74953
0 0 1 2 68 0.758397
0 0 1 2 69 -1
0 0 1 3 66 -1
0 0 1 3 67 -0.847875
0 0 1 3 68 -1
0 0 1 3 69 0.591289
0 0 2 0 130 -1
0 0 2 0 131 -1
0 0 2 0 132 0.881967
0 0 2 0 133 0.712623
0 0 2 0 134 -1
0 0 2 1 130 -1
0 0 2 1 131 -1
0 0 2 1 132 0.00774491
0 0 2 1 133 -1
0 0 2 1 134 0.664191
0 0 2 2 130 0.689963
0 0 2 2 131 0.804024
0 0 2 2 132 -1
0 0 2 2 133 -1
0 0 2 2 134 -1
0 0 2 3 130 -1
0 0 2 3 131 -1
0 0 2 3 132 0.554334
0 0 2 3 133 -1
0 0 2 3 134 -1
0 0 3 0 207 -1
0 0 3 0 208 -1
0 0 3 0 209 0.704913
0 0 3 1 207 -1
0 0 3 1 208 0.705287
0 0 3 1 209 -1
0 0 3 2 207 0.970333
0 0 3 2 208 -1
0 0 3 2 209 -1
0 0 3 3 207 -1
0 0 3 3 208 -1
0 0 3 3 209 0.585976
0 0 4 0 258 -1
0 0 4 0 259 0.621323
0 0 4 0 260 0.757262
0 0 4 0 261 -1
0 0 4 1 258 -1
0 0 4 1 259 0.838262
0 0 4 1 260 0.966457
0 0 4 1 261 -1
0 0 4 2 258 -1
0 0 4 2 259 -1
0 0 4 2 260 -1
0 0 4 2 261 0.774704
0 0 4 3 258 0.992981
0 0 4 3 259 -1
0 0 4 3 260 -1
0 0 4 3 261 -1
0 1 2 66 130 -1
0 1 2 66 131 -1
0 1 2 66 132 -1
0 1 2 66 133 0.703399
0 1 2 66 134 -1
0 1 2 67 130 0.985118
0 1 2 67 131 -1
0 1 2 67 132 -1
0 1 2 67 133 -1
0 1 2 67 134 -1
0 1 2 68 130 -1
0 1 2 68 131 -1
0 1 2 68 132 -1
0 1 2 68 133 -1
0 1 2 68 134 0.952001
0 1 2 69 130 -1
0 1 2 69 131 0.0266987
0 1 2 69 132 0.826045
0 1 2 69 133 -1
0 1 2 69 134 -1
0 1 3 66 207 -1
0 1 3 66 208 0.973518
0 1 3 66 209 0.939064
0 1 3 67 207 0.855292
0 1 3 67 208 -1
0 1 3 67 209 -1
0 1 3 68 207 -1
0 1 3 68 208 0.961867
0 1 3 68 209 0.851296
0 1 3 69 207 0.807884
0 1 3 69 208 -1
0 1 3 69 209 -1
0 1 4 66 258 -1
0 1 4 66 259 -1
0 1 4 66 260 0.746985
0 1 4 66 261 -1
0 1 4 67 258 0.581634
0 1 4 67 259 -1
0 1 4 67 260 -1
0 1 4 67 261 0.907569
0 1 4 68 258 -1
0 1 4 68 259 0.943116
0 1 4 68 260 -1
0 1 4 68 261 -1
0 1 4 69 258 0.840755
0 1 4 69 259 -1
0 1 4 69 260 -1
0 1 4 69 261 -1
0 2 3 130 207 0.515155
0 2 3 130 208 -1
0 2 3 130 209 -1
0 2 3 131 207 -1
0 2 3 131 208 -1
0 2 3 131 209 -1
0 2 3 132 207 -1
0 2 3 132 208 -1
0 2 3 132 209 -1
0 2 3 133 207 -1
0 2 3 133 208 -1
0 2 3 133 209 0.941274
0 2 3 134 207 -1
0 2 3 134 208 0.959197
0 2 3 134 209 -1
0 2 4 130 258 0.735485
0 2 4 130 259 -1
0 2 4 130 260 -1
0 2 4 130 261 0.861807
0 2 4 131 258 -1
0 2 4 131 259 -1
0 2 4 131 260 -1
0 2 4 131 261 -1
0 2 4 132 258 0.944871
0 2 4 132 259 -1
0 2 4 132 260 -1
0 2 4 132 261 0.785799
0 2 4 133 258 -1
0 2 4 133 259 -1
0 2 4 133 260 0.958946
0 2 4 133 261 -1
0 2 4 134 258 -1
0 2 4 134 259 0.944867
0 2 4 134 260 -1
0 2 4 134 261 -1
0 3 4 207 258 -0.821544
0 3 4 207 259 0.313897
0 3 4 207 260 0.4675
0 3 4 207 261 0.625468
0 3 4 208 258 -1
0 3 4 208 259 0.560051
0 3 4 208 260 -1
0 3 4 208 261 0.0110707
0 3 4 209 258 -1
0 3 4 209 259 0.0578668
0 3 4 209 260 0.862342
0 3 4 209 261 0.227597
1 0 1 4 70 0.182897
1 0 1 4 71 0.175412
1 0 1 4 72 0.0795412
1 0 1 4 73 0.0447353
1 0 1 5 70 0.276571
1 0 1 5 71 0.0890552
1 0 1 5 72 0.122343
1 0 1 5 73 0.0733588
1 0 1 6 70 0.227368
1 0 1 6 71 0.0767636
1 0 1 6 72 0.137452
1 0 1 6 73 0.0956158
1 0 1 7 70 -0.958758
1 0 1 7 71 0.137973
1 0 1 7 72 0.0195038
1 0 1 7 73 0.375934
1 0 2 4 135 0.314955
1 0 2 4 136 0.454063
1 0 2 4 137 0.771979
1 0 2 4 138 -1
1 0 2 4 139 -1
1 0 2 5 135 -1
1 0 2 5 136 -1
1 0 2 5 137 -1
1 0 2 5 138 0.180118
1 0 2 5 139 0.914577
1 0 2 6 135 -1
1 0 2 6 136 -1
1 0 2 6 137 -1
1 0 2 6 138 0.922838
1 0 2 6 139 0.280014
1 0 2 7 135 0.935721
1 0 2 7 136 -1
1 0 2 7 137 0.396001
1 0 2 7 138 -1
1 0 2 7 139 -1
1 0 3 4 210 0.132543
1 0 3 4 211 0.188094
1 0 3 4 212 0.0103062
1 0 3 5 210 0.116622
1 0 3 5 211 0.145148
1 0 3 5 212 0.094247
1 0 3 6 210 0.133
1 0 3 6 211 0.0946896
1 0 3 6 212 0.147377
1 0 3 7 210 0.104872
1 0 3 7 211 0.0806771
1 0 3 7 212 0.204502
1 0 4 4 262 -1
1 0 4 4 263 -1
1 0 4 4 264 -1
1 0 4 4 265 0.850277
1 0 4 5 262 0.843315
1 0 4 5 263 -0.918088
1 0 4 5 264 0.729605
1 0 4 5 265 0.345167
1 0 4 6 262 0.776969
1 0 4 6 263 -0.808204
1 0 4 6 264 0.733871
1 0 4 6 265 0.297364
1 0 4 7 262 -1
1 0 4 7 263 0.879077
1 0 4 7 264 -1
1 0 4 7 265 -1
1 1 2 70 135 -1
1 1 2 70 136 -1
1 1 2 70 137 -1
1 1 2 70 138 0.752959
1 1 2 70 139 -1
1 1 2 71 135 -1
1 1 2 71 136 -1
1 1 2 71 137 0.671687
1 1 2 71 138 -1
1 1 2 71 139 -1
1 1 2 72 135 -1
1 1 2 72 136 -1
1 1 2 72 137 -1
1 1 2 72 138 -1
1 1 2 72 139 0.82019
1 1 2 73 135 0.96813
1 1 2 73 136 -1
1 1 2 73 137 -1
1 1 2 73 138 -1
1 1 2 73 139 -1
1 1 3 70 210 0.11435
1 1 3 70 211 0.126094
1 1 3 70 212 0.0990983
1 1 3 71 210 0.12853
1 1 3 71 211 0.158377
1 1 3 71 212 0.0297747
1 1 3 72 210 0.123629
1 1 3 72 211 0.106639
1 1 3 72 212 0.115543
1 1 3 73 210 0.0934379
1 1 3 73 211 0.0746412
1 1 3 73 212 0.207189
1 1 4 70 262 0.688978
1 1 4 70 263 -1
1 1 4 70 264 -1
1 1 4 70 265 -1
1 1 4 71 262 -1
1 1 4 71 263 0.853265
1 1 4 71 264 -1
1 1 4 71 265 0.976108
1 1 4 72 262 -1
1 1 4 72 263 -1
1 1 4 72 264 0.851737
1 1 4 72 265 -1
1 1 4 73 262 -1
1 1 4 73 263 0.915376
1 1 4 73 264 -1
1 1 4 73 265 0.861434
1 2 3 135 210 -1
1 2 3 135 211 -1
1 2 3 135 212 0.943256
1 2 3 136 210 -1
1 2 3 136 211 -1
1 2 3 136 212 -1
1 2 3 137 210 -1
1 2 3 137 211 0.498374
1 2 3 137 212 -1
1 2 3 138 210 0.856923
1 2 3 138 211 -1
1 2 3 138 212 -1
1 2 3 139 210 -1
1 2 3 139 211 0.943203
1 2 3 139 212 -1
1 2 4 135 262 -1
1 2 4 135 263 0.933271
1 2 4 135 264 -1
1 2 4 135 265 -1
1 2 4 136 262 -1
1 2 4 136 263 -1
1 2 4 136 264 -1
1 2 4 136 265 0.625749
1 2 4 137 262 -1
1 2 4 137 263 -1
1 2 4 137 264 -1
1 2 4 137 265 0.90875
1 2 4 138 262 0.927535
1 2 4 138 263 -1
1 2 4 138 264 -1
1 2 4 138 265 -1
1 2 4 139 262 -1
1 2 4 139 263 -1
1 2 4 139 264 0.898199
1 2 4 139 265 -1
1 3 4 210 262 0.103806
1 3 4 210 263 0.10981
1 3 4 210 264 0.0915789
1 3 4 210 265 0.0922065
1 3 4 211 262 0.0951166
1 3 4 211 263 0.0670474
1 3 4 211 264 0.115506
1 3 4 211 265 0.11709
1 3 4 212 262 0.0986113
1 3 4 212 263 0.117876
1 3 4 212 264 0.0922218
1 3 4 212 265 0.0902005
2 0 1 8 74 0.550304
2 0 1 8 75 0.239635
2 0 1 8 76 0.140355
2 0 1 9 74 0.202209
2 0 1 9 75 0.334742
2 0 1 9 76 0.36295
2 0 1 10 74 -1
2 0 1 10 75 0.671306
2 0 1 10 76 0.974311
2 0 1 11 74 -1
2 0 1 11 75 -0.780445
2 0 1 11 76 -0.983929
2 0 2 8 140 -1
2 0 2 8 141 -1
2 0 2 8 142 0.55758
2 0 2 8 143 0.881287
2 0 2 8 144 -1
2 0 2 9 140 -1
2 0 2 9 141 -1
2 0 2 9 142 -1
2 0 2 9 143 -1
2 0 2 9 144 0.54297
2 0 2 10 140 0.539871
2 0 2 10 141 0.92343
2 0 2 10 142 -1
2 0 2 10 143 -1
2 0 2 10 144 -1
2 0 2 11 140 -1
2 0 2 11 141 -1
2 0 2 11 142 0.256261
2 0 2 11 143 -1
2 0 2 11 144 -1
2 0 3 8 213 -1
2 0 3 8 214 -1
2 0 3 8 215 0.853006
2 0 3 9 213 -1
2 0 3 9 214 0.664897
2 0 3 9 215 0.062996
2 0 3 10 213 0.913242
2 0 3 10 214 -1
2 0 3 10 215 -1
2 0 3 11 213 -1
2 0 3 11 214 -1
2 0 3 11 215 -1
2 0 4 8 266 0.452556
2 0 4 8 267 -1
2 0 4 8 268 0.740965
2 0 4 8 269 -1
2 0 4 9 266 0.779039
2 0 4 9 267 -1
2 0 4 9 268 0.824575
2 0 4 9 269 -1
2 0 4 10 266 -1
2 0 4 10 267 -1
2 0 4 10 268 -1
2 0 4 10 269 0.719048
2 0 4 11 266 -1
2 0 4 11 267 0.923999
2 0 4 11 268 -1
2 0 4 11 269 -1
2 1 2 74 140 -1
2 1 2 74 141 -1
2 1 2 74 142 -1
2 1 2 74 143 0.846365
2 1 2 74 144 -1
2 1 2 75 140 0.91188
2 1 2 75 141 -1
2 1 2 75 142 -1
2 1 2 75 143 -1
2 1 2 75 144 -1
2 1 2 76 140 -1
2 1 2 76 141 -1
2 1 2 76 142 -1
2 1 2 76 143 -1
2 1 2 76 144 0.976452
2 1 3 74 213 -1
2 1 3 74 214 0.842674
2 1 3 74 215 0.999857
2 1 3 75 213 0.900202
2 1 3 75 214 -1
2 1 3 75 215 -1
2 1 3 76 213 -1
2 1 3 76 214 0.871731
2 1 3 76 215 0.641109
2 1 4 74 266 -1
2 1 4 74 267 -1
2 1 4 74 268 0.936481
2 1 4 74 269 -1
2 1 4 75 266 -1
2 1 4 75 267 0.194165
2 1 4 75 268 -1
2 1 4 75 269 0.922701
2 1 4 76 266 0.930674
2 1 4 76 267 -1
2 1 4 76 268 -1
2 1 4 76 269 -1
2 2 3 140 213 0.557577
2 2 3 140 214 -1
2 2 3 140 215 -1
2 2 3 141 213 -1
2 2 3 141 214 -1
2 2 3 141 215 -1
2 2 3 142 213 -1
2 2 3 142 214 -1
2 2 3 142 215 0.395182
2 2 3 143 213 -1
2 2 3 143 214 -1
2 2 3 143 215 0.718544
2 2 3 144 213 -1
2 2 3 144 214 0.875847
2 2 3 144 215 -1
2 2 4 140 266 -1
2 2 4 140 267 0.800362
2 2 4 140 268 -1
2 2 4 140 269 0.790405
2 2 4 141 266 -1
2 2 4 141 267 -1
2 2 4 141 268 -1
2 2 4 141 269 -1
2 2 4 142 266 -1
2 2 4 142 267 0.726079
2 2 4 142 268 -1
2 2 4 142 269 0.545678
2 2 4 143 266 -1
2 2 4 143 267 -1
2 2 4 143 268 0.604565
2 2 4 143 269 -1
2 2 4 144 266 0.961208
2 2 4 144 267 -1
2 2 4 144 268 -1
2 2 4 144 269 -1
2 3 4 213 266 0.297309
2 3 4 213 267 -0.898237
2 3 4 213 268 0.599172
2 3 4 213 269 0.892943
2 3 4 214 266 0.649999
2 3 4 214 267 -1
2 3 4 214 268 -1
2 3 4 214 269 -1
2 3 4 215 266 0.0190096
2 3 4 215 267 -1
2 3 4 215 268 0.722864
2 3 4 215 269 0.697565
3 0 1 12 77 0.805005
3 0 1 12 78 0.277036
3 0 1 12 79 0.202943
3 0 1 12 80 -1
3 0 1 13 77 0.332509
3 0 1 13 78 0.582195
3 0 1 13 79 0.801186
3 0 1 13 80 -0.801722
3 0 1 14 77 -1
3 0 1 14 78 0.868297
3 0 1 14 79 0.371976
3 0 1 14 80 -1
3 0 1 15 77 -1
3 0 1 15 78 -0.871513
3 0 1 15 79 -1
3 0 1 15 80 0.634947
3 0 2 12 145 -1
3 0 2 12 146 -1
3 0 2 12 147 0.746368
3 0 2 12 148 0.49003
3 0 2 12 149 -1
3 0 2 13 145 -1
3 0 2 13 146 -1
3 0 2 13 147 0.111425
3 0 2 13 148 -1
3 0 2 13 149 0.799931
3 0 2 14 145 0.864567
3 0 2 14 146 0.628098
3 0 2 14 147 -1
3 0 2 14 148 -1
3 0 2 14 149 -1
3 0 2 15 145 -1
3 0 2 15 146 -1
3 0 2 15 147 0.764564
3 0 2 15 148 0.467088
3 0 2 15 149 -1
3 0 3 12 216 -1
3 0 3 12 217 -1
3 0 3 12 218 0.601645
3 0 3 13 216 -1
3 0 3 13 217 0.777099
3 0 3 13 218 -1
3 0 3 14 216 0.839825
3 0 3 14 217 -1
3 0 3 14 218 -1
3 0 3 15 216 -1
3 0 3 15 217 -1
3 0 3 15 218 0.592671
3 0 4 12 270 -1
3 0 4 12 271 0.865523
3 0 4 12 272 0.774843
3 0 4 12 273 -1
3 0 4 13 270 -1
3 0 4 13 271 0.975175
3 0 4 13 272 0.885168
3 0 4 13 273 -1
3 0 4 14 270 -1
3 0 4 14 271 -1
3 0 4 14 272 -1
3 0 4 14 273 0.760034
3 0 4 15 270 0.963575
3 0 4 15 271 -1
3 0 4 15 272 -1
3 0 4 15 273 -1
3 1 2 77 145 -1
3 1 2 77 146 -1
3 1 2 77 147 -1
3 1 2 77 148 0.239633
3 1 2 77 149 0.584306
3 1 2 78 145 0.964018
3 1 2 78 146 -1
3 1 2 78 147 -1
3 1 2 78 148 -1
3 1 2 78 149 -1
3 1 2 79 145 -1
3 1 2 79 146 -1
3 1 2 79 147 -1
3 1 2 79 148 -1
3 1 2 79 149 0.824216
3 1 2 80 145 -1
3 1 2 80 146 -1
3 1 2 80 147 0.988462
3 1 2 80 148 -1
3 1 2 80 149 -1
3 1 3 77 216 -1
3 1 3 77 217 0.761481
3 1 3 77 218 0.72113
3 1 3 78 216 0.851731
3 1 3 78 217 -1
3 1 3 78 218 -1
3 1 3 79 216 -1
3 1 3 79 217 0.98263
3 1 3 79 218 0.976827
3 1 3 80 216 0.557978
3 1 3 80 217 -1
3 1 3 80 218 -1
3 1 4 77 270 -1
3 1 4 77 271 -1
3 1 4 77 272 0.50184
3 1 4 77 273 -1
3 1 4 78 270 0.789141
3 1 4 78 271 -1
3 1 4 78 272 -1
3 1 4 78 273 0.956187
3 1 4 79 270 -1
3 1 4 79 271 0.731261
3 1 4 79 272 -1
3 1 4 79 273 -1
3 1 4 80 270 0.969442
3 1 4 80 271 -1
3 1 4 80 272 -1
3 1 4 80 273 0.536372
3 2 3 145 216 0.612735
3 2 3 145 217 -1
3 2 3 145 218 -1
3 2 3 146 216 -1
3 2 3 146 217 -1
3 2 3 146 218 -1
3 2 3 147 216 -1
3 2 3 147 217 -1
3 2 3 147 218 -1
3 2 3 148 216 -1
3 2 3 148 217 -1
3 2 3 148 218 0.95855
3 2 3 149 216 -1
3 2 3 149 217 0.976811
3 2 3 149 218 -1
3 2 4 145 270 0.391445
3 2 4 145 271 -1
3 2 4 145 272 -1
3 2 4 145 273 0.946622
3 2 4 146 270 -1
3 2 4 146 271 -1
3 2 4 146 272 -1
3 2 4 146 273 -1
3 2 4 147 270 0.89166
3 2 4 147 271 -1
3 2 4 147 272 -1
3 2 4 147 273 0.0141819
3 2 4 148 270 -1
3 2 4 148 271 -1
3 2 4 148 272 0.685773
3 2 4 148 273 -1
3 2 4 149 270 -1
3 2 4 149 271 0.945912
3 2 4 149 272 -1
3 2 4 149 273 -1
3 3 4 216 270 -0.769627
3 3 4 216 271 0.337613
3 3 4 216 272 0.375685
3 3 4 216 273 0.761891
3 3 4 217 270 -1
3 3 4 217 271 0.516046
3 3 4 217 272 -1
3 3 4 217 273 0.391744
3 3 4 218 270 -1
3 3 4 218 271 0.0452824
3 3 4 218 272 0.989715
3 3 4 218 273 -1
4 0 1 16 81 0.1943
4 0 1 16 82 0.319776
4 0 1 16 83 0.218437
4 0 1 16 84 0.15204
4 0 1 17 81 -1
4 0 1 17 82 0.0346931
4 0 1 17 83 0.25237
4 0 1 17 84 0.564343
4 0 2 16 150 -1
4 0 2 17 150 0.648351
4 0 3 16 219 0.835045
4 0 3 16 220 -1
4 0 3 17 219 -1
4 0 3 17 220 0.989704
4 0 4 16 274 0.715936
4 0 4 16 275 -1
4 0 4 16 276 0.96838
4 0 4 16 277 -1
4 0 4 17 274 -1
4 0 4 17 275 0.723619
4 0 4 17 276 -1
4 0 4 17 277 -1
4 1 2 81 150 -1
4 1 2 82 150 -1
4 1 2 83 150 0.864707
4 1 2 84 150 -1
4 1 3 81 219 0.3123
4 1 3 81 220 -1
4 1 3 82 219 0.344664
4 1 3 82 220 0.00258744
4 1 3 83 219 0.256939
4 1 3 83 220 0.305062
4 1 3 84 219 0.0718064
4 1 3 84 220 0.833177
4 1 4 81 274 -1
4 1 4 81 275 -1
4 1 4 81 276 0.889206
4 1 4 81 277 -1
4 1 4 82 274 0.807756
4 1 4 82 275 -1
4 1 4 82 276 -1
4 1 4 82 277 -1
4 1 4 83 274 -1
4 1 4 83 275 0.58623
4 1 4 83 276 -1
4 1 4 83 277 0.918634
4 1 4 84 274 -1
4 1 4 84 275 0.751406
4 1 4 84 276 -1
4 1 4 84 277 0.874322
4 2 3 150 219 0.502339
4 2 3 150 220 -1
4 2 4 150 274 -1
4 2 4 150 275 -1
4 2 4 150 276 -1
4 2 4 150 277 0.899851
4 3 4 219 274 0.133971
4 3 4 219 275 0.125909
4 3 4 219 276 0.291258
4 3 4 219 277 0.275216
4 3 4 220 274 0.244066
4 3 4 220 275 0.293031
4 3 4 220 276 0.17354
4 3 4 220 277 0.177058
5 0 1 18 85 -1
5 0 1 18 86 0.342223
5 0 1 18 87 0.341121
5 0 1 18 88 0.0107451
5 0 1 19 85 0.279685
5 0 1 19 86 0.0888731
5 0 1 19 87 0.230416
5 0 1 19 88 0.0816819
5 0 1 20 85 0.295941
5 0 1 20 86 0.0823163
5 0 1 20 87 0.208271
5 0 1 20 88 0.0950162
5 0 1 21 85 -1
5 0 1 21 86 0.108337
5 0 1 21 87 -0.749257
5 0 1 21 88 0.422708
5 0 2 18 151 0.701015
5 0 2 18 152 0.525958
5 0 2 18 153 0.00943184
5 0 2 18 154 -1
5 0 2 18 155 -1
5 0 2 19 151 -1
5 0 2 19 152 -1
5 0 2 19 153 -1
5 0 2 19 154 0.567373
5 0 2 19 155 0.916884
5 0 2 20 151 -1
5 0 2 20 152 -1
5 0 2 20 153 -1
5 0 2 20 154 0.839984
5 0 2 20 155 0.70065
5 0 2 21 151 0.878405
5 0 2 21 152 0.718778
5 0 2 21 153 0.210898
5 0 2 21 154 -1
5 0 2 21 155 -1
5 0 3 18 221 0.319985
5 0 3 18 222 0.278965
5 0 3 18 223 -0.950199
5 0 3 19 221 0.132809
5 0 3 19 222 0.139976
5 0 3 19 223 0.181767
5 0 3 20 221 0.124061
5 0 3 20 222 0.118591
5 0 3 20 223 0.265049
5 0 3 21 221 0.0588997
5 0 3 21 222 0.0808867
5 0 3 21 223 0.558899
5 0 4 18 278 -1
5 0 4 18 279 -1
5 0 4 18 280 -1
5 0 4 18 281 0.735683
5 0 4 19 278 0.90763
5 0 4 19 279 0.902684
5 0 4 19 280 -0.961985
5 0 4 19 281 0.122421
5 0 4 20 278 0.850815
5 0 4 20 279 0.971676
5 0 4 20 280 -0.974418
5 0 4 20 281 0.122627
5 0 4 21 278 0.06427
5 0 4 21 279 0.0323062
5 0 4 21 280 0.890305
5 0 4 21 281 0.0105886
5 1 2 85 151 -1
5 1 2 85 152 -1
5 1 2 85 153 -1
5 1 2 85 154 0.766859
5 1 2 85 155 -1
5 1 2 86 151 -1
5 1 2 86 152 0.613379
5 1 2 86 153 -1
5 1 2 86 154 -1
5 1 2 86 155 -1
5 1 2 87 151 -1
5 1 2 87 152 -1
5 1 2 87 153 -1
5 1 2 87 154 -1
5 1 2 87 155 0.94931
5 1 2 88 151 0.894069
5 1 2 88 152 -1
5 1 2 88 153 -1
5 1 2 88 154 -1
5 1 2 88 155 -1
5 1 3 85 221 0.125717
5 1 3 85 222 0.120573
5 1 3 85 223 0.214778
5 1 3 86 221 0.300203
5 1 3 86 222 0.310072
5 1 3 86 223 -1
5 1 3 87 221 0.133915
5 1 3 87 222 0.128072
5 1 3 87 223 0.164746
5 1 3 88 221 0.0640886
5 1 3 88 222 0.0728308
5 1 3 88 223 0.563094
5 1 4 85 278 0.884887
5 1 4 85 279 -1
5 1 4 85 280 -1
5 1 4 85 281 -1
5 1 4 86 278 -1
5 1 4 86 279 0.0395288
5 1 4 86 280 0.716576
5 1 4 86 281 0.774066
5 1 4 87 278 -1
5 1 4 87 279 0.928691
5 1 4 87 280 -1
5 1 4 87 281 -1
5 1 4 88 278 -0.968169
5 1 4 88 279 0.0972354
5 1 4 88 280 0.942235
5 1 4 88 281 0.928699
5 2 3 151 221 -1
5 2 3 151 222 -1
5 2 3 151 223 0.811476
5 2 3 152 221 -1
5 2 3 152 222 0.283081
5 2 3 152 223 -1
5 2 3 153 221 -1
5 2 3 153 222 0.0281328
5 2 3 153 223 -1
5 2 3 154 221 0.783705
5 2 3 154 222 -1
5 2 3 154 223 -1
5 2 3 155 221 -1
5 2 3 155 222 0.841411
5 2 3 155 223 -1
5 2 4 151 278 -1
5 2 4 151 279 -1
5 2 4 151 280 0.973243
5 2 4 151 281 0.38574
5 2 4 152 278 -1
5 2 4 152 279 -1
5 2 4 152 280 -1
5 2 4 152 281 0.612829
5 2 4 153 278 -1
5 2 4 153 279 -1
5 2 4 153 280 -1
5 2 4 153 281 0.211369
5 2 4 154 278 0.889743
5 2 4 154 279 -1
5 2 4 154 280 -1
5 2 4 154 281 -1
5 2 4 155 278 -1
5 2 4 155 279 0.955682
5 2 4 155 280 -1
5 2 4 155 281 -1
5 3 4 221 278 0.118562
5 3 4 221 279 0.0867888
5 3 4 221 280 0.107195
5 3 4 221 281 0.0826395
5 3 4 222 278 0.0878148
5 3 4 222 279 0.106686
5 3 4 222 280 0.0902979
5 3 4 222 281 0.111639
5 3 4 223 278 0.0922977
5 3 4 223 279 0.102522
5 3 4 223 280 0.0998944
5 3 4 223 281 0.10156
6 0 1 22 89 0.0762607
6 0 1 22 90 0.166369
6 0 1 22 91 0.0617649
6 0 1 23 89 0.147748
6 0 1 23 90 0.115462
6 0 1 23 91 0.0711113
6 0 1 24 89 0.0302356
6 0 1 24 90 0.0872591
6 0 1 24 91 0.162169
6 0 1 25 89 0.0501705
6 0 1 25 90 0.085465
6 0 1 25 91 0.152979
6 0 1 26 89 0.167023
6 0 1 26 90 0.0828517
6 0 1 26 91 0.0915938
6 0 2 22 156 -1
6 0 2 22 157 0.961791
6 0 2 22 158 0.974227
6 0 2 22 159 -1
6 0 2 22 160 -1
6 0 2 23 156 -1
6 0 2 23 157 -1
6 0 2 23 158 -1
6 0 2 23 159 -1
6 0 2 23 160 0.88277
6 0 2 24 156 0.897892
6 0 2 24 157 -1
6 0 2 24 158 -1
6 0 2 24 159 -1
6 0 2 24 160 -1
6 0 2 25 156 0.987999
6 0 2 25 157 -1
6 0 2 25 158 0.000101447
6 0 2 25 159 -1
6 0 2 25 160 -1
6 0 2 26 156 -1
6 0 2 26 157 -1
6 0 2 26 158 -1
6 0 2 26 159 0.946297
6 0 2 26 160 -1
6 0 3 22 224 0.0712408
6 0 3 22 225 0.00425695
6 0 3 22 226 0.19801
6 0 3 23 224 0.0821011
6 0 3 23 225 0.0634168
6 0 3 23 226 0.136553
6 0 3 24 224 0.0997158
6 0 3 24 225 0.121575
6 0 3 24 226 0.0697171
6 0 3 25 224 0.0998413
6 0 3 25 225 0.121414
6 0 3 25 226 0.0697409
6 0 3 26 224 0.1066
6 0 3 26 225 0.105196
6 0 3 26 226 0.0775808
6 0 4 22 282 -1
6 0 4 22 283 -1
6 0 4 22 284 -1
6 0 4 22 285 0.822754
6 0 4 23 282 0.733017
6 0 4 23 283 -1
6 0 4 23 284 0.598017
6 0 4 23 285 0.581044
6 0 4 24 282 -1
6 0 4 24 283 0.892196
6 0 4 24 284 -1
6 0 4 24 285 -1
6 0 4 25 282 -1
6 0 4 25 283 0.965186
6 0 4 25 284 -1
6 0 4 25 285 -1
6 0 4 26 282 0.725677
6 0 4 26 283 -0.780661
6 0 4 26 284 0.621867
6 0 4 26 285 0.433117
6 1 2 89 156 -1
6 1 2 89 157 -1
6 1 2 89 158 -1
6 1 2 89 159 0.0590881
6 1 2 89 160 0.677337
6 1 2 90 156 -1
6 1 2 90 157 -1
6 1 2 90 158 0.942007
6 1 2 90 159 -1
6 1 2 90 160 -1
6 1 2 91 156 0.967902
6 1 2 91 157 0.20076
6 1 2 91 158 -1
6 1 2 91 159 -1
6 1 2 91 160 -1
6 1 3 89 224 0.147422
6 1 3 89 225 0.140768
6 1 3 89 226 0.144749
6 1 3 90 224 0.137657
6 1 3 90 225 0.0858222
6 1 3 90 226 0.198226
6 1 3 91 224 0.146713
6 1 3 91 225 0.193942
6 1 3 91 226 0.102268
6 1 4 89 282 -1
6 1 4 89 283 -1
6 1 4 89 284 0.682002
6 1 4 89 285 -1
6 1 4 90 282 -1
6 1 4 90 283 0.817484
6 1 4 90 284 -1
6 1 4 90 285 0.97591
6 1 4 91 282 -1
6 1 4 91 283 0.920986
6 1 4 91 284 -1
6 1 4 91 285 0.811874
6 2 3 156 224 -1
6 2 3 156 225 0.876399
6 2 3 156 226 -1
6 2 3 157 224 -1
6 2 3 157 225 -1
6 2 3 157 226 -1
6 2 3 158 224 -1
6 2 3 158 225 -1
6 2 3 158 226 0.918992
6 2 3 159 224 0.922485
6 2 3 159 225 -1
6 2 3 159 226 -1
6 2 3 160 224 -1
6 2 3 160 225 -1
6 2 3 160 226 0.973249
6 2 4 156 282 -1
6 2 4 156 283 0.900808
6 2 4 156 284 -1
6 2 4 156 285 -1
6 2 4 157 282 -1
6 2 4 157 283 -1
6 2 4 157 284 -1
6 2 4 157 285 0.93398
6 2 4 158 282 -1
6 2 4 158 283 -1
6 2 4 158 284 -1
6 2 4 158 285 0.82621
6 2 4 159 282 0.918161
6 2 4 159 283 -1
6 2 4 159 284 0.310482
6 2 4 159 285 -1
6 2 4 160 282 -1
6 2 4 160 283 -1
6 2 4 160 284 0.737683
6 2 4 160 285 -1
6 3 4 224 282 0.106329
6 3 4 224 283 0.116057
6 3 4 224 284 0.101595
6 3 4 224 285 0.10195
6 3 4 225 282 0.0975368
6 3 4 225 283 0.151332
6 3 4 225 284 0.0948697
6 3 4 225 285 0.091611
6 3 4 226 282 0.114634
6 3 4 226 283 0.0455854
6 3 4 226 284 0.122682
6 3 4 226 285 0.125838
7 0 1 27 92 0.578629
7 0 1 27 93 0.85884
7 0 1 27 94 -1
7 0 1 28 92 0.772449
7 0 1 28 93 -1
7 0 1 28 94 -1
7 0 1 29 92 0.56065
7 0 1 29 93 -1
7 0 1 29 94 0.740583
7 0 1 30 92 -1
7 0 1 30 93 -1
7 0 1 30 94 -1
7 0 2 27 161 -1
7 0 2 27 162 -1
7 0 2 27 163 0.993149
7 0 2 27 164 0.900218
7 0 2 27 165 -1
7 0 2 28 161 0.331101
7 0 2 28 162 0.540863
7 0 2 28 163 -1
7 0 2 28 164 -1
7 0 2 28 165 -1
7 0 2 29 161 -1
7 0 2 29 162 -1
7 0 2 29 163 0.0873794
7 0 2 29 164 -1
7 0 2 29 165 0.562086
7 0 2 30 161 -1
7 0 2 30 162 -1
7 0 2 30 163 0.329014
7 0 2 30 164 -1
7 0 2 30 165 -1
7 0 3 27 227 -1
7 0 3 27 228 -1
7 0 3 27 229 0.869509
7 0 3 28 227 0.679118
7 0 3 28 228 -1
7 0 3 28 229 -1
7 0 3 29 227 -1
7 0 3 29 228 0.737066
7 0 3 29 229 -1
7 0 3 30 227 -1
7 0 3 30 228 -1
7 0 3 30 229 -1
7 0 4 27 286 -1
7 0 4 27 287 0.260952
7 0 4 27 288 0.868774
7 0 4 27 289 -1
7 0 4 28 286 -1
7 0 4 28 287 -1
7 0 4 28 288 -1
7 0 4 28 289 0.913611
7 0 4 29 286 -1
7 0 4 29 287 0.813337
7 0 4 29 288 0.391917
7 0 4 29 289 -1
7 0 4 30 286 0.949517
7 0 4 30 287 -1
7 0 4 30 288 -1
7 0 4 30 289 -1
7 1 2 92 161 -1
7 1 2 92 162 0.798029
7 1 2 92 163 -1
7 1 2 92 164 -1
7 1 2 92 165 -1
7 1 2 93 161 -1
7 1 2 93 162 -1
7 1 2 93 163 -1
7 1 2 93 164 0.914821
7 1 2 93 165 -1
7 1 2 94 161 -1
7 1 2 94 162 -1
7 1 2 94 163 -1
7 1 2 94 164 -1
7 1 2 94 165 0.91086
7 1 3 92 227 0.866453
7 1 3 92 228 -1
7 1 3 92 229 -1
7 1 3 93 227 -1
7 1 3 93 228 0.737719
7 1 3 93 229 0.889848
7 1 3 94 227 -1
7 1 3 94 228 0.976079
7 1 3 94 229 0.531453
7 1 4 92 286 -1
7 1 4 92 287 -1
7 1 4 92 288 -1
7 1 4 92 289 0.887508
7 1 4 93 286 -1
7 1 4 93 287 -1
7 1 4 93 288 0.954454
7 1 4 93 289 -1
7 1 4 94 286 -1
7 1 4 94 287 0.966458
7 1 4 94 288 -1
7 1 4 94 289 -1
7 2 3 161 227 -1
7 2 3 161 228 -1
7 2 3 161 229 -1
7 2 3 162 227 0.805677
7 2 3 162 228 -1
7 2 3 162 229 -1
7 2 3 163 227 -1
7 2 3 163 228 -1
7 2 3 163 229 -1
7 2 3 164 227 -1
7 2 3 164 228 0.0281113
7 2 3 164 229 0.979246
7 2 3 165 227 -1
7 2 3 165 228 0.844463
7 2 3 165 229 -1
7 2 4 161 286 -1
7 2 4 161 287 -1
7 2 4 161 288 -1
7 2 4 161 289 -1
7 2 4 162 286 -1
7 2 4 162 287 -1
7 2 4 162 288 -1
7 2 4 162 289 0.686587
7 2 4 163 286 0.952387
7 2 4 163 287 -1
7 2 4 163 288 -1
7 2 4 163 289 -1
7 2 4 164 286 -1
7 2 4 164 287 -1
7 2 4 164 288 0.783537
7 2 4 164 289 -1
7 2 4 165 286 -1
7 2 4 165 287 0.993149
7 2 4 165 288 -1
7 2 4 165 289 -1
7 3 4 227 286 -1
7 3 4 227 287 0.162227
7 3 4 227 288 0.396563
7 3 4 227 289 0.655943
7 3 4 228 286 -1
7 3 4 228 287 0.912467
7 3 4 228 288 -1
7 3 4 228 289 -1
7 3 4 229 286 -1
7 3 4 229 287 -1
7 3 4 229 288 0.814354
7 3 4 229 289 0.435175
8 0 1 31 95 0.308318
8 0 1 31 96 0.922934
8 0 1 31 97 -1
8 0 1 31 98 -1
8 0 1 32 95 0.829249
8 0 1 32 96 -1
8 0 1 32 97 0.607424
8 0 1 32 98 -1
8 0 1 33 95 0.799654
8 0 1 33 96 -1
8 0 1 33 97 0.953791
8 0 1 33 98 -1
8 0 1 34 95 -0.937221
8 0 1 34 96 -1
8 0 1 34 97 -1
8 0 1 34 98 0.857116
8 0 2 31 166 -1
8 0 2 31 167 -1
8 0 2 31 168 0.126893
8 0 2 31 169 0.766229
8 0 2 31 170 -1
8 0 2 32 166 0.461709
8 0 2 32 167 0.703114
8 0 2 32 168 -1
8 0 2 32 169 -1
8 0 2 32 170 -1
8 0 2 33 166 -1
8 0 2 33 167 -1
8 0 2 33 168 0.348218
8 0 2 33 169 -1
8 0 2 33 170 0.750798
8 0 2 34 166 -1
8 0 2 34 167 -1
8 0 2 34 168 0.917884
8 0 2 34 169 -1
8 0 2 34 170 -1
8 0 3 31 230 -1
8 0 3 31 231 -1
8 0 3 31 232 0.825627
8 0 3 32 230 0.935892
8 0 3 32 231 -1
8 0 3 32 232 -1
8 0 3 33 230 -1
8 0 3 33 231 0.747034
8 0 3 33 232 -1
8 0 3 34 230 -1
8 0 3 34 231 -1
8 0 3 34 232 -1
8 0 4 31 290 -1
8 0 4 31 291 0.486275
8 0 4 31 292 0.949982
8 0 4 31 293 -1
8 0 4 32 290 -1
8 0 4 32 291 -1
8 0 4 32 292 -1
8 0 4 32 293 0.905476
8 0 4 33 290 -1
8 0 4 33 291 0.597332
8 0 4 33 292 0.738899
8 0 4 33 293 -1
8 0 4 34 290 0.860199
8 0 4 34 291 -1
8 0 4 34 292 -1
8 0 4 34 293 -1
8 1 2 95 166 -1
8 1 2 95 167 0.91529
8 1 2 95 168 0.572053
8 1 2 95 169 -1
8 1 2 95 170 -1
8 1 2 96 166 -1
8 1 2 96 167 -1
8 1 2 96 168 -1
8 1 2 96 169 0.501801
8 1 2 96 170 0.862599
8 1 2 97 166 -1
8 1 2 97 167 -1
8 1 2 97 168 -1
8 1 2 97 169 0.607425
8 1 2 97 170 0.971151
8 1 2 98 166 -1
8 1 2 98 167 0.600668
8 1 2 98 168 0.787851
8 1 2 98 169 -1
8 1 2 98 170 -1
8 1 3 95 230 0.764009
8 1 3 95 231 -1
8 1 3 95 232 -1
8 1 3 96 230 -1
8 1 3 96 231 0.570359
8 1 3 96 232 0.691734
8 1 3 97 230 -1
8 1 3 97 231 0.814076
8 1 3 97 232 0.560117
8 1 3 98 230 -1
8 1 3 98 231 -1
8 1 3 98 232 -1
8 1 4 95 290 0.914449
8 1 4 95 291 -1
8 1 4 95 292 -1
8 1 4 95 293 0.549639
8 1 4 96 290 -1
8 1 4 96 291 0.306596
8 1 4 96 292 0.723537
8 1 4 96 293 -1
8 1 4 97 290 -1
8 1 4 97 291 0.83596
8 1 4 97 292 -1
8 1 4 97 293 -1
8 1 4 98 290 0.982115
8 1 4 98 291 -1
8 1 4 98 292 -1
8 1 4 98 293 0.300065
8 2 3 166 230 -1
8 2 3 166 231 -1
8 2 3 166 232 -1
8 2 3 167 230 0.662126
8 2 3 167 231 -1
8 2 3 167 232 -1
8 2 3 168 230 -1
8 2 3 168 231 -1
8 2 3 168 232 -1
8 2 3 169 230 -1
8 2 3 169 231 -1
8 2 3 169 232 0.940359
8 2 3 170 230 -1
8 2 3 170 231 0.899971
8 2 3 170 232 -1
8 2 4 166 290 -1
8 2 4 166 291 -1
8 2 4 166 292 -1
8 2 4 166 293 -1
8 2 4 167 290 0.798816
8 2 4 167 291 -1
8 2 4 167 292 -1
8 2 4 167 293 0.464892
8 2 4 168 290 0.794836
8 2 4 168 291 -1
8 2 4 168 292 -1
8 2 4 168 293 0.229652
8 2 4 169 290 -1
8 2 4 169 291 -1
8 2 4 169 292 0.691888
8 2 4 169 293 -1
8 2 4 170 290 -1
8 2 4 170 291 0.965351
8 2 4 170 292 -1
8 2 4 170 293 -1
8 3 4 230 290 -1
8 3 4 230 291 0.553703
8 3 4 230 292 0.388933
8 3 4 230 293 0.757806
8 3 4 231 290 -1
8 3 4 231 291 0.922347
8 3 4 231 292 -1
8 3 4 231 293 -1
8 3 4 232 290 -1
8 3 4 232 291 -1
8 3 4 232 292 0.771353
8 3 4 232 293 -1
9 0 1 35 99 0.103189
9 0 1 35 100 -1
9 0 1 35 101 -1
9 0 1 36 99 0.246768
9 0 1 36 100 0.310184
9 0 1 36 101 0.267334
9 0 1 37 99 0.149284
9 0 1 37 100 0.386926
9 0 1 37 101 0.35749
9 0 2 35 171 -1
9 0 2 35 172 -1
9 0 2 36 171 0.489575
9 0 2 36 172 0.510425
9 0 2 37 171 0.490658
9 0 2 37 172 0.509342
9 0 3 35 233 0.252873
9 0 3 35 234 -1
9 0 3 36 233 0.242262
9 0 3 36 234 -1
9 0 3 37 233 0.504865
9 0 3 37 234 -1
9 0 4 35 294 -1
9 0 4 35 295 0.924815
9 0 4 36 294 -1
9 0 4 36 295 -1
9 0 4 37 294 -1
9 0 4 37 295 -1
9 1 2 99 171 -1
9 1 2 99 172 0.917393
9 1 2 100 171 0.846823
9 1 2 100 172 -1
9 1 2 101 171 -1
9 1 2 101 172 -1
9 1 3 99 233 0.939313
9 1 3 99 234 -1
9 1 3 100 233 0.933668
9 1 3 100 234 -1
9 1 3 101 233 -1
9 1 3 101 234 0.813229
9 1 4 99 294 -1
9 1 4 99 295 -1
9 1 4 100 294 -1
9 1 4 100 295 -1
9 1 4 101 294 0.611621
9 1 4 101 295 0.388379
9 2 3 171 233 0.909041
9 2 3 171 234 -1
9 2 3 172 233 -1
9 2 3 172 234 -1
9 2 4 171 294 -1
9 2 4 171 295 -1
9 2 4 172 294 -1
9 2 4 172 295 -1
9 3 4 233 294 0.440976
9 3 4 233 295 -1
9 3 4 234 294 0.434038
9 3 4 234 295 0.300058
10 0 1 38 102 0.960955
10 0 1 38 103 -1
10 0 1 39 102 0.279396
10 0 1 39 103 0.720604
10 0 1 40 102 -1
10 0 1 40 103 0.904114
10 0 2 38 173 0.977459
10 0 2 38 174 -1
10 0 2 39 173 -1
10 0 2 39 174 0.533617
10 0 2 40 173 0.977487
10 0 2 40 174 -1
10 0 3 38 235 0.46521
10 0 3 38 236 0.53479
10 0 3 39 235 0.703369
10 0 3 39 236 0.296631
10 0 3 40 235 -1
10 0 3 40 236 -1
10 0 4 38 296 -1
10 0 4 38 297 -1
10 0 4 39 296 0.550104
10 0 4 39 297 0.449896
10 0 4 40 296 -1
10 0 4 40 297 -1
10 1 2 102 173 0.97391
10 1 2 102 174 -1
10 1 2 103 173 -1
10 1 2 103 174 -1
10 1 3 102 235 0.411709
10 1 3 102 236 0.49231
10 1 3 103 235 -1
10 1 3 103 236 0.00179988
10 1 4 102 296 -1
10 1 4 102 297 -1
10 1 4 103 296 -1
10 1 4 103 297 -1
10 2 3 173 235 -1
10 2 3 173 236 0.395974
10 2 3 174 235 -1
10 2 3 174 236 0.604026
10 2 4 173 296 -1
10 2 4 173 297 -1
10 2 4 174 296 0.377531
10 2 4 174 297 0.622469
10 3 4 235 296 0.597879
10 3 4 235 297 0.187476
10 3 4 236 296 0.221928
10 3 4 236 297 0.615178
11 0 1 41 104 -1
11 0 1 41 105 0.64259
11 0 1 41 106 0.953553
11 0 1 42 104 0.103948
11 0 1 42 105 0.397053
11 0 1 42 106 0.498999
11 0 1 43 104 -1
11 0 1 43 105 -1
11 0 1 43 106 -1
11 0 2 41 175 0.927166
11 0 2 41 176 0.201392
11 0 2 41 177 -1
11 0 2 41 178 -1
11 0 2 42 175 -1
11 0 2 42 176 -1
11 0 2 42 177 0.476917
11 0 2 42 178 0.961751
11 0 2 43 175 -1
11 0 2 43 176 0.697815
11 0 2 43 177 -1
11 0 2 43 178 -1
11 0 3 41 237 0.951758
11 0 3 41 238 -1
11 0 3 41 239 -1
11 0 3 42 237 -1
11 0 3 42 238 0.366364
11 0 3 42 239 0.777904
11 0 3 43 237 0.0279707
11 0 3 43 238 0.198538
11 0 3 43 239 -1
11 0 4 41 298 0.459232
11 0 4 41 299 -1
11 0 4 41 300 0.920626
11 0 4 42 298 -1
11 0 4 42 299 0.990957
11 0 4 42 300 -1
11 0 4 43 298 0.86872
11 0 4 43 299 -1
11 0 4 43 300 -1
11 1 2 104 175 -1
11 1 2 104 176 -1
11 1 2 104 177 0.931506
11 1 2 104 178 -1
11 1 2 105 175 0.594186
11 1 2 105 176 -1
11 1 2 105 177 -1
11 1 2 105 178 -1
11 1 2 106 175 -1
11 1 2 106 176 -1
11 1 2 106 177 -1
11 1 2 106 178 0.97429
11 1 3 104 237 0.152418
11 1 3 104 238 0.178371
11 1 3 104 239 0.213098
11 1 3 105 237 0.33356
11 1 3 105 238 0.143703
11 1 3 105 239 0.0299922
11 1 3 106 237 0.130357
11 1 3 106 238 0.195557
11 1 3 106 239 0.213911
11 1 4 104 298 -1
11 1 4 104 299 -1
11 1 4 104 300 -1
11 1 4 105 298 0.439463
11 1 4 105 299 -1
11 1 4 105 300 0.641197
11 1 4 106 298 -1
11 1 4 106 299 0.856862
11 1 4 106 300 0.0471588
11 2 3 175 237 0.875842
11 2 3 175 238 -1
11 2 3 175 239 -1
11 2 3 176 237 -1
11 2 3 176 238 0.722789
11 2 3 176 239 -1
11 2 3 177 237 -1
11 2 3 177 238 0.938527
11 2 3 177 239 -1
11 2 3 178 237 -1
11 2 3 178 238 -1
11 2 3 178 239 0.934516
11 2 4 175 298 0.497994
11 2 4 175 299 -1
11 2 4 175 300 0.996489
11 2 4 176 298 0.595449
11 2 4 176 299 -1
11 2 4 176 300 0.483588
11 2 4 177 298 -1
11 2 4 177 299 -1
11 2 4 177 300 -1
11 2 4 178 298 -1
11 2 4 178 299 0.805208
11 2 4 178 300 -1
11 3 4 237 298 0.0509763
11 3 4 237 299 0.17626
11 3 4 237 300 0.222026
11 3 4 238 298 -1
11 3 4 238 299 0.376095
11 3 4 238 300 0.252619
11 3 4 239 298 -1
11 3 4 239 299 0.299734
11 3 4 239 300 0.339039
12 0 1 44 107 0.199421
12 0 1 44 108 0.336655
12 0 1 44 109 0.124015
12 0 1 45 107 0.205915
12 0 1 45 108 0.270652
12 0 1 45 109 0.150421
12 0 1 46 107 0.21312
12 0 1 46 108 -1
12 0 1 46 109 0.466
12 0 2 44 179 -1
12 0 2 44 180 -1
12 0 2 44 181 0.964627
12 0 2 44 182 -1
12 0 2 45 179 0.975755
12 0 2 45 180 0.0236504
12 0 2 45 181 -1
12 0 2 45 182 -1
12 0 2 46 179 -1
12 0 2 46 180 -1
12 0 2 46 181 0.880385
12 0 2 46 182 -1
12 0 3 44 240 0.0388705
12 0 3 44 241 -1
12 0 3 44 242 0.83105
12 0 3 45 240 0.841272
12 0 3 45 241 -1
12 0 3 45 242 -1
12 0 3 46 240 -1
12 0 3 46 241 -1
12 0 3 46 242 0.358822
12 0 4 44 301 0.354531
12 0 4 44 302 0.748307
12 0 4 44 303 0.842827
12 0 4 44 304 -1
12 0 4 45 301 -1
12 0 4 45 302 -1
12 0 4 45 303 -1
12 0 4 45 304 0.965947
12 0 4 46 301 0.876231
12 0 4 46 302 -1
12 0 4 46 303 -1
12 0 4 46 304 -1
12 1 2 107 179 0.839578
12 1 2 107 180 -1
12 1 2 107 181 0.178554
12 1 2 107 182 -1
12 1 2 108 179 -1
12 1 2 108 180 -1
12 1 2 108 181 -1
12 1 2 108 182 0.969923
12 1 2 109 179 -1
12 1 2 109 180 0.754253
12 1 2 109 181 0.984072
12 1 2 109 182 -1
12 1 3 107 240 0.713056
12 1 3 107 241 -1
12 1 3 107 242 -1
12 1 3 108 240 -1
12 1 3 108 241 0.993323
12 1 3 108 242 0.922962
12 1 3 109 240 0.857418
12 1 3 109 241 -1
12 1 3 109 242 -1
12 1 4 107 301 0.949404
12 1 4 107 302 -1
12 1 4 107 303 -1
12 1 4 107 304 0.783575
12 1 4 108 301 -1
12 1 4 108 302 0.890006
12 1 4 108 303 0.245211
12 1 4 108 304 -1
12 1 4 109 301 0.925407
12 1 4 109 302 -1
12 1 4 109 303 -1
12 1 4 109 304 0.75928
12 2 3 179 240 0.789025
12 2 3 179 241 -1
12 2 3 179 242 -1
12 2 3 180 240 -1
12 2 3 180 241 -1
12 2 3 180 242 -1
12 2 3 181 240 -1
12 2 3 181 241 0.00707012
12 2 3 181 242 -1
12 2 3 182 240 -1
12 2 3 182 241 0.925684
12 2 3 182 242 -1
12 2 4 179 301 -1
12 2 4 179 302 -1
12 2 4 179 303 -1
12 2 4 179 304 0.987642
12 2 4 180 301 0.00273991
12 2 4 180 302 -1
12 2 4 180 303 -1
12 2 4 180 304 0.0227402
12 2 4 181 301 0.952877
12 2 4 181 302 -1
12 2 4 181 303 -1
12 2 4 181 304 -1
12 2 4 182 301 -1
12 2 4 182 302 0.855472
12 2 4 182 303 -1
12 2 4 182 304 -1
12 3 4 240 301 0.181523
12 3 4 240 302 0.157629
12 3 4 240 303 0.0829021
12 3 4 240 304 0.332898
12 3 4 241 301 -1
12 3 4 241 302 0.379999
12 3 4 241 303 0.231459
12 3 4 241 304 0.278561
12 3 4 242 301 -1
12 3 4 242 302 0.172755
12 3 4 242 303 0.533321
12 3 4 242 304 -1
13 0 1 47 110 0.720974
13 0 1 47 111 0.829598
13 0 1 47 112 -1
13 0 1 48 110 0.731307
13 0 1 48 111 -1
13 0 1 48 112 -1
13 0 1 49 110 -1
13 0 1 49 111 -1
13 0 1 49 112 0.625553
13 0 2 47 183 -1
13 0 2 47 184 -1
13 0 2 47 185 0.345116
13 0 2 47 186 0.729745
13 0 2 47 187 -1
13 0 2 48 183 0.418418
13 0 2 48 184 0.648851
13 0 2 48 185 -1
13 0 2 48 186 -1
13 0 2 48 187 -1
13 0 2 49 183 -1
13 0 2 49 184 -1
13 0 2 49 185 -1
13 0 2 49 186 -1
13 0 2 49 187 0.635749
13 0 3 47 243 -1
13 0 3 47 244 -1
13 0 3 47 245 0.740829
13 0 3 48 243 0.320434
13 0 3 48 244 -1
13 0 3 48 245 -1
13 0 3 49 243 -1
13 0 3 49 244 0.724722
13 0 3 49 245 -1
13 0 4 47 305 -1
13 0 4 47 306 0.462371
13 0 4 47 307 0.970338
13 0 4 47 308 -1
13 0 4 48 305 -1
13 0 4 48 306 -1
13 0 4 48 307 -1
13 0 4 48 308 0.826798
13 0 4 49 305 -1
13 0 4 49 306 0.666317
13 0 4 49 307 0.695893
13 0 4 49 308 -1
13 1 2 110 183 -1
13 1 2 110 184 0.977213
13 1 2 110 185 -1
13 1 2 110 186 -1
13 1 2 110 187 -1
13 1 2 111 183 -1
13 1 2 111 184 -1
13 1 2 111 185 -1
13 1 2 111 186 0.866084
13 1 2 111 187 -1
13 1 2 112 183 -1
13 1 2 112 184 -1
13 1 2 112 185 -1
13 1 2 112 186 -1
13 1 2 112 187 0.774517
13 1 3 110 243 0.574653
13 1 3 110 244 -1
13 1 3 110 245 -1
13 1 3 111 243 -1
13 1 3 111 244 0.801246
13 1 3 111 245 0.928176
13 1 3 112 243 -1
13 1 3 112 244 0.752154
13 1 3 112 245 0.319604
13 1 4 110 305 -1
13 1 4 110 306 -1
13 1 4 110 307 -1
13 1 4 110 308 0.597099
13 1 4 111 305 -1
13 1 4 111 306 -1
13 1 4 111 307 0.895212
13 1 4 111 308 -1
13 1 4 112 305 -1
13 1 4 112 306 0.895529
13 1 4 112 307 -1
13 1 4 112 308 -1
13 2 3 183 243 -1
13 2 3 183 244 -1
13 2 3 183 245 -1
13 2 3 184 243 0.725162
13 2 3 184 244 -1
13 2 3 184 245 -1
13 2 3 185 243 -1
13 2 3 185 244 -1
13 2 3 185 245 -1
13 2 3 186 243 -1
13 2 3 186 244 -1
13 2 3 186 245 0.978004
13 2 3 187 243 -1
13 2 3 187 244 0.964695
13 2 3 187 245 -1
13 2 4 183 305 -1
13 2 4 183 306 -1
13 2 4 183 307 -1
13 2 4 183 308 -1
13 2 4 184 305 -1
13 2 4 184 306 -1
13 2 4 184 307 -1
13 2 4 184 308 0.589247
13 2 4 185 305 0.86344
13 2 4 185 306 -1
13 2 4 185 307 -1
13 2 4 185 308 -1
13 2 4 186 305 -1
13 2 4 186 306 -1
13 2 4 186 307 0.972652
13 2 4 186 308 -1
13 2 4 187 305 -1
13 2 4 187 306 0.903385
13 2 4 187 307 -1
13 2 4 187 308 -1
13 3 4 243 305 -1
13 3 4 243 306 -1
13 3 4 243 307 -1
13 3 4 243 308 0.246437
13 3 4 244 305 -1
13 3 4 244 306 0.894974
13 3 4 244 307 -1
13 3 4 244 308 -1
13 3 4 245 305 -1
13 3 4 245 306 -1
13 3 4 245 307 0.971263
13 3 4 245 308 -1
14 0 1 50 113 0.0893489
14 0 1 50 114 0.998838
14 0 1 50 115 -1
14 0 1 50 116 -1
14 0 1 51 113 0.483933
14 0 1 51 114 -1
14 0 1 51 115 -1
14 0 1 51 116 -1
14 0 1 52 113 0.426719
14 0 1 52 114 -1
14 0 1 52 115 0.702865
14 0 1 52 116 -1
14 0 2 50 188 -1
14 0 2 50 189 -1
14 0 2 50 190 -1
14 0 2 50 191 0.720339
14 0 2 50 192 -1
14 0 2 51 188 0.618531
14 0 2 51 189 0.899082
14 0 2 51 190 -1
14 0 2 51 191 -1
14 0 2 51 192 -1
14 0 2 52 188 -1
14 0 2 52 189 -1
14 0 2 52 190 0.60172
14 0 2 52 191 -1
14 0 2 52 192 0.574111
14 0 3 50 246 -1
14 0 3 50 247 -1
14 0 3 50 248 0.8874
14 0 3 51 246 0.866741
14 0 3 51 247 -1
14 0 3 51 248 -1
14 0 3 52 246 -1
14 0 3 52 247 0.79208
14 0 3 52 248 -1
14 0 4 50 309 -1
14 0 4 50 310 0.288187
14 0 4 50 311 0.970001
14 0 4 50 312 -1
14 0 4 51 309 -1
14 0 4 51 310 -1
14 0 4 51 311 -1
14 0 4 51 312 0.789182
14 0 4 52 309 -1
14 0 4 52 310 0.99929
14 0 4 52 311 0.0247409
14 0 4 52 312 -1
14 1 2 113 188 -1
14 1 2 113 189 0.973745
14 1 2 113 190 0.539561
14 1 2 113 191 -1
14 1 2 113 192 -1
14 1 2 114 188 -1
14 1 2 114 189 -1
14 1 2 114 190 -1
14 1 2 114 191 0.583693
14 1 2 114 192 0.62139
14 1 2 115 188 -1
14 1 2 115 189 -1
14 1 2 115 190 -1
14 1 2 115 191 0.291111
14 1 2 115 192 0.768691
14 1 2 116 188 -1
14 1 2 116 189 -1
14 1 2 116 190 0.960211
14 1 2 116 191 -1
14 1 2 116 192 -1
14 1 3 113 246 0.780084
14 1 3 113 247 -1
14 1 3 113 248 -1
14 1 3 114 246 -1
14 1 3 114 247 0.326677
14 1 3 114 248 0.806275
14 1 3 115 246 -1
14 1 3 115 247 0.902917
14 1 3 115 248 0.198603
14 1 3 116 246 -1
14 1 3 116 247 -1
14 1 3 116 248 -1
14 1 4 113 309 0.764605
14 1 4 113 310 -1
14 1 4 113 311 -1
14 1 4 113 312 0.77321
14 1 4 114 309 -1
14 1 4 114 310 -1
14 1 4 114 311 0.901354
14 1 4 114 312 -1
14 1 4 115 309 -1
14 1 4 115 310 0.912247
14 1 4 115 311 -1
14 1 4 115 312 -1
14 1 4 116 309 0.990512
14 1 4 116 310 -1
14 1 4 116 311 -1
14 1 4 116 312 0.880252
14 2 3 188 246 -1
14 2 3 188 247 -1
14 2 3 188 248 -1
14 2 3 189 246 0.745467
14 2 3 189 247 -1
14 2 3 189 248 -1
14 2 3 190 246 -1
14 2 3 190 247 -1
14 2 3 190 248 0.230242
14 2 3 191 246 -1
14 2 3 191 247 -1
14 2 3 191 248 0.535686
14 2 3 192 246 -1
14 2 3 192 247 0.740165
14 2 3 192 248 -1
14 2 4 188 309 -1
14 2 4 188 310 -1
14 2 4 188 311 -1
14 2 4 188 312 -1
14 2 4 189 309 0.87923
14 2 4 189 310 -1
14 2 4 189 311 -1
14 2 4 189 312 0.743069
14 2 4 190 309 0.981628
14 2 4 190 310 -1
14 2 4 190 311 -1
14 2 4 190 312 0.305645
14 2 4 191 309 -1
14 2 4 191 310 -1
14 2 4 191 311 0.428879
14 2 4 191 312 -1
14 2 4 192 309 -1
14 2 4 192 310 0.777886
14 2 4 192 311 -1
14 2 4 192 312 -1
14 3 4 246 309 -1
14 3 4 246 310 0.623275
14 3 4 246 311 -1
14 3 4 246 312 0.65484
14 3 4 247 309 -1
14 3 4 247 310 0.973137
14 3 4 247 311 -1
14 3 4 247 312 -1
14 3 4 248 309 -1
14 3 4 248 310 -1
14 3 4 248 311 0.928923
14 3 4 248 312 -1
15 0 1 53 117 -1
15 0 1 53 118 0.86549
15 0 1 53 119 0.984104
15 0 1 54 117 -1
15 0 1 54 118 -1
15 0 1 54 119 -1
15 0 2 53 193 -1
15 0 2 53 194 -1
15 0 2 53 195 -1
15 0 2 54 193 -1
15 0 2 54 194 0.897344
15 0 2 54 195 0.31734
15 0 3 53 249 0.966618
15 0 3 53 250 -1
15 0 3 54 249 -1
15 0 3 54 250 -1
15 0 4 53 313 -1
15 0 4 53 314 -1
15 0 4 53 315 0.885039
15 0 4 53 316 -1
15 0 4 54 313 -1
15 0 4 54 314 0.987578
15 0 4 54 315 -1
15 0 4 54 316 0.581585
15 1 2 117 193 -1
15 1 2 117 194 -1
15 1 2 117 195 0.928143
15 1 2 118 193 0.57837
15 1 2 118 194 -1
15 1 2 118 195 -1
15 1 2 119 193 -1
15 1 2 119 194 -1
15 1 2 119 195 0.780729
15 1 3 117 249 -1
15 1 3 117 250 -1
15 1 3 118 249 0.278123
15 1 3 118 250 0.600552
15 1 3 119 249 0.591802
15 1 3 119 250 0.408198
15 1 4 117 313 0.210405
15 1 4 117 314 0.076334
15 1 4 117 315 0.343202
15 1 4 117 316 0.226232
15 1 4 118 313 0.139111
15 1 4 118 314 -1
15 1 4 118 315 -1
15 1 4 118 316 0.514225
15 1 4 119 313 0.340797
15 1 4 119 314 -1
15 1 4 119 315 0.975297
15 1 4 119 316 -1
15 2 3 193 249 -1
15 2 3 193 250 0.939543
15 2 3 194 249 -1
15 2 3 194 250 -1
15 2 3 195 249 -1
15 2 3 195 250 -1
15 2 4 193 313 -1
15 2 4 193 314 -1
15 2 4 193 315 -1
15 2 4 193 316 0.921503
15 2 4 194 313 -1
15 2 4 194 314 0.789376
15 2 4 194 315 -1
15 2 4 194 316 -1
15 2 4 195 313 0.830681
15 2 4 195 314 -1
15 2 4 195 315 0.868319
15 2 4 195 316 -1
15 3 4 249 313 -1
15 3 4 249 314 -1
15 3 4 249 315 0.817114
15 3 4 249 316 -1
15 3 4 250 313 -1
15 3 4 250 314 -1
15 3 4 250 315 0.133116
15 3 4 250 316 0.987977
16 0 1 55 120 -0.688589
16 0 1 55 121 -1
16 0 1 55 122 -1
16 0 1 56 120 0.431629
16 0 1 56 121 0.934278
16 0 1 56 122 -1
16 0 1 57 120 0.621586
16 0 1 57 121 -1
16 0 1 57 122 -1
16 0 1 58 120 0.626508
16 0 1 58 121 -1
16 0 1 58 122 -1
16 0 1 59 120 0.00886584
16 0 1 59 121 -1
16 0 1 59 122 0.996806
16 0 2 55 196 -1
16 0 2 55 197 -1
16 0 2 55 198 -1
16 0 2 56 196 -1
16 0 2 56 197 0.503704
16 0 2 56 198 -1
16 0 2 57 196 0.970377
16 0 2 57 197 -1
16 0 2 57 198 -1
16 0 2 58 196 0.838893
16 0 2 58 197 -1
16 0 2 58 198 -1
16 0 2 59 196 -1
16 0 2 59 197 0.852135
16 0 2 59 198 0.830918
16 0 3 55 251 -1
16 0 3 55 252 -1
16 0 3 55 253 -1
16 0 3 56 251 -1
16 0 3 56 252 -1
16 0 3 56 253 0.429048
16 0 3 57 251 0.920356
16 0 3 57 252 -1
16 0 3 57 253 -1
16 0 3 58 251 0.982136
16 0 3 58 252 -1
16 0 3 58 253 -1
16 0 3 59 251 -1
16 0 3 59 252 0.675061
16 0 3 59 253 0.01716
16 0 4 55 317 -1
16 0 4 55 318 -1
16 0 4 55 319 -1
16 0 4 56 317 -1
16 0 4 56 318 0.450285
16 0 4 56 319 0.635905
16 0 4 57 317 -1
16 0 4 57 318 -1
16 0 4 57 319 -1
16 0 4 58 317 -1
16 0 4 58 318 -1
16 0 4 58 319 -1
16 0 4 59 317 0.698141
16 0 4 59 318 -1
16 0 4 59 319 -1
16 1 2 120 196 0.884572
16 1 2 120 197 0.797215
16 1 2 120 198 -1
16 1 2 121 196 -1
16 1 2 121 197 -1
16 1 2 121 198 0.640515
16 1 2 122 196 0.925853
16 1 2 122 197 0.816892
16 1 2 122 198 -1
16 1 3 120 251 0.901293
16 1 3 120 252 -1
16 1 3 120 253 -1
16 1 3 121 251 -1
16 1 3 121 252 0.906234
16 1 3 121 253 0.156826
16 1 3 122 251 0.179255
16 1 3 122 252 0.0699348
16 1 3 122 253 -1
16 1 4 120 317 0.824752
16 1 4 120 318 -1
16 1 4 120 319 -1
16 1 4 121 317 -1
16 1 4 121 318 0.887491
16 1 4 121 319 -1
16 1 4 122 317 0.796632
16 1 4 122 318 -1
16 1 4 122 319 -1
16 2 3 196 251 0.856723
16 2 3 196 252 -1
16 2 3 196 253 -1
16 2 3 197 251 -1
16 2 3 197 252 0.699301
16 2 3 197 253 -1
16 2 3 198 251 -1
16 2 3 198 252 0.525667
16 2 3 198 253 -1
16 2 4 196 317 -1
16 2 4 196 318 -1
16 2 4 196 319 -1
16 2 4 197 317 0.973495
16 2 4 197 318 -1
16 2 4 197 319 -1
16 2 4 198 317 -1
16 2 4 198 318 0.531218
16 2 4 198 319 -1
16 3 4 251 317 0.266485
16 3 4 251 318 0.932786
16 3 4 251 319 -1
16 3 4 252 317 -1
16 3 4 252 318 0.983172
16 3 4 252 319 -1
16 3 4 253 317 -1
16 3 4 253 318 -1
16 3 4 253 319 0.942051
17 0 1 60 123 -1
17 0 1 60 124 0.991183
17 0 1 60 125 -1
17 0 1 60 126 -1
17 0 1 61 123 0.939479
17 0 1 61 124 -1
17 0 1 61 125 0.945957
17 0 1 61 126 -1
17 0 1 62 123 0.895518
17 0 1 62 124 -1
17 0 1 62 125 0.854804
17 0 1 62 126 -1
17 0 2 60 199 -1
17 0 2 60 200 -1
17 0 2 60 201 -1
17 0 2 60 202 0.712912
17 0 2 60 203 -1
17 0 2 61 199 -1
17 0 2 61 200 -1
17 0 2 61 201 0.891397
17 0 2 61 202 -1
17 0 2 61 203 0.177759
17 0 2 62 199 0.655157
17 0 2 62 200 0.810268
17 0 2 62 201 -1
17 0 2 62 202 -1
17 0 2 62 203 -1
17 0 3 60 254 -1
17 0 3 60 255 -1
17 0 3 60 256 0.478238
17 0 3 61 254 -1
17 0 3 61 255 0.939072
17 0 3 61 256 -1
17 0 3 62 254 0.980106
17 0 3 62 255 -1
17 0 3 62 256 -1
17 0 4 60 320 -1
17 0 4 60 321 0.977876
17 0 4 60 322 0.0608661
17 0 4 60 323 -1
17 0 4 61 320 -1
17 0 4 61 321 0.964921
17 0 4 61 322 -1
17 0 4 61 323 -1
17 0 4 62 320 -1
17 0 4 62 321 -1
17 0 4 62 322 -1
17 0 4 62 323 0.986285
17 1 2 123 199 -1
17 1 2 123 200 0.814143
17 1 2 123 201 -1
17 1 2 123 202 -1
17 1 2 123 203 -1
17 1 2 124 199 -1
17 1 2 124 200 -1
17 1 2 124 201 -1
17 1 2 124 202 0.963946
17 1 2 124 203 0.593769
17 1 2 125 199 -1
17 1 2 125 200 -1
17 1 2 125 201 -1
17 1 2 125 202 0.920305
17 1 2 125 203 0.655778
17 1 2 126 199 -1
17 1 2 126 200 -1
17 1 2 126 201 0.85282
17 1 2 126 202 -1
17 1 2 126 203 -1
17 1 3 123 254 0.842637
17 1 3 123 255 -1
17 1 3 123 256 -1
17 1 3 124 254 -1
17 1 3 124 255 0.5809
17 1 3 124 256 0.96784
17 1 3 125 254 -1
17 1 3 125 255 0.806291
17 1 3 125 256 0.278123
17 1 3 126 254 -1
17 1 3 126 255 -1
17 1 3 126 256 -1
17 1 4 123 320 -1
17 1 4 123 321 -1
17 1 4 123 322 -1
17 1 4 123 323 0.532014
17 1 4 124 320 -1
17 1 4 124 321 -1
17 1 4 124 322 0.621548
17 1 4 124 323 -1
17 1 4 125 320 -1
17 1 4 125 321 0.635337
17 1 4 125 322 0.158795
17 1 4 125 323 -1
17 1 4 126 320 0.910677
17 1 4 126 321 -1
17 1 4 126 322 -1
17 1 4 126 323 -1
17 2 3 199 254 -1
17 2 3 199 255 -1
17 2 3 199 256 -1
17 2 3 200 254 0.771315
17 2 3 200 255 -1
17 2 3 200 256 -1
17 2 3 201 254 -1
17 2 3 201 255 -1
17 2 3 201 256 -1
17 2 3 202 254 -1
17 2 3 202 255 -1
17 2 3 202 256 0.852627
17 2 3 203 254 -1
17 2 3 203 255 0.249963
17 2 3 203 256 -1
17 2 4 199 320 -1
17 2 4 199 321 -1
17 2 4 199 322 -1
17 2 4 199 323 -1
17 2 4 200 320 0.565114
17 2 4 200 321 -1
17 2 4 200 322 -1
17 2 4 200 323 0.750943
17 2 4 201 320 0.89819
17 2 4 201 321 -1
17 2 4 201 322 -1
17 2 4 201 323 0.705883
17 2 4 202 320 -1
17 2 4 202 321 -1
17 2 4 202 322 0.856931
17 2 4 202 323 -1
17 2 4 203 320 -1
17 2 4 203 321 0.54048
17 2 4 203 322 -1
17 2 4 203 323 -1
17 3 4 254 320 -1
17 3 4 254 321 0.68357
17 3 4 254 322 -1
17 3 4 254 323 0.745598
17 3 4 255 320 -1
17 3 4 255 321 0.948567
17 3 4 255 322 -1
17 3 4 255 323 -1
17 3 4 256 320 -1
17 3 4 256 321 -1
17 3 4 256 322 0.956195
17 3 4 256 323 -1
18 0 1 63 127 0.442882
18 0 1 63 128 0.972987
18 0 1 63 129 -1
18 0 1 64 127 0.494376
18 0 1 64 128 0.309037
18 0 1 64 129 -1
18 0 1 65 127 0.062742
18 0 1 65 128 -1
18 0 1 65 129 0.716955
18 0 2 63 204 0.65894
18 0 2 63 205 0.966792
18 0 2 63 206 -1
18 0 2 64 204 -1
18 0 2 64 205 -1
18 0 2 64 206 -1
18 0 2 65 204 0.249537
18 0 2 65 205 -1
18 0 2 65 206 0.15929
18 0 3 63 257 0.949955
18 0 3 64 257 -1
18 0 3 65 257 -1
18 0 4 63 324 -1
18 0 4 63 325 0.220393
18 0 4 63 326 0.866267
18 0 4 63 327 -1
18 0 4 64 324 0.389547
18 0 4 64 325 -1
18 0 4 64 326 -1
18 0 4 64 327 0.923825
18 0 4 65 324 -1
18 0 4 65 325 0.63292
18 0 4 65 326 0.290477
18 0 4 65 327 -1
18 1 2 127 204 -1
18 1 2 127 205 -1
18 1 2 127 206 -1
18 1 2 128 204 -1
18 1 2 128 205 0.923236
18 1 2 128 206 -1
18 1 2 129 204 -1
18 1 2 129 205 -1
18 1 2 129 206 0.488962
18 1 3 127 257 -1
18 1 3 128 257 0.975718
18 1 3 129 257 0.148749
18 1 4 127 324 -1
18 1 4 127 325 -1
18 1 4 127 326 -1
18 1 4 127 327 -1
18 1 4 128 324 -1
18 1 4 128 325 -1
18 1 4 128 326 0.824183
18 1 4 128 327 -1
18 1 4 129 324 -1
18 1 4 129 325 0.7369
18 1 4 129 326 -1
18 1 4 129 327 -1
18 2 3 204 257 -1
18 2 3 205 257 0.926887
18 2 3 206 257 -1
18 2 4 204 324 0.726108
18 2 4 204 325 -1
18 2 4 204 326 -1
18 2 4 204 327 -1
18 2 4 205 324 -1
18 2 4 205 325 -1
18 2 4 205 326 0.817282
18 2 4 205 327 -1
18 2 4 206 324 -1
18 2 4 206 325 0.983907
18 2 4 206 326 -1
18 2 4 206 327 -1
18 3 4 257 324 -1
18 3 4 257 325 -1
18 3 4 257 326 0.917897
18 3 4 257 327 0.567603
end of Frame 278
