J OverallIdx viewIdx joint种类0-18(jointIdx) 该joint在图中的顺序(candidix) x y score
0 0 0 0 42.0713 385.914 0.695136
1 0 0 1 661.728 385.906 0.648098
2 0 0 2 325.313 434.412 0.596669
3 0 1 0 661.925 198.211 0.81081
4 0 1 1 325.359 208.792 0.892695
5 0 1 2 44.8404 242.494 0.839582
6 0 2 0 678.592 383.81 0.549536
7 0 2 1 372.975 438.608 0.571754
8 0 3 0 78.5577 390.123 0.74641
9 0 3 1 642.295 390.114 0.618275
10 0 3 2 280.351 432.299 0.588365
11 0 4 0 597.343 145.447 0.885951
12 0 4 1 95.3174 177.252 0.879968
13 0 5 0 681.476 200.321 0.694885
14 0 5 1 403.808 210.852 0.8034
15 0 6 0 642.331 196.084 0.854479
16 0 6 1 255.091 206.602 0.792301
17 0 6 2 100.864 244.658 0.904021
18 0 7 0 670.263 533.5 0.747003
19 0 7 1 347.809 630.486 0.747275
20 0 8 0 75.6466 497.646 0.815955
21 0 8 1 617.065 541.896 0.785203
22 0 8 2 258.143 613.552 0.722943
23 0 9 0 378.608 122.302 0.841335
24 0 9 1 39.2248 177.068 0.898874
25 0 10 0 305.642 122.326 0.83952
26 0 10 1 639.33 143.374 0.936498
27 0 11 0 720.761 282.562 0.697837
28 0 11 1 437.37 345.877 0.895496
29 0 12 0 661.731 261.405 0.882343
30 0 12 1 117.798 312.153 0.878038
31 0 12 2 216.021 339.517 0.836469
32 0 13 0 681.397 668.416 0.69375
33 0 13 1 328.123 765.535 0.316312
34 0 14 0 78.374 596.78 0.821705
35 0 14 1 664.589 683.157 0.733523
36 0 14 2 232.779 765.529 0.411232
37 0 15 0 667.487 328.893 0.404449
38 0 15 1 415.112 430.181 0.692416
39 0 16 0 616.947 329.053 0.794634
40 0 16 1 123.394 373.227 0.862826
41 0 16 2 258.029 413.248 0.694427
42 0 17 0 75.7549 624.144 0.790831
43 0 17 1 600.189 725.408 0.694096
44 0 18 0 625.384 662.101 0.232487
45 1 0 0 123.267 394.3 0.785501
46 1 0 1 681.518 402.735 0.703851
47 1 1 0 684.191 236.207 0.866174
48 1 1 1 109.367 246.686 0.865056
49 1 2 0 95.379 394.291 0.727061
50 1 2 1 706.807 400.675 0.703333
51 1 3 0 145.961 394.278 0.763404
52 1 3 1 656.127 402.76 0.655694
53 1 4 0 168.18 191.798 0.893238
54 1 4 1 611.373 200.29 0.741476
55 1 5 0 72.8996 242.549 0.852087
56 1 5 1 726.395 242.468 0.869675
57 1 6 0 639.529 231.946 0.871343
58 1 6 1 148.66 253.065 0.820229
59 1 7 0 103.882 499.759 0.857661
60 1 7 1 687.138 531.323 0.79638
61 1 8 0 143.008 514.416 0.84179
62 1 8 1 616.853 531.285 0.830956
63 1 9 0 687.021 177.235 0.260625
64 1 9 1 126.142 183.427 0.870947
65 1 10 0 642.123 179.272 0.967138
66 1 11 0 30.8632 314.153 0.893715
67 1 11 1 751.563 329.043 0.958129
68 1 12 0 165.505 328.888 0.909298
69 1 12 1 636.561 328.994 0.915426
70 1 13 0 70.15 620.008 0.771229
71 1 13 1 681.512 651.564 0.824385
72 1 14 0 131.825 615.798 0.820293
73 1 14 1 611.276 655.839 0.754741
74 1 15 0 50.4447 375.354 0.849356
75 1 15 1 709.535 379.658 0.791626
76 1 16 0 196.324 381.715 0.869363
77 1 16 1 614.21 396.527 0.862191
78 1 17 0 173.892 636.808 0.807618
79 1 17 1 549.613 662.117 0.784402
80 1 18 0 645.04 647.343 0.37308
81 1 18 1 95.2967 653.699 0.767813
82 2 0 0 457.18 231.956 0.783444
83 2 0 1 715.075 371.128 0.641279
84 2 0 2 193.6 698.01 0.482999
85 2 1 0 456.971 86.4441 0.843123
86 2 1 1 748.685 225.599 0.769714
87 2 1 2 117.719 489.23 0.64217
88 2 2 0 431.907 231.988 0.746543
89 2 2 1 712.34 364.847 0.559451
90 2 2 2 190.724 706.392 0.542418
91 2 3 0 482.39 231.928 0.778779
92 2 3 1 712.36 377.429 0.713502
93 2 3 2 210.33 687.453 0.394042
94 2 4 0 434.646 42.2778 0.947213
95 2 4 1 684.239 160.339 0.914361
96 2 5 0 412.11 82.263 0.830908
97 2 5 1 734.698 210.917 0.621506
98 2 5 2 120.456 531.375 0.676751
99 2 6 0 501.86 88.5129 0.819605
100 2 6 1 754.347 238.304 0.820876
101 2 6 2 101.037 444.973 0.611065
102 2 7 0 440.33 329.07 0.875046
103 2 7 1 703.841 478.669 0.669848
104 2 8 0 501.998 331.095 0.858603
105 2 8 1 684.38 480.859 0.770748
106 2 9 0 168.276 379.575 0.856162
107 2 10 0 465.522 31.672 0.764471
108 2 10 1 729.137 160.384 0.961673
109 2 11 0 373.067 124.381 0.896338
110 2 11 1 78.4671 672.701 0.827245
111 2 12 0 552.525 141.186 0.891176
112 2 12 1 757.259 341.625 0.836331
113 2 12 2 162.649 522.956 0.468132
114 2 13 0 454.24 396.553 0.862829
115 2 13 1 687.025 550.395 0.75086
116 2 14 0 527.05 411.157 0.870249
117 2 14 1 681.462 594.643 0.77794
118 2 15 0 401.012 177.169 0.894912
119 2 15 1 173.822 731.683 0.841303
120 2 16 0 521.534 193.934 0.87927
121 2 16 1 706.609 381.625 0.913209
122 2 16 2 227.111 558.775 0.789765
123 2 17 0 527.339 444.895 0.807695
124 2 17 1 631.01 615.761 0.776778
125 2 18 0 415.148 428.017 0.828291
126 2 18 1 639.348 552.459 0.862936
127 3 0 0 257.844 356.393 0.792181
128 3 0 1 717.943 678.996 0.255229
129 3 1 0 729.11 177.219 0.730956
130 3 1 1 229.864 193.971 0.895701
131 3 2 0 218.767 360.594 0.746122
132 3 2 1 818.946 685.32 0.202872
133 3 3 0 286.071 350.017 0.74773
134 3 3 1 619.75 674.788 0.261069
135 3 4 0 235.618 126.555 0.968419
136 3 4 1 549.503 145.516 0.340346
137 3 5 0 908.592 164.494 0.598659
138 3 5 1 171.102 200.335 0.821625
139 3 6 0 280.355 183.496 0.856766
140 3 6 1 549.682 193.993 0.571458
141 3 7 0 235.673 482.94 0.819324
142 3 8 0 325.32 463.998 0.88506
143 3 9 0 793.703 13.5903 0.373399
144 3 9 1 190.808 130.737 0.876872
145 3 10 0 586.115 134.922 0.458389
146 3 11 0 117.697 265.758 0.829187
147 3 11 1 959.08 392.208 0.210121
148 3 11 2 964.714 474.423 0.366856
149 3 12 0 325.176 232.009 0.899686
150 3 12 1 488.011 503.966 0.626898
151 3 13 0 252.328 582.022 0.744152
152 3 14 0 325.276 550.444 0.894474
153 3 15 0 173.848 314.143 0.903918
154 3 16 0 314.051 288.914 0.826167
155 3 17 0 370.068 581.967 0.885261
156 3 18 0 258.017 603.064 0.490945
157 4 0 0 583.289 286.762 0.706688
158 4 0 1 482.245 339.472 0.404275
159 4 1 0 482.4 122.291 0.609464
160 4 1 1 571.968 141.231 0.940989
161 4 2 0 549.708 288.915 0.714213
162 4 2 1 479.456 339.505 0.555301
163 4 3 0 616.866 284.669 0.752241
164 4 3 1 485.13 339.472 0.279556
165 4 4 0 552.508 42.2125 0.613976
166 4 4 1 591.778 90.726 0.933564
167 4 5 0 482.388 126.577 0.758726
168 4 5 1 527.204 141.279 0.767475
169 4 6 0 485.204 111.807 0.430955
170 4 6 1 616.853 139.169 0.859453
171 4 7 0 563.665 396.505 0.794568
172 4 7 1 482.247 512.353 0.599636
173 4 8 0 636.637 394.248 0.837362
174 4 8 1 485.105 495.508 0.405724
175 4 9 0 507.682 40.1086 0.881744
176 4 9 1 552.451 77.995 0.917117
177 4 11 0 457.07 229.798 0.881214
178 4 12 0 622.584 210.954 0.856808
179 4 13 0 572.14 495.533 0.859494
180 4 13 1 462.711 664.214 0.766317
181 4 14 0 639.304 493.403 0.859556
182 4 14 1 445.863 596.693 0.699061
183 4 15 0 499.141 295.194 0.790111
184 4 16 0 636.499 276.182 0.81718
185 4 17 0 684.151 512.445 0.928748
186 4 17 1 496.365 607.293 0.537951
187 4 18 0 597.344 518.803 0.828353
188 4 18 1 541.243 685.4 0.697847
P viewIdx, pafIdx, aOverAllIdx, bOverAllIdx, CandidAIdx, CandidBIdx, score
0 0 3 0 0 0 0
0 0 3 1 0 1 0.961273
0 0 3 2 0 2 0
0 0 4 0 1 0 0
0 0 4 1 1 1 0
0 0 4 2 1 2 0.992331
0 0 5 0 2 0 0.972346
0 0 5 1 2 1 0
0 0 5 2 2 2 0
0 1 6 18 0 0 0.958967
0 1 6 19 0 1 0
0 1 7 18 1 0 0
0 1 7 19 1 1 0.952127
0 2 18 32 0 0 0.972709
0 2 18 33 0 1 0
0 2 19 32 1 0 0
0 2 19 33 1 1 0.964179
0 3 0 6 0 0 0
0 3 0 7 0 1 0
0 3 1 6 1 0 0.857353
0 3 1 7 1 1 0
0 3 2 6 2 0 0
0 3 2 7 2 1 0.879098
0 4 0 8 0 0 0.936786
0 4 0 9 0 1 0
0 4 0 10 0 2 0
0 4 1 8 1 0 0
0 4 1 9 1 1 0.86656
0 4 1 10 1 2 0
0 4 2 8 2 0 0
0 4 2 9 2 1 0
0 4 2 10 2 2 0.876205
0 5 8 20 0 0 0.990826
0 5 8 21 0 1 0
0 5 8 22 0 2 0
0 5 9 20 1 0 0
0 5 9 21 1 1 0.955109
0 5 9 22 1 2 0
0 5 10 20 2 0 0
0 5 10 21 2 1 0
0 5 10 22 2 2 0.955351
0 6 20 34 0 0 0.993825
0 6 20 35 0 1 0
0 6 20 36 0 2 0
0 6 21 34 1 0 0
0 6 21 35 1 1 0.989296
0 6 21 36 1 2 0
0 6 22 34 2 0 0
0 6 22 35 2 1 0
0 6 22 36 2 2 0.95633
0 7 3 13 0 0 0.96403
0 7 3 14 0 1 0
0 7 4 13 1 0 0
0 7 4 14 1 1 0.994546
0 7 5 13 2 0 0
0 7 5 14 2 1 0
0 8 13 27 0 0 0.963442
0 8 13 28 0 1 0
0 8 14 27 1 0 0
0 8 14 28 1 1 0.993542
0 9 27 37 0 0 0.848664
0 9 27 38 0 1 0
0 9 28 37 1 0 0
0 9 28 38 1 1 0.961918
0 10 13 23 0 0 0
0 10 13 24 0 1 0
0 10 14 23 1 0 0.992563
0 10 14 24 1 1 0
0 11 3 15 0 0 0.989592
0 11 3 16 0 1 0
0 11 3 17 0 2 0
0 11 4 15 1 0 0
0 11 4 16 1 1 0.990388
0 11 4 17 1 2 0
0 11 5 15 2 0 0
0 11 5 16 2 1 0
0 11 5 17 2 2 0.998945
0 12 15 29 0 0 0.984561
0 12 15 30 0 1 0
0 12 15 31 0 2 0
0 12 16 29 1 0 0
0 12 16 30 1 1 0
0 12 16 31 1 2 0.976653
0 12 17 29 2 0 0
0 12 17 30 2 1 0.993038
0 12 17 31 2 2 0
0 13 29 39 0 0 0.959825
0 13 29 40 0 1 0
0 13 29 41 0 2 0
0 13 30 39 1 0 0
0 13 30 40 1 1 0.996169
0 13 30 41 1 2 0
0 13 31 39 2 0 0
0 13 31 40 2 1 0
0 13 31 41 2 2 0.984005
0 14 15 25 0 0 0
0 14 15 26 0 1 0.996325
0 14 16 25 1 0 0.972494
0 14 16 26 1 1 0
0 14 17 25 2 0 0
0 14 17 26 2 1 0
0 15 3 11 0 0 0.997705
0 15 3 12 0 1 0
0 15 4 11 1 0 0
0 15 4 12 1 1 0
0 15 5 11 2 0 0
0 15 5 12 2 1 0.978319
0 16 34 42 0 0 0.999627
0 16 34 43 0 1 0
0 16 35 42 1 0 0
0 16 35 43 1 1 0.932902
0 16 36 42 2 0 0
0 16 36 43 2 1 0
0 17 32 44 0 0 0.747038
0 17 33 44 1 0 0
1 0 47 45 0 0 0
1 0 47 46 0 1 0.989439
1 0 48 45 1 0 0.98225
1 0 48 46 1 1 0
1 1 49 59 0 0 0.994393
1 1 49 60 0 1 0
1 1 50 59 1 0 0
1 1 50 60 1 1 0.956148
1 2 59 70 0 0 0.982883
1 2 59 71 0 1 0
1 2 60 70 1 0 0
1 2 60 71 1 1 0.989141
1 3 45 49 0 0 0.950173
1 3 45 50 0 1 0
1 3 46 49 1 0 0
1 3 46 50 1 1 0.918782
1 4 45 51 0 0 0.951616
1 4 45 52 0 1 0
1 4 46 51 1 0 0
1 4 46 52 1 1 0.912932
1 5 51 61 0 0 0.991787
1 5 51 62 0 1 0
1 5 52 61 1 0 0
1 5 52 62 1 1 0.98786
1 6 61 72 0 0 0.988751
1 6 61 73 0 1 0
1 6 62 72 1 0 0
1 6 62 73 1 1 0.988873
1 7 47 55 0 0 0
1 7 47 56 0 1 0.987771
1 7 48 55 1 0 0.998834
1 7 48 56 1 1 0
1 8 55 66 0 0 0.988223
1 8 55 67 0 1 0
1 8 56 66 1 0 0
1 8 56 67 1 1 0.997296
1 9 66 74 0 0 0.9854
1 9 66 75 0 1 0
1 9 67 74 1 0 0
1 9 67 75 1 1 0.954959
1 10 55 63 0 0 0
1 10 55 64 0 1 0.968927
1 10 56 63 1 0 0.771766
1 10 56 64 1 1 0
1 11 47 57 0 0 0.990873
1 11 47 58 0 1 0
1 11 48 57 1 0 0
1 11 48 58 1 1 0.991285
1 12 57 68 0 0 0
1 12 57 69 0 1 0.985522
1 12 58 68 1 0 0.992244
1 12 58 69 1 1 0
1 13 68 76 0 0 0.994374
1 13 68 77 0 1 0
1 13 69 76 1 0 0
1 13 69 77 1 1 0.986267
1 14 57 65 0 0 0.997371
1 14 58 65 1 0 0
1 15 47 53 0 0 0
1 15 47 54 0 1 0.937553
1 15 48 53 1 0 0.969795
1 15 48 54 1 1 0
1 16 72 78 0 0 0.997607
1 16 72 79 0 1 0
1 16 73 78 1 0 0
1 16 73 79 1 1 0.961892
1 17 70 80 0 0 0
1 17 70 81 0 1 0.99874
1 17 71 80 1 0 0.856104
1 17 71 81 1 1 0
2 0 85 82 0 0 0.993503
2 0 85 83 0 1 0
2 0 85 84 0 2 0
2 0 86 82 1 0 0
2 0 86 83 1 1 0.972372
2 0 86 84 1 2 0
2 0 87 82 2 0 0
2 0 87 83 2 1 0
2 0 87 84 2 2 0.96122
2 1 88 102 0 0 0.993993
2 1 88 103 0 1 0
2 1 89 102 1 0 0
2 1 89 103 1 1 0.915959
2 1 90 102 2 0 0
2 1 90 103 2 1 0
2 2 102 114 0 0 0.991315
2 2 102 115 0 1 0
2 2 103 114 1 0 0
2 2 103 115 1 1 0.940505
2 3 82 88 0 0 0.936311
2 3 82 89 0 1 0
2 3 82 90 0 2 0
2 3 83 88 1 0 0
2 3 83 89 1 1 0.798034
2 3 83 90 1 2 0
2 3 84 88 2 0 0
2 3 84 89 2 1 0
2 3 84 90 2 2 0.789068
2 4 82 91 0 0 0.934708
2 4 82 92 0 1 0
2 4 82 93 0 2 0
2 4 83 91 1 0 0
2 4 83 92 1 1 0.78505
2 4 83 93 1 2 0
2 4 84 91 2 0 0
2 4 84 92 2 1 0
2 4 84 93 2 2 0.796607
2 5 91 104 0 0 0.999553
2 5 91 105 0 1 0
2 5 92 104 1 0 0
2 5 92 105 1 1 0.958873
2 5 93 104 2 0 0
2 5 93 105 2 1 0
2 6 104 116 0 0 0.992255
2 6 104 117 0 1 0
2 6 105 116 1 0 0
2 6 105 117 1 1 0.978747
2 7 85 96 0 0 0.979384
2 7 85 97 0 1 0
2 7 85 98 0 2 0
2 7 86 96 1 0 0
2 7 86 97 1 1 0.94966
2 7 86 98 1 2 0
2 7 87 96 2 0 0
2 7 87 97 2 1 0
2 7 87 98 2 2 0.937521
2 8 96 109 0 0 0.978252
2 8 96 110 0 1 0
2 8 97 109 1 0 0
2 8 97 110 1 1 0
2 8 98 109 2 0 0
2 8 98 110 2 1 0.980451
2 9 109 118 0 0 0.994067
2 9 109 119 0 1 0
2 9 110 118 1 0 0
2 9 110 119 1 1 0.994009
2 10 96 106 0 0 0
2 10 97 106 1 0 0
2 10 98 106 2 0 0.954381
2 11 85 99 0 0 0.988095
2 11 85 100 0 1 0
2 11 85 101 0 2 0
2 11 86 99 1 0 0
2 11 86 100 1 1 0.95371
2 11 86 101 1 2 0
2 11 87 99 2 0 0
2 11 87 100 2 1 0
2 11 87 101 2 2 0.901191
2 12 99 111 0 0 0.990293
2 12 99 112 0 1 0
2 12 99 113 0 2 0
2 12 100 111 1 0 0
2 12 100 112 1 1 0.995467
2 12 100 113 1 2 0
2 12 101 111 2 0 0
2 12 101 112 2 1 0
2 12 101 113 2 2 0.888301
2 13 111 120 0 0 0.989807
2 13 111 121 0 1 0
2 13 111 122 0 2 0
2 13 112 120 1 0 0
2 13 112 121 1 1 0.983718
2 13 112 122 1 2 0
2 13 113 120 2 0 0
2 13 113 121 2 1 0
2 13 113 122 2 2 0.967567
2 14 99 107 0 0 0.996937
2 14 99 108 0 1 0
2 14 100 107 1 0 0
2 14 100 108 1 1 0.993528
2 14 101 107 2 0 0
2 14 101 108 2 1 0
2 15 85 94 0 0 0.986193
2 15 85 95 0 1 0
2 15 86 94 1 0 0
2 15 86 95 1 1 0.995191
2 15 87 94 2 0 0
2 15 87 95 2 1 0
2 16 116 123 0 0 0.996956
2 16 116 124 0 1 0
2 16 117 123 1 0 0
2 16 117 124 1 1 0.95943
2 17 114 125 0 0 0.976866
2 17 114 126 0 1 0
2 17 115 125 1 0 0
2 17 115 126 1 1 0.919085
3 0 129 127 0 0 0
3 0 129 128 0 1 0.965002
3 0 130 127 1 0 0.995431
3 0 130 128 1 1 0
3 1 131 141 0 0 0.964663
3 1 132 141 1 0 0
3 2 141 151 0 0 0.997593
3 3 127 131 0 0 0.945445
3 3 127 132 0 1 0
3 3 128 131 1 0 0
3 3 128 132 1 1 0.76497
3 4 127 133 0 0 0.924126
3 4 127 134 0 1 0
3 4 128 133 1 0 0
3 4 128 134 1 1 0.782639
3 5 133 142 0 0 0.995462
3 5 134 142 1 0 0
3 6 142 152 0 0 0.999702
3 7 129 137 0 0 0.93612
3 7 129 138 0 1 0
3 7 130 137 1 0 0
3 7 130 138 1 1 0.99217
3 8 137 146 0 0 0
3 8 137 147 0 1 0.509442
3 8 137 148 0 2 0.490558
3 8 138 146 1 0 0.969583
3 8 138 147 1 1 0
3 8 138 148 1 2 0
3 9 146 153 0 0 0.984187
3 9 147 153 1 0 0
3 9 148 153 2 0 0
3 10 137 143 0 0 0.91794
3 10 137 144 0 1 0
3 10 138 143 1 0 0
3 10 138 144 1 1 0.959579
3 11 129 139 0 0 0
3 11 129 140 0 1 0.930117
3 11 130 139 1 0 0.980657
3 11 130 140 1 1 0
3 12 139 149 0 0 0.987974
3 12 139 150 0 1 0
3 12 140 149 1 0 0
3 12 140 150 1 1 0.946772
3 13 149 154 0 0 0.98463
3 13 150 154 1 0 0
3 14 139 145 0 0 0
3 14 140 145 1 0 0.910357
3 15 129 135 0 0 0
3 15 129 136 0 1 0
3 15 130 135 1 0 0.990158
3 15 130 136 1 1 0
3 16 152 155 0 0 0.983306
3 17 151 156 0 0 0.908692
4 0 159 157 0 0 0
4 0 159 158 0 1 0.913467
4 0 160 157 1 0 0.996762
4 0 160 158 1 1 0
4 1 161 171 0 0 0.994479
4 1 161 172 0 1 0
4 1 162 171 1 0 0
4 1 162 172 1 1 0.971036
4 2 171 179 0 0 0.987743
4 2 171 180 0 1 0
4 2 172 179 1 0 0
4 2 172 180 1 1 0.991044
4 3 157 161 0 0 0.541383
4 3 157 162 0 1 0.325765
4 3 158 161 1 0 0
4 3 158 162 1 1 0.439982
4 4 157 163 0 0 0.930643
4 4 157 164 0 1 0
4 4 158 163 1 0 0
4 4 158 164 1 1 0.670961
4 5 163 173 0 0 0.999614
4 5 163 174 0 1 0
4 5 164 173 1 0 0
4 5 164 174 1 1 0.844848
4 6 173 181 0 0 0.995798
4 6 173 182 0 1 0
4 6 174 181 1 0 0
4 6 174 182 1 1 0.931069
4 7 159 167 0 0 0.482968
4 7 159 168 0 1 0
4 7 160 167 1 0 0.274042
4 7 160 168 1 1 0.529602
4 8 167 177 0 0 0.513418
4 8 168 177 1 0 0.486582
4 9 177 183 0 0 0.992246
4 10 167 175 0 0 0.260873
4 10 167 176 0 1 0.255595
4 10 168 175 1 0 0.255617
4 10 168 176 1 1 0.260829
4 11 159 169 0 0 0.486591
4 11 159 170 0 1 0.279128
4 11 160 169 1 0 0
4 11 160 170 1 1 0.54144
4 12 169 178 0 0 0
4 12 170 178 1 0 0.994394
4 13 178 184 0 0 0.999408
4 15 159 165 0 0 0.303724
4 15 159 166 0 1 0.271225
4 15 160 165 1 0 0.271962
4 15 160 166 1 1 0.301211
4 16 181 185 0 0 0.98474
4 16 181 186 0 1 0
4 16 182 185 1 0 0
4 16 182 186 1 1 0.743787
4 17 179 187 0 0 0.99387
4 17 179 188 0 1 0
4 17 180 187 1 0 0
4 17 180 188 1 1 0.973027
E jointIdx viewA viewB aOverAllIdx bOverallIdx score
0 0 1 0 45 0.777087
0 0 1 0 46 0.191147
0 0 1 1 45 -1
0 0 1 1 46 0.0219369
0 0 1 2 45 -1
0 0 1 2 46 0.763562
0 0 2 0 82 -1
0 0 2 0 83 -1
0 0 2 0 84 0.495025
0 0 2 1 82 0.671947
0 0 2 1 83 -1
0 0 2 1 84 -1
0 0 2 2 82 -1
0 0 2 2 83 0.816767
0 0 2 2 84 -1
0 0 3 0 127 -1
0 0 3 0 128 0.97709
0 0 3 1 127 0.647963
0 0 3 1 128 -1
0 0 3 2 127 -1
0 0 3 2 128 -1
0 0 4 0 157 -1
0 0 4 0 158 -1
0 0 4 1 157 -1
0 0 4 1 158 0.903759
0 0 4 2 157 0.956939
0 0 4 2 158 -1
0 1 2 45 82 -1
0 1 2 45 83 -1
0 1 2 45 84 0.293688
0 1 2 46 82 0.999815
0 1 2 46 83 0.721001
0 1 2 46 84 -1
0 1 3 45 127 -1
0 1 3 45 128 -1
0 1 3 46 127 0.491852
0 1 3 46 128 -1
0 1 4 45 157 -1
0 1 4 45 158 -1
0 1 4 46 157 0.449647
0 1 4 46 158 0.550353
0 2 3 82 127 0.863958
0 2 3 82 128 -1
0 2 3 83 127 -1
0 2 3 83 128 -1
0 2 3 84 127 -1
0 2 3 84 128 0.134565
0 2 4 82 157 0.494106
0 2 4 82 158 0.505894
0 2 4 83 157 0.628468
0 2 4 83 158 0.371532
0 2 4 84 157 -1
0 2 4 84 158 -1
0 3 4 127 157 0.224789
0 3 4 127 158 0.775211
0 3 4 128 157 -1
0 3 4 128 158 -1
1 0 1 3 47 0.379391
1 0 1 3 48 -1
1 0 1 4 47 0.331706
1 0 1 4 48 0.199984
1 0 1 5 47 0.165384
1 0 1 5 48 0.601123
1 0 2 3 85 0.700241
1 0 2 3 86 -1
1 0 2 3 87 -1
1 0 2 4 85 -1
1 0 2 4 86 0.893484
1 0 2 4 87 -1
1 0 2 5 85 -1
1 0 2 5 86 -1
1 0 2 5 87 0.998061
1 0 3 3 129 -1
1 0 3 3 130 0.355776
1 0 3 4 129 0.087927
1 0 3 4 130 0.370804
1 0 3 5 129 0.322901
1 0 3 5 130 0.27342
1 0 4 3 159 0.715281
1 0 4 3 160 0.112139
1 0 4 4 159 0.240341
1 0 4 4 160 0.480658
1 0 4 5 159 -1
1 0 4 5 160 0.270362
1 1 2 47 85 0.190799
1 1 2 47 86 0.753855
1 1 2 47 87 -1
1 1 2 48 85 -1
1 1 2 48 86 -1
1 1 2 48 87 0.759166
1 1 3 47 129 0.490689
1 1 3 47 130 0.404096
1 1 3 48 129 0.351863
1 1 3 48 130 0.514242
1 1 4 47 159 0.507029
1 1 4 47 160 0.492971
1 1 4 48 159 -1
1 1 4 48 160 -1
1 2 3 85 129 -1
1 2 3 85 130 0.867991
1 2 3 86 129 -1
1 2 3 86 130 -1
1 2 3 87 129 0.45245
1 2 3 87 130 -1
1 2 4 85 159 0.916299
1 2 4 85 160 0.0837012
1 2 4 86 159 -1
1 2 4 86 160 0.93003
1 2 4 87 159 -1
1 2 4 87 160 -1
1 3 4 129 159 0.340914
1 3 4 129 160 0.316898
1 3 4 130 159 0.320256
1 3 4 130 160 0.340677
2 0 1 6 49 -1
2 0 1 6 50 0.0071438
2 0 1 7 49 -1
2 0 1 7 50 0.94995
2 0 2 6 88 0.454238
2 0 2 6 89 -1
2 0 2 6 90 -1
2 0 2 7 88 -1
2 0 2 7 89 0.590996
2 0 2 7 90 -1
2 0 3 6 131 0.657219
2 0 3 6 132 -1
2 0 3 7 131 -1
2 0 3 7 132 -1
2 0 4 6 161 -1
2 0 4 6 162 0.744808
2 0 4 7 161 0.962318
2 0 4 7 162 -1
2 1 2 49 88 -1
2 1 2 49 89 -1
2 1 2 49 90 0.64249
2 1 2 50 88 0.182865
2 1 2 50 89 0.457643
2 1 2 50 90 -1
2 1 3 49 131 -1
2 1 3 49 132 -1
2 1 3 50 131 0.669075
2 1 3 50 132 -1
2 1 4 49 161 -1
2 1 4 49 162 -1
2 1 4 50 161 0.524878
2 1 4 50 162 0.475122
2 2 3 88 131 0.900847
2 2 3 88 132 -1
2 2 3 89 131 -1
2 2 3 89 132 -1
2 2 3 90 131 -1
2 2 3 90 132 -1
2 2 4 88 161 0.502377
2 2 4 88 162 0.497623
2 2 4 89 161 0.500166
2 2 4 89 162 0.499834
2 2 4 90 161 -1
2 2 4 90 162 -1
2 3 4 131 161 0.0648218
2 3 4 131 162 0.700715
2 3 4 132 161 -1
2 3 4 132 162 -1
3 0 1 8 51 0.710813
3 0 1 8 52 0.210598
3 0 1 9 51 -1
3 0 1 9 52 0.107958
3 0 1 10 51 -1
3 0 1 10 52 0.658236
3 0 2 8 91 -1
3 0 2 8 92 -1
3 0 2 8 93 0.0397329
3 0 2 9 91 0.938246
3 0 2 9 92 -1
3 0 2 9 93 -1
3 0 2 10 91 -1
3 0 2 10 92 0.925188
3 0 2 10 93 -1
3 0 3 8 133 -1
3 0 3 8 134 0.950576
3 0 3 9 133 0.796212
3 0 3 9 134 -1
3 0 3 10 133 -1
3 0 3 10 134 -1
3 0 4 8 163 -1
3 0 4 8 164 -1
3 0 4 9 163 -1
3 0 4 9 164 0.950325
3 0 4 10 163 0.9874
3 0 4 10 164 -1
3 1 2 51 91 -1
3 1 2 51 92 -1
3 1 2 51 93 0.112785
3 1 2 52 91 0.296845
3 1 2 52 92 0.895548
3 1 2 52 93 -1
3 1 3 51 133 -1
3 1 3 51 134 -1
3 1 3 52 133 0.301488
3 1 3 52 134 -1
3 1 4 51 163 -1
3 1 4 51 164 -1
3 1 4 52 163 0.520302
3 1 4 52 164 0.479698
3 2 3 91 133 0.792105
3 2 3 91 134 -1
3 2 3 92 133 -1
3 2 3 92 134 -1
3 2 3 93 133 -1
3 2 3 93 134 0.888417
3 2 4 91 163 0.239624
3 2 4 91 164 0.760376
3 2 4 92 163 0.605058
3 2 4 92 164 0.394942
3 2 4 93 163 -1
3 2 4 93 164 -1
3 3 4 133 163 0.345622
3 3 4 133 164 0.654378
3 3 4 134 163 -1
3 3 4 134 164 -1
4 0 1 11 53 -1
4 0 1 11 54 0.5355
4 0 1 12 53 0.532326
4 0 1 12 54 0.271265
4 0 2 11 94 0.997242
4 0 2 11 95 -1
4 0 2 12 94 -1
4 0 2 12 95 -1
4 0 3 11 135 0.775912
4 0 3 11 136 0.224088
4 0 3 12 135 -1
4 0 3 12 136 0.209609
4 0 4 11 165 0.896388
4 0 4 11 166 -1
4 0 4 12 165 -1
4 0 4 12 166 -1
4 1 2 53 94 -1
4 1 2 53 95 -1
4 1 2 54 94 0.60644
4 1 2 54 95 0.39356
4 1 3 53 135 0.291598
4 1 3 53 136 0.400206
4 1 3 54 135 0.387779
4 1 3 54 136 0.328327
4 1 4 53 165 -1
4 1 4 53 166 -1
4 1 4 54 165 0.561591
4 1 4 54 166 0.438409
4 2 3 94 135 0.921608
4 2 3 94 136 -1
4 2 3 95 135 -1
4 2 3 95 136 0.967919
4 2 4 94 165 0.894209
4 2 4 94 166 -1
4 2 4 95 165 -1
4 2 4 95 166 0.97533
4 3 4 135 165 0.800025
4 3 4 135 166 0.166564
4 3 4 136 165 -1
4 3 4 136 166 0.792982
5 0 1 13 55 -1
5 0 1 13 56 0.511663
5 0 1 14 55 0.272257
5 0 1 14 56 0.373811
5 0 2 13 96 0.5113
5 0 2 13 97 -1
5 0 2 13 98 -1
5 0 2 14 96 -1
5 0 2 14 97 0.692899
5 0 2 14 98 -1
5 0 3 13 137 -1
5 0 3 13 138 0.438046
5 0 3 14 137 -1
5 0 3 14 138 0.561954
5 0 4 13 167 0.551413
5 0 4 13 168 0.218422
5 0 4 14 167 0.306429
5 0 4 14 168 0.533895
5 1 2 55 96 -1
5 1 2 55 97 -1
5 1 2 55 98 0.800906
5 1 2 56 96 -1
5 1 2 56 97 0.513554
5 1 2 56 98 -1
5 1 3 55 137 0.212167
5 1 3 55 138 0.587125
5 1 3 56 137 -1
5 1 3 56 138 0.354481
5 1 4 55 167 -1
5 1 4 55 168 -1
5 1 4 56 167 0.449543
5 1 4 56 168 0.550457
5 2 3 96 137 -1
5 2 3 96 138 0.945396
5 2 3 97 137 -1
5 2 3 97 138 -1
5 2 3 98 137 0.885984
5 2 3 98 138 -1
5 2 4 96 167 0.61292
5 2 4 96 168 0.38708
5 2 4 97 167 -1
5 2 4 97 168 0.655109
5 2 4 98 167 -1
5 2 4 98 168 -1
5 3 4 137 167 0.396317
5 3 4 137 168 0.22876
5 3 4 138 167 0.269735
5 3 4 138 168 0.397293
6 0 1 15 57 0.393651
6 0 1 15 58 -1
6 0 1 16 57 0.4025
6 0 1 16 58 0.0666577
6 0 1 17 57 0.145512
6 0 1 17 58 0.673324
6 0 2 15 99 0.924605
6 0 2 15 100 -1
6 0 2 15 101 -1
6 0 2 16 99 -1
6 0 2 16 100 0.903286
6 0 2 16 101 -1
6 0 2 17 99 -1
6 0 2 17 100 -1
6 0 2 17 101 0.883573
6 0 3 15 139 0.243382
6 0 3 15 140 0.236966
6 0 3 16 139 0.234444
6 0 3 16 140 0.244619
6 0 3 17 139 0.19166
6 0 3 17 140 0.187857
6 0 4 15 169 0.890438
6 0 4 15 170 0.0736035
6 0 4 16 169 -1
6 0 4 16 170 0.641017
6 0 4 17 169 -1
6 0 4 17 170 0.283661
6 1 2 57 99 0.789005
6 1 2 57 100 0.999639
6 1 2 57 101 -1
6 1 2 58 99 -1
6 1 2 58 100 -1
6 1 2 58 101 0.686934
6 1 3 57 139 0.398308
6 1 3 57 140 0.398966
6 1 3 58 139 0.385035
6 1 3 58 140 0.38402
6 1 4 57 169 0.445906
6 1 4 57 170 0.554094
6 1 4 58 169 -1
6 1 4 58 170 -1
6 2 3 99 139 0.876768
6 2 3 99 140 -1
6 2 3 100 139 -1
6 2 3 100 140 0.0393425
6 2 3 101 139 -1
6 2 3 101 140 -1
6 2 4 99 169 0.946298
6 2 4 99 170 -1
6 2 4 100 169 -1
6 2 4 100 170 0.811995
6 2 4 101 169 -1
6 2 4 101 170 -1
6 3 4 139 169 0.504811
6 3 4 139 170 0.26823
6 3 4 140 169 0.210682
6 3 4 140 170 0.491089
7 0 1 18 59 -1
7 0 1 18 60 -1
7 0 1 19 59 -1
7 0 1 19 60 0.950029
7 0 2 18 102 0.701851
7 0 2 18 103 -1
7 0 2 19 102 -1
7 0 2 19 103 0.567457
7 0 3 18 141 0.854827
7 0 3 19 141 -1
7 0 4 18 171 -1
7 0 4 18 172 0.749211
7 0 4 19 171 0.861902
7 0 4 19 172 -1
7 1 2 59 102 -1
7 1 2 59 103 -1
7 1 2 60 102 0.563148
7 1 2 60 103 0.436852
7 1 3 59 141 -1
7 1 3 60 141 -1
7 1 4 59 171 -1
7 1 4 59 172 -1
7 1 4 60 171 0.505562
7 1 4 60 172 0.494438
7 2 3 102 141 0.874144
7 2 3 103 141 -1
7 2 4 102 171 0.236738
7 2 4 102 172 0.5507
7 2 4 103 171 0.492903
7 2 4 103 172 0.365875
7 3 4 141 171 -1
7 3 4 141 172 0.870146
8 0 1 20 61 0.988728
8 0 1 20 62 -1
8 0 1 21 61 -1
8 0 1 21 62 -1
8 0 1 22 61 -1
8 0 1 22 62 0.903634
8 0 2 20 104 -1
8 0 2 20 105 -1
8 0 2 21 104 0.797796
8 0 2 21 105 -1
8 0 2 22 104 -1
8 0 2 22 105 0.613439
8 0 3 20 142 -1
8 0 3 21 142 0.873593
8 0 3 22 142 -1
8 0 4 20 173 -1
8 0 4 20 174 -1
8 0 4 21 173 -1
8 0 4 21 174 0.660709
8 0 4 22 173 0.830949
8 0 4 22 174 -1
8 1 2 61 104 -1
8 1 2 61 105 -1
8 1 2 62 104 -1
8 1 2 62 105 0.73792
8 1 3 61 142 -1
8 1 3 62 142 -1
8 1 4 61 173 -1
8 1 4 61 174 -1
8 1 4 62 173 0.706088
8 1 4 62 174 -1
8 2 3 104 142 0.661293
8 2 3 105 142 -1
8 2 4 104 173 0.0992085
8 2 4 104 174 0.400826
8 2 4 105 173 0.398814
8 2 4 105 174 0.444882
8 3 4 142 173 0.184515
8 3 4 142 174 0.584086
9 0 1 23 63 0.705893
9 0 1 23 64 -1
9 0 1 24 63 0.216791
9 0 1 24 64 0.726884
9 0 2 23 106 -1
9 0 2 24 106 0.89688
9 0 3 23 143 -1
9 0 3 23 144 -1
9 0 3 24 143 0.441303
9 0 3 24 144 -1
9 0 4 23 175 -1
9 0 4 23 176 0.925418
9 0 4 24 175 -1
9 0 4 24 176 -1
9 1 2 63 106 -1
9 1 2 64 106 0.988638
9 1 3 63 143 -1
9 1 3 63 144 0.198808
9 1 3 64 143 -1
9 1 3 64 144 0.0650217
9 1 4 63 175 0.444022
9 1 4 63 176 0.555978
9 1 4 64 175 -1
9 1 4 64 176 -1
9 2 3 106 143 0.562117
9 2 3 106 144 -1
9 2 4 106 175 -1
9 2 4 106 176 -1
9 3 4 143 175 -1
9 3 4 143 176 -1
9 3 4 144 175 0.667869
9 3 4 144 176 0.332131
10 0 1 25 65 0.679089
10 0 1 26 65 0.320911
10 0 2 25 107 -1
10 0 2 25 108 0.946475
10 0 2 26 107 0.936979
10 0 2 26 108 -1
10 0 3 25 145 0.98831
10 0 3 26 145 -1
10 1 2 65 107 0.40591
10 1 2 65 108 0.59409
10 1 3 65 145 0.966448
10 2 3 107 145 -1
10 2 3 108 145 0.94187
11 0 1 27 66 0.351531
11 0 1 27 67 0.115148
11 0 1 28 66 -1
11 0 1 28 67 0.884852
11 0 2 27 109 0.689646
11 0 2 27 110 -1
11 0 2 28 109 -1
11 0 2 28 110 -1
11 0 3 27 146 0.830904
11 0 3 27 147 -1
11 0 3 27 148 -1
11 0 3 28 146 -1
11 0 3 28 147 -1
11 0 3 28 148 -1
11 0 4 27 177 0.568535
11 0 4 28 177 0.431466
11 1 2 66 109 -1
11 1 2 66 110 0.7116
11 1 2 67 109 -1
11 1 2 67 110 -1
11 1 3 66 146 -1
11 1 3 66 147 0.514868
11 1 3 66 148 -1
11 1 3 67 146 0.505533
11 1 3 67 147 -1
11 1 3 67 148 -1
11 1 4 66 177 -1
11 1 4 67 177 0.96617
11 2 3 109 146 0.983201
11 2 3 109 147 -1
11 2 3 109 148 -1
11 2 3 110 146 -1
11 2 3 110 147 0.285498
11 2 3 110 148 -1
11 2 4 109 177 0.872022
11 2 4 110 177 -1
11 3 4 146 177 0.933644
11 3 4 147 177 -1
11 3 4 148 177 -1
12 0 1 29 68 -1
12 0 1 29 69 -1
12 0 1 30 68 0.57393
12 0 1 30 69 0.42607
12 0 1 31 68 0.25939
12 0 1 31 69 0.74061
12 0 2 29 111 0.887334
12 0 2 29 112 -1
12 0 2 29 113 -1
12 0 2 30 111 -1
12 0 2 30 112 0.423079
12 0 2 30 113 0.668289
12 0 2 31 111 -1
12 0 2 31 112 0.927729
12 0 2 31 113 -1
12 0 3 29 149 0.947975
12 0 3 29 150 -1
12 0 3 30 149 -1
12 0 3 30 150 0.865867
12 0 3 31 149 -1
12 0 3 31 150 -1
12 0 4 29 178 0.364015
12 0 4 30 178 0.273637
12 0 4 31 178 0.362347
12 1 2 68 111 -1
12 1 2 68 112 -1
12 1 2 68 113 0.865905
12 1 2 69 111 -1
12 1 2 69 112 0.952162
12 1 2 69 113 -1
12 1 3 68 149 -1
12 1 3 68 150 -1
12 1 3 69 149 -1
12 1 3 69 150 -1
12 1 4 68 178 -1
12 1 4 69 178 0.950073
12 2 3 111 149 0.932264
12 2 3 111 150 -1
12 2 3 112 149 -1
12 2 3 112 150 -1
12 2 3 113 149 -1
12 2 3 113 150 0.934186
12 2 4 111 178 -1
12 2 4 112 178 0.935701
12 2 4 113 178 -1
12 3 4 149 178 0.327883
12 3 4 150 178 -1
13 0 1 32 70 -1
13 0 1 32 71 -1
13 0 1 33 70 -1
13 0 1 33 71 0.567855
13 0 2 32 114 0.982158
13 0 2 32 115 -1
13 0 2 33 114 -1
13 0 2 33 115 0.721291
13 0 3 32 151 0.915257
13 0 3 33 151 -1
13 0 4 32 179 -1
13 0 4 32 180 0.871197
13 0 4 33 179 0.721579
13 0 4 33 180 -1
13 1 2 70 114 -1
13 1 2 70 115 -1
13 1 2 71 114 -1
13 1 2 71 115 0.822038
13 1 3 70 151 -1
13 1 3 71 151 -1
13 1 4 70 179 -1
13 1 4 70 180 -1
13 1 4 71 179 0.588287
13 1 4 71 180 0.411713
13 2 3 114 151 0.929294
13 2 3 115 151 -1
13 2 4 114 179 0.263122
13 2 4 114 180 0.634171
13 2 4 115 179 0.653135
13 2 4 115 180 0.0676972
13 3 4 151 179 -1
13 3 4 151 180 0.842502
14 0 1 34 72 0.942294
14 0 1 34 73 -1
14 0 1 35 72 -1
14 0 1 35 73 -1
14 0 1 36 72 -1
14 0 1 36 73 0.899578
14 0 2 34 116 -1
14 0 2 34 117 0.985032
14 0 2 35 116 0.642198
14 0 2 35 117 -1
14 0 2 36 116 -1
14 0 2 36 117 0.878938
14 0 3 34 152 -1
14 0 3 35 152 0.885484
14 0 3 36 152 -1
14 0 4 34 181 -1
14 0 4 34 182 -1
14 0 4 35 181 -1
14 0 4 35 182 0.867144
14 0 4 36 181 0.861906
14 0 4 36 182 -1
14 1 2 72 116 -1
14 1 2 72 117 -1
14 1 2 73 116 -1
14 1 2 73 117 0.879798
14 1 3 72 152 -1
14 1 3 73 152 -1
14 1 4 72 181 -1
14 1 4 72 182 -1
14 1 4 73 181 0.738187
14 1 4 73 182 -1
14 2 3 116 152 0.755575
14 2 3 117 152 -1
14 2 4 116 181 -1
14 2 4 116 182 0.975774
14 2 4 117 181 0.811743
14 2 4 117 182 -1
14 3 4 152 181 0.164063
14 3 4 152 182 0.835937
15 0 1 37 74 -1
15 0 1 37 75 -1
15 0 1 38 74 -1
15 0 1 38 75 0.708116
15 0 2 37 118 0.848827
15 0 2 37 119 -1
15 0 2 38 118 -1
15 0 2 38 119 -1
15 0 3 37 153 0.785883
15 0 3 38 153 -1
15 0 4 37 183 0.635972
15 0 4 38 183 0.364028
15 1 2 74 118 -1
15 1 2 74 119 0.769441
15 1 2 75 118 0.570809
15 1 2 75 119 -1
15 1 3 74 153 -1
15 1 3 75 153 0.0775232
15 1 4 74 183 -1
15 1 4 75 183 0.846539
15 2 3 118 153 0.943498
15 2 3 119 153 -1
15 2 4 118 183 0.927484
15 2 4 119 183 -1
15 3 4 153 183 0.989871
16 0 1 39 76 -1
16 0 1 39 77 -1
16 0 1 40 76 0.800563
16 0 1 40 77 0.199437
16 0 1 41 76 -1
16 0 1 41 77 0.821573
16 0 2 39 120 0.946479
16 0 2 39 121 -1
16 0 2 39 122 -1
16 0 2 40 120 -1
16 0 2 40 121 0.249964
16 0 2 40 122 0.906215
16 0 2 41 120 -1
16 0 2 41 121 0.987232
16 0 2 41 122 -1
16 0 3 39 154 0.984411
16 0 3 40 154 -1
16 0 3 41 154 -1
16 0 4 39 184 0.586066
16 0 4 40 184 -1
16 0 4 41 184 0.919544
16 1 2 76 120 -1
16 1 2 76 121 -1
16 1 2 76 122 0.961193
16 1 2 77 120 -1
16 1 2 77 121 0.81579
16 1 2 77 122 -1
16 1 3 76 154 -1
16 1 3 77 154 -1
16 1 4 76 184 -1
16 1 4 77 184 0.87097
16 2 3 120 154 0.961943
16 2 3 121 154 -1
16 2 3 122 154 -1
16 2 4 120 184 -1
16 2 4 121 184 0.72354
16 2 4 122 184 -1
16 3 4 154 184 0.322868
17 0 1 42 78 0.980557
17 0 1 42 79 -1
17 0 1 43 78 -1
17 0 1 43 79 0.335489
17 0 2 42 123 -1
17 0 2 42 124 0.607756
17 0 2 43 123 0.932496
17 0 2 43 124 -1
17 0 3 42 155 -1
17 0 3 43 155 0.900397
17 0 4 42 185 -1
17 0 4 42 186 -1
17 0 4 43 185 -1
17 0 4 43 186 0.827771
17 1 2 78 123 -1
17 1 2 78 124 -1
17 1 2 79 123 -1
17 1 2 79 124 0.96278
17 1 3 78 155 -1
17 1 3 79 155 -1
17 1 4 78 185 -1
17 1 4 78 186 -1
17 1 4 79 185 0.876804
17 1 4 79 186 -1
17 2 3 123 155 0.844306
17 2 3 124 155 -1
17 2 4 123 185 -1
17 2 4 123 186 0.900562
17 2 4 124 185 0.783721
17 2 4 124 186 -1
17 3 4 155 185 0.249056
17 3 4 155 186 0.750945
18 0 1 44 80 -1
18 0 1 44 81 -1
18 0 2 44 125 0.879325
18 0 2 44 126 -1
18 0 3 44 156 0.989089
18 0 4 44 187 -1
18 0 4 44 188 0.919926
18 1 2 80 125 0.118213
18 1 2 80 126 0.823505
18 1 2 81 125 -1
18 1 2 81 126 -1
18 1 3 80 156 -1
18 1 3 81 156 -1
18 1 4 80 187 0.546912
18 1 4 80 188 0.453088
18 1 4 81 187 -1
18 1 4 81 188 -1
18 2 3 125 156 0.897721
18 2 3 126 156 -1
18 2 4 125 187 -1
18 2 4 125 188 0.948699
18 2 4 126 187 0.999966
18 2 4 126 188 -1
18 3 4 156 187 -1
18 3 4 156 188 0.506106
end of Frame 125
