J OverallIdx viewIdx joint种类0-18(jointIdx) 该joint在图中的顺序(candidix) x y score
0 0 0 0 602.992 392.183 0.588558
1 0 0 1 325.18 434.409 0.595058
2 0 1 0 600.193 208.702 0.614919
3 0 1 1 325.375 208.787 0.899729
4 0 2 0 616.888 388.021 0.528419
5 0 2 1 370.269 438.626 0.574822
6 0 3 0 594.547 394.297 0.597618
7 0 3 1 277.624 432.282 0.583659
8 0 4 0 546.843 145.463 0.901483
9 0 5 0 597.315 206.606 0.448042
10 0 5 1 403.823 210.841 0.810257
11 0 6 0 255.121 204.58 0.789905
12 0 6 1 602.938 208.809 0.81765
13 0 6 2 28.0267 227.811 0.710402
14 0 7 0 625.389 531.406 0.769192
15 0 7 1 347.781 630.431 0.742363
16 0 8 0 50.404 497.683 0.818387
17 0 8 1 586.089 535.621 0.682041
18 0 8 2 258.089 609.415 0.711521
19 0 9 0 378.542 122.258 0.839609
20 0 10 0 303.031 124.306 0.831191
21 0 10 1 594.403 147.62 0.8914
22 0 11 0 437.521 345.893 0.906928
23 0 12 0 639.48 278.43 0.891529
24 0 12 1 33.8294 312.037 0.89833
25 0 12 2 213.261 339.526 0.871221
26 0 13 0 673.051 649.476 0.799126
27 0 13 1 328.195 765.505 0.356439
28 0 14 0 53.1984 598.79 0.828761
29 0 14 1 583.292 664.284 0.76896
30 0 14 2 232.806 765.477 0.466772
31 0 15 0 415.064 430.097 0.694404
32 0 16 0 580.492 343.767 0.819856
33 0 16 1 67.296 377.469 0.841228
34 0 16 2 258.13 411.223 0.718401
35 0 17 0 58.9313 632.606 0.838607
36 0 17 1 518.799 683.321 0.684845
37 0 18 0 636.494 666.26 0.662208
38 1 0 0 614.112 383.778 0.440457
39 1 0 1 675.778 398.512 0.632683
40 1 0 2 148.752 407.008 0.718654
41 1 1 0 684.122 234.088 0.849174
42 1 1 1 120.622 236.155 0.830681
43 1 1 2 616.865 244.684 0.734425
44 1 2 0 597.264 381.711 0.477855
45 1 2 1 703.945 398.508 0.66334
46 1 2 2 123.517 411.128 0.712912
47 1 3 0 636.573 394.316 0.691851
48 1 3 1 182.247 404.859 0.69726
49 1 4 0 168.4 175.073 0.907875
50 1 4 1 30.731 172.876 0.82387
51 1 4 2 594.651 194.019 0.939004
52 1 5 0 84.1087 234.078 0.791393
53 1 5 1 726.273 242.42 0.848428
54 1 5 2 594.37 246.671 0.854735
55 1 6 0 639.378 234.043 0.90336
56 1 6 1 148.746 236.173 0.747621
57 1 7 0 687.053 529.303 0.806943
58 1 7 1 126.177 533.519 0.803343
59 1 8 0 210.334 501.923 0.860352
60 1 8 1 616.817 527.196 0.738241
61 1 9 0 120.579 168.663 0.878401
62 1 9 1 686.998 177.199 0.444746
63 1 10 0 639.413 183.456 0.944133
64 1 11 0 583.294 326.878 0.190961
65 1 11 1 56.2211 328.869 0.894072
66 1 11 2 751.491 329 0.951214
67 1 12 0 28.0673 326.824 0.564801
68 1 12 1 165.41 333.137 0.689849
69 1 12 2 636.505 328.985 0.880472
70 1 13 0 129.011 649.56 0.769162
71 1 13 1 681.5 651.563 0.816527
72 1 14 0 162.615 603.096 0.806142
73 1 14 1 611.258 655.829 0.752501
74 1 15 0 120.518 383.746 0.880805
75 1 15 1 706.772 379.612 0.764789
76 1 16 0 42.088 394.295 0.723258
77 1 16 1 196.302 392.245 0.805419
78 1 16 2 616.813 398.509 0.827804
79 1 17 0 193.5 638.951 0.77393
80 1 17 1 28.0576 647.348 0.219265
81 1 17 2 549.625 662.106 0.786223
82 1 18 0 644.984 647.339 0.421773
83 1 18 1 168.178 681.052 0.781727
84 2 0 0 437.648 253.015 0.781834
85 2 0 1 712.266 369.052 0.617499
86 2 0 2 358.945 750.699 0.326692
87 2 1 0 451.543 105.376 0.84885
88 2 1 1 748.666 225.611 0.764564
89 2 1 2 300.089 527.142 0.777666
90 2 2 0 412.288 248.834 0.778995
91 2 2 1 709.504 364.815 0.542512
92 2 2 2 378.608 756.999 0.425037
93 2 3 0 468.387 255.144 0.707295
94 2 3 1 712.328 377.415 0.700742
95 2 3 2 328.083 733.844 0.320576
96 2 4 0 462.663 59.1494 0.951839
97 2 4 1 681.532 160.289 0.914499
98 2 5 0 395.465 94.9514 0.864474
99 2 5 1 734.707 210.913 0.613238
100 2 5 2 342.103 567.278 0.592844
101 2 6 0 502.051 109.551 0.916507
102 2 6 1 754.323 238.318 0.822102
103 2 6 2 258.042 478.676 0.764
104 2 7 0 417.91 356.383 0.791218
105 2 7 1 701.129 478.605 0.606592
106 2 8 0 457.139 358.479 0.832582
107 2 8 1 687.019 480.73 0.740009
108 2 9 0 437.578 42.178 0.880971
109 2 9 1 375.846 451.251 0.826692
110 2 10 0 488.006 59.0382 0.61948
111 2 10 1 729.06 162.387 0.947313
112 2 11 0 347.712 139.178 0.906664
113 2 11 1 373.026 719.136 0.817202
114 2 12 0 546.743 160.241 0.942434
115 2 12 1 762.758 341.632 0.835965
116 2 13 0 414.971 432.311 0.619288
117 2 13 1 684.411 550.425 0.749976
118 2 14 0 445.91 442.841 0.776051
119 2 14 1 681.46 594.641 0.772438
120 2 15 0 373.014 194.106 0.933193
121 2 15 1 456.979 717.019 0.880937
122 2 16 0 507.705 210.98 0.91579
123 2 16 1 706.613 379.677 0.906763
124 2 17 0 462.818 478.72 0.731278
125 2 17 1 633.718 615.775 0.771536
126 2 18 0 639.307 550.452 0.85685
127 3 0 0 586.129 345.78 0.73027
128 3 0 1 277.67 362.695 0.790118
129 3 0 2 846.956 590.427 0.366687
130 3 1 0 258.009 191.828 0.918471
131 3 1 1 863.807 191.882 0.720763
132 3 1 2 586.122 194.029 0.868629
133 3 2 0 560.877 345.79 0.708062
134 3 2 1 244.037 364.787 0.724736
135 3 2 2 930.981 571.459 0.367648
136 3 3 0 611.368 345.788 0.703775
137 3 3 1 305.629 360.574 0.762022
138 3 3 2 768.376 586.221 0.375164
139 3 4 0 300.08 124.393 0.917835
140 3 4 1 544.013 145.591 0.853502
141 3 5 0 210.381 189.814 0.84813
142 3 5 1 549.514 194.054 0.895552
143 3 5 2 1029.2 193.971 0.551685
144 3 6 0 303.011 191.833 0.860031
145 3 6 1 715.141 189.784 0.614896
146 3 6 2 619.881 193.983 0.869749
147 3 7 0 583.306 455.482 0.754771
148 3 7 1 241.14 495.551 0.792208
149 3 8 0 619.695 453.38 0.776478
150 3 8 1 302.849 489.183 0.784986
151 3 9 0 925.367 37.931 0.296969
152 3 9 1 255.097 113.894 0.863322
153 3 10 0 779.641 25.279 0.740445
154 3 10 1 588.921 139.186 0.870089
155 3 11 0 143.053 257.275 0.879849
156 3 11 1 546.877 265.684 0.808719
157 3 12 0 325.165 244.643 0.873066
158 3 12 1 661.757 274.131 0.874019
159 3 12 2 673.046 425.908 0.64266
160 3 13 0 594.593 548.319 0.83945
161 3 13 1 235.649 598.902 0.72103
162 3 14 0 630.928 548.223 0.636521
163 3 14 1 302.83 601.025 0.842935
164 3 15 0 204.753 312.17 0.895595
165 3 15 1 538.414 324.689 0.792134
166 3 16 0 325.453 295.169 0.916174
167 3 16 1 614.215 337.393 0.814403
168 3 16 2 636.534 546.094 0.268601
169 3 16 3 605.712 634.753 0.739238
170 3 17 0 361.757 617.884 0.775919
171 3 18 0 566.489 579.929 0.701689
172 4 0 0 611.298 295.289 0.193118
173 4 0 1 549.593 335.268 0.551857
174 4 1 0 538.461 120.161 0.750267
175 4 2 0 560.869 335.274 0.507209
176 4 3 0 617.066 295.232 0.245105
177 4 3 1 529.966 333.168 0.440583
178 4 4 0 594.626 90.6306 0.222449
179 4 5 0 572.012 116.013 0.738958
180 4 6 0 504.707 120.2 0.774694
181 4 6 1 616.805 139.186 0.299802
182 4 7 0 628.134 398.563 0.321848
183 4 7 1 546.785 516.641 0.600549
184 4 8 0 633.811 396.51 0.408012
185 4 8 1 552.492 514.475 0.604148
186 4 9 0 569.318 27.5021 0.85243
187 4 11 0 575.002 208.728 0.830624
188 4 12 0 459.849 210.85 0.904394
189 4 12 1 628.148 215.103 0.460457
190 4 13 0 636.515 495.481 0.353228
191 4 13 1 577.776 497.706 0.215923
192 4 13 2 473.928 651.575 0.781968
193 4 14 0 636.602 493.406 0.373967
194 4 14 1 563.677 638.913 0.764695
195 4 15 0 597.315 288.89 0.759351
196 4 16 0 538.448 263.562 0.705423
197 4 16 1 639.378 274.127 0.385369
198 4 17 0 687.063 514.446 0.568229
199 4 17 1 600.155 624.152 0.757183
200 4 18 0 684.129 512.428 0.424314
201 4 18 1 541.23 685.338 0.714997
P viewIdx, pafIdx, aOverAllIdx, bOverAllIdx, CandidAIdx, CandidBIdx, score
0 0 2 0 0 0 0.905087
0 0 2 1 0 1 0
0 0 3 0 1 0 0
0 0 3 1 1 1 0.993244
0 1 4 14 0 0 0.968375
0 1 4 15 0 1 0
0 1 5 14 1 0 0
0 1 5 15 1 1 0.954403
0 2 14 26 0 0 0.996444
0 2 14 27 0 1 0
0 2 15 26 1 0 0
0 2 15 27 1 1 0.963667
0 3 0 4 0 0 0.808155
0 3 0 5 0 1 0
0 3 1 4 1 0 0
0 3 1 5 1 1 0.87933
0 4 0 6 0 0 0.811449
0 4 0 7 0 1 0
0 4 1 6 1 0 0
0 4 1 7 1 1 0.877351
0 5 6 16 0 0 0
0 5 6 17 0 1 0.973509
0 5 6 18 0 2 0
0 5 7 16 1 0 0
0 5 7 17 1 1 0
0 5 7 18 1 2 0.960545
0 6 16 28 0 0 0.992435
0 6 16 29 0 1 0
0 6 16 30 0 2 0
0 6 17 28 1 0 0
0 6 17 29 1 1 0.978696
0 6 17 30 1 2 0
0 6 18 28 2 0 0
0 6 18 29 2 1 0
0 6 18 30 2 2 0.960931
0 7 2 9 0 0 0.775535
0 7 2 10 0 1 0
0 7 3 9 1 0 0
0 7 3 10 1 1 0.993971
0 8 9 22 0 0 0
0 8 10 22 1 0 0.989787
0 9 22 31 0 0 0.955243
0 10 9 19 0 0 0
0 10 10 19 1 0 0.995019
0 11 2 11 0 0 0
0 11 2 12 0 1 0.768219
0 11 2 13 0 2 0
0 11 3 11 1 0 0.983977
0 11 3 12 1 1 0
0 11 3 13 1 2 0
0 12 11 23 0 0 0
0 12 11 24 0 1 0
0 12 11 25 0 2 0.984535
0 12 12 23 1 0 0.995658
0 12 12 24 1 1 0
0 12 12 25 1 2 0
0 12 13 23 2 0 0
0 12 13 24 2 1 0.986741
0 12 13 25 2 2 0
0 13 23 32 0 0 0.961616
0 13 23 33 0 1 0
0 13 23 34 0 2 0
0 13 24 32 1 0 0
0 13 24 33 1 1 0.99551
0 13 24 34 1 2 0
0 13 25 32 2 0 0
0 13 25 33 2 1 0
0 13 25 34 2 2 0.992658
0 14 11 20 0 0 0.960626
0 14 11 21 0 1 0
0 14 12 20 1 0 0
0 14 12 21 1 1 0.999784
0 14 13 20 2 0 0
0 14 13 21 2 1 0
0 15 2 8 0 0 0.963097
0 15 3 8 1 0 0
0 16 28 35 0 0 0.994137
0 16 28 36 0 1 0
0 16 29 35 1 0 0
0 16 29 36 1 1 0.937057
0 16 30 35 2 0 0
0 16 30 36 2 1 0
0 17 26 37 0 0 0.918712
0 17 27 37 1 0 0
1 0 41 38 0 0 0.267489
1 0 41 39 0 1 0.294811
1 0 41 40 0 2 0
1 0 42 38 1 0 0
1 0 42 39 1 1 0
1 0 42 40 1 2 0.982361
1 0 43 38 2 0 0.296396
1 0 43 39 2 1 0.267575
1 0 43 40 2 2 0
1 1 44 57 0 0 0
1 1 44 58 0 1 0
1 1 45 57 1 0 0.97628
1 1 45 58 1 1 0
1 1 46 57 2 0 0
1 1 46 58 2 1 0.985858
1 2 57 70 0 0 0
1 2 57 71 0 1 0.993056
1 2 58 70 1 0 0.997456
1 2 58 71 1 1 0
1 3 38 44 0 0 0.819346
1 3 38 45 0 1 0
1 3 38 46 0 2 0
1 3 39 44 1 0 0
1 3 39 45 1 1 0.919089
1 3 39 46 1 2 0
1 3 40 44 2 0 0
1 3 40 45 2 1 0
1 3 40 46 2 2 0.93626
1 4 38 47 0 0 0
1 4 38 48 0 1 0
1 4 39 47 1 0 0.875674
1 4 39 48 1 1 0
1 4 40 47 2 0 0
1 4 40 48 2 1 0.930503
1 5 47 59 0 0 0
1 5 47 60 0 1 0.980849
1 5 48 59 1 0 0.999204
1 5 48 60 1 1 0
1 6 59 72 0 0 0.984712
1 6 59 73 0 1 0
1 6 60 72 1 0 0
1 6 60 73 1 1 0.98945
1 7 41 52 0 0 0
1 7 41 53 0 1 0.982476
1 7 41 54 0 2 0
1 7 42 52 1 0 0.980687
1 7 42 53 1 1 0
1 7 42 54 1 2 0
1 7 43 52 2 0 0
1 7 43 53 2 1 0
1 7 43 54 2 2 0.951646
1 8 52 64 0 0 0
1 8 52 65 0 1 0.964485
1 8 52 66 0 2 0
1 8 53 64 1 0 0
1 8 53 65 1 1 0
1 8 53 66 1 2 0.999849
1 8 54 64 2 0 0.805951
1 8 54 65 2 1 0
1 8 54 66 2 2 0
1 9 64 74 0 0 0
1 9 64 75 0 1 0
1 9 65 74 1 0 0.990718
1 9 65 75 1 1 0
1 9 66 74 2 0 0
1 9 66 75 2 1 0.960942
1 10 52 61 0 0 0.97379
1 10 52 62 0 1 0
1 10 53 61 1 0 0
1 10 53 62 1 1 0.867309
1 10 54 61 2 0 0
1 10 54 62 2 1 0
1 11 41 55 0 0 0.966705
1 11 41 56 0 1 0
1 11 42 55 1 0 0
1 11 42 56 1 1 0.978971
1 11 43 55 2 0 0
1 11 43 56 2 1 0
1 12 55 67 0 0 0
1 12 55 68 0 1 0
1 12 55 69 0 2 0.992697
1 12 56 67 1 0 0
1 12 56 68 1 1 0.964743
1 12 56 69 1 2 0
1 13 67 76 0 0 0.957059
1 13 67 77 0 1 0
1 13 67 78 0 2 0
1 13 68 76 1 0 0
1 13 68 77 1 1 0.984592
1 13 68 78 1 2 0
1 13 69 76 2 0 0
1 13 69 77 2 1 0
1 13 69 78 2 2 0.993503
1 14 55 63 0 0 0.997347
1 14 56 63 1 0 0
1 15 41 49 0 0 0
1 15 41 50 0 1 0
1 15 41 51 0 2 0.457081
1 15 42 49 1 0 0.960566
1 15 42 50 1 1 0
1 15 42 51 1 2 0
1 15 43 49 2 0 0
1 15 43 50 2 1 0
1 15 43 51 2 2 0.542919
1 16 72 79 0 0 0.995398
1 16 72 80 0 1 0
1 16 72 81 0 2 0
1 16 73 79 1 0 0
1 16 73 80 1 1 0
1 16 73 81 1 2 0.965216
1 17 70 82 0 0 0
1 17 70 83 0 1 0.991582
1 17 71 82 1 0 0.866927
1 17 71 83 1 1 0
2 0 87 84 0 0 0.992747
2 0 87 85 0 1 0
2 0 87 86 0 2 0
2 0 88 84 1 0 0
2 0 88 85 1 1 0.963835
2 0 88 86 1 2 0
2 0 89 84 2 0 0
2 0 89 85 2 1 0
2 0 89 86 2 2 0.974776
2 1 90 104 0 0 0.996433
2 1 90 105 0 1 0
2 1 91 104 1 0 0
2 1 91 105 1 1 0.901818
2 1 92 104 2 0 0
2 1 92 105 2 1 0
2 2 104 116 0 0 0.958324
2 2 104 117 0 1 0
2 2 105 116 1 0 0
2 2 105 117 1 1 0.928443
2 3 84 90 0 0 0.942992
2 3 84 91 0 1 0
2 3 84 92 0 2 0
2 3 85 90 1 0 0
2 3 85 91 1 1 0.819315
2 3 85 92 1 2 0
2 3 86 90 2 0 0
2 3 86 91 2 1 0
2 3 86 92 2 2 0.799957
2 4 84 93 0 0 0.946238
2 4 84 94 0 1 0
2 4 84 95 0 2 0
2 4 85 93 1 0 0
2 4 85 94 1 1 0.806285
2 4 85 95 1 2 0
2 4 86 93 2 0 0
2 4 86 94 2 1 0
2 4 86 95 2 2 0.785259
2 5 93 106 0 0 0.992573
2 5 93 107 0 1 0
2 5 94 106 1 0 0
2 5 94 107 1 1 0.955914
2 5 95 106 2 0 0
2 5 95 107 2 1 0
2 6 106 118 0 0 0.974037
2 6 106 119 0 1 0
2 6 107 118 1 0 0
2 6 107 119 1 1 0.978658
2 7 87 98 0 0 0.990084
2 7 87 99 0 1 0
2 7 87 100 0 2 0
2 7 88 98 1 0 0
2 7 88 99 1 1 0.948722
2 7 88 100 1 2 0
2 7 89 98 2 0 0
2 7 89 99 2 1 0
2 7 89 100 2 2 0.984612
2 8 98 112 0 0 0.963576
2 8 98 113 0 1 0
2 8 99 112 1 0 0
2 8 99 113 1 1 0
2 8 100 112 2 0 0
2 8 100 113 2 1 0.980484
2 9 112 120 0 0 0.993428
2 9 112 121 0 1 0
2 9 113 120 1 0 0
2 9 113 121 1 1 0.994206
2 10 98 108 0 0 0.948321
2 10 98 109 0 1 0
2 10 99 108 1 0 0
2 10 99 109 1 1 0
2 10 100 108 2 0 0
2 10 100 109 2 1 0.95803
2 11 87 101 0 0 0.99525
2 11 87 102 0 1 0
2 11 87 103 0 2 0
2 11 88 101 1 0 0
2 11 88 102 1 1 0.955533
2 11 88 103 1 2 0
2 11 89 101 2 0 0
2 11 89 102 2 1 0
2 11 89 103 2 2 0.996905
2 12 101 114 0 0 0.985318
2 12 101 115 0 1 0
2 12 102 114 1 0 0
2 12 102 115 1 1 0.999307
2 12 103 114 2 0 0
2 12 103 115 2 1 0
2 13 114 122 0 0 0.97607
2 13 114 123 0 1 0
2 13 115 122 1 0 0
2 13 115 123 1 1 0.989474
2 14 101 110 0 0 0.919812
2 14 101 111 0 1 0
2 14 102 110 1 0 0
2 14 102 111 1 1 0.998024
2 14 103 110 2 0 0
2 14 103 111 2 1 0
2 15 87 96 0 0 0.981453
2 15 87 97 0 1 0
2 15 88 96 1 0 0
2 15 88 97 1 1 0.993712
2 15 89 96 2 0 0
2 15 89 97 2 1 0
2 16 118 124 0 0 0.96489
2 16 118 125 0 1 0
2 16 119 124 1 0 0
2 16 119 125 1 1 0.954414
2 17 116 126 0 0 0
2 17 117 126 1 0 0.921711
3 0 130 127 0 0 0
3 0 130 128 0 1 0.998344
3 0 130 129 0 2 0
3 0 131 127 1 0 0
3 0 131 128 1 1 0
3 0 131 129 1 2 0.958422
3 0 132 127 2 0 0.971418
3 0 132 128 2 1 0
3 0 132 129 2 2 0
3 1 133 147 0 0 0.996476
3 1 133 148 0 1 0
3 1 134 147 1 0 0
3 1 134 148 1 1 0.9627
3 1 135 147 2 0 0
3 1 135 148 2 1 0
3 2 147 160 0 0 0.977634
3 2 147 161 0 1 0
3 2 148 160 1 0 0
3 2 148 161 1 1 0.993139
3 3 127 133 0 0 0.951974
3 3 127 134 0 1 0
3 3 127 135 0 2 0
3 3 128 133 1 0 0
3 3 128 134 1 1 0.936811
3 3 128 135 1 2 0
3 3 129 133 2 0 0
3 3 129 134 2 1 0
3 3 129 135 2 2 0.813316
3 4 127 136 0 0 0.952995
3 4 127 137 0 1 0
3 4 127 138 0 2 0
3 4 128 136 1 0 0
3 4 128 137 1 1 0.941632
3 4 128 138 1 2 0
3 4 129 136 2 0 0
3 4 129 137 2 1 0
3 4 129 138 2 2 0.830836
3 5 136 149 0 0 0.98424
3 5 136 150 0 1 0
3 5 137 149 1 0 0
3 5 137 150 1 1 0.999962
3 5 138 149 2 0 0
3 5 138 150 2 1 0
3 6 149 162 0 0 0.959991
3 6 149 163 0 1 0
3 6 150 162 1 0 0
3 6 150 163 1 1 0.997036
3 7 130 141 0 0 0.991062
3 7 130 142 0 1 0
3 7 130 143 0 2 0
3 7 131 141 1 0 0
3 7 131 142 1 1 0
3 7 131 143 1 2 0.950286
3 7 132 141 2 0 0
3 7 132 142 2 1 0.99854
3 7 132 143 2 2 0
3 8 141 155 0 0 0.988199
3 8 141 156 0 1 0
3 8 142 155 1 0 0
3 8 142 156 1 1 0.99632
3 8 143 155 2 0 0
3 8 143 156 2 1 0
3 9 155 164 0 0 0.98623
3 9 155 165 0 1 0
3 9 156 164 1 0 0
3 9 156 165 1 1 0.97793
3 10 141 151 0 0 0
3 10 141 152 0 1 0.988379
3 10 142 151 1 0 0
3 10 142 152 1 1 0
3 10 143 151 2 0 0.845989
3 10 143 152 2 1 0
3 11 130 144 0 0 0.999098
3 11 130 145 0 1 0
3 11 130 146 0 2 0
3 11 131 144 1 0 0
3 11 131 145 1 1 0.962744
3 11 131 146 1 2 0
3 11 132 144 2 0 0
3 11 132 145 2 1 0
3 11 132 146 2 2 0.997937
3 12 144 157 0 0 0.992472
3 12 144 158 0 1 0
3 12 144 159 0 2 0
3 12 145 157 1 0 0
3 12 145 158 1 1 0.256665
3 12 145 159 1 2 0.526053
3 12 146 157 2 0 0
3 12 146 158 2 1 0.539468
3 12 146 159 2 2 0
3 13 157 166 0 0 0.998755
3 13 157 167 0 1 0
3 13 157 168 0 2 0
3 13 157 169 0 3 0
3 13 158 166 1 0 0
3 13 158 167 1 1 0.984157
3 13 158 168 1 2 0
3 13 158 169 1 3 0
3 13 159 166 2 0 0
3 13 159 167 2 1 0
3 13 159 168 2 2 0.500818
3 13 159 169 2 3 0.499182
3 14 144 153 0 0 0
3 14 144 154 0 1 0
3 14 145 153 1 0 0.953969
3 14 145 154 1 1 0
3 14 146 153 2 0 0
3 14 146 154 2 1 0.99731
3 15 130 139 0 0 0.986681
3 15 130 140 0 1 0
3 15 131 139 1 0 0
3 15 131 140 1 1 0
3 15 132 139 2 0 0
3 15 132 140 2 1 0.988927
3 16 162 170 0 0 0
3 16 163 170 1 0 0.988474
3 17 160 171 0 0 0.912101
3 17 161 171 1 0 0
4 0 174 172 0 0 0.477816
4 0 174 173 0 1 0.522184
4 1 175 182 0 0 0.458209
4 1 175 183 0 1 0.541791
4 2 182 190 0 0 0.337182
4 2 182 191 0 1 0.289705
4 2 182 192 0 2 0.197667
4 2 183 190 1 0 0
4 2 183 191 1 1 0
4 2 183 192 1 2 0.519341
4 3 172 175 0 0 0
4 3 173 175 1 0 0.802393
4 4 172 176 0 0 0.65005
4 4 172 177 0 1 0
4 4 173 176 1 0 0
4 4 173 177 1 1 0.83527
4 5 176 184 0 0 0.314051
4 5 176 185 0 1 0.288035
4 5 177 184 1 0 0.287059
4 5 177 185 1 1 0.313118
4 6 184 193 0 0 0.867375
4 6 184 194 0 1 0
4 6 185 193 1 0 0
4 6 185 194 1 1 0.997356
4 7 174 179 0 0 0.962877
4 8 179 187 0 0 0.995528
4 9 187 195 0 0 0.980121
4 10 179 186 0 0 0.979319
4 11 174 180 0 0 0.966451
4 11 174 181 0 1 0
4 12 180 188 0 0 0.98682
4 12 180 189 0 1 0
4 12 181 188 1 0 0
4 12 181 189 1 1 0.861648
4 13 188 196 0 0 0.987843
4 13 188 197 0 1 0
4 13 189 196 1 0 0
4 13 189 197 1 1 0.890772
4 15 174 178 0 0 0.821835
4 16 193 198 0 0 0.912237
4 16 193 199 0 1 0
4 16 194 198 1 0 0
4 16 194 199 1 1 0.911734
4 17 190 200 0 0 0.86759
4 17 190 201 0 1 0
4 17 191 200 1 0 0
4 17 191 201 1 1 0
4 17 192 200 2 0 0
4 17 192 201 2 1 0.967139
E jointIdx viewA viewB aOverAllIdx bOverallIdx score
0 0 1 0 38 0.365643
0 0 1 0 39 0.139024
0 0 1 0 40 0.327899
0 0 1 1 38 0.40055
0 0 1 1 39 0.772079
0 0 1 1 40 -1
0 0 2 0 84 0.824884
0 0 2 0 85 -1
0 0 2 0 86 -1
0 0 2 1 84 -1
0 0 2 1 85 0.872971
0 0 2 1 86 -1
0 0 3 0 127 -1
0 0 3 0 128 0.827764
0 0 3 0 129 -1
0 0 3 1 127 0.911737
0 0 3 1 128 -1
0 0 3 1 129 -1
0 0 4 0 172 -1
0 0 4 0 173 0.809268
0 0 4 1 172 0.977674
0 0 4 1 173 -1
0 1 2 38 84 0.99661
0 1 2 38 85 0.748553
0 1 2 38 86 -1
0 1 2 39 84 0.264125
0 1 2 39 85 0.734511
0 1 2 39 86 -1
0 1 2 40 84 -1
0 1 2 40 85 -1
0 1 2 40 86 0.000170648
0 1 3 38 127 0.739236
0 1 3 38 128 0.894658
0 1 3 38 129 -1
0 1 3 39 127 0.803175
0 1 3 39 128 0.783776
0 1 3 39 129 -1
0 1 3 40 127 -1
0 1 3 40 128 -1
0 1 3 40 129 -1
0 1 4 38 172 0.492627
0 1 4 38 173 0.507373
0 1 4 39 172 0.11286
0 1 4 39 173 0.342926
0 1 4 40 172 -1
0 1 4 40 173 -1
0 2 3 84 127 -1
0 2 3 84 128 0.875795
0 2 3 84 129 -1
0 2 3 85 127 0.957942
0 2 3 85 128 -1
0 2 3 85 129 -1
0 2 3 86 127 -1
0 2 3 86 128 -1
0 2 3 86 129 0.627923
0 2 4 84 172 0.530674
0 2 4 84 173 0.469326
0 2 4 85 172 0.430087
0 2 4 85 173 0.529934
0 2 4 86 172 -1
0 2 4 86 173 -1
0 3 4 127 172 0.766998
0 3 4 127 173 -1
0 3 4 128 172 0.294256
0 3 4 128 173 0.705744
0 3 4 129 172 -1
0 3 4 129 173 -1
1 0 1 2 41 0.192377
1 0 1 2 42 0.225791
1 0 1 2 43 0.225112
1 0 1 3 41 0.236455
1 0 1 3 42 0.202772
1 0 1 3 43 0.203456
1 0 2 2 87 0.897309
1 0 2 2 88 -1
1 0 2 2 89 -1
1 0 2 3 87 -1
1 0 2 3 88 0.893046
1 0 2 3 89 -1
1 0 3 2 130 0.309565
1 0 3 2 131 0.0612503
1 0 3 2 132 0.252191
1 0 3 3 130 0.444332
1 0 3 3 131 -1
1 0 3 3 132 0.547318
1 0 4 2 174 0.691862
1 0 4 3 174 0.308138
1 1 2 41 87 -1
1 1 2 41 88 0.71671
1 1 2 41 89 -1
1 1 2 42 87 -1
1 1 2 42 88 -1
1 1 2 42 89 0.730556
1 1 2 43 87 0.975528
1 1 2 43 88 0.378714
1 1 2 43 89 -1
1 1 3 41 130 0.10467
1 1 3 41 131 0.166629
1 1 3 41 132 0.152932
1 1 3 42 130 0.155267
1 1 3 42 131 0.135931
1 1 3 42 132 0.129581
1 1 3 43 130 0.156588
1 1 3 43 131 0.120485
1 1 3 43 132 0.14022
1 1 4 41 174 0.821443
1 1 4 42 174 -1
1 1 4 43 174 0.991629
1 2 3 87 130 0.963764
1 2 3 87 131 -1
1 2 3 87 132 -1
1 2 3 88 130 -1
1 2 3 88 131 -1
1 2 3 88 132 0.84
1 2 3 89 130 -1
1 2 3 89 131 0.714045
1 2 3 89 132 -1
1 2 4 87 174 0.919531
1 2 4 88 174 0.134286
1 2 4 89 174 -1
1 3 4 130 174 0.533316
1 3 4 131 174 0.149716
1 3 4 132 174 0.316968
2 0 1 4 44 0.37603
2 0 1 4 45 0.0796459
2 0 1 4 46 0.469913
2 0 1 5 44 0.295287
2 0 1 5 45 0.850736
2 0 1 5 46 -1
2 0 2 4 90 0.712471
2 0 2 4 91 -1
2 0 2 4 92 -1
2 0 2 5 90 -1
2 0 2 5 91 0.625748
2 0 2 5 92 -1
2 0 3 4 133 -1
2 0 3 4 134 0.833803
2 0 3 4 135 -1
2 0 3 5 133 0.933202
2 0 3 5 134 -1
2 0 3 5 135 -1
2 0 4 4 175 0.640278
2 0 4 5 175 0.0327231
2 1 2 44 90 0.928132
2 1 2 44 91 0.52371
2 1 2 44 92 -1
2 1 2 45 90 -1
2 1 2 45 91 0.428805
2 1 2 45 92 -1
2 1 2 46 90 -1
2 1 2 46 91 -1
2 1 2 46 92 0.430254
2 1 3 44 133 0.825253
2 1 3 44 134 0.837592
2 1 3 44 135 -1
2 1 3 45 133 0.755917
2 1 3 45 134 0.8847
2 1 3 45 135 -1
2 1 3 46 133 -1
2 1 3 46 134 -1
2 1 3 46 135 -1
2 1 4 44 175 0.696169
2 1 4 45 175 -1
2 1 4 46 175 -1
2 2 3 90 133 -1
2 2 3 90 134 0.982141
2 2 3 90 135 -1
2 2 3 91 133 0.678368
2 2 3 91 134 -1
2 2 3 91 135 -1
2 2 3 92 133 -1
2 2 3 92 134 -1
2 2 3 92 135 0.0986332
2 2 4 90 175 0.732002
2 2 4 91 175 0.315693
2 2 4 92 175 -1
2 3 4 133 175 0.0227137
2 3 4 134 175 0.808771
2 3 4 135 175 -1
3 0 1 6 47 0.361301
3 0 1 6 48 0.497571
3 0 1 7 47 0.63169
3 0 1 7 48 -1
3 0 2 6 93 0.886193
3 0 2 6 94 -1
3 0 2 6 95 -1
3 0 2 7 93 -1
3 0 2 7 94 0.90023
3 0 2 7 95 -1
3 0 3 6 136 -1
3 0 3 6 137 0.776386
3 0 3 6 138 -1
3 0 3 7 136 0.948982
3 0 3 7 137 -1
3 0 3 7 138 -1
3 0 4 6 176 -1
3 0 4 6 177 0.998457
3 0 4 7 176 0.732143
3 0 4 7 177 -1
3 1 2 47 93 0.854529
3 1 2 47 94 0.997124
3 1 2 47 95 -1
3 1 2 48 93 -1
3 1 2 48 94 -1
3 1 2 48 95 -1
3 1 3 47 136 0.805735
3 1 3 47 137 0.734167
3 1 3 47 138 -1
3 1 3 48 136 -1
3 1 3 48 137 -1
3 1 3 48 138 -1
3 1 4 47 176 0.399485
3 1 4 47 177 0.600515
3 1 4 48 176 -1
3 1 4 48 177 -1
3 2 3 93 136 -1
3 2 3 93 137 0.810263
3 2 3 93 138 -1
3 2 3 94 136 0.845596
3 2 3 94 137 -1
3 2 3 94 138 -1
3 2 3 95 136 -1
3 2 3 95 137 -1
3 2 3 95 138 0.819829
3 2 4 93 176 0.445761
3 2 4 93 177 0.554239
3 2 4 94 176 0.338431
3 2 4 94 177 0.661569
3 2 4 95 176 -1
3 2 4 95 177 -1
3 3 4 136 176 0.704782
3 3 4 136 177 0.0210283
3 3 4 137 176 0.342689
3 3 4 137 177 0.657311
3 3 4 138 176 -1
3 3 4 138 177 -1
4 0 1 8 49 0.376259
4 0 1 8 50 0.0911777
4 0 1 8 51 0.532563
4 0 2 8 96 0.902019
4 0 2 8 97 -1
4 0 3 8 139 0.711776
4 0 3 8 140 0.288224
4 0 4 8 178 0.221106
4 1 2 49 96 -1
4 1 2 49 97 -1
4 1 2 50 96 -1
4 1 2 50 97 -1
4 1 2 51 96 0.6062
4 1 2 51 97 0.3938
4 1 3 49 139 0.0511152
4 1 3 49 140 0.156254
4 1 3 50 139 -1
4 1 3 50 140 -1
4 1 3 51 139 0.49107
4 1 3 51 140 0.50893
4 1 4 49 178 -1
4 1 4 50 178 -1
4 1 4 51 178 0.411674
4 2 3 96 139 0.850855
4 2 3 96 140 -1
4 2 3 97 139 -1
4 2 3 97 140 0.981634
4 2 4 96 178 0.115489
4 2 4 97 178 0.884511
4 3 4 139 178 0.21715
4 3 4 140 178 0.78285
5 0 1 9 52 0.187953
5 0 1 9 53 0.210907
5 0 1 9 54 0.210838
5 0 1 10 52 0.220558
5 0 1 10 53 0.199252
5 0 1 10 54 0.199316
5 0 2 9 98 0.925236
5 0 2 9 99 -1
5 0 2 9 100 -1
5 0 2 10 98 -1
5 0 2 10 99 0.692753
5 0 2 10 100 -1
5 0 3 9 141 0.507937
5 0 3 9 142 0.484649
5 0 3 9 143 -1
5 0 3 10 141 0.492063
5 0 3 10 142 0.515351
5 0 3 10 143 -1
5 0 4 9 179 0.628741
5 0 4 10 179 0.371259
5 1 2 52 98 -1
5 1 2 52 99 -1
5 1 2 52 100 0.93147
5 1 2 53 98 -1
5 1 2 53 99 0.514204
5 1 2 53 100 -1
5 1 2 54 98 0.981495
5 1 2 54 99 -1
5 1 2 54 100 -1
5 1 3 52 141 0.138769
5 1 3 52 142 0.130487
5 1 3 52 143 0.161322
5 1 3 53 141 0.12475
5 1 3 53 142 0.158706
5 1 3 53 143 0.136043
5 1 3 54 141 0.158345
5 1 3 54 142 0.134267
5 1 3 54 143 0.121467
5 1 4 52 179 -1
5 1 4 53 179 0.176821
5 1 4 54 179 0.908289
5 2 3 98 141 0.869653
5 2 3 98 142 -1
5 2 3 98 143 -1
5 2 3 99 141 -1
5 2 3 99 142 0.695819
5 2 3 99 143 -1
5 2 3 100 141 -1
5 2 3 100 142 -1
5 2 3 100 143 0.439624
5 2 4 98 179 0.987204
5 2 4 99 179 0.60702
5 2 4 100 179 -1
5 3 4 141 179 0.911448
5 3 4 142 179 0.50752
5 3 4 143 179 -1
6 0 1 11 55 0.270641
6 0 1 11 56 0.151531
6 0 1 12 55 0.201432
6 0 1 12 56 0.227773
6 0 1 13 55 0.176634
6 0 1 13 56 0.255091
6 0 2 11 101 -1
6 0 2 11 102 0.930431
6 0 2 11 103 -1
6 0 2 12 101 0.952043
6 0 2 12 102 -1
6 0 2 12 103 -1
6 0 2 13 101 -1
6 0 2 13 102 -1
6 0 2 13 103 0.740922
6 0 3 11 144 0.106953
6 0 3 11 145 0.144899
6 0 3 11 146 0.166424
6 0 3 12 144 0.176983
6 0 3 12 145 0.103226
6 0 3 12 146 0.133527
6 0 3 13 144 0.137176
6 0 3 13 145 0.162913
6 0 3 13 146 0.125148
6 0 4 11 180 0.240936
6 0 4 11 181 0.373233
6 0 4 12 180 0.644448
6 0 4 12 181 0.174826
6 0 4 13 180 -1
6 0 4 13 181 0.29937
6 1 2 55 101 0.858976
6 1 2 55 102 0.962084
6 1 2 55 103 -1
6 1 2 56 101 -1
6 1 2 56 102 -1
6 1 2 56 103 0.710055
6 1 3 55 144 0.160465
6 1 3 55 145 0.215558
6 1 3 55 146 0.210674
6 1 3 56 144 0.228879
6 1 3 56 145 0.178463
6 1 3 56 146 0.182932
6 1 4 55 180 0.436957
6 1 4 55 181 0.563043
6 1 4 56 180 -1
6 1 4 56 181 -1
6 2 3 101 144 0.914561
6 2 3 101 145 -1
6 2 3 101 146 -1
6 2 3 102 144 -1
6 2 3 102 145 -1
6 2 3 102 146 0.971712
6 2 3 103 144 -1
6 2 3 103 145 0.163653
6 2 3 103 146 -1
6 2 4 101 180 0.867628
6 2 4 101 181 -1
6 2 4 102 180 -1
6 2 4 102 181 0.81256
6 2 4 103 180 -1
6 2 4 103 181 -1
6 3 4 144 180 0.303412
6 3 4 144 181 0.183305
6 3 4 145 180 0.189273
6 3 4 145 181 0.255457
6 3 4 146 180 0.185374
6 3 4 146 181 0.257922
7 0 1 14 57 -1
7 0 1 14 58 -1
7 0 1 15 57 0.908307
7 0 1 15 58 -1
7 0 2 14 104 0.500747
7 0 2 14 105 -1
7 0 2 15 104 -1
7 0 2 15 105 0.587717
7 0 3 14 147 -1
7 0 3 14 148 0.918697
7 0 3 15 147 0.98174
7 0 3 15 148 -1
7 0 4 14 182 -1
7 0 4 14 183 0.700153
7 0 4 15 182 -1
7 0 4 15 183 -1
7 1 2 57 104 0.272252
7 1 2 57 105 0.463045
7 1 2 58 104 -1
7 1 2 58 105 -1
7 1 3 57 147 0.803569
7 1 3 57 148 0.196431
7 1 3 58 147 -1
7 1 3 58 148 -1
7 1 4 57 182 -1
7 1 4 57 183 -1
7 1 4 58 182 -1
7 1 4 58 183 -1
7 2 3 104 147 -1
7 2 3 104 148 0.619395
7 2 3 105 147 0.592674
7 2 3 105 148 -1
7 2 4 104 182 0.230256
7 2 4 104 183 0.683827
7 2 4 105 182 0.347635
7 2 4 105 183 -1
7 3 4 147 182 0.804058
7 3 4 147 183 -1
7 3 4 148 182 -1
7 3 4 148 183 0.957746
8 0 1 16 59 0.949478
8 0 1 16 60 -1
8 0 1 17 59 -1
8 0 1 17 60 -1
8 0 1 18 59 -1
8 0 1 18 60 0.882505
8 0 2 16 106 -1
8 0 2 16 107 -1
8 0 2 17 106 0.859925
8 0 2 17 107 -1
8 0 2 18 106 -1
8 0 2 18 107 0.674676
8 0 3 16 149 -1
8 0 3 16 150 -1
8 0 3 17 149 -1
8 0 3 17 150 0.815137
8 0 3 18 149 0.835502
8 0 3 18 150 -1
8 0 4 16 184 -1
8 0 4 16 185 -1
8 0 4 17 184 -1
8 0 4 17 185 0.811828
8 0 4 18 184 0.970707
8 0 4 18 185 -1
8 1 2 59 106 -1
8 1 2 59 107 -1
8 1 2 60 106 0.076526
8 1 2 60 107 0.77972
8 1 3 59 149 -1
8 1 3 59 150 -1
8 1 3 60 149 0.885776
8 1 3 60 150 -1
8 1 4 59 184 -1
8 1 4 59 185 -1
8 1 4 60 184 0.49471
8 1 4 60 185 0.50529
8 2 3 106 149 -1
8 2 3 106 150 0.94704
8 2 3 107 149 0.867416
8 2 3 107 150 -1
8 2 4 106 184 0.408481
8 2 4 106 185 0.477782
8 2 4 107 184 0.396726
8 2 4 107 185 -1
8 3 4 149 184 0.656718
8 3 4 149 185 -1
8 3 4 150 184 -1
8 3 4 150 185 0.636758
9 0 1 19 61 -1
9 0 1 19 62 0.88923
9 0 2 19 108 0.0189628
9 0 2 19 109 -1
9 0 3 19 151 -1
9 0 3 19 152 -1
9 0 4 19 186 0.0138724
9 1 2 61 108 -1
9 1 2 61 109 0.944906
9 1 2 62 108 -1
9 1 2 62 109 -1
9 1 3 61 151 0.0168334
9 1 3 61 152 -1
9 1 3 62 151 -1
9 1 3 62 152 0.718841
9 1 4 61 186 -1
9 1 4 62 186 -1
9 2 3 108 151 -1
9 2 3 108 152 0.966021
9 2 3 109 151 0.412117
9 2 3 109 152 -1
9 2 4 108 186 0.99189
9 2 4 109 186 -1
9 3 4 151 186 0.420914
9 3 4 152 186 0.579086
10 0 1 20 63 0.626639
10 0 1 21 63 0.373361
10 0 2 20 110 -1
10 0 2 20 111 0.94028
10 0 2 21 110 0.940001
10 0 2 21 111 -1
10 0 3 20 153 -1
10 0 3 20 154 0.939285
10 0 3 21 153 -1
10 0 3 21 154 -1
10 1 2 63 110 0.372811
10 1 2 63 111 0.627189
10 1 3 63 153 -1
10 1 3 63 154 0.967281
10 2 3 110 153 -1
10 2 3 110 154 -1
10 2 3 111 153 0.424028
10 2 3 111 154 0.575972
11 0 1 22 64 0.607619
11 0 1 22 65 -1
11 0 1 22 66 0.895043
11 0 2 22 112 -1
11 0 2 22 113 -1
11 0 3 22 155 -1
11 0 3 22 156 0.786167
11 0 4 22 187 0.248101
11 1 2 64 112 0.258134
11 1 2 64 113 -1
11 1 2 65 112 -1
11 1 2 65 113 0.896526
11 1 2 66 112 -1
11 1 2 66 113 -1
11 1 3 64 155 -1
11 1 3 64 156 0.57153
11 1 3 65 155 -1
11 1 3 65 156 -1
11 1 3 66 155 0.263379
11 1 3 66 156 0.736621
11 1 4 64 187 0.0726197
11 1 4 65 187 -1
11 1 4 66 187 0.867791
11 2 3 112 155 0.996887
11 2 3 112 156 -1
11 2 3 113 155 -1
11 2 3 113 156 -1
11 2 4 112 187 0.926252
11 2 4 113 187 -1
11 3 4 155 187 0.50596
11 3 4 156 187 0.49404
12 0 1 23 67 -1
12 0 1 23 68 -1
12 0 1 23 69 0.00474065
12 0 1 24 67 0.409499
12 0 1 24 68 0.318189
12 0 1 24 69 0.170525
12 0 1 25 67 0.00461823
12 0 1 25 68 0.320994
12 0 1 25 69 0.422308
12 0 2 23 114 0.866839
12 0 2 23 115 -1
12 0 2 24 114 -1
12 0 2 24 115 -1
12 0 2 25 114 -1
12 0 2 25 115 0.922699
12 0 3 23 157 0.983986
12 0 3 23 158 -1
12 0 3 23 159 -1
12 0 3 24 157 -1
12 0 3 24 158 -1
12 0 3 24 159 0.311949
12 0 3 25 157 -1
12 0 3 25 158 0.988676
12 0 3 25 159 -1
12 0 4 23 188 0.288968
12 0 4 23 189 0.231862
12 0 4 24 188 0.121112
12 0 4 24 189 0.184446
12 0 4 25 188 0.244396
12 0 4 25 189 0.26653
12 1 2 67 114 -1
12 1 2 67 115 -1
12 1 2 68 114 -1
12 1 2 68 115 -1
12 1 2 69 114 -1
12 1 2 69 115 0.99897
12 1 3 67 157 -1
12 1 3 67 158 -1
12 1 3 67 159 0.820912
12 1 3 68 157 -1
12 1 3 68 158 -1
12 1 3 68 159 0.358644
12 1 3 69 157 -1
12 1 3 69 158 0.959935
12 1 3 69 159 -1
12 1 4 67 188 -1
12 1 4 67 189 -1
12 1 4 68 188 -1
12 1 4 68 189 -1
12 1 4 69 188 -1
12 1 4 69 189 0.895897
12 2 3 114 157 0.925475
12 2 3 114 158 -1
12 2 3 114 159 -1
12 2 3 115 157 -1
12 2 3 115 158 0.916075
12 2 3 115 159 -1
12 2 4 114 188 0.860797
12 2 4 114 189 -1
12 2 4 115 188 -1
12 2 4 115 189 0.858235
12 3 4 157 188 0.61341
12 3 4 157 189 0.386589
12 3 4 158 188 0.375928
12 3 4 158 189 0.624072
12 3 4 159 188 -1
12 3 4 159 189 -1
13 0 1 26 70 -1
13 0 1 26 71 -1
13 0 1 27 70 -1
13 0 1 27 71 0.567504
13 0 2 26 116 -1
13 0 2 26 117 -1
13 0 2 27 116 -1
13 0 2 27 117 0.743819
13 0 3 26 160 -1
13 0 3 26 161 0.589535
13 0 3 27 160 0.875577
13 0 3 27 161 -1
13 0 4 26 190 -1
13 0 4 26 191 -1
13 0 4 26 192 0.9037
13 0 4 27 190 0.182286
13 0 4 27 191 0.781539
13 0 4 27 192 -1
13 1 2 70 116 -1
13 1 2 70 117 -1
13 1 2 71 116 0.528801
13 1 2 71 117 0.471199
13 1 3 70 160 -1
13 1 3 70 161 -1
13 1 3 71 160 0.967639
13 1 3 71 161 -1
13 1 4 70 190 -1
13 1 4 70 191 -1
13 1 4 70 192 -1
13 1 4 71 190 -1
13 1 4 71 191 0.709869
13 1 4 71 192 0.691632
13 2 3 116 160 -1
13 2 3 116 161 0.388445
13 2 3 117 160 0.882206
13 2 3 117 161 -1
13 2 4 116 190 0.0760152
13 2 4 116 191 -1
13 2 4 116 192 -1
13 2 4 117 190 -1
13 2 4 117 191 0.992381
13 2 4 117 192 0.137708
13 3 4 160 190 0.560964
13 3 4 160 191 0.842697
13 3 4 160 192 -1
13 3 4 161 190 -1
13 3 4 161 191 -1
13 3 4 161 192 0.527493
14 0 1 28 72 0.761656
14 0 1 28 73 -1
14 0 1 29 72 -1
14 0 1 29 73 -1
14 0 1 30 72 -1
14 0 1 30 73 0.899109
14 0 2 28 118 -1
14 0 2 28 119 0.68354
14 0 2 29 118 0.880052
14 0 2 29 119 -1
14 0 2 30 118 -1
14 0 2 30 119 0.878227
14 0 3 28 162 -1
14 0 3 28 163 -1
14 0 3 29 162 -1
14 0 3 29 163 0.931256
14 0 3 30 162 0.678501
14 0 3 30 163 -1
14 0 4 28 193 -1
14 0 4 28 194 -1
14 0 4 29 193 -1
14 0 4 29 194 0.894721
14 0 4 30 193 0.817921
14 0 4 30 194 -1
14 1 2 72 118 -1
14 1 2 72 119 -1
14 1 2 73 118 -1
14 1 2 73 119 0.879959
14 1 3 72 162 -1
14 1 3 72 163 -1
14 1 3 73 162 0.574085
14 1 3 73 163 -1
14 1 4 72 193 -1
14 1 4 72 194 -1
14 1 4 73 193 0.58797
14 1 4 73 194 0.41203
14 2 3 118 162 -1
14 2 3 118 163 0.946386
14 2 3 119 162 0.477669
14 2 3 119 163 -1
14 2 4 118 193 0.225557
14 2 4 118 194 0.729389
14 2 4 119 193 0.718196
14 2 4 119 194 -1
14 3 4 162 193 0.429883
14 3 4 162 194 -1
14 3 4 163 193 -1
14 3 4 163 194 0.835725
15 0 1 31 74 -1
15 0 1 31 75 0.701546
15 0 2 31 120 -1
15 0 2 31 121 -1
15 0 3 31 164 -1
15 0 3 31 165 0.790288
15 0 4 31 195 0.51733
15 1 2 74 120 -1
15 1 2 74 121 0.942011
15 1 2 75 120 -1
15 1 2 75 121 -1
15 1 3 74 164 -1
15 1 3 74 165 -1
15 1 3 75 164 0.0859358
15 1 3 75 165 0.901492
15 1 4 74 195 -1
15 1 4 75 195 -1
15 2 3 120 164 0.823591
15 2 3 120 165 -1
15 2 3 121 164 -1
15 2 3 121 165 -1
15 2 4 120 195 0.797831
15 2 4 121 195 -1
15 3 4 164 195 0.598496
15 3 4 165 195 0.401504
16 0 1 32 76 -1
16 0 1 32 77 -1
16 0 1 32 78 -1
16 0 1 33 76 0.447371
16 0 1 33 77 0.422416
16 0 1 33 78 0.130214
16 0 1 34 76 -1
16 0 1 34 77 0.115053
16 0 1 34 78 0.743842
16 0 2 32 122 0.806531
16 0 2 32 123 -1
16 0 2 33 122 -1
16 0 2 33 123 -1
16 0 2 34 122 -1
16 0 2 34 123 0.999113
16 0 3 32 166 0.800952
16 0 3 32 167 -1
16 0 3 32 168 -1
16 0 3 32 169 -1
16 0 3 33 166 -1
16 0 3 33 167 -1
16 0 3 33 168 0.550885
16 0 3 33 169 0.54792
16 0 3 34 166 -1
16 0 3 34 167 0.988124
16 0 3 34 168 -1
16 0 3 34 169 -1
16 0 4 32 196 0.630775
16 0 4 32 197 0.369225
16 0 4 33 196 -1
16 0 4 33 197 -1
16 0 4 34 196 0.372945
16 0 4 34 197 0.627055
16 1 2 76 122 -1
16 1 2 76 123 -1
16 1 2 77 122 -1
16 1 2 77 123 -1
16 1 2 78 122 -1
16 1 2 78 123 0.778016
16 1 3 76 166 -1
16 1 3 76 167 -1
16 1 3 76 168 0.458394
16 1 3 76 169 0.855584
16 1 3 77 166 -1
16 1 3 77 167 -1
16 1 3 77 168 -1
16 1 3 77 169 -1
16 1 3 78 166 -1
16 1 3 78 167 0.842952
16 1 3 78 168 -1
16 1 3 78 169 -1
16 1 4 76 196 -1
16 1 4 76 197 -1
16 1 4 77 196 -1
16 1 4 77 197 -1
16 1 4 78 196 -1
16 1 4 78 197 0.834795
16 2 3 122 166 0.997207
16 2 3 122 167 -1
16 2 3 122 168 -1
16 2 3 122 169 -1
16 2 3 123 166 -1
16 2 3 123 167 0.982183
16 2 3 123 168 -1
16 2 3 123 169 -1
16 2 4 122 196 0.715673
16 2 4 122 197 -1
16 2 4 123 196 -1
16 2 4 123 197 0.686659
16 3 4 166 196 0.646311
16 3 4 166 197 0.353689
16 3 4 167 196 0.33361
16 3 4 167 197 0.66639
16 3 4 168 196 -1
16 3 4 168 197 -1
16 3 4 169 196 -1
16 3 4 169 197 -1
17 0 1 35 79 0.938767
17 0 1 35 80 0.273116
17 0 1 35 81 -1
17 0 1 36 79 -1
17 0 1 36 80 -1
17 0 1 36 81 -1
17 0 2 35 124 -1
17 0 2 35 125 0.35391
17 0 2 36 124 0.955776
17 0 2 36 125 -1
17 0 3 35 170 -1
17 0 3 36 170 0.865208
17 0 4 35 198 -1
17 0 4 35 199 -1
17 0 4 36 198 -1
17 0 4 36 199 0.950694
17 1 2 79 124 -1
17 1 2 79 125 -1
17 1 2 80 124 -1
17 1 2 80 125 -1
17 1 2 81 124 -1
17 1 2 81 125 0.943542
17 1 3 79 170 -1
17 1 3 80 170 -1
17 1 3 81 170 -1
17 1 4 79 198 -1
17 1 4 79 199 -1
17 1 4 80 198 -1
17 1 4 80 199 -1
17 1 4 81 198 0.800598
17 1 4 81 199 -1
17 2 3 124 170 0.919016
17 2 3 125 170 -1
17 2 4 124 198 0.308191
17 2 4 124 199 0.328638
17 2 4 125 198 0.333827
17 2 4 125 199 0.300634
17 3 4 170 198 -1
17 3 4 170 199 0.896499
18 0 1 37 82 -1
18 0 1 37 83 0.667856
18 0 2 37 126 -1
18 0 3 37 171 -1
18 0 4 37 200 -1
18 0 4 37 201 0.667617
18 1 2 82 126 0.869648
18 1 2 83 126 -1
18 1 3 82 171 0.774464
18 1 3 83 171 -1
18 1 4 82 200 -1
18 1 4 82 201 0.63935
18 1 4 83 200 -1
18 1 4 83 201 -1
18 2 3 126 171 0.870644
18 2 4 126 200 -1
18 2 4 126 201 -1
18 3 4 171 200 0.739695
18 3 4 171 201 -1
end of Frame 135
