J OverallIdx viewIdx joint种类0-18(jointIdx) 该joint在图中的顺序(candidix) x y score
0 0 0 0 558.065 394.346 0.708149
1 0 0 1 344.913 423.843 0.592022
2 0 1 0 347.844 210.752 0.911413
3 0 1 1 569.281 223.551 0.876431
4 0 2 0 527.082 394.275 0.737674
5 0 2 1 384.139 423.82 0.548646
6 0 3 0 594.504 396.369 0.755471
7 0 3 1 302.93 423.817 0.597102
8 0 4 0 527.221 147.589 0.939109
9 0 5 0 400.991 212.939 0.831313
10 0 5 1 515.954 223.552 0.821952
11 0 6 0 300.024 202.41 0.815629
12 0 6 1 619.704 223.486 0.811945
13 0 7 0 510.471 527.122 0.745523
14 0 7 1 358.946 581.952 0.761865
15 0 8 0 597.307 531.387 0.83967
16 0 8 1 280.378 582.046 0.793159
17 0 9 0 361.76 132.816 0.488158
18 0 10 0 302.839 128.72 0.911438
19 0 10 1 574.867 145.529 0.896132
20 0 11 0 493.594 309.95 0.789528
21 0 11 1 434.73 328.837 0.917303
22 0 12 0 658.963 301.526 0.830561
23 0 12 1 280.416 328.931 0.915617
24 0 13 0 507.562 632.707 0.848601
25 0 13 1 353.316 738.042 0.689941
26 0 14 0 616.837 649.537 0.847999
27 0 14 1 305.728 746.445 0.655043
28 0 15 0 462.745 373.246 0.789035
29 0 15 1 389.709 381.711 0.554516
30 0 16 0 639.503 377.46 0.881443
31 0 16 1 258.069 413.374 0.827116
32 0 17 0 628.188 685.342 0.741614
33 0 17 1 257.91 750.737 0.462089
34 0 18 0 451.456 649.538 0.7695
35 1 0 0 145.764 379.612 0.553823
36 1 0 1 412.253 447.028 0.495185
37 1 1 0 392.616 162.423 0.758967
38 1 1 1 148.617 179.299 0.660394
39 1 2 0 148.605 379.581 0.642624
40 1 2 1 451.476 447.028 0.453797
41 1 3 0 137.442 381.645 0.442027
42 1 3 1 617.036 392.191 0.183594
43 1 3 2 372.94 447.036 0.443196
44 1 4 0 221.583 141.183 0.841518
45 1 4 1 549.553 193.942 0.581877
46 1 5 0 415.132 168.664 0.753271
47 1 5 1 143.078 179.292 0.826156
48 1 6 0 367.35 160.27 0.65999
49 1 6 1 162.688 179.33 0.552763
50 1 6 2 617 227.687 0.601686
51 1 7 0 185.072 531.419 0.816538
52 1 7 1 524.321 626.308 0.707317
53 1 8 0 145.945 531.474 0.832554
54 1 8 1 412.14 636.803 0.713983
55 1 9 0 454.308 63.2321 0.852525
56 1 9 1 171.189 124.362 0.882755
57 1 10 0 586.072 177.217 0.845968
58 1 11 0 126.184 288.917 0.799112
59 1 11 1 504.874 312.043 0.863846
60 1 12 0 636.498 318.453 0.626899
61 1 13 0 123.433 693.745 0.753978
62 1 13 1 454.24 765.488 0.324095
63 1 14 0 145.843 679.026 0.674429
64 1 14 1 392.582 767.292 0.296198
65 1 15 0 597.387 244.552 0.784787
66 1 15 1 201.855 360.592 0.836408
67 1 16 0 572.133 396.365 0.625856
68 1 17 0 207.564 685.34 0.709816
69 1 18 0 190.772 716.904 0.612466
70 2 0 0 412.295 276.213 0.754365
71 2 0 1 619.816 364.76 0.790288
72 2 0 2 485.172 733.855 0.536186
73 2 1 0 412.143 122.303 0.802281
74 2 1 1 645.01 213.017 0.866732
75 2 1 2 482.378 497.752 0.866869
76 2 2 0 392.669 278.306 0.752386
77 2 2 1 594.447 360.525 0.763579
78 2 2 2 544.038 735.925 0.445856
79 2 3 0 431.852 274.12 0.695868
80 2 3 1 653.414 369.044 0.710985
81 2 3 2 437.459 733.841 0.549467
82 2 4 0 456.993 73.7046 0.885685
83 2 4 1 611.36 179.288 0.87501
84 2 5 0 378.585 128.634 0.753269
85 2 5 1 594.595 202.434 0.843712
86 2 5 2 572.091 512.377 0.796255
87 2 6 0 437.516 111.711 0.757833
88 2 6 1 698.258 227.699 0.840374
89 2 6 2 392.688 485.034 0.820888
90 2 7 0 389.745 381.673 0.787076
91 2 7 1 588.896 476.509 0.751013
92 2 8 0 415.13 366.908 0.800755
93 2 8 1 645.022 474.447 0.777928
94 2 9 0 406.617 61.2178 0.848166
95 2 9 1 569.253 394.31 0.733731
96 2 10 0 661.735 162.414 0.923084
97 2 10 1 459.872 371.163 0.627029
98 2 11 0 353.337 217.219 0.835865
99 2 11 1 577.689 263.592 0.859258
100 2 11 2 945.068 575.689 0.18042
101 2 11 3 616.805 674.789 0.631335
102 2 12 0 434.603 179.209 0.589464
103 2 12 1 715.07 314.227 0.876469
104 2 12 2 945.028 575.699 0.278086
105 2 12 3 364.546 613.611 0.731174
106 2 13 0 370.267 474.465 0.763618
107 2 13 1 591.764 577.786 0.523978
108 2 14 0 409.474 428.073 0.684737
109 2 14 1 661.818 563.069 0.858177
110 2 15 0 384.215 295.232 0.867094
111 2 15 1 572.227 324.713 0.677003
112 2 16 0 454.312 225.596 0.801949
113 2 16 1 667.394 377.504 0.894252
114 2 16 2 931.14 480.868 0.151726
115 2 16 3 373.068 681.111 0.82928
116 2 17 0 415.154 430.165 0.155517
117 2 17 1 639.257 594.687 0.704019
118 3 0 0 552.594 350.071 0.72832
119 3 0 1 252.35 375.371 0.680949
120 3 0 2 950.72 398.565 0.563807
121 3 1 0 950.747 160.256 0.828352
122 3 1 1 238.444 191.829 0.734925
123 3 1 2 544.003 194.064 0.903353
124 3 2 0 527.069 354.255 0.712255
125 3 2 1 260.741 377.431 0.701346
126 3 2 2 989.958 394.342 0.510585
127 3 3 0 591.666 347.988 0.742425
128 3 3 1 235.63 373.254 0.646807
129 3 3 2 911.519 406.947 0.53851
130 3 4 0 303.023 126.409 0.917984
131 3 4 1 549.65 143.437 0.951845
132 3 5 0 1001.23 153.906 0.702241
133 3 5 1 493.553 198.18 0.820928
134 3 5 2 252.427 193.942 0.805879
135 3 6 0 891.763 164.482 0.718692
136 3 6 1 229.932 187.649 0.603505
137 3 6 2 591.772 191.93 0.897068
138 3 7 0 1029.21 474.464 0.188494
139 3 7 1 529.977 480.867 0.832801
140 3 7 2 280.371 514.455 0.814289
141 3 7 3 953.4 565.196 0.697734
142 3 8 0 600.164 468.132 0.791335
143 3 8 1 1029.2 472.381 0.492546
144 3 8 2 246.763 497.626 0.758528
145 3 8 3 908.681 584.102 0.755103
146 3 9 0 950.605 71.6864 0.423755
147 3 9 1 258.022 124.396 0.912219
148 3 9 2 510.355 132.816 0.825933
149 3 10 0 866.602 73.7597 0.792685
150 3 11 0 459.976 278.359 0.955001
151 3 11 1 1029.21 282.556 0.170388
152 3 11 2 257.941 295.285 0.942597
153 3 12 0 605.777 271.993 0.79145
154 3 12 1 886.217 309.999 0.68574
155 3 13 0 1029.21 573.544 0.163395
156 3 13 1 546.808 584.121 0.824297
157 3 13 2 280.364 647.415 0.783077
158 3 13 3 987.145 714.809 0.690794
159 3 14 0 597.339 565.036 0.872401
160 3 14 1 1029.21 575.648 0.338253
161 3 14 2 221.518 607.3 0.48406
162 3 14 3 931.074 752.777 0.711171
163 3 15 0 499.162 345.782 0.873986
164 3 15 1 319.734 368.989 0.850311
165 3 16 0 602.951 337.375 0.784098
166 3 16 1 838.571 434.417 0.761741
167 3 17 0 1029.21 586.266 0.174291
168 3 17 1 611.338 598.776 0.822856
169 3 17 2 866.525 748.544 0.604591
170 3 18 0 569.198 615.8 0.804528
171 3 18 1 342.158 676.875 0.738207
172 3 18 2 956.37 710.622 0.179775
173 4 0 0 754.323 238.304 0.639443
174 4 0 1 1001.12 259.37 0.748315
175 4 0 2 616.82 335.304 0.592517
176 4 1 0 1029.21 107.457 0.879701
177 4 1 1 762.816 122.307 0.71944
178 4 1 2 614.041 124.432 0.872432
179 4 2 0 734.794 238.268 0.55702
180 4 2 1 975.919 253.038 0.737678
181 4 2 2 661.848 337.398 0.602982
182 4 3 0 773.921 240.376 0.754867
183 4 3 1 1029.21 261.554 0.683846
184 4 3 2 569.224 333.207 0.578051
185 4 4 0 970.266 56.9231 0.877836
186 4 4 1 684.305 82.2273 0.795112
187 4 4 2 754.336 77.9888 0.474951
188 4 5 0 995.5 107.533 0.80858
189 4 5 1 729.29 122.308 0.616346
190 4 5 2 675.827 126.416 0.776701
191 4 6 0 1029.21 103.358 0.358603
192 4 6 1 793.64 122.269 0.811285
193 4 6 2 546.739 122.318 0.782568
194 4 7 0 729.2 316.352 0.513434
195 4 7 1 956.268 360.555 0.875457
196 4 7 2 670.192 516.673 0.728733
197 4 8 0 757.215 324.686 0.768992
198 4 8 1 1006.77 364.834 0.775995
199 4 8 2 566.389 518.771 0.682282
200 4 9 0 650.553 73.7341 0.889096
201 4 10 0 1029.2 46.3677 0.846743
202 4 10 1 776.869 75.95 0.451632
203 4 11 0 989.978 177.044 0.808227
204 4 11 1 712.318 242.46 0.782064
205 4 12 0 818.744 166.604 0.853317
206 4 12 1 502.058 238.282 0.852594
207 4 13 0 751.636 385.868 0.815854
208 4 13 1 978.75 447.101 0.860474
209 4 13 2 687.152 662.068 0.806724
210 4 14 0 773.854 407 0.800957
211 4 14 1 1029.2 466.058 0.706392
212 4 14 2 555.237 668.531 0.758378
213 4 15 0 729.143 162.413 0.205603
214 4 15 1 947.91 225.65 0.851714
215 4 15 2 726.188 324.747 0.784429
216 4 16 0 771.229 158.174 0.763266
217 4 16 1 1029.21 272.025 0.204267
218 4 16 2 496.318 324.768 0.790545
219 4 17 0 751.602 430.126 0.810123
220 4 17 1 978.768 493.451 0.675104
221 4 17 2 504.803 662.096 0.696064
222 4 18 0 731.896 413.208 0.772156
223 4 18 1 945.093 474.433 0.778257
224 4 18 2 740.323 647.325 0.778624
P viewIdx, pafIdx, aOverAllIdx, bOverAllIdx, CandidAIdx, CandidBIdx, score
0 0 2 0 0 0 0
0 0 2 1 0 1 0.983521
0 0 3 0 1 0 0.973327
0 0 3 1 1 1 0
0 1 4 13 0 0 0.963189
0 1 4 14 0 1 0
0 1 5 13 1 0 0
0 1 5 14 1 1 0.97043
0 2 13 24 0 0 0.994999
0 2 13 25 0 1 0
0 2 14 24 1 0 0
0 2 14 25 1 1 0.987334
0 3 0 4 0 0 0.943403
0 3 0 5 0 1 0
0 3 1 4 1 0 0
0 3 1 5 1 1 0.882271
0 4 0 6 0 0 0.94784
0 4 0 7 0 1 0
0 4 1 6 1 0 0
0 4 1 7 1 1 0.890606
0 5 6 15 0 0 0.999642
0 5 6 16 0 1 0
0 5 7 15 1 0 0
0 5 7 16 1 1 0.971344
0 6 15 26 0 0 0.998659
0 6 15 27 0 1 0
0 6 16 26 1 0 0
0 6 16 27 1 1 0.981284
0 7 2 9 0 0 0.998844
0 7 2 10 0 1 0
0 7 3 9 1 0 0
0 7 3 10 1 1 0.993269
0 8 9 20 0 0 0
0 8 9 21 0 1 0.984736
0 8 10 20 1 0 0.985292
0 8 10 21 1 1 0
0 9 20 28 0 0 0.27812
0 9 20 29 0 1 0.259826
0 9 21 28 1 0 0.259217
0 9 21 29 1 1 0.278488
0 10 9 17 0 0 0.902866
0 10 10 17 1 0 0
0 11 2 11 0 0 0.993337
0 11 2 12 0 1 0
0 11 3 11 1 0 0
0 11 3 12 1 1 0.988977
0 12 11 22 0 0 0
0 12 11 23 0 1 0.982209
0 12 12 22 1 0 0.997937
0 12 12 23 1 1 0
0 13 22 30 0 0 0.987302
0 13 22 31 0 1 0
0 13 23 30 1 0 0
0 13 23 31 1 1 0.968335
0 14 11 18 0 0 0.997323
0 14 11 19 0 1 0
0 14 12 18 1 0 0
0 14 12 19 1 1 0.994065
0 15 2 8 0 0 0
0 15 3 8 1 0 0.985814
0 16 26 32 0 0 0.994635
0 16 26 33 0 1 0
0 16 27 32 1 0 0
0 16 27 33 1 1 0.839351
0 17 24 34 0 0 0.936752
0 17 25 34 1 0 0
1 0 37 35 0 0 0
1 0 37 36 0 1 0.949835
1 0 38 35 1 0 0.91801
1 0 38 36 1 1 0
1 1 39 51 0 0 0.975576
1 1 39 52 0 1 0
1 1 40 51 1 0 0
1 1 40 52 1 1 0.973237
1 2 51 61 0 0 0.973604
1 2 51 62 0 1 0
1 2 52 61 1 0 0
1 2 52 62 1 1 0.975918
1 3 35 39 0 0 0.688419
1 3 35 40 0 1 0
1 3 36 39 1 0 0
1 3 36 40 1 1 0.841123
1 4 35 41 0 0 0.646465
1 4 35 42 0 1 0
1 4 35 43 0 2 0
1 4 36 41 1 0 0
1 4 36 42 1 1 0
1 4 36 43 1 2 0.845623
1 5 41 53 0 0 0.956984
1 5 41 54 0 1 0
1 5 42 53 1 0 0
1 5 42 54 1 1 0
1 5 43 53 2 0 0
1 5 43 54 2 1 0.976191
1 6 53 63 0 0 0.986669
1 6 53 64 0 1 0
1 6 54 63 1 0 0
1 6 54 64 1 1 0.981436
1 7 37 46 0 0 0.960325
1 7 37 47 0 1 0
1 7 38 46 1 0 0
1 7 38 47 1 1 0.847124
1 8 46 58 0 0 0
1 8 46 59 0 1 0.992809
1 8 47 58 1 0 0.969161
1 8 47 59 1 1 0
1 9 58 65 0 0 0
1 9 58 66 0 1 0.996736
1 9 59 65 1 0 0.95663
1 9 59 66 1 1 0
1 10 46 55 0 0 0.968352
1 10 46 56 0 1 0
1 10 47 55 1 0 0
1 10 47 56 1 1 0.964427
1 11 37 48 0 0 0.953687
1 11 37 49 0 1 0
1 11 37 50 0 2 0
1 11 38 48 1 0 0
1 11 38 49 1 1 0.863113
1 11 38 50 1 2 0
1 12 48 60 0 0 0
1 12 49 60 1 0 0
1 12 50 60 2 0 0.924789
1 13 60 67 0 0 0.906616
1 14 48 57 0 0 0
1 14 49 57 1 0 0
1 14 50 57 2 0 0.968778
1 15 37 44 0 0 0
1 15 37 45 0 1 0
1 15 38 44 1 0 0.923486
1 15 38 45 1 1 0
1 16 63 68 0 0 0.961603
1 16 64 68 1 0 0
1 17 61 69 0 0 0.954359
1 17 62 69 1 0 0
2 0 73 70 0 0 0.987057
2 0 73 71 0 1 0
2 0 73 72 0 2 0
2 0 74 70 1 0 0
2 0 74 71 1 1 0.957734
2 0 74 72 1 2 0
2 0 75 70 2 0 0
2 0 75 71 2 1 0
2 0 75 72 2 2 0.985004
2 1 76 90 0 0 0.983562
2 1 76 91 0 1 0
2 1 77 90 1 0 0
2 1 77 91 1 1 0.99275
2 1 78 90 2 0 0
2 1 78 91 2 1 0
2 2 90 106 0 0 0.989882
2 2 90 107 0 1 0
2 2 91 106 1 0 0
2 2 91 107 1 1 0.968121
2 3 70 76 0 0 0.939848
2 3 70 77 0 1 0
2 3 70 78 0 2 0
2 3 71 76 1 0 0
2 3 71 77 1 1 0.963177
2 3 71 78 1 2 0
2 3 72 76 2 0 0
2 3 72 77 2 1 0
2 3 72 78 2 2 0.868959
2 4 70 79 0 0 0.937196
2 4 70 80 0 1 0
2 4 70 81 0 2 0
2 4 71 79 1 0 0
2 4 71 80 1 1 0.959903
2 4 71 81 1 2 0
2 4 72 79 2 0 0
2 4 72 80 2 1 0
2 4 72 81 2 2 0.884684
2 5 79 92 0 0 0.982335
2 5 79 93 0 1 0
2 5 80 92 1 0 0
2 5 80 93 1 1 0.985752
2 5 81 92 2 0 0
2 5 81 93 2 1 0
2 6 92 108 0 0 0.981068
2 6 92 109 0 1 0
2 6 93 108 1 0 0
2 6 93 109 1 1 0.98126
2 7 73 84 0 0 0.964107
2 7 73 85 0 1 0
2 7 73 86 0 2 0
2 7 74 84 1 0 0
2 7 74 85 1 1 0.99691
2 7 74 86 1 2 0
2 7 75 84 2 0 0
2 7 75 85 2 1 0
2 7 75 86 2 2 0.98307
2 8 84 98 0 0 0.958584
2 8 84 99 0 1 0
2 8 84 100 0 2 0
2 8 84 101 0 3 0
2 8 85 98 1 0 0
2 8 85 99 1 1 0.963074
2 8 85 100 1 2 0
2 8 85 101 1 3 0
2 8 86 98 2 0 0
2 8 86 99 2 1 0
2 8 86 100 2 2 0
2 8 86 101 2 3 0.978922
2 9 98 110 0 0 0.993049
2 9 98 111 0 1 0
2 9 99 110 1 0 0
2 9 99 111 1 1 0.981152
2 9 100 110 2 0 0
2 9 100 111 2 1 0
2 9 101 110 3 0 0
2 9 101 111 3 1 0
2 10 84 94 0 0 0.97705
2 10 84 95 0 1 0
2 10 85 94 1 0 0
2 10 85 95 1 1 0
2 10 86 94 2 0 0
2 10 86 95 2 1 0.958498
2 11 73 87 0 0 0.963883
2 11 73 88 0 1 0
2 11 73 89 0 2 0
2 11 74 87 1 0 0
2 11 74 88 1 1 0.995913
2 11 74 89 1 2 0
2 11 75 87 2 0 0
2 11 75 88 2 1 0
2 11 75 89 2 2 0.984367
2 12 87 102 0 0 0.94518
2 12 87 103 0 1 0
2 12 87 104 0 2 0
2 12 87 105 0 3 0
2 12 88 102 1 0 0
2 12 88 103 1 1 0.999104
2 12 88 104 1 2 0
2 12 88 105 1 3 0
2 12 89 102 2 0 0
2 12 89 103 2 1 0
2 12 89 104 2 2 0
2 12 89 105 2 3 0.978335
2 13 102 112 0 0 0.971927
2 13 102 113 0 1 0
2 13 102 114 0 2 0
2 13 102 115 0 3 0
2 13 103 112 1 0 0
2 13 103 113 1 1 0.964616
2 13 103 114 1 2 0
2 13 103 115 1 3 0
2 13 104 112 2 0 0
2 13 104 113 2 1 0
2 13 104 114 2 2 0.744602
2 13 104 115 2 3 0
2 13 105 112 3 0 0
2 13 105 113 3 1 0
2 13 105 114 3 2 0
2 13 105 115 3 3 0.992928
2 14 87 96 0 0 0
2 14 87 97 0 1 0
2 14 88 96 1 0 0.993017
2 14 88 97 1 1 0
2 14 89 96 2 0 0
2 14 89 97 2 1 0.882045
2 15 73 82 0 0 0.990288
2 15 73 83 0 1 0
2 15 74 82 1 0 0
2 15 74 83 1 1 0.991374
2 15 75 82 2 0 0
2 15 75 83 2 1 0
2 16 108 116 0 0 0.819922
2 16 108 117 0 1 0
2 16 109 116 1 0 0
2 16 109 117 1 1 0.942465
3 0 121 118 0 0 0
3 0 121 119 0 1 0
3 0 121 120 0 2 0.975851
3 0 122 118 1 0 0
3 0 122 119 1 1 0.946928
3 0 122 120 1 2 0
3 0 123 118 2 0 0.990618
3 0 123 119 2 1 0
3 0 123 120 2 2 0
3 1 124 138 0 0 0
3 1 124 139 0 1 0.997758
3 1 124 140 0 2 0
3 1 124 141 0 3 0
3 1 125 138 1 0 0
3 1 125 139 1 1 0
3 1 125 140 1 2 0.979155
3 1 125 141 1 3 0
3 1 126 138 2 0 0.461321
3 1 126 139 2 1 0
3 1 126 140 2 2 0
3 1 126 141 2 3 0.538679
3 2 138 155 0 0 0.721086
3 2 138 156 0 1 0
3 2 138 157 0 2 0
3 2 138 158 0 3 0
3 2 139 155 1 0 0
3 2 139 156 1 1 0.999395
3 2 139 157 1 2 0
3 2 139 158 1 3 0
3 2 140 155 2 0 0
3 2 140 156 2 1 0
3 2 140 157 2 2 0.999095
3 2 140 158 2 3 0
3 2 141 155 3 0 0
3 2 141 156 3 1 0
3 2 141 157 3 2 0
3 2 141 158 3 3 0.98257
3 3 118 124 0 0 0.914393
3 3 118 125 0 1 0
3 3 118 126 0 2 0
3 3 119 124 1 0 0
3 3 119 125 1 1 0.904503
3 3 119 126 1 2 0
3 3 120 124 2 0 0
3 3 120 125 2 1 0
3 3 120 126 2 2 0.872602
3 4 118 127 0 0 0.920222
3 4 118 128 0 1 0
3 4 118 129 0 2 0
3 4 119 127 1 0 0
3 4 119 128 1 1 0.902579
3 4 119 129 1 2 0
3 4 120 127 2 0 0
3 4 120 128 2 1 0
3 4 120 129 2 2 0.886403
3 5 127 142 0 0 0.998857
3 5 127 143 0 1 0
3 5 127 144 0 2 0
3 5 127 145 0 3 0
3 5 128 142 1 0 0
3 5 128 143 1 1 0
3 5 128 144 1 2 0.982458
3 5 128 145 1 3 0
3 5 129 142 2 0 0
3 5 129 143 2 1 0
3 5 129 144 2 2 0
3 5 129 145 2 3 0.960193
3 6 142 159 0 0 0.998889
3 6 142 160 0 1 0
3 6 142 161 0 2 0
3 6 142 162 0 3 0
3 6 143 159 1 0 0
3 6 143 160 1 1 0.823349
3 6 143 161 1 2 0
3 6 143 162 1 3 0
3 6 144 159 2 0 0
3 6 144 160 2 1 0
3 6 144 161 2 2 0.958381
3 6 144 162 2 3 0
3 6 145 159 3 0 0
3 6 145 160 3 1 0
3 6 145 161 3 2 0
3 6 145 162 3 3 0.980084
3 7 121 132 0 0 0.967573
3 7 121 133 0 1 0
3 7 121 134 0 2 0
3 7 122 132 1 0 0
3 7 122 133 1 1 0
3 7 122 134 1 2 0.895882
3 7 123 132 2 0 0
3 7 123 133 2 1 0.99891
3 7 123 134 2 2 0
3 8 132 150 0 0 0
3 8 132 151 0 1 0.804655
3 8 132 152 0 2 0
3 8 133 150 1 0 0.978288
3 8 133 151 1 1 0
3 8 133 152 1 2 0
3 8 134 150 2 0 0
3 8 134 151 2 1 0
3 8 134 152 2 2 0.986729
3 9 150 163 0 0 0.987193
3 9 150 164 0 1 0
3 9 151 163 1 0 0
3 9 151 164 1 1 0
3 9 152 163 2 0 0
3 9 152 164 2 1 0.988349
3 10 132 146 0 0 0.847658
3 10 132 147 0 1 0
3 10 132 148 0 2 0
3 10 133 146 1 0 0
3 10 133 147 1 1 0
3 10 133 148 1 2 0.978777
3 10 134 146 2 0 0
3 10 134 147 2 1 0.98575
3 10 134 148 2 2 0
3 11 121 135 0 0 0.959387
3 11 121 136 0 1 0
3 11 121 137 0 2 0
3 11 122 135 1 0 0
3 11 122 136 1 1 0.891625
3 11 122 137 1 2 0
3 11 123 135 2 0 0
3 11 123 136 2 1 0
3 11 123 137 2 2 0.999302
3 12 135 153 0 0 0
3 12 135 154 0 1 0.958501
3 12 136 153 1 0 0
3 12 136 154 1 1 0
3 12 137 153 2 0 0.990686
3 12 137 154 2 1 0
3 13 153 165 0 0 0.978265
3 13 153 166 0 1 0
3 13 154 165 1 0 0
3 13 154 166 1 1 0.953016
3 14 135 149 0 0 0.9789
3 14 136 149 1 0 0
3 14 137 149 2 0 0
3 15 121 130 0 0 0
3 15 121 131 0 1 0
3 15 122 130 1 0 0.920487
3 15 122 131 1 1 0
3 15 123 130 2 0 0
3 15 123 131 2 1 0.989366
3 16 159 167 0 0 0
3 16 159 168 0 1 0.983889
3 16 159 169 0 2 0
3 16 160 167 1 0 0.686493
3 16 160 168 1 1 0
3 16 160 169 1 2 0
3 16 161 167 2 0 0
3 16 161 168 2 1 0
3 16 161 169 2 2 0
3 16 162 167 3 0 0
3 16 162 168 3 1 0
3 16 162 169 3 2 0.893763
3 17 155 170 0 0 0
3 17 155 171 0 1 0
3 17 155 172 0 2 0
3 17 156 170 1 0 0.992596
3 17 156 171 1 1 0
3 17 156 172 1 2 0
3 17 157 170 2 0 0
3 17 157 171 2 1 0.980991
3 17 157 172 2 2 0
3 17 158 170 3 0 0
3 17 158 171 3 1 0
3 17 158 172 3 2 0.747035
4 0 176 173 0 0 0
4 0 176 174 0 1 0.974262
4 0 176 175 0 2 0
4 0 177 173 1 0 0.928775
4 0 177 174 1 1 0
4 0 177 175 1 2 0
4 0 178 173 2 0 0
4 0 178 174 2 1 0
4 0 178 175 2 2 0.992646
4 1 179 194 0 0 0.84853
4 1 179 195 0 1 0
4 1 179 196 0 2 0
4 1 180 194 1 0 0
4 1 180 195 1 1 0.987088
4 1 180 196 1 2 0
4 1 181 194 2 0 0
4 1 181 195 2 1 0
4 1 181 196 2 2 0.989985
4 2 194 207 0 0 0.954207
4 2 194 208 0 1 0
4 2 194 209 0 2 0
4 2 195 207 1 0 0
4 2 195 208 1 1 0.98927
4 2 195 209 1 2 0
4 2 196 207 2 0 0
4 2 196 208 2 1 0
4 2 196 209 2 2 0.978074
4 3 173 179 0 0 0.895042
4 3 173 180 0 1 0
4 3 173 181 0 2 0
4 3 174 179 1 0 0
4 3 174 180 1 1 0.956154
4 3 174 181 1 2 0
4 3 175 179 2 0 0
4 3 175 180 2 1 0
4 3 175 181 2 2 0.869569
4 4 173 182 0 0 0.910899
4 4 173 183 0 1 0
4 4 173 184 0 2 0
4 4 174 182 1 0 0
4 4 174 183 1 1 0.959848
4 4 174 184 1 2 0
4 4 175 182 2 0 0
4 4 175 183 2 1 0
4 4 175 184 2 2 0.867508
4 5 182 197 0 0 0.968293
4 5 182 198 0 1 0
4 5 182 199 0 2 0
4 5 183 197 1 0 0
4 5 183 198 1 1 0.959688
4 5 183 199 1 2 0
4 5 184 197 2 0 0
4 5 184 198 2 1 0
4 5 184 199 2 2 0.978373
4 6 197 210 0 0 0.97628
4 6 197 211 0 1 0
4 6 197 212 0 2 0
4 6 198 210 1 0 0
4 6 198 211 1 1 0.991534
4 6 198 212 1 2 0
4 6 199 210 2 0 0
4 6 199 211 2 1 0
4 6 199 212 2 2 0.990174
4 7 176 188 0 0 0.982654
4 7 176 189 0 1 0
4 7 176 190 0 2 0
4 7 177 188 1 0 0
4 7 177 189 1 1 0.955607
4 7 177 190 1 2 0
4 7 178 188 2 0 0
4 7 178 189 2 1 0
4 7 178 190 2 2 0.994892
4 8 188 203 0 0 0.968226
4 8 188 204 0 1 0
4 8 189 203 1 0 0
4 8 189 204 1 1 0.475926
4 8 190 203 2 0 0
4 8 190 204 2 1 0.524074
4 9 203 213 0 0 0
4 9 203 214 0 1 0.976869
4 9 203 215 0 2 0
4 9 204 213 1 0 0
4 9 204 214 1 1 0
4 9 204 215 1 2 0.980137
4 10 188 200 0 0 0
4 10 189 200 1 0 0
4 10 190 200 2 0 0.998838
4 11 176 191 0 0 0.684255
4 11 176 192 0 1 0
4 11 176 193 0 2 0
4 11 177 191 1 0 0
4 11 177 192 1 1 0.972237
4 11 177 193 1 2 0
4 11 178 191 2 0 0
4 11 178 192 2 1 0
4 11 178 193 2 2 0.989663
4 12 191 205 0 0 0
4 12 191 206 0 1 0
4 12 192 205 1 0 0.998798
4 12 192 206 1 1 0
4 12 193 205 2 0 0
4 12 193 206 2 1 0.984998
4 13 205 216 0 0 0.998133
4 13 205 217 0 1 0
4 13 205 218 0 2 0
4 13 206 216 1 0 0
4 13 206 217 1 1 0
4 13 206 218 1 2 0.977439
4 14 191 201 0 0 0.931964
4 14 191 202 0 1 0
4 14 192 201 1 0 0
4 14 192 202 1 1 0.864116
4 14 193 201 2 0 0
4 14 193 202 2 1 0
4 15 176 185 0 0 0.99555
4 15 176 186 0 1 0
4 15 176 187 0 2 0
4 15 177 185 1 0 0
4 15 177 186 1 1 0
4 15 177 187 1 2 0.855011
4 15 178 185 2 0 0
4 15 178 186 2 1 0.938004
4 15 178 187 2 2 0
4 16 210 219 0 0 0.981577
4 16 210 220 0 1 0
4 16 210 221 0 2 0
4 16 211 219 1 0 0
4 16 211 220 1 1 0.941279
4 16 211 221 1 2 0
4 16 212 219 2 0 0
4 16 212 220 2 1 0
4 16 212 221 2 2 0.978667
4 17 207 222 0 0 0.956687
4 17 207 223 0 1 0
4 17 207 224 0 2 0
4 17 208 222 1 0 0
4 17 208 223 1 1 0.969588
4 17 208 224 1 2 0
4 17 209 222 2 0 0
4 17 209 223 2 1 0
4 17 209 224 2 2 0.938921
E jointIdx viewA viewB aOverAllIdx bOverallIdx score
0 0 1 0 35 -1
0 0 1 0 36 -1
0 0 1 1 35 -1
0 0 1 1 36 0.199599
0 0 2 0 70 0.772623
0 0 2 0 71 -1
0 0 2 0 72 -1
0 0 2 1 70 -1
0 0 2 1 71 0.982523
0 0 2 1 72 -1
0 0 3 0 118 -1
0 0 3 0 119 0.951487
0 0 3 0 120 -1
0 0 3 1 118 0.968589
0 0 3 1 119 -1
0 0 3 1 120 -1
0 0 4 0 173 -1
0 0 4 0 174 -1
0 0 4 0 175 0.699835
0 0 4 1 173 -1
0 0 4 1 174 -1
0 0 4 1 175 0.11186
0 1 2 35 70 -1
0 1 2 35 71 -1
0 1 2 35 72 0.433947
0 1 2 36 70 -1
0 1 2 36 71 -1
0 1 2 36 72 -1
0 1 3 35 118 -1
0 1 3 35 119 -1
0 1 3 35 120 0.703575
0 1 3 36 118 -1
0 1 3 36 119 -1
0 1 3 36 120 0.296425
0 1 4 35 173 -1
0 1 4 35 174 0.723396
0 1 4 35 175 -1
0 1 4 36 173 0.805368
0 1 4 36 174 -1
0 1 4 36 175 -1
0 2 3 70 118 -1
0 2 3 70 119 0.666768
0 2 3 70 120 -1
0 2 3 71 118 0.960358
0 2 3 71 119 -1
0 2 3 71 120 -1
0 2 3 72 118 -1
0 2 3 72 119 -1
0 2 3 72 120 0.688911
0 2 4 70 173 0.948541
0 2 4 70 174 -1
0 2 4 70 175 0.772284
0 2 4 71 173 0.283479
0 2 4 71 174 -1
0 2 4 71 175 0.514201
0 2 4 72 173 -1
0 2 4 72 174 0.545124
0 2 4 72 175 -1
0 3 4 118 173 0.264421
0 3 4 118 174 0.302809
0 3 4 118 175 -1
0 3 4 119 173 -1
0 3 4 119 174 0.29866
0 3 4 119 175 0.759779
0 3 4 120 173 -1
0 3 4 120 174 0.398531
0 3 4 120 175 0.048281
1 0 1 2 37 -1
1 0 1 2 38 -1
1 0 1 3 37 -1
1 0 1 3 38 -1
1 0 2 2 73 -1
1 0 2 2 74 0.94311
1 0 2 2 75 -1
1 0 2 3 73 0.931994
1 0 2 3 74 -1
1 0 2 3 75 -1
1 0 3 2 121 -1
1 0 3 2 122 0.470715
1 0 3 2 123 0.584578
1 0 3 3 121 -1
1 0 3 3 122 0.529285
1 0 3 3 123 0.415422
1 0 4 2 176 0.200775
1 0 4 2 177 0.207792
1 0 4 2 178 0.185585
1 0 4 3 176 0.19621
1 0 4 3 177 0.189411
1 0 4 3 178 0.210927
1 1 2 37 73 0.354823
1 1 2 37 74 0.0540081
1 1 2 37 75 -1
1 1 2 38 73 -1
1 1 2 38 74 -1
1 1 2 38 75 0.669311
1 1 3 37 121 0.525041
1 1 3 37 122 -1
1 1 3 37 123 -1
1 1 3 38 121 0.47496
1 1 3 38 122 -1
1 1 3 38 123 -1
1 1 4 37 176 -1
1 1 4 37 177 0.751651
1 1 4 37 178 -1
1 1 4 38 176 0.554781
1 1 4 38 177 -1
1 1 4 38 178 -1
1 2 3 73 121 -1
1 2 3 73 122 0.769796
1 2 3 73 123 -1
1 2 3 74 121 -1
1 2 3 74 122 -1
1 2 3 74 123 0.943433
1 2 3 75 121 0.8528
1 2 3 75 122 -1
1 2 3 75 123 -1
1 2 4 73 176 -1
1 2 4 73 177 -1
1 2 4 73 178 0.945219
1 2 4 74 176 -1
1 2 4 74 177 -1
1 2 4 74 178 0.657699
1 2 4 75 176 0.912231
1 2 4 75 177 -1
1 2 4 75 178 -1
1 3 4 121 176 0.137458
1 3 4 121 177 0.119729
1 3 4 121 178 0.129797
1 3 4 122 176 0.125877
1 3 4 122 177 0.127359
1 3 4 122 178 0.134652
1 3 4 123 176 0.12509
1 3 4 123 177 0.140829
1 3 4 123 178 0.122082
2 0 1 4 39 -1
2 0 1 4 40 -1
2 0 1 5 39 -1
2 0 1 5 40 0.104343
2 0 2 4 76 0.93317
2 0 2 4 77 -1
2 0 2 4 78 -1
2 0 2 5 76 -1
2 0 2 5 77 0.770868
2 0 2 5 78 -1
2 0 3 4 124 -1
2 0 3 4 125 0.84446
2 0 3 4 126 -1
2 0 3 5 124 0.870857
2 0 3 5 125 -1
2 0 3 5 126 -1
2 0 4 4 179 -1
2 0 4 4 180 -1
2 0 4 4 181 0.50903
2 0 4 5 179 -1
2 0 4 5 180 -1
2 0 4 5 181 0.49097
2 1 2 39 76 -1
2 1 2 39 77 -1
2 1 2 39 78 0.594888
2 1 2 40 76 -1
2 1 2 40 77 -1
2 1 2 40 78 -1
2 1 3 39 124 -1
2 1 3 39 125 -1
2 1 3 39 126 0.748079
2 1 3 40 124 -1
2 1 3 40 125 -1
2 1 3 40 126 0.0603052
2 1 4 39 179 -1
2 1 4 39 180 0.707631
2 1 4 39 181 -1
2 1 4 40 179 0.679777
2 1 4 40 180 -1
2 1 4 40 181 -1
2 2 3 76 124 -1
2 2 3 76 125 0.881674
2 2 3 76 126 -1
2 2 3 77 124 0.965014
2 2 3 77 125 -1
2 2 3 77 126 -1
2 2 3 78 124 -1
2 2 3 78 125 -1
2 2 3 78 126 0.988333
2 2 4 76 179 0.564513
2 2 4 76 180 -1
2 2 4 76 181 0.974845
2 2 4 77 179 0.741471
2 2 4 77 180 -1
2 2 4 77 181 0.0625783
2 2 4 78 179 -1
2 2 4 78 180 0.551803
2 2 4 78 181 -1
2 3 4 124 179 0.0975754
2 3 4 124 180 0.400593
2 3 4 124 181 -1
2 3 4 125 179 -1
2 3 4 125 180 0.183508
2 3 4 125 181 0.899432
2 3 4 126 179 -1
2 3 4 126 180 0.415899
2 3 4 126 181 -1
3 0 1 6 41 -1
3 0 1 6 42 0.415603
3 0 1 6 43 -1
3 0 1 7 41 -1
3 0 1 7 42 0.584397
3 0 1 7 43 0.293846
3 0 2 6 79 0.471107
3 0 2 6 80 -1
3 0 2 6 81 -1
3 0 2 7 79 -1
3 0 2 7 80 0.82743
3 0 2 7 81 -1
3 0 3 6 127 -1
3 0 3 6 128 0.987804
3 0 3 6 129 -1
3 0 3 7 127 0.858464
3 0 3 7 128 -1
3 0 3 7 129 -1
3 0 4 6 182 -1
3 0 4 6 183 -1
3 0 4 6 184 0.630001
3 0 4 7 182 -1
3 0 4 7 183 -1
3 0 4 7 184 -1
3 1 2 41 79 -1
3 1 2 41 80 -1
3 1 2 41 81 0.393243
3 1 2 42 79 0.610862
3 1 2 42 80 0.840295
3 1 2 42 81 -1
3 1 2 43 79 -1
3 1 2 43 80 -1
3 1 2 43 81 -1
3 1 3 41 127 -1
3 1 3 41 128 -1
3 1 3 41 129 0.993869
3 1 3 42 127 0.842804
3 1 3 42 128 0.801244
3 1 3 42 129 -1
3 1 3 43 127 -1
3 1 3 43 128 -1
3 1 3 43 129 0.617657
3 1 4 41 182 -1
3 1 4 41 183 0.853798
3 1 4 41 184 -1
3 1 4 42 182 -1
3 1 4 42 183 -1
3 1 4 42 184 0.988004
3 1 4 43 182 0.87568
3 1 4 43 183 -1
3 1 4 43 184 -1
3 2 3 79 127 -1
3 2 3 79 128 0.332157
3 2 3 79 129 -1
3 2 3 80 127 0.687316
3 2 3 80 128 -1
3 2 3 80 129 -1
3 2 3 81 127 -1
3 2 3 81 128 -1
3 2 3 81 129 0.41233
3 2 4 79 182 0.431765
3 2 4 79 183 -1
3 2 4 79 184 0.48988
3 2 4 80 182 -1
3 2 4 80 183 -1
3 2 4 80 184 0.927093
3 2 4 81 182 -1
3 2 4 81 183 0.623342
3 2 4 81 184 -1
3 3 4 127 182 0.445889
3 3 4 127 183 0.209652
3 3 4 127 184 0.0151412
3 3 4 128 182 -1
3 3 4 128 183 0.366137
3 3 4 128 184 0.46675
3 3 4 129 182 -1
3 3 4 129 183 0.424211
3 3 4 129 184 0.518108
4 0 1 8 44 -1
4 0 1 8 45 0.996896
4 0 2 8 82 0.953446
4 0 2 8 83 -1
4 0 3 8 130 0.742537
4 0 3 8 131 0.257463
4 0 4 8 185 -1
4 0 4 8 186 0.0753209
4 0 4 8 187 -1
4 1 2 44 82 -1
4 1 2 44 83 -1
4 1 2 45 82 0.378615
4 1 2 45 83 0.621385
4 1 3 44 130 -1
4 1 3 44 131 -1
4 1 3 45 130 0.468226
4 1 3 45 131 0.531774
4 1 4 44 185 0.973953
4 1 4 44 186 -1
4 1 4 44 187 -1
4 1 4 45 185 -1
4 1 4 45 186 0.95109
4 1 4 45 187 -1
4 2 3 82 130 0.974306
4 2 3 82 131 -1
4 2 3 83 130 -1
4 2 3 83 131 0.966041
4 2 4 82 185 -1
4 2 4 82 186 -1
4 2 4 82 187 -1
4 2 4 83 185 -1
4 2 4 83 186 0.981975
4 2 4 83 187 0.394931
4 3 4 130 185 0.321205
4 3 4 130 186 0.171989
4 3 4 130 187 0.19906
4 3 4 131 185 0.160925
4 3 4 131 186 0.279737
4 3 4 131 187 0.258183
5 0 1 9 46 -1
5 0 1 9 47 -1
5 0 1 10 46 -1
5 0 1 10 47 -1
5 0 2 9 84 0.0998506
5 0 2 9 85 0.740124
5 0 2 9 86 -1
5 0 2 10 84 0.846136
5 0 2 10 85 0.0447132
5 0 2 10 86 -1
5 0 3 9 132 -1
5 0 3 9 133 0.516937
5 0 3 9 134 0.476199
5 0 3 10 132 -1
5 0 3 10 133 0.483063
5 0 3 10 134 0.523801
5 0 4 9 188 0.170538
5 0 4 9 189 0.185
5 0 4 9 190 0.185152
5 0 4 10 188 0.19071
5 0 4 10 189 0.176345
5 0 4 10 190 0.176194
5 1 2 46 84 0.866853
5 1 2 46 85 0.377445
5 1 2 46 86 -1
5 1 2 47 84 -1
5 1 2 47 85 -1
5 1 2 47 86 0.965912
5 1 3 46 132 0.448628
5 1 3 46 133 -1
5 1 3 46 134 -1
5 1 3 47 132 0.551372
5 1 3 47 133 -1
5 1 3 47 134 -1
5 1 4 46 188 -1
5 1 4 46 189 0.0513904
5 1 4 46 190 -1
5 1 4 47 188 0.766738
5 1 4 47 189 -1
5 1 4 47 190 -1
5 2 3 84 132 -1
5 2 3 84 133 -1
5 2 3 84 134 0.946759
5 2 3 85 132 -1
5 2 3 85 133 0.980788
5 2 3 85 134 -1
5 2 3 86 132 0.771505
5 2 3 86 133 -1
5 2 3 86 134 -1
5 2 4 84 188 -1
5 2 4 84 189 0.509801
5 2 4 84 190 0.897559
5 2 4 85 188 -1
5 2 4 85 189 0.293963
5 2 4 85 190 0.784971
5 2 4 86 188 0.921352
5 2 4 86 189 -1
5 2 4 86 190 -1
5 3 4 132 188 0.163164
5 3 4 132 189 0.129922
5 3 4 132 190 0.116483
5 3 4 133 188 0.127325
5 3 4 133 189 0.137449
5 3 4 133 190 0.147871
5 3 4 134 188 0.126983
5 3 4 134 189 0.142214
5 3 4 134 190 0.143294
6 0 1 11 48 -1
6 0 1 11 49 -1
6 0 1 11 50 0.792042
6 0 1 12 48 -1
6 0 1 12 49 -1
6 0 1 12 50 0.207958
6 0 2 11 87 -1
6 0 2 11 88 0.915923
6 0 2 11 89 -1
6 0 2 12 87 0.844885
6 0 2 12 88 -1
6 0 2 12 89 -1
6 0 3 11 135 -1
6 0 3 11 136 0.42265
6 0 3 11 137 0.616259
6 0 3 12 135 -1
6 0 3 12 136 0.577349
6 0 3 12 137 0.383741
6 0 4 11 191 0.238076
6 0 4 11 192 0.245822
6 0 4 11 193 0.198179
6 0 4 12 191 0.219416
6 0 4 12 192 0.212494
6 0 4 12 193 0.255061
6 1 2 48 87 -1
6 1 2 48 88 -1
6 1 2 48 89 -1
6 1 2 49 87 -1
6 1 2 49 88 -1
6 1 2 49 89 0.217829
6 1 2 50 87 0.30683
6 1 2 50 88 0.839289
6 1 2 50 89 -1
6 1 3 48 135 0.403599
6 1 3 48 136 -1
6 1 3 48 137 -1
6 1 3 49 135 0.453956
6 1 3 49 136 -1
6 1 3 49 137 -1
6 1 3 50 135 0.09556
6 1 3 50 136 0.326018
6 1 3 50 137 0.547853
6 1 4 48 191 -1
6 1 4 48 192 0.814998
6 1 4 48 193 -1
6 1 4 49 191 0.584371
6 1 4 49 192 0.0600316
6 1 4 49 193 -1
6 1 4 50 191 -1
6 1 4 50 192 -1
6 1 4 50 193 0.563602
6 2 3 87 135 -1
6 2 3 87 136 0.636221
6 2 3 87 137 -1
6 2 3 88 135 -1
6 2 3 88 136 -1
6 2 3 88 137 0.917399
6 2 3 89 135 0.991253
6 2 3 89 136 -1
6 2 3 89 137 -1
6 2 4 87 191 -1
6 2 4 87 192 -1
6 2 4 87 193 0.793122
6 2 4 88 191 -1
6 2 4 88 192 -1
6 2 4 88 193 -1
6 2 4 89 191 0.372783
6 2 4 89 192 -1
6 2 4 89 193 -1
6 3 4 135 191 0.132872
6 3 4 135 192 0.111053
6 3 4 135 193 0.139957
6 3 4 136 191 0.12989
6 3 4 136 192 0.120058
6 3 4 136 193 0.134434
6 3 4 137 191 0.120741
6 3 4 137 192 0.158886
6 3 4 137 193 0.106683
7 0 1 13 51 0.476792
7 0 1 13 52 -1
7 0 1 14 51 -1
7 0 1 14 52 -1
7 0 2 13 90 0.749994
7 0 2 13 91 -1
7 0 2 14 90 -1
7 0 2 14 91 0.68381
7 0 3 13 138 -1
7 0 3 13 139 -1
7 0 3 13 140 0.750147
7 0 3 13 141 -1
7 0 3 14 138 -1
7 0 3 14 139 0.958298
7 0 3 14 140 -1
7 0 3 14 141 -1
7 0 4 13 194 -1
7 0 4 13 195 -1
7 0 4 13 196 0.945528
7 0 4 14 194 -1
7 0 4 14 195 -1
7 0 4 14 196 -1
7 1 2 51 90 -1
7 1 2 51 91 -1
7 1 2 52 90 -1
7 1 2 52 91 -1
7 1 3 51 138 0.776723
7 1 3 51 139 -1
7 1 3 51 140 -1
7 1 3 51 141 0.49906
7 1 3 52 138 -1
7 1 3 52 139 -1
7 1 3 52 140 -1
7 1 3 52 141 -1
7 1 4 51 194 -1
7 1 4 51 195 0.875958
7 1 4 51 196 -1
7 1 4 52 194 0.523144
7 1 4 52 195 -1
7 1 4 52 196 0.322306
7 2 3 90 138 -1
7 2 3 90 139 -1
7 2 3 90 140 0.994889
7 2 3 90 141 -1
7 2 3 91 138 -1
7 2 3 91 139 0.707109
7 2 3 91 140 -1
7 2 3 91 141 -1
7 2 4 90 194 -1
7 2 4 90 195 -1
7 2 4 90 196 0.692713
7 2 4 91 194 0.561589
7 2 4 91 195 -1
7 2 4 91 196 -1
7 3 4 138 194 0.234038
7 3 4 138 195 -1
7 3 4 138 196 -1
7 3 4 139 194 -1
7 3 4 139 195 0.864154
7 3 4 139 196 -1
7 3 4 140 194 -1
7 3 4 140 195 -1
7 3 4 140 196 0.725486
7 3 4 141 194 -1
7 3 4 141 195 0.892845
7 3 4 141 196 -1
8 0 1 15 53 -1
8 0 1 15 54 -1
8 0 1 16 53 -1
8 0 1 16 54 -1
8 0 2 15 92 0.565248
8 0 2 15 93 -1
8 0 2 16 92 -1
8 0 2 16 93 0.77977
8 0 3 15 142 -1
8 0 3 15 143 -1
8 0 3 15 144 0.907573
8 0 3 15 145 -1
8 0 3 16 142 0.856811
8 0 3 16 143 -1
8 0 3 16 144 -1
8 0 3 16 145 -1
8 0 4 15 197 -1
8 0 4 15 198 -1
8 0 4 15 199 0.933033
8 0 4 16 197 -1
8 0 4 16 198 -1
8 0 4 16 199 -1
8 1 2 53 92 -1
8 1 2 53 93 -1
8 1 2 54 92 -1
8 1 2 54 93 -1
8 1 3 53 142 -1
8 1 3 53 143 0.34093
8 1 3 53 144 -1
8 1 3 53 145 0.996285
8 1 3 54 142 -1
8 1 3 54 143 0.65907
8 1 3 54 144 -1
8 1 3 54 145 -1
8 1 4 53 197 -1
8 1 4 53 198 0.90971
8 1 4 53 199 -1
8 1 4 54 197 0.856841
8 1 4 54 198 -1
8 1 4 54 199 -1
8 2 3 92 142 -1
8 2 3 92 143 -1
8 2 3 92 144 0.483945
8 2 3 92 145 -1
8 2 3 93 142 0.63093
8 2 3 93 143 -1
8 2 3 93 144 -1
8 2 3 93 145 -1
8 2 4 92 197 0.761713
8 2 4 92 198 -1
8 2 4 92 199 0.694012
8 2 4 93 197 0.157775
8 2 4 93 198 -1
8 2 4 93 199 -1
8 3 4 142 197 -1
8 3 4 142 198 0.195466
8 3 4 142 199 -1
8 3 4 143 197 0.711461
8 3 4 143 198 -1
8 3 4 143 199 -1
8 3 4 144 197 -1
8 3 4 144 198 0.419307
8 3 4 144 199 0.943172
8 3 4 145 197 -1
8 3 4 145 198 0.866014
8 3 4 145 199 -1
9 0 1 17 55 -1
9 0 1 17 56 0.132397
9 0 2 17 94 0.111445
9 0 2 17 95 -1
9 0 3 17 146 -1
9 0 3 17 147 -1
9 0 3 17 148 0.918884
9 0 4 17 200 0.81198
9 1 2 55 94 -1
9 1 2 55 95 -1
9 1 2 56 94 -1
9 1 2 56 95 0.838924
9 1 3 55 146 0.473267
9 1 3 55 147 -1
9 1 3 55 148 -1
9 1 3 56 146 0.526733
9 1 3 56 147 -1
9 1 3 56 148 -1
9 1 4 55 200 -1
9 1 4 56 200 -1
9 2 3 94 146 -1
9 2 3 94 147 0.907254
9 2 3 94 148 -1
9 2 3 95 146 0.81531
9 2 3 95 147 -1
9 2 3 95 148 -1
9 2 4 94 200 0.340814
9 2 4 95 200 -1
9 3 4 146 200 0.134493
9 3 4 147 200 0.297415
9 3 4 148 200 0.568092
10 0 1 18 57 0.670113
10 0 1 19 57 0.329887
10 0 2 18 96 0.991068
10 0 2 18 97 -1
10 0 2 19 96 -1
10 0 2 19 97 -1
10 0 3 18 149 -1
10 0 3 19 149 -1
10 0 4 18 201 -1
10 0 4 18 202 0.306715
10 0 4 19 201 -1
10 0 4 19 202 -1
10 1 2 57 96 0.991011
10 1 2 57 97 -1
10 1 3 57 149 -1
10 1 4 57 201 -1
10 1 4 57 202 -1
10 2 3 96 149 -1
10 2 3 97 149 0.992327
10 2 4 96 201 -1
10 2 4 96 202 -1
10 2 4 97 201 0.85068
10 2 4 97 202 -1
10 3 4 149 201 0.827176
10 3 4 149 202 0.172824
11 0 1 20 58 -1
11 0 1 20 59 0.645945
11 0 1 21 58 -1
11 0 1 21 59 0.354055
11 0 2 20 98 0.835045
11 0 2 20 99 0.172648
11 0 2 20 100 -1
11 0 2 20 101 -1
11 0 2 21 98 -1
11 0 2 21 99 0.827352
11 0 2 21 100 -1
11 0 2 21 101 -1
11 0 3 20 150 0.454806
11 0 3 20 151 -1
11 0 3 20 152 0.789388
11 0 3 21 150 0.545193
11 0 3 21 151 -1
11 0 3 21 152 0.210612
11 0 4 20 203 -1
11 0 4 20 204 0.547952
11 0 4 21 203 -1
11 0 4 21 204 0.452048
11 1 2 58 98 -1
11 1 2 58 99 -1
11 1 2 58 100 -1
11 1 2 58 101 0.865301
11 1 2 59 98 0.871189
11 1 2 59 99 -1
11 1 2 59 100 -1
11 1 2 59 101 -1
11 1 3 58 150 0.177858
11 1 3 58 151 0.35939
11 1 3 58 152 0.183356
11 1 3 59 150 0.289782
11 1 3 59 151 0.138499
11 1 3 59 152 0.2852
11 1 4 58 203 0.993663
11 1 4 58 204 -1
11 1 4 59 203 -1
11 1 4 59 204 0.733517
11 2 3 98 150 -1
11 2 3 98 151 -1
11 2 3 98 152 0.90804
11 2 3 99 150 0.84805
11 2 3 99 151 -1
11 2 3 99 152 -1
11 2 3 100 150 -1
11 2 3 100 151 0.048547
11 2 3 100 152 -1
11 2 3 101 150 -1
11 2 3 101 151 0.938458
11 2 3 101 152 -1
11 2 4 98 203 -1
11 2 4 98 204 0.943065
11 2 4 99 203 -1
11 2 4 99 204 -1
11 2 4 100 203 -1
11 2 4 100 204 0.867415
11 2 4 101 203 0.98324
11 2 4 101 204 -1
11 3 4 150 203 0.29173
11 3 4 150 204 0.339412
11 3 4 151 203 0.417623
11 3 4 151 204 -1
11 3 4 152 203 0.150916
11 3 4 152 204 0.65827
12 0 1 22 60 0.479614
12 0 1 23 60 0.520386
12 0 2 22 102 0.415271
12 0 2 22 103 -1
12 0 2 22 104 -1
12 0 2 22 105 -1
12 0 2 23 102 -1
12 0 2 23 103 0.936978
12 0 2 23 104 -1
12 0 2 23 105 -1
12 0 3 22 153 -1
12 0 3 22 154 -1
12 0 3 23 153 0.916319
12 0 3 23 154 -1
12 0 4 22 205 -1
12 0 4 22 206 0.90562
12 0 4 23 205 -1
12 0 4 23 206 0.0887344
12 1 2 60 102 0.696619
12 1 2 60 103 0.879778
12 1 2 60 104 -1
12 1 2 60 105 -1
12 1 3 60 153 0.928688
12 1 3 60 154 -1
12 1 4 60 205 -1
12 1 4 60 206 0.853577
12 2 3 102 153 -1
12 2 3 102 154 -1
12 2 3 103 153 0.987071
12 2 3 103 154 -1
12 2 3 104 153 -1
12 2 3 104 154 0.371394
12 2 3 105 153 -1
12 2 3 105 154 0.872688
12 2 4 102 205 -1
12 2 4 102 206 0.599349
12 2 4 103 205 -1
12 2 4 103 206 0.0758522
12 2 4 104 205 0.877218
12 2 4 104 206 -1
12 2 4 105 205 -1
12 2 4 105 206 -1
12 3 4 153 205 0.401772
12 3 4 153 206 0.49445
12 3 4 154 205 -1
12 3 4 154 206 0.496815
13 0 1 24 61 -1
13 0 1 24 62 -1
13 0 1 25 61 -1
13 0 1 25 62 -1
13 0 2 24 106 0.950525
13 0 2 24 107 -1
13 0 2 25 106 -1
13 0 2 25 107 0.39336
13 0 3 24 155 -1
13 0 3 24 156 -1
13 0 3 24 157 0.98365
13 0 3 24 158 -1
13 0 3 25 155 -1
13 0 3 25 156 0.911795
13 0 3 25 157 -1
13 0 3 25 158 -1
13 0 4 24 207 -1
13 0 4 24 208 -1
13 0 4 24 209 0.891676
13 0 4 25 207 -1
13 0 4 25 208 -1
13 0 4 25 209 -1
13 1 2 61 106 -1
13 1 2 61 107 -1
13 1 2 62 106 -1
13 1 2 62 107 -1
13 1 3 61 155 -1
13 1 3 61 156 -1
13 1 3 61 157 -1
13 1 3 61 158 0.953098
13 1 3 62 155 -1
13 1 3 62 156 -1
13 1 3 62 157 -1
13 1 3 62 158 -1
13 1 4 61 207 -1
13 1 4 61 208 0.949424
13 1 4 61 209 -1
13 1 4 62 207 0.731445
13 1 4 62 208 -1
13 1 4 62 209 -1
13 2 3 106 155 -1
13 2 3 106 156 -1
13 2 3 106 157 0.966721
13 2 3 106 158 -1
13 2 3 107 155 -1
13 2 3 107 156 0.390567
13 2 3 107 157 -1
13 2 3 107 158 -1
13 2 4 106 207 -1
13 2 4 106 208 -1
13 2 4 106 209 0.908285
13 2 4 107 207 0.527156
13 2 4 107 208 -1
13 2 4 107 209 -1
13 3 4 155 207 0.34034
13 3 4 155 208 -1
13 3 4 155 209 -1
13 3 4 156 207 -1
13 3 4 156 208 0.655339
13 3 4 156 209 -1
13 3 4 157 207 -1
13 3 4 157 208 -1
13 3 4 157 209 0.833124
13 3 4 158 207 -1
13 3 4 158 208 0.929463
13 3 4 158 209 -1
14 0 1 26 63 0.742855
14 0 1 26 64 -1
14 0 1 27 63 -1
14 0 1 27 64 -1
14 0 2 26 108 0.798669
14 0 2 26 109 -1
14 0 2 27 108 -1
14 0 2 27 109 0.731925
14 0 3 26 159 -1
14 0 3 26 160 -1
14 0 3 26 161 0.69148
14 0 3 26 162 -1
14 0 3 27 159 0.794871
14 0 3 27 160 -1
14 0 3 27 161 -1
14 0 3 27 162 -1
14 0 4 26 210 -1
14 0 4 26 211 -1
14 0 4 26 212 0.850973
14 0 4 27 210 -1
14 0 4 27 211 -1
14 0 4 27 212 -1
14 1 2 63 108 -1
14 1 2 63 109 -1
14 1 2 64 108 -1
14 1 2 64 109 -1
14 1 3 63 159 -1
14 1 3 63 160 0.136221
14 1 3 63 161 -1
14 1 3 63 162 0.738981
14 1 3 64 159 -1
14 1 3 64 160 0.459869
14 1 3 64 161 -1
14 1 3 64 162 -1
14 1 4 63 210 -1
14 1 4 63 211 0.231389
14 1 4 63 212 -1
14 1 4 64 210 0.977579
14 1 4 64 211 -1
14 1 4 64 212 -1
14 2 3 108 159 -1
14 2 3 108 160 -1
14 2 3 108 161 0.480251
14 2 3 108 162 -1
14 2 3 109 159 0.997974
14 2 3 109 160 -1
14 2 3 109 161 -1
14 2 3 109 162 -1
14 2 4 108 210 0.974192
14 2 4 108 211 -1
14 2 4 108 212 0.944363
14 2 4 109 210 -1
14 2 4 109 211 -1
14 2 4 109 212 -1
14 3 4 159 210 -1
14 3 4 159 211 -1
14 3 4 159 212 -1
14 3 4 160 210 0.887914
14 3 4 160 211 -1
14 3 4 160 212 -1
14 3 4 161 210 -1
14 3 4 161 211 0.379748
14 3 4 161 212 0.974759
14 3 4 162 210 -1
14 3 4 162 211 0.96786
14 3 4 162 212 -1
15 0 1 28 65 -1
15 0 1 28 66 -1
15 0 1 29 65 -1
15 0 1 29 66 -1
15 0 2 28 110 0.869954
15 0 2 28 111 0.086172
15 0 2 29 110 0.0543942
15 0 2 29 111 0.906334
15 0 3 28 163 0.0225319
15 0 3 28 164 0.725358
15 0 3 29 163 0.647247
15 0 3 29 164 0.274558
15 0 4 28 213 -1
15 0 4 28 214 -1
15 0 4 28 215 0.6089
15 0 4 29 213 -1
15 0 4 29 214 -1
15 0 4 29 215 0.3911
15 1 2 65 110 -1
15 1 2 65 111 -1
15 1 2 66 110 -1
15 1 2 66 111 -1
15 1 3 65 163 -1
15 1 3 65 164 -1
15 1 3 66 163 -1
15 1 3 66 164 -1
15 1 4 65 213 0.494415
15 1 4 65 214 0.377205
15 1 4 65 215 -1
15 1 4 66 213 0.505585
15 1 4 66 214 0.622795
15 1 4 66 215 -1
15 2 3 110 163 -1
15 2 3 110 164 0.90553
15 2 3 111 163 0.702923
15 2 3 111 164 -1
15 2 4 110 213 -1
15 2 4 110 214 -1
15 2 4 110 215 0.802759
15 2 4 111 213 0.236813
15 2 4 111 214 -1
15 2 4 111 215 -1
15 3 4 163 213 -1
15 3 4 163 214 0.606485
15 3 4 163 215 -1
15 3 4 164 213 -1
15 3 4 164 214 0.0796201
15 3 4 164 215 0.845977
16 0 1 30 67 0.161351
16 0 1 31 67 0.838649
16 0 2 30 112 0.88446
16 0 2 30 113 -1
16 0 2 30 114 -1
16 0 2 30 115 -1
16 0 2 31 112 -1
16 0 2 31 113 0.765675
16 0 2 31 114 -1
16 0 2 31 115 -1
16 0 3 30 165 -1
16 0 3 30 166 -1
16 0 3 31 165 0.821065
16 0 3 31 166 -1
16 0 4 30 216 -1
16 0 4 30 217 -1
16 0 4 30 218 0.974945
16 0 4 31 216 -1
16 0 4 31 217 -1
16 0 4 31 218 -1
16 1 2 67 112 -1
16 1 2 67 113 0.539493
16 1 2 67 114 0.346052
16 1 2 67 115 -1
16 1 3 67 165 0.679129
16 1 3 67 166 -1
16 1 4 67 216 -1
16 1 4 67 217 -1
16 1 4 67 218 -1
16 2 3 112 165 -1
16 2 3 112 166 -1
16 2 3 113 165 0.944391
16 2 3 113 166 -1
16 2 3 114 165 -1
16 2 3 114 166 -1
16 2 3 115 165 -1
16 2 3 115 166 0.738636
16 2 4 112 216 0.566159
16 2 4 112 217 -1
16 2 4 112 218 0.915724
16 2 4 113 216 0.595294
16 2 4 113 217 -1
16 2 4 113 218 -1
16 2 4 114 216 0.689976
16 2 4 114 217 -1
16 2 4 114 218 0.408071
16 2 4 115 216 -0.851429
16 2 4 115 217 0.424179
16 2 4 115 218 -1
16 3 4 165 216 -1
16 3 4 165 217 0.0295498
16 3 4 165 218 0.133659
16 3 4 166 216 -1
16 3 4 166 217 0.899859
16 3 4 166 218 -1
17 0 1 32 68 0.452299
17 0 1 33 68 -1
17 0 2 32 116 0.815701
17 0 2 32 117 -1
17 0 2 33 116 -1
17 0 2 33 117 0.863609
17 0 3 32 167 -1
17 0 3 32 168 -1
17 0 3 32 169 -1
17 0 3 33 167 -1
17 0 3 33 168 0.882393
17 0 3 33 169 -1
17 0 4 32 219 -1
17 0 4 32 220 -1
17 0 4 32 221 0.968619
17 0 4 33 219 -1
17 0 4 33 220 -1
17 0 4 33 221 -1
17 1 2 68 116 -1
17 1 2 68 117 -1
17 1 3 68 167 0.830892
17 1 3 68 168 -1
17 1 3 68 169 0.680746
17 1 4 68 219 -1
17 1 4 68 220 0.568417
17 1 4 68 221 -1
17 2 3 116 167 -1
17 2 3 116 168 -1
17 2 3 116 169 -1
17 2 3 117 167 -1
17 2 3 117 168 0.864991
17 2 3 117 169 -1
17 2 4 116 219 0.711499
17 2 4 116 220 -1
17 2 4 116 221 0.239203
17 2 4 117 219 0.288501
17 2 4 117 220 -1
17 2 4 117 221 0.760797
17 3 4 167 219 0.546557
17 3 4 167 220 -1
17 3 4 167 221 -1
17 3 4 168 219 -1
17 3 4 168 220 -1
17 3 4 168 221 -1
17 3 4 169 219 -1
17 3 4 169 220 0.957597
17 3 4 169 221 0.290153
18 0 1 34 69 -1
18 0 3 34 170 -1
18 0 3 34 171 0.76075
18 0 3 34 172 -1
18 0 4 34 222 -1
18 0 4 34 223 -1
18 0 4 34 224 0.907774
18 1 3 69 170 -1
18 1 3 69 171 -1
18 1 3 69 172 0.83682
18 1 4 69 222 -1
18 1 4 69 223 0.861855
18 1 4 69 224 -1
18 3 4 170 222 -1
18 3 4 170 223 0.714378
18 3 4 170 224 -1
18 3 4 171 222 -1
18 3 4 171 223 -1
18 3 4 171 224 0.937068
18 3 4 172 222 -1
18 3 4 172 223 0.672178
18 3 4 172 224 -1
end of Frame 202
