J OverallIdx viewIdx joint种类0-18(jointIdx) 该joint在图中的顺序(candidix) x y score
0 0 0 0 687.141 394.349 0.554313
1 0 0 1 241.145 428.055 0.619848
2 0 1 0 703.753 191.836 0.604641
3 0 1 1 241.128 208.782 0.802954
4 0 2 0 698.279 394.315 0.444056
5 0 2 1 266.437 430.207 0.617222
6 0 3 0 684.295 396.399 0.60434
7 0 3 1 215.875 423.835 0.553279
8 0 4 0 642.242 132.885 0.769793
9 0 5 0 703.868 187.707 0.439536
10 0 5 1 280.333 210.902 0.849146
11 0 6 0 695.467 191.92 0.812574
12 0 6 1 207.556 204.572 0.712631
13 0 7 0 701.104 552.486 0.611069
14 0 7 1 291.633 584.153 0.636166
15 0 8 0 681.346 562.948 0.679073
16 0 8 1 238.383 581.996 0.71555
17 0 9 0 302.797 132.867 0.844153
18 0 10 0 238.299 126.62 0.605792
19 0 10 1 684.206 130.725 0.905328
20 0 11 0 283.353 337.392 0.826906
21 0 12 0 726.275 257.206 0.845175
22 0 12 1 187.94 328.885 0.426646
23 0 13 0 709.584 691.677 0.640386
24 0 13 1 255.213 735.993 0.67611
25 0 14 0 689.897 717.002 0.726046
26 0 14 1 232.737 740.173 0.49361
27 0 15 0 319.726 425.936 0.805442
28 0 16 0 670.215 326.856 0.822449
29 0 17 0 614.087 733.838 0.761221
30 0 17 1 300.073 736.003 0.201159
31 0 18 0 659.018 683.28 0.25443
32 0 18 1 308.56 735.954 0.590247
33 1 0 0 701.057 379.618 0.779042
34 1 0 1 571.92 398.52 0.749601
35 1 1 0 566.516 238.283 0.85356
36 1 1 1 706.729 244.589 0.9285
37 1 2 0 684.132 379.65 0.789121
38 1 2 1 597.41 398.516 0.714944
39 1 3 0 712.391 379.619 0.760968
40 1 3 1 532.913 398.509 0.684485
41 1 4 0 664.677 194.005 0.933495
42 1 5 0 616.876 236.161 0.87146
43 1 5 1 684.287 244.733 0.877683
44 1 6 0 510.471 240.337 0.821721
45 1 6 1 729.284 242.529 0.890549
46 1 7 0 687.107 482.916 0.828314
47 1 7 1 614.122 527.128 0.781677
48 1 8 0 712.321 482.953 0.801861
49 1 8 1 549.506 531.316 0.811205
50 1 9 0 591.621 177.233 0.493163
51 1 10 0 538.463 177.016 0.877931
52 1 10 1 706.7 193.978 0.972188
53 1 11 0 639.269 333.169 0.866581
54 1 12 0 782.477 280.442 0.889522
55 1 12 1 499.207 331.112 0.849512
56 1 13 0 703.951 569.365 0.822595
57 1 13 1 622.585 659.979 0.761903
58 1 14 0 729.176 581.965 0.861087
59 1 14 1 555.284 655.812 0.764009
60 1 15 0 619.863 396.406 0.814677
61 1 16 0 734.771 326.755 0.865431
62 1 16 1 524.384 392.155 0.722676
63 1 17 0 695.429 603.064 0.750839
64 1 17 1 555.298 651.628 0.429599
65 1 18 0 661.859 584.108 0.938834
66 1 18 1 630.928 653.712 0.443643
67 2 0 0 816.105 187.711 0.164825
68 2 0 1 524.431 225.672 0.84308
69 2 0 2 661.791 411.209 0.766909
70 2 1 0 524.408 78.1261 0.90069
71 2 1 1 678.575 250.904 0.798745
72 2 2 0 493.515 225.631 0.773727
73 2 2 1 684.374 406.971 0.71383
74 2 3 0 552.401 227.7 0.827102
75 2 3 1 636.601 413.342 0.727673
76 2 4 0 504.639 29.5814 0.896976
77 2 4 1 614.111 181.34 0.855647
78 2 5 0 476.726 78.0059 0.861255
79 2 5 1 709.578 231.933 0.812192
80 2 6 0 572.105 80.1794 0.847575
81 2 6 1 639.26 265.671 0.829938
82 2 7 0 499.107 316.34 0.804624
83 2 7 1 661.976 499.729 0.832266
84 2 8 0 796.34 212.957 0.160273
85 2 8 1 549.711 326.836 0.86958
86 2 8 2 622.565 512.366 0.819525
87 2 10 0 541.2 27.3948 0.856981
88 2 10 1 661.728 189.746 0.877049
89 2 11 0 431.83 124.384 0.920884
90 2 11 1 723.439 314.228 0.694346
91 2 12 0 622.607 126.503 0.888664
92 2 12 1 616.916 379.577 0.93803
93 2 13 0 499.096 392.233 0.833461
94 2 13 1 684.355 598.833 0.880916
95 2 14 0 796.599 259.372 0.161231
96 2 14 1 549.594 400.715 0.860792
97 2 14 2 628.222 603.066 0.790852
98 2 15 0 462.864 177.023 0.937276
99 2 15 1 670.271 345.802 0.24913
100 2 16 0 591.625 179.289 0.91022
101 2 16 1 583.307 411.251 0.766822
102 2 17 0 546.77 432.353 0.757862
103 2 17 1 594.498 579.899 0.783129
104 2 18 0 471.166 417.509 0.726893
105 2 18 1 675.846 594.611 0.260641
106 3 0 0 302.732 343.722 0.798352
107 3 0 1 594.67 356.35 0.689262
108 3 1 0 263.632 191.838 0.88423
109 3 1 1 597.378 193.934 0.789184
110 3 2 0 269.189 345.866 0.733408
111 3 2 1 580.511 352.172 0.623788
112 3 3 0 328.189 339.495 0.736094
113 3 3 1 614.095 358.493 0.709771
114 3 4 0 269.204 126.468 0.912196
115 3 4 1 555.277 139.12 0.844923
116 3 5 0 580.531 191.875 0.655219
117 3 5 1 216.007 196.12 0.868674
118 3 6 0 314.068 179.289 0.839504
119 3 6 1 616.996 194.052 0.916956
120 3 7 0 277.611 463.913 0.840369
121 3 7 1 591.777 470.254 0.725679
122 3 8 0 333.688 455.455 0.774876
123 3 8 1 611.348 478.671 0.740374
124 3 9 0 235.401 128.635 0.848032
125 3 10 0 288.86 124.383 0.155554
126 3 10 1 602.979 128.648 0.886503
127 3 11 0 165.517 261.461 0.94292
128 3 12 0 347.822 225.582 0.921375
129 3 12 1 636.616 295.219 0.913268
130 3 13 0 277.599 560.86 0.816164
131 3 13 1 630.945 565.072 0.7119
132 3 14 0 330.927 548.375 0.845593
133 3 14 1 636.537 584.143 0.787532
134 3 15 0 229.949 301.563 0.847318
135 3 16 0 347.733 274.113 0.904594
136 3 16 1 591.749 360.618 0.832355
137 3 17 0 373.06 573.546 0.825834
138 3 17 1 574.82 601.049 0.787424
139 3 18 0 586.072 575.647 0.635932
140 3 18 1 280.551 596.681 0.848769
141 4 0 0 664.608 293.048 0.789084
142 4 0 1 414.964 322.629 0.486249
143 4 1 0 395.484 113.866 0.740565
144 4 1 1 678.656 141.189 0.87816
145 4 2 0 636.614 290.991 0.756937
146 4 2 1 420.624 324.723 0.57245
147 4 3 0 698.328 293.102 0.726741
148 4 3 1 401.056 318.394 0.375888
149 4 4 0 462.696 40.1064 0.59616
150 4 4 1 695.49 78.0904 0.876729
151 4 5 0 414.966 113.917 0.787174
152 4 5 1 625.372 139.141 0.820443
153 4 6 0 381.431 111.794 0.658916
154 4 6 1 726.391 141.221 0.872579
155 4 7 0 630.922 400.646 0.791241
156 4 7 1 420.714 497.611 0.621626
157 4 8 0 687.036 411.154 0.848672
158 4 8 1 426.244 480.791 0.271224
159 4 9 0 414.932 42.2031 0.927361
160 4 9 1 656.2 75.9002 0.887129
161 4 11 0 614.076 215.098 0.852824
162 4 11 1 412.246 223.537 0.796766
163 4 12 0 350.661 185.562 0.217445
164 4 12 1 737.563 213.007 0.849499
165 4 13 0 622.555 493.404 0.83953
166 4 13 1 409.478 647.342 0.765686
167 4 14 0 678.624 501.899 0.809614
168 4 14 1 415.064 598.793 0.505625
169 4 15 0 616.841 278.379 0.911518
170 4 15 1 434.729 280.456 0.840258
171 4 16 0 715.119 278.456 0.860106
172 4 17 0 661.763 533.525 0.87481
173 4 17 1 462.757 598.901 0.69758
174 4 18 0 602.945 520.841 0.804867
175 4 18 1 482.462 662.056 0.783151
P viewIdx, pafIdx, aOverAllIdx, bOverAllIdx, CandidAIdx, CandidBIdx, score
0 0 2 0 0 0 0.90439
0 0 2 1 0 1 0
0 0 3 0 1 0 0
0 0 3 1 1 1 0.975734
0 1 4 13 0 0 0.933392
0 1 4 14 0 1 0
0 1 5 13 1 0 0
0 1 5 14 1 1 0.956077
0 2 13 23 0 0 0.961508
0 2 13 24 0 1 0
0 2 14 23 1 0 0
0 2 14 24 1 1 0.971862
0 3 0 4 0 0 0.722967
0 3 0 5 0 1 0
0 3 1 4 1 0 0
0 3 1 5 1 1 0.914394
0 4 0 6 0 0 0.71326
0 4 0 7 0 1 0
0 4 1 6 1 0 0
0 4 1 7 1 1 0.903227
0 5 6 15 0 0 0.978819
0 5 6 16 0 1 0
0 5 7 15 1 0 0
0 5 7 16 1 1 0.9649
0 6 15 25 0 0 0.982787
0 6 15 26 0 1 0
0 6 16 25 1 0 0
0 6 16 26 1 1 0.982939
0 7 2 9 0 0 0.696968
0 7 2 10 0 1 0
0 7 3 9 1 0 0
0 7 3 10 1 1 0.99122
0 8 9 20 0 0 0
0 8 10 20 1 0 0.996421
0 9 20 27 0 0 0.995478
0 10 9 17 0 0 0
0 10 10 17 1 0 0.982741
0 11 2 11 0 0 0.741876
0 11 2 12 0 1 0
0 11 3 11 1 0 0
0 11 3 12 1 1 0.979673
0 12 11 21 0 0 0.999654
0 12 11 22 0 1 0
0 12 12 21 1 0 0
0 12 12 22 1 1 0.86768
0 13 21 28 0 0 0.979687
0 13 22 28 1 0 0
0 14 11 18 0 0 0
0 14 11 19 0 1 1.00451
0 14 12 18 1 0 0.870641
0 14 12 19 1 1 0
0 15 2 8 0 0 0.945252
0 15 3 8 1 0 0
0 16 25 29 0 0 0.939663
0 16 25 30 0 1 0
0 16 26 29 1 0 0
0 16 26 30 1 1 0.649635
0 17 23 31 0 0 0.708482
0 17 23 32 0 1 0
0 17 24 31 1 0 0
0 17 24 32 1 1 0.865974
1 0 35 33 0 0 0
1 0 35 34 0 1 0.989698
1 0 36 33 1 0 0.986214
1 0 36 34 1 1 0
1 1 37 46 0 0 0.996443
1 1 37 47 0 1 0
1 1 38 46 1 0 0
1 1 38 47 1 1 0.964528
1 2 46 56 0 0 0.985072
1 2 46 57 0 1 0
1 2 47 56 1 0 0
1 2 47 57 1 1 0.995612
1 3 33 37 0 0 0.958519
1 3 33 38 0 1 0
1 3 34 37 1 0 0
1 3 34 38 1 1 0.92295
1 4 33 39 0 0 0.960743
1 4 33 40 0 1 0
1 4 34 39 1 0 0
1 4 34 40 1 1 0.927975
1 5 39 48 0 0 0.976528
1 5 39 49 0 1 0
1 5 40 48 1 0 0
1 5 40 49 1 1 0.973373
1 6 48 58 0 0 0.977867
1 6 48 59 0 1 0
1 6 49 58 1 0 0
1 6 49 59 1 1 1.00364
1 7 35 42 0 0 0.980191
1 7 35 43 0 1 0
1 7 36 42 1 0 0
1 7 36 43 1 1 0.99667
1 8 42 53 0 0 1.00149
1 8 43 53 1 0 0.821916
1 9 53 60 0 0 0.962038
1 10 42 50 0 0 0.882289
1 10 43 50 1 0 0
1 11 35 44 0 0 0.988944
1 11 35 45 0 1 0
1 11 36 44 1 0 0
1 11 36 45 1 1 0.998197
1 12 44 54 0 0 0
1 12 44 55 0 1 0.986429
1 12 45 54 1 0 1.00932
1 12 45 55 1 1 0
1 13 54 61 0 0 0.959106
1 13 54 62 0 1 0
1 13 55 61 1 0 0
1 13 55 62 1 1 0.987019
1 14 44 51 0 0 0.969353
1 14 44 52 0 1 0
1 14 45 51 1 0 0
1 14 45 52 1 1 1.00464
1 15 35 41 0 0 0
1 15 36 41 1 0 1.00541
1 16 58 63 0 0 0.959504
1 16 58 64 0 1 0
1 16 59 63 1 0 0
1 16 59 64 1 1 0.684255
1 17 56 65 0 0 0.979554
1 17 56 66 0 1 0
1 17 57 65 1 0 0
1 17 57 66 1 1 0.684255
2 0 70 67 0 0 0
2 0 70 68 0 1 0.992608
2 0 70 69 0 2 0
2 0 71 67 1 0 0
2 0 71 68 1 1 0
2 0 71 69 1 2 0.998145
2 1 72 82 0 0 0.985846
2 1 72 83 0 1 0
2 1 73 82 1 0 0
2 1 73 83 1 1 0.973507
2 2 82 93 0 0 0.994446
2 2 82 94 0 1 0
2 2 83 93 1 0 0
2 2 83 94 1 1 0.97331
2 3 67 72 0 0 0
2 3 67 73 0 1 0
2 3 68 72 1 0 0.975465
2 3 68 73 1 1 0
2 3 69 72 2 0 0
2 3 69 73 2 1 0.947301
2 4 67 74 0 0 0
2 4 67 75 0 1 0
2 4 68 74 1 0 0.964882
2 4 68 75 1 1 0
2 4 69 74 2 0 0
2 4 69 75 2 1 0.949228
2 5 74 84 0 0 0
2 5 74 85 0 1 1.00112
2 5 74 86 0 2 0
2 5 75 84 1 0 0
2 5 75 85 1 1 0
2 5 75 86 1 2 0.971695
2 6 84 95 0 0 0.75023
2 6 84 96 0 1 0
2 6 84 97 0 2 0
2 6 85 95 1 0 0
2 6 85 96 1 1 0.999934
2 6 85 97 1 2 0
2 6 86 95 2 0 0
2 6 86 96 2 1 0
2 6 86 97 2 2 0.991075
2 7 70 78 0 0 1.00108
2 7 70 79 0 1 0
2 7 71 78 1 0 0
2 7 71 79 1 1 0.962946
2 8 78 89 0 0 0.997769
2 8 78 90 0 1 0
2 8 79 89 1 0 0
2 8 79 90 1 1 0.959311
2 9 89 98 0 0 1.00953
2 9 89 99 0 1 0
2 9 90 98 1 0 0
2 9 90 99 1 1 0.762922
2 11 70 80 0 0 0.990358
2 11 70 81 0 1 0
2 11 71 80 1 0 0
2 11 71 81 1 1 0.973324
2 12 80 91 0 0 1.01329
2 12 80 92 0 1 0
2 12 81 91 1 0 0
2 12 81 92 1 1 0.985874
2 13 91 100 0 0 0.967087
2 13 91 101 0 1 0
2 13 92 100 1 0 0
2 13 92 101 1 1 0.978608
2 14 80 87 0 0 1.0024
2 14 80 88 0 1 0
2 14 81 87 1 0 0
2 14 81 88 1 1 0.989462
2 15 70 76 0 0 1.01435
2 15 70 77 0 1 0
2 15 71 76 1 0 0
2 15 71 77 1 1 1.0028
2 16 95 102 0 0 0
2 16 95 103 0 1 0
2 16 96 102 1 0 0.957735
2 16 96 103 1 1 0
2 16 97 102 2 0 0
2 16 97 103 2 1 0.978792
2 17 93 104 0 0 0.966608
2 17 93 105 0 1 0
2 17 94 104 1 0 0
2 17 94 105 1 1 0.784826
3 0 108 106 0 0 0.993714
3 0 108 107 0 1 0
3 0 109 106 1 0 0
3 0 109 107 1 1 0.944006
3 1 110 120 0 0 0.976887
3 1 110 121 0 1 0
3 1 111 120 1 0 0
3 1 111 121 1 1 0.947857
3 2 120 130 0 0 0.997265
3 2 120 131 0 1 0
3 2 121 130 1 0 0
3 2 121 131 1 1 0.983434
3 3 106 110 0 0 0.947946
3 3 106 111 0 1 0
3 3 107 110 1 0 0
3 3 107 111 1 1 0.912355
3 4 106 112 0 0 0.945292
3 4 106 113 0 1 0
3 4 107 112 1 0 0
3 4 107 113 1 1 0.917759
3 5 112 122 0 0 0.984874
3 5 112 123 0 1 0
3 5 113 122 1 0 0
3 5 113 123 1 1 0.984098
3 6 122 132 0 0 0.990436
3 6 122 133 0 1 0
3 6 123 132 1 0 0
3 6 123 133 1 1 0.993321
3 7 108 116 0 0 0
3 7 108 117 0 1 0.997978
3 7 109 116 1 0 0.953717
3 7 109 117 1 1 0
3 8 116 127 0 0 0
3 8 117 127 1 0 0.973429
3 9 127 134 0 0 1.01818
3 10 116 124 0 0 0
3 10 117 124 1 0 0.968786
3 11 108 118 0 0 0.979328
3 11 108 119 0 1 0
3 11 109 118 1 0 0
3 11 109 119 1 1 0.966731
3 12 118 128 0 0 1.01
3 12 118 129 0 1 0
3 12 119 128 1 0 0
3 12 119 129 1 1 0.995195
3 13 128 135 0 0 1.00333
3 13 128 136 0 1 0
3 13 129 135 1 0 0
3 13 129 136 1 1 0.988061
3 14 118 125 0 0 0.723748
3 14 118 126 0 1 0
3 14 119 125 1 0 0
3 14 119 126 1 1 0.983379
3 15 108 114 0 0 0.990906
3 15 108 115 0 1 0
3 15 109 114 1 0 0
3 15 109 115 1 1 0.973075
3 16 132 137 0 0 1.01928
3 16 132 138 0 1 0
3 16 133 137 1 0 0
3 16 133 138 1 1 0.963976
3 17 130 139 0 0 0
3 17 130 140 0 1 0.975844
3 17 131 139 1 0 0.937732
3 17 131 140 1 1 0
4 0 143 141 0 0 0
4 0 143 142 0 1 0.937102
4 0 144 141 1 0 0.992713
4 0 144 142 1 1 0
4 1 145 155 0 0 0.985096
4 1 145 156 0 1 0
4 1 146 155 1 0 0
4 1 146 156 1 1 0.931013
4 2 155 165 0 0 1.00052
4 2 155 166 0 1 0
4 2 156 165 1 0 0
4 2 156 166 1 1 0.97589
4 3 141 145 0 0 0.951075
4 3 141 146 0 1 0
4 3 142 145 1 0 0
4 3 142 146 1 1 0.81158
4 4 141 147 0 0 0.961483
4 4 141 148 0 1 0
4 4 142 147 1 0 0
4 4 142 148 1 1 0.786779
4 5 147 157 0 0 0.994967
4 5 147 158 0 1 0
4 5 148 157 1 0 0
4 5 148 158 1 1 0.816669
4 6 157 167 0 0 0.993734
4 6 157 168 0 1 0
4 6 158 167 1 0 0
4 6 158 168 1 1 0.861289
4 7 143 151 0 0 0.935109
4 7 143 152 0 1 0
4 7 144 151 1 0 0
4 7 144 152 1 1 1.00191
4 8 151 161 0 0 0
4 8 151 162 0 1 0.985439
4 8 152 161 1 0 0.996434
4 8 152 162 1 1 0
4 9 161 169 0 0 1.00205
4 9 161 170 0 1 0
4 9 162 169 1 0 0
4 9 162 170 1 1 1.00683
4 10 151 159 0 0 0.99503
4 10 151 160 0 1 0
4 10 152 159 1 0 0
4 10 152 160 1 1 0.986246
4 11 143 153 0 0 0.915482
4 11 143 154 0 1 0
4 11 144 153 1 0 0
4 11 144 154 1 1 1.00454
4 12 153 163 0 0 0.749178
4 12 153 164 0 1 0
4 12 154 163 1 0 0
4 12 154 164 1 1 0.996957
4 13 163 171 0 0 0
4 13 164 171 1 0 0.961838
4 15 143 149 0 0 0.854516
4 15 143 150 0 1 0
4 15 144 149 1 0 0
4 15 144 150 1 1 0.993637
4 16 167 172 0 0 0.982838
4 16 167 173 0 1 0
4 16 168 172 1 0 0
4 16 168 173 1 1 0.899207
4 17 165 174 0 0 0.964173
4 17 165 175 0 1 0
4 17 166 174 1 0 0
4 17 166 175 1 1 0.986218
E jointIdx viewA viewB aOverAllIdx bOverallIdx score
0 0 1 0 33 0.800441
0 0 1 0 34 0.496931
0 0 1 1 33 0.790846
0 0 1 1 34 0.905488
0 0 2 0 67 0.0842186
0 0 2 0 68 0.792467
0 0 2 0 69 -1
0 0 2 1 67 -1
0 0 2 1 68 -1
0 0 2 1 69 0.939674
0 0 3 0 106 0.68947
0 0 3 0 107 -1
0 0 3 1 106 -1
0 0 3 1 107 0.651014
0 0 4 0 141 -1
0 0 4 0 142 0.96922
0 0 4 1 141 0.855735
0 0 4 1 142 -1
0 1 2 33 67 -1
0 1 2 33 68 0.941804
0 1 2 33 69 -1
0 1 2 34 67 -1
0 1 2 34 68 -1
0 1 2 34 69 0.829399
0 1 3 33 106 0.970445
0 1 3 33 107 0.0267024
0 1 3 34 106 -1
0 1 3 34 107 0.976384
0 1 4 33 141 -1
0 1 4 33 142 0.748562
0 1 4 34 141 0.869442
0 1 4 34 142 -1
0 2 3 67 106 -1
0 2 3 67 107 -1
0 2 3 68 106 0.818751
0 2 3 68 107 -1
0 2 3 69 106 -1
0 2 3 69 107 0.60995
0 2 4 67 141 -1
0 2 4 67 142 -1
0 2 4 68 141 -1
0 2 4 68 142 0.804438
0 2 4 69 141 0.963887
0 2 4 69 142 -1
0 3 4 106 141 0.902038
0 3 4 106 142 0.782347
0 3 4 107 141 0.878799
0 3 4 107 142 0.983827
1 0 1 2 35 0.776846
1 0 1 2 36 0.772324
1 0 1 3 35 0.944959
1 0 1 3 36 0.911896
1 0 2 2 70 0.788207
1 0 2 2 71 -1
1 0 2 3 70 -1
1 0 2 3 71 0.990238
1 0 3 2 108 0.616212
1 0 3 2 109 0.89234
1 0 3 3 108 0.629596
1 0 3 3 109 0.949131
1 0 4 2 143 0.947847
1 0 4 2 144 -1
1 0 4 3 143 -1
1 0 4 3 144 0.820718
1 1 2 35 70 -1
1 1 2 35 71 0.948248
1 1 2 36 70 0.973447
1 1 2 36 71 -1
1 1 3 35 108 0.764619
1 1 3 35 109 0.98123
1 1 3 36 108 0.842373
1 1 3 36 109 0.890183
1 1 4 35 143 0.0635624
1 1 4 35 144 0.998954
1 1 4 36 143 0.837607
1 1 4 36 144 0.257033
1 2 3 70 108 0.850512
1 2 3 70 109 -1
1 2 3 71 108 -1
1 2 3 71 109 0.856214
1 2 4 70 143 0.840569
1 2 4 70 144 -1
1 2 4 71 143 -1
1 2 4 71 144 0.758731
1 3 4 108 143 0.666724
1 3 4 108 144 0.69299
1 3 4 109 143 0.151206
1 3 4 109 144 0.846652
2 0 1 4 37 0.837465
2 0 1 4 38 0.442805
2 0 1 5 37 0.715448
2 0 1 5 38 0.917479
2 0 2 4 72 0.673487
2 0 2 4 73 -1
2 0 2 5 72 -1
2 0 2 5 73 0.699732
2 0 3 4 110 0.796419
2 0 3 4 111 -1
2 0 3 5 110 -1
2 0 3 5 111 0.619145
2 0 4 4 145 -1
2 0 4 4 146 0.77761
2 0 4 5 145 0.877389
2 0 4 5 146 -1
2 1 2 37 72 0.9782
2 1 2 37 73 -1
2 1 2 38 72 -1
2 1 2 38 73 0.767228
2 1 3 37 110 0.932864
2 1 3 37 111 0.229494
2 1 3 38 110 0.0215169
2 1 3 38 111 0.997729
2 1 4 37 145 -1
2 1 4 37 146 0.604953
2 1 4 38 145 0.958811
2 1 4 38 146 -1
2 2 3 72 110 0.988646
2 2 3 72 111 -1
2 2 3 73 110 -1
2 2 3 73 111 0.315601
2 2 4 72 145 -1
2 2 4 72 146 0.582551
2 2 4 73 145 0.88426
2 2 4 73 146 -1
2 3 4 110 145 0.701587
2 3 4 110 146 0.725352
2 3 4 111 145 0.945599
2 3 4 111 146 0.823202
3 0 1 6 39 0.814396
3 0 1 6 40 0.637966
3 0 1 7 39 0.878285
3 0 1 7 40 0.901035
3 0 2 6 74 0.815776
3 0 2 6 75 -1
3 0 2 7 74 -1
3 0 2 7 75 0.783347
3 0 3 6 112 0.67285
3 0 3 6 113 -1
3 0 3 7 112 -1
3 0 3 7 113 0.743225
3 0 4 6 147 -1
3 0 4 6 148 0.899879
3 0 4 7 147 0.872544
3 0 4 7 148 -1
3 1 2 39 74 0.845936
3 1 2 39 75 -1
3 1 2 40 74 -1
3 1 2 40 75 0.898447
3 1 3 39 112 0.969757
3 1 3 39 113 -1
3 1 3 40 112 -1
3 1 3 40 113 0.95237
3 1 4 39 147 -1
3 1 4 39 148 0.705779
3 1 4 40 147 0.969823
3 1 4 40 148 -1
3 2 3 74 112 0.789679
3 2 3 74 113 -1
3 2 3 75 112 -1
3 2 3 75 113 0.974139
3 2 4 74 147 -1
3 2 4 74 148 0.825538
3 2 4 75 147 0.754612
3 2 4 75 148 -1
3 3 4 112 147 0.887646
3 3 4 112 148 0.813676
3 3 4 113 147 0.784389
3 3 4 113 148 0.831031
4 0 1 8 41 0.973076
4 0 2 8 76 0.912964
4 0 2 8 77 -1
4 0 3 8 114 0.895484
4 0 3 8 115 0.0993516
4 0 4 8 149 0.985431
4 0 4 8 150 -1
4 1 2 41 76 0.858412
4 1 2 41 77 -1
4 1 3 41 114 0.914559
4 1 3 41 115 0.788216
4 1 4 41 149 0.950857
4 1 4 41 150 -1
4 2 3 76 114 0.84518
4 2 3 76 115 -1
4 2 3 77 114 -1
4 2 3 77 115 0.97594
4 2 4 76 149 0.916463
4 2 4 76 150 -1
4 2 4 77 149 -1
4 2 4 77 150 0.994231
4 3 4 114 149 0.911108
4 3 4 114 150 0.499977
4 3 4 115 149 -1
4 3 4 115 150 0.94171
5 0 1 9 42 0.819215
5 0 1 9 43 0.659444
5 0 1 10 42 0.928773
5 0 1 10 43 0.934599
5 0 2 9 78 0.499157
5 0 2 9 79 -1
5 0 2 10 78 -1
5 0 2 10 79 0.901782
5 0 3 9 116 0.902357
5 0 3 9 117 0.380539
5 0 3 10 116 0.956378
5 0 3 10 117 0.643896
5 0 4 9 151 0.747029
5 0 4 9 152 -1
5 0 4 10 151 -1
5 0 4 10 152 0.977144
5 1 2 42 78 0.433994
5 1 2 42 79 0.97563
5 1 2 43 78 0.803873
5 1 2 43 79 0.409558
5 1 3 42 116 0.986567
5 1 3 42 117 0.535903
5 1 3 43 116 0.848413
5 1 3 43 117 0.722679
5 1 4 42 151 0.437758
5 1 4 42 152 0.921091
5 1 4 43 151 0.891265
5 1 4 43 152 0.601312
5 2 3 78 116 -1
5 2 3 78 117 0.947717
5 2 3 79 116 0.802228
5 2 3 79 117 -1
5 2 4 78 151 0.752443
5 2 4 78 152 -1
5 2 4 79 151 -1
5 2 4 79 152 0.877557
5 3 4 116 151 0.264581
5 3 4 116 152 0.893742
5 3 4 117 151 0.638375
5 3 4 117 152 0.824213
6 0 1 11 44 0.614595
6 0 1 11 45 0.854227
6 0 1 12 44 0.778043
6 0 1 12 45 0.903593
6 0 2 11 80 0.995105
6 0 2 11 81 -1
6 0 2 12 80 -1
6 0 2 12 81 0.970168
6 0 3 11 118 0.978741
6 0 3 11 119 0.856516
6 0 3 12 118 0.639691
6 0 3 12 119 0.86657
6 0 4 11 153 0.863684
6 0 4 11 154 -1
6 0 4 12 153 -1
6 0 4 12 154 0.683241
6 1 2 44 80 -1
6 1 2 44 81 0.815814
6 1 2 45 80 0.822555
6 1 2 45 81 -1
6 1 3 44 118 0.870031
6 1 3 44 119 0.905756
6 1 3 45 118 0.881753
6 1 3 45 119 0.922173
6 1 4 44 153 -1
6 1 4 44 154 0.93392
6 1 4 45 153 0.794052
6 1 4 45 154 -1
6 2 3 80 118 0.893113
6 2 3 80 119 -1
6 2 3 81 118 -1
6 2 3 81 119 0.986692
6 2 4 80 153 0.872011
6 2 4 80 154 -1
6 2 4 81 153 -1
6 2 4 81 154 0.704187
6 3 4 118 153 0.857958
6 3 4 118 154 0.446045
6 3 4 119 153 0.0383016
6 3 4 119 154 0.808848
7 0 1 13 46 0.983428
7 0 1 13 47 -1
7 0 1 14 46 0.635203
7 0 1 14 47 0.742693
7 0 2 13 82 0.914889
7 0 2 13 83 -1
7 0 2 14 82 -1
7 0 2 14 83 0.480172
7 0 3 13 120 0.874805
7 0 3 13 121 -1
7 0 3 14 120 -1
7 0 3 14 121 0.863638
7 0 4 13 155 -1
7 0 4 13 156 0.842259
7 0 4 14 155 0.850156
7 0 4 14 156 -1
7 1 2 46 82 0.80928
7 1 2 46 83 -1
7 1 2 47 82 -1
7 1 2 47 83 0.654151
7 1 3 46 120 0.922029
7 1 3 46 121 -1
7 1 3 47 120 -1
7 1 3 47 121 0.907957
7 1 4 46 155 -1
7 1 4 46 156 0.796701
7 1 4 47 155 0.795021
7 1 4 47 156 -1
7 2 3 82 120 0.940567
7 2 3 82 121 -1
7 2 3 83 120 -1
7 2 3 83 121 0.670054
7 2 4 82 155 -1
7 2 4 82 156 0.988313
7 2 4 83 155 0.858336
7 2 4 83 156 -1
7 3 4 120 155 0.146603
7 3 4 120 156 0.98543
7 3 4 121 155 0.946837
7 3 4 121 156 -1
8 0 1 15 48 0.950641
8 0 1 15 49 0.437264
8 0 1 16 48 0.783421
8 0 1 16 49 0.871681
8 0 2 15 84 -1
8 0 2 15 85 0.868405
8 0 2 15 86 -1
8 0 2 16 84 -1
8 0 2 16 85 -1
8 0 2 16 86 0.940559
8 0 3 15 122 0.740322
8 0 3 15 123 -1
8 0 3 16 122 -1
8 0 3 16 123 0.919225
8 0 4 15 157 -1
8 0 4 15 158 0.857849
8 0 4 16 157 0.79495
8 0 4 16 158 -1
8 1 2 48 84 -1
8 1 2 48 85 0.925067
8 1 2 48 86 -1
8 1 2 49 84 -1
8 1 2 49 85 -1
8 1 2 49 86 0.934968
8 1 3 48 122 0.849459
8 1 3 48 123 -1
8 1 3 49 122 -1
8 1 3 49 123 0.837093
8 1 4 48 157 -1
8 1 4 48 158 0.821814
8 1 4 49 157 0.826951
8 1 4 49 158 -1
8 2 3 84 122 -1
8 2 3 84 123 -1
8 2 3 85 122 0.869042
8 2 3 85 123 -1
8 2 3 86 122 -1
8 2 3 86 123 0.966605
8 2 4 84 157 -1
8 2 4 84 158 -1
8 2 4 85 157 -1
8 2 4 85 158 0.708441
8 2 4 86 157 0.752169
8 2 4 86 158 -1
8 3 4 122 157 0.892977
8 3 4 122 158 0.859682
8 3 4 123 157 0.662778
8 3 4 123 158 0.169232
9 0 1 17 50 0.917624
9 0 3 17 124 -1
9 0 4 17 159 -1
9 0 4 17 160 0.950881
9 1 3 50 124 0.280546
9 1 4 50 159 -1
9 1 4 50 160 0.818564
9 3 4 124 159 0.965017
9 3 4 124 160 0.533274
10 0 1 18 51 0.868613
10 0 1 18 52 0.812909
10 0 1 19 51 0.785319
10 0 1 19 52 0.964974
10 0 2 18 87 -1
10 0 2 18 88 0.906106
10 0 2 19 87 0.943655
10 0 2 19 88 -1
10 0 3 18 125 -1
10 0 3 18 126 0.919999
10 0 3 19 125 0.90913
10 0 3 19 126 -1
10 1 2 51 87 -1
10 1 2 51 88 0.908115
10 1 2 52 87 0.965383
10 1 2 52 88 -1
10 1 3 51 125 0.425173
10 1 3 51 126 0.971245
10 1 3 52 125 0.963209
10 1 3 52 126 0.410437
10 2 3 87 125 0.898768
10 2 3 87 126 -1
10 2 3 88 125 -1
10 2 3 88 126 0.968583
11 0 1 20 53 0.960794
11 0 2 20 89 -1
11 0 2 20 90 0.872876
11 0 3 20 127 -1
11 0 4 20 161 0.827478
11 0 4 20 162 0.191109
11 1 2 53 89 -1
11 1 2 53 90 0.821415
11 1 3 53 127 0.0454873
11 1 4 53 161 0.906315
11 1 4 53 162 -1
11 2 3 89 127 0.998012
11 2 3 90 127 -1
11 2 4 89 161 -1
11 2 4 89 162 0.933123
11 2 4 90 161 0.871459
11 2 4 90 162 -1
11 3 4 127 161 0.957096
11 3 4 127 162 0.895752
12 0 1 21 54 0.99426
12 0 1 21 55 -1
12 0 1 22 54 0.310079
12 0 1 22 55 0.960257
12 0 2 21 91 0.980455
12 0 2 21 92 -1
12 0 2 22 91 -1
12 0 2 22 92 0.935627
12 0 3 21 128 0.954567
12 0 3 21 129 -1
12 0 3 22 128 -1
12 0 3 22 129 0.988779
12 0 4 21 163 0.920597
12 0 4 21 164 0.988346
12 0 4 22 163 0.928109
12 0 4 22 164 0.820847
12 1 2 54 91 0.972318
12 1 2 54 92 -1
12 1 2 55 91 -1
12 1 2 55 92 0.848935
12 1 3 54 128 0.963622
12 1 3 54 129 -1
12 1 3 55 128 -1
12 1 3 55 129 0.992444
12 1 4 54 163 0.917649
12 1 4 54 164 -1
12 1 4 55 163 -1
12 1 4 55 164 0.831819
12 2 3 91 128 0.926441
12 2 3 91 129 -1
12 2 3 92 128 -1
12 2 3 92 129 0.948906
12 2 4 91 163 0.919816
12 2 4 91 164 -1
12 2 4 92 163 -1
12 2 4 92 164 0.757359
12 3 4 128 163 0.953607
12 3 4 128 164 0.034997
12 3 4 129 163 -1
12 3 4 129 164 0.811061
13 0 1 23 56 0.873619
13 0 1 23 57 -1
13 0 1 24 56 0.378197
13 0 1 24 57 0.318392
13 0 2 23 93 0.942184
13 0 2 23 94 -1
13 0 2 24 93 -1
13 0 2 24 94 0.239138
13 0 3 23 130 0.957524
13 0 3 23 131 -1
13 0 3 24 130 -1
13 0 3 24 131 0.699426
13 0 4 23 165 -1
13 0 4 23 166 0.987402
13 0 4 24 165 0.475317
13 0 4 24 166 -1
13 1 2 56 93 0.874143
13 1 2 56 94 -1
13 1 2 57 93 -1
13 1 2 57 94 0.71286
13 1 3 56 130 0.941535
13 1 3 56 131 -1
13 1 3 57 130 -1
13 1 3 57 131 0.974052
13 1 4 56 165 -1
13 1 4 56 166 0.788475
13 1 4 57 165 0.934373
13 1 4 57 166 -1
13 2 3 93 130 0.90093
13 2 3 93 131 -1
13 2 3 94 130 -1
13 2 3 94 131 0.664222
13 2 4 93 165 0.0878257
13 2 4 93 166 0.851495
13 2 4 94 165 0.845026
13 2 4 94 166 -1
13 3 4 130 165 -1
13 3 4 130 166 0.75222
13 3 4 131 165 0.905733
13 3 4 131 166 -1
14 0 1 25 58 0.940669
14 0 1 25 59 0.21857
14 0 1 26 58 0.70731
14 0 1 26 59 0.834821
14 0 2 25 95 -1
14 0 2 25 96 0.962493
14 0 2 25 97 -1
14 0 2 26 95 -1
14 0 2 26 96 -1
14 0 2 26 97 0.983677
14 0 3 25 132 0.931841
14 0 3 25 133 -1
14 0 3 26 132 -1
14 0 3 26 133 0.768135
14 0 4 25 167 -1
14 0 4 25 168 0.797929
14 0 4 26 167 0.991414
14 0 4 26 168 -1
14 1 2 58 95 -1
14 1 2 58 96 0.953664
14 1 2 58 97 -1
14 1 2 59 95 -1
14 1 2 59 96 -1
14 1 2 59 97 0.893539
14 1 3 58 132 0.996046
14 1 3 58 133 -1
14 1 3 59 132 -1
14 1 3 59 133 0.885383
14 1 4 58 167 -1
14 1 4 58 168 0.844448
14 1 4 59 167 0.909294
14 1 4 59 168 -1
14 2 3 95 132 -1
14 2 3 95 133 -1
14 2 3 96 132 0.9687
14 2 3 96 133 -1
14 2 3 97 132 -1
14 2 3 97 133 0.885484
14 2 4 95 167 -1
14 2 4 95 168 -1
14 2 4 96 167 -1
14 2 4 96 168 0.806687
14 2 4 97 167 0.882414
14 2 4 97 168 -1
14 3 4 132 167 0.60325
14 3 4 132 168 0.980865
14 3 4 133 167 0.765768
14 3 4 133 168 -1
15 0 1 27 60 0.97272
15 0 2 27 98 -1
15 0 2 27 99 0.533936
15 0 3 27 134 -1
15 0 4 27 169 0.76649
15 0 4 27 170 -1
15 1 2 60 98 -1
15 1 2 60 99 0.52289
15 1 3 60 134 -1
15 1 4 60 169 0.901384
15 1 4 60 170 -1
15 2 3 98 134 0.964342
15 2 3 99 134 -1
15 2 4 98 169 -1
15 2 4 98 170 0.917432
15 2 4 99 169 0.659153
15 2 4 99 170 -1
15 3 4 134 169 0.704234
15 3 4 134 170 0.980871
16 0 1 28 61 0.958422
16 0 1 28 62 -1
16 0 2 28 100 0.932844
16 0 2 28 101 -1
16 0 3 28 135 0.995034
16 0 3 28 136 -1
16 0 4 28 171 -1
16 1 2 61 100 0.837544
16 1 2 61 101 -1
16 1 2 62 100 -1
16 1 2 62 101 0.718306
16 1 3 61 135 0.93795
16 1 3 61 136 -1
16 1 3 62 135 -1
16 1 3 62 136 0.970352
16 1 4 61 171 -1
16 1 4 62 171 0.813619
16 2 3 100 135 0.943847
16 2 3 100 136 -1
16 2 3 101 135 -1
16 2 3 101 136 0.950826
16 2 4 100 171 -1
16 2 4 101 171 0.709175
16 3 4 135 171 -1
16 3 4 136 171 0.851569
17 0 1 29 63 0.957986
17 0 1 29 64 0.787171
17 0 1 30 63 0.962533
17 0 1 30 64 0.850967
17 0 2 29 102 0.757247
17 0 2 29 103 -1
17 0 2 30 102 -1
17 0 2 30 103 0.940003
17 0 3 29 137 0.954965
17 0 3 29 138 -1
17 0 3 30 137 -1
17 0 3 30 138 0.897887
17 0 4 29 172 -1
17 0 4 29 173 0.934918
17 0 4 30 172 0.847773
17 0 4 30 173 -1
17 1 2 63 102 0.786005
17 1 2 63 103 -1
17 1 2 64 102 -1
17 1 2 64 103 0.710831
17 1 3 63 137 0.935109
17 1 3 63 138 -1
17 1 3 64 137 -1
17 1 3 64 138 0.796252
17 1 4 63 172 -1
17 1 4 63 173 0.891723
17 1 4 64 172 0.81724
17 1 4 64 173 -1
17 2 3 102 137 0.709322
17 2 3 102 138 -1
17 2 3 103 137 -1
17 2 3 103 138 0.945479
17 2 4 102 172 -1
17 2 4 102 173 0.905522
17 2 4 103 172 0.823797
17 2 4 103 173 -1
17 3 4 137 172 0.767026
17 3 4 137 173 0.907465
17 3 4 138 172 0.816163
17 3 4 138 173 0.537477
18 0 1 31 65 0.850316
18 0 1 31 66 -1
18 0 1 32 65 0.390226
18 0 1 32 66 0.376787
18 0 2 31 104 0.817853
18 0 2 31 105 -1
18 0 2 32 104 -1
18 0 2 32 105 -1
18 0 3 31 139 -1
18 0 3 31 140 0.722369
18 0 3 32 139 0.805083
18 0 3 32 140 -1
18 0 4 31 174 -1
18 0 4 31 175 0.843682
18 0 4 32 174 0.23549
18 0 4 32 175 -1
18 1 2 65 104 0.999995
18 1 2 65 105 -1
18 1 2 66 104 -1
18 1 2 66 105 0.517419
18 1 3 65 139 -1
18 1 3 65 140 0.883101
18 1 3 66 139 0.968891
18 1 3 66 140 -1
18 1 4 65 174 -1
18 1 4 65 175 0.756127
18 1 4 66 174 0.967739
18 1 4 66 175 -1
18 2 3 104 139 -1
18 2 3 104 140 0.904901
18 2 3 105 139 0.208882
18 2 3 105 140 -1
18 2 4 104 174 0.913223
18 2 4 104 175 0.758539
18 2 4 105 174 0.902091
18 2 4 105 175 0.918735
18 3 4 139 174 0.834674
18 3 4 139 175 -1
18 3 4 140 174 -1
18 3 4 140 175 0.925979
end of Frame 34
