J OverallIdx viewIdx joint种类0-18(jointIdx) 该joint在图中的顺序(candidix) x y score
0 0 0 0 56.1501 362.761 0.754776
1 0 0 1 504.876 383.83 0.723851
2 0 0 2 305.694 447.017 0.54981
3 0 1 0 299.924 196.192 0.866247
4 0 1 1 58.8709 213.069 0.89538
5 0 1 2 521.55 210.886 0.843755
6 0 2 0 27.9544 362.721 0.664145
7 0 2 1 485.141 383.817 0.687637
8 0 2 2 358.971 442.835 0.540013
9 0 3 0 92.5446 364.762 0.712857
10 0 3 1 527.196 385.864 0.704584
11 0 3 2 257.895 447.019 0.546564
12 0 4 0 459.942 156 0.924042
13 0 4 1 109.329 160.163 0.873566
14 0 5 0 372.972 196.178 0.839125
15 0 5 1 485.239 210.929 0.790093
16 0 6 0 215.974 196.11 0.848931
17 0 6 1 549.639 210.811 0.854676
18 0 6 2 117.704 221.446 0.812684
19 0 7 0 30.7674 484.972 0.759559
20 0 7 1 499.172 516.686 0.740226
21 0 7 2 339.275 630.532 0.715095
22 0 8 0 81.4088 482.962 0.821545
23 0 8 1 527.246 522.968 0.78637
24 0 8 2 258.145 630.541 0.705149
25 0 9 0 325.23 111.749 0.92934
26 0 9 1 59.0107 147.638 0.831083
27 0 10 0 244.035 111.815 0.838809
28 0 10 1 504.799 145.458 0.928053
29 0 11 0 482.311 288.913 0.25904
30 0 11 1 420.674 328.9 0.85744
31 0 12 0 608.572 278.386 0.875668
32 0 12 1 123.505 293.089 0.755754
33 0 12 2 193.616 343.633 0.839846
34 0 13 0 30.8495 594.653 0.749161
35 0 13 1 507.63 632.514 0.83507
36 0 13 2 333.745 765.408 0.431851
37 0 14 0 78.5481 592.559 0.813868
38 0 14 1 549.598 651.62 0.763021
39 0 14 2 260.871 767.295 0.284121
40 0 15 0 476.783 328.912 0.180544
41 0 15 1 384.141 413.29 0.714052
42 0 16 0 140.264 316.282 0.496673
43 0 16 1 549.774 331.126 0.886408
44 0 16 2 213.031 436.474 0.71663
45 0 17 0 78.5705 622.065 0.789446
46 0 17 1 513.161 687.463 0.733211
47 0 18 0 39.3137 628.33 0.717977
48 0 18 1 451.458 649.439 0.797173
49 1 0 0 541.207 379.539 0.793015
50 1 0 1 687.175 400.678 0.647472
51 1 0 2 98.1464 434.42 0.625218
52 1 1 0 165.388 206.623 0.194513
53 1 1 1 78.6168 213.032 0.885077
54 1 1 2 684.102 223.52 0.747572
55 1 1 3 543.995 244.68 0.898737
56 1 2 0 510.366 379.552 0.800237
57 1 2 1 703.913 398.585 0.554939
58 1 2 2 50.4695 438.605 0.562785
59 1 3 0 569.235 379.543 0.80902
60 1 3 1 681.479 402.786 0.692924
61 1 3 2 145.748 434.368 0.623581
62 1 4 0 199.157 166.561 0.59693
63 1 4 1 614.098 179.324 0.845458
64 1 4 2 524.29 194.113 0.932116
65 1 5 0 154.256 202.474 0.337355
66 1 5 1 695.458 217.237 0.614379
67 1 5 2 502.006 246.693 0.895084
68 1 6 0 151.415 208.77 0.807018
69 1 6 1 664.718 225.613 0.892887
70 1 6 2 577.778 244.546 0.872379
71 1 7 0 524.447 482.93 0.857023
72 1 7 1 678.62 531.378 0.531845
73 1 7 2 53.3248 615.74 0.712928
74 1 8 0 572.168 480.864 0.865336
75 1 8 1 675.884 533.526 0.668731
76 1 8 2 173.941 592.542 0.749849
77 1 9 0 168.088 160.248 0.868371
78 1 10 0 81.2903 124.405 0.933747
79 1 10 1 642.321 168.657 0.846385
80 1 10 2 552.601 193.946 0.91683
81 1 11 0 459.961 295.138 0.992876
82 1 12 0 622.588 293.149 0.908186
83 1 12 1 190.657 312.169 0.917033
84 1 12 2 684.175 328.916 0.912281
85 1 13 0 527.127 571.493 0.837096
86 1 13 1 117.746 613.663 0.215595
87 1 13 2 681.495 645.286 0.626467
88 1 13 3 56.0112 765.401 0.513592
89 1 14 0 577.785 569.349 0.809134
90 1 14 1 689.849 666.433 0.745983
91 1 14 2 201.959 693.746 0.736769
92 1 15 0 490.763 333.237 0.850464
93 1 16 0 594.654 331.161 0.909647
94 1 16 1 159.809 396.337 0.84317
95 1 16 2 639.491 396.455 0.871451
96 1 17 0 580.54 598.829 0.905748
97 1 17 1 636.494 670.549 0.759423
98 1 17 2 193.609 733.724 0.834743
99 1 18 0 496.382 594.636 0.79043
100 1 18 1 120.638 636.827 0.201306
101 1 18 2 639.369 647.375 0.783068
102 2 0 0 398.195 282.569 0.757106
103 2 0 1 734.788 373.262 0.737891
104 2 0 2 176.703 643.124 0.542793
105 2 1 0 389.842 126.474 0.942989
106 2 1 1 773.945 229.906 0.896378
107 2 1 2 145.963 417.554 0.802524
108 2 1 3 754.418 706.409 0.359849
109 2 2 0 370.166 286.801 0.771016
110 2 2 1 709.626 364.785 0.737171
111 2 2 2 210.261 649.524 0.562422
112 2 3 0 434.532 278.437 0.749127
113 2 3 1 759.991 379.561 0.730756
114 2 3 2 145.795 632.627 0.476944
115 2 4 0 400.974 92.7266 0.909689
116 2 4 1 728.966 185.57 0.872154
117 2 4 2 875.003 733.808 0.685718
118 2 5 0 344.844 132.833 0.81604
119 2 5 1 732.028 212.948 0.778778
120 2 5 2 190.698 451.253 0.606737
121 2 5 3 734.745 754.934 0.29165
122 2 6 0 437.333 115.965 0.864815
123 2 6 1 810.425 253.016 0.782562
124 2 6 2 100.909 383.838 0.759316
125 2 6 3 774.051 615.767 0.454612
126 2 7 0 370.155 390.092 0.834701
127 2 7 1 703.887 463.904 0.845353
128 2 7 2 266.436 735.981 0.749595
129 2 8 0 437.31 377.459 0.850072
130 2 8 1 745.898 476.583 0.782443
131 2 8 2 199.17 716.995 0.724239
132 2 9 0 367.399 75.8448 0.81795
133 2 9 1 227.111 320.504 0.776108
134 2 9 2 793.653 672.68 0.799532
135 2 10 0 423.497 71.6882 0.464791
136 2 10 1 782.422 179.323 0.856268
137 2 10 2 123.428 309.969 0.463232
138 2 11 0 274.86 202.45 0.842462
139 2 11 1 723.455 267.798 0.769907
140 2 11 2 210.226 613.613 0.75468
141 2 12 0 456.986 162.381 0.846438
142 2 12 1 818.947 345.793 0.973944
143 2 12 2 28.012 419.638 0.223271
144 2 12 3 818.864 733.914 0.19947
145 2 13 0 370.184 478.7 0.849872
146 2 13 1 695.532 544.044 0.809962
147 2 14 0 431.839 457.578 0.797513
148 2 14 1 734.817 565.188 0.825966
149 2 15 0 328.247 255.114 0.851321
150 2 15 1 703.879 328.991 0.85699
151 2 15 2 33.7744 497.639 0.150074
152 2 15 3 300.011 632.641 0.844261
153 2 16 0 459.749 217.243 0.850814
154 2 16 1 768.409 394.288 0.867345
155 2 16 2 218.771 463.926 0.381011
156 2 16 3 36.5805 501.886 0.256735
157 2 17 0 471.094 482.975 0.845256
158 2 17 1 698.228 594.671 0.798317
159 2 18 0 375.822 516.596 0.745793
160 2 18 1 644.978 550.378 0.827852
161 3 0 0 619.89 312.054 0.434646
162 3 0 1 288.84 377.433 0.678766
163 3 0 2 726.368 447.024 0.479627
164 3 1 0 709.464 170.813 0.806674
165 3 1 1 263.629 183.48 0.766331
166 3 1 2 614.036 181.365 0.359999
167 3 2 0 591.686 312.082 0.541767
168 3 2 1 274.802 379.522 0.679391
169 3 2 2 779.626 442.827 0.446758
170 3 3 0 661.725 309.975 0.451641
171 3 3 1 305.72 375.355 0.642991
172 3 3 2 667.443 447.026 0.432598
173 3 4 0 316.868 124.431 0.881066
174 3 4 1 605.757 141.333 0.864763
175 3 5 0 807.654 160.332 0.772026
176 3 5 1 246.738 189.804 0.772863
177 3 5 2 572.181 187.699 0.823016
178 3 6 0 283.337 179.216 0.710411
179 3 6 1 619.863 179.286 0.724323
180 3 7 0 594.604 438.632 0.555036
181 3 7 1 280.538 516.683 0.799161
182 3 7 2 1029.21 548.202 0.157209
183 3 7 3 768.37 641.057 0.668814
184 3 8 0 314.039 506.103 0.735911
185 3 8 1 1029.21 548.265 0.421793
186 3 8 2 681.47 664.168 0.7125
187 3 9 0 729.04 61.1933 0.487618
188 3 9 1 258.166 115.944 0.862856
189 3 9 2 583.335 130.78 0.324703
190 3 10 0 639.259 71.6628 0.839415
191 3 10 1 636.496 128.74 0.520737
192 3 11 0 546.799 267.814 0.827454
193 3 11 1 204.726 272.022 0.814522
194 3 11 2 860.966 309.986 0.721615
195 3 12 0 594.499 297.289 0.692019
196 3 13 0 605.692 548.315 0.752953
197 3 13 1 277.673 651.611 0.794095
198 3 14 0 305.788 615.713 0.836501
199 3 14 1 953.547 662.112 0.333775
200 3 15 0 258.106 328.907 0.917726
201 3 15 1 566.506 331.089 0.583291
202 3 15 2 824.501 394.309 0.51023
203 3 16 0 594.415 379.544 0.420593
204 3 17 0 370.066 617.866 0.896568
205 3 17 1 950.703 717.008 0.187686
206 3 18 0 566.516 581.939 0.791929
207 3 18 1 342.155 674.793 0.778752
208 4 0 0 964.702 255.13 0.68902
209 4 0 1 577.724 286.782 0.370845
210 4 0 2 659.062 331.042 0.600878
211 4 1 0 664.597 113.852 0.86628
212 4 1 1 574.861 128.598 0.356114
213 4 1 2 976.029 128.722 0.909048
214 4 2 0 995.43 259.293 0.749396
215 4 2 1 586.114 290.998 0.560592
216 4 2 2 706.663 333.204 0.564923
217 4 3 0 936.638 248.874 0.721696
218 4 3 1 574.912 286.793 0.268649
219 4 3 2 616.835 328.965 0.541854
220 4 4 0 633.724 82.2614 0.801169
221 4 5 0 732.002 111.825 0.831904
222 4 5 1 560.906 128.691 0.737041
223 4 5 2 1029.21 134.935 0.891405
224 4 6 0 597.391 113.852 0.824172
225 4 6 1 936.617 126.609 0.908624
226 4 7 0 970.319 343.763 0.854231
227 4 7 1 575.006 394.272 0.42501
228 4 7 2 700.995 516.677 0.745539
229 4 8 0 928.178 343.732 0.853766
230 4 8 1 586.128 396.425 0.187403
231 4 8 2 614.179 499.791 0.741005
232 4 9 0 709.455 37.9234 0.83455
233 4 9 1 591.656 73.8476 0.943961
234 4 9 2 998.46 88.5369 0.844252
235 4 10 0 642.287 37.9178 0.467411
236 4 10 1 956.377 80.1018 0.783162
237 4 11 0 1029.21 200.344 0.789598
238 4 11 1 818.728 208.813 0.920322
239 4 11 2 527.136 212.958 0.869162
240 4 12 0 908.609 193.985 0.939214
241 4 12 1 527.248 210.896 0.422485
242 4 13 0 959.064 430.267 0.792153
243 4 13 1 572.245 497.56 0.640339
244 4 13 2 689.882 659.986 0.769681
245 4 14 0 931.199 430.263 0.786323
246 4 14 1 600.089 641.047 0.729901
247 4 15 0 1029.2 259.317 0.716049
248 4 15 1 757.226 276.24 0.854821
249 4 15 2 572.097 280.408 0.835976
250 4 16 0 908.604 231.991 0.874611
251 4 16 1 566.466 263.662 0.182793
252 4 17 0 922.592 463.912 0.61508
253 4 17 1 608.55 643.17 0.375953
254 4 18 0 953.489 449.143 0.272507
255 4 18 1 583.337 516.687 0.228179
256 4 18 2 740.297 649.41 0.729197
P viewIdx, pafIdx, aOverAllIdx, bOverAllIdx, CandidAIdx, CandidBIdx, score
0 0 3 0 0 0 0
0 0 3 1 0 1 0
0 0 3 2 0 2 0.989263
0 0 4 0 1 0 0.996522
0 0 4 1 1 1 0
0 0 4 2 1 2 0
0 0 5 0 2 0 0
0 0 5 1 2 1 0.974102
0 0 5 2 2 2 0
0 1 6 19 0 0 0.987794
0 1 6 20 0 1 0
0 1 6 21 0 2 0
0 1 7 19 1 0 0
0 1 7 20 1 1 0.982583
0 1 7 21 1 2 0
0 1 8 19 2 0 0
0 1 8 20 2 1 0
0 1 8 21 2 2 0.974535
0 2 19 34 0 0 0.992885
0 2 19 35 0 1 0
0 2 19 36 0 2 0
0 2 20 34 1 0 0
0 2 20 35 1 1 0.989782
0 2 20 36 1 2 0
0 2 21 34 2 0 0
0 2 21 35 2 1 0
0 2 21 36 2 2 0.979387
0 3 0 6 0 0 0.936198
0 3 0 7 0 1 0
0 3 0 8 0 2 0
0 3 1 6 1 0 0
0 3 1 7 1 1 0.923325
0 3 1 8 1 2 0
0 3 2 6 2 0 0
0 3 2 7 2 1 0
0 3 2 8 2 2 0.865714
0 4 0 9 0 0 0.93713
0 4 0 10 0 1 0
0 4 0 11 0 2 0
0 4 1 9 1 0 0
0 4 1 10 1 1 0.922677
0 4 1 11 1 2 0
0 4 2 9 2 0 0
0 4 2 10 2 1 0
0 4 2 11 2 2 0.86297
0 5 9 22 0 0 0.991261
0 5 9 23 0 1 0
0 5 9 24 0 2 0
0 5 10 22 1 0 0
0 5 10 23 1 1 0.992215
0 5 10 24 1 2 0
0 5 11 22 2 0 0
0 5 11 23 2 1 0
0 5 11 24 2 2 0.984728
0 6 22 37 0 0 0.997368
0 6 22 38 0 1 0
0 6 22 39 0 2 0
0 6 23 37 1 0 0
0 6 23 38 1 1 0.997393
0 6 23 39 1 2 0
0 6 24 37 2 0 0
0 6 24 38 2 1 0
0 6 24 39 2 2 0.974049
0 7 3 14 0 0 0.976239
0 7 3 15 0 1 0
0 7 4 14 1 0 0
0 7 4 15 1 1 0
0 7 5 14 2 0 0
0 7 5 15 2 1 0.983958
0 8 14 29 0 0 0
0 8 14 30 0 1 0.994819
0 8 15 29 1 0 0.844734
0 8 15 30 1 1 0
0 9 29 40 0 0 0.449697
0 9 29 41 0 1 0.288852
0 9 30 40 1 0 0
0 9 30 41 1 1 0.509701
0 10 14 25 0 0 0.992049
0 10 14 26 0 1 0
0 10 15 25 1 0 0
0 10 15 26 1 1 0
0 11 3 16 0 0 0.98577
0 11 3 17 0 1 0
0 11 3 18 0 2 0
0 11 4 16 1 0 0
0 11 4 17 1 1 0
0 11 4 18 1 2 0.9992
0 11 5 16 2 0 0
0 11 5 17 2 1 0.991085
0 11 5 18 2 2 0
0 12 16 31 0 0 0
0 12 16 32 0 1 0
0 12 16 33 0 2 0.950526
0 12 17 31 1 0 0.990883
0 12 17 32 1 1 0
0 12 17 33 1 2 0
0 12 18 31 2 0 0
0 12 18 32 2 1 0.980184
0 12 18 33 2 2 0
0 13 31 42 0 0 0
0 13 31 43 0 1 0.957084
0 13 31 44 0 2 0
0 13 32 42 1 0 0.927572
0 13 32 43 1 1 0
0 13 32 44 1 2 0
0 13 33 42 2 0 0
0 13 33 43 2 1 0
0 13 33 44 2 2 0.974545
0 14 16 27 0 0 0.96889
0 14 16 28 0 1 0
0 14 17 27 1 0 0
0 14 17 28 1 1 0.992204
0 14 18 27 2 0 0
0 14 18 28 2 1 0
0 15 3 12 0 0 0
0 15 3 13 0 1 0
0 15 4 12 1 0 0
0 15 4 13 1 1 0.950082
0 15 5 12 2 0 0.995338
0 15 5 13 2 1 0
0 16 37 45 0 0 0.976538
0 16 37 46 0 1 0
0 16 38 45 1 0 0
0 16 38 46 1 1 0.94397
0 16 39 45 2 0 0
0 16 39 46 2 1 0
0 17 34 47 0 0 0.973877
0 17 34 48 0 1 0
0 17 35 47 1 0 0
0 17 35 48 1 1 0.968396
0 17 36 47 2 0 0
0 17 36 48 2 1 0
1 0 52 49 0 0 0
1 0 52 50 0 1 0
1 0 52 51 0 2 0
1 0 53 49 1 0 0
1 0 53 50 1 1 0
1 0 53 51 1 2 0.992934
1 0 54 49 2 0 0
1 0 54 50 2 1 0.932004
1 0 54 51 2 2 0
1 0 55 49 3 0 0.98917
1 0 55 50 3 1 0
1 0 55 51 3 2 0
1 1 56 71 0 0 0.985957
1 1 56 72 0 1 0
1 1 56 73 0 2 0
1 1 57 71 1 0 0
1 1 57 72 1 1 0.890912
1 1 57 73 1 2 0
1 1 58 71 2 0 0
1 1 58 72 2 1 0
1 1 58 73 2 2 0.976188
1 2 71 85 0 0 0.997707
1 2 71 86 0 1 0
1 2 71 87 0 2 0
1 2 71 88 0 3 0
1 2 72 85 1 0 0
1 2 72 86 1 1 0
1 2 72 87 1 2 0.952346
1 2 72 88 1 3 0
1 2 73 85 2 0 0
1 2 73 86 2 1 0
1 2 73 87 2 2 0
1 2 73 88 2 3 0.990912
1 3 49 56 0 0 0.974466
1 3 49 57 0 1 0
1 3 49 58 0 2 0
1 3 50 56 1 0 0
1 3 50 57 1 1 0.845673
1 3 50 58 1 2 0
1 3 51 56 2 0 0
1 3 51 57 2 1 0
1 3 51 58 2 2 0.888616
1 4 49 59 0 0 0.977846
1 4 49 60 0 1 0
1 4 49 61 0 2 0
1 4 50 59 1 0 0
1 4 50 60 1 1 0.847034
1 4 50 61 1 2 0
1 4 51 59 2 0 0
1 4 51 60 2 1 0
1 4 51 61 2 2 0.892919
1 5 59 74 0 0 0.995571
1 5 59 75 0 1 0
1 5 59 76 0 2 0
1 5 60 74 1 0 0
1 5 60 75 1 1 0.97552
1 5 60 76 1 2 0
1 5 61 74 2 0 0
1 5 61 75 2 1 0
1 5 61 76 2 2 0.988809
1 6 74 89 0 0 0.99788
1 6 74 90 0 1 0
1 6 74 91 0 2 0
1 6 75 89 1 0 0
1 6 75 90 1 1 0.992031
1 6 75 91 1 2 0
1 6 76 89 2 0 0
1 6 76 90 2 1 0
1 6 76 91 2 2 0.98869
1 7 52 65 0 0 0.632823
1 7 52 66 0 1 0
1 7 52 67 0 2 0
1 7 53 65 1 0 0
1 7 53 66 1 1 0
1 7 53 67 1 2 0
1 7 54 65 2 0 0
1 7 54 66 2 1 0.918497
1 7 54 67 2 2 0
1 7 55 65 3 0 0
1 7 55 66 3 1 0
1 7 55 67 3 2 0.993749
1 8 65 81 0 0 0
1 8 66 81 1 0 0
1 8 67 81 2 0 0.987387
1 9 81 92 0 0 0.985561
1 10 65 77 0 0 0.884811
1 10 66 77 1 0 0
1 10 67 77 2 0 0
1 11 52 68 0 0 0.409243
1 11 52 69 0 1 0
1 11 52 70 0 2 0
1 11 53 68 1 0 0.590757
1 11 53 69 1 1 0
1 11 53 70 1 2 0
1 11 54 68 2 0 0
1 11 54 69 2 1 0.965777
1 11 54 70 2 2 0
1 11 55 68 3 0 0
1 11 55 69 3 1 0
1 11 55 70 3 2 0.995223
1 12 68 82 0 0 0
1 12 68 83 0 1 0.997934
1 12 68 84 0 2 0
1 12 69 82 1 0 0
1 12 69 83 1 1 0
1 12 69 84 1 2 0.502832
1 12 70 82 2 0 0.50787
1 12 70 83 2 1 0
1 12 70 84 2 2 0.252497
1 13 82 93 0 0 0.967748
1 13 82 94 0 1 0
1 13 82 95 0 2 0
1 13 83 93 1 0 0
1 13 83 94 1 1 0.978098
1 13 83 95 1 2 0
1 13 84 93 2 0 0
1 13 84 94 2 1 0
1 13 84 95 2 2 0.981647
1 14 68 78 0 0 0.992582
1 14 68 79 0 1 0
1 14 68 80 0 2 0
1 14 69 78 1 0 0
1 14 69 79 1 1 0.985192
1 14 69 80 1 2 0
1 14 70 78 2 0 0
1 14 70 79 2 1 0
1 14 70 80 2 2 0.992004
1 15 52 62 0 0 0.741536
1 15 52 63 0 1 0
1 15 52 64 0 2 0
1 15 53 62 1 0 0
1 15 53 63 1 1 0
1 15 53 64 1 2 0
1 15 54 62 2 0 0
1 15 54 63 2 1 0.972257
1 15 54 64 2 2 0
1 15 55 62 3 0 0
1 15 55 63 3 1 0
1 15 55 64 3 2 0.984258
1 16 89 96 0 0 0.966482
1 16 89 97 0 1 0
1 16 89 98 0 2 0
1 16 90 96 1 0 0
1 16 90 97 1 1 0.95197
1 16 90 98 1 2 0
1 16 91 96 2 0 0
1 16 91 97 2 1 0
1 16 91 98 2 2 0.962971
1 17 85 99 0 0 0.967351
1 17 85 100 0 1 0
1 17 85 101 0 2 0
1 17 86 99 1 0 0
1 17 86 100 1 1 0.735224
1 17 86 101 1 2 0
1 17 87 99 2 0 0
1 17 87 100 2 1 0
1 17 87 101 2 2 0.938862
1 17 88 99 3 0 0
1 17 88 100 3 1 0
1 17 88 101 3 2 0
2 0 105 102 0 0 0.997721
2 0 105 103 0 1 0
2 0 105 104 0 2 0
2 0 106 102 1 0 0
2 0 106 103 1 1 0.969575
2 0 106 104 1 2 0
2 0 107 102 2 0 0
2 0 107 103 2 1 0
2 0 107 104 2 2 0.97642
2 0 108 102 3 0 0
2 0 108 103 3 1 0
2 0 108 104 3 2 0
2 1 109 126 0 0 0.995543
2 1 109 127 0 1 0
2 1 109 128 0 2 0
2 1 110 126 1 0 0
2 1 110 127 1 1 0.986255
2 1 110 128 1 2 0
2 1 111 126 2 0 0
2 1 111 127 2 1 0
2 1 111 128 2 2 0.977885
2 2 126 145 0 0 0.998186
2 2 126 146 0 1 0
2 2 127 145 1 0 0
2 2 127 146 1 1 0.974574
2 2 128 145 2 0 0
2 2 128 146 2 1 0
2 3 102 109 0 0 0.929969
2 3 102 110 0 1 0
2 3 102 111 0 2 0
2 3 103 109 1 0 0
2 3 103 110 1 1 0.966185
2 3 103 111 1 2 0
2 3 104 109 2 0 0
2 3 104 110 2 1 0
2 3 104 111 2 2 0.900658
2 4 102 112 0 0 0.937484
2 4 102 113 0 1 0
2 4 102 114 0 2 0
2 4 103 112 1 0 0
2 4 103 113 1 1 0.977906
2 4 103 114 1 2 0
2 4 104 112 2 0 0
2 4 104 113 2 1 0
2 4 104 114 2 2 0.893967
2 5 112 129 0 0 0.99857
2 5 112 130 0 1 0
2 5 112 131 0 2 0
2 5 113 129 1 0 0
2 5 113 130 1 1 0.981895
2 5 113 131 1 2 0
2 5 114 129 2 0 0
2 5 114 130 2 1 0
2 5 114 131 2 2 0.977901
2 6 129 147 0 0 0.993961
2 6 129 148 0 1 0
2 6 130 147 1 0 0
2 6 130 148 1 1 0.971798
2 6 131 147 2 0 0
2 6 131 148 2 1 0
2 7 105 118 0 0 0.993817
2 7 105 119 0 1 0
2 7 105 120 0 2 0
2 7 105 121 0 3 0
2 7 106 118 1 0 0
2 7 106 119 1 1 0.995917
2 7 106 120 1 2 0
2 7 106 121 1 3 0
2 7 107 118 2 0 0
2 7 107 119 2 1 0
2 7 107 120 2 2 0.982187
2 7 107 121 2 3 0
2 7 108 118 3 0 0
2 7 108 119 3 1 0
2 7 108 120 3 2 0
2 7 108 121 3 3 0.849363
2 8 118 138 0 0 0.983657
2 8 118 139 0 1 0
2 8 118 140 0 2 0
2 8 119 138 1 0 0
2 8 119 139 1 1 0.970646
2 8 119 140 1 2 0
2 8 120 138 2 0 0
2 8 120 139 2 1 0
2 8 120 140 2 2 0.976141
2 8 121 138 3 0 0
2 8 121 139 3 1 0
2 8 121 140 3 2 0
2 9 138 149 0 0 0.987946
2 9 138 150 0 1 0
2 9 138 151 0 2 0
2 9 138 152 0 3 0
2 9 139 149 1 0 0
2 9 139 150 1 1 0.996331
2 9 139 151 1 2 0
2 9 139 152 1 3 0
2 9 140 149 2 0 0
2 9 140 150 2 1 0
2 9 140 151 2 2 0
2 9 140 152 2 3 0.98929
2 10 118 132 0 0 0.976156
2 10 118 133 0 1 0
2 10 118 134 0 2 0
2 10 119 132 1 0 0
2 10 119 133 1 1 0
2 10 119 134 1 2 0
2 10 120 132 2 0 0
2 10 120 133 2 1 0.957327
2 10 120 134 2 2 0
2 10 121 132 3 0 0
2 10 121 133 3 1 0
2 10 121 134 3 2 0.860407
2 11 105 122 0 0 0.983732
2 11 105 123 0 1 0
2 11 105 124 0 2 0
2 11 105 125 0 3 0
2 11 106 122 1 0 0
2 11 106 123 1 1 0.997406
2 11 106 124 1 2 0
2 11 106 125 1 3 0
2 11 107 122 2 0 0
2 11 107 123 2 1 0
2 11 107 124 2 2 0.986274
2 11 107 125 2 3 0
2 11 108 122 3 0 0
2 11 108 123 3 1 0
2 11 108 124 3 2 0
2 11 108 125 3 3 0.852875
2 12 122 141 0 0 0.987813
2 12 122 142 0 1 0
2 12 122 143 0 2 0
2 12 122 144 0 3 0
2 12 123 141 1 0 0
2 12 123 142 1 1 0.990709
2 12 123 143 1 2 0
2 12 123 144 1 3 0
2 12 124 141 2 0 0
2 12 124 142 2 1 0
2 12 124 143 2 2 0
2 12 124 144 2 3 0
2 12 125 141 3 0 0
2 12 125 142 3 1 0
2 12 125 143 3 2 0
2 12 125 144 3 3 0
2 13 141 153 0 0 0.995472
2 13 141 154 0 1 0
2 13 141 155 0 2 0
2 13 141 156 0 3 0
2 13 142 153 1 0 0
2 13 142 154 1 1 0.997253
2 13 142 155 1 2 0
2 13 142 156 1 3 0
2 13 143 153 2 0 0
2 13 143 154 2 1 0
2 13 143 155 2 2 0
2 13 143 156 2 3 0.789352
2 13 144 153 3 0 0
2 13 144 154 3 1 0
2 13 144 155 3 2 0
2 13 144 156 3 3 0
2 14 122 135 0 0 0.872373
2 14 122 136 0 1 0
2 14 122 137 0 2 0
2 14 123 135 1 0 0
2 14 123 136 1 1 0.994676
2 14 123 137 1 2 0
2 14 124 135 2 0 0
2 14 124 136 2 1 0
2 14 124 137 2 2 0.856904
2 14 125 135 3 0 0
2 14 125 136 3 1 0
2 14 125 137 3 2 0
2 15 105 115 0 0 0.99832
2 15 105 116 0 1 0
2 15 105 117 0 2 0
2 15 106 115 1 0 0
2 15 106 116 1 1 0.993957
2 15 106 117 1 2 0
2 15 107 115 2 0 0
2 15 107 116 2 1 0
2 15 107 117 2 2 0
2 15 108 115 3 0 0
2 15 108 116 3 1 0
2 15 108 117 3 2 0.907503
2 16 147 157 0 0 0.980744
2 16 147 158 0 1 0
2 16 148 157 1 0 0
2 16 148 158 1 1 0.964865
2 17 145 159 0 0 0.963292
2 17 145 160 0 1 0
2 17 146 159 1 0 0
2 17 146 160 1 1 0.995736
3 0 164 161 0 0 0
3 0 164 162 0 1 0
3 0 164 163 0 2 0.978307
3 0 165 161 1 0 0
3 0 165 162 1 1 0.957826
3 0 165 163 1 2 0
3 0 166 161 2 0 0.838863
3 0 166 162 2 1 0
3 0 166 163 2 2 0
3 1 167 180 0 0 0.936158
3 1 167 181 0 1 0
3 1 167 182 0 2 0
3 1 167 183 0 3 0
3 1 168 180 1 0 0
3 1 168 181 1 1 0.980931
3 1 168 182 1 2 0
3 1 168 183 1 3 0
3 1 169 180 2 0 0
3 1 169 181 2 1 0
3 1 169 182 2 2 0
3 1 169 183 2 3 0.975626
3 2 180 196 0 0 0.947811
3 2 180 197 0 1 0
3 2 181 196 1 0 0
3 2 181 197 1 1 0.990125
3 2 182 196 2 0 0
3 2 182 197 2 1 0
3 2 183 196 3 0 0
3 2 183 197 3 1 0
3 3 161 167 0 0 0.842711
3 3 161 168 0 1 0
3 3 161 169 0 2 0
3 3 162 167 1 0 0
3 3 162 168 1 1 0.923567
3 3 162 169 1 2 0
3 3 163 167 2 0 0
3 3 163 168 2 1 0
3 3 163 169 2 2 0.847721
3 4 161 170 0 0 0.838737
3 4 161 171 0 1 0
3 4 161 172 0 2 0
3 4 162 170 1 0 0
3 4 162 171 1 1 0.92308
3 4 162 172 1 2 0
3 4 163 170 2 0 0
3 4 163 171 2 1 0
3 4 163 172 2 2 0.835174
3 5 170 184 0 0 0
3 5 170 185 0 1 0
3 5 170 186 0 2 0.485313
3 5 171 184 1 0 0.973546
3 5 171 185 1 1 0
3 5 171 186 1 2 0
3 5 172 184 2 0 0
3 5 172 185 2 1 0
3 5 172 186 2 2 0.514687
3 6 184 198 0 0 0.9821
3 6 184 199 0 1 0
3 6 185 198 1 0 0
3 6 185 199 1 1 0.865669
3 6 186 198 2 0 0
3 6 186 199 2 1 0
3 7 164 175 0 0 0.963582
3 7 164 176 0 1 0
3 7 164 177 0 2 0
3 7 165 175 1 0 0
3 7 165 176 1 1 0.949752
3 7 165 177 1 2 0
3 7 166 175 2 0 0
3 7 166 176 2 1 0
3 7 166 177 2 2 0.900028
3 8 175 192 0 0 0
3 8 175 193 0 1 0
3 8 175 194 0 2 0.984698
3 8 176 192 1 0 0
3 8 176 193 1 1 0.981752
3 8 176 194 1 2 0
3 8 177 192 2 0 0.983255
3 8 177 193 2 1 0
3 8 177 194 2 2 0
3 9 192 200 0 0 0
3 9 192 201 0 1 0.984855
3 9 192 202 0 2 0
3 9 193 200 1 0 0.988787
3 9 193 201 1 1 0
3 9 193 202 1 2 0
3 9 194 200 2 0 0
3 9 194 201 2 1 0
3 9 194 202 2 2 0.924768
3 10 175 187 0 0 0.896774
3 10 175 188 0 1 0
3 10 175 189 0 2 0
3 10 176 187 1 0 0
3 10 176 188 1 1 0.974863
3 10 176 189 1 2 0
3 10 177 187 2 0 0
3 10 177 188 2 1 0
3 10 177 189 2 2 0.841909
3 11 164 178 0 0 0
3 11 164 179 0 1 0.572648
3 11 165 178 1 0 0.939071
3 11 165 179 1 1 0
3 11 166 178 2 0 0
3 11 166 179 2 1 0.427352
3 12 178 195 0 0 0
3 12 179 195 1 0 0.957027
3 13 195 203 0 0 0.956224
3 14 178 190 0 0 0
3 14 178 191 0 1 0
3 14 179 190 1 0 0.498088
3 14 179 191 1 1 0.501912
3 15 164 173 0 0 0
3 15 164 174 0 1 0
3 15 165 173 1 0 0.950519
3 15 165 174 1 1 0
3 15 166 173 2 0 0
3 15 166 174 2 1 0.873813
3 16 198 204 0 0 0.99005
3 16 198 205 0 1 0
3 16 199 204 1 0 0
3 16 199 205 1 1 0.813799
3 17 196 206 0 0 0.954056
3 17 196 207 0 1 0
3 17 197 206 1 0 0
3 17 197 207 1 1 0.98051
4 0 211 208 0 0 0
4 0 211 209 0 1 0
4 0 211 210 0 2 0.991022
4 0 212 208 1 0 0
4 0 212 209 1 1 0.811511
4 0 212 210 1 2 0
4 0 213 208 2 0 0.963396
4 0 213 209 2 1 0
4 0 213 210 2 2 0
4 1 214 226 0 0 0.993418
4 1 214 227 0 1 0
4 1 214 228 0 2 0
4 1 215 226 1 0 0
4 1 215 227 1 1 0.903669
4 1 215 228 1 2 0
4 1 216 226 2 0 0
4 1 216 227 2 1 0
4 1 216 228 2 2 0.976885
4 2 226 242 0 0 0.979598
4 2 226 243 0 1 0
4 2 226 244 0 2 0
4 2 227 242 1 0 0
4 2 227 243 1 1 0.887135
4 2 227 244 1 2 0
4 2 228 242 2 0 0
4 2 228 243 2 1 0
4 2 228 244 2 2 0.995004
4 3 208 214 0 0 0.950289
4 3 208 215 0 1 0
4 3 208 216 0 2 0
4 3 209 214 1 0 0
4 3 209 215 1 1 0.698944
4 3 209 216 1 2 0
4 3 210 214 2 0 0
4 3 210 215 2 1 0
4 3 210 216 2 2 0.8749
4 4 208 217 0 0 0.939291
4 4 208 218 0 1 0
4 4 208 219 0 2 0
4 4 209 217 1 0 0
4 4 209 218 1 1 0.466647
4 4 209 219 1 2 0
4 4 210 217 2 0 0
4 4 210 218 2 1 0.324175
4 4 210 219 2 2 0.535251
4 5 217 229 0 0 0.985662
4 5 217 230 0 1 0
4 5 217 231 0 2 0
4 5 218 229 1 0 0
4 5 218 230 1 1 0.292428
4 5 218 231 1 2 0.289779
4 5 219 229 2 0 0
4 5 219 230 2 1 0.289823
4 5 219 231 2 2 0.292111
4 6 229 245 0 0 0.993866
4 6 229 246 0 1 0
4 6 230 245 1 0 0
4 6 230 246 1 1 0.454675
4 6 231 245 2 0 0
4 6 231 246 2 1 0.545325
4 7 211 221 0 0 0.985112
4 7 211 222 0 1 0
4 7 211 223 0 2 0
4 7 212 221 1 0 0
4 7 212 222 1 1 0.829933
4 7 212 223 1 2 0
4 7 213 221 2 0 0
4 7 213 222 2 1 0
4 7 213 223 2 2 0.995181
4 8 221 237 0 0 0
4 8 221 238 0 1 0.991321
4 8 221 239 0 2 0
4 8 222 237 1 0 0
4 8 222 238 1 1 0
4 8 222 239 1 2 0.906069
4 8 223 237 2 0 0.948335
4 8 223 238 2 1 0
4 8 223 239 2 2 0
4 9 237 247 0 0 0.961376
4 9 237 248 0 1 0
4 9 237 249 0 2 0
4 9 238 247 1 0 0
4 9 238 248 1 1 0.985194
4 9 238 249 1 2 0
4 9 239 247 2 0 0
4 9 239 248 2 1 0
4 9 239 249 2 2 0.994335
4 10 221 232 0 0 0.991316
4 10 221 233 0 1 0
4 10 221 234 0 2 0
4 10 222 232 1 0 0
4 10 222 233 1 1 0.952804
4 10 222 234 1 2 0
4 10 223 232 2 0 0
4 10 223 233 2 1 0
4 10 223 234 2 2 0.985144
4 11 211 224 0 0 0.962941
4 11 211 225 0 1 0
4 11 212 224 1 0 0
4 11 212 225 1 1 0
4 11 213 224 2 0 0
4 11 213 225 2 1 0.998136
4 12 224 240 0 0 0
4 12 224 241 0 1 0.877007
4 12 225 240 1 0 0.976267
4 12 225 241 1 1 0
4 13 240 250 0 0 0.999116
4 13 240 251 0 1 0
4 13 241 250 1 0 0
4 13 241 251 1 1 0.798746
4 14 224 235 0 0 0.812242
4 14 224 236 0 1 0
4 14 225 235 1 0 0
4 14 225 236 1 1 0.936761
4 15 211 220 0 0 0
4 15 212 220 1 0 0.763291
4 15 213 220 2 0 0
4 16 245 252 0 0 0.893117
4 16 245 253 0 1 0
4 16 246 252 1 0 0
4 16 246 253 1 1 0.684255
4 17 242 254 0 0 0.82033
4 17 242 255 0 1 0
4 17 242 256 0 2 0
4 17 243 254 1 0 0
4 17 243 255 1 1 0.771928
4 17 243 256 1 2 0
4 17 244 254 2 0 0
4 17 244 255 2 1 0
4 17 244 256 2 2 0.921842
E jointIdx viewA viewB aOverAllIdx bOverallIdx score
0 0 1 0 49 0.345737
0 0 1 0 50 -1
0 0 1 0 51 -1
0 0 1 1 49 0.627507
0 0 1 1 50 0.112345
0 0 1 1 51 -1
0 0 1 2 49 0.0267561
0 0 1 2 50 0.899392
0 0 1 2 51 -1
0 0 2 0 102 -1
0 0 2 0 103 -1
0 0 2 0 104 0.728515
0 0 2 1 102 0.996683
0 0 2 1 103 -1
0 0 2 1 104 -1
0 0 2 2 102 -1
0 0 2 2 103 0.98702
0 0 2 2 104 -1
0 0 3 0 161 -1
0 0 3 0 162 -1
0 0 3 0 163 0.862218
0 0 3 1 161 -1
0 0 3 1 162 0.904821
0 0 3 1 163 -1
0 0 3 2 161 0.632352
0 0 3 2 162 -1
0 0 3 2 163 -1
0 0 4 0 208 0.929319
0 0 4 0 209 -1
0 0 4 0 210 -1
0 0 4 1 208 -1
0 0 4 1 209 0.789426
0 0 4 1 210 0.975257
0 0 4 2 208 -1
0 0 4 2 209 0.986277
0 0 4 2 210 0.644476
0 1 2 49 102 0.888397
0 1 2 49 103 -1
0 1 2 49 104 -1
0 1 2 50 102 -1
0 1 2 50 103 0.762728
0 1 2 50 104 -1
0 1 2 51 102 -1
0 1 2 51 103 -1
0 1 2 51 104 0.0455838
0 1 3 49 161 0.41916
0 1 3 49 162 0.982084
0 1 3 49 163 -1
0 1 3 50 161 0.472788
0 1 3 50 162 0.840473
0 1 3 50 163 -1
0 1 3 51 161 -1
0 1 3 51 162 -1
0 1 3 51 163 -1
0 1 4 49 208 -1
0 1 4 49 209 -1
0 1 4 49 210 0.813421
0 1 4 50 208 -1
0 1 4 50 209 0.696934
0 1 4 50 210 -1
0 1 4 51 208 0.844327
0 1 4 51 209 -1
0 1 4 51 210 -1
0 2 3 102 161 -1
0 2 3 102 162 0.92235
0 2 3 102 163 -1
0 2 3 103 161 0.656194
0 2 3 103 162 -1
0 2 3 103 163 -1
0 2 3 104 161 -1
0 2 3 104 162 -1
0 2 3 104 163 0.66822
0 2 4 102 208 -1
0 2 4 102 209 -1
0 2 4 102 210 0.898446
0 2 4 103 208 -1
0 2 4 103 209 0.936729
0 2 4 103 210 -1
0 2 4 104 208 -1
0 2 4 104 209 -1
0 2 4 104 210 -1
0 3 4 161 208 0.0959522
0 3 4 161 209 0.205726
0 3 4 161 210 -1
0 3 4 162 208 0.447046
0 3 4 162 209 -1
0 3 4 162 210 0.841509
0 3 4 163 208 -1
0 3 4 163 209 -1
0 3 4 163 210 0.251016
1 0 1 3 52 0.268771
1 0 1 3 53 0.152417
1 0 1 3 54 0.13235
1 0 1 3 55 0.0810062
1 0 1 4 52 0.212266
1 0 1 4 53 0.15319
1 0 1 4 54 0.119029
1 0 1 4 55 0.116259
1 0 1 5 52 -1
1 0 1 5 53 0.063227
1 0 1 5 54 0.228764
1 0 1 5 55 0.397045
1 0 2 3 105 -1
1 0 2 3 106 0.825674
1 0 2 3 107 -1
1 0 2 3 108 -1
1 0 2 4 105 -1
1 0 2 4 106 -1
1 0 2 4 107 0.894654
1 0 2 4 108 -1
1 0 2 5 105 0.927153
1 0 2 5 106 -1
1 0 2 5 107 -1
1 0 2 5 108 -1
1 0 3 3 164 0.0792437
1 0 3 3 165 0.165842
1 0 3 3 166 0.293698
1 0 3 4 164 0.39666
1 0 3 4 165 0.130869
1 0 3 4 166 0.170197
1 0 3 5 164 -1
1 0 3 5 165 0.476601
1 0 3 5 166 0.208789
1 0 4 3 211 0.205277
1 0 4 3 212 0.19964
1 0 4 3 213 0.0844503
1 0 4 4 211 0.0847404
1 0 4 4 212 0.125544
1 0 4 4 213 0.400018
1 0 4 5 211 0.207763
1 0 4 5 212 0.1859
1 0 4 5 213 0.104257
1 1 2 52 105 -1
1 1 2 52 106 -1
1 1 2 52 107 0.211085
1 1 2 52 108 -1
1 1 2 53 105 -1
1 1 2 53 106 -1
1 1 2 53 107 0.331623
1 1 2 53 108 0.749403
1 1 2 54 105 -1
1 1 2 54 106 0.704144
1 1 2 54 107 -1
1 1 2 54 108 -1
1 1 2 55 105 0.950096
1 1 2 55 106 -1
1 1 2 55 107 -1
1 1 2 55 108 -1
1 1 3 52 164 0.189983
1 1 3 52 165 0.0772635
1 1 3 52 166 0.123216
1 1 3 53 164 0.166177
1 1 3 53 165 0.110871
1 1 3 53 166 0.120185
1 1 3 54 164 0.117131
1 1 3 54 165 0.106396
1 1 3 54 166 0.168295
1 1 3 55 164 0.0602309
1 1 3 55 165 0.246697
1 1 3 55 166 0.116825
1 1 4 52 211 -1
1 1 4 52 212 -1
1 1 4 52 213 0.748235
1 1 4 53 211 -1
1 1 4 53 212 -1
1 1 4 53 213 0.917195
1 1 4 54 211 -1
1 1 4 54 212 0.976891
1 1 4 54 213 -1
1 1 4 55 211 0.932604
1 1 4 55 212 0.351396
1 1 4 55 213 -1
1 2 3 105 164 -1
1 2 3 105 165 0.961762
1 2 3 105 166 -1
1 2 3 106 164 0.187207
1 2 3 106 165 -1
1 2 3 106 166 0.779208
1 2 3 107 164 0.935867
1 2 3 107 165 -1
1 2 3 107 166 0.474302
1 2 3 108 164 -1
1 2 3 108 165 -1
1 2 3 108 166 -1
1 2 4 105 211 0.955363
1 2 4 105 212 0.471354
1 2 4 105 213 -1
1 2 4 106 211 0.553014
1 2 4 106 212 0.762994
1 2 4 106 213 -1
1 2 4 107 211 -1
1 2 4 107 212 -1
1 2 4 107 213 -1
1 2 4 108 211 -1
1 2 4 108 212 -1
1 2 4 108 213 0.727668
1 3 4 164 211 0.154009
1 3 4 164 212 0.138736
1 3 4 164 213 0.132032
1 3 4 165 211 0.154869
1 3 4 165 212 0.131102
1 3 4 165 213 0.141765
1 3 4 166 211 0.120763
1 3 4 166 212 0.158464
1 3 4 166 213 0.154127
2 0 1 6 56 0.51218
2 0 1 6 57 0.0237011
2 0 1 6 58 -1
2 0 1 7 56 0.933584
2 0 1 7 57 0.136152
2 0 1 7 58 -1
2 0 1 8 56 -1
2 0 1 8 57 0.840147
2 0 1 8 58 -1
2 0 2 6 109 -1
2 0 2 6 110 -1
2 0 2 6 111 0.921826
2 0 2 7 109 0.848356
2 0 2 7 110 -1
2 0 2 7 111 -1
2 0 2 8 109 -1
2 0 2 8 110 0.777225
2 0 2 8 111 -1
2 0 3 6 167 -1
2 0 3 6 168 -1
2 0 3 6 169 0.766459
2 0 3 7 167 -1
2 0 3 7 168 0.905713
2 0 3 7 169 -1
2 0 3 8 167 0.652869
2 0 3 8 168 -1
2 0 3 8 169 -1
2 0 4 6 214 0.972095
2 0 4 6 215 -1
2 0 4 6 216 -1
2 0 4 7 214 -1
2 0 4 7 215 0.947313
2 0 4 7 216 0.932099
2 0 4 8 214 -1
2 0 4 8 215 0.801981
2 0 4 8 216 0.752442
2 1 2 56 109 0.707808
2 1 2 56 110 -1
2 1 2 56 111 -1
2 1 2 57 109 -1
2 1 2 57 110 0.4324
2 1 2 57 111 -1
2 1 2 58 109 -1
2 1 2 58 110 -1
2 1 2 58 111 -1
2 1 3 56 167 0.244447
2 1 3 56 168 0.829184
2 1 3 56 169 -1
2 1 3 57 167 0.498133
2 1 3 57 168 0.681091
2 1 3 57 169 -1
2 1 3 58 167 -1
2 1 3 58 168 -1
2 1 3 58 169 -1
2 1 4 56 214 -1
2 1 4 56 215 -1
2 1 4 56 216 0.810029
2 1 4 57 214 -1
2 1 4 57 215 0.247965
2 1 4 57 216 -1
2 1 4 58 214 0.869865
2 1 4 58 215 -1
2 1 4 58 216 -1
2 2 3 109 167 -1
2 2 3 109 168 0.975375
2 2 3 109 169 -1
2 2 3 110 167 0.521515
2 2 3 110 168 -1
2 2 3 110 169 -1
2 2 3 111 167 -1
2 2 3 111 168 -1
2 2 3 111 169 0.939454
2 2 4 109 214 -1
2 2 4 109 215 -1
2 2 4 109 216 0.95839
2 2 4 110 214 -1
2 2 4 110 215 0.817179
2 2 4 110 216 -1
2 2 4 111 214 -1
2 2 4 111 215 -1
2 2 4 111 216 -1
2 3 4 167 214 -1
2 3 4 167 215 0.139353
2 3 4 167 216 -1
2 3 4 168 214 0.550213
2 3 4 168 215 -1
2 3 4 168 216 0.946044
2 3 4 169 214 0.262084
2 3 4 169 215 -1
2 3 4 169 216 0.760452
3 0 1 9 59 0.317448
3 0 1 9 60 -1
3 0 1 9 61 -1
3 0 1 10 59 0.570184
3 0 1 10 60 0.0914254
3 0 1 10 61 -1
3 0 1 11 59 0.0915031
3 0 1 11 60 0.767984
3 0 1 11 61 0.0921478
3 0 2 9 112 -1
3 0 2 9 113 0.284484
3 0 2 9 114 0.473153
3 0 2 10 112 0.868817
3 0 2 10 113 -1
3 0 2 10 114 -1
3 0 2 11 112 -1
3 0 2 11 113 0.817893
3 0 2 11 114 -1
3 0 3 9 170 -1
3 0 3 9 171 -1
3 0 3 9 172 0.879651
3 0 3 10 170 -1
3 0 3 10 171 0.722748
3 0 3 10 172 -1
3 0 3 11 170 0.927564
3 0 3 11 171 -1
3 0 3 11 172 -1
3 0 4 9 217 0.716471
3 0 4 9 218 -1
3 0 4 9 219 -1
3 0 4 10 217 -1
3 0 4 10 218 0.612671
3 0 4 10 219 0.956974
3 0 4 11 217 -1
3 0 4 11 218 0.722233
3 0 4 11 219 0.0639743
3 1 2 59 112 0.924488
3 1 2 59 113 0.0990058
3 1 2 59 114 -1
3 1 2 60 112 -1
3 1 2 60 113 0.983365
3 1 2 60 114 -1
3 1 2 61 112 -1
3 1 2 61 113 -1
3 1 2 61 114 0.811514
3 1 3 59 170 0.568926
3 1 3 59 171 0.876307
3 1 3 59 172 -1
3 1 3 60 170 0.474807
3 1 3 60 171 0.931734
3 1 3 60 172 -1
3 1 3 61 170 -1
3 1 3 61 171 -1
3 1 3 61 172 -1
3 1 4 59 217 -1
3 1 4 59 218 -1
3 1 4 59 219 0.820655
3 1 4 60 217 -1
3 1 4 60 218 0.845301
3 1 4 60 219 -1
3 1 4 61 217 0.684887
3 1 4 61 218 -1
3 1 4 61 219 -1
3 2 3 112 170 -1
3 2 3 112 171 0.879969
3 2 3 112 172 -1
3 2 3 113 170 0.990633
3 2 3 113 171 -1
3 2 3 113 172 -1
3 2 3 114 170 -1
3 2 3 114 171 -1
3 2 3 114 172 0.383056
3 2 4 112 217 -1
3 2 4 112 218 -1
3 2 4 112 219 0.911414
3 2 4 113 217 -1
3 2 4 113 218 0.855837
3 2 4 113 219 -1
3 2 4 114 217 -1
3 2 4 114 218 -1
3 2 4 114 219 -1
3 3 4 170 217 0.195731
3 3 4 170 218 0.0794824
3 3 4 170 219 -1
3 3 4 171 217 0.317699
3 3 4 171 218 -1
3 3 4 171 219 0.757259
3 3 4 172 217 -1
3 3 4 172 218 -1
3 3 4 172 219 -1
4 0 1 12 62 0.2089
4 0 1 12 63 0.211541
4 0 1 12 64 0.252346
4 0 1 13 62 0.243403
4 0 1 13 63 0.241366
4 0 1 13 64 0.209893
4 0 2 12 115 0.957469
4 0 2 12 116 0.12502
4 0 2 12 117 -1
4 0 2 13 115 -1
4 0 2 13 116 -1
4 0 2 13 117 -1
4 0 3 12 173 0.977067
4 0 3 12 174 0.0229327
4 0 3 13 173 -1
4 0 3 13 174 0.281096
4 0 4 12 220 0.760403
4 0 4 13 220 0.171479
4 1 2 62 115 -1
4 1 2 62 116 -1
4 1 2 62 117 -1
4 1 2 63 115 -1
4 1 2 63 116 0.961057
4 1 2 63 117 -1
4 1 2 64 115 0.909701
4 1 2 64 116 -1
4 1 2 64 117 -1
4 1 3 62 173 -1
4 1 3 62 174 0.0763279
4 1 3 63 173 0.403121
4 1 3 63 174 0.309802
4 1 3 64 173 0.514774
4 1 3 64 174 0.25185
4 1 4 62 220 -1
4 1 4 63 220 0.913613
4 1 4 64 220 -1
4 2 3 115 173 0.904981
4 2 3 115 174 -1
4 2 3 116 173 -1
4 2 3 116 174 0.96942
4 2 3 117 173 -1
4 2 3 117 174 -1
4 2 4 115 220 0.988697
4 2 4 116 220 0.971461
4 2 4 117 220 -1
4 3 4 173 220 0.323397
4 3 4 174 220 0.676603
5 0 1 14 65 0.352893
5 0 1 14 66 0.369631
5 0 1 14 67 0.212086
5 0 1 15 65 -1
5 0 1 15 66 0.342322
5 0 1 15 67 0.624918
5 0 2 14 118 0.244995
5 0 2 14 119 0.649745
5 0 2 14 120 -1
5 0 2 14 121 -1
5 0 2 15 118 0.755005
5 0 2 15 119 0.133253
5 0 2 15 120 -1
5 0 2 15 121 -1
5 0 3 14 175 -1
5 0 3 14 176 0.338936
5 0 3 14 177 0.588361
5 0 3 15 175 -1
5 0 3 15 176 0.661064
5 0 3 15 177 0.411639
5 0 4 14 221 0.478796
5 0 4 14 222 0.512156
5 0 4 14 223 -1
5 0 4 15 221 0.24551
5 0 4 15 222 0.229796
5 0 4 15 223 0.109876
5 1 2 65 118 -1
5 1 2 65 119 -1
5 1 2 65 120 0.133119
5 1 2 65 121 -1
5 1 2 66 118 -1
5 1 2 66 119 0.342132
5 1 2 66 120 -1
5 1 2 66 121 -1
5 1 2 67 118 0.790364
5 1 2 67 119 -1
5 1 2 67 120 -1
5 1 2 67 121 -1
5 1 3 65 175 0.688395
5 1 3 65 176 0.0520367
5 1 3 65 177 0.150664
5 1 3 66 175 0.30879
5 1 3 66 176 0.0905571
5 1 3 66 177 0.350885
5 1 3 67 175 -1
5 1 3 67 176 0.827307
5 1 3 67 177 0.401926
5 1 4 65 221 -1
5 1 4 65 222 -1
5 1 4 65 223 0.342601
5 1 4 66 221 -1
5 1 4 66 222 0.826845
5 1 4 66 223 -1
5 1 4 67 221 0.885353
5 1 4 67 222 -1
5 1 4 67 223 -1
5 2 3 118 175 -1
5 2 3 118 176 0.920813
5 2 3 118 177 -1
5 2 3 119 175 -1
5 2 3 119 176 -1
5 2 3 119 177 0.860685
5 2 3 120 175 0.861272
5 2 3 120 176 -1
5 2 3 120 177 -1
5 2 3 121 175 -1
5 2 3 121 176 -1
5 2 3 121 177 -1
5 2 4 118 221 0.970238
5 2 4 118 222 -1
5 2 4 118 223 -1
5 2 4 119 221 -1
5 2 4 119 222 0.696369
5 2 4 119 223 -1
5 2 4 120 221 -1
5 2 4 120 222 -1
5 2 4 120 223 -1
5 2 4 121 221 -1
5 2 4 121 222 -1
5 2 4 121 223 0.601518
5 3 4 175 221 0.206806
5 3 4 175 222 0.140793
5 3 4 175 223 0.0951193
5 3 4 176 221 0.149493
5 3 4 176 222 0.158383
5 3 4 176 223 0.170957
5 3 4 177 221 0.126596
5 3 4 177 222 0.170028
5 3 4 177 223 0.193065
6 0 1 16 68 0.389985
6 0 1 16 69 0.178218
6 0 1 16 70 0.0953595
6 0 1 17 68 -1
6 0 1 17 69 0.240577
6 0 1 17 70 0.377084
6 0 1 18 68 0.212777
6 0 1 18 69 0.150832
6 0 1 18 70 0.186589
6 0 2 16 122 -1
6 0 2 16 123 0.939069
6 0 2 16 124 -1
6 0 2 16 125 -1
6 0 2 17 122 0.954741
6 0 2 17 123 -1
6 0 2 17 124 -1
6 0 2 17 125 -1
6 0 2 18 122 -1
6 0 2 18 123 0.0736074
6 0 2 18 124 0.973858
6 0 2 18 125 -1
6 0 3 16 178 0.134821
6 0 3 16 179 0.34383
6 0 3 17 178 0.327531
6 0 3 17 179 0.138165
6 0 3 18 178 0.253887
6 0 3 18 179 0.21676
6 0 4 16 224 0.345251
6 0 4 16 225 0.240481
6 0 4 17 224 0.502873
6 0 4 17 225 0.160901
6 0 4 18 224 0.031797
6 0 4 18 225 0.551181
6 1 2 68 122 -1
6 1 2 68 123 -1
6 1 2 68 124 0.675047
6 1 2 68 125 0.945255
6 1 2 69 122 -1
6 1 2 69 123 0.901161
6 1 2 69 124 -1
6 1 2 69 125 -1
6 1 2 70 122 0.800037
6 1 2 70 123 -1
6 1 2 70 124 -1
6 1 2 70 125 -1
6 1 3 68 178 0.203105
6 1 3 68 179 0.302184
6 1 3 69 178 0.226933
6 1 3 69 179 0.281181
6 1 3 70 178 0.330473
6 1 3 70 179 0.189919
6 1 4 68 224 -1
6 1 4 68 225 0.932289
6 1 4 69 224 0.611686
6 1 4 69 225 -1
6 1 4 70 224 0.966627
6 1 4 70 225 -1
6 2 3 122 178 0.971031
6 2 3 122 179 -1
6 2 3 123 178 -1
6 2 3 123 179 0.202482
6 2 3 124 178 -1
6 2 3 124 179 0.905276
6 2 3 125 178 -1
6 2 3 125 179 -1
6 2 4 122 224 0.951858
6 2 4 122 225 -1
6 2 4 123 224 0.485821
6 2 4 123 225 -1
6 2 4 124 224 -1
6 2 4 124 225 -1
6 2 4 125 224 -1
6 2 4 125 225 0.85683
6 3 4 178 224 0.363887
6 3 4 178 225 0.298096
6 3 4 179 224 0.305578
6 3 4 179 225 0.375962
7 0 1 19 71 0.398553
7 0 1 19 72 -1
7 0 1 19 73 -1
7 0 1 20 71 0.941476
7 0 1 20 72 -1
7 0 1 20 73 -1
7 0 1 21 71 -1
7 0 1 21 72 0.912605
7 0 1 21 73 -1
7 0 2 19 126 -1
7 0 2 19 127 -1
7 0 2 19 128 0.777461
7 0 2 20 126 0.93191
7 0 2 20 127 -1
7 0 2 20 128 -1
7 0 2 21 126 -1
7 0 2 21 127 0.976527
7 0 2 21 128 -1
7 0 3 19 180 -1
7 0 3 19 181 -1
7 0 3 19 182 -1
7 0 3 19 183 0.861008
7 0 3 20 180 -1
7 0 3 20 181 0.859235
7 0 3 20 182 -1
7 0 3 20 183 -1
7 0 3 21 180 0.900043
7 0 3 21 181 -1
7 0 3 21 182 -1
7 0 3 21 183 -1
7 0 4 19 226 0.547418
7 0 4 19 227 -1
7 0 4 19 228 -1
7 0 4 20 226 -1
7 0 4 20 227 0.627502
7 0 4 20 228 0.941613
7 0 4 21 226 -1
7 0 4 21 227 0.730557
7 0 4 21 228 0.701802
7 1 2 71 126 0.951754
7 1 2 71 127 -1
7 1 2 71 128 -1
7 1 2 72 126 -1
7 1 2 72 127 0.949566
7 1 2 72 128 -1
7 1 2 73 126 -1
7 1 2 73 127 -1
7 1 2 73 128 -1
7 1 3 71 180 0.725634
7 1 3 71 181 0.805306
7 1 3 71 182 -1
7 1 3 71 183 -1
7 1 3 72 180 0.71499
7 1 3 72 181 0.80746
7 1 3 72 182 -1
7 1 3 72 183 -1
7 1 3 73 180 -1
7 1 3 73 181 -1
7 1 3 73 182 -1
7 1 3 73 183 -1
7 1 4 71 226 -1
7 1 4 71 227 -1
7 1 4 71 228 0.799102
7 1 4 72 226 -1
7 1 4 72 227 0.891133
7 1 4 72 228 -1
7 1 4 73 226 0.774635
7 1 4 73 227 -1
7 1 4 73 228 -1
7 2 3 126 180 -1
7 2 3 126 181 0.936811
7 2 3 126 182 -1
7 2 3 126 183 -1
7 2 3 127 180 0.784759
7 2 3 127 181 -1
7 2 3 127 182 -1
7 2 3 127 183 -1
7 2 3 128 180 -1
7 2 3 128 181 -1
7 2 3 128 182 -1
7 2 3 128 183 0.644409
7 2 4 126 226 -1
7 2 4 126 227 -1
7 2 4 126 228 0.76348
7 2 4 127 226 -1
7 2 4 127 227 0.983312
7 2 4 127 228 -1
7 2 4 128 226 -1
7 2 4 128 227 -1
7 2 4 128 228 -1
7 3 4 180 226 0.30743
7 3 4 180 227 0.703356
7 3 4 180 228 -1
7 3 4 181 226 -1
7 3 4 181 227 -1
7 3 4 181 228 0.634108
7 3 4 182 226 0.991119
7 3 4 182 227 -1
7 3 4 182 228 -1
7 3 4 183 226 -1
7 3 4 183 227 -1
7 3 4 183 228 0.848473
8 0 1 22 74 0.292041
8 0 1 22 75 -1
8 0 1 22 76 -1
8 0 1 23 74 0.936938
8 0 1 23 75 -1
8 0 1 23 76 -1
8 0 1 24 74 -1
8 0 1 24 75 0.958593
8 0 1 24 76 -1
8 0 2 22 129 -1
8 0 2 22 130 0.571945
8 0 2 22 131 0.90308
8 0 2 23 129 0.907839
8 0 2 23 130 -1
8 0 2 23 131 -1
8 0 2 24 129 -1
8 0 2 24 130 0.828375
8 0 2 24 131 0.544721
8 0 3 22 184 -1
8 0 3 22 185 -1
8 0 3 22 186 0.903437
8 0 3 23 184 0.751
8 0 3 23 185 -1
8 0 3 23 186 -1
8 0 3 24 184 -1
8 0 3 24 185 -1
8 0 3 24 186 -1
8 0 4 22 229 0.54684
8 0 4 22 230 -1
8 0 4 22 231 -1
8 0 4 23 229 -1
8 0 4 23 230 0.112432
8 0 4 23 231 0.702744
8 0 4 24 229 -1
8 0 4 24 230 0.674128
8 0 4 24 231 -1
8 1 2 74 129 0.946921
8 1 2 74 130 0.396392
8 1 2 74 131 -1
8 1 2 75 129 0.271809
8 1 2 75 130 0.866097
8 1 2 75 131 -1
8 1 2 76 129 -1
8 1 2 76 130 -1
8 1 2 76 131 0.0989665
8 1 3 74 184 0.79957
8 1 3 74 185 -1
8 1 3 74 186 -1
8 1 3 75 184 0.664266
8 1 3 75 185 -1
8 1 3 75 186 -1
8 1 3 76 184 -1
8 1 3 76 185 0.999557
8 1 3 76 186 -1
8 1 4 74 229 -1
8 1 4 74 230 -1
8 1 4 74 231 0.997737
8 1 4 75 229 -1
8 1 4 75 230 0.703026
8 1 4 75 231 -1
8 1 4 76 229 0.589911
8 1 4 76 230 -1
8 1 4 76 231 -1
8 2 3 129 184 0.86103
8 2 3 129 185 -1
8 2 3 129 186 -1
8 2 3 130 184 -1
8 2 3 130 185 -1
8 2 3 130 186 -1
8 2 3 131 184 -1
8 2 3 131 185 -1
8 2 3 131 186 0.889627
8 2 4 129 229 -1
8 2 4 129 230 -1
8 2 4 129 231 0.786154
8 2 4 130 229 -1
8 2 4 130 230 0.489951
8 2 4 130 231 -1
8 2 4 131 229 -1
8 2 4 131 230 -1
8 2 4 131 231 -1
8 3 4 184 229 -1
8 3 4 184 230 -1
8 3 4 184 231 0.94445
8 3 4 185 229 0.769647
8 3 4 185 230 0.0111379
8 3 4 185 231 -1
8 3 4 186 229 -1
8 3 4 186 230 -1
8 3 4 186 231 -1
9 0 1 25 77 0.0292309
9 0 1 26 77 0.935186
9 0 2 25 132 0.603596
9 0 2 25 133 -1
9 0 2 25 134 -1
9 0 2 26 132 -1
9 0 2 26 133 0.968833
9 0 2 26 134 -1
9 0 3 25 187 -1
9 0 3 25 188 -1
9 0 3 25 189 0.994203
9 0 3 26 187 0.746195
9 0 3 26 188 -1
9 0 3 26 189 -1
9 0 4 25 232 0.969356
9 0 4 25 233 0.959632
9 0 4 25 234 -1
9 0 4 26 232 -1
9 0 4 26 233 -1
9 0 4 26 234 0.271485
9 1 2 77 132 -1
9 1 2 77 133 0.971923
9 1 2 77 134 -1
9 1 3 77 187 0.815037
9 1 3 77 188 -1
9 1 3 77 189 0.0434874
9 1 4 77 232 -1
9 1 4 77 233 -1
9 1 4 77 234 0.73695
9 2 3 132 187 -1
9 2 3 132 188 0.963171
9 2 3 132 189 -1
9 2 3 133 187 0.932276
9 2 3 133 188 -1
9 2 3 133 189 0.727798
9 2 3 134 187 -1
9 2 3 134 188 -1
9 2 3 134 189 -1
9 2 4 132 232 0.956684
9 2 4 132 233 0.785278
9 2 4 132 234 -1
9 2 4 133 232 -1
9 2 4 133 233 -1
9 2 4 133 234 -1
9 2 4 134 232 -1
9 2 4 134 233 -1
9 2 4 134 234 0.980102
9 3 4 187 232 0.365848
9 3 4 187 233 -1
9 3 4 187 234 -1
9 3 4 188 232 0.340063
9 3 4 188 233 0.222301
9 3 4 188 234 0.153864
9 3 4 189 232 0.0671537
9 3 4 189 233 0.514838
9 3 4 189 234 0.361971
10 0 1 27 78 0.392965
10 0 1 27 79 0.364459
10 0 1 27 80 0.112152
10 0 1 28 78 -1
10 0 1 28 79 0.220745
10 0 1 28 80 0.760207
10 0 2 27 135 -1
10 0 2 27 136 0.955697
10 0 2 27 137 -1
10 0 2 28 135 0.990082
10 0 2 28 136 0.0443035
10 0 2 28 137 -1
10 0 3 27 190 -1
10 0 3 27 191 0.902117
10 0 3 28 190 -1
10 0 3 28 191 -1
10 0 4 27 235 0.22635
10 0 4 27 236 -1
10 0 4 28 235 0.77365
10 0 4 28 236 -1
10 1 2 78 135 -1
10 1 2 78 136 -1
10 1 2 78 137 0.71319
10 1 2 79 135 -1
10 1 2 79 136 0.937553
10 1 2 79 137 -1
10 1 2 80 135 0.918798
10 1 2 80 136 -1
10 1 2 80 137 -1
10 1 3 78 190 -1
10 1 3 78 191 -1
10 1 3 79 190 -1
10 1 3 79 191 0.925658
10 1 3 80 190 -1
10 1 3 80 191 0.528311
10 1 4 78 235 -1
10 1 4 78 236 0.810224
10 1 4 79 235 -1
10 1 4 79 236 -1
10 1 4 80 235 0.824881
10 1 4 80 236 -1
10 2 3 135 190 -1
10 2 3 135 191 -1
10 2 3 136 190 0.0167088
10 2 3 136 191 0.983291
10 2 3 137 190 0.699172
10 2 3 137 191 0.300828
10 2 4 135 235 0.939183
10 2 4 135 236 -1
10 2 4 136 235 0.46022
10 2 4 136 236 -1
10 2 4 137 235 -1
10 2 4 137 236 -1
10 3 4 190 235 0.689668
10 3 4 190 236 0.00729066
10 3 4 191 235 0.122475
10 3 4 191 236 0.853392
11 0 1 29 81 0.771627
11 0 1 30 81 -1
11 0 2 29 138 0.87256
11 0 2 29 139 -1
11 0 2 29 140 -1
11 0 2 30 138 -1
11 0 2 30 139 0.923366
11 0 2 30 140 -1
11 0 3 29 192 0.200602
11 0 3 29 193 0.773763
11 0 3 29 194 -1
11 0 3 30 192 0.799398
11 0 3 30 193 -1
11 0 3 30 194 -1
11 0 4 29 237 0.238163
11 0 4 29 238 0.393358
11 0 4 29 239 0.239436
11 0 4 30 237 -1
11 0 4 30 238 -1
11 0 4 30 239 0.543206
11 1 2 81 138 0.907234
11 1 2 81 139 -1
11 1 2 81 140 -1
11 1 3 81 192 0.939672
11 1 3 81 193 0.947412
11 1 3 81 194 -1
11 1 4 81 237 0.401652
11 1 4 81 238 0.98799
11 1 4 81 239 -1
11 2 3 138 192 -1
11 2 3 138 193 0.975615
11 2 3 138 194 -1
11 2 3 139 192 0.977908
11 2 3 139 193 -1
11 2 3 139 194 -1
11 2 3 140 192 -1
11 2 3 140 193 -1
11 2 3 140 194 0.893731
11 2 4 138 237 -1
11 2 4 138 238 0.875477
11 2 4 138 239 -1
11 2 4 139 237 -1
11 2 4 139 238 -1
11 2 4 139 239 0.894824
11 2 4 140 237 -1
11 2 4 140 238 -1
11 2 4 140 239 -1
11 3 4 192 237 0.111265
11 3 4 192 238 0.135903
11 3 4 192 239 0.44293
11 3 4 193 237 0.149853
11 3 4 193 238 0.167387
11 3 4 193 239 0.286554
11 3 4 194 237 0.418007
11 3 4 194 238 0.326391
11 3 4 194 239 -1
12 0 1 31 82 0.338292
12 0 1 31 83 0.266082
12 0 1 31 84 0.0280629
12 0 1 32 82 0.210682
12 0 1 32 83 0.382737
12 0 1 32 84 0.133485
12 0 1 33 82 0.0778465
12 0 1 33 83 -1
12 0 1 33 84 0.675819
12 0 2 31 141 0.85814
12 0 2 31 142 -1
12 0 2 31 143 -1
12 0 2 31 144 -1
12 0 2 32 141 -1
12 0 2 32 142 0.985022
12 0 2 32 143 -1
12 0 2 32 144 -1
12 0 2 33 141 -1
12 0 2 33 142 0.992913
12 0 2 33 143 -1
12 0 2 33 144 -1
12 0 3 31 195 -1
12 0 3 32 195 0.62758
12 0 3 33 195 0.421821
12 0 4 31 240 0.342632
12 0 4 31 241 0.322832
12 0 4 32 240 0.798608
12 0 4 32 241 0.0989031
12 0 4 33 240 -1
12 0 4 33 241 0.440263
12 1 2 82 141 0.927434
12 1 2 82 142 0.989904
12 1 2 82 143 -1
12 1 2 82 144 -1
12 1 2 83 141 -1
12 1 2 83 142 -1
12 1 2 83 143 0.963091
12 1 2 83 144 0.481861
12 1 2 84 141 0.789733
12 1 2 84 142 0.904272
12 1 2 84 143 -1
12 1 2 84 144 -1
12 1 3 82 195 -1
12 1 3 83 195 0.432267
12 1 3 84 195 0.450454
12 1 4 82 240 -1
12 1 4 82 241 0.885617
12 1 4 83 240 0.884314
12 1 4 83 241 -1
12 1 4 84 240 -1
12 1 4 84 241 0.564827
12 2 3 141 195 -1
12 2 3 142 195 0.142631
12 2 3 143 195 0.235147
12 2 3 144 195 -1
12 2 4 141 240 -1
12 2 4 141 241 0.983985
12 2 4 142 240 -1
12 2 4 142 241 0.0286831
12 2 4 143 240 -1
12 2 4 143 241 -1
12 2 4 144 240 0.771663
12 2 4 144 241 -1
12 3 4 195 240 0.737581
12 3 4 195 241 0.136227
13 0 1 34 85 0.389794
13 0 1 34 86 0.897937
13 0 1 34 87 -1
13 0 1 34 88 -1
13 0 1 35 85 0.992481
13 0 1 35 86 -1
13 0 1 35 87 -1
13 0 1 35 88 -1
13 0 1 36 85 -1
13 0 1 36 86 -1
13 0 1 36 87 0.690146
13 0 1 36 88 -1
13 0 2 34 145 -1
13 0 2 34 146 -1
13 0 2 35 145 0.839996
13 0 2 35 146 -1
13 0 2 36 145 -1
13 0 2 36 146 0.720892
13 0 3 34 196 -1
13 0 3 34 197 -1
13 0 3 35 196 -1
13 0 3 35 197 0.952112
13 0 3 36 196 0.557492
13 0 3 36 197 -1
13 0 4 34 242 0.440134
13 0 4 34 243 -1
13 0 4 34 244 -1
13 0 4 35 242 -1
13 0 4 35 243 0.606233
13 0 4 35 244 0.950839
13 0 4 36 242 -1
13 0 4 36 243 0.748865
13 0 4 36 244 0.0209183
13 1 2 85 145 0.786994
13 1 2 85 146 0.0982898
13 1 2 86 145 -1
13 1 2 86 146 -1
13 1 2 87 145 -1
13 1 2 87 146 0.941822
13 1 2 88 145 -1
13 1 2 88 146 -1
13 1 3 85 196 0.457956
13 1 3 85 197 0.542044
13 1 3 86 196 -1
13 1 3 86 197 -1
13 1 3 87 196 0.454704
13 1 3 87 197 0.545296
13 1 3 88 196 -1
13 1 3 88 197 -1
13 1 4 85 242 -1
13 1 4 85 243 -1
13 1 4 85 244 0.849457
13 1 4 86 242 -1
13 1 4 86 243 -1
13 1 4 86 244 -1
13 1 4 87 242 -1
13 1 4 87 243 0.78198
13 1 4 87 244 -1
13 1 4 88 242 0.944028
13 1 4 88 243 -1
13 1 4 88 244 -1
13 2 3 145 196 -1
13 2 3 145 197 0.891106
13 2 3 146 196 0.814076
13 2 3 146 197 -1
13 2 4 145 242 -1
13 2 4 145 243 -1
13 2 4 145 244 0.96326
13 2 4 146 242 -1
13 2 4 146 243 0.807147
13 2 4 146 244 -1
13 3 4 196 242 0.305914
13 3 4 196 243 0.824338
13 3 4 196 244 -1
13 3 4 197 242 -1
13 3 4 197 243 -1
13 3 4 197 244 0.947021
14 0 1 37 89 0.216221
14 0 1 37 90 -1
14 0 1 37 91 -1
14 0 1 38 89 0.838331
14 0 1 38 90 -1
14 0 1 38 91 -1
14 0 1 39 89 -1
14 0 1 39 90 0.283133
14 0 1 39 91 -1
14 0 2 37 147 -1
14 0 2 37 148 0.979353
14 0 2 38 147 0.7919
14 0 2 38 148 -1
14 0 2 39 147 -1
14 0 2 39 148 0.670232
14 0 3 37 198 -1
14 0 3 37 199 -1
14 0 3 38 198 0.865393
14 0 3 38 199 -1
14 0 3 39 198 -1
14 0 3 39 199 -1
14 0 4 37 245 0.344552
14 0 4 37 246 -1
14 0 4 38 245 -1
14 0 4 38 246 0.896436
14 0 4 39 245 -1
14 0 4 39 246 -1
14 1 2 89 147 0.48068
14 1 2 89 148 0.51932
14 1 2 90 147 0.42671
14 1 2 90 148 0.57329
14 1 2 91 147 -1
14 1 2 91 148 -1
14 1 3 89 198 0.794559
14 1 3 89 199 -1
14 1 3 90 198 -1
14 1 3 90 199 -1
14 1 3 91 198 -1
14 1 3 91 199 0.914472
14 1 4 89 245 -1
14 1 4 89 246 0.978934
14 1 4 90 245 -1
14 1 4 90 246 -1
14 1 4 91 245 0.56716
14 1 4 91 246 -1
14 2 3 147 198 0.929256
14 2 3 147 199 -1
14 2 3 148 198 -1
14 2 3 148 199 -1
14 2 4 147 245 -1
14 2 4 147 246 0.915759
14 2 4 148 245 -1
14 2 4 148 246 -1
14 3 4 198 245 -1
14 3 4 198 246 0.889247
14 3 4 199 245 0.903417
14 3 4 199 246 -1
15 0 1 40 92 0.968012
15 0 1 41 92 -1
15 0 2 40 149 0.895678
15 0 2 40 150 -1
15 0 2 40 151 -1
15 0 2 40 152 -1
15 0 2 41 149 -1
15 0 2 41 150 0.992328
15 0 2 41 151 -1
15 0 2 41 152 -1
15 0 3 40 200 0.970198
15 0 3 40 201 -1
15 0 3 40 202 -1
15 0 3 41 200 -1
15 0 3 41 201 0.728433
15 0 3 41 202 -1
15 0 4 40 247 0.0970309
15 0 4 40 248 0.776229
15 0 4 40 249 0.111619
15 0 4 41 247 -1
15 0 4 41 248 -1
15 0 4 41 249 0.858933
15 1 2 92 149 0.869473
15 1 2 92 150 -1
15 1 2 92 151 -1
15 1 2 92 152 -1
15 1 3 92 200 0.961196
15 1 3 92 201 0.465691
15 1 3 92 202 -1
15 1 4 92 247 -1
15 1 4 92 248 0.957981
15 1 4 92 249 -1
15 2 3 149 200 0.984523
15 2 3 149 201 -1
15 2 3 149 202 -1
15 2 3 150 200 -1
15 2 3 150 201 0.718031
15 2 3 150 202 -1
15 2 3 151 200 -1
15 2 3 151 201 0.790432
15 2 3 151 202 -1
15 2 3 152 200 -1
15 2 3 152 201 -1
15 2 3 152 202 0.980826
15 2 4 149 247 -1
15 2 4 149 248 0.968894
15 2 4 149 249 -1
15 2 4 150 247 -1
15 2 4 150 248 -1
15 2 4 150 249 0.581606
15 2 4 151 247 -1
15 2 4 151 248 -1
15 2 4 151 249 -1
15 2 4 152 247 -1
15 2 4 152 248 -1
15 2 4 152 249 -1
15 3 4 200 247 0.163939
15 3 4 200 248 0.200754
15 3 4 200 249 0.308602
15 3 4 201 247 0.0848595
15 3 4 201 248 0.149865
15 3 4 201 249 0.547347
15 3 4 202 247 0.483505
15 3 4 202 248 0.2902
15 3 4 202 249 -1
16 0 1 42 93 0.690773
16 0 1 42 94 -1
16 0 1 42 95 -1
16 0 1 43 93 0.958259
16 0 1 43 94 -1
16 0 1 43 95 -1
16 0 1 44 93 -1
16 0 1 44 94 -1
16 0 1 44 95 0.88789
16 0 2 42 153 -0.848271
16 0 2 42 154 0.364799
16 0 2 42 155 0.729178
16 0 2 42 156 0.754293
16 0 2 43 153 0.929049
16 0 2 43 154 -1
16 0 2 43 155 -1
16 0 2 43 156 -1
16 0 2 44 153 -1
16 0 2 44 154 0.880979
16 0 2 44 155 -1
16 0 2 44 156 -1
16 0 3 42 203 0.694949
16 0 3 43 203 -1
16 0 3 44 203 0.552435
16 0 4 42 250 0.738458
16 0 4 42 251 -1
16 0 4 43 250 -1
16 0 4 43 251 0.891601
16 0 4 44 250 -1
16 0 4 44 251 0.898382
16 1 2 93 153 0.875836
16 1 2 93 154 0.658523
16 1 2 93 155 -1
16 1 2 93 156 -1
16 1 2 94 153 -1
16 1 2 94 154 -1
16 1 2 94 155 -1
16 1 2 94 156 0.153545
16 1 2 95 153 0.0738205
16 1 2 95 154 0.82521
16 1 2 95 155 -1
16 1 2 95 156 -1
16 1 3 93 203 -1
16 1 3 94 203 -1
16 1 3 95 203 0.10003
16 1 4 93 250 -1
16 1 4 93 251 0.865739
16 1 4 94 250 0.990124
16 1 4 94 251 -1
16 1 4 95 250 -1
16 1 4 95 251 0.150035
16 2 3 153 203 -0.862932
16 2 3 154 203 0.821347
16 2 3 155 203 0.474471
16 2 3 156 203 0.567114
16 2 4 153 250 -1
16 2 4 153 251 0.973485
16 2 4 154 250 -1
16 2 4 154 251 0.34463
16 2 4 155 250 -1
16 2 4 155 251 -1
16 2 4 156 250 -1
16 2 4 156 251 -1
16 3 4 203 250 0.143899
16 3 4 203 251 -1
17 0 1 45 96 0.0878269
17 0 1 45 97 -1
17 0 1 45 98 -1
17 0 1 46 96 0.912173
17 0 1 46 97 -1
17 0 1 46 98 -1
17 0 2 45 157 -1
17 0 2 45 158 0.901224
17 0 2 46 157 0.927467
17 0 2 46 158 -1
17 0 3 45 204 -1
17 0 3 45 205 -1
17 0 3 46 204 0.866615
17 0 3 46 205 -1
17 0 4 45 252 0.601864
17 0 4 45 253 -1
17 0 4 46 252 -1
17 0 4 46 253 0.809965
17 1 2 96 157 0.585464
17 1 2 96 158 0.414536
17 1 2 97 157 0.327272
17 1 2 97 158 0.672728
17 1 2 98 157 -1
17 1 2 98 158 -1
17 1 3 96 204 0.981609
17 1 3 96 205 -1
17 1 3 97 204 -1
17 1 3 97 205 -1
17 1 3 98 204 -1
17 1 3 98 205 0.96857
17 1 4 96 252 -1
17 1 4 96 253 0.967508
17 1 4 97 252 -1
17 1 4 97 253 -1
17 1 4 98 252 0.973001
17 1 4 98 253 -1
17 2 3 157 204 0.94311
17 2 3 157 205 -1
17 2 3 158 204 -1
17 2 3 158 205 -1
17 2 4 157 252 -1
17 2 4 157 253 0.536289
17 2 4 158 252 -1
17 2 4 158 253 -1
17 3 4 204 252 0.16309
17 3 4 204 253 0.446622
17 3 4 205 252 0.761577
17 3 4 205 253 -1
18 0 1 47 99 0.383616
18 0 1 47 100 0.642792
18 0 1 47 101 -1
18 0 1 48 99 0.616384
18 0 1 48 100 -1
18 0 1 48 101 -1
18 0 2 47 159 -1
18 0 2 47 160 -1
18 0 2 48 159 0.939792
18 0 2 48 160 -1
18 0 3 47 206 -1
18 0 3 47 207 -1
18 0 3 48 206 -1
18 0 3 48 207 0.788192
18 0 4 47 254 0.208539
18 0 4 47 255 -1
18 0 4 47 256 -1
18 0 4 48 254 -1
18 0 4 48 255 0.727316
18 0 4 48 256 0.937255
18 1 2 99 159 0.999808
18 1 2 99 160 -1
18 1 2 100 159 -1
18 1 2 100 160 -1
18 1 2 101 159 -1
18 1 2 101 160 0.993571
18 1 3 99 206 0.495478
18 1 3 99 207 0.504522
18 1 3 100 206 -1
18 1 3 100 207 -1
18 1 3 101 206 0.605339
18 1 3 101 207 0.394661
18 1 4 99 254 -1
18 1 4 99 255 -1
18 1 4 99 256 0.823158
18 1 4 100 254 -1
18 1 4 100 255 -1
18 1 4 100 256 -1
18 1 4 101 254 -1
18 1 4 101 255 0.777658
18 1 4 101 256 -1
18 2 3 159 206 -1
18 2 3 159 207 0.863021
18 2 3 160 206 0.847659
18 2 3 160 207 -1
18 2 4 159 254 -1
18 2 4 159 255 -1
18 2 4 159 256 0.843698
18 2 4 160 254 -1
18 2 4 160 255 0.844611
18 2 4 160 256 -1
18 3 4 206 254 0.636768
18 3 4 206 255 0.696751
18 3 4 206 256 -1
18 3 4 207 254 -1
18 3 4 207 255 -1
18 3 4 207 256 0.863563
end of Frame 153
