J OverallIdx viewIdx joint种类0-18(jointIdx) 该joint在图中的顺序(candidix) x y score
0 0 0 0 687.066 404.901 0.599423
1 0 0 1 238.477 425.964 0.593901
2 0 1 0 706.608 196.106 0.670791
3 0 1 1 255.123 204.566 0.792865
4 0 2 0 667.503 404.844 0.526738
5 0 2 1 263.676 430.159 0.596971
6 0 3 0 706.659 409.081 0.657341
7 0 3 1 213.234 417.552 0.518965
8 0 4 0 659.003 128.61 0.904894
9 0 5 0 288.797 208.675 0.769234
10 0 5 1 687.173 196.053 0.573696
11 0 6 0 213.219 198.23 0.775072
12 0 6 1 717.964 196.193 0.781792
13 0 7 0 653.453 529.29 0.33929
14 0 7 1 274.765 584.106 0.614945
15 0 8 0 706.576 565.193 0.680156
16 0 8 1 255.104 575.645 0.444221
17 0 9 0 322.482 126.467 0.87246
18 0 10 0 257.84 118.119 0.634795
19 0 10 1 706.848 128.612 0.926096
20 0 11 0 297.303 343.706 0.822568
21 0 12 0 751.515 295.186 0.922163
22 0 12 1 190.648 326.781 0.487726
23 0 13 0 709.432 683.242 0.54867
24 0 13 1 238.464 746.486 0.502393
25 0 14 0 729.109 717.033 0.732321
26 0 14 1 241.196 733.789 0.289026
27 0 15 0 325.207 436.53 0.783562
28 0 16 0 687.035 379.465 0.8645
29 0 17 0 308.513 735.948 0.443047
30 0 17 1 658.936 738.064 0.754872
31 0 18 0 653.455 685.381 0.682854
32 0 18 1 303.003 738.061 0.426554
33 1 0 0 703.906 377.421 0.752124
34 1 0 1 608.49 396.409 0.709309
35 1 1 0 600.213 229.94 0.870131
36 1 1 1 712.274 244.64 0.882252
37 1 2 0 681.346 377.502 0.713065
38 1 2 1 639.486 394.34 0.719669
39 1 3 0 726.296 377.404 0.739717
40 1 3 1 572.16 396.416 0.727644
41 1 4 0 689.951 194.098 0.903174
42 1 5 0 664.665 238.295 0.854878
43 1 6 0 549.758 229.915 0.901044
44 1 6 1 748.704 244.648 0.891742
45 1 7 0 687.092 478.65 0.770761
46 1 7 1 636.662 533.496 0.781401
47 1 8 0 729 476.531 0.810728
48 1 8 1 569.252 531.317 0.83214
49 1 9 0 633.747 177.086 0.483131
50 1 10 0 586.114 172.914 0.863371
51 1 10 1 729.216 194.099 0.973111
52 1 11 0 681.515 333.219 0.898249
53 1 12 0 779.599 303.691 0.862019
54 1 12 1 527.247 326.864 0.919793
55 1 13 0 703.964 565.146 0.845641
56 1 13 1 639.354 664.221 0.793025
57 1 14 0 745.946 567.28 0.806345
58 1 14 1 555.351 653.748 0.754673
59 1 15 0 664.595 396.375 0.771341
60 1 16 0 751.466 358.442 0.898069
61 1 16 1 552.542 381.657 0.777023
62 1 17 0 726.327 598.883 0.877003
63 1 17 1 563.655 653.673 0.456455
64 1 18 0 675.805 582.083 0.705387
65 1 18 1 636.635 664.261 0.391249
66 2 0 0 521.574 215.099 0.758827
67 2 0 1 703.956 402.77 0.731039
68 2 1 0 527.289 78.0229 0.942514
69 2 1 1 720.747 242.446 0.831546
70 2 2 0 485.252 215.053 0.773539
71 2 2 1 729.216 398.557 0.732153
72 2 3 0 549.593 217.205 0.778383
73 2 3 1 678.594 409.053 0.708252
74 2 4 0 546.717 37.9093 0.874567
75 2 4 1 656.256 172.915 0.860435
76 2 5 0 482.241 75.9077 0.887066
77 2 5 1 754.331 227.787 0.890082
78 2 6 0 574.99 80.1717 0.854288
79 2 6 1 684.191 250.936 0.824751
80 2 7 0 490.82 312.079 0.831347
81 2 7 1 706.598 493.391 0.842618
82 2 8 0 549.546 312.083 0.860033
83 2 8 1 636.654 499.774 0.855755
84 2 9 0 513.159 25.3324 0.845011
85 2 10 0 569.295 27.4917 0.440431
86 2 10 1 706.553 177.06 0.945646
87 2 11 0 420.695 109.54 0.911477
88 2 11 1 765.588 316.336 0.746186
89 2 12 0 611.257 143.475 0.906386
90 2 12 1 661.878 364.759 0.876764
91 2 13 0 499.092 392.194 0.832157
92 2 13 1 698.272 584.112 0.801252
93 2 14 0 549.508 394.233 0.857372
94 2 14 1 633.768 603.084 0.79524
95 2 15 0 454.343 172.877 0.866503
96 2 15 1 717.916 347.94 0.375137
97 2 16 0 588.957 206.676 0.870063
98 2 16 1 630.996 396.545 0.779406
99 2 17 0 555.288 427.986 0.790426
100 2 17 1 594.661 579.833 0.770692
101 2 18 0 468.297 417.577 0.781347
102 2 18 1 664.716 565.163 0.344169
103 3 0 0 286.024 343.73 0.761385
104 3 0 1 608.502 347.913 0.608264
105 3 1 0 266.415 189.72 0.83739
106 3 1 1 602.96 189.787 0.687559
107 3 2 0 258.076 345.818 0.785934
108 3 2 1 594.455 345.865 0.560029
109 3 3 0 319.629 341.636 0.701306
110 3 3 1 617.057 350.026 0.693927
111 3 4 0 300.094 126.566 0.957816
112 3 4 1 563.636 137.021 0.830764
113 3 5 0 224.358 191.834 0.821994
114 3 5 1 588.885 187.693 0.586728
115 3 6 0 308.544 183.47 0.800868
116 3 6 1 619.821 191.817 0.868618
117 3 7 0 617.066 463.863 0.622019
118 3 7 1 274.743 463.877 0.801023
119 3 8 0 322.439 459.672 0.799621
120 3 8 1 614.077 468.145 0.694062
121 3 9 0 255.142 128.586 0.903498
122 3 10 0 611.313 126.638 0.901671
123 3 11 0 159.843 244.497 0.871751
124 3 12 0 325.302 248.796 0.873029
125 3 12 1 642.219 280.515 0.872173
126 3 13 0 277.644 560.875 0.815206
127 3 13 1 639.282 567.262 0.716327
128 3 14 0 322.388 548.208 0.845345
129 3 14 1 630.921 584.17 0.735084
130 3 15 0 215.996 301.529 0.875737
131 3 16 0 342.15 307.864 0.851359
132 3 16 1 597.376 347.955 0.819842
133 3 17 0 364.577 565.076 0.902487
134 3 17 1 571.987 603.107 0.77677
135 3 18 0 586.083 577.741 0.419494
136 3 18 1 283.339 596.778 0.83364
137 4 0 0 636.575 284.69 0.756566
138 4 0 1 392.757 331.104 0.579556
139 4 1 0 384.143 111.814 0.79979
140 4 1 1 639.386 137.07 0.900541
141 4 2 0 602.912 282.618 0.69164
142 4 2 1 414.913 335.276 0.566598
143 4 3 0 661.951 286.769 0.754171
144 4 3 1 378.553 328.982 0.50916
145 4 4 0 440.297 42.164 0.378579
146 4 4 1 653.353 78.0136 0.890218
147 4 5 0 409.436 111.794 0.786516
148 4 5 1 594.442 139.149 0.873334
149 4 6 0 358.955 113.847 0.743278
150 4 6 1 687.014 132.879 0.848109
151 4 7 0 614.018 400.645 0.80279
152 4 7 1 417.937 495.585 0.748682
153 4 8 0 664.738 404.87 0.818108
154 4 8 1 392.489 482.878 0.715766
155 4 9 0 412.177 42.1161 0.892077
156 4 9 1 614.04 75.9461 0.898033
157 4 11 0 414.985 198.244 0.867317
158 4 11 1 577.701 210.885 0.821805
159 4 12 0 330.939 217.192 0.791617
160 4 12 1 706.616 210.89 0.925336
161 4 13 0 616.783 493.428 0.857858
162 4 13 1 412.188 643.167 0.743591
163 4 14 0 675.821 501.908 0.790645
164 4 14 1 372.945 617.808 0.71218
165 4 15 0 580.532 276.236 0.809065
166 4 15 1 440.347 278.312 0.89276
167 4 16 0 684.174 276.239 0.875373
168 4 16 1 389.747 278.34 0.448005
169 4 17 0 661.703 533.529 0.849036
170 4 17 1 437.459 598.91 0.312698
171 4 18 0 608.594 518.768 0.822533
172 4 18 1 485.233 660.049 0.736451
P viewIdx, pafIdx, aOverAllIdx, bOverAllIdx, CandidAIdx, CandidBIdx, score
0 0 2 0 0 0 0.927566
0 0 2 1 0 1 0
0 0 3 0 1 0 0
0 0 3 1 1 1 0.969026
0 1 4 13 0 0 0.872347
0 1 4 14 0 1 0
0 1 5 13 1 0 0
0 1 5 14 1 1 0.945021
0 2 13 23 0 0 0.817489
0 2 13 24 0 1 0
0 2 14 23 1 0 0
0 2 14 24 1 1 0.957681
0 3 0 4 0 0 0.890832
0 3 0 5 0 1 0
0 3 1 4 1 0 0
0 3 1 5 1 1 0.907177
0 4 0 6 0 0 0.892076
0 4 0 7 0 1 0
0 4 1 6 1 0 0
0 4 1 7 1 1 0.888844
0 5 6 15 0 0 0.984654
0 5 6 16 0 1 0
0 5 7 15 1 0 0
0 5 7 16 1 1 0.92357
0 6 15 25 0 0 0.986519
0 6 15 26 0 1 0
0 6 16 25 1 0 0
0 6 16 26 1 1 0.869039
0 7 2 9 0 0 0
0 7 2 10 0 1 0.910186
0 7 3 9 1 0 0.981371
0 7 3 10 1 1 0
0 8 9 20 0 0 0.981184
0 8 10 20 1 0 0
0 9 20 27 0 0 0.997862
0 10 9 17 0 0 0.976678
0 10 10 17 1 0 0
0 11 2 11 0 0 0
0 11 2 12 0 1 0.920473
0 11 3 11 1 0 0.982437
0 11 3 12 1 1 0
0 12 11 21 0 0 0
0 12 11 22 0 1 0.870379
0 12 12 21 1 0 0.99788
0 12 12 22 1 1 0
0 13 21 28 0 0 0.976402
0 13 22 28 1 0 0
0 14 11 18 0 0 0.902157
0 14 11 19 0 1 0
0 14 12 18 1 0 0
0 14 12 19 1 1 0.994177
0 15 2 8 0 0 0.977665
0 15 3 8 1 0 0
0 16 25 29 0 0 0
0 16 25 30 0 1 0.96511
0 16 26 29 1 0 0.790394
0 16 26 30 1 1 0
0 17 23 31 0 0 0.907082
0 17 23 32 0 1 0
0 17 24 31 1 0 0
0 17 24 32 1 1 0.830101
1 0 35 33 0 0 0
1 0 35 34 0 1 0.983374
1 0 36 33 1 0 0.976432
1 0 36 34 1 1 0
1 1 37 45 0 0 0.260434
1 1 37 46 0 1 0.256066
1 1 38 45 1 0 0.256059
1 1 38 46 1 1 0.260467
1 2 45 55 0 0 0.289602
1 2 45 56 0 1 0.252819
1 2 46 55 1 0 0.25072
1 2 46 56 1 1 0.289502
1 3 33 37 0 0 0.960255
1 3 33 38 0 1 0
1 3 34 37 1 0 0
1 3 34 38 1 1 0.933443
1 4 33 39 0 0 0.95698
1 4 33 40 0 1 0
1 4 34 39 1 0 0
1 4 34 40 1 1 0.937678
1 5 39 47 0 0 0.996373
1 5 39 48 0 1 0
1 5 40 47 1 0 0
1 5 40 48 1 1 0.987539
1 6 47 57 0 0 0.994266
1 6 47 58 0 1 0
1 6 48 57 1 0 0
1 6 48 58 1 1 0.972673
1 7 35 42 0 0 0.977782
1 7 36 42 1 0 0
1 8 42 52 0 0 0.998991
1 9 52 59 0 0 0.975855
1 10 42 49 0 0 0.88087
1 11 35 43 0 0 0.991009
1 11 35 44 0 1 0
1 11 36 43 1 0 0
1 11 36 44 1 1 0.998077
1 12 43 53 0 0 0
1 12 43 54 0 1 0.975215
1 12 44 53 1 0 0.99112
1 12 44 54 1 1 0
1 13 53 60 0 0 0.98561
1 13 53 61 0 1 0
1 13 54 60 1 0 0
1 13 54 61 1 1 0.996237
1 14 43 50 0 0 0.975282
1 14 43 51 0 1 0
1 14 44 50 1 0 0
1 14 44 51 1 1 0.992555
1 15 35 41 0 0 0
1 15 36 41 1 0 0.99812
1 16 57 62 0 0 0.965358
1 16 57 63 0 1 0
1 16 58 62 1 0 0
1 16 58 63 1 1 0.684255
1 17 55 64 0 0 0.942029
1 17 55 65 0 1 0
1 17 56 64 1 0 0
1 17 56 65 1 1 0.600547
2 0 68 66 0 0 0.987888
2 0 68 67 0 1 0
2 0 69 66 1 0 0
2 0 69 67 1 1 0.992628
2 1 70 80 0 0 0.992867
2 1 70 81 0 1 0
2 1 71 80 1 0 0
2 1 71 81 1 1 0.983781
2 2 80 91 0 0 0.987463
2 2 80 92 0 1 0
2 2 81 91 1 0 0
2 2 81 92 1 1 0.97815
2 3 66 70 0 0 0.947042
2 3 66 71 0 1 0
2 3 67 70 1 0 0
2 3 67 71 1 1 0.929802
2 4 66 72 0 0 0.941472
2 4 66 73 0 1 0
2 4 67 72 1 0 0
2 4 67 73 1 1 0.934569
2 5 72 82 0 0 0.998975
2 5 72 83 0 1 0
2 5 73 82 1 0 0
2 5 73 83 1 1 0.981088
2 6 82 93 0 0 0.995085
2 6 82 94 0 1 0
2 6 83 93 1 0 0
2 6 83 94 1 1 0.985792
2 7 68 76 0 0 0.996247
2 7 68 77 0 1 0
2 7 69 76 1 0 0
2 7 69 77 1 1 0.984597
2 8 76 87 0 0 0.990627
2 8 76 88 0 1 0
2 8 77 87 1 0 0
2 8 77 88 1 1 0.985859
2 9 87 95 0 0 0.993635
2 9 87 96 0 1 0
2 9 88 95 1 0 0
2 9 88 96 1 1 0.843257
2 10 76 84 0 0 0.963981
2 10 77 84 1 0 0
2 11 68 78 0 0 0.996012
2 11 68 79 0 1 0
2 11 69 78 1 0 0
2 11 69 79 1 1 0.97922
2 12 78 89 0 0 0.989758
2 12 78 90 0 1 0
2 12 79 89 1 0 0
2 12 79 90 1 1 0.975523
2 13 89 97 0 0 0.996163
2 13 89 98 0 1 0
2 13 90 97 1 0 0
2 13 90 98 1 1 0.950433
2 14 78 85 0 0 0.875555
2 14 78 86 0 1 0
2 14 79 85 1 0 0
2 14 79 86 1 1 0.990364
2 15 68 74 0 0 0.991483
2 15 68 75 0 1 0
2 15 69 74 1 0 0
2 15 69 75 1 1 0.995716
2 16 93 99 0 0 0.996821
2 16 93 100 0 1 0
2 16 94 99 1 0 0
2 16 94 100 1 1 0.970296
2 17 91 101 0 0 0.974269
2 17 91 102 0 1 0
2 17 92 101 1 0 0
2 17 92 102 1 1 0.814522
3 0 105 103 0 0 0.97996
3 0 105 104 0 1 0
3 0 106 103 1 0 0
3 0 106 104 1 1 0.918111
3 1 107 117 0 0 0
3 1 107 118 0 1 0.993703
3 1 108 117 1 0 0.936326
3 1 108 118 1 1 0
3 2 117 126 0 0 0
3 2 117 127 0 1 0.948085
3 2 118 126 1 0 0.994607
3 2 118 127 1 1 0
3 3 103 107 0 0 0.952109
3 3 103 108 0 1 0
3 3 104 107 1 0 0
3 3 104 108 1 1 0.885736
3 4 103 109 0 0 0.960743
3 4 103 110 0 1 0
3 4 104 109 1 0 0
3 4 104 110 1 1 0.893203
3 5 109 119 0 0 0.991561
3 5 109 120 0 1 0
3 5 110 119 1 0 0
3 5 110 120 1 1 0.980874
3 6 119 128 0 0 0.995523
3 6 119 129 0 1 0
3 6 120 128 1 0 0
3 6 120 129 1 1 0.994555
3 7 105 113 0 0 0.992181
3 7 105 114 0 1 0
3 7 106 113 1 0 0
3 7 106 114 1 1 0.93502
3 8 113 123 0 0 0.997591
3 8 114 123 1 0 0
3 9 123 130 0 0 0.988587
3 10 113 121 0 0 0.984753
3 10 114 121 1 0 0
3 11 105 115 0 0 0.979729
3 11 105 116 0 1 0
3 11 106 115 1 0 0
3 11 106 116 1 1 0.956418
3 12 115 124 0 0 0.983437
3 12 115 125 0 1 0
3 12 116 124 1 0 0
3 12 116 125 1 1 0.976961
3 13 124 131 0 0 0.992057
3 13 124 132 0 1 0
3 13 125 131 1 0 0
3 13 125 132 1 1 0.935295
3 14 115 122 0 0 0
3 14 116 122 1 0 0.993307
3 15 105 111 0 0 0.97656
3 15 105 112 0 1 0
3 15 106 111 1 0 0
3 15 106 112 1 1 0.956582
3 16 128 133 0 0 0.991347
3 16 128 134 0 1 0
3 16 129 133 1 0 0
3 16 129 134 1 1 0.951986
3 17 126 135 0 0 0
3 17 126 136 0 1 0.968358
3 17 127 135 1 0 0.852874
3 17 127 136 1 1 0
4 0 139 137 0 0 0
4 0 139 138 0 1 0.96456
4 0 140 137 1 0 0.990299
4 0 140 138 1 1 0
4 1 141 151 0 0 0.987481
4 1 141 152 0 1 0
4 1 142 151 1 0 0
4 1 142 152 1 1 0.976921
4 2 151 161 0 0 0.999341
4 2 151 162 0 1 0
4 2 152 161 1 0 0
4 2 152 162 1 1 0.99097
4 3 137 141 0 0 0.926163
4 3 137 142 0 1 0
4 3 138 141 1 0 0
4 3 138 142 1 1 0.862416
4 4 137 143 0 0 0.928252
4 4 137 144 0 1 0
4 4 138 143 1 0 0
4 4 138 144 1 1 0.861835
4 5 143 153 0 0 0.998991
4 5 143 154 0 1 0
4 5 144 153 1 0 0
4 5 144 154 1 1 0.957047
4 6 153 163 0 0 0.996999
4 6 153 164 0 1 0
4 6 154 163 1 0 0
4 6 154 164 1 1 0.974169
4 7 139 147 0 0 0.971074
4 7 139 148 0 1 0
4 7 140 147 1 0 0
4 7 140 148 1 1 0.991102
4 8 147 157 0 0 0.989741
4 8 147 158 0 1 0
4 8 148 157 1 0 0
4 8 148 158 1 1 0.96923
4 9 157 165 0 0 0
4 9 157 166 0 1 0.999427
4 9 158 165 1 0 0.995766
4 9 158 166 1 1 0
4 10 147 155 0 0 0.981255
4 10 147 156 0 1 0
4 10 148 155 1 0 0
4 10 148 156 1 1 0.994653
4 11 139 149 0 0 0.968268
4 11 139 150 0 1 0
4 11 140 149 1 0 0
4 11 140 150 1 1 0.983716
4 12 149 159 0 0 0.946822
4 12 149 160 0 1 0
4 12 150 159 1 0 0
4 12 150 160 1 1 0.995227
4 13 159 167 0 0 0
4 13 159 168 0 1 0.958352
4 13 160 167 1 0 0.992362
4 13 160 168 1 1 0
4 15 139 145 0 0 0.816736
4 15 139 146 0 1 0
4 15 140 145 1 0 0
4 15 140 146 1 1 0.997414
4 16 163 169 0 0 0.977147
4 16 163 170 0 1 0
4 16 164 169 1 0 0
4 16 164 170 1 1 0.699717
4 17 161 171 0 0 0.990102
4 17 161 172 0 1 0
4 17 162 171 1 0 0
4 17 162 172 1 1 0.988221
E jointIdx viewA viewB aOverAllIdx bOverallIdx score
0 0 1 0 33 0.325812
0 0 1 0 34 0.256259
0 0 1 1 33 0.258195
0 0 1 1 34 0.324749
0 0 2 0 66 0.760144
0 0 2 0 67 -1
0 0 2 1 66 -1
0 0 2 1 67 0.912267
0 0 3 0 103 0.988797
0 0 3 0 104 -1
0 0 3 1 103 -1
0 0 3 1 104 0.721725
0 0 4 0 137 -1
0 0 4 0 138 0.75952
0 0 4 1 137 0.824008
0 0 4 1 138 -1
0 1 2 33 66 0.827047
0 1 2 33 67 -1
0 1 2 34 66 -1
0 1 2 34 67 0.838049
0 1 3 33 103 0.816982
0 1 3 33 104 0.126532
0 1 3 34 103 0.113118
0 1 3 34 104 0.823096
0 1 4 33 137 -1
0 1 4 33 138 0.794423
0 1 4 34 137 0.829435
0 1 4 34 138 -1
0 2 3 66 103 0.76313
0 2 3 66 104 -1
0 2 3 67 103 -1
0 2 3 67 104 0.661098
0 2 4 66 137 -1
0 2 4 66 138 0.940652
0 2 4 67 137 0.962784
0 2 4 67 138 -1
0 3 4 103 137 0.27175
0 3 4 103 138 0.39949
0 3 4 104 137 0.390745
0 3 4 104 138 0.26311
1 0 1 2 35 0.281168
1 0 1 2 36 0.299223
1 0 1 3 35 0.298611
1 0 1 3 36 0.281712
1 0 2 2 68 0.859942
1 0 2 2 69 -1
1 0 2 3 68 -1
1 0 2 3 69 0.99399
1 0 3 2 105 0.390819
1 0 3 2 106 0.285164
1 0 3 3 105 0.274215
1 0 3 3 106 0.373991
1 0 4 2 139 0.889182
1 0 4 2 140 -1
1 0 4 3 139 -1
1 0 4 3 140 0.919156
1 1 2 35 68 -1
1 1 2 35 69 0.974683
1 1 2 36 68 0.985543
1 1 2 36 69 0.012483
1 1 3 35 105 0.258981
1 1 3 35 106 0.364455
1 1 3 36 105 0.366661
1 1 3 36 106 0.273464
1 1 4 35 139 0.0514074
1 1 4 35 140 0.689261
1 1 4 36 139 0.682352
1 1 4 36 140 0.263089
1 2 3 68 105 0.878418
1 2 3 68 106 -1
1 2 3 69 105 -1
1 2 3 69 106 0.8093
1 2 4 68 139 0.752832
1 2 4 68 140 -1
1 2 4 69 139 -1
1 2 4 69 140 0.877964
1 3 4 105 139 0.473792
1 3 4 105 140 0.321545
1 3 4 106 139 0.173368
1 3 4 106 140 0.505123
2 0 1 4 37 0.354522
2 0 1 4 38 0.271034
2 0 1 5 37 0.268295
2 0 1 5 38 0.353247
2 0 2 4 70 0.602132
2 0 2 4 71 -1
2 0 2 5 70 -1
2 0 2 5 71 0.695117
2 0 3 4 107 0.782213
2 0 3 4 108 -1
2 0 3 5 107 -1
2 0 3 5 108 0.686821
2 0 4 4 141 -1
2 0 4 4 142 0.739913
2 0 4 5 141 0.825234
2 0 4 5 142 -1
2 1 2 37 70 0.876771
2 1 2 37 71 -1
2 1 2 38 70 -1
2 1 2 38 71 0.717288
2 1 3 37 107 0.60105
2 1 3 37 108 0.215313
2 1 3 38 107 0.208009
2 1 3 38 108 0.641361
2 1 4 37 141 0.0984604
2 1 4 37 142 0.732535
2 1 4 38 141 0.90154
2 1 4 38 142 -1
2 2 3 70 107 0.84159
2 2 3 70 108 -1
2 2 3 71 107 -1
2 2 3 71 108 0.38609
2 2 4 70 141 0.0685098
2 2 4 70 142 0.847574
2 2 4 71 141 0.81931
2 2 4 71 142 -1
2 3 4 107 141 0.249578
2 3 4 107 142 0.532646
2 3 4 108 141 0.523217
2 3 4 108 142 0.226163
3 0 1 6 39 0.265575
3 0 1 6 40 0.2662
3 0 1 7 39 0.266198
3 0 1 7 40 0.265589
3 0 2 6 72 0.894158
3 0 2 6 73 -1
3 0 2 7 72 -1
3 0 2 7 73 0.950905
3 0 3 6 109 0.792394
3 0 3 6 110 -1
3 0 3 7 109 -1
3 0 3 7 110 0.708697
3 0 4 6 143 -1
3 0 4 6 144 0.901593
3 0 4 7 143 0.691139
3 0 4 7 144 -1
3 1 2 39 72 0.900205
3 1 2 39 73 -1
3 1 2 40 72 -1
3 1 2 40 73 0.97123
3 1 3 39 109 0.816386
3 1 3 39 110 -1
3 1 3 40 109 0.0104388
3 1 3 40 110 0.989561
3 1 4 39 143 -1
3 1 4 39 144 0.925784
3 1 4 40 143 0.965245
3 1 4 40 144 -1
3 2 3 72 109 0.587461
3 2 3 72 110 -1
3 2 3 73 109 -1
3 2 3 73 110 0.797908
3 2 4 72 143 -1
3 2 4 72 144 0.99511
3 2 4 73 143 0.908621
3 2 4 73 144 -1
3 3 4 109 143 0.287053
3 3 4 109 144 0.320202
3 3 4 110 143 0.320814
3 3 4 110 144 0.283943
4 0 1 8 41 0.948616
4 0 2 8 74 0.955834
4 0 2 8 75 -1
4 0 3 8 111 0.980047
4 0 3 8 112 0.00268835
4 0 4 8 145 0.966536
4 0 4 8 146 -1
4 1 2 41 74 0.885375
4 1 2 41 75 -1
4 1 3 41 111 0.58855
4 1 3 41 112 0.41145
4 1 4 41 145 0.9374
4 1 4 41 146 -1
4 2 3 74 111 0.990261
4 2 3 74 112 -1
4 2 3 75 111 -1
4 2 3 75 112 0.970376
4 2 4 74 145 0.933021
4 2 4 74 146 -1
4 2 4 75 145 -1
4 2 4 75 146 0.943487
4 3 4 111 145 0.626455
4 3 4 111 146 0.251308
4 3 4 112 145 0.0537874
4 3 4 112 146 0.63658
5 0 1 9 42 0.498548
5 0 1 10 42 0.501452
5 0 2 9 76 -1
5 0 2 9 77 0.904402
5 0 2 10 76 0.833649
5 0 2 10 77 -1
5 0 3 9 113 0.329927
5 0 3 9 114 0.366547
5 0 3 10 113 0.373049
5 0 3 10 114 0.331267
5 0 4 9 147 -1
5 0 4 9 148 0.980416
5 0 4 10 147 0.932059
5 0 4 10 148 0.0195841
5 1 2 42 76 0.493657
5 1 2 42 77 0.506343
5 1 3 42 113 0.428766
5 1 3 42 114 0.571234
5 1 4 42 147 0.463615
5 1 4 42 148 0.536385
5 2 3 76 113 0.930813
5 2 3 76 114 -1
5 2 3 77 113 -1
5 2 3 77 114 0.688824
5 2 4 76 147 0.760836
5 2 4 76 148 -1
5 2 4 77 147 -1
5 2 4 77 148 0.873978
5 3 4 113 147 0.474427
5 3 4 113 148 0.329294
5 3 4 114 147 0.266986
5 3 4 114 148 0.459266
6 0 1 11 43 0.304058
6 0 1 11 44 0.27245
6 0 1 12 43 0.273114
6 0 1 12 44 0.304578
6 0 2 11 78 -1
6 0 2 11 79 0.926908
6 0 2 12 78 0.959819
6 0 2 12 79 -1
6 0 3 11 115 0.246954
6 0 3 11 116 0.419289
6 0 3 12 115 0.405155
6 0 3 12 116 0.278106
6 0 4 11 149 -1
6 0 4 11 150 0.846338
6 0 4 12 149 0.808726
6 0 4 12 150 -1
6 1 2 43 78 -1
6 1 2 43 79 0.858259
6 1 2 44 78 0.997335
6 1 2 44 79 -1
6 1 3 43 115 0.267511
6 1 3 43 116 0.315206
6 1 3 44 115 0.314496
6 1 3 44 116 0.269569
6 1 4 43 149 -1
6 1 4 43 150 0.935967
6 1 4 44 149 0.748139
6 1 4 44 150 -1
6 2 3 78 115 0.898433
6 2 3 78 116 -1
6 2 3 79 115 -1
6 2 3 79 116 0.926
6 2 4 78 149 0.773913
6 2 4 78 150 -1
6 2 4 79 149 -1
6 2 4 79 150 0.789201
6 3 4 115 149 0.534881
6 3 4 115 150 0.277674
6 3 4 116 149 0.101628
6 3 4 116 150 0.536324
7 0 1 13 45 0.539328
7 0 1 13 46 -1
7 0 1 14 45 0.425323
7 0 1 14 46 0.48526
7 0 2 13 80 0.850653
7 0 2 13 81 -1
7 0 2 14 80 -1
7 0 2 14 81 0.480658
7 0 3 13 117 -1
7 0 3 13 118 0.907045
7 0 3 14 117 0.672208
7 0 3 14 118 -1
7 0 4 13 151 -1
7 0 4 13 152 0.111694
7 0 4 14 151 0.496066
7 0 4 14 152 -1
7 1 2 45 80 0.892658
7 1 2 45 81 -1
7 1 2 46 80 -1
7 1 2 46 81 0.961608
7 1 3 45 117 -1
7 1 3 45 118 0.974104
7 1 3 46 117 0.879237
7 1 3 46 118 -1
7 1 4 45 151 -1
7 1 4 45 152 0.815805
7 1 4 46 151 0.77952
7 1 4 46 152 -1
7 2 3 80 117 -1
7 2 3 80 118 0.817452
7 2 3 81 117 0.940334
7 2 3 81 118 -1
7 2 4 80 151 0.0686662
7 2 4 80 152 0.931334
7 2 4 81 151 0.745293
7 2 4 81 152 -1
7 3 4 117 151 0.900221
7 3 4 117 152 -1
7 3 4 118 151 0.0703071
7 3 4 118 152 0.926726
8 0 1 15 47 0.422756
8 0 1 15 48 0.297219
8 0 1 16 47 0.332688
8 0 1 16 48 0.433009
8 0 2 15 82 0.938286
8 0 2 15 83 -1
8 0 2 16 82 -1
8 0 2 16 83 0.95388
8 0 3 15 119 0.608533
8 0 3 15 120 -1
8 0 3 16 119 -1
8 0 3 16 120 0.864679
8 0 4 15 153 -1
8 0 4 15 154 0.99036
8 0 4 16 153 0.723983
8 0 4 16 154 -1
8 1 2 47 82 0.978603
8 1 2 47 83 -1
8 1 2 48 82 -1
8 1 2 48 83 0.852063
8 1 3 47 119 0.50511
8 1 3 47 120 -1
8 1 3 48 119 -1
8 1 3 48 120 0.769981
8 1 4 47 153 -1
8 1 4 47 154 0.790345
8 1 4 48 153 0.948693
8 1 4 48 154 -1
8 2 3 82 119 0.555156
8 2 3 82 120 -1
8 2 3 83 119 -1
8 2 3 83 120 0.946845
8 2 4 82 153 -1
8 2 4 82 154 0.737875
8 2 4 83 153 0.830209
8 2 4 83 154 -1
8 3 4 119 153 0.315179
8 3 4 119 154 0.60799
8 3 4 120 153 0.540056
8 3 4 120 154 -1
9 0 1 17 49 0.937862
9 0 2 17 84 -1
9 0 3 17 121 -1
9 0 4 17 155 -1
9 0 4 17 156 0.98998
9 1 2 49 84 0.682026
9 1 3 49 121 0.351204
9 1 4 49 155 -1
9 1 4 49 156 0.862833
9 2 3 84 121 0.933338
9 2 4 84 155 0.974157
9 2 4 84 156 -1
9 3 4 121 155 0.629235
9 3 4 121 156 0.370765
10 0 1 18 50 0.366951
10 0 1 18 51 0.264981
10 0 1 19 50 0.254753
10 0 1 19 51 0.364253
10 0 2 18 85 -1
10 0 2 18 86 0.939746
10 0 2 19 85 0.943139
10 0 2 19 86 -1
10 0 3 18 122 0.955661
10 0 3 19 122 -1
10 1 2 50 85 -1
10 1 2 50 86 0.924399
10 1 2 51 85 0.93308
10 1 2 51 86 -1
10 1 3 50 122 0.745804
10 1 3 51 122 0.254196
10 2 3 85 122 -1
10 2 3 86 122 0.96504
11 0 1 20 52 0.983924
11 0 2 20 87 -1
11 0 2 20 88 0.946205
11 0 3 20 123 -1
11 0 4 20 157 0.582294
11 0 4 20 158 0.417706
11 1 2 52 87 0.210353
11 1 2 52 88 0.789647
11 1 3 52 123 -1
11 1 4 52 157 -1
11 1 4 52 158 0.786624
11 2 3 87 123 0.946889
11 2 3 88 123 -1
11 2 4 87 157 0.883305
11 2 4 87 158 -1
11 2 4 88 157 -1
11 2 4 88 158 0.860592
11 3 4 123 157 0.550642
11 3 4 123 158 0.449358
12 0 1 21 53 0.410625
12 0 1 21 54 0.206675
12 0 1 22 53 0.248857
12 0 1 22 54 0.409225
12 0 2 21 89 0.956701
12 0 2 21 90 -1
12 0 2 22 89 -1
12 0 2 22 90 0.992523
12 0 3 21 124 0.999391
12 0 3 21 125 -1
12 0 3 22 124 -1
12 0 3 22 125 0.871322
12 0 4 21 159 0.981198
12 0 4 21 160 -1
12 0 4 22 159 -1
12 0 4 22 160 0.866761
12 1 2 53 89 0.966644
12 1 2 53 90 -1
12 1 2 54 89 -1
12 1 2 54 90 0.976006
12 1 3 53 124 0.912523
12 1 3 53 125 0.0874775
12 1 3 54 124 -1
12 1 3 54 125 0.861936
12 1 4 53 159 0.967165
12 1 4 53 160 -1
12 1 4 54 159 -1
12 1 4 54 160 0.954462
12 2 3 89 124 0.9339
12 2 3 89 125 -1
12 2 3 90 124 -1
12 2 3 90 125 0.88338
12 2 4 89 159 0.998591
12 2 4 89 160 -1
12 2 4 90 159 -1
12 2 4 90 160 0.915546
12 3 4 124 159 0.555522
12 3 4 124 160 0.235862
12 3 4 125 159 0.128069
12 3 4 125 160 0.548134
13 0 1 23 55 0.839636
13 0 1 23 56 -1
13 0 1 24 55 0.160364
13 0 1 24 56 0.30954
13 0 2 23 91 0.811937
13 0 2 23 92 -1
13 0 2 24 91 -1
13 0 2 24 92 0.688309
13 0 3 23 126 0.907772
13 0 3 23 127 -1
13 0 3 24 126 -1
13 0 3 24 127 0.79589
13 0 4 23 161 -1
13 0 4 23 162 0.964526
13 0 4 24 161 0.33222
13 0 4 24 162 -1
13 1 2 55 91 0.78207
13 1 2 55 92 -1
13 1 2 56 91 -1
13 1 2 56 92 0.970527
13 1 3 55 126 0.826547
13 1 3 55 127 -1
13 1 3 56 126 -1
13 1 3 56 127 0.832569
13 1 4 55 161 -1
13 1 4 55 162 0.723613
13 1 4 56 161 0.763327
13 1 4 56 162 -1
13 2 3 91 126 0.903092
13 2 3 91 127 -1
13 2 3 92 126 -1
13 2 3 92 127 0.858172
13 2 4 91 161 0.160319
13 2 4 91 162 0.839681
13 2 4 92 161 0.792037
13 2 4 92 162 0.0866491
13 3 4 126 161 -1
13 3 4 126 162 0.81158
13 3 4 127 161 0.952529
13 3 4 127 162 -1
14 0 1 25 57 0.525493
14 0 1 25 58 0.247509
14 0 1 26 57 0.344187
14 0 1 26 58 0.545825
14 0 2 25 93 0.80622
14 0 2 25 94 -1
14 0 2 26 93 -1
14 0 2 26 94 0.766692
14 0 3 25 128 0.796507
14 0 3 25 129 -1
14 0 3 26 128 -1
14 0 3 26 129 0.727287
14 0 4 25 163 -1
14 0 4 25 164 0.981174
14 0 4 26 163 0.956363
14 0 4 26 164 -1
14 1 2 57 93 0.610808
14 1 2 57 94 -1
14 1 2 58 93 -1
14 1 2 58 94 0.885131
14 1 3 57 128 0.51828
14 1 3 57 129 -1
14 1 3 58 128 -1
14 1 3 58 129 0.87718
14 1 4 57 163 -1
14 1 4 57 164 0.657905
14 1 4 58 163 0.970351
14 1 4 58 164 -1
14 2 3 93 128 0.989887
14 2 3 93 129 -1
14 2 3 94 128 -1
14 2 3 94 129 0.983177
14 2 4 93 163 -1
14 2 4 93 164 0.943976
14 2 4 94 163 0.850742
14 2 4 94 164 -1
14 3 4 128 163 0.281609
14 3 4 128 164 0.61496
14 3 4 129 163 0.592799
14 3 4 129 164 -1
15 0 1 27 59 0.904916
15 0 2 27 95 -1
15 0 2 27 96 0.67499
15 0 3 27 130 -1
15 0 4 27 165 0.794965
15 0 4 27 166 -1
15 1 2 59 95 -1
15 1 2 59 96 0.700653
15 1 3 59 130 -1
15 1 4 59 165 0.92174
15 1 4 59 166 -1
15 2 3 95 130 0.973729
15 2 3 96 130 -1
15 2 4 95 165 -1
15 2 4 95 166 0.954326
15 2 4 96 165 0.782676
15 2 4 96 166 -1
15 3 4 130 165 0.467469
15 3 4 130 166 0.532531
16 0 1 28 60 0.578302
16 0 1 28 61 0.421698
16 0 2 28 97 0.915024
16 0 2 28 98 -1
16 0 3 28 131 0.95141
16 0 3 28 132 -1
16 0 4 28 167 -1
16 0 4 28 168 0.845919
16 1 2 60 97 0.996347
16 1 2 60 98 -1
16 1 2 61 97 -1
16 1 2 61 98 0.812824
16 1 3 60 131 0.985039
16 1 3 60 132 -1
16 1 3 61 131 -1
16 1 3 61 132 0.872396
16 1 4 60 167 -1
16 1 4 60 168 0.844064
16 1 4 61 167 0.868764
16 1 4 61 168 -1
16 2 3 97 131 0.967786
16 2 3 97 132 -1
16 2 3 98 131 -1
16 2 3 98 132 0.923356
16 2 4 97 167 -1
16 2 4 97 168 0.885041
16 2 4 98 167 0.95867
16 2 4 98 168 -1
16 3 4 131 167 0.263389
16 3 4 131 168 0.591144
16 3 4 132 167 0.631069
16 3 4 132 168 0.00224471
17 0 1 29 62 0.286012
17 0 1 29 63 0.294794
17 0 1 30 62 0.293581
17 0 1 30 63 0.285002
17 0 2 29 99 -1
17 0 2 29 100 0.838565
17 0 2 30 99 0.875515
17 0 2 30 100 -1
17 0 3 29 133 -1
17 0 3 29 134 0.810236
17 0 3 30 133 0.807092
17 0 3 30 134 -1
17 0 4 29 169 0.947337
17 0 4 29 170 -1
17 0 4 30 169 -1
17 0 4 30 170 0.773788
17 1 2 62 99 0.799737
17 1 2 62 100 -1
17 1 2 63 99 -1
17 1 2 63 100 0.804379
17 1 3 62 133 0.802293
17 1 3 62 134 -1
17 1 3 63 133 -1
17 1 3 63 134 0.858852
17 1 4 62 169 -1
17 1 4 62 170 0.788265
17 1 4 63 169 0.99635
17 1 4 63 170 -1
17 2 3 99 133 0.936039
17 2 3 99 134 -1
17 2 3 100 133 -1
17 2 3 100 134 0.953189
17 2 4 99 169 -1
17 2 4 99 170 0.971568
17 2 4 100 169 0.821084
17 2 4 100 170 -1
17 3 4 133 169 0.277843
17 3 4 133 170 0.296243
17 3 4 134 169 0.296763
17 3 4 134 170 0.276577
18 0 1 31 64 0.676374
18 0 1 31 65 -1
18 0 1 32 64 0.323626
18 0 1 32 65 0.166878
18 0 2 31 101 0.931398
18 0 2 31 102 -1
18 0 2 32 101 -1
18 0 2 32 102 0.605828
18 0 3 31 135 -1
18 0 3 31 136 0.778953
18 0 3 32 135 0.877097
18 0 3 32 136 -1
18 0 4 31 171 -1
18 0 4 31 172 0.869685
18 0 4 32 171 0.325907
18 0 4 32 172 -1
18 1 2 64 101 0.658778
18 1 2 64 102 -1
18 1 2 65 101 -1
18 1 2 65 102 0.84728
18 1 3 64 135 -1
18 1 3 64 136 0.662622
18 1 3 65 135 0.925765
18 1 3 65 136 -1
18 1 4 64 171 -1
18 1 4 64 172 0.343683
18 1 4 65 171 0.804645
18 1 4 65 172 -1
18 2 3 101 135 -1
18 2 3 101 136 0.847581
18 2 3 102 135 0.984697
18 2 3 102 136 -1
18 2 4 101 171 0.340585
18 2 4 101 172 0.369918
18 2 4 102 171 0.373743
18 2 4 102 172 0.329022
18 3 4 135 171 0.898434
18 3 4 135 172 -1
18 3 4 136 171 -1
18 3 4 136 172 0.929793
end of Frame 19
