J OverallIdx viewIdx joint种类0-18(jointIdx) 该joint在图中的顺序(candidix) x y score
0 0 0 0 684.193 398.512 0.566647
1 0 0 1 241.21 425.953 0.611305
2 0 1 0 698.219 189.736 0.596343
3 0 1 1 249.532 208.791 0.795097
4 0 2 0 675.858 398.564 0.426607
5 0 2 1 266.446 430.114 0.623389
6 0 3 0 684.33 398.538 0.624304
7 0 3 1 215.965 419.625 0.546683
8 0 4 0 642.123 128.65 0.358505
9 0 5 0 703.921 181.376 0.478846
10 0 5 1 280.485 210.919 0.85738
11 0 6 0 687.088 191.864 0.829946
12 0 6 1 213.101 206.607 0.766221
13 0 7 0 656.242 546.118 0.459036
14 0 7 1 286.128 582.063 0.648113
15 0 8 0 684.187 562.997 0.696525
16 0 8 1 238.436 581.922 0.713358
17 0 9 0 302.74 132.897 0.839576
18 0 10 0 235.696 126.565 0.55675
19 0 10 1 664.675 128.596 0.879886
20 0 11 0 285.994 337.355 0.814907
21 0 12 0 717.947 267.822 0.807236
22 0 12 1 190.691 328.906 0.367741
23 0 13 0 709.584 693.773 0.576634
24 0 13 1 255.09 735.966 0.668916
25 0 14 0 695.441 717.035 0.719852
26 0 14 1 232.677 738.064 0.483114
27 0 15 0 322.363 421.761 0.797197
28 0 16 0 664.625 343.749 0.845499
29 0 17 0 614.115 733.816 0.79818
30 0 17 1 297.297 735.969 0.185848
31 0 18 0 661.681 683.204 0.351823
32 0 18 1 311.309 735.945 0.599971
33 1 0 0 706.621 379.529 0.822849
34 1 0 1 569.307 398.527 0.743197
35 1 1 0 563.634 240.336 0.82886
36 1 1 1 715.102 244.496 0.865282
37 1 2 0 684.416 379.549 0.811804
38 1 2 1 597.381 398.507 0.728461
39 1 3 0 723.558 379.542 0.792543
40 1 3 1 532.829 398.524 0.691613
41 1 4 0 670.196 193.972 0.909956
42 1 5 0 614.209 236.166 0.853036
43 1 5 1 695.517 244.521 0.789592
44 1 6 0 507.658 240.42 0.855648
45 1 6 1 734.786 242.558 0.869789
46 1 7 0 684.374 480.731 0.837816
47 1 7 1 614.12 525.027 0.774607
48 1 8 0 717.955 480.827 0.796995
49 1 8 1 549.528 529.27 0.811562
50 1 9 0 588.881 177.248 0.446289
51 1 10 0 538.395 175.069 0.865522
52 1 10 1 706.8 193.966 0.961284
53 1 11 0 639.235 335.253 0.885508
54 1 12 0 787.983 290.954 0.864589
55 1 12 1 499.206 331.104 0.851042
56 1 13 0 703.839 567.301 0.825192
57 1 13 1 622.572 657.93 0.752929
58 1 14 0 729.192 581.915 0.848663
59 1 14 1 555.284 655.812 0.757989
60 1 15 0 625.362 396.385 0.78195
61 1 16 0 737.533 331.023 0.882953
62 1 16 1 524.294 390.12 0.737942
63 1 17 0 692.693 601.041 0.7714
64 1 17 1 555.266 651.606 0.420651
65 1 18 0 661.911 584.096 0.93041
66 1 18 1 630.907 653.713 0.416909
67 2 0 0 527.262 227.683 0.843654
68 2 0 1 661.755 411.129 0.755475
69 2 1 0 538.426 80.1973 0.833606
70 2 1 1 672.991 250.955 0.781771
71 2 2 0 501.914 225.589 0.800494
72 2 2 1 684.383 402.773 0.711843
73 2 3 0 555.282 227.794 0.775148
74 2 3 1 636.523 413.256 0.718361
75 2 4 0 510.391 35.8504 0.836637
76 2 4 1 611.363 179.334 0.851676
77 2 5 0 485.281 76.0218 0.881099
78 2 5 1 709.455 232.022 0.811537
79 2 6 0 591.585 88.5579 0.823574
80 2 6 1 636.472 265.676 0.808695
81 2 7 0 485.236 320.552 0.815365
82 2 7 1 664.66 499.715 0.831518
83 2 8 0 549.821 326.892 0.867364
84 2 8 1 619.885 510.338 0.833261
85 2 10 0 552.567 31.6333 0.861379
86 2 10 1 661.668 189.721 0.85965
87 2 11 0 443.059 116.013 0.869016
88 2 11 1 720.753 316.316 0.677391
89 2 12 0 628.201 141.276 0.753001
90 2 12 1 614.222 377.428 0.875341
91 2 13 0 496.351 392.203 0.843012
92 2 13 1 684.363 598.814 0.882188
93 2 14 0 549.59 400.626 0.875075
94 2 14 1 628.225 603.106 0.791751
95 2 15 0 479.47 175.014 0.921166
96 2 15 1 675.867 345.81 0.238417
97 2 16 0 591.765 191.829 0.921196
98 2 16 1 580.535 411.236 0.762232
99 2 17 0 546.765 432.345 0.727174
100 2 17 1 594.558 579.893 0.774785
101 2 18 0 465.585 417.59 0.754371
102 2 18 1 675.853 592.57 0.282848
103 3 0 0 305.605 341.618 0.78216
104 3 0 1 594.66 360.571 0.708035
105 3 1 0 280.433 189.816 0.910449
106 3 1 1 597.376 193.944 0.798189
107 3 2 0 277.603 343.75 0.770016
108 3 2 1 583.282 358.493 0.613719
109 3 3 0 339.354 337.391 0.712948
110 3 3 1 614.029 362.646 0.719484
111 3 4 0 280.387 126.516 0.988434
112 3 4 1 555.3 137.09 0.83911
113 3 5 0 235.459 191.936 0.870618
114 3 5 1 583.329 191.875 0.670029
115 3 6 0 325.446 183.481 0.859512
116 3 6 1 616.924 194.076 0.917499
117 3 7 0 277.597 461.844 0.817497
118 3 7 1 594.508 474.414 0.699608
119 3 8 0 330.98 453.363 0.774278
120 3 8 1 611.286 480.687 0.733949
121 3 9 0 252.417 126.483 0.803603
122 3 10 0 303.012 124.346 0.731858
123 3 10 1 602.979 128.645 0.891617
124 3 11 0 173.907 253.014 0.828099
125 3 12 0 359 231.949 0.834539
126 3 12 1 636.494 295.18 0.889834
127 3 13 0 277.579 558.833 0.800606
128 3 13 1 631.021 565.225 0.697884
129 3 14 0 330.93 548.364 0.842903
130 3 14 1 636.493 586.232 0.773377
131 3 15 0 235.565 297.366 0.943624
132 3 16 0 353.338 278.444 0.913882
133 3 16 1 591.639 360.545 0.81794
134 3 17 0 373.026 573.561 0.841126
135 3 17 1 572.14 603.058 0.793592
136 3 18 0 586.094 575.645 0.618664
137 3 18 1 283.216 594.684 0.832908
138 4 0 0 664.553 293.039 0.786825
139 4 0 1 415.105 331.1 0.469761
140 4 1 0 395.5 111.818 0.61251
141 4 1 1 681.342 141.2 0.893136
142 4 2 0 636.558 290.956 0.740276
143 4 2 1 417.931 328.989 0.552508
144 4 3 0 698.254 293.109 0.723502
145 4 3 1 412.269 335.264 0.381577
146 4 4 0 462.752 42.1285 0.67637
147 4 4 1 698.329 78.0454 0.893214
148 4 5 0 403.776 113.869 0.762761
149 4 5 1 628.18 139.158 0.817087
150 4 6 0 389.818 109.745 0.441434
151 4 6 1 728.999 141.235 0.880579
152 4 7 0 628.169 402.75 0.782648
153 4 7 1 434.745 495.517 0.74376
154 4 8 0 684.415 411.147 0.858224
155 4 8 1 412.273 480.734 0.659489
156 4 9 0 403.852 42.2356 0.854114
157 4 9 1 658.926 75.8292 0.911385
158 4 11 0 392.7 212.938 0.907751
159 4 11 1 614.077 215.104 0.846992
160 4 12 0 737.529 213.045 0.844086
161 4 13 0 622.551 493.429 0.843788
162 4 13 1 409.482 643.182 0.74668
163 4 14 0 678.606 501.89 0.803788
164 4 14 1 415.055 598.95 0.699511
165 4 15 0 423.455 276.193 0.804035
166 4 15 1 616.817 278.422 0.910389
167 4 16 0 712.378 278.463 0.86768
168 4 17 0 661.753 533.474 0.878639
169 4 17 1 462.798 600.946 0.760859
170 4 18 0 602.968 518.787 0.812553
171 4 18 1 485.12 660.024 0.788279
P viewIdx, pafIdx, aOverAllIdx, bOverAllIdx, CandidAIdx, CandidBIdx, score
0 0 2 0 0 0 0.901741
0 0 2 1 0 1 0
0 0 3 0 1 0 0
0 0 3 1 1 1 0.96938
0 1 4 13 0 0 0.909621
0 1 4 14 0 1 0
0 1 5 13 1 0 0
0 1 5 14 1 1 0.95094
0 2 13 23 0 0 0.903214
0 2 13 24 0 1 0
0 2 14 23 1 0 0
0 2 14 24 1 1 0.970649
0 3 0 4 0 0 0.724237
0 3 0 5 0 1 0
0 3 1 4 1 0 0
0 3 1 5 1 1 0.916996
0 4 0 6 0 0 0.709294
0 4 0 7 0 1 0
0 4 1 6 1 0 0
0 4 1 7 1 1 0.898975
0 5 6 15 0 0 0.984005
0 5 6 16 0 1 0
0 5 7 15 1 0 0
0 5 7 16 1 1 0.957978
0 6 15 25 0 0 0.986955
0 6 15 26 0 1 0
0 6 16 25 1 0 0
0 6 16 26 1 1 0.980814
0 7 2 9 0 0 0.790106
0 7 2 10 0 1 0
0 7 3 9 1 0 0
0 7 3 10 1 1 0.986435
0 8 9 20 0 0 0
0 8 10 20 1 0 0.99561
0 9 20 27 0 0 0.999614
0 10 9 17 0 0 0
0 10 10 17 1 0 0.97496
0 11 2 11 0 0 0.831729
0 11 2 12 0 1 0
0 11 3 11 1 0 0
0 11 3 12 1 1 0.986378
0 12 11 21 0 0 0.995123
0 12 11 22 0 1 0
0 12 12 21 1 0 0
0 12 12 22 1 1 0.847611
0 13 21 28 0 0 0.971209
0 13 22 28 1 0 0
0 14 11 18 0 0 0
0 14 11 19 0 1 0.99479
0 14 12 18 1 0 0.847824
0 14 12 19 1 1 0
0 15 2 8 0 0 0.812638
0 15 3 8 1 0 0
0 16 25 29 0 0 0.957021
0 16 25 30 0 1 0
0 16 26 29 1 0 0
0 16 26 30 1 1 0.668724
0 17 23 31 0 0 0.720514
0 17 23 32 0 1 0
0 17 24 31 1 0 0
0 17 24 32 1 1 0.889098
1 0 35 33 0 0 0
1 0 35 34 0 1 0.984317
1 0 36 33 1 0 0.995767
1 0 36 34 1 1 0
1 1 37 46 0 0 0.99015
1 1 37 47 0 1 0
1 1 38 46 1 0 0
1 1 38 47 1 1 0.96958
1 2 46 56 0 0 0.992546
1 2 46 57 0 1 0
1 2 47 56 1 0 0
1 2 47 57 1 1 0.994815
1 3 33 37 0 0 0.974005
1 3 33 38 0 1 0
1 3 34 37 1 0 0
1 3 34 38 1 1 0.921249
1 4 33 39 0 0 0.970264
1 4 33 40 0 1 0
1 4 34 39 1 0 0
1 4 34 40 1 1 0.929307
1 5 39 48 0 0 0.983032
1 5 39 49 0 1 0
1 5 40 48 1 0 0
1 5 40 49 1 1 0.977404
1 6 48 58 0 0 0.98281
1 6 48 59 0 1 0
1 6 49 58 1 0 0
1 6 49 59 1 1 0.99618
1 7 35 42 0 0 0.985453
1 7 35 43 0 1 0
1 7 36 42 1 0 0
1 7 36 43 1 1 0.996134
1 8 42 53 0 0 0.998717
1 8 43 53 1 0 0
1 9 53 60 0 0 0.970577
1 10 42 50 0 0 0.878679
1 10 43 50 1 0 0
1 11 35 44 0 0 0.99191
1 11 35 45 0 1 0
1 11 36 44 1 0 0
1 11 36 45 1 1 0.992717
1 12 44 54 0 0 0
1 12 44 55 0 1 0.985885
1 12 45 54 1 0 0.988531
1 12 45 55 1 1 0
1 13 54 61 0 0 0.979013
1 13 54 62 0 1 0
1 13 55 61 1 0 0
1 13 55 62 1 1 0.993808
1 14 44 51 0 0 0.968872
1 14 44 52 0 1 0
1 14 45 51 1 0 0
1 14 45 52 1 1 0.996658
1 15 35 41 0 0 0
1 15 36 41 1 0 0.995404
1 16 58 63 0 0 0.946085
1 16 58 64 0 1 0
1 16 59 63 1 0 0
1 16 59 64 1 1 0.575619
1 17 56 65 0 0 0.966556
1 17 56 66 0 1 0
1 17 57 65 1 0 0
1 17 57 66 1 1 0.684255
2 0 69 67 0 0 0.999431
2 0 69 68 0 1 0
2 0 70 67 1 0 0
2 0 70 68 1 1 0.99889
2 1 71 81 0 0 0.978559
2 1 71 82 0 1 0
2 1 72 81 1 0 0
2 1 72 82 1 1 0.964574
2 2 81 91 0 0 0.99759
2 2 81 92 0 1 0
2 2 82 91 1 0 0
2 2 82 92 1 1 0.971963
2 3 67 71 0 0 0.976754
2 3 67 72 0 1 0
2 3 68 71 1 0 0
2 3 68 72 1 1 0.933284
2 4 67 73 0 0 0.96914
2 4 67 74 0 1 0
2 4 68 73 1 0 0
2 4 68 74 1 1 0.952923
2 5 73 83 0 0 0.998056
2 5 73 84 0 1 0
2 5 74 83 1 0 0
2 5 74 84 1 1 0.969169
2 6 83 93 0 0 0.998921
2 6 83 94 0 1 0
2 6 84 93 1 0 0
2 6 84 94 1 1 0.99215
2 7 69 77 0 0 0.994225
2 7 69 78 0 1 0
2 7 70 77 1 0 0
2 7 70 78 1 1 0.953433
2 8 77 87 0 0 0.932831
2 8 77 88 0 1 0
2 8 78 87 1 0 0
2 8 78 88 1 1 0.959596
2 9 87 95 0 0 0.982937
2 9 87 96 0 1 0
2 9 88 95 1 0 0
2 9 88 96 1 1 0.764462
2 11 69 79 0 0 0.990406
2 11 69 80 0 1 0
2 11 70 79 1 0 0
2 11 70 80 1 1 0.966889
2 12 79 89 0 0 0.992662
2 12 79 90 0 1 0
2 12 80 89 1 0 0
2 12 80 90 1 1 0.986503
2 13 89 97 0 0 0.971183
2 13 89 98 0 1 0
2 13 90 97 1 0 0
2 13 90 98 1 1 0.965993
2 14 79 85 0 0 0.991903
2 14 79 86 0 1 0
2 14 80 85 1 0 0
2 14 80 86 1 1 0.993172
2 15 69 75 0 0 0.994378
2 15 69 76 0 1 0
2 15 70 75 1 0 0
2 15 70 76 1 1 0.996799
2 16 93 99 0 0 0.957408
2 16 93 100 0 1 0
2 16 94 99 1 0 0
2 16 94 100 1 1 0.969399
2 17 91 101 0 0 0.956821
2 17 91 102 0 1 0
2 17 92 101 1 0 0
2 17 92 102 1 1 0.779299
3 0 105 103 0 0 0.997876
3 0 105 104 0 1 0
3 0 106 103 1 0 0
3 0 106 104 1 1 0.947587
3 1 107 117 0 0 0.992014
3 1 107 118 0 1 0
3 1 108 117 1 0 0
3 1 108 118 1 1 0.949017
3 2 117 127 0 0 0.997243
3 2 117 128 0 1 0
3 2 118 127 1 0 0
3 2 118 128 1 1 0.982535
3 3 103 107 0 0 0.947277
3 3 103 108 0 1 0
3 3 104 107 1 0 0
3 3 104 108 1 1 0.915409
3 4 103 109 0 0 0.945607
3 4 103 110 0 1 0
3 4 104 109 1 0 0
3 4 104 110 1 1 0.915985
3 5 109 119 0 0 0.973921
3 5 109 120 0 1 0
3 5 110 119 1 0 0
3 5 110 120 1 1 0.985636
3 6 119 129 0 0 0.989499
3 6 119 130 0 1 0
3 6 120 129 1 0 0
3 6 120 130 1 1 0.996851
3 7 105 113 0 0 0.991409
3 7 105 114 0 1 0
3 7 106 113 1 0 0
3 7 106 114 1 1 0.954638
3 8 113 124 0 0 0.973841
3 8 114 124 1 0 0
3 9 124 131 0 0 0.985069
3 10 113 121 0 0 0.980455
3 10 114 121 1 0 0
3 11 105 115 0 0 0.975295
3 11 105 116 0 1 0
3 11 106 115 1 0 0
3 11 106 116 1 1 0.967079
3 12 115 125 0 0 0.992314
3 12 115 126 0 1 0
3 12 116 125 1 0 0
3 12 116 126 1 1 0.995721
3 13 125 132 0 0 0.990815
3 13 125 133 0 1 0
3 13 126 132 1 0 0
3 13 126 133 1 1 0.99957
3 14 115 122 0 0 0.957025
3 14 115 123 0 1 0
3 14 116 122 1 0 0
3 14 116 123 1 1 0.985016
3 15 105 111 0 0 0.997947
3 15 105 112 0 1 0
3 15 106 111 1 0 0
3 15 106 112 1 1 0.976777
3 16 129 134 0 0 0.981705
3 16 129 135 0 1 0
3 16 130 134 1 0 0
3 16 130 135 1 1 0.973861
3 17 127 136 0 0 0
3 17 127 137 0 1 0.980758
3 17 128 136 1 0 0.921217
3 17 128 137 1 1 0
4 0 140 138 0 0 0
4 0 140 139 0 1 0.898836
4 0 141 138 1 0 0.997259
4 0 141 139 1 1 0
4 1 142 152 0 0 0.98068
4 1 142 153 0 1 0
4 1 143 152 1 0 0
4 1 143 153 1 1 0.94273
4 2 152 161 0 0 0.999579
4 2 152 162 0 1 0
4 2 153 161 1 0 0
4 2 153 162 1 1 0.981984
4 3 138 142 0 0 0.951692
4 3 138 143 0 1 0
4 3 139 142 1 0 0
4 3 139 143 1 1 0.684255
4 4 138 144 0 0 0.958851
4 4 138 145 0 1 0
4 4 139 144 1 0 0
4 4 139 145 1 1 0.684255
4 5 144 154 0 0 0.99645
4 5 144 155 0 1 0
4 5 145 154 1 0 0
4 5 145 155 1 1 0.940843
4 6 154 163 0 0 0.989838
4 6 154 164 0 1 0
4 6 155 163 1 0 0
4 6 155 164 1 1 0.975594
4 7 140 148 0 0 0.789446
4 7 140 149 0 1 0
4 7 141 148 1 0 0
4 7 141 149 1 1 0.999228
4 8 148 158 0 0 0.98801
4 8 148 159 0 1 0
4 8 149 158 1 0 0
4 8 149 159 1 1 0.995847
4 9 158 165 0 0 0.993676
4 9 158 166 0 1 0
4 9 159 165 1 0 0
4 9 159 166 1 1 0.998204
4 10 148 156 0 0 0.972442
4 10 148 157 0 1 0
4 10 149 156 1 0 0
4 10 149 157 1 1 0.992533
4 11 140 150 0 0 0.786934
4 11 140 151 0 1 0
4 11 141 150 1 0 0
4 11 141 151 1 1 0.996905
4 12 150 160 0 0 0
4 12 151 160 1 0 0.995737
4 13 160 167 0 0 0.954404
4 15 140 146 0 0 0.828838
4 15 140 147 0 1 0
4 15 141 146 1 0 0
4 15 141 147 1 1 0.997142
4 16 163 168 0 0 0.985513
4 16 163 169 0 1 0
4 16 164 168 1 0 0
4 16 164 169 1 1 0.922679
4 17 161 170 0 0 0.965074
4 17 161 171 0 1 0
4 17 162 170 1 0 0
4 17 162 171 1 1 0.980594
E jointIdx viewA viewB aOverAllIdx bOverallIdx score
0 0 1 0 33 0.346959
0 0 1 0 34 0.266785
0 0 1 1 33 0.276907
0 0 1 1 34 0.34398
0 0 2 0 67 0.837636
0 0 2 0 68 -1
0 0 2 1 67 -1
0 0 2 1 68 0.914229
0 0 3 0 103 0.808874
0 0 3 0 104 -1
0 0 3 1 103 -1
0 0 3 1 104 0.744008
0 0 4 0 138 -1
0 0 4 0 139 0.936348
0 0 4 1 138 0.822992
0 0 4 1 139 -1
0 1 2 33 67 0.95518
0 1 2 33 68 -1
0 1 2 34 67 -1
0 1 2 34 68 0.865143
0 1 3 33 103 0.988567
0 1 3 33 104 -1
0 1 3 34 103 -1
0 1 3 34 104 0.896104
0 1 4 33 138 -1
0 1 4 33 139 0.961315
0 1 4 34 138 0.922782
0 1 4 34 139 -1
0 2 3 67 103 0.889334
0 2 3 67 104 -1
0 2 3 68 103 -1
0 2 3 68 104 0.684254
0 2 4 67 138 -1
0 2 4 67 139 0.917492
0 2 4 68 138 0.963881
0 2 4 68 139 -1
0 3 4 103 138 0.254044
0 3 4 103 139 0.272849
0 3 4 104 138 0.273094
0 3 4 104 139 0.253358
1 0 1 2 35 0.300097
1 0 1 2 36 0.320435
1 0 1 3 35 0.318686
1 0 1 3 36 0.303126
1 0 2 2 69 0.801634
1 0 2 2 70 -1
1 0 2 3 69 -1
1 0 2 3 70 0.944967
1 0 3 2 105 0.314664
1 0 3 2 106 0.313222
1 0 3 3 105 0.313008
1 0 3 3 106 0.314384
1 0 4 2 140 0.980846
1 0 4 2 141 -1
1 0 4 3 140 -1
1 0 4 3 141 0.807963
1 1 2 35 69 -1
1 1 2 35 70 0.926598
1 1 2 36 69 0.972664
1 1 2 36 70 -1
1 1 3 35 105 0.272563
1 1 3 35 106 0.281987
1 1 3 36 105 0.282193
1 1 3 36 106 0.272658
1 1 4 35 140 0.116777
1 1 4 35 141 0.746514
1 1 4 36 140 0.767248
1 1 4 36 141 0.187669
1 2 3 69 105 0.842442
1 2 3 69 106 -1
1 2 3 70 105 -1
1 2 3 70 106 0.881649
1 2 4 69 140 0.821075
1 2 4 69 141 -1
1 2 4 70 140 -1
1 2 4 70 141 0.765245
1 3 4 105 140 0.500448
1 3 4 105 141 0.332625
1 3 4 106 140 0.0998102
1 3 4 106 141 0.561975
2 0 1 4 37 0.383717
2 0 1 4 38 0.254727
2 0 1 5 37 0.268034
2 0 1 5 38 0.383658
2 0 2 4 71 0.951788
2 0 2 4 72 -1
2 0 2 5 71 -1
2 0 2 5 72 0.783343
2 0 3 4 107 0.98067
2 0 3 4 108 -1
2 0 3 5 107 -1
2 0 3 5 108 0.764573
2 0 4 4 142 -1
2 0 4 4 143 0.890556
2 0 4 5 142 0.876452
2 0 4 5 143 -1
2 1 2 37 71 0.932596
2 1 2 37 72 -1
2 1 2 38 71 -1
2 1 2 38 72 0.845389
2 1 3 37 107 0.905122
2 1 3 37 108 0.0677266
2 1 3 38 107 -1
2 1 3 38 108 0.848566
2 1 4 37 142 -1
2 1 4 37 143 0.654282
2 1 4 38 142 0.960729
2 1 4 38 143 -1
2 2 3 71 107 0.998476
2 2 3 71 108 -1
2 2 3 72 107 -1
2 2 3 72 108 0.55679
2 2 4 71 142 -1
2 2 4 71 143 0.705664
2 2 4 72 142 0.958296
2 2 4 72 143 -1
2 3 4 107 142 0.279824
2 3 4 107 143 0.303392
2 3 4 108 142 0.302659
2 3 4 108 143 0.281613
3 0 1 6 39 0.305263
3 0 1 6 40 0.273071
3 0 1 7 39 0.277375
3 0 1 7 40 0.302917
3 0 2 6 73 0.84927
3 0 2 6 74 -1
3 0 2 7 73 -1
3 0 2 7 74 0.836875
3 0 3 6 109 0.684857
3 0 3 6 110 -1
3 0 3 7 109 -1
3 0 3 7 110 0.854147
3 0 4 6 144 -1
3 0 4 6 145 0.848324
3 0 4 7 144 0.804022
3 0 4 7 145 -1
3 1 2 39 73 0.98651
3 1 2 39 74 -1
3 1 2 40 73 -1
3 1 2 40 74 0.89613
3 1 3 39 109 0.948736
3 1 3 39 110 -1
3 1 3 40 109 -1
3 1 3 40 110 0.960847
3 1 4 39 144 -1
3 1 4 39 145 0.778676
3 1 4 40 144 0.973291
3 1 4 40 145 -1
3 2 3 73 109 0.700326
3 2 3 73 110 -1
3 2 3 74 109 -1
3 2 3 74 110 0.95527
3 2 4 73 144 -1
3 2 4 73 145 0.765074
3 2 4 74 144 0.75499
3 2 4 74 145 -1
3 3 4 109 144 0.306822
3 3 4 109 145 0.308239
3 3 4 110 144 0.308142
3 3 4 110 145 0.306793
4 0 1 8 41 0.905222
4 0 2 8 75 0.90835
4 0 2 8 76 -1
4 0 3 8 111 0.857763
4 0 3 8 112 0.0885624
4 0 4 8 146 0.918949
4 0 4 8 147 -1
4 1 2 41 75 0.988965
4 1 2 41 76 -1
4 1 3 41 111 0.559825
4 1 3 41 112 0.440174
4 1 4 41 146 0.988675
4 1 4 41 147 -1
4 2 3 75 111 0.895399
4 2 3 75 112 -1
4 2 3 76 111 -1
4 2 3 76 112 0.991113
4 2 4 75 146 0.996813
4 2 4 75 147 -1
4 2 4 76 146 -1
4 2 4 76 147 0.959181
4 3 4 111 146 0.635113
4 3 4 111 147 0.239154
4 3 4 112 146 0.082183
4 3 4 112 147 0.61333
5 0 1 9 42 0.340114
5 0 1 9 43 0.301693
5 0 1 10 42 0.309244
5 0 1 10 43 0.334514
5 0 2 9 77 0.46966
5 0 2 9 78 -1
5 0 2 10 77 -1
5 0 2 10 78 0.904329
5 0 3 9 113 0.263273
5 0 3 9 114 0.375942
5 0 3 10 113 0.392844
5 0 3 10 114 0.30224
5 0 4 9 148 0.710567
5 0 4 9 149 -1
5 0 4 10 148 -1
5 0 4 10 149 0.970797
5 1 2 42 77 0.214231
5 1 2 42 78 0.635652
5 1 2 43 77 0.706269
5 1 2 43 78 0.213122
5 1 3 42 113 0.26912
5 1 3 42 114 0.328668
5 1 3 43 113 0.334716
5 1 3 43 114 0.276577
5 1 4 42 148 0.235797
5 1 4 42 149 0.476193
5 1 4 43 148 0.485035
5 1 4 43 149 0.263024
5 2 3 77 113 0.8302
5 2 3 77 114 -1
5 2 3 78 113 -1
5 2 3 78 114 0.837999
5 2 4 77 148 0.768381
5 2 4 77 149 -1
5 2 4 78 148 -1
5 2 4 78 149 0.84828
5 3 4 113 148 0.484254
5 3 4 113 149 0.314471
5 3 4 114 148 0.213916
5 3 4 114 149 0.479307
6 0 1 11 44 0.292599
6 0 1 11 45 0.327675
6 0 1 12 44 0.328599
6 0 1 12 45 0.299241
6 0 2 11 79 0.946825
6 0 2 11 80 -1
6 0 2 12 79 -1
6 0 2 12 80 0.955683
6 0 3 11 115 0.32591
6 0 3 11 116 0.278032
6 0 3 12 115 0.272204
6 0 3 12 116 0.325255
6 0 4 11 150 0.838631
6 0 4 11 151 -1
6 0 4 12 150 -1
6 0 4 12 151 0.70794
6 1 2 44 79 -1
6 1 2 44 80 0.803038
6 1 2 45 79 0.840422
6 1 2 45 80 -1
6 1 3 44 115 0.266805
6 1 3 44 116 0.268891
6 1 3 45 115 0.268817
6 1 3 45 116 0.266792
6 1 4 44 150 -1
6 1 4 44 151 0.928483
6 1 4 45 150 0.710099
6 1 4 45 151 -1
6 2 3 79 115 0.996002
6 2 3 79 116 -1
6 2 3 80 115 -1
6 2 3 80 116 0.975201
6 2 4 79 150 0.782341
6 2 4 79 151 -1
6 2 4 80 150 -1
6 2 4 80 151 0.692036
6 3 4 115 150 0.576184
6 3 4 115 151 0.318444
6 3 4 116 150 -1
6 3 4 116 151 0.605971
7 0 1 13 46 0.602285
7 0 1 13 47 -1
7 0 1 14 46 0.291167
7 0 1 14 47 0.552251
7 0 2 13 81 0.808864
7 0 2 13 82 -1
7 0 2 14 81 -1
7 0 2 14 82 0.497795
7 0 3 13 117 0.805869
7 0 3 13 118 -1
7 0 3 14 117 -1
7 0 3 14 118 0.810596
7 0 4 13 152 -1
7 0 4 13 153 0.57822
7 0 4 14 152 0.69577
7 0 4 14 153 -1
7 1 2 46 81 0.92809
7 1 2 46 82 -1
7 1 2 47 81 -1
7 1 2 47 82 0.643837
7 1 3 46 117 0.912524
7 1 3 46 118 -1
7 1 3 47 117 -1
7 1 3 47 118 0.754822
7 1 4 46 152 -1
7 1 4 46 153 0.943912
7 1 4 47 152 0.819054
7 1 4 47 153 -1
7 2 3 81 117 0.995371
7 2 3 81 118 -1
7 2 3 82 117 -1
7 2 3 82 118 0.776561
7 2 4 81 152 0.103059
7 2 4 81 153 0.851983
7 2 4 82 152 0.883655
7 2 4 82 153 -1
7 3 4 117 152 0.166271
7 3 4 117 153 0.815287
7 3 4 118 152 0.80722
7 3 4 118 153 -1
8 0 1 15 48 0.382963
8 0 1 15 49 0.249989
8 0 1 16 48 0.270508
8 0 1 16 49 0.383441
8 0 2 15 83 0.839638
8 0 2 15 84 -1
8 0 2 16 83 -1
8 0 2 16 84 0.882055
8 0 3 15 119 0.797118
8 0 3 15 120 -1
8 0 3 16 119 -1
8 0 3 16 120 0.941228
8 0 4 15 154 -1
8 0 4 15 155 0.956161
8 0 4 16 154 0.764887
8 0 4 16 155 -1
8 1 2 48 83 0.936692
8 1 2 48 84 -1
8 1 2 49 83 -1
8 1 2 49 84 0.948923
8 1 3 48 119 0.817677
8 1 3 48 120 -1
8 1 3 49 119 -1
8 1 3 49 120 0.921437
8 1 4 48 154 -1
8 1 4 48 155 0.860114
8 1 4 49 154 0.880128
8 1 4 49 155 -1
8 2 3 83 119 0.954744
8 2 3 83 120 -1
8 2 3 84 119 -1
8 2 3 84 120 0.949977
8 2 4 83 154 -1
8 2 4 83 155 0.880169
8 2 4 84 154 0.797767
8 2 4 84 155 -1
8 3 4 119 154 0.312335
8 3 4 119 155 0.415106
8 3 4 120 154 0.431024
8 3 4 120 155 0.250393
9 0 1 17 50 0.921791
9 0 3 17 121 -1
9 0 4 17 156 -1
9 0 4 17 157 0.939011
9 1 3 50 121 0.357727
9 1 4 50 156 -1
9 1 4 50 157 0.814533
9 3 4 121 156 0.657001
9 3 4 121 157 0.342999
10 0 1 18 51 0.310228
10 0 1 18 52 0.262354
10 0 1 19 51 0.261863
10 0 1 19 52 0.308085
10 0 2 18 85 -1
10 0 2 18 86 0.923703
10 0 2 19 85 0.909987
10 0 2 19 86 -1
10 0 3 18 122 -1
10 0 3 18 123 0.901815
10 0 3 19 122 0.943108
10 0 3 19 123 -1
10 1 2 51 85 -1
10 1 2 51 86 0.942576
10 1 2 52 85 0.920168
10 1 2 52 86 -1
10 1 3 51 122 0.216915
10 1 3 51 123 0.507842
10 1 3 52 122 0.519466
10 1 3 52 123 0.218445
10 2 3 85 122 0.91397
10 2 3 85 123 -1
10 2 3 86 122 -1
10 2 3 86 123 0.969234
11 0 1 20 53 0.916836
11 0 2 20 87 -1
11 0 2 20 88 0.93079
11 0 3 20 124 -1
11 0 4 20 158 0.3324
11 0 4 20 159 0.6676
11 1 2 53 87 -1
11 1 2 53 88 0.846573
11 1 3 53 124 -1
11 1 4 53 158 -1
11 1 4 53 159 0.867969
11 2 3 87 124 0.957335
11 2 3 88 124 -1
11 2 4 87 158 0.931975
11 2 4 87 159 -1
11 2 4 88 158 -1
11 2 4 88 159 0.931153
11 3 4 124 158 0.534256
11 3 4 124 159 0.465744
12 0 1 21 54 0.63753
12 0 1 21 55 -1
12 0 1 22 54 0.247051
12 0 1 22 55 0.655459
12 0 2 21 89 0.8557
12 0 2 21 90 -1
12 0 2 22 89 -1
12 0 2 22 90 0.956169
12 0 3 21 125 0.959397
12 0 3 21 126 -1
12 0 3 22 125 -1
12 0 3 22 126 0.966172
12 0 4 21 160 0.471661
12 0 4 22 160 0.528339
12 1 2 54 89 0.888117
12 1 2 54 90 -1
12 1 2 55 89 -1
12 1 2 55 90 0.864172
12 1 3 54 125 0.930928
12 1 3 54 126 -1
12 1 3 55 125 -1
12 1 3 55 126 0.991662
12 1 4 54 160 -1
12 1 4 55 160 0.832862
12 2 3 89 125 0.976504
12 2 3 89 126 -1
12 2 3 90 125 -1
12 2 3 90 126 0.995685
12 2 4 89 160 -1
12 2 4 90 160 0.766934
12 3 4 125 160 0.144971
12 3 4 126 160 0.812545
13 0 1 23 56 0.696306
13 0 1 23 57 -1
13 0 1 24 56 0.303694
13 0 1 24 57 0.358427
13 0 2 23 91 0.989603
13 0 2 23 92 -1
13 0 2 24 91 -1
13 0 2 24 92 0.240571
13 0 3 23 127 0.881795
13 0 3 23 128 -1
13 0 3 24 127 -1
13 0 3 24 128 0.698011
13 0 4 23 161 -1
13 0 4 23 162 0.952609
13 0 4 24 161 0.473145
13 0 4 24 162 -1
13 1 2 56 91 0.799954
13 1 2 56 92 -1
13 1 2 57 91 -1
13 1 2 57 92 0.682951
13 1 3 56 127 0.936554
13 1 3 56 128 -1
13 1 3 57 127 -1
13 1 3 57 128 0.983816
13 1 4 56 161 -1
13 1 4 56 162 0.801571
13 1 4 57 161 0.922523
13 1 4 57 162 -1
13 2 3 91 127 0.877644
13 2 3 91 128 -1
13 2 3 92 127 -1
13 2 3 92 128 0.668528
13 2 4 91 161 0.119155
13 2 4 91 162 0.880845
13 2 4 92 161 0.845816
13 2 4 92 162 -1
13 3 4 127 161 -1
13 3 4 127 162 0.776527
13 3 4 128 161 0.908405
13 3 4 128 162 -1
14 0 1 25 58 0.487161
14 0 1 25 59 0.183282
14 0 1 26 58 0.285867
14 0 1 26 59 0.514224
14 0 2 25 93 0.981408
14 0 2 25 94 -1
14 0 2 26 93 -1
14 0 2 26 94 0.962072
14 0 3 25 129 0.99028
14 0 3 25 130 -1
14 0 3 26 129 -1
14 0 3 26 130 0.741704
14 0 4 25 163 -1
14 0 4 25 164 0.704952
14 0 4 26 163 0.963129
14 0 4 26 164 -1
14 1 2 58 93 0.952705
14 1 2 58 94 -1
14 1 2 59 93 -1
14 1 2 59 94 0.894357
14 1 3 58 129 0.99487
14 1 3 58 130 -1
14 1 3 59 129 -1
14 1 3 59 130 0.928664
14 1 4 58 163 -1
14 1 4 58 164 0.841596
14 1 4 59 163 0.909747
14 1 4 59 164 -1
14 2 3 93 129 0.971063
14 2 3 93 130 -1
14 2 3 94 129 -1
14 2 3 94 130 0.852773
14 2 4 93 163 -1
14 2 4 93 164 0.802487
14 2 4 94 163 0.883488
14 2 4 94 164 -1
14 3 4 129 163 0.269535
14 3 4 129 164 0.618404
14 3 4 130 163 0.573899
14 3 4 130 164 -1
15 0 1 27 60 0.949551
15 0 2 27 95 -1
15 0 2 27 96 0.632467
15 0 3 27 131 -1
15 0 4 27 165 -1
15 0 4 27 166 0.818213
15 1 2 60 95 -1
15 1 2 60 96 0.544629
15 1 3 60 131 -1
15 1 4 60 165 -1
15 1 4 60 166 0.987062
15 2 3 95 131 0.950706
15 2 3 96 131 -1
15 2 4 95 165 0.955546
15 2 4 95 166 -1
15 2 4 96 165 -1
15 2 4 96 166 0.604169
15 3 4 131 165 0.619088
15 3 4 131 166 0.380912
16 0 1 28 61 0.86733
16 0 1 28 62 -1
16 0 2 28 97 0.93366
16 0 2 28 98 -1
16 0 3 28 132 0.820432
16 0 3 28 133 -1
16 0 4 28 167 -1
16 1 2 61 97 0.949489
16 1 2 61 98 -1
16 1 2 62 97 -1
16 1 2 62 98 0.661858
16 1 3 61 132 0.945026
16 1 3 61 133 -1
16 1 3 62 132 -1
16 1 3 62 133 0.928429
16 1 4 61 167 -1
16 1 4 62 167 0.873446
16 2 3 97 132 0.925195
16 2 3 97 133 -1
16 2 3 98 132 -1
16 2 3 98 133 0.958888
16 2 4 97 167 -1
16 2 4 98 167 0.638231
16 3 4 132 167 -1
16 3 4 133 167 0.844258
17 0 1 29 63 0.294971
17 0 1 29 64 0.286826
17 0 1 30 63 0.287386
17 0 1 30 64 0.295142
17 0 2 29 99 0.757616
17 0 2 29 100 -1
17 0 2 30 99 -1
17 0 2 30 100 0.972248
17 0 3 29 134 0.954654
17 0 3 29 135 -1
17 0 3 30 134 -1
17 0 3 30 135 0.973137
17 0 4 29 168 -1
17 0 4 29 169 0.917315
17 0 4 30 168 0.814936
17 0 4 30 169 -1
17 1 2 63 99 0.780438
17 1 2 63 100 -1
17 1 2 64 99 -1
17 1 2 64 100 0.710129
17 1 3 63 134 0.911713
17 1 3 63 135 -1
17 1 3 64 134 -1
17 1 3 64 135 0.815701
17 1 4 63 168 -1
17 1 4 63 169 0.877494
17 1 4 64 168 0.81619
17 1 4 64 169 -1
17 2 3 99 134 0.70933
17 2 3 99 135 -1
17 2 3 100 134 -1
17 2 3 100 135 0.952799
17 2 4 99 168 -1
17 2 4 99 169 0.875073
17 2 4 100 168 0.823682
17 2 4 100 169 -1
17 3 4 134 168 0.272341
17 3 4 134 169 0.367204
17 3 4 135 168 0.371956
17 3 4 135 169 0.258664
18 0 1 31 65 0.685751
18 0 1 31 66 -1
18 0 1 32 65 0.314249
18 0 1 32 66 0.375613
18 0 2 31 101 0.811427
18 0 2 31 102 -1
18 0 2 32 101 -1
18 0 2 32 102 -1
18 0 3 31 136 -1
18 0 3 31 137 0.687897
18 0 3 32 136 0.765951
18 0 3 32 137 -1
18 0 4 31 170 -1
18 0 4 31 171 0.735716
18 0 4 32 170 0.304559
18 0 4 32 171 -1
18 1 2 65 101 0.936363
18 1 2 65 102 -1
18 1 2 66 101 -1
18 1 2 66 102 0.561923
18 1 3 65 136 -1
18 1 3 65 137 0.910706
18 1 3 66 136 0.968959
18 1 3 66 137 -1
18 1 4 65 170 -1
18 1 4 65 171 0.727591
18 1 4 66 170 0.983977
18 1 4 66 171 -1
18 2 3 101 136 -1
18 2 3 101 137 0.875576
18 2 3 102 136 0.257655
18 2 3 102 137 -1
18 2 4 101 170 0.284152
18 2 4 101 171 0.273026
18 2 4 102 170 0.273373
18 2 4 102 171 0.284845
18 3 4 136 170 0.883134
18 3 4 136 171 -1
18 3 4 137 170 -1
18 3 4 137 171 0.88417
end of Frame 39
