J OverallIdx viewIdx joint种类0-18(jointIdx) 该joint在图中的顺序(candidix) x y score
0 0 0 0 490.82 390.102 0.673325
1 0 0 1 280.354 423.836 0.627159
2 0 1 0 260.818 210.822 0.903673
3 0 1 1 504.637 210.912 0.887051
4 0 2 0 473.941 390.125 0.648235
5 0 2 1 325.233 419.615 0.627923
6 0 3 0 510.448 390.084 0.651582
7 0 3 1 235.533 425.947 0.617571
8 0 4 0 457.068 147.593 0.900603
9 0 5 0 328.232 208.784 0.832683
10 0 5 1 471.125 210.823 0.807181
11 0 6 0 193.485 210.886 0.857533
12 0 6 1 530.03 210.974 0.849037
13 0 7 0 493.554 520.836 0.702914
14 0 7 1 325.261 582.095 0.81263
15 0 8 0 527.135 529.212 0.801764
16 0 8 1 238.373 596.717 0.730241
17 0 9 0 294.449 126.5 0.876655
18 0 10 0 229.948 128.723 0.478048
19 0 10 1 502.041 143.49 0.926484
20 0 11 0 462.657 278.313 0.577925
21 0 11 1 378.536 326.878 0.873124
22 0 12 0 594.536 278.244 0.930953
23 0 12 1 168.41 337.4 0.854772
24 0 13 0 507.589 632.549 0.840033
25 0 13 1 344.855 746.476 0.619452
26 0 14 0 549.608 651.589 0.781715
27 0 14 1 255.088 763.317 0.625509
28 0 15 0 448.696 328.951 0.494465
29 0 15 1 345 396.421 0.729278
30 0 16 0 541.209 331.167 0.805726
31 0 16 1 204.761 413.258 0.682945
32 0 17 0 513.209 687.42 0.745258
33 0 18 0 451.512 649.469 0.829988
34 1 0 0 530.049 381.671 0.509739
35 1 0 1 591.758 396.446 0.665947
36 1 1 0 30.732 124.325 0.609436
37 1 1 1 588.93 229.831 0.836368
38 1 1 2 529.937 244.547 0.673469
39 1 2 0 507.719 379.644 0.663497
40 1 2 1 611.268 396.382 0.565496
41 1 2 2 100.926 482.918 0.365731
42 1 3 0 572.011 394.341 0.712031
43 1 4 0 527.27 193.894 0.941758
44 1 5 0 140.203 139.19 0.603738
45 1 5 1 611.37 227.78 0.856246
46 1 5 2 499.135 244.657 0.887164
47 1 6 0 566.407 234.05 0.882167
48 1 7 0 524.307 482.857 0.785059
49 1 7 1 594.422 516.679 0.778373
50 1 7 2 168.384 693.753 0.498019
51 1 8 0 569.292 518.72 0.738046
52 1 9 0 591.614 177.242 0.22425
53 1 9 1 504.854 191.822 0.610368
54 1 10 0 558.112 187.7 0.787236
55 1 11 0 457.026 295.228 0.961265
56 1 11 1 639.379 318.418 0.877118
57 1 11 2 210.195 326.885 0.738711
58 1 12 0 572.13 331.037 0.897341
59 1 13 0 527.372 567.31 0.79241
60 1 13 1 619.851 634.707 0.793948
61 1 14 0 577.738 649.389 0.808701
62 1 15 0 479.578 339.505 0.859827
63 1 15 1 602.942 360.617 0.267127
64 1 16 0 538.446 396.321 0.80297
65 1 17 0 524.475 649.532 0.896101
66 1 18 0 488.033 594.598 0.772696
67 2 0 0 398.262 293.12 0.751103
68 2 0 1 642.157 383.806 0.744552
69 2 1 0 389.79 132.872 0.864775
70 2 1 1 684.238 248.84 0.861801
71 2 1 2 619.701 573.579 0.720635
72 2 2 0 370.268 295.192 0.77458
73 2 2 1 619.759 379.519 0.761739
74 2 3 0 431.916 290.984 0.730597
75 2 3 1 661.952 394.333 0.744442
76 2 4 0 420.68 92.6746 0.911466
77 2 4 1 616.85 189.784 0.844148
78 2 4 2 793.487 510.253 0.429551
79 2 5 0 342.049 145.46 0.789666
80 2 5 1 658.93 227.801 0.725045
81 2 5 2 639.489 645.287 0.538416
82 2 6 0 437.349 124.392 0.894672
83 2 6 1 709.618 274.162 0.810481
84 2 6 2 594.404 497.759 0.81816
85 2 7 0 370.231 396.335 0.888767
86 2 7 1 605.7 478.682 0.693826
87 2 8 0 434.558 383.804 0.826466
88 2 8 1 639.508 480.814 0.698366
89 2 9 0 370.332 84.3582 0.872273
90 2 9 1 729.082 518.768 0.848606
91 2 10 0 656.255 193.933 0.898124
92 2 11 0 274.855 210.973 0.879858
93 2 11 1 639.528 284.703 0.755772
94 2 12 0 459.806 166.586 0.833732
95 2 12 1 729.027 375.337 0.89481
96 2 12 2 636.572 563.011 0.228607
97 2 13 0 370.187 478.718 0.877646
98 2 14 0 431.855 459.633 0.804957
99 2 15 0 328.199 272.045 0.857698
100 2 15 1 616.888 343.697 0.822578
101 2 16 0 471.138 221.393 0.809416
102 2 16 1 667.426 411.158 0.806123
103 2 17 0 468.298 482.93 0.80067
104 2 18 0 375.793 514.571 0.731047
105 3 0 0 594.598 352.121 0.765986
106 3 0 1 302.827 375.334 0.679329
107 3 0 2 1029.21 398.534 0.393101
108 3 1 0 280.434 187.686 0.776776
109 3 1 1 597.391 193.999 0.922374
110 3 2 0 569.144 348.007 0.724235
111 3 2 1 283.324 377.448 0.666998
112 3 3 0 625.39 352.185 0.67969
113 3 3 1 322.407 371.156 0.584407
114 3 3 2 975.879 396.396 0.525436
115 3 4 0 336.472 118.061 0.812287
116 3 4 1 555.216 143.278 0.898864
117 3 5 0 258.092 191.882 0.803532
118 3 5 1 549.715 191.934 0.904683
119 3 6 0 970.272 160.154 0.702259
120 3 6 1 302.749 181.34 0.673186
121 3 6 2 647.771 196.067 0.845807
122 3 7 0 560.889 478.656 0.780329
123 3 7 1 291.702 514.535 0.696229
124 3 8 0 619.886 480.825 0.857119
125 3 8 1 311.307 508.206 0.709153
126 3 8 2 950.745 548.159 0.797813
127 3 9 0 286.061 116.021 0.859925
128 3 10 0 1029.2 88.5843 0.159478
129 3 10 1 608.564 134.955 0.842192
130 3 11 0 215.972 276.19 0.886127
131 3 11 1 527.379 274.082 0.893737
132 3 12 0 670.198 278.433 0.880704
133 3 12 1 922.621 280.495 0.674747
134 3 13 0 558.099 581.965 0.814543
135 3 13 1 277.703 651.582 0.80413
136 3 14 0 617.113 586.226 0.825492
137 3 14 1 305.752 615.687 0.837928
138 3 14 2 917.031 693.739 0.648934
139 3 15 0 283.237 333.207 0.865133
140 3 15 1 532.863 339.478 0.815652
141 3 16 0 642.17 347.989 0.880199
142 3 16 1 903.01 390.084 0.566524
143 3 17 0 605.759 617.826 0.770586
144 3 17 1 367.425 617.856 0.912144
145 3 17 2 928.166 700.096 0.417878
146 3 18 0 563.68 613.602 0.834619
147 3 18 1 344.861 674.758 0.780738
148 4 0 0 860.925 227.774 0.718068
149 4 0 1 1001.13 248.868 0.708656
150 4 0 2 673.025 341.622 0.533454
151 4 1 0 1001.19 105.375 0.78509
152 4 1 1 684.205 115.976 0.867922
153 4 1 2 863.647 124.429 0.85986
154 4 2 0 838.409 227.76 0.693065
155 4 2 1 1029.21 248.871 0.656669
156 4 2 2 717.879 343.743 0.542441
157 4 3 0 883.429 227.806 0.742838
158 4 3 1 978.699 250.927 0.689444
159 4 3 2 628.218 337.379 0.51177
160 4 4 0 863.677 86.4557 0.798378
161 4 5 0 1029.21 99.1293 0.610498
162 4 5 1 751.526 116 0.811929
163 4 5 2 824.523 124.427 0.72395
164 4 6 0 976.075 105.43 0.855235
165 4 6 1 616.892 113.914 0.817926
166 4 6 2 902.926 124.393 0.835971
167 4 7 0 835.652 309.904 0.57158
168 4 7 1 1029.2 356.398 0.83848
169 4 7 2 703.791 514.476 0.769632
170 4 8 0 883.414 305.726 0.529956
171 4 8 1 933.903 350.043 0.849943
172 4 8 2 619.749 497.567 0.790926
173 4 9 0 729.057 54.8502 0.757929
174 4 9 1 1001.09 50.629 0.264946
175 4 9 2 841.173 82.2676 0.440171
176 4 10 0 661.665 59.1089 0.798028
177 4 10 1 956.321 58.9336 0.885371
178 4 10 2 883.437 82.225 0.523722
179 4 11 0 832.856 210.813 0.891604
180 4 12 0 911.514 162.426 0.591493
181 4 12 1 975.791 191.813 0.781794
182 4 12 2 546.808 208.731 0.859605
183 4 13 0 813.292 381.676 0.514681
184 4 13 1 1029.2 459.667 0.726585
185 4 13 2 689.918 659.999 0.761654
186 4 14 0 883.362 375.319 0.574989
187 4 14 1 917.063 463.808 0.822763
188 4 14 2 600.189 636.869 0.721506
189 4 15 0 779.643 278.369 0.898315
190 4 16 0 931.026 162.414 0.324931
191 4 16 1 931.18 257.247 0.863961
192 4 16 2 594.45 263.62 0.80867
193 4 17 0 888.949 394.251 0.550334
194 4 17 1 883.398 459.681 0.747485
195 4 17 2 614.13 645.278 0.391314
196 4 18 0 799.293 396.493 0.402633
197 4 18 1 973.14 457.571 0.549742
198 4 18 2 743.136 649.403 0.724651
P viewIdx, pafIdx, aOverAllIdx, bOverAllIdx, CandidAIdx, CandidBIdx, score
0 0 2 0 0 0 0
0 0 2 1 0 1 0.984465
0 0 3 0 1 0 0.969966
0 0 3 1 1 1 0
0 1 4 13 0 0 0.984357
0 1 4 14 0 1 0
0 1 5 13 1 0 0
0 1 5 14 1 1 0.990728
0 2 13 24 0 0 0.979956
0 2 13 25 0 1 0
0 2 14 24 1 0 0
0 2 14 25 1 1 0.99112
0 3 0 4 0 0 0.91879
0 3 0 5 0 1 0
0 3 1 4 1 0 0
0 3 1 5 1 1 0.886121
0 4 0 6 0 0 0.92587
0 4 0 7 0 1 0
0 4 1 6 1 0 0
0 4 1 7 1 1 0.885785
0 5 6 15 0 0 0.969246
0 5 6 16 0 1 0
0 5 7 15 1 0 0
0 5 7 16 1 1 0.982436
0 6 15 26 0 0 0.996143
0 6 15 27 0 1 0
0 6 16 26 1 0 0
0 6 16 27 1 1 0.983484
0 7 2 9 0 0 0.995346
0 7 2 10 0 1 0
0 7 3 9 1 0 0
0 7 3 10 1 1 0.99224
0 8 9 20 0 0 0
0 8 9 21 0 1 0.98543
0 8 10 20 1 0 0.904785
0 8 10 21 1 1 0
0 9 20 28 0 0 0.498367
0 9 20 29 0 1 0.268509
0 9 21 28 1 0 0
0 9 21 29 1 1 0.517433
0 10 9 17 0 0 0.992301
0 10 10 17 1 0 0
0 11 2 11 0 0 0.99653
0 11 2 12 0 1 0
0 11 3 11 1 0 0
0 11 3 12 1 1 0.99077
0 12 11 22 0 0 0
0 12 11 23 0 1 0.967584
0 12 12 22 1 0 0.990297
0 12 12 23 1 1 0
0 13 22 30 0 0 0.963103
0 13 22 31 0 1 0
0 13 23 30 1 0 0
0 13 23 31 1 1 0.98524
0 14 11 18 0 0 0.859787
0 14 11 19 0 1 0
0 14 12 18 1 0 0
0 14 12 19 1 1 0.99744
0 15 2 8 0 0 0
0 15 3 8 1 0 0.99031
0 16 26 32 0 0 0.943626
0 16 27 32 1 0 0
0 17 24 33 0 0 0.973342
0 17 25 33 1 0 0
1 0 36 34 0 0 0
1 0 36 35 0 1 0
1 0 37 34 1 0 0.268348
1 0 37 35 1 1 0.28021
1 0 38 34 2 0 0.280856
1 0 38 35 2 1 0.268419
1 1 39 48 0 0 0.965291
1 1 39 49 0 1 0
1 1 39 50 0 2 0
1 1 40 48 1 0 0
1 1 40 49 1 1 0.975374
1 1 40 50 1 2 0
1 1 41 48 2 0 0
1 1 41 49 2 1 0
1 1 41 50 2 2 0.961494
1 2 48 59 0 0 0.298809
1 2 48 60 0 1 0.253854
1 2 49 59 1 0 0.251886
1 2 49 60 1 1 0.298208
1 2 50 59 2 0 0
1 2 50 60 2 1 0
1 3 34 39 0 0 0.896786
1 3 34 40 0 1 0
1 3 34 41 0 2 0
1 3 35 39 1 0 0
1 3 35 40 1 1 0.895172
1 3 35 41 1 2 0
1 4 34 42 0 0 0
1 4 35 42 1 0 0.813685
1 5 42 51 0 0 0.991579
1 6 51 61 0 0 0.997218
1 7 36 44 0 0 0.953138
1 7 36 45 0 1 0
1 7 36 46 0 2 0
1 7 37 44 1 0 0
1 7 37 45 1 1 0.990895
1 7 37 46 1 2 0
1 7 38 44 2 0 0
1 7 38 45 2 1 0
1 7 38 46 2 2 0.976639
1 8 44 55 0 0 0
1 8 44 56 0 1 0
1 8 44 57 0 2 0.988457
1 8 45 55 1 0 0
1 8 45 56 1 1 0.997953
1 8 45 57 1 2 0
1 8 46 55 2 0 0.98799
1 8 46 56 2 1 0
1 8 46 57 2 2 0
1 9 55 62 0 0 0.984945
1 9 55 63 0 1 0
1 9 56 62 1 0 0
1 9 56 63 1 1 0.867934
1 9 57 62 2 0 0
1 9 57 63 2 1 0
1 10 44 52 0 0 0
1 10 44 53 0 1 0
1 10 45 52 1 0 0.766525
1 10 45 53 1 1 0
1 10 46 52 2 0 0
1 10 46 53 2 1 0.898592
1 11 36 47 0 0 0
1 11 37 47 1 0 0.931295
1 11 38 47 2 0 0
1 12 47 58 0 0 0.995346
1 13 58 64 0 0 0.972848
1 14 47 54 0 0 0.979077
1 15 36 43 0 0 0
1 15 37 43 1 0 0.491031
1 15 38 43 2 0 0.508969
1 16 61 65 0 0 0.988759
1 17 59 66 0 0 0.923185
1 17 60 66 1 0 0
2 0 69 67 0 0 0.995057
2 0 69 68 0 1 0
2 0 70 67 1 0 0
2 0 70 68 1 1 0.954187
2 0 71 67 2 0 0
2 0 71 68 2 1 0
2 1 72 85 0 0 0.992667
2 1 72 86 0 1 0
2 1 73 85 1 0 0
2 1 73 86 1 1 0.971382
2 2 85 97 0 0 0.998324
2 2 86 97 1 0 0
2 3 67 72 0 0 0.942943
2 3 67 73 0 1 0
2 3 68 72 1 0 0
2 3 68 73 1 1 0.962247
2 4 67 74 0 0 0.952068
2 4 67 75 0 1 0
2 4 68 74 1 0 0
2 4 68 75 1 1 0.96208
2 5 74 87 0 0 0.99087
2 5 74 88 0 1 0
2 5 75 87 1 0 0
2 5 75 88 1 1 0.941682
2 6 87 98 0 0 0.99268
2 6 88 98 1 0 0
2 7 69 79 0 0 0.970611
2 7 69 80 0 1 0
2 7 69 81 0 2 0
2 7 70 79 1 0 0
2 7 70 80 1 1 0.990151
2 7 70 81 1 2 0
2 7 71 79 2 0 0
2 7 71 80 2 1 0
2 7 71 81 2 2 0.961089
2 8 79 92 0 0 0.978643
2 8 79 93 0 1 0
2 8 80 92 1 0 0
2 8 80 93 1 1 0.967762
2 8 81 92 2 0 0
2 8 81 93 2 1 0
2 9 92 99 0 0 0.988918
2 9 92 100 0 1 0
2 9 93 99 1 0 0
2 9 93 100 1 1 0.964618
2 10 79 89 0 0 0.971889
2 10 79 90 0 1 0
2 10 80 89 1 0 0
2 10 80 90 1 1 0
2 10 81 89 2 0 0
2 10 81 90 2 1 0.933771
2 11 69 82 0 0 0.991414
2 11 69 83 0 1 0
2 11 69 84 0 2 0
2 11 70 82 1 0 0
2 11 70 83 1 1 0.997076
2 11 70 84 1 2 0
2 11 71 82 2 0 0
2 11 71 83 2 1 0
2 11 71 84 2 2 0.972314
2 12 82 94 0 0 0.991216
2 12 82 95 0 1 0
2 12 82 96 0 2 0
2 12 83 94 1 0 0
2 12 83 95 1 1 0.978162
2 12 83 96 1 2 0
2 12 84 94 2 0 0
2 12 84 95 2 1 0
2 12 84 96 2 2 0.91295
2 13 94 101 0 0 0.985063
2 13 94 102 0 1 0
2 13 95 101 1 0 0
2 13 95 102 1 1 0.992618
2 13 96 101 2 0 0
2 13 96 102 2 1 0
2 14 82 91 0 0 0
2 14 83 91 1 0 0.997259
2 14 84 91 2 0 0
2 15 69 76 0 0 0.979427
2 15 69 77 0 1 0
2 15 69 78 0 2 0
2 15 70 76 1 0 0
2 15 70 77 1 1 0.99981
2 15 70 78 1 2 0
2 15 71 76 2 0 0
2 15 71 77 2 1 0
2 15 71 78 2 2 0.83227
2 16 98 103 0 0 0.978487
2 17 97 104 0 0 0.969261
3 0 108 105 0 0 0
3 0 108 106 0 1 0.95122
3 0 108 107 0 2 0
3 0 109 105 1 0 0.996886
3 0 109 106 1 1 0
3 0 109 107 1 2 0
3 1 110 122 0 0 0.984552
3 1 110 123 0 1 0
3 1 111 122 1 0 0
3 1 111 123 1 1 0.945645
3 2 122 134 0 0 0.980892
3 2 122 135 0 1 0
3 2 123 134 1 0 0
3 2 123 135 1 1 0.989911
3 3 105 110 0 0 0.923979
3 3 105 111 0 1 0
3 3 106 110 1 0 0
3 3 106 111 1 1 0.908763
3 3 107 110 2 0 0
3 3 107 111 2 1 0
3 4 105 112 0 0 0.926125
3 4 105 113 0 1 0
3 4 105 114 0 2 0
3 4 106 112 1 0 0
3 4 106 113 1 1 0.892285
3 4 106 114 1 2 0
3 4 107 112 2 0 0
3 4 107 113 2 1 0
3 4 107 114 2 2 0.869196
3 5 112 124 0 0 0.972346
3 5 112 125 0 1 0
3 5 112 126 0 2 0
3 5 113 124 1 0 0
3 5 113 125 1 1 0.960751
3 5 113 126 1 2 0
3 5 114 124 2 0 0
3 5 114 125 2 1 0
3 5 114 126 2 2 0.977381
3 6 124 136 0 0 0.999003
3 6 124 137 0 1 0
3 6 124 138 0 2 0
3 6 125 136 1 0 0
3 6 125 137 1 1 0.977874
3 6 125 138 1 2 0
3 6 126 136 2 0 0
3 6 126 137 2 1 0
3 6 126 138 2 2 0.965178
3 7 108 117 0 0 0.959082
3 7 108 118 0 1 0
3 7 109 117 1 0 0
3 7 109 118 1 1 0.997089
3 8 117 130 0 0 0.965923
3 8 117 131 0 1 0
3 8 118 130 1 0 0
3 8 118 131 1 1 0.977973
3 9 130 139 0 0 0.994262
3 9 130 140 0 1 0
3 9 131 139 1 0 0
3 9 131 140 1 1 0.998876
3 10 117 127 0 0 0.970338
3 10 118 127 1 0 0
3 11 108 119 0 0 0
3 11 108 120 0 1 0.940042
3 11 108 121 0 2 0
3 11 109 119 1 0 0
3 11 109 120 1 1 0
3 11 109 121 1 2 0.996086
3 12 119 132 0 0 0
3 12 119 133 0 1 0.958608
3 12 120 132 1 0 0
3 12 120 133 1 1 0
3 12 121 132 2 0 0.998714
3 12 121 133 2 1 0
3 13 132 141 0 0 0.970187
3 13 132 142 0 1 0
3 13 133 141 1 0 0
3 13 133 142 1 1 0.974679
3 14 119 128 0 0 0.794175
3 14 119 129 0 1 0
3 14 120 128 1 0 0
3 14 120 129 1 1 0
3 14 121 128 2 0 0
3 14 121 129 2 1 0.992339
3 15 108 115 0 0 0.957201
3 15 108 116 0 1 0
3 15 109 115 1 0 0
3 15 109 116 1 1 0.994368
3 16 136 143 0 0 0.951584
3 16 136 144 0 1 0
3 16 136 145 0 2 0
3 16 137 143 1 0 0
3 16 137 144 1 1 0.986548
3 16 137 145 1 2 0
3 16 138 143 2 0 0
3 16 138 144 2 1 0
3 16 138 145 2 2 0.695668
3 17 134 146 0 0 0.98959
3 17 134 147 0 1 0
3 17 135 146 1 0 0
3 17 135 147 1 1 0.980583
4 0 151 148 0 0 0
4 0 151 149 0 1 0.957786
4 0 151 150 0 2 0
4 0 152 148 1 0 0
4 0 152 149 1 1 0
4 0 152 150 1 2 0.977694
4 0 153 148 2 0 0.984157
4 0 153 149 2 1 0
4 0 153 150 2 2 0
4 1 154 167 0 0 0.918693
4 1 154 168 0 1 0
4 1 154 169 0 2 0
4 1 155 167 1 0 0
4 1 155 168 1 1 0.989241
4 1 155 169 1 2 0
4 1 156 167 2 0 0
4 1 156 168 2 1 0
4 1 156 169 2 2 0.986229
4 2 167 183 0 0 0.899004
4 2 167 184 0 1 0
4 2 167 185 0 2 0
4 2 168 183 1 0 0
4 2 168 184 1 1 0.997929
4 2 168 185 1 2 0
4 2 169 183 2 0 0
4 2 169 184 2 1 0
4 2 169 185 2 2 0.983577
4 3 148 154 0 0 0.939414
4 3 148 155 0 1 0
4 3 148 156 0 2 0
4 3 149 154 1 0 0
4 3 149 155 1 1 0.915533
4 3 149 156 1 2 0
4 3 150 154 2 0 0
4 3 150 155 2 1 0
4 3 150 156 2 2 0.875308
4 4 148 157 0 0 0.944716
4 4 148 158 0 1 0
4 4 148 159 0 2 0
4 4 149 157 1 0 0
4 4 149 158 1 1 0.920354
4 4 149 159 1 2 0
4 4 150 157 2 0 0
4 4 150 158 2 1 0
4 4 150 159 2 2 0.868628
4 5 157 170 0 0 0.526302
4 5 157 171 0 1 0.261274
4 5 157 172 0 2 0
4 5 158 170 1 0 0
4 5 158 171 1 1 0.526276
4 5 158 172 1 2 0
4 5 159 170 2 0 0
4 5 159 171 2 1 0
4 5 159 172 2 2 0.969772
4 6 170 186 0 0 0.536896
4 6 170 187 0 1 0
4 6 170 188 0 2 0
4 6 171 186 1 0 0.261293
4 6 171 187 1 1 0.545291
4 6 171 188 1 2 0
4 6 172 186 2 0 0
4 6 172 187 2 1 0
4 6 172 188 2 2 0.960038
4 7 151 161 0 0 0.961572
4 7 151 162 0 1 0
4 7 151 163 0 2 0
4 7 152 161 1 0 0
4 7 152 162 1 1 0.975122
4 7 152 163 1 2 0
4 7 153 161 2 0 0
4 7 153 162 2 1 0
4 7 153 163 2 2 0.98623
4 8 161 179 0 0 0
4 8 162 179 1 0 0.532265
4 8 163 179 2 0 0.464397
4 9 179 189 0 0 0.967955
4 10 161 173 0 0 0
4 10 161 174 0 1 0.782068
4 10 161 175 0 2 0
4 10 162 173 1 0 0.982454
4 10 162 174 1 1 0
4 10 162 175 1 2 0
4 10 163 173 2 0 0
4 10 163 174 2 1 0
4 10 163 175 2 2 0.846121
4 11 151 164 0 0 0.984104
4 11 151 165 0 1 0
4 11 151 166 0 2 0
4 11 152 164 1 0 0
4 11 152 165 1 1 0.969014
4 11 152 166 1 2 0
4 11 153 164 2 0 0
4 11 153 165 2 1 0
4 11 153 166 2 2 0.989127
4 12 164 180 0 0 0
4 12 164 181 0 1 0.529252
4 12 164 182 0 2 0
4 12 165 180 1 0 0
4 12 165 181 1 1 0
4 12 165 182 1 2 0.985092
4 12 166 180 2 0 0.525486
4 12 166 181 2 1 0.253974
4 12 166 182 2 2 0
4 13 180 190 0 0 0.638322
4 13 180 191 0 1 0
4 13 180 192 0 2 0
4 13 181 190 1 0 0
4 13 181 191 1 1 0.985223
4 13 181 192 1 2 0
4 13 182 190 2 0 0
4 13 182 191 2 1 0
4 13 182 192 2 2 0.996781
4 14 164 176 0 0 0
4 14 164 177 0 1 0.98528
4 14 164 178 0 2 0
4 14 165 176 1 0 0.968606
4 14 165 177 1 1 0
4 14 165 178 1 2 0
4 14 166 176 2 0 0
4 14 166 177 2 1 0
4 14 166 178 2 2 0.939055
4 15 151 160 0 0 0
4 15 152 160 1 0 0
4 15 153 160 2 0 0.987241
4 16 186 193 0 0 0.852099
4 16 186 194 0 1 0
4 16 186 195 0 2 0
4 16 187 193 1 0 0
4 16 187 194 1 1 0.987321
4 16 187 195 1 2 0
4 16 188 193 2 0 0
4 16 188 194 2 1 0
4 16 188 195 2 2 0.711564
4 17 183 196 0 0 0.814555
4 17 183 197 0 1 0
4 17 183 198 0 2 0
4 17 184 196 1 0 0
4 17 184 197 1 1 0.873274
4 17 184 198 1 2 0
4 17 185 196 2 0 0
4 17 185 197 2 1 0
4 17 185 198 2 2 0.928589
E jointIdx viewA viewB aOverAllIdx bOverallIdx score
0 0 1 0 34 0.463951
0 0 1 0 35 0.226329
0 0 1 1 34 0.23097
0 0 1 1 35 0.466266
0 0 2 0 67 0.969271
0 0 2 0 68 -1
0 0 2 1 67 -1
0 0 2 1 68 0.867666
0 0 3 0 105 -1
0 0 3 0 106 0.92477
0 0 3 0 107 -1
0 0 3 1 105 0.958457
0 0 3 1 106 -1
0 0 3 1 107 -1
0 0 4 0 148 -1
0 0 4 0 149 -1
0 0 4 0 150 0.896608
0 0 4 1 148 -1
0 0 4 1 149 -1
0 0 4 1 150 -1
0 1 2 34 67 0.486464
0 1 2 34 68 0.273794
0 1 2 35 67 0.240094
0 1 2 35 68 0.486563
0 1 3 34 105 0.485911
0 1 3 34 106 0.526318
0 1 3 34 107 -1
0 1 3 35 105 0.514089
0 1 3 35 106 0.473682
0 1 3 35 107 -1
0 1 4 34 148 -1
0 1 4 34 149 -1
0 1 4 34 150 0.789051
0 1 4 35 148 -1
0 1 4 35 149 -1
0 1 4 35 150 -1
0 2 3 67 105 -1
0 2 3 67 106 0.971258
0 2 3 67 107 -1
0 2 3 68 105 0.831622
0 2 3 68 106 -1
0 2 3 68 107 -1
0 2 4 67 148 0.188972
0 2 4 67 149 -1
0 2 4 67 150 0.997911
0 2 4 68 148 -1
0 2 4 68 149 -1
0 2 4 68 150 -1
0 3 4 105 148 0.372675
0 3 4 105 149 0.352197
0 3 4 105 150 -1
0 3 4 106 148 -1
0 3 4 106 149 0.220763
0 3 4 106 150 0.8613
0 3 4 107 148 -1
0 3 4 107 149 0.427039
0 3 4 107 150 -1
1 0 1 2 36 -1
1 0 1 2 37 0.554585
1 0 1 2 38 0.475206
1 0 1 3 36 -1
1 0 1 3 37 0.445415
1 0 1 3 38 0.524794
1 0 2 2 69 -1
1 0 2 2 70 0.923742
1 0 2 2 71 -1
1 0 2 3 69 0.935227
1 0 2 3 70 -1
1 0 2 3 71 -1
1 0 3 2 108 0.251006
1 0 3 2 109 0.313689
1 0 3 3 108 0.314688
1 0 3 3 109 0.252851
1 0 4 2 151 0.255562
1 0 4 2 152 0.160532
1 0 4 2 153 0.252525
1 0 4 3 151 0.181242
1 0 4 3 152 0.29175
1 0 4 3 153 0.184774
1 1 2 36 69 -1
1 1 2 36 70 -1
1 1 2 36 71 0.859393
1 1 2 37 69 -1
1 1 2 37 70 0.726039
1 1 2 37 71 -1
1 1 2 38 69 0.858244
1 1 2 38 70 0.34449
1 1 2 38 71 -1
1 1 3 36 108 -1
1 1 3 36 109 -1
1 1 3 37 108 0.426159
1 1 3 37 109 0.573841
1 1 3 38 108 0.531044
1 1 3 38 109 0.468956
1 1 4 36 151 0.384003
1 1 4 36 152 -1
1 1 4 36 153 0.980312
1 1 4 37 151 -1
1 1 4 37 152 0.304073
1 1 4 37 153 -1
1 1 4 38 151 -1
1 1 4 38 152 0.968481
1 1 4 38 153 -1
1 2 3 69 108 0.931824
1 2 3 69 109 -1
1 2 3 70 108 -1
1 2 3 70 109 0.868333
1 2 3 71 108 -1
1 2 3 71 109 -1
1 2 4 69 151 -1
1 2 4 69 152 0.980276
1 2 4 69 153 -1
1 2 4 70 151 -1
1 2 4 70 152 0.87709
1 2 4 70 153 -1
1 2 4 71 151 0.959609
1 2 4 71 152 -1
1 2 4 71 153 -1
1 3 4 108 151 0.209615
1 3 4 108 152 0.225108
1 3 4 108 153 0.163267
1 3 4 109 151 0.184638
1 3 4 109 152 0.166164
1 3 4 109 153 0.239909
2 0 1 4 39 0.685406
2 0 1 4 40 0.315908
2 0 1 4 41 -1
2 0 1 5 39 0.314594
2 0 1 5 40 0.684092
2 0 1 5 41 -1
2 0 2 4 72 0.792844
2 0 2 4 73 -1
2 0 2 5 72 -1
2 0 2 5 73 0.807269
2 0 3 4 110 -1
2 0 3 4 111 0.71154
2 0 3 5 110 0.908338
2 0 3 5 111 -1
2 0 4 4 154 -1
2 0 4 4 155 -1
2 0 4 4 156 0.683266
2 0 4 5 154 -1
2 0 4 5 155 -1
2 0 4 5 156 0.316734
2 1 2 39 72 0.671108
2 1 2 39 73 0.328892
2 1 2 40 72 -1
2 1 2 40 73 0.480751
2 1 2 41 72 -1
2 1 2 41 73 -1
2 1 3 39 110 0.53434
2 1 3 39 111 0.46566
2 1 3 40 110 0.530767
2 1 3 40 111 0.469233
2 1 3 41 110 -1
2 1 3 41 111 -1
2 1 4 39 154 -1
2 1 4 39 155 -1
2 1 4 39 156 0.937891
2 1 4 40 154 -1
2 1 4 40 155 -1
2 1 4 40 156 -1
2 1 4 41 154 0.978029
2 1 4 41 155 -1
2 1 4 41 156 -1
2 2 3 72 110 -1
2 2 3 72 111 0.903755
2 2 3 73 110 0.92739
2 2 3 73 111 -1
2 2 4 72 154 0.829714
2 2 4 72 155 -1
2 2 4 72 156 0.847899
2 2 4 73 154 -1
2 2 4 73 155 -1
2 2 4 73 156 -1
2 3 4 110 154 0.356012
2 3 4 110 155 0.570869
2 3 4 110 156 -1
2 3 4 111 154 -1
2 3 4 111 155 0.429132
2 3 4 111 156 0.78406
3 0 1 6 42 0.390475
3 0 1 7 42 0.609525
3 0 2 6 74 0.830437
3 0 2 6 75 -1
3 0 2 7 74 -1
3 0 2 7 75 0.699107
3 0 3 6 112 -1
3 0 3 6 113 0.884156
3 0 3 6 114 -1
3 0 3 7 112 0.979022
3 0 3 7 113 -1
3 0 3 7 114 -1
3 0 4 6 157 -1
3 0 4 6 158 -1
3 0 4 6 159 0.831617
3 0 4 7 157 -1
3 0 4 7 158 -1
3 0 4 7 159 -1
3 1 2 42 74 0.5028
3 1 2 42 75 0.4972
3 1 3 42 112 0.891511
3 1 3 42 113 0.692027
3 1 3 42 114 -1
3 1 4 42 157 -1
3 1 4 42 158 -1
3 1 4 42 159 0.946652
3 2 3 74 112 -1
3 2 3 74 113 0.982618
3 2 3 74 114 -1
3 2 3 75 112 0.69453
3 2 3 75 113 -1
3 2 3 75 114 -1
3 2 4 74 157 -1
3 2 4 74 158 -1
3 2 4 74 159 0.691513
3 2 4 75 157 -1
3 2 4 75 158 -1
3 2 4 75 159 0.308487
3 3 4 112 157 0.467948
3 3 4 112 158 0.335073
3 3 4 112 159 -1
3 3 4 113 157 -1
3 3 4 113 158 0.241271
3 3 4 113 159 0.935807
3 3 4 114 157 -1
3 3 4 114 158 0.423656
3 3 4 114 159 -1
4 0 1 8 43 0.923224
4 0 2 8 76 0.959009
4 0 2 8 77 -1
4 0 2 8 78 -1
4 0 3 8 115 0.670815
4 0 3 8 116 0.329185
4 0 4 8 160 -1
4 1 2 43 76 0.955318
4 1 2 43 77 0.842651
4 1 2 43 78 -1
4 1 3 43 115 0.482708
4 1 3 43 116 0.517292
4 1 4 43 160 -1
4 2 3 76 115 0.947379
4 2 3 76 116 -1
4 2 3 77 115 -1
4 2 3 77 116 0.88361
4 2 3 78 115 -1
4 2 3 78 116 -1
4 2 4 76 160 -1
4 2 4 77 160 -1
4 2 4 78 160 -1
4 3 4 115 160 0.257215
4 3 4 116 160 0.742785
5 0 1 9 44 -1
5 0 1 9 45 0.54775
5 0 1 9 46 0.473253
5 0 1 10 44 -1
5 0 1 10 45 0.45225
5 0 1 10 46 0.526747
5 0 2 9 79 -1
5 0 2 9 80 0.78044
5 0 2 9 81 -1
5 0 2 10 79 0.868108
5 0 2 10 80 -1
5 0 2 10 81 -1
5 0 3 9 117 0.267344
5 0 3 9 118 0.318174
5 0 3 10 117 0.322567
5 0 3 10 118 0.271802
5 0 4 9 161 0.217913
5 0 4 9 162 0.195199
5 0 4 9 163 0.214971
5 0 4 10 161 0.197589
5 0 4 10 162 0.223925
5 0 4 10 163 0.201001
5 1 2 44 79 -1
5 1 2 44 80 -1
5 1 2 44 81 -1
5 1 2 45 79 -1
5 1 2 45 80 0.541819
5 1 2 45 81 -1
5 1 2 46 79 0.95075
5 1 2 46 80 -1
5 1 2 46 81 -1
5 1 3 44 117 -1
5 1 3 44 118 -1
5 1 3 45 117 0.361502
5 1 3 45 118 0.638498
5 1 3 46 117 0.545789
5 1 3 46 118 0.454211
5 1 4 44 161 0.0595276
5 1 4 44 162 -1
5 1 4 44 163 0.751116
5 1 4 45 161 -1
5 1 4 45 162 -1
5 1 4 45 163 -1
5 1 4 46 161 -1
5 1 4 46 162 0.884964
5 1 4 46 163 0.174632
5 2 3 79 117 0.994605
5 2 3 79 118 -1
5 2 3 80 117 -1
5 2 3 80 118 0.74185
5 2 3 81 117 -1
5 2 3 81 118 -1
5 2 4 79 161 -1
5 2 4 79 162 0.995979
5 2 4 79 163 0.216687
5 2 4 80 161 -1
5 2 4 80 162 0.164396
5 2 4 80 163 -1
5 2 4 81 161 0.95465
5 2 4 81 162 -1
5 2 4 81 163 -1
5 3 4 117 161 0.206512
5 3 4 117 162 0.208066
5 3 4 117 163 0.174543
5 3 4 118 161 0.183116
5 3 4 118 162 0.181408
5 3 4 118 163 0.218247
6 0 1 11 47 0.555951
6 0 1 12 47 0.444049
6 0 2 11 82 -1
6 0 2 11 83 0.970791
6 0 2 11 84 -1
6 0 2 12 82 0.978475
6 0 2 12 83 -1
6 0 2 12 84 -1
6 0 3 11 119 -1
6 0 3 11 120 0.466692
6 0 3 11 121 0.556694
6 0 3 12 119 -1
6 0 3 12 120 0.533308
6 0 3 12 121 0.443306
6 0 4 11 164 0.295296
6 0 4 11 165 0.126643
6 0 4 11 166 0.316904
6 0 4 12 164 0.203027
6 0 4 12 165 0.3862
6 0 4 12 166 0.179559
6 1 2 47 82 0.970152
6 1 2 47 83 0.868017
6 1 2 47 84 -1
6 1 3 47 119 -1
6 1 3 47 120 0.891935
6 1 3 47 121 0.934995
6 1 4 47 164 -1
6 1 4 47 165 0.755041
6 1 4 47 166 -1
6 2 3 82 119 -1
6 2 3 82 120 0.960972
6 2 3 82 121 -1
6 2 3 83 119 -1
6 2 3 83 120 -1
6 2 3 83 121 0.975578
6 2 3 84 119 0.863884
6 2 3 84 120 -1
6 2 3 84 121 -1
6 2 4 82 164 -1
6 2 4 82 165 0.931733
6 2 4 82 166 -1
6 2 4 83 164 -1
6 2 4 83 165 -1
6 2 4 83 166 -1
6 2 4 84 164 0.988643
6 2 4 84 165 -1
6 2 4 84 166 0.0574134
6 3 4 119 164 0.15744
6 3 4 119 165 0.15984
6 3 4 119 166 0.106521
6 3 4 120 164 0.139672
6 3 4 120 165 0.170018
6 3 4 120 166 0.116961
6 3 4 121 164 0.126809
6 3 4 121 165 0.0834982
6 3 4 121 166 0.220023
7 0 1 13 48 0.966488
7 0 1 13 49 -1
7 0 1 13 50 -1
7 0 1 14 48 -1
7 0 1 14 49 0.981729
7 0 1 14 50 -1
7 0 2 13 85 0.93611
7 0 2 13 86 -1
7 0 2 14 85 -1
7 0 2 14 86 0.908266
7 0 3 13 122 -1
7 0 3 13 123 0.805125
7 0 3 14 122 0.870099
7 0 3 14 123 -1
7 0 4 13 167 -1
7 0 4 13 168 -1
7 0 4 13 169 0.995066
7 0 4 14 167 -1
7 0 4 14 168 -1
7 0 4 14 169 -1
7 1 2 48 85 0.520715
7 1 2 48 86 0.479285
7 1 2 49 85 0.277934
7 1 2 49 86 0.708233
7 1 2 50 85 -1
7 1 2 50 86 -1
7 1 3 48 122 0.427741
7 1 3 48 123 0.572259
7 1 3 49 122 0.619755
7 1 3 49 123 0.380245
7 1 3 50 122 -1
7 1 3 50 123 -1
7 1 4 48 167 -1
7 1 4 48 168 -1
7 1 4 48 169 0.758472
7 1 4 49 167 -1
7 1 4 49 168 -1
7 1 4 49 169 -1
7 1 4 50 167 0.982331
7 1 4 50 168 -1
7 1 4 50 169 -1
7 2 3 85 122 -1
7 2 3 85 123 0.89222
7 2 3 86 122 0.986867
7 2 3 86 123 -1
7 2 4 85 167 0.639759
7 2 4 85 168 -1
7 2 4 85 169 0.857825
7 2 4 86 167 -1
7 2 4 86 168 -1
7 2 4 86 169 -1
7 3 4 122 167 -1
7 3 4 122 168 0.53985
7 3 4 122 169 -1
7 3 4 123 167 -1
7 3 4 123 168 0.247203
7 3 4 123 169 0.566111
8 0 1 15 51 0.040445
8 0 1 16 51 0.706164
8 0 2 15 87 0.869618
8 0 2 15 88 -1
8 0 2 16 87 -1
8 0 2 16 88 0.257559
8 0 3 15 124 -1
8 0 3 15 125 0.858054
8 0 3 15 126 -1
8 0 3 16 124 0.989436
8 0 3 16 125 -1
8 0 3 16 126 -1
8 0 4 15 170 -1
8 0 4 15 171 -1
8 0 4 15 172 0.894945
8 0 4 16 170 -1
8 0 4 16 171 -1
8 0 4 16 172 -1
8 1 2 51 87 0.260473
8 1 2 51 88 0.653704
8 1 3 51 124 0.665705
8 1 3 51 125 0.207978
8 1 3 51 126 -1
8 1 4 51 170 -1
8 1 4 51 171 -1
8 1 4 51 172 0.728089
8 2 3 87 124 -1
8 2 3 87 125 0.997625
8 2 3 87 126 -1
8 2 3 88 124 0.248343
8 2 3 88 125 -1
8 2 3 88 126 -1
8 2 4 87 170 -1
8 2 4 87 171 -1
8 2 4 87 172 0.906074
8 2 4 88 170 -1
8 2 4 88 171 -1
8 2 4 88 172 -1
8 3 4 124 170 -1
8 3 4 124 171 0.938531
8 3 4 124 172 -1
8 3 4 125 170 -1
8 3 4 125 171 -1
8 3 4 125 172 0.985101
8 3 4 126 170 -1
8 3 4 126 171 0.773408
8 3 4 126 172 -1
9 0 1 17 52 0.667369
9 0 1 17 53 0.332631
9 0 2 17 89 0.212844
9 0 2 17 90 -1
9 0 3 17 127 -1
9 0 4 17 173 0.92725
9 0 4 17 174 -1
9 0 4 17 175 -1
9 1 2 52 89 -1
9 1 2 52 90 -1
9 1 2 53 89 0.994938
9 1 2 53 90 -1
9 1 3 52 127 0.40614
9 1 3 53 127 0.59386
9 1 4 52 173 -1
9 1 4 52 174 -1
9 1 4 52 175 -1
9 1 4 53 173 0.932549
9 1 4 53 174 -1
9 1 4 53 175 -1
9 2 3 89 127 0.96187
9 2 3 90 127 -1
9 2 4 89 173 0.717815
9 2 4 89 174 -1
9 2 4 89 175 -1
9 2 4 90 173 -1
9 2 4 90 174 0.833779
9 2 4 90 175 -1
9 3 4 127 173 0.384367
9 3 4 127 174 0.45229
9 3 4 127 175 0.163342
10 0 1 18 54 0.436211
10 0 1 19 54 0.563789
10 0 2 18 91 0.917223
10 0 2 19 91 -1
10 0 3 18 128 -1
10 0 3 18 129 0.832776
10 0 3 19 128 -1
10 0 3 19 129 -1
10 0 4 18 176 0.482755
10 0 4 18 177 0.157083
10 0 4 18 178 -1
10 0 4 19 176 0.517245
10 0 4 19 177 -1
10 0 4 19 178 -1
10 1 2 54 91 0.955604
10 1 3 54 128 -1
10 1 3 54 129 0.834439
10 1 4 54 176 0.972683
10 1 4 54 177 -1
10 1 4 54 178 -1
10 2 3 91 128 -1
10 2 3 91 129 0.907377
10 2 4 91 176 0.292014
10 2 4 91 177 -1
10 2 4 91 178 -1
10 3 4 128 176 0.273362
10 3 4 128 177 0.257878
10 3 4 128 178 0.163619
10 3 4 129 176 0.187592
10 3 4 129 177 0.204075
10 3 4 129 178 0.304423
11 0 1 20 55 0.961965
11 0 1 20 56 0.290025
11 0 1 20 57 -1
11 0 1 21 55 0.0188122
11 0 1 21 56 0.522625
11 0 1 21 57 0.357474
11 0 2 20 92 0.931046
11 0 2 20 93 -1
11 0 2 21 92 -1
11 0 2 21 93 0.953513
11 0 3 20 130 0.924429
11 0 3 20 131 0.0755711
11 0 3 21 130 -1
11 0 3 21 131 0.893776
11 0 4 20 179 0.850775
11 0 4 21 179 0.149225
11 1 2 55 92 0.98365
11 1 2 55 93 -1
11 1 2 56 92 -1
11 1 2 56 93 0.67082
11 1 2 57 92 -1
11 1 2 57 93 -1
11 1 3 55 130 0.538994
11 1 3 55 131 0.461006
11 1 3 56 130 0.474945
11 1 3 56 131 0.525055
11 1 3 57 130 -1
11 1 3 57 131 -1
11 1 4 55 179 0.968475
11 1 4 56 179 -1
11 1 4 57 179 0.283257
11 2 3 92 130 0.980249
11 2 3 92 131 -1
11 2 3 93 130 -1
11 2 3 93 131 0.89832
11 2 4 92 179 0.850858
11 2 4 93 179 -1
11 3 4 130 179 0.573077
11 3 4 131 179 0.426923
12 0 1 22 58 -1
12 0 1 23 58 0.968657
12 0 2 22 94 0.880275
12 0 2 22 95 -1
12 0 2 22 96 -1
12 0 2 23 94 -1
12 0 2 23 95 0.920637
12 0 2 23 96 -1
12 0 3 22 132 -1
12 0 3 22 133 -1
12 0 3 23 132 0.850712
12 0 3 23 133 -1
12 0 4 22 180 0.117445
12 0 4 22 181 0.288016
12 0 4 22 182 0.324875
12 0 4 23 180 -1
12 0 4 23 181 -1
12 0 4 23 182 0.491445
12 1 2 58 94 -1
12 1 2 58 95 0.911061
12 1 2 58 96 -1
12 1 3 58 132 0.540592
12 1 3 58 133 0.459408
12 1 4 58 180 -1
12 1 4 58 181 -1
12 1 4 58 182 -1
12 2 3 94 132 -1
12 2 3 94 133 -1
12 2 3 95 132 0.772354
12 2 3 95 133 -1
12 2 3 96 132 -1
12 2 3 96 133 0.825135
12 2 4 94 180 -1
12 2 4 94 181 -1
12 2 4 94 182 0.946335
12 2 4 95 180 -1
12 2 4 95 181 -1
12 2 4 95 182 -1
12 2 4 96 180 0.49365
12 2 4 96 181 -1
12 2 4 96 182 -1
12 3 4 132 180 0.221957
12 3 4 132 181 0.285318
12 3 4 132 182 0.264029
12 3 4 133 180 0.221643
12 3 4 133 181 0.265852
12 3 4 133 182 0.288348
13 0 1 24 59 0.878038
13 0 1 24 60 -1
13 0 1 25 59 -1
13 0 1 25 60 0.992246
13 0 2 24 97 0.840706
13 0 2 25 97 -1
13 0 3 24 134 -1
13 0 3 24 135 0.953341
13 0 3 25 134 0.896112
13 0 3 25 135 -1
13 0 4 24 183 -1
13 0 4 24 184 -1
13 0 4 24 185 0.950965
13 0 4 25 183 -1
13 0 4 25 184 -1
13 0 4 25 185 -1
13 1 2 59 97 0.696518
13 1 2 60 97 0.204999
13 1 3 59 134 0.256815
13 1 3 59 135 0.555984
13 1 3 60 134 0.550626
13 1 3 60 135 0.316518
13 1 4 59 183 -1
13 1 4 59 184 -1
13 1 4 59 185 0.835772
13 1 4 60 183 -1
13 1 4 60 184 -1
13 1 4 60 185 -1
13 2 3 97 134 -1
13 2 3 97 135 0.890561
13 2 4 97 183 -1
13 2 4 97 184 -1
13 2 4 97 185 0.962868
13 3 4 134 183 -1
13 3 4 134 184 0.0913411
13 3 4 134 185 -1
13 3 4 135 183 -1
13 3 4 135 184 -1
13 3 4 135 185 0.945872
14 0 1 26 61 -1
14 0 1 27 61 0.803844
14 0 2 26 98 0.737806
14 0 2 27 98 -1
14 0 3 26 136 -1
14 0 3 26 137 0.865719
14 0 3 26 138 -1
14 0 3 27 136 0.985633
14 0 3 27 137 -1
14 0 3 27 138 -1
14 0 4 26 186 -1
14 0 4 26 187 -1
14 0 4 26 188 0.943855
14 0 4 27 186 -1
14 0 4 27 187 -1
14 0 4 27 188 -1
14 1 2 61 98 -1
14 1 3 61 136 0.898824
14 1 3 61 137 -1
14 1 3 61 138 -1
14 1 4 61 186 -1
14 1 4 61 187 -1
14 1 4 61 188 0.482632
14 2 3 98 136 -1
14 2 3 98 137 0.874309
14 2 3 98 138 -1
14 2 4 98 186 -1
14 2 4 98 187 -1
14 2 4 98 188 0.99875
14 3 4 136 186 -1
14 3 4 136 187 0.400761
14 3 4 136 188 -1
14 3 4 137 186 -1
14 3 4 137 187 -1
14 3 4 137 188 0.960152
14 3 4 138 186 -1
14 3 4 138 187 0.981066
14 3 4 138 188 -1
15 0 1 28 62 0.797943
15 0 1 28 63 0.202057
15 0 1 29 62 -1
15 0 1 29 63 0.612109
15 0 2 28 99 0.840919
15 0 2 28 100 -1
15 0 2 29 99 -1
15 0 2 29 100 0.94774
15 0 3 28 139 0.929399
15 0 3 28 140 -1
15 0 3 29 139 -1
15 0 3 29 140 0.996081
15 0 4 28 189 0.786967
15 0 4 29 189 0.213033
15 1 2 62 99 0.858145
15 1 2 62 100 0.141855
15 1 2 63 99 -1
15 1 2 63 100 0.612603
15 1 3 62 139 0.352853
15 1 3 62 140 0.341464
15 1 3 63 139 0.344045
15 1 3 63 140 0.356148
15 1 4 62 189 0.867929
15 1 4 63 189 -1
15 2 3 99 139 0.958708
15 2 3 99 140 -1
15 2 3 100 139 -1
15 2 3 100 140 0.965257
15 2 4 99 189 0.954551
15 2 4 100 189 -1
15 3 4 139 189 0.586745
15 3 4 140 189 0.413255
16 0 1 30 64 -1
16 0 1 31 64 0.9543
16 0 2 30 101 0.941008
16 0 2 30 102 -1
16 0 2 31 101 -1
16 0 2 31 102 0.908704
16 0 3 30 141 -1
16 0 3 30 142 -1
16 0 3 31 141 0.971689
16 0 3 31 142 -1
16 0 4 30 190 -1
16 0 4 30 191 -1
16 0 4 30 192 0.565223
16 0 4 31 190 -1
16 0 4 31 191 -1
16 0 4 31 192 0.434777
16 1 2 64 101 -1
16 1 2 64 102 0.725408
16 1 3 64 141 0.881801
16 1 3 64 142 -1
16 1 4 64 190 -1
16 1 4 64 191 -1
16 1 4 64 192 -1
16 2 3 101 141 -1
16 2 3 101 142 -1
16 2 3 102 141 0.887075
16 2 3 102 142 -1
16 2 4 101 190 -1
16 2 4 101 191 -1
16 2 4 101 192 0.715443
16 2 4 102 190 -1
16 2 4 102 191 -1
16 2 4 102 192 -1
16 3 4 141 190 -1
16 3 4 141 191 0.410211
16 3 4 141 192 0.440609
16 3 4 142 190 -1
16 3 4 142 191 0.589789
16 3 4 142 192 -1
17 0 1 32 65 0.0739443
17 0 2 32 103 0.945955
17 0 3 32 143 -1
17 0 3 32 144 0.90876
17 0 3 32 145 -1
17 0 4 32 193 -1
17 0 4 32 194 -1
17 0 4 32 195 0.870958
17 1 2 65 103 -1
17 1 3 65 143 0.874167
17 1 3 65 144 -1
17 1 3 65 145 -1
17 1 4 65 193 -1
17 1 4 65 194 -1
17 1 4 65 195 -1
17 2 3 103 143 -1
17 2 3 103 144 0.968938
17 2 3 103 145 -1
17 2 4 103 193 -1
17 2 4 103 194 -1
17 2 4 103 195 0.477834
17 3 4 143 193 -1
17 3 4 143 194 0.739704
17 3 4 143 195 -1
17 3 4 144 193 -1
17 3 4 144 194 -1
17 3 4 144 195 0.393232
17 3 4 145 193 -1
17 3 4 145 194 0.555248
17 3 4 145 195 -1
18 0 1 33 66 0.979561
18 0 2 33 104 0.988636
18 0 3 33 146 -1
18 0 3 33 147 0.747496
18 0 4 33 196 -1
18 0 4 33 197 -1
18 0 4 33 198 0.898846
18 1 2 66 104 0.79479
18 1 3 66 146 0.368573
18 1 3 66 147 0.631427
18 1 4 66 196 -1
18 1 4 66 197 -1
18 1 4 66 198 0.998816
18 2 3 104 146 -1
18 2 3 104 147 0.778491
18 2 4 104 196 -1
18 2 4 104 197 -1
18 2 4 104 198 0.770638
18 3 4 146 196 -1
18 3 4 146 197 0.877434
18 3 4 146 198 -1
18 3 4 147 196 -1
18 3 4 147 197 -1
18 3 4 147 198 0.829354
end of Frame 186
