J OverallIdx viewIdx joint种类0-18(jointIdx) 该joint在图中的顺序(candidix) x y score
0 0 0 0 364.599 375.367 0.645122
1 0 0 1 283.218 409.074 0.501819
2 0 0 2 905.737 406.965 0.699347
3 0 0 3 611.374 506.09 0.371376
4 0 1 0 594.484 179.285 0.840359
5 0 1 1 260.767 206.598 0.599388
6 0 1 2 367.274 221.372 0.804479
7 0 1 3 908.446 225.617 0.887068
8 0 2 0 322.558 379.545 0.604816
9 0 2 1 291.667 404.848 0.490144
10 0 2 2 863.872 404.879 0.694574
11 0 2 3 681.51 499.754 0.371848
12 0 3 0 401.06 375.315 0.630197
13 0 3 1 280.442 411.14 0.38911
14 0 3 2 936.662 407.007 0.668791
15 0 3 3 541.255 503.983 0.351627
16 0 4 0 347.703 149.7 0.862687
17 0 4 1 863.664 170.754 0.903282
18 0 5 0 698.243 162.385 0.77009
19 0 5 1 272.027 208.732 0.714151
20 0 5 2 322.428 217.167 0.671933
21 0 5 3 860.822 227.743 0.857058
22 0 6 0 249.552 200.348 0.484111
23 0 6 1 490.797 196.195 0.724226
24 0 6 2 953.547 217.233 0.834475
25 0 6 3 412.285 223.476 0.833792
26 0 7 0 328.101 512.401 0.589255
27 0 7 1 886.211 544.061 0.802906
28 0 7 2 280.395 577.783 0.636465
29 0 7 3 728.998 731.744 0.528355
30 0 8 0 426.312 506.086 0.612445
31 0 8 1 956.23 548.353 0.83213
32 0 8 2 294.421 573.58 0.420697
33 0 8 3 549.517 740.125 0.551085
34 0 9 0 639.439 107.546 0.914534
35 0 9 1 280.322 126.542 0.94885
36 0 10 0 549.571 109.615 0.959167
37 0 10 1 392.566 145.486 0.880594
38 0 10 2 908.733 151.843 0.882968
39 0 11 0 729.033 310.03 0.867548
40 0 11 1 846.92 316.311 0.802107
41 0 11 2 305.806 331.139 0.8555
42 0 12 0 420.612 301.524 0.379996
43 0 12 1 981.509 314.259 0.820159
44 0 12 2 457.105 362.661 0.824417
45 0 13 0 344.918 630.506 0.770569
46 0 13 1 902.976 657.947 0.770747
47 0 13 2 229.931 740.182 0.601984
48 0 14 0 431.899 632.553 0.61203
49 0 14 1 987.141 683.307 0.744324
50 0 14 2 260.891 721.166 0.68361
51 0 15 0 821.689 392.227 0.85991
52 0 15 1 406.667 398.637 0.784744
53 0 15 2 774.071 489.229 0.768244
54 0 16 0 322.554 225.539 0.36192
55 0 16 1 981.548 400.619 0.840927
56 0 16 2 456.989 522.925 0.71663
57 0 17 0 417.886 653.73 0.390598
58 0 17 1 330.969 740.16 0.779418
59 0 17 2 981.502 733.786 0.740503
60 0 18 0 353.425 666.346 0.600007
61 0 18 1 838.555 681.053 0.775089
62 0 18 2 297.224 752.807 0.222955
63 1 0 0 762.815 377.394 0.742545
64 1 0 1 460.036 377.401 0.754518
65 1 0 2 566.396 396.451 0.70954
66 1 0 3 975.845 415.376 0.727953
67 1 1 0 459.76 229.833 0.886465
68 1 1 1 552.452 242.443 0.903636
69 1 1 2 953.441 242.423 0.883694
70 1 1 3 754.327 261.367 0.929948
71 1 2 0 732.046 377.428 0.758929
72 1 2 1 437.572 377.488 0.7607
73 1 2 2 594.562 396.451 0.757217
74 1 2 3 998.447 413.263 0.702607
75 1 3 0 485.197 373.272 0.702363
76 1 3 1 793.527 375.336 0.752747
77 1 3 2 527.302 396.388 0.671874
78 1 3 3 950.716 417.504 0.694004
79 1 4 0 600.121 177.141 0.235817
80 1 4 1 476.682 191.843 0.876284
81 1 4 2 740.351 217.232 0.716295
82 1 4 3 872.136 225.66 0.846453
83 1 5 0 423.505 231.996 0.822268
84 1 5 1 995.551 229.844 0.845372
85 1 5 2 600.1 240.346 0.833157
86 1 5 3 720.731 261.427 0.872896
87 1 6 0 502.022 238.234 0.8642
88 1 6 1 908.739 246.797 0.864463
89 1 6 2 793.685 259.404 0.924996
90 1 7 0 751.41 466.015 0.842422
91 1 7 1 437.432 485.014 0.850227
92 1 7 2 597.338 527.161 0.80206
93 1 7 3 998.392 531.461 0.829036
94 1 8 0 804.808 461.791 0.828135
95 1 8 1 502.023 480.806 0.85291
96 1 8 2 546.72 522.936 0.724871
97 1 8 3 942.244 548.181 0.770379
98 1 9 0 586.146 172.901 0.840201
99 1 9 1 437.46 183.423 0.898169
100 1 9 2 729.121 213.01 0.169164
101 1 10 0 889.064 196.108 0.899303
102 1 10 1 771.179 212.976 0.817209
103 1 11 0 434.746 301.512 0.815497
104 1 11 1 1029.21 301.55 0.436262
105 1 11 2 706.815 314.225 0.832779
106 1 11 3 639.214 329.045 0.928677
107 1 12 0 807.694 312.2 0.852324
108 1 12 1 487.994 328.934 0.919099
109 1 12 2 930.867 335.311 0.861184
110 1 13 0 748.681 546.087 0.696628
111 1 13 1 434.533 596.687 0.822217
112 1 13 2 1029.21 647.307 0.510422
113 1 13 3 597.299 659.987 0.765811
114 1 14 0 818.951 546.101 0.878427
115 1 14 1 485.264 581.943 0.848345
116 1 14 2 546.88 649.572 0.827754
117 1 14 3 931.196 666.413 0.844664
118 1 15 0 479.458 248.836 0.835491
119 1 15 1 673.098 377.435 0.823255
120 1 16 0 818.779 364.909 0.914576
121 1 16 1 527.228 371.136 0.767606
122 1 16 2 928.239 417.58 0.83877
123 1 17 0 841.335 565.126 0.762009
124 1 17 1 513.187 590.413 0.437944
125 1 17 2 566.494 649.501 0.278953
126 1 17 3 869.356 668.411 0.811021
127 1 18 0 743.178 563.024 0.53804
128 1 18 1 462.785 611.528 0.745481
129 1 18 2 614.203 653.726 0.479064
130 1 18 3 1029.2 660.035 0.30703
131 1 18 4 1004.03 664.199 0.319456
132 2 0 0 462.742 143.469 0.799984
133 2 0 1 821.643 172.937 0.299281
134 2 0 2 860.974 295.256 0.731803
135 2 0 3 373.091 358.458 0.642132
136 2 0 4 639.355 396.382 0.775536
137 2 1 0 459.962 27.3768 0.930073
138 2 1 1 838.372 126.552 0.179879
139 2 1 2 894.612 164.512 0.711771
140 2 1 3 361.744 191.918 0.795879
141 2 1 4 658.941 246.662 0.904017
142 2 2 0 440.372 145.571 0.758627
143 2 2 1 818.888 172.946 0.261364
144 2 2 2 846.915 293.039 0.664973
145 2 2 3 392.669 362.726 0.673604
146 2 2 4 673.082 394.332 0.698891
147 2 3 0 485.203 143.342 0.796045
148 2 3 1 821.744 172.925 0.313897
149 2 3 2 866.583 301.527 0.709877
150 2 3 3 356.177 347.997 0.574152
151 2 3 4 602.961 396.416 0.702982
152 2 4 0 437.425 141.297 0.915468
153 2 4 1 835.603 141.286 0.854846
154 2 5 0 426.215 33.761 0.804322
155 2 5 1 821.822 122.27 0.22463
156 2 5 2 891.744 149.726 0.529049
157 2 5 3 386.939 208.749 0.730135
158 2 5 4 706.781 242.494 0.913599
159 2 6 0 499.164 23.1685 0.859287
160 2 6 1 336.57 177.105 0.73792
161 2 6 2 897.424 179.31 0.758094
162 2 6 3 600.149 250.937 0.811768
163 2 7 0 788.066 208.804 0.321815
164 2 7 1 437.603 219.281 0.862587
165 2 7 2 835.733 347.962 0.693205
166 2 7 3 392.48 478.651 0.786581
167 2 7 4 661.97 497.745 0.880493
168 2 8 0 790.844 210.849 0.345871
169 2 8 1 496.398 219.325 0.778565
170 2 8 2 855.27 392.18 0.69629
171 2 8 3 392.525 436.519 0.375675
172 2 8 4 597.334 504.01 0.818914
173 2 9 0 378.64 139.206 0.838107
174 2 9 1 684.277 172.948 0.716686
175 2 10 0 866.481 124.454 0.888677
176 2 10 1 617.123 172.87 0.759862
177 2 11 0 417.88 92.7367 0.621479
178 2 11 1 417.973 309.876 0.812844
179 2 11 2 703.949 322.623 0.735791
180 2 12 0 501.925 77.9841 0.856791
181 2 12 1 911.482 263.6 0.870355
182 2 12 2 577.672 354.265 0.631172
183 2 13 0 796.286 257.215 0.308132
184 2 13 1 437.585 290.953 0.553895
185 2 13 2 855.341 413.239 0.803979
186 2 13 3 372.985 577.781 0.847881
187 2 13 4 670.198 603.106 0.761446
188 2 14 0 796.366 257.249 0.305642
189 2 14 1 504.752 293.15 0.871822
190 2 14 2 824.463 470.206 0.798369
191 2 14 3 392.741 499.822 0.560045
192 2 14 4 597.367 611.468 0.817885
193 2 15 0 431.905 137.026 0.252873
194 2 15 1 821.65 210.824 0.194463
195 2 15 2 479.555 236.151 0.801711
196 2 15 3 684.343 375.373 0.323477
197 2 16 0 510.395 128.712 0.848762
198 2 16 1 897.409 329.03 0.854897
199 2 16 2 572.153 379.632 0.352925
200 2 17 0 524.341 307.883 0.470197
201 2 17 1 788.06 480.701 0.695062
202 2 17 2 417.825 512.369 0.494182
203 2 17 3 597.41 601.018 0.498013
204 2 18 0 815.985 421.773 0.802925
205 2 18 1 417.881 569.336 0.764646
206 2 18 2 661.753 598.921 0.429156
207 3 0 0 123.33 345.908 0.829098
208 3 0 1 588.927 358.456 0.628179
209 3 0 2 403.786 383.82 0.575562
210 3 1 0 375.765 187.666 0.827975
211 3 1 1 100.876 200.303 0.833211
212 3 1 2 591.742 193.924 0.705724
213 3 2 0 101.074 347.986 0.78954
214 3 2 1 594.548 354.251 0.534906
215 3 2 2 443.039 381.689 0.610565
216 3 3 0 142.995 345.791 0.801995
217 3 3 1 575.011 360.558 0.693405
218 3 3 2 364.542 392.174 0.600856
219 3 4 0 145.902 158.148 0.946616
220 3 4 1 527.108 174.983 0.504725
221 3 5 0 437.606 179.244 0.856027
222 3 5 1 602.906 189.79 0.543121
223 3 5 2 78.3747 204.543 0.825971
224 3 6 0 316.838 193.935 0.834072
225 3 6 1 123.303 196.144 0.758804
226 3 6 2 580.514 194.071 0.828456
227 3 7 0 109.394 444.951 0.754083
228 3 7 1 600.142 466.031 0.739023
229 3 7 2 434.751 533.492 0.795503
230 3 8 0 154.288 434.446 0.792377
231 3 8 1 588.825 476.574 0.726259
232 3 8 2 367.314 525.056 0.794553
233 3 9 0 415.089 109.56 0.905407
234 3 9 1 101.086 145.48 0.930972
235 3 10 0 353.414 109.601 0.370356
236 3 10 1 552.572 128.655 0.890133
237 3 11 0 67.2518 280.441 0.839616
238 3 11 1 482.245 280.423 0.805038
239 3 11 2 574.903 290.978 0.162889
240 3 12 0 123.509 276.284 0.358882
241 3 12 1 594.558 297.269 0.897493
242 3 12 2 305.63 312.023 0.801763
243 3 13 0 106.645 516.667 0.582876
244 3 13 1 642.244 581.938 0.815867
245 3 13 2 429.078 685.318 0.675884
246 3 14 0 165.344 514.504 0.819289
247 3 14 1 602.99 596.703 0.779729
248 3 14 2 356.106 657.932 0.742408
249 3 15 0 482.509 198.195 0.15317
250 3 15 1 530.088 318.385 0.514518
251 3 15 2 84.1767 354.292 0.827747
252 3 16 0 145.877 328.901 0.694922
253 3 16 1 549.513 345.884 0.870687
254 3 16 2 325.171 413.197 0.855633
255 3 17 0 187.865 529.281 0.455391
256 3 17 1 552.494 600.962 0.850496
257 3 17 2 358.96 657.897 0.41683
258 3 18 0 451.435 670.554 0.625591
259 4 0 0 358.922 280.425 0.730444
260 4 0 1 661.853 293.07 0.787701
261 4 0 2 807.603 316.294 0.588734
262 4 0 3 148.667 394.304 0.553622
263 4 1 0 824.516 116.01 0.654356
264 4 1 1 145.725 137.059 0.819278
265 4 1 2 681.326 139.207 0.856663
266 4 1 3 361.757 145.525 0.861732
267 4 2 0 325.427 278.422 0.775722
268 4 2 1 636.637 290.96 0.75382
269 4 2 2 830.081 314.176 0.534108
270 4 2 3 193.607 394.334 0.530494
271 4 3 0 389.812 280.467 0.750846
272 4 3 1 687.085 295.13 0.751043
273 4 3 2 782.447 318.446 0.5808
274 4 3 3 103.791 392.21 0.530619
275 4 4 0 639.376 75.912 0.941739
276 4 4 1 389.797 120.205 0.774822
277 4 5 0 844.186 109.747 0.634804
278 4 5 1 210.191 141.209 0.775622
279 4 5 2 636.59 139.139 0.868008
280 4 5 3 319.625 143.375 0.849715
281 4 6 0 810.416 124.33 0.725532
282 4 6 1 78.6536 132.835 0.785411
283 4 6 2 723.457 141.275 0.820618
284 4 6 3 406.571 153.9 0.804578
285 4 7 0 308.554 381.686 0.840729
286 4 7 1 639.246 402.791 0.799317
287 4 7 2 818.864 459.662 0.825224
288 4 7 3 199.109 596.707 0.700866
289 4 8 0 389.695 379.606 0.799685
290 4 8 1 687.19 411.121 0.79652
291 4 8 2 743.158 463.889 0.823328
292 4 8 3 123.262 567.294 0.762128
293 4 9 0 210.311 42.2733 0.860769
294 4 9 1 350.479 105.429 0.821039
295 4 10 0 774.127 39.9687 0.8001
296 4 10 1 684.38 75.8332 0.948316
297 4 11 0 297.259 208.68 0.835123
298 4 11 1 611.387 219.326 0.86945
299 4 11 2 235.646 290.988 0.84517
300 4 12 0 748.652 217.194 0.813974
301 4 12 1 414.905 219.336 0.811828
302 4 12 2 796.549 238.292 0.677745
303 4 12 3 64.462 265.73 0.320666
304 4 13 0 302.749 463.911 0.751983
305 4 13 1 645.001 493.437 0.828894
306 4 13 2 821.615 596.735 0.775183
307 4 13 3 196.334 757.046 0.691019
308 4 14 0 392.673 470.271 0.787854
309 4 14 1 684.355 510.26 0.824495
310 4 14 2 748.711 617.826 0.775165
311 4 14 3 106.56 717.022 0.671492
312 4 15 0 283.239 261.455 0.881451
313 4 15 1 569.24 274.074 0.861337
314 4 15 2 294.453 411.227 0.788328
315 4 16 0 706.616 278.258 0.927715
316 4 16 1 412.31 280.533 0.821778
317 4 16 2 774.078 350.033 0.818585
318 4 16 3 78.6616 373.216 0.483316
319 4 17 0 412.305 497.634 0.808212
320 4 17 1 642.296 533.501 0.742809
321 4 17 2 681.375 632.639 0.836109
322 4 17 3 117.802 716.915 0.256148
323 4 17 4 283.276 735.992 0.17954
324 4 18 0 299.98 497.577 0.79874
325 4 18 1 625.395 525.03 0.801813
326 4 18 2 776.782 594.668 0.469004
327 4 18 3 277.554 740.133 0.528227
P viewIdx, pafIdx, aOverAllIdx, bOverAllIdx, CandidAIdx, CandidBIdx, score
0 0 4 0 0 0 0
0 0 4 1 0 1 0
0 0 4 2 0 2 0
0 0 4 3 0 3 0.988133
0 0 5 0 1 0 0
0 0 5 1 1 1 0.923453
0 0 5 2 1 2 0
0 0 5 3 1 3 0
0 0 6 0 2 0 0.9813
0 0 6 1 2 1 0
0 0 6 2 2 2 0
0 0 6 3 2 3 0
0 0 7 0 3 0 0
0 0 7 1 3 1 0
0 0 7 2 3 2 0.991681
0 0 7 3 3 3 0
0 1 8 26 0 0 0.262601
0 1 8 27 0 1 0
0 1 8 28 0 2 0.263756
0 1 8 29 0 3 0
0 1 9 26 1 0 0.26377
0 1 9 27 1 1 0
0 1 9 28 1 2 0.262586
0 1 9 29 1 3 0
0 1 10 26 2 0 0
0 1 10 27 2 1 0.979725
0 1 10 28 2 2 0
0 1 10 29 2 3 0
0 1 11 26 3 0 0
0 1 11 27 3 1 0
0 1 11 28 3 2 0
0 1 11 29 3 3 0.981471
0 2 26 45 0 0 0.277436
0 2 26 46 0 1 0
0 2 26 47 0 2 0.260464
0 2 27 45 1 0 0
0 2 27 46 1 1 0.998617
0 2 27 47 1 2 0
0 2 28 45 2 0 0.259349
0 2 28 46 2 1 0
0 2 28 47 2 2 0.277383
0 2 29 45 3 0 0
0 2 29 46 3 1 0
0 2 29 47 3 2 0
0 3 0 8 0 0 0.919895
0 3 0 9 0 1 0
0 3 0 10 0 2 0
0 3 0 11 0 3 0
0 3 1 8 1 0 0
0 3 1 9 1 1 0.55177
0 3 1 10 1 2 0
0 3 1 11 1 3 0
0 3 2 8 2 0 0
0 3 2 9 2 1 0
0 3 2 10 2 2 0.919255
0 3 2 11 2 3 0
0 3 3 8 3 0 0
0 3 3 9 3 1 0
0 3 3 10 3 2 0
0 3 3 11 3 3 0.822333
0 4 0 12 0 0 0.927566
0 4 0 13 0 1 0
0 4 0 14 0 2 0
0 4 0 15 0 3 0
0 4 1 12 1 0 0
0 4 1 13 1 1 0.684255
0 4 1 14 1 2 0
0 4 1 15 1 3 0
0 4 2 12 2 0 0
0 4 2 13 2 1 0
0 4 2 14 2 2 0.924945
0 4 2 15 2 3 0
0 4 3 12 3 0 0
0 4 3 13 3 1 0
0 4 3 14 3 2 0
0 4 3 15 3 3 0.816549
0 5 12 30 0 0 0.971249
0 5 12 31 0 1 0
0 5 12 32 0 2 0
0 5 12 33 0 3 0
0 5 13 30 1 0 0
0 5 13 31 1 1 0
0 5 13 32 1 2 0.881343
0 5 13 33 1 3 0
0 5 14 30 2 0 0
0 5 14 31 2 1 0.981135
0 5 14 32 2 2 0
0 5 14 33 2 3 0
0 5 15 30 3 0 0
0 5 15 31 3 1 0
0 5 15 32 3 2 0
0 5 15 33 3 3 0.966735
0 6 30 48 0 0 0.938276
0 6 30 49 0 1 0
0 6 30 50 0 2 0
0 6 31 48 1 0 0
0 6 31 49 1 1 0.997464
0 6 31 50 1 2 0
0 6 32 48 2 0 0
0 6 32 49 2 1 0
0 6 32 50 2 2 0.931338
0 6 33 48 3 0 0
0 6 33 49 3 1 0
0 6 33 50 3 2 0
0 7 4 18 0 0 0.957632
0 7 4 19 0 1 0
0 7 4 20 0 2 0
0 7 4 21 0 3 0
0 7 5 18 1 0 0
0 7 5 19 1 1 0.881209
0 7 5 20 1 2 0
0 7 5 21 1 3 0
0 7 6 18 2 0 0
0 7 6 19 2 1 0
0 7 6 20 2 2 0.977673
0 7 6 21 2 3 0
0 7 7 18 3 0 0
0 7 7 19 3 1 0
0 7 7 20 3 2 0
0 7 7 21 3 3 0.996467
0 8 18 39 0 0 0.989557
0 8 18 40 0 1 0
0 8 18 41 0 2 0
0 8 19 39 1 0 0
0 8 19 40 1 1 0
0 8 19 41 1 2 0.521814
0 8 20 39 2 0 0
0 8 20 40 2 1 0
0 8 20 41 2 2 0.478186
0 8 21 39 3 0 0
0 8 21 40 3 1 0.977442
0 8 21 41 3 2 0
0 9 39 51 0 0 0
0 9 39 52 0 1 0
0 9 39 53 0 2 0.52141
0 9 40 51 1 0 0.514435
0 9 40 52 1 1 0
0 9 40 53 1 2 0.256416
0 9 41 51 2 0 0
0 9 41 52 2 1 0.990722
0 9 41 53 2 2 0
0 10 18 34 0 0 0.995142
0 10 18 35 0 1 0
0 10 19 34 1 0 0
0 10 19 35 1 1 0.53263
0 10 20 34 2 0 0
0 10 20 35 2 1 0.46737
0 10 21 34 3 0 0
0 10 21 35 3 1 0
0 11 4 22 0 0 0
0 11 4 23 0 1 0.940969
0 11 4 24 0 2 0
0 11 4 25 0 3 0
0 11 5 22 1 0 0.855365
0 11 5 23 1 1 0
0 11 5 24 1 2 0
0 11 5 25 1 3 0
0 11 6 22 2 0 0
0 11 6 23 2 1 0
0 11 6 24 2 2 0
0 11 6 25 2 3 0.986012
0 11 7 22 3 0 0
0 11 7 23 3 1 0
0 11 7 24 3 2 0.9687
0 11 7 25 3 3 0
0 12 22 42 0 0 0
0 12 22 43 0 1 0
0 12 22 44 0 2 0
0 12 23 42 1 0 0.271487
0 12 23 43 1 1 0
0 12 23 44 1 2 0.295145
0 12 24 42 2 0 0
0 12 24 43 2 1 0.993834
0 12 24 44 2 2 0
0 12 25 42 3 0 0.296465
0 12 25 43 3 1 0
0 12 25 44 3 2 0.272152
0 13 42 54 0 0 0
0 13 42 55 0 1 0
0 13 42 56 0 2 0.459465
0 13 43 54 1 0 0
0 13 43 55 1 1 0.996322
0 13 43 56 1 2 0
0 13 44 54 2 0 0
0 13 44 55 2 1 0
0 13 44 56 2 2 0.540535
0 14 22 36 0 0 0
0 14 22 37 0 1 0
0 14 22 38 0 2 0
0 14 23 36 1 0 0.955414
0 14 23 37 1 1 0
0 14 23 38 1 2 0
0 14 24 36 2 0 0
0 14 24 37 2 1 0
0 14 24 38 2 2 0.995326
0 14 25 36 3 0 0
0 14 25 37 3 1 0.99025
0 14 25 38 3 2 0
0 15 4 16 0 0 0
0 15 4 17 0 1 0
0 15 5 16 1 0 0.487194
0 15 5 17 1 1 0
0 15 6 16 2 0 0.512806
0 15 6 17 2 1 0
0 15 7 16 3 0 0
0 15 7 17 3 1 0.990429
0 16 48 57 0 0 0.832104
0 16 48 58 0 1 0
0 16 48 59 0 2 0
0 16 49 57 1 0 0
0 16 49 58 1 1 0
0 16 49 59 1 2 0.958146
0 16 50 57 2 0 0
0 16 50 58 2 1 0.967963
0 16 50 59 2 2 0
0 17 45 60 0 0 0.875983
0 17 45 61 0 1 0
0 17 45 62 0 2 0
0 17 46 60 1 0 0
0 17 46 61 1 1 0.963184
0 17 46 62 1 2 0
0 17 47 60 2 0 0
0 17 47 61 2 1 0
0 17 47 62 2 2 0.872149
1 0 67 63 0 0 0
1 0 67 64 0 1 0.972645
1 0 67 65 0 2 0
1 0 67 66 0 3 0
1 0 68 63 1 0 0
1 0 68 64 1 1 0
1 0 68 65 1 2 0.996207
1 0 68 66 1 3 0
1 0 69 63 2 0 0
1 0 69 64 2 1 0
1 0 69 65 2 2 0
1 0 69 66 2 3 0.994414
1 0 70 63 3 0 0.996983
1 0 70 64 3 1 0
1 0 70 65 3 2 0
1 0 70 66 3 3 0
1 1 71 90 0 0 0.979241
1 1 71 91 0 1 0
1 1 71 92 0 2 0
1 1 71 93 0 3 0
1 1 72 90 1 0 0
1 1 72 91 1 1 0.992594
1 1 72 92 1 2 0
1 1 72 93 1 3 0
1 1 73 90 2 0 0
1 1 73 91 2 1 0
1 1 73 92 2 2 0.990996
1 1 73 93 2 3 0
1 1 74 90 3 0 0
1 1 74 91 3 1 0
1 1 74 92 3 2 0
1 1 74 93 3 3 0.978738
1 2 90 110 0 0 0.987819
1 2 90 111 0 1 0
1 2 90 112 0 2 0
1 2 90 113 0 3 0
1 2 91 110 1 0 0
1 2 91 111 1 1 0.994265
1 2 91 112 1 2 0
1 2 91 113 1 3 0
1 2 92 110 2 0 0
1 2 92 111 2 1 0
1 2 92 112 2 2 0
1 2 92 113 2 3 0.998475
1 2 93 110 3 0 0
1 2 93 111 3 1 0
1 2 93 112 3 2 0.946169
1 2 93 113 3 3 0
1 3 63 71 0 0 0.967671
1 3 63 72 0 1 0
1 3 63 73 0 2 0
1 3 63 74 0 3 0
1 3 64 71 1 0 0
1 3 64 72 1 1 0.945903
1 3 64 73 1 2 0
1 3 64 74 1 3 0
1 3 65 71 2 0 0
1 3 65 72 2 1 0
1 3 65 73 2 2 0.924852
1 3 65 74 2 3 0
1 3 66 71 3 0 0
1 3 66 72 3 1 0
1 3 66 73 3 2 0
1 3 66 74 3 3 0.909377
1 4 63 75 0 0 0
1 4 63 76 0 1 0.96982
1 4 63 77 0 2 0
1 4 63 78 0 3 0
1 4 64 75 1 0 0.939668
1 4 64 76 1 1 0
1 4 64 77 1 2 0
1 4 64 78 1 3 0
1 4 65 75 2 0 0
1 4 65 76 2 1 0
1 4 65 77 2 2 0.934258
1 4 65 78 2 3 0
1 4 66 75 3 0 0
1 4 66 76 3 1 0
1 4 66 77 3 2 0
1 4 66 78 3 3 0.910036
1 5 75 94 0 0 0
1 5 75 95 0 1 0.256112
1 5 75 96 0 2 0.255217
1 5 75 97 0 3 0
1 5 76 94 1 0 0.990216
1 5 76 95 1 1 0
1 5 76 96 1 2 0
1 5 76 97 1 3 0
1 5 77 94 2 0 0
1 5 77 95 2 1 0.255223
1 5 77 96 2 2 0.256109
1 5 77 97 2 3 0
1 5 78 94 3 0 0
1 5 78 95 3 1 0
1 5 78 96 3 2 0
1 5 78 97 3 3 0.969802
1 6 94 114 0 0 0.986376
1 6 94 115 0 1 0
1 6 94 116 0 2 0
1 6 94 117 0 3 0
1 6 95 114 1 0 0
1 6 95 115 1 1 0.271925
1 6 95 116 1 2 0.253732
1 6 95 117 1 3 0
1 6 96 114 2 0 0
1 6 96 115 2 1 0.253669
1 6 96 116 2 2 0.27168
1 6 96 117 2 3 0
1 6 97 114 3 0 0
1 6 97 115 3 1 0
1 6 97 116 3 2 0
1 6 97 117 3 3 0.991563
1 7 67 83 0 0 0.985509
1 7 67 84 0 1 0
1 7 67 85 0 2 0
1 7 67 86 0 3 0
1 7 68 83 1 0 0
1 7 68 84 1 1 0
1 7 68 85 1 2 0.991115
1 7 68 86 1 3 0
1 7 69 83 2 0 0
1 7 69 84 2 1 0.980977
1 7 69 85 2 2 0
1 7 69 86 2 3 0
1 7 70 83 3 0 0
1 7 70 84 3 1 0
1 7 70 85 3 2 0
1 7 70 86 3 3 0.995415
1 8 83 103 0 0 0.981333
1 8 83 104 0 1 0
1 8 83 105 0 2 0
1 8 83 106 0 3 0
1 8 84 103 1 0 0
1 8 84 104 1 1 0.980528
1 8 84 105 1 2 0
1 8 84 106 1 3 0
1 8 85 103 2 0 0
1 8 85 104 2 1 0
1 8 85 105 2 2 0
1 8 85 106 2 3 0.995479
1 8 86 103 3 0 0
1 8 86 104 3 1 0
1 8 86 105 3 2 0.988243
1 8 86 106 3 3 0
1 9 103 118 0 0 0.970385
1 9 103 119 0 1 0
1 9 104 118 1 0 0
1 9 104 119 1 1 0
1 9 105 118 2 0 0
1 9 105 119 2 1 0.469997
1 9 106 118 3 0 0
1 9 106 119 3 1 0.52512
1 10 83 98 0 0 0
1 10 83 99 0 1 0.967318
1 10 83 100 0 2 0
1 10 84 98 1 0 0
1 10 84 99 1 1 0
1 10 84 100 1 2 0
1 10 85 98 2 0 0.99406
1 10 85 99 2 1 0
1 10 85 100 2 2 0
1 10 86 98 3 0 0
1 10 86 99 3 1 0
1 10 86 100 3 2 0.745661
1 11 67 87 0 0 0.49727
1 11 67 88 0 1 0
1 11 67 89 0 2 0
1 11 68 87 1 0 0.50273
1 11 68 88 1 1 0
1 11 68 89 1 2 0
1 11 69 87 2 0 0
1 11 69 88 2 1 0.983837
1 11 69 89 2 2 0
1 11 70 87 3 0 0
1 11 70 88 3 1 0
1 11 70 89 3 2 0.998934
1 12 87 107 0 0 0
1 12 87 108 0 1 0.946115
1 12 87 109 0 2 0
1 12 88 107 1 0 0
1 12 88 108 1 1 0
1 12 88 109 1 2 0.99987
1 12 89 107 2 0 0.990135
1 12 89 108 2 1 0
1 12 89 109 2 2 0
1 13 107 120 0 0 0.992968
1 13 107 121 0 1 0
1 13 107 122 0 2 0
1 13 108 120 1 0 0
1 13 108 121 1 1 0.996793
1 13 108 122 1 2 0
1 13 109 120 2 0 0
1 13 109 121 2 1 0
1 13 109 122 2 2 0.999892
1 14 87 101 0 0 0
1 14 87 102 0 1 0
1 14 88 101 1 0 0.979324
1 14 88 102 1 1 0
1 14 89 101 2 0 0
1 14 89 102 2 1 0.988798
1 15 67 79 0 0 0
1 15 67 80 0 1 0.986152
1 15 67 81 0 2 0
1 15 67 82 0 3 0
1 15 68 79 1 0 0.673971
1 15 68 80 1 1 0
1 15 68 81 1 2 0
1 15 68 82 1 3 0
1 15 69 79 2 0 0
1 15 69 80 2 1 0
1 15 69 81 2 2 0
1 15 69 82 2 3 0.988198
1 15 70 79 3 0 0
1 15 70 80 3 1 0
1 15 70 81 3 2 0.965653
1 15 70 82 3 3 0
1 16 114 123 0 0 0.994204
1 16 114 124 0 1 0
1 16 114 125 0 2 0
1 16 114 126 0 3 0
1 16 115 123 1 0 0
1 16 115 124 1 1 0.872205
1 16 115 125 1 2 0
1 16 115 126 1 3 0
1 16 116 123 2 0 0
1 16 116 124 2 1 0
1 16 116 125 2 2 0.809903
1 16 116 126 2 3 0
1 16 117 123 3 0 0
1 16 117 124 3 1 0
1 16 117 125 3 2 0
1 16 117 126 3 3 0.97396
1 17 110 127 0 0 0.902346
1 17 110 128 0 1 0
1 17 110 129 0 2 0
1 17 110 130 0 3 0
1 17 110 131 0 4 0
1 17 111 127 1 0 0
1 17 111 128 1 1 0.984101
1 17 111 129 1 2 0
1 17 111 130 1 3 0
1 17 111 131 1 4 0
1 17 112 127 2 0 0
1 17 112 128 2 1 0
1 17 112 129 2 2 0
1 17 112 130 2 3 0.494861
1 17 112 131 2 4 0.505139
1 17 113 127 3 0 0
1 17 113 128 3 1 0
1 17 113 129 3 2 0.731668
1 17 113 130 3 3 0
1 17 113 131 3 4 0
2 0 137 132 0 0 0.992612
2 0 137 133 0 1 0
2 0 137 134 0 2 0
2 0 137 135 0 3 0
2 0 137 136 0 4 0
2 0 138 132 1 0 0
2 0 138 133 1 1 0.545828
2 0 138 134 1 2 0
2 0 138 135 1 3 0
2 0 138 136 1 4 0
2 0 139 132 2 0 0
2 0 139 133 2 1 0.282194
2 0 139 134 2 2 0.584294
2 0 139 135 2 3 0
2 0 139 136 2 4 0
2 0 140 132 3 0 0
2 0 140 133 3 1 0
2 0 140 134 3 2 0
2 0 140 135 3 3 0.979253
2 0 140 136 3 4 0
2 0 141 132 4 0 0
2 0 141 133 4 1 0
2 0 141 134 4 2 0
2 0 141 135 4 3 0
2 0 141 136 4 4 0.997797
2 1 142 163 0 0 0
2 1 142 164 0 1 0.980444
2 1 142 165 0 2 0
2 1 142 166 0 3 0
2 1 142 167 0 4 0
2 1 143 163 1 0 0.807284
2 1 143 164 1 1 0
2 1 143 165 1 2 0
2 1 143 166 1 3 0
2 1 143 167 1 4 0
2 1 144 163 2 0 0
2 1 144 164 2 1 0
2 1 144 165 2 2 0.952349
2 1 144 166 2 3 0
2 1 144 167 2 4 0
2 1 145 163 3 0 0
2 1 145 164 3 1 0
2 1 145 165 3 2 0
2 1 145 166 3 3 0.989604
2 1 145 167 3 4 0
2 1 146 163 4 0 0
2 1 146 164 4 1 0
2 1 146 165 4 2 0
2 1 146 166 4 3 0
2 1 146 167 4 4 0.993335
2 2 163 183 0 0 0.812158
2 2 163 184 0 1 0
2 2 163 185 0 2 0
2 2 163 186 0 3 0
2 2 163 187 0 4 0
2 2 164 183 1 0 0
2 2 164 184 1 1 0.976421
2 2 164 185 1 2 0
2 2 164 186 1 3 0
2 2 164 187 1 4 0
2 2 165 183 2 0 0
2 2 165 184 2 1 0
2 2 165 185 2 2 0.988549
2 2 165 186 2 3 0
2 2 165 187 2 4 0
2 2 166 183 3 0 0
2 2 166 184 3 1 0
2 2 166 185 3 2 0
2 2 166 186 3 3 0.990926
2 2 166 187 3 4 0
2 2 167 183 4 0 0
2 2 167 184 4 1 0
2 2 167 185 4 2 0
2 2 167 186 4 3 0
2 2 167 187 4 4 0.999373
2 3 132 142 0 0 0.924766
2 3 132 143 0 1 0
2 3 132 144 0 2 0
2 3 132 145 0 3 0
2 3 132 146 0 4 0
2 3 133 142 1 0 0
2 3 133 143 1 1 0.683494
2 3 133 144 1 2 0
2 3 133 145 1 3 0
2 3 133 146 1 4 0
2 3 134 142 2 0 0
2 3 134 143 2 1 0
2 3 134 144 2 2 0.915543
2 3 134 145 2 3 0
2 3 134 146 2 4 0
2 3 135 142 3 0 0
2 3 135 143 3 1 0
2 3 135 144 3 2 0
2 3 135 145 3 3 0.937541
2 3 135 146 3 4 0
2 3 136 142 4 0 0
2 3 136 143 4 1 0
2 3 136 144 4 2 0
2 3 136 145 4 3 0
2 3 136 146 4 4 0.947268
2 4 132 147 0 0 0.943547
2 4 132 148 0 1 0
2 4 132 149 0 2 0
2 4 132 150 0 3 0
2 4 132 151 0 4 0
2 4 133 147 1 0 0
2 4 133 148 1 1 0.708561
2 4 133 149 1 2 0
2 4 133 150 1 3 0
2 4 133 151 1 4 0
2 4 134 147 2 0 0
2 4 134 148 2 1 0
2 4 134 149 2 2 0.928005
2 4 134 150 2 3 0
2 4 134 151 2 4 0
2 4 135 147 3 0 0
2 4 135 148 3 1 0
2 4 135 149 3 2 0
2 4 135 150 3 3 0.91175
2 4 135 151 3 4 0
2 4 136 147 4 0 0
2 4 136 148 4 1 0
2 4 136 149 4 2 0
2 4 136 150 4 3 0
2 4 136 151 4 4 0.943995
2 5 147 168 0 0 0
2 5 147 169 0 1 0.987145
2 5 147 170 0 2 0
2 5 147 171 0 3 0
2 5 147 172 0 4 0
2 5 148 168 1 0 0.801325
2 5 148 169 1 1 0
2 5 148 170 1 2 0
2 5 148 171 1 3 0
2 5 148 172 1 4 0
2 5 149 168 2 0 0
2 5 149 169 2 1 0
2 5 149 170 2 2 0.965074
2 5 149 171 2 3 0
2 5 149 172 2 4 0
2 5 150 168 3 0 0
2 5 150 169 3 1 0
2 5 150 170 3 2 0
2 5 150 171 3 3 0.909625
2 5 150 172 3 4 0
2 5 151 168 4 0 0
2 5 151 169 4 1 0
2 5 151 170 4 2 0
2 5 151 171 4 3 0
2 5 151 172 4 4 0.971308
2 6 168 188 0 0 0.806742
2 6 168 189 0 1 0
2 6 168 190 0 2 0
2 6 168 191 0 3 0
2 6 168 192 0 4 0
2 6 169 188 1 0 0
2 6 169 189 1 1 0.984171
2 6 169 190 1 2 0
2 6 169 191 1 3 0
2 6 169 192 1 4 0
2 6 170 188 2 0 0
2 6 170 189 2 1 0
2 6 170 190 2 2 0.942847
2 6 170 191 2 3 0
2 6 170 192 2 4 0
2 6 171 188 3 0 0
2 6 171 189 3 1 0
2 6 171 190 3 2 0
2 6 171 191 3 3 0.898591
2 6 171 192 3 4 0
2 6 172 188 4 0 0
2 6 172 189 4 1 0
2 6 172 190 4 2 0
2 6 172 191 4 3 0
2 6 172 192 4 4 0.9989
2 7 137 154 0 0 0.98639
2 7 137 155 0 1 0
2 7 137 156 0 2 0
2 7 137 157 0 3 0
2 7 137 158 0 4 0
2 7 138 154 1 0 0
2 7 138 155 1 1 0.477894
2 7 138 156 1 2 0
2 7 138 157 1 3 0
2 7 138 158 1 4 0
2 7 139 154 2 0 0
2 7 139 155 2 1 0.306868
2 7 139 156 2 2 0.541645
2 7 139 157 2 3 0
2 7 139 158 2 4 0
2 7 140 154 3 0 0
2 7 140 155 3 1 0
2 7 140 156 3 2 0
2 7 140 157 3 3 0.977029
2 7 140 158 3 4 0
2 7 141 154 4 0 0
2 7 141 155 4 1 0
2 7 141 156 4 2 0
2 7 141 157 4 3 0
2 7 141 158 4 4 0.994494
2 8 154 177 0 0 0.929573
2 8 154 178 0 1 0
2 8 154 179 0 2 0
2 8 155 177 1 0 0
2 8 155 178 1 1 0
2 8 155 179 1 2 0
2 8 156 177 2 0 0
2 8 156 178 2 1 0
2 8 156 179 2 2 0
2 8 157 177 3 0 0
2 8 157 178 3 1 0.993111
2 8 157 179 3 2 0
2 8 158 177 4 0 0
2 8 158 178 4 1 0
2 8 158 179 4 2 0.977245
2 9 177 193 0 0 0.821136
2 9 177 194 0 1 0
2 9 177 195 0 2 0
2 9 177 196 0 3 0
2 9 178 193 1 0 0
2 9 178 194 1 1 0
2 9 178 195 1 2 0.975662
2 9 178 196 1 3 0
2 9 179 193 2 0 0
2 9 179 194 2 1 0
2 9 179 195 2 2 0
2 9 179 196 2 3 0.858137
2 10 154 173 0 0 0
2 10 154 174 0 1 0
2 10 155 173 1 0 0
2 10 155 174 1 1 0
2 10 156 173 2 0 0
2 10 156 174 2 1 0
2 10 157 173 3 0 0.979469
2 10 157 174 3 1 0
2 10 158 173 4 0 0
2 10 158 174 4 1 0.970759
2 11 137 159 0 0 0.993656
2 11 137 160 0 1 0
2 11 137 161 0 2 0
2 11 137 162 0 3 0
2 11 138 159 1 0 0
2 11 138 160 1 1 0
2 11 138 161 1 2 0.455345
2 11 138 162 1 3 0
2 11 139 159 2 0 0
2 11 139 160 2 1 0
2 11 139 161 2 2 0.544655
2 11 139 162 2 3 0
2 11 140 159 3 0 0
2 11 140 160 3 1 0.978415
2 11 140 161 3 2 0
2 11 140 162 3 3 0
2 11 141 159 4 0 0
2 11 141 160 4 1 0
2 11 141 161 4 2 0
2 11 141 162 4 3 0.986229
2 12 159 180 0 0 0.995293
2 12 159 181 0 1 0
2 12 159 182 0 2 0
2 12 160 180 1 0 0
2 12 160 181 1 1 0
2 12 160 182 1 2 0
2 12 161 180 2 0 0
2 12 161 181 2 1 0.993002
2 12 161 182 2 2 0
2 12 162 180 3 0 0
2 12 162 181 3 1 0
2 12 162 182 3 2 0.944465
2 13 180 197 0 0 0.997574
2 13 180 198 0 1 0
2 13 180 199 0 2 0
2 13 181 197 1 0 0
2 13 181 198 1 1 0.970232
2 13 181 199 1 2 0
2 13 182 197 2 0 0
2 13 182 198 2 1 0
2 13 182 199 2 2 0.892331
2 14 159 175 0 0 0
2 14 159 176 0 1 0
2 14 160 175 1 0 0
2 14 160 176 1 1 0
2 14 161 175 2 0 0.992602
2 14 161 176 2 1 0
2 14 162 175 3 0 0
2 14 162 176 3 1 0.956824
2 15 137 152 0 0 0
2 15 137 153 0 1 0
2 15 138 152 1 0 0
2 15 138 153 1 1 0
2 15 139 152 2 0 0
2 15 139 153 2 1 0.980678
2 15 140 152 3 0 0.967334
2 15 140 153 3 1 0
2 15 141 152 4 0 0
2 15 141 153 4 1 0
2 16 188 200 0 0 0
2 16 188 201 0 1 0
2 16 188 202 0 2 0
2 16 188 203 0 3 0
2 16 189 200 1 0 0.967925
2 16 189 201 1 1 0
2 16 189 202 1 2 0
2 16 189 203 1 3 0
2 16 190 200 2 0 0
2 16 190 201 2 1 0.947739
2 16 190 202 2 2 0
2 16 190 203 2 3 0
2 16 191 200 3 0 0
2 16 191 201 3 1 0
2 16 191 202 3 2 0.826166
2 16 191 203 3 3 0
2 16 192 200 4 0 0
2 16 192 201 4 1 0
2 16 192 202 4 2 0
2 16 192 203 4 3 0.684255
2 17 183 204 0 0 0
2 17 183 205 0 1 0
2 17 183 206 0 2 0
2 17 184 204 1 0 0
2 17 184 205 1 1 0
2 17 184 206 1 2 0
2 17 185 204 2 0 0.924746
2 17 185 205 2 1 0
2 17 185 206 2 2 0
2 17 186 204 3 0 0
2 17 186 205 3 1 0.952606
2 17 186 206 3 2 0
2 17 187 204 4 0 0
2 17 187 205 4 1 0
2 17 187 206 4 2 0.715978
3 0 210 207 0 0 0
3 0 210 208 0 1 0
3 0 210 209 0 2 0.982661
3 0 211 207 1 0 0.994392
3 0 211 208 1 1 0
3 0 211 209 1 2 0
3 0 212 207 2 0 0
3 0 212 208 2 1 0.932206
3 0 212 209 2 2 0
3 1 213 227 0 0 0.983732
3 1 213 228 0 1 0
3 1 213 229 0 2 0
3 1 214 227 1 0 0
3 1 214 228 1 1 0.950784
3 1 214 229 1 2 0
3 1 215 227 2 0 0
3 1 215 228 2 1 0
3 1 215 229 2 2 0.989021
3 2 227 243 0 0 0.950193
3 2 227 244 0 1 0
3 2 227 245 0 2 0
3 2 228 243 1 0 0
3 2 228 244 1 1 0.970091
3 2 228 245 1 2 0
3 2 229 243 2 0 0
3 2 229 244 2 1 0
3 2 229 245 2 2 0.983054
3 3 207 213 0 0 0.956347
3 3 207 214 0 1 0
3 3 207 215 0 2 0
3 3 208 213 1 0 0
3 3 208 214 1 1 0.814238
3 3 208 215 1 2 0
3 3 209 213 2 0 0
3 3 209 214 2 1 0
3 3 209 215 2 2 0.875751
3 4 207 216 0 0 0.963205
3 4 207 217 0 1 0
3 4 207 218 0 2 0
3 4 208 216 1 0 0
3 4 208 217 1 1 0.839034
3 4 208 218 1 2 0
3 4 209 216 2 0 0
3 4 209 217 2 1 0
3 4 209 218 2 2 0.882706
3 5 216 230 0 0 0.994978
3 5 216 231 0 1 0
3 5 216 232 0 2 0
3 5 217 230 1 0 0
3 5 217 231 1 1 0.968249
3 5 217 232 1 2 0
3 5 218 230 2 0 0
3 5 218 231 2 1 0
3 5 218 232 2 2 0.979331
3 6 230 246 0 0 0.98326
3 6 230 247 0 1 0
3 6 230 248 0 2 0
3 6 231 246 1 0 0
3 6 231 247 1 1 0.996083
3 6 231 248 1 2 0
3 6 232 246 2 0 0
3 6 232 247 2 1 0
3 6 232 248 2 2 0.979712
3 7 210 221 0 0 0.97798
3 7 210 222 0 1 0
3 7 210 223 0 2 0
3 7 211 221 1 0 0
3 7 211 222 1 1 0
3 7 211 223 1 2 0.968878
3 7 212 221 2 0 0
3 7 212 222 2 1 0.895824
3 7 212 223 2 2 0
3 8 221 237 0 0 0
3 8 221 238 0 1 0.991731
3 8 221 239 0 2 0
3 8 222 237 1 0 0
3 8 222 238 1 1 0
3 8 222 239 1 2 0.658241
3 8 223 237 2 0 0.976839
3 8 223 238 2 1 0
3 8 223 239 2 2 0
3 9 237 249 0 0 0
3 9 237 250 0 1 0
3 9 237 251 0 2 0.996974
3 9 238 249 1 0 0.722537
3 9 238 250 1 1 0
3 9 238 251 1 2 0
3 9 239 249 2 0 0
3 9 239 250 2 1 0.765365
3 9 239 251 2 2 0
3 10 221 233 0 0 0.985307
3 10 221 234 0 1 0
3 10 222 233 1 0 0
3 10 222 234 1 1 0
3 10 223 233 2 0 0
3 10 223 234 2 1 0.986362
3 11 210 224 0 0 0.985777
3 11 210 225 0 1 0
3 11 210 226 0 2 0
3 11 211 224 1 0 0
3 11 211 225 1 1 0.965786
3 11 211 226 1 2 0
3 11 212 224 2 0 0
3 11 212 225 2 1 0
3 11 212 226 2 2 0.858239
3 12 224 240 0 0 0
3 12 224 241 0 1 0
3 12 224 242 0 2 0.979958
3 12 225 240 1 0 0.83821
3 12 225 241 1 1 0
3 12 225 242 1 2 0
3 12 226 240 2 0 0
3 12 226 241 2 1 0.979455
3 12 226 242 2 2 0
3 13 240 252 0 0 0.876352
3 13 240 253 0 1 0
3 13 240 254 0 2 0
3 13 241 252 1 0 0
3 13 241 253 1 1 0.971758
3 13 241 254 1 2 0
3 13 242 252 2 0 0
3 13 242 253 2 1 0
3 13 242 254 2 2 0.998802
3 14 224 235 0 0 0.820659
3 14 224 236 0 1 0
3 14 225 235 1 0 0
3 14 225 236 1 1 0
3 14 226 235 2 0 0
3 14 226 236 2 1 0.9896
3 15 210 219 0 0 0
3 15 210 220 0 1 0
3 15 211 219 1 0 0.972322
3 15 211 220 1 1 0
3 15 212 219 2 0 0
3 15 212 220 2 1 0.844178
3 16 246 255 0 0 0.932026
3 16 246 256 0 1 0
3 16 246 257 0 2 0
3 16 247 255 1 0 0
3 16 247 256 1 1 0.997013
3 16 247 257 1 2 0
3 16 248 255 2 0 0
3 16 248 256 2 1 0
3 16 248 257 2 2 0.684255
3 17 243 258 0 0 0
3 17 244 258 1 0 0
3 17 245 258 2 0 0.707658
4 0 263 259 0 0 0
4 0 263 260 0 1 0
4 0 263 261 0 2 0.936901
4 0 263 262 0 3 0
4 0 264 259 1 0 0
4 0 264 260 1 1 0
4 0 264 261 1 2 0
4 0 264 262 1 3 0.987318
4 0 265 259 2 0 0
4 0 265 260 2 1 0.999608
4 0 265 261 2 2 0
4 0 265 262 2 3 0
4 0 266 259 3 0 0.97761
4 0 266 260 3 1 0
4 0 266 261 3 2 0
4 0 266 262 3 3 0
4 1 267 285 0 0 0.952164
4 1 267 286 0 1 0
4 1 267 287 0 2 0
4 1 267 288 0 3 0
4 1 268 285 1 0 0
4 1 268 286 1 1 0.994979
4 1 268 287 1 2 0
4 1 268 288 1 3 0
4 1 269 285 2 0 0
4 1 269 286 2 1 0
4 1 269 287 2 2 0.976125
4 1 269 288 2 3 0
4 1 270 285 3 0 0
4 1 270 286 3 1 0
4 1 270 287 3 2 0
4 1 270 288 3 3 0.952388
4 2 285 304 0 0 0.979366
4 2 285 305 0 1 0
4 2 285 306 0 2 0
4 2 285 307 0 3 0
4 2 286 304 1 0 0
4 2 286 305 1 1 0.994775
4 2 286 306 1 2 0
4 2 286 307 1 3 0
4 2 287 304 2 0 0
4 2 287 305 2 1 0
4 2 287 306 2 2 0.996829
4 2 287 307 2 3 0
4 2 288 304 3 0 0
4 2 288 305 3 1 0
4 2 288 306 3 2 0
4 2 288 307 3 3 0.985294
4 3 259 267 0 0 0.943992
4 3 259 268 0 1 0
4 3 259 269 0 2 0
4 3 259 270 0 3 0
4 3 260 267 1 0 0
4 3 260 268 1 1 0.955409
4 3 260 269 1 2 0
4 3 260 270 1 3 0
4 3 261 267 2 0 0
4 3 261 268 2 1 0
4 3 261 269 2 2 0.871046
4 3 261 270 2 3 0
4 3 262 267 3 0 0
4 3 262 268 3 1 0
4 3 262 269 3 2 0
4 3 262 270 3 3 0.873345
4 4 259 271 0 0 0.947807
4 4 259 272 0 1 0
4 4 259 273 0 2 0
4 4 259 274 0 3 0
4 4 260 271 1 0 0
4 4 260 272 1 1 0.958469
4 4 260 273 1 2 0
4 4 260 274 1 3 0
4 4 261 271 2 0 0
4 4 261 272 2 1 0
4 4 261 273 2 2 0.874252
4 4 261 274 2 3 0
4 4 262 271 3 0 0
4 4 262 272 3 1 0
4 4 262 273 3 2 0
4 4 262 274 3 3 0.873454
4 5 271 289 0 0 0.993847
4 5 271 290 0 1 0
4 5 271 291 0 2 0
4 5 271 292 0 3 0
4 5 272 289 1 0 0
4 5 272 290 1 1 0.520819
4 5 272 291 1 2 0.257133
4 5 272 292 1 3 0
4 5 273 289 2 0 0
4 5 273 290 2 1 0
4 5 273 291 2 2 0.509161
4 5 273 292 2 3 0
4 5 274 289 3 0 0
4 5 274 290 3 1 0
4 5 274 291 3 2 0
4 5 274 292 3 3 0.962279
4 6 289 308 0 0 0.990436
4 6 289 309 0 1 0
4 6 289 310 0 2 0
4 6 289 311 0 3 0
4 6 290 308 1 0 0
4 6 290 309 1 1 0.274149
4 6 290 310 1 2 0.25329
4 6 290 311 1 3 0
4 6 291 308 2 0 0
4 6 291 309 2 1 0.252946
4 6 291 310 2 2 0.274348
4 6 291 311 2 3 0
4 6 292 308 3 0 0
4 6 292 309 3 1 0
4 6 292 310 3 2 0
4 6 292 311 3 3 0.974495
4 7 263 277 0 0 0.910135
4 7 263 278 0 1 0
4 7 263 279 0 2 0
4 7 263 280 0 3 0
4 7 264 277 1 0 0
4 7 264 278 1 1 0.983626
4 7 264 279 1 2 0
4 7 264 280 1 3 0
4 7 265 277 2 0 0
4 7 265 278 2 1 0
4 7 265 279 2 2 0.997055
4 7 265 280 2 3 0
4 7 266 277 3 0 0
4 7 266 278 3 1 0
4 7 266 279 3 2 0
4 7 266 280 3 3 0.99744
4 8 277 297 0 0 0
4 8 277 298 0 1 0
4 8 277 299 0 2 0
4 8 278 297 1 0 0
4 8 278 298 1 1 0
4 8 278 299 1 2 0.525293
4 8 279 297 2 0 0
4 8 279 298 2 1 0.993889
4 8 279 299 2 2 0
4 8 280 297 3 0 0.526986
4 8 280 298 3 1 0
4 8 280 299 3 2 0.251993
4 9 297 312 0 0 0.516877
4 9 297 313 0 1 0
4 9 297 314 0 2 0.250594
4 9 298 312 1 0 0
4 9 298 313 1 1 0.999962
4 9 298 314 1 2 0
4 9 299 312 2 0 0
4 9 299 313 2 1 0
4 9 299 314 2 2 0.516269
4 10 277 293 0 0 0
4 10 277 294 0 1 0
4 10 278 293 1 0 0.984278
4 10 278 294 1 1 0
4 10 279 293 2 0 0
4 10 279 294 2 1 0
4 10 280 293 3 0 0
4 10 280 294 3 1 0.9678
4 11 263 281 0 0 0.918403
4 11 263 282 0 1 0
4 11 263 283 0 2 0
4 11 263 284 0 3 0
4 11 264 281 1 0 0
4 11 264 282 1 1 0.984308
4 11 264 283 1 2 0
4 11 264 284 1 3 0
4 11 265 281 2 0 0
4 11 265 282 2 1 0
4 11 265 283 2 2 0.993285
4 11 265 284 2 3 0
4 11 266 281 3 0 0
4 11 266 282 3 1 0
4 11 266 283 3 2 0
4 11 266 284 3 3 0.994579
4 12 281 300 0 0 0
4 12 281 301 0 1 0
4 12 281 302 0 2 0.513449
4 12 281 303 0 3 0
4 12 282 300 1 0 0
4 12 282 301 1 1 0
4 12 282 302 1 2 0
4 12 282 303 1 3 0.834122
4 12 283 300 2 0 0.519114
4 12 283 301 2 1 0
4 12 283 302 2 2 0.252575
4 12 283 303 2 3 0
4 12 284 300 3 0 0
4 12 284 301 3 1 0.986955
4 12 284 302 3 2 0
4 12 284 303 3 3 0
4 13 300 315 0 0 0.274178
4 13 300 316 0 1 0
4 13 300 317 0 2 0.252224
4 13 300 318 0 3 0
4 13 301 315 1 0 0
4 13 301 316 1 1 0.989051
4 13 301 317 1 2 0
4 13 301 318 1 3 0
4 13 302 315 2 0 0.25223
4 13 302 316 2 1 0
4 13 302 317 2 2 0.274394
4 13 302 318 2 3 0
4 13 303 315 3 0 0
4 13 303 316 3 1 0
4 13 303 317 3 2 0
4 13 303 318 3 3 0.832807
4 14 281 295 0 0 0.975245
4 14 281 296 0 1 0
4 14 282 295 1 0 0
4 14 282 296 1 1 0
4 14 283 295 2 0 0
4 14 283 296 2 1 0.995521
4 14 284 295 3 0 0
4 14 284 296 3 1 0
4 15 263 275 0 0 0
4 15 263 276 0 1 0
4 15 264 275 1 0 0
4 15 264 276 1 1 0
4 15 265 275 2 0 0.98759
4 15 265 276 2 1 0
4 15 266 275 3 0 0
4 15 266 276 3 1 0.961249
4 16 308 319 0 0 0.973239
4 16 308 320 0 1 0
4 16 308 321 0 2 0
4 16 308 322 0 3 0
4 16 308 323 0 4 0
4 16 309 319 1 0 0
4 16 309 320 1 1 0.956378
4 16 309 321 1 2 0
4 16 309 322 1 3 0
4 16 309 323 1 4 0
4 16 310 319 2 0 0
4 16 310 320 2 1 0
4 16 310 321 2 2 0.97162
4 16 310 322 2 3 0
4 16 310 323 2 4 0
4 16 311 319 3 0 0
4 16 311 320 3 1 0
4 16 311 321 3 2 0
4 16 311 322 3 3 0.670677
4 16 311 323 3 4 0
4 17 304 324 0 0 0.979037
4 17 304 325 0 1 0
4 17 304 326 0 2 0
4 17 304 327 0 3 0
4 17 305 324 1 0 0
4 17 305 325 1 1 0.967817
4 17 305 326 1 2 0
4 17 305 327 1 3 0
4 17 306 324 2 0 0
4 17 306 325 2 1 0
4 17 306 326 2 2 0.869955
4 17 306 327 2 3 0
4 17 307 324 3 0 0
4 17 307 325 3 1 0
4 17 307 326 3 2 0
4 17 307 327 3 3 0.874333
E jointIdx viewA viewB aOverAllIdx bOverallIdx score
0 0 1 0 63 0.342374
0 0 1 0 64 0.864368
0 0 1 0 65 0.229766
0 0 1 0 66 -1
0 0 1 1 63 0.541114
0 0 1 1 64 0.397045
0 0 1 1 65 0.634751
0 0 1 1 66 -0.809485
0 0 1 2 63 0.732843
0 0 1 2 64 -1
0 0 1 2 65 0.912968
0 0 1 2 66 -1
0 0 1 3 63 -0.743684
0 0 1 3 64 -1
0 0 1 3 65 -0.926876
0 0 1 3 66 0.825402
0 0 2 0 132 -1
0 0 2 0 133 -1
0 0 2 0 134 0.969456
0 0 2 0 135 0.823619
0 0 2 0 136 -1
0 0 2 1 132 -1
0 0 2 1 133 -1
0 0 2 1 134 0.0932763
0 0 2 1 135 -1
0 0 2 1 136 0.664682
0 0 2 2 132 0.660726
0 0 2 2 133 0.610554
0 0 2 2 134 -1
0 0 2 2 135 -1
0 0 2 2 136 -1
0 0 2 3 132 -1
0 0 2 3 133 -1
0 0 2 3 134 0.778754
0 0 2 3 135 0.258597
0 0 2 3 136 -1
0 0 3 0 207 -1
0 0 3 0 208 -1
0 0 3 0 209 0.869167
0 0 3 1 207 -1
0 0 3 1 208 0.707602
0 0 3 1 209 -1
0 0 3 2 207 0.956665
0 0 3 2 208 -1
0 0 3 2 209 -1
0 0 3 3 207 -1
0 0 3 3 208 -1
0 0 3 3 209 0.825259
0 0 4 0 259 -1
0 0 4 0 260 0.595535
0 0 4 0 261 0.867166
0 0 4 0 262 -1
0 0 4 1 259 -1
0 0 4 1 260 0.744887
0 0 4 1 261 0.925098
0 0 4 1 262 -1
0 0 4 2 259 -1
0 0 4 2 260 -1
0 0 4 2 261 -1
0 0 4 2 262 0.683855
0 0 4 3 259 0.873795
0 0 4 3 260 -1
0 0 4 3 261 -1
0 0 4 3 262 -1
0 1 2 63 132 0.770005
0 1 2 63 133 -1
0 1 2 63 134 -1
0 1 2 63 135 -1
0 1 2 63 136 -1
0 1 2 64 132 -1
0 1 2 64 133 -1
0 1 2 64 134 -1
0 1 2 64 135 0.703382
0 1 2 64 136 -1
0 1 2 65 132 -1
0 1 2 65 133 -1
0 1 2 65 134 -1
0 1 2 65 135 -1
0 1 2 65 136 0.953312
0 1 2 66 132 -1
0 1 2 66 133 -1
0 1 2 66 134 0.634144
0 1 2 66 135 -1
0 1 2 66 136 -1
0 1 3 63 207 0.944472
0 1 3 63 208 -1
0 1 3 63 209 -1
0 1 3 64 207 -1
0 1 3 64 208 0.993945
0 1 3 64 209 0.984398
0 1 3 65 207 -1
0 1 3 65 208 0.927065
0 1 3 65 209 0.90483
0 1 3 66 207 0.849972
0 1 3 66 208 -1
0 1 3 66 209 -1
0 1 4 63 259 0.306683
0 1 4 63 260 -1
0 1 4 63 261 -1
0 1 4 63 262 0.86113
0 1 4 64 259 -1
0 1 4 64 260 -1
0 1 4 64 261 0.729712
0 1 4 64 262 -1
0 1 4 65 259 -1
0 1 4 65 260 0.983965
0 1 4 65 261 -1
0 1 4 65 262 -1
0 1 4 66 259 0.979007
0 1 4 66 260 -1
0 1 4 66 261 -1
0 1 4 66 262 0.00984532
0 2 3 132 207 0.56924
0 2 3 132 208 -1
0 2 3 132 209 -1
0 2 3 133 207 -1
0 2 3 133 208 -1
0 2 3 133 209 -1
0 2 3 134 207 -1
0 2 3 134 208 -1
0 2 3 134 209 -1
0 2 3 135 207 -1
0 2 3 135 208 -1
0 2 3 135 209 0.9988
0 2 3 136 207 -1
0 2 3 136 208 0.956828
0 2 3 136 209 -1
0 2 4 132 259 0.892546
0 2 4 132 260 -1
0 2 4 132 261 -1
0 2 4 132 262 0.905004
0 2 4 133 259 -1
0 2 4 133 260 -1
0 2 4 133 261 -1
0 2 4 133 262 -1
0 2 4 134 259 0.748582
0 2 4 134 260 -1
0 2 4 134 261 -1
0 2 4 134 262 0.649835
0 2 4 135 259 -1
0 2 4 135 260 -1
0 2 4 135 261 0.932876
0 2 4 135 262 -1
0 2 4 136 259 -1
0 2 4 136 260 0.980569
0 2 4 136 261 -1
0 2 4 136 262 -1
0 3 4 207 259 -0.819559
0 3 4 207 260 0.274288
0 3 4 207 261 0.378588
0 3 4 207 262 0.527291
0 3 4 208 259 -1
0 3 4 208 260 0.538083
0 3 4 208 261 0.00250109
0 3 4 208 262 0.00673136
0 3 4 209 259 -1
0 3 4 209 260 0.127239
0 3 4 209 261 0.535558
0 3 4 209 262 0.349885
1 0 1 4 67 0.246257
1 0 1 4 68 0.0749424
1 0 1 4 69 0.154056
1 0 1 4 70 0.0404893
1 0 1 5 67 0.267876
1 0 1 5 68 0.112563
1 0 1 5 69 0.0929406
1 0 1 5 70 0.0707477
1 0 1 6 67 0.180999
1 0 1 6 68 0.132864
1 0 1 6 69 0.0821893
1 0 1 6 70 0.103424
1 0 1 7 67 -0.909558
1 0 1 7 68 0.0797282
1 0 1 7 69 0.146749
1 0 1 7 70 0.373757
1 0 2 4 137 -1
1 0 2 4 138 0.62229
1 0 2 4 139 0.759818
1 0 2 4 140 -1
1 0 2 4 141 -1
1 0 2 5 137 -1
1 0 2 5 138 -1
1 0 2 5 139 -1
1 0 2 5 140 0.139445
1 0 2 5 141 0.907031
1 0 2 6 137 -1
1 0 2 6 138 -1
1 0 2 6 139 -1
1 0 2 6 140 0.843356
1 0 2 6 141 0.296363
1 0 2 7 137 0.946621
1 0 2 7 138 0.714979
1 0 2 7 139 0.104801
1 0 2 7 140 -1
1 0 2 7 141 -1
1 0 3 4 210 0.214866
1 0 3 4 211 -0.781731
1 0 3 4 212 0.286829
1 0 3 5 210 0.131376
1 0 3 5 211 0.159297
1 0 3 5 212 0.139133
1 0 3 6 210 0.126348
1 0 3 6 211 0.275156
1 0 3 6 212 0.0970038
1 0 3 7 210 0.0948716
1 0 3 7 211 0.365231
1 0 3 7 212 0.0872837
1 0 4 4 263 -1
1 0 4 4 264 -1
1 0 4 4 265 -1
1 0 4 4 266 0.877106
1 0 4 5 263 0.77937
1 0 4 5 264 -0.783198
1 0 4 5 265 0.630891
1 0 4 5 266 0.372937
1 0 4 6 263 0.672596
1 0 4 6 264 -0.801589
1 0 4 6 265 0.774261
1 0 4 6 266 0.354732
1 0 4 7 263 0.0711532
1 0 4 7 264 0.857821
1 0 4 7 265 0.0826741
1 0 4 7 266 -1
1 1 2 67 137 -1
1 1 2 67 138 -1
1 1 2 67 139 -1
1 1 2 67 140 0.600881
1 1 2 67 141 -1
1 1 2 68 137 -1
1 1 2 68 138 -1
1 1 2 68 139 -1
1 1 2 68 140 -1
1 1 2 68 141 0.806728
1 1 2 69 137 -1
1 1 2 69 138 0.87716
1 1 2 69 139 0.837715
1 1 2 69 140 -1
1 1 2 69 141 -1
1 1 2 70 137 0.942842
1 1 2 70 138 -1
1 1 2 70 139 -1
1 1 2 70 140 -1
1 1 2 70 141 -1
1 1 3 67 210 0.124734
1 1 3 67 211 0.0840534
1 1 3 67 212 0.132073
1 1 3 68 210 0.122437
1 1 3 68 211 0.122684
1 1 3 68 212 0.110454
1 1 3 69 210 0.140883
1 1 3 69 211 0.029546
1 1 3 69 212 0.150278
1 1 3 70 210 0.0837902
1 1 3 70 211 0.228731
1 1 3 70 212 0.0819215
1 1 4 67 263 0.566678
1 1 4 67 264 -1
1 1 4 67 265 -1
1 1 4 67 266 -1
1 1 4 68 263 -1
1 1 4 68 264 -1
1 1 4 68 265 0.984409
1 1 4 68 266 -1
1 1 4 69 263 -1
1 1 4 69 264 0.928559
1 1 4 69 265 -1
1 1 4 69 266 0.967928
1 1 4 70 263 -1
1 1 4 70 264 0.892226
1 1 4 70 265 -1
1 1 4 70 266 0.845069
1 2 3 137 210 -1
1 2 3 137 211 0.859284
1 2 3 137 212 -1
1 2 3 138 210 -1
1 2 3 138 211 -1
1 2 3 138 212 -1
1 2 3 139 210 -1
1 2 3 139 211 -1
1 2 3 139 212 0.590552
1 2 3 140 210 0.949854
1 2 3 140 211 -1
1 2 3 140 212 -1
1 2 3 141 210 -1
1 2 3 141 211 -1
1 2 3 141 212 0.954463
1 2 4 137 263 -1
1 2 4 137 264 0.88239
1 2 4 137 265 -1
1 2 4 137 266 -1
1 2 4 138 263 -1
1 2 4 138 264 -1
1 2 4 138 265 -1
1 2 4 138 266 0.531722
1 2 4 139 263 -1
1 2 4 139 264 -1
1 2 4 139 265 -1
1 2 4 139 266 0.888944
1 2 4 140 263 0.952585
1 2 4 140 264 -1
1 2 4 140 265 -1
1 2 4 140 266 -1
1 2 4 141 263 -1
1 2 4 141 264 -1
1 2 4 141 265 0.825504
1 2 4 141 266 -1
1 3 4 210 263 0.110715
1 3 4 210 264 0.126647
1 3 4 210 265 0.0852116
1 3 4 210 266 0.089026
1 3 4 211 263 0.0987227
1 3 4 211 264 0.113277
1 3 4 211 265 0.0980374
1 3 4 211 266 0.100371
1 3 4 212 263 0.0963306
1 3 4 212 264 0.0607177
1 3 4 212 265 0.126198
1 3 4 212 266 0.119053
2 0 1 8 71 0.394842
2 0 1 8 72 0.976385
2 0 1 8 73 0.302733
2 0 1 8 74 -1
2 0 1 9 71 0.560964
2 0 1 9 72 0.453243
2 0 1 9 73 0.638766
2 0 1 9 74 -0.879142
2 0 1 10 71 0.679744
2 0 1 10 72 -1
2 0 1 10 73 0.799024
2 0 1 10 74 -1
2 0 1 11 71 -0.712668
2 0 1 11 72 -1
2 0 1 11 73 -1
2 0 1 11 74 0.740763
2 0 2 8 142 -1
2 0 2 8 143 -1
2 0 2 8 144 0.563999
2 0 2 8 145 0.741419
2 0 2 8 146 -1
2 0 2 9 142 -1
2 0 2 9 143 -1
2 0 2 9 144 0.0938767
2 0 2 9 145 -1
2 0 2 9 146 0.43989
2 0 2 10 142 0.471229
2 0 2 10 143 0.449071
2 0 2 10 144 -1
2 0 2 10 145 -1
2 0 2 10 146 -1
2 0 2 11 142 -1
2 0 2 11 143 -1
2 0 2 11 144 0.383695
2 0 2 11 145 -1
2 0 2 11 146 -1
2 0 3 8 213 -1
2 0 3 8 214 -1
2 0 3 8 215 0.956515
2 0 3 9 213 -1
2 0 3 9 214 0.5658
2 0 3 9 215 0.172429
2 0 3 10 213 0.845087
2 0 3 10 214 -1
2 0 3 10 215 -1
2 0 3 11 213 -1
2 0 3 11 214 -1
2 0 3 11 215 0.22186
2 0 4 8 267 -1
2 0 4 8 268 0.358093
2 0 4 8 269 0.849832
2 0 4 8 270 -1
2 0 4 9 267 -1
2 0 4 9 268 0.611962
2 0 4 9 269 0.806292
2 0 4 9 270 -1
2 0 4 10 267 -1
2 0 4 10 268 -1
2 0 4 10 269 -1
2 0 4 10 270 0.525666
2 0 4 11 267 0.947815
2 0 4 11 268 -1
2 0 4 11 269 -1
2 0 4 11 270 -1
2 1 2 71 142 0.578225
2 1 2 71 143 -1
2 1 2 71 144 -1
2 1 2 71 145 -1
2 1 2 71 146 -1
2 1 2 72 142 -1
2 1 2 72 143 -1
2 1 2 72 144 -1
2 1 2 72 145 0.845108
2 1 2 72 146 -1
2 1 2 73 142 -1
2 1 2 73 143 -1
2 1 2 73 144 -1
2 1 2 73 145 -1
2 1 2 73 146 0.90676
2 1 2 74 142 -1
2 1 2 74 143 -1
2 1 2 74 144 0.216175
2 1 2 74 145 -1
2 1 2 74 146 -1
2 1 3 71 213 0.916689
2 1 3 71 214 -1
2 1 3 71 215 -1
2 1 3 72 213 -1
2 1 3 72 214 0.835373
2 1 3 72 215 0.954543
2 1 3 73 213 -1
2 1 3 73 214 0.879791
2 1 3 73 215 0.695081
2 1 3 74 213 0.960325
2 1 3 74 214 -1
2 1 3 74 215 -1
2 1 4 71 267 -1
2 1 4 71 268 -1
2 1 4 71 269 -1
2 1 4 71 270 0.730419
2 1 4 72 267 -1
2 1 4 72 268 -1
2 1 4 72 269 0.874556
2 1 4 72 270 -1
2 1 4 73 267 -1
2 1 4 73 268 0.984325
2 1 4 73 269 -1
2 1 4 73 270 -1
2 1 4 74 267 0.85019
2 1 4 74 268 -1
2 1 4 74 269 -1
2 1 4 74 270 -1
2 2 3 142 213 0.685069
2 2 3 142 214 -1
2 2 3 142 215 -1
2 2 3 143 213 -1
2 2 3 143 214 -1
2 2 3 143 215 -1
2 2 3 144 213 -1
2 2 3 144 214 -1
2 2 3 144 215 0.341652
2 2 3 145 213 -1
2 2 3 145 214 -1
2 2 3 145 215 0.779119
2 2 3 146 213 -1
2 2 3 146 214 0.86978
2 2 3 146 215 -1
2 2 4 142 267 0.593212
2 2 4 142 268 -1
2 2 4 142 269 -1
2 2 4 142 270 0.860436
2 2 4 143 267 -1
2 2 4 143 268 -1
2 2 4 143 269 -1
2 2 4 143 270 -1
2 2 4 144 267 0.225954
2 2 4 144 268 -1
2 2 4 144 269 -1
2 2 4 144 270 0.862301
2 2 4 145 267 -1
2 2 4 145 268 -1
2 2 4 145 269 0.592124
2 2 4 145 270 -1
2 2 4 146 267 -1
2 2 4 146 268 0.99588
2 2 4 146 269 -1
2 2 4 146 270 -1
2 3 4 213 267 -0.892001
2 3 4 213 268 0.240144
2 3 4 213 269 0.722069
2 3 4 213 270 0.787616
2 3 4 214 267 -1
2 3 4 214 268 0.608749
2 3 4 214 269 -1
2 3 4 214 270 -1
2 3 4 215 267 -1
2 3 4 215 268 0.122032
2 3 4 215 269 0.72423
2 3 4 215 270 0.832463
3 0 1 12 75 0.938587
3 0 1 12 76 0.33796
3 0 1 12 77 0.269308
3 0 1 12 78 -1
3 0 1 13 75 0.324278
3 0 1 13 76 0.514027
3 0 1 13 77 0.715622
3 0 1 13 78 -0.776022
3 0 1 14 75 -1
3 0 1 14 76 0.725174
3 0 1 14 77 0.771352
3 0 1 14 78 -1
3 0 1 15 75 -1
3 0 1 15 76 -0.725521
3 0 1 15 77 -0.962827
3 0 1 15 78 0.827289
3 0 2 12 147 -1
3 0 2 12 148 -1
3 0 2 12 149 0.644281
3 0 2 12 150 0.640957
3 0 2 12 151 -1
3 0 2 13 147 -1
3 0 2 13 148 -1
3 0 2 13 149 0.208309
3 0 2 13 150 -1
3 0 2 13 151 0.860834
3 0 2 14 147 0.838846
3 0 2 14 148 0.746831
3 0 2 14 149 -1
3 0 2 14 150 -1
3 0 2 14 151 -1
3 0 2 15 147 -1
3 0 2 15 148 -1
3 0 2 15 149 0.986673
3 0 2 15 150 0.612331
3 0 2 15 151 -1
3 0 3 12 216 -1
3 0 3 12 217 -1
3 0 3 12 218 0.716305
3 0 3 13 216 -1
3 0 3 13 217 0.914795
3 0 3 13 218 -1
3 0 3 14 216 0.7314
3 0 3 14 217 -1
3 0 3 14 218 -1
3 0 3 15 216 -1
3 0 3 15 217 -1
3 0 3 15 218 0.0754629
3 0 4 12 271 -1
3 0 4 12 272 0.890016
3 0 4 12 273 0.936884
3 0 4 12 274 -1
3 0 4 13 271 -1
3 0 4 13 272 0.870718
3 0 4 13 273 0.922408
3 0 4 13 274 -1
3 0 4 14 271 -1
3 0 4 14 272 -1
3 0 4 14 273 -1
3 0 4 14 274 0.635047
3 0 4 15 271 0.895611
3 0 4 15 272 -1
3 0 4 15 273 -1
3 0 4 15 274 -1
3 1 2 75 147 -1
3 1 2 75 148 -1
3 1 2 75 149 -1
3 1 2 75 150 0.238092
3 1 2 75 151 0.646556
3 1 2 76 147 0.95082
3 1 2 76 148 -1
3 1 2 76 149 0.217816
3 1 2 76 150 -1
3 1 2 76 151 -1
3 1 2 77 147 -1
3 1 2 77 148 -1
3 1 2 77 149 -1
3 1 2 77 150 -1
3 1 2 77 151 0.816403
3 1 2 78 147 -1
3 1 2 78 148 -1
3 1 2 78 149 0.875597
3 1 2 78 150 -1
3 1 2 78 151 -1
3 1 3 75 216 -1
3 1 3 75 217 0.780977
3 1 3 75 218 0.681711
3 1 3 76 216 0.699721
3 1 3 76 217 -1
3 1 3 76 218 -1
3 1 3 77 216 -1
3 1 3 77 217 0.901348
3 1 3 77 218 0.948902
3 1 3 78 216 0.71101
3 1 3 78 217 -1
3 1 3 78 218 -1
3 1 4 75 271 -1
3 1 4 75 272 -1
3 1 4 75 273 0.565053
3 1 4 75 274 -1
3 1 4 76 271 0.82155
3 1 4 76 272 -1
3 1 4 76 273 -1
3 1 4 76 274 0.996289
3 1 4 77 271 -1
3 1 4 77 272 0.683574
3 1 4 77 273 -1
3 1 4 77 274 -1
3 1 4 78 271 0.962087
3 1 4 78 272 -1
3 1 4 78 273 -1
3 1 4 78 274 0.633055
3 2 3 147 216 0.4904
3 2 3 147 217 -1
3 2 3 147 218 -1
3 2 3 148 216 -1
3 2 3 148 217 -1
3 2 3 148 218 -1
3 2 3 149 216 -1
3 2 3 149 217 -1
3 2 3 149 218 -1
3 2 3 150 216 -1
3 2 3 150 217 -1
3 2 3 150 218 0.988306
3 2 3 151 216 -1
3 2 3 151 217 0.946438
3 2 3 151 218 -1
3 2 4 147 271 0.458664
3 2 4 147 272 -1
3 2 4 147 273 -1
3 2 4 147 274 0.964535
3 2 4 148 271 -1
3 2 4 148 272 -1
3 2 4 148 273 -1
3 2 4 148 274 -1
3 2 4 149 271 0.956187
3 2 4 149 272 -1
3 2 4 149 273 -1
3 2 4 149 274 -1
3 2 4 150 271 -1
3 2 4 150 272 -1
3 2 4 150 273 0.563064
3 2 4 150 274 -1
3 2 4 151 271 -1
3 2 4 151 272 0.962175
3 2 4 151 273 -1
3 2 4 151 274 -1
3 3 4 216 271 -0.811121
3 3 4 216 272 0.334053
3 3 4 216 273 0.353008
3 3 4 216 274 0.642856
3 3 4 217 271 -1
3 3 4 217 272 0.517762
3 3 4 217 273 0.0560717
3 3 4 217 274 0.38093
3 3 4 218 271 -1
3 3 4 218 272 0.0703963
3 3 4 218 273 0.508719
3 3 4 218 274 -1
4 0 1 16 79 0.202286
4 0 1 16 80 0.297238
4 0 1 16 81 0.170872
4 0 1 16 82 0.160979
4 0 1 17 79 -1
4 0 1 17 80 -1
4 0 1 17 81 0.492645
4 0 1 17 82 0.522019
4 0 2 16 152 0.820968
4 0 2 16 153 0.179032
4 0 2 17 152 -1
4 0 2 17 153 -1
4 0 3 16 219 -1
4 0 3 16 220 0.369967
4 0 3 17 219 0.628553
4 0 3 17 220 0.371447
4 0 4 16 275 0.675001
4 0 4 16 276 0.324999
4 0 4 17 275 -1
4 0 4 17 276 -1
4 1 2 79 152 -1
4 1 2 79 153 -1
4 1 2 80 152 0.961529
4 1 2 80 153 -1
4 1 2 81 152 -1
4 1 2 81 153 -1
4 1 2 82 152 -1
4 1 2 82 153 0.962293
4 1 3 79 219 -1
4 1 3 79 220 -0.93043
4 1 3 80 219 -1
4 1 3 80 220 0.250482
4 1 3 81 219 0.434537
4 1 3 81 220 0.526124
4 1 3 82 219 0.499682
4 1 3 82 220 0.465511
4 1 4 79 275 0.965544
4 1 4 79 276 -1
4 1 4 80 275 -1
4 1 4 80 276 -1
4 1 4 81 275 -1
4 1 4 81 276 0.463061
4 1 4 82 275 -1
4 1 4 82 276 0.821571
4 2 3 152 219 -1
4 2 3 152 220 -1
4 2 3 153 219 -1
4 2 3 153 220 0.823851
4 2 4 152 275 0.19545
4 2 4 152 276 -1
4 2 4 153 275 -1
4 2 4 153 276 0.829987
4 3 4 219 275 0.627335
4 3 4 219 276 0.216371
4 3 4 220 275 0.137064
4 3 4 220 276 0.657053
5 0 1 18 83 -1
5 0 1 18 84 0.406278
5 0 1 18 85 0.0381922
5 0 1 18 86 -0.795966
5 0 1 19 83 0.312005
5 0 1 19 84 0.0878858
5 0 1 19 85 0.139969
5 0 1 19 86 0.148544
5 0 1 20 83 0.266852
5 0 1 20 84 0.0804987
5 0 1 20 85 0.145119
5 0 1 20 86 0.189853
5 0 1 21 83 -1
5 0 1 21 84 0.0722848
5 0 1 21 85 0.0807085
5 0 1 21 86 0.753566
5 0 2 18 154 0.821811
5 0 2 18 155 0.802393
5 0 2 18 156 0.533843
5 0 2 18 157 -1
5 0 2 18 158 -1
5 0 2 19 154 -1
5 0 2 19 155 -1
5 0 2 19 156 -1
5 0 2 19 157 0.485738
5 0 2 19 158 0.927592
5 0 2 20 154 -1
5 0 2 20 155 -1
5 0 2 20 156 -1
5 0 2 20 157 0.79844
5 0 2 20 158 0.675916
5 0 2 21 154 0.958325
5 0 2 21 155 0.923371
5 0 2 21 156 0.620643
5 0 2 21 157 -1
5 0 2 21 158 -1
5 0 3 18 221 0.283861
5 0 3 18 222 0.321751
5 0 3 18 223 -0.928713
5 0 3 19 221 0.152104
5 0 3 19 222 0.126173
5 0 3 19 223 0.175004
5 0 3 20 221 0.124761
5 0 3 20 222 0.109446
5 0 3 20 223 0.293452
5 0 3 21 221 0.0534738
5 0 3 21 222 0.0880366
5 0 3 21 223 0.538714
5 0 4 18 277 -1
5 0 4 18 278 -1
5 0 4 18 279 -0.816665
5 0 4 18 280 0.753447
5 0 4 19 277 0.839645
5 0 4 19 278 -0.93782
5 0 4 19 279 0.709697
5 0 4 19 280 0.229157
5 0 4 20 277 0.786164
5 0 4 20 278 -0.994009
5 0 4 20 279 0.799268
5 0 4 20 280 0.229148
5 0 4 21 277 0.313778
5 0 4 21 278 0.969178
5 0 4 21 279 0.255828
5 0 4 21 280 -1
5 1 2 83 154 -1
5 1 2 83 155 -1
5 1 2 83 156 -1
5 1 2 83 157 0.884104
5 1 2 83 158 -1
5 1 2 84 154 -1
5 1 2 84 155 0.0833791
5 1 2 84 156 0.472589
5 1 2 84 157 -1
5 1 2 84 158 -1
5 1 2 85 154 -1
5 1 2 85 155 -1
5 1 2 85 156 -1
5 1 2 85 157 -1
5 1 2 85 158 0.91282
5 1 2 86 154 0.990392
5 1 2 86 155 -1
5 1 2 86 156 -1
5 1 2 86 157 -1
5 1 2 86 158 0.063442
5 1 3 83 221 0.140567
5 1 3 83 222 0.135917
5 1 3 83 223 0.156477
5 1 3 84 221 0.306876
5 1 3 84 222 0.274497
5 1 3 84 223 -1
5 1 3 85 221 0.131587
5 1 3 85 222 0.13317
5 1 3 85 223 0.191597
5 1 3 86 221 0.0613235
5 1 3 86 222 0.0858069
5 1 3 86 223 0.548175
5 1 4 83 277 0.986593
5 1 4 83 278 -1
5 1 4 83 279 -1
5 1 4 83 280 -1
5 1 4 84 277 -1
5 1 4 84 278 0.690616
5 1 4 84 279 0.159023
5 1 4 84 280 0.823006
5 1 4 85 277 -1
5 1 4 85 278 -1
5 1 4 85 279 0.970012
5 1 4 85 280 0.0236535
5 1 4 86 277 -0.919059
5 1 4 86 278 0.888706
5 1 4 86 279 0.193466
5 1 4 86 280 0.836887
5 2 3 154 221 -1
5 2 3 154 222 -1
5 2 3 154 223 0.876505
5 2 3 155 221 -1
5 2 3 155 222 -1
5 2 3 155 223 -1
5 2 3 156 221 -1
5 2 3 156 222 0.190932
5 2 3 156 223 -1
5 2 3 157 221 0.92515
5 2 3 157 222 -1
5 2 3 157 223 -1
5 2 3 158 221 -1
5 2 3 158 222 0.874564
5 2 3 158 223 -1
5 2 4 154 277 -1
5 2 4 154 278 0.930786
5 2 4 154 279 -1
5 2 4 154 280 0.53531
5 2 4 155 277 -1
5 2 4 155 278 0.164165
5 2 4 155 279 -1
5 2 4 155 280 0.90659
5 2 4 156 277 -1
5 2 4 156 278 -1
5 2 4 156 279 -1
5 2 4 156 280 0.766494
5 2 4 157 277 0.89025
5 2 4 157 278 -1
5 2 4 157 279 -1
5 2 4 157 280 -1
5 2 4 158 277 -1
5 2 4 158 278 -1
5 2 4 158 279 0.956462
5 2 4 158 280 -1
5 3 4 221 277 0.130736
5 3 4 221 278 0.11163
5 3 4 221 279 0.0800524
5 3 4 221 280 0.0877381
5 3 4 222 277 0.0893077
5 3 4 222 278 0.0949783
5 3 4 222 279 0.113758
5 3 4 222 280 0.113478
5 3 4 223 277 0.0912077
5 3 4 223 278 0.102385
5 3 4 223 279 0.112325
5 3 4 223 280 0.106013
6 0 1 22 87 0.144177
6 0 1 22 88 0.12369
6 0 1 22 89 0.0866898
6 0 1 23 87 0.143105
6 0 1 23 88 0.128069
6 0 1 23 89 0.0827831
6 0 1 24 87 0.026156
6 0 1 24 88 0.112258
6 0 1 24 89 0.189204
6 0 1 25 87 0.12927
6 0 1 25 88 0.101227
6 0 1 25 89 0.122322
6 0 2 22 159 -1
6 0 2 22 160 -1
6 0 2 22 161 -1
6 0 2 22 162 0.83128
6 0 2 23 159 -1
6 0 2 23 160 -1
6 0 2 23 161 0.96265
6 0 2 23 162 -1
6 0 2 24 159 0.984377
6 0 2 24 160 -1
6 0 2 24 161 -1
6 0 2 24 162 -1
6 0 2 25 159 -1
6 0 2 25 160 0.966714
6 0 2 25 161 0.329639
6 0 2 25 162 -1
6 0 3 22 224 0.104053
6 0 3 22 225 0.0743915
6 0 3 22 226 0.165232
6 0 3 23 224 0.108488
6 0 3 23 225 0.0699672
6 0 3 23 226 0.164976
6 0 3 24 224 0.125474
6 0 3 24 225 0.150335
6 0 3 24 226 0.0841379
6 0 3 25 224 0.124821
6 0 3 25 225 0.146022
6 0 3 25 226 0.0882501
6 0 4 22 281 0.602483
6 0 4 22 282 -0.80728
6 0 4 22 283 0.465615
6 0 4 22 284 0.474871
6 0 4 23 281 0.28497
6 0 4 23 282 -1
6 0 4 23 283 0.19157
6 0 4 23 284 0.531667
6 0 4 24 281 -0.994955
6 0 4 24 282 0.936903
6 0 4 24 283 -1
6 0 4 24 284 -0.645095
6 0 4 25 281 0.58553
6 0 4 25 282 -0.607603
6 0 4 25 283 0.524436
6 0 4 25 284 0.319108
6 1 2 87 159 -1
6 1 2 87 160 0.133955
6 1 2 87 161 -1
6 1 2 87 162 0.826842
6 1 2 88 159 -1
6 1 2 88 160 -1
6 1 2 88 161 0.9216
6 1 2 88 162 -1
6 1 2 89 159 0.982266
6 1 2 89 160 -1
6 1 2 89 161 -1
6 1 2 89 162 -1
6 1 3 87 224 0.139714
6 1 3 87 225 0.125055
6 1 3 87 226 0.15961
6 1 3 88 224 0.148178
6 1 3 88 225 0.103784
6 1 3 88 226 0.169057
6 1 3 89 224 0.140411
6 1 3 89 225 0.194488
6 1 3 89 226 0.102044
6 1 4 87 281 0.019929
6 1 4 87 282 -1
6 1 4 87 283 0.834324
6 1 4 87 284 -1
6 1 4 88 281 -1
6 1 4 88 282 0.973212
6 1 4 88 283 -1
6 1 4 88 284 0.914983
6 1 4 89 281 -1
6 1 4 89 282 0.867795
6 1 4 89 283 -1
6 1 4 89 284 0.957243
6 2 3 159 224 -1
6 2 3 159 225 0.936646
6 2 3 159 226 -1
6 2 3 160 224 0.988197
6 2 3 160 225 -1
6 2 3 160 226 -1
6 2 3 161 224 -1
6 2 3 161 225 -1
6 2 3 161 226 0.902956
6 2 3 162 224 -1
6 2 3 162 225 -1
6 2 3 162 226 0.982658
6 2 4 159 281 -1
6 2 4 159 282 0.771534
6 2 4 159 283 -1
6 2 4 159 284 -1
6 2 4 160 281 0.949471
6 2 4 160 282 -1
6 2 4 160 283 0.440402
6 2 4 160 284 -1
6 2 4 161 281 -1
6 2 4 161 282 -1
6 2 4 161 283 -1
6 2 4 161 284 0.789619
6 2 4 162 281 0.0490093
6 2 4 162 282 -1
6 2 4 162 283 0.776044
6 2 4 162 284 -1
6 3 4 224 281 0.11367
6 3 4 224 282 0.131365
6 3 4 224 283 0.107468
6 3 4 224 284 0.106156
6 3 4 225 281 0.103976
6 3 4 225 282 0.163915
6 3 4 225 283 0.101918
6 3 4 225 284 0.100436
6 3 4 226 281 0.123996
6 3 4 226 282 0.0350909
6 3 4 226 283 0.133283
6 3 4 226 284 0.136456
7 0 1 26 90 0.452412
7 0 1 26 91 0.909417
7 0 1 26 92 -1
7 0 1 26 93 -1
7 0 1 27 90 0.862309
7 0 1 27 91 -1
7 0 1 27 92 -1
7 0 1 27 93 -1
7 0 1 28 90 0.575561
7 0 1 28 91 -1
7 0 1 28 92 0.705886
7 0 1 28 93 -1
7 0 1 29 90 -0.890281
7 0 1 29 91 -1
7 0 1 29 92 -1
7 0 1 29 93 0.734277
7 0 2 26 163 -1
7 0 2 26 164 -1
7 0 2 26 165 0.415703
7 0 2 26 166 0.900644
7 0 2 26 167 -1
7 0 2 27 163 0.0391899
7 0 2 27 164 0.169262
7 0 2 27 165 -1
7 0 2 27 166 -1
7 0 2 27 167 -1
7 0 2 28 163 -1
7 0 2 28 164 -1
7 0 2 28 165 -1
7 0 2 28 166 -1
7 0 2 28 167 0.570305
7 0 2 29 163 -1
7 0 2 29 164 -1
7 0 2 29 165 0.835828
7 0 2 29 166 -1
7 0 2 29 167 -1
7 0 3 26 227 -1
7 0 3 26 228 -1
7 0 3 26 229 0.87052
7 0 3 27 227 0.549822
7 0 3 27 228 -1
7 0 3 27 229 -1
7 0 3 28 227 -1
7 0 3 28 228 0.844263
7 0 3 28 229 -1
7 0 3 29 227 -1
7 0 3 29 228 -1
7 0 3 29 229 -1
7 0 4 26 285 -1
7 0 4 26 286 0.176697
7 0 4 26 287 0.833789
7 0 4 26 288 -1
7 0 4 27 285 -1
7 0 4 27 286 -1
7 0 4 27 287 -1
7 0 4 27 288 0.930684
7 0 4 28 285 -1
7 0 4 28 286 0.718604
7 0 4 28 287 0.440134
7 0 4 28 288 -1
7 0 4 29 285 0.987097
7 0 4 29 286 -1
7 0 4 29 287 -1
7 0 4 29 288 -1
7 1 2 90 163 -1
7 1 2 90 164 0.554888
7 1 2 90 165 -1
7 1 2 90 166 -1
7 1 2 90 167 -1
7 1 2 91 163 -1
7 1 2 91 164 -1
7 1 2 91 165 -1
7 1 2 91 166 0.952551
7 1 2 91 167 -1
7 1 2 92 163 -1
7 1 2 92 164 -1
7 1 2 92 165 -1
7 1 2 92 166 -1
7 1 2 92 167 0.931819
7 1 2 93 163 -1
7 1 2 93 164 -1
7 1 2 93 165 0.919939
7 1 2 93 166 -1
7 1 2 93 167 -1
7 1 3 90 227 0.688188
7 1 3 90 228 -1
7 1 3 90 229 -1
7 1 3 91 227 -1
7 1 3 91 228 0.65069
7 1 3 91 229 0.938557
7 1 3 92 227 -1
7 1 3 92 228 0.92556
7 1 3 92 229 0.532113
7 1 3 93 227 0.3491
7 1 3 93 228 -1
7 1 3 93 229 -1
7 1 4 90 285 -1
7 1 4 90 286 -1
7 1 4 90 287 -1
7 1 4 90 288 0.776936
7 1 4 91 285 -1
7 1 4 91 286 -1
7 1 4 91 287 0.949092
7 1 4 91 288 -1
7 1 4 92 285 -1
7 1 4 92 286 0.931586
7 1 4 92 287 -1
7 1 4 92 288 -1
7 1 4 93 285 0.881464
7 1 4 93 286 -1
7 1 4 93 287 -1
7 1 4 93 288 -1
7 2 3 163 227 -1
7 2 3 163 228 -1
7 2 3 163 229 -1
7 2 3 164 227 0.578951
7 2 3 164 228 -1
7 2 3 164 229 -1
7 2 3 165 227 -1
7 2 3 165 228 -1
7 2 3 165 229 -1
7 2 3 166 227 -1
7 2 3 166 228 0.115031
7 2 3 166 229 0.979687
7 2 3 167 227 -1
7 2 3 167 228 0.769397
7 2 3 167 229 -1
7 2 4 163 285 -1
7 2 4 163 286 -1
7 2 4 163 287 -1
7 2 4 163 288 -1
7 2 4 164 285 -1
7 2 4 164 286 -1
7 2 4 164 287 -1
7 2 4 164 288 0.374393
7 2 4 165 285 0.826388
7 2 4 165 286 -1
7 2 4 165 287 -1
7 2 4 165 288 -1
7 2 4 166 285 -1
7 2 4 166 286 -1
7 2 4 166 287 0.760998
7 2 4 166 288 -1
7 2 4 167 285 -1
7 2 4 167 286 0.928894
7 2 4 167 287 -1
7 2 4 167 288 -1
7 3 4 227 285 -1
7 3 4 227 286 0.144701
7 3 4 227 287 0.45761
7 3 4 227 288 0.575814
7 3 4 228 285 -1
7 3 4 228 286 0.838369
7 3 4 228 287 -1
7 3 4 228 288 -1
7 3 4 229 285 -1
7 3 4 229 286 -1
7 3 4 229 287 0.775625
7 3 4 229 288 0.79088
8 0 1 30 94 0.308637
8 0 1 30 95 0.845758
8 0 1 30 96 -1
8 0 1 30 97 -1
8 0 1 31 94 0.856194
8 0 1 31 95 -1
8 0 1 31 96 0.142418
8 0 1 31 97 -1
8 0 1 32 94 0.71396
8 0 1 32 95 -1
8 0 1 32 96 0.927859
8 0 1 32 97 -1
8 0 1 33 94 -0.878791
8 0 1 33 95 -1
8 0 1 33 96 -1
8 0 1 33 97 0.807169
8 0 2 30 168 -1
8 0 2 30 169 -1
8 0 2 30 170 -1
8 0 2 30 171 0.632008
8 0 2 30 172 -1
8 0 2 31 168 0.422392
8 0 2 31 169 0.740088
8 0 2 31 170 -1
8 0 2 31 171 -1
8 0 2 31 172 -1
8 0 2 32 168 -1
8 0 2 32 169 -1
8 0 2 32 170 0.682718
8 0 2 32 171 -1
8 0 2 32 172 0.667532
8 0 2 33 168 -1
8 0 2 33 169 -1
8 0 2 33 170 0.867368
8 0 2 33 171 -1
8 0 2 33 172 -1
8 0 3 30 230 -1
8 0 3 30 231 -1
8 0 3 30 232 0.678406
8 0 3 31 230 0.910056
8 0 3 31 231 -1
8 0 3 31 232 -1
8 0 3 32 230 -1
8 0 3 32 231 0.699238
8 0 3 32 232 -1
8 0 3 33 230 -1
8 0 3 33 231 -1
8 0 3 33 232 -1
8 0 4 30 289 -1
8 0 4 30 290 0.641773
8 0 4 30 291 0.974419
8 0 4 30 292 -1
8 0 4 31 289 -1
8 0 4 31 290 -1
8 0 4 31 291 -1
8 0 4 31 292 0.960793
8 0 4 32 289 -1
8 0 4 32 290 0.833953
8 0 4 32 291 0.758844
8 0 4 32 292 -1
8 0 4 33 289 0.854175
8 0 4 33 290 -1
8 0 4 33 291 -1
8 0 4 33 292 -1
8 1 2 94 168 -1
8 1 2 94 169 0.868443
8 1 2 94 170 0.804919
8 1 2 94 171 -1
8 1 2 94 172 -1
8 1 2 95 168 -1
8 1 2 95 169 -1
8 1 2 95 170 -1
8 1 2 95 171 0.595083
8 1 2 95 172 0.901677
8 1 2 96 168 -1
8 1 2 96 169 -1
8 1 2 96 170 -1
8 1 2 96 171 0.611971
8 1 2 96 172 0.936216
8 1 2 97 168 -1
8 1 2 97 169 0.876109
8 1 2 97 170 0.935706
8 1 2 97 171 -1
8 1 2 97 172 -1
8 1 3 94 230 0.902606
8 1 3 94 231 -1
8 1 3 94 232 -1
8 1 3 95 230 -1
8 1 3 95 231 0.634587
8 1 3 95 232 0.756852
8 1 3 96 230 -1
8 1 3 96 231 0.811549
8 1 3 96 232 0.568872
8 1 3 97 230 -1
8 1 3 97 231 -1
8 1 3 97 232 -1
8 1 4 94 289 0.995753
8 1 4 94 290 -1
8 1 4 94 291 -1
8 1 4 94 292 0.723299
8 1 4 95 289 -1
8 1 4 95 290 0.199707
8 1 4 95 291 0.691216
8 1 4 95 292 -1
8 1 4 96 289 -1
8 1 4 96 290 0.858625
8 1 4 96 291 -1
8 1 4 96 292 -1
8 1 4 97 289 0.979304
8 1 4 97 290 -1
8 1 4 97 291 -1
8 1 4 97 292 0.621623
8 2 3 168 230 -1
8 2 3 168 231 -1
8 2 3 168 232 -1
8 2 3 169 230 0.625827
8 2 3 169 231 -1
8 2 3 169 232 -1
8 2 3 170 230 -1
8 2 3 170 231 -1
8 2 3 170 232 -1
8 2 3 171 230 -1
8 2 3 171 231 -1
8 2 3 171 232 0.954925
8 2 3 172 230 -1
8 2 3 172 231 0.863697
8 2 3 172 232 -1
8 2 4 168 289 -1
8 2 4 168 290 -1
8 2 4 168 291 -1
8 2 4 168 292 -1
8 2 4 169 289 0.733584
8 2 4 169 290 -1
8 2 4 169 291 -1
8 2 4 169 292 0.589019
8 2 4 170 289 0.90841
8 2 4 170 290 -1
8 2 4 170 291 -1
8 2 4 170 292 0.714046
8 2 4 171 289 -1
8 2 4 171 290 -1
8 2 4 171 291 0.807052
8 2 4 171 292 -1
8 2 4 172 289 -1
8 2 4 172 290 0.945457
8 2 4 172 291 -1
8 2 4 172 292 -1
8 3 4 230 289 -1
8 3 4 230 290 0.755848
8 3 4 230 291 0.28275
8 3 4 230 292 0.775124
8 3 4 231 289 -1
8 3 4 231 290 0.69701
8 3 4 231 291 -1
8 3 4 231 292 -1
8 3 4 232 289 -1
8 3 4 232 290 -1
8 3 4 232 291 0.839912
8 3 4 232 292 -1
9 0 1 34 98 0.445751
9 0 1 34 99 0.0162339
9 0 1 34 100 0.170876
9 0 1 35 98 0.263653
9 0 1 35 99 0.271814
9 0 1 35 100 0.247377
9 0 2 34 173 -1
9 0 2 34 174 -1
9 0 2 35 173 0.505561
9 0 2 35 174 0.494439
9 0 3 34 233 0.481784
9 0 3 34 234 -1
9 0 3 35 233 0.237789
9 0 3 35 234 -1
9 0 4 34 293 -1
9 0 4 34 294 0.906003
9 0 4 35 293 -1
9 0 4 35 294 -1
9 1 2 98 173 -1
9 1 2 98 174 0.944825
9 1 2 99 173 0.963727
9 1 2 99 174 -1
9 1 2 100 173 -1
9 1 2 100 174 0.0650603
9 1 3 98 233 0.942312
9 1 3 98 234 -1
9 1 3 99 233 0.982601
9 1 3 99 234 -1
9 1 3 100 233 -1
9 1 3 100 234 0.772426
9 1 4 98 293 -1
9 1 4 98 294 -1
9 1 4 99 293 -1
9 1 4 99 294 -1
9 1 4 100 293 0.676913
9 1 4 100 294 0.323087
9 2 3 173 233 0.913663
9 2 3 173 234 -1
9 2 3 174 233 -1
9 2 3 174 234 -1
9 2 4 173 293 -1
9 2 4 173 294 -1
9 2 4 174 293 -1
9 2 4 174 294 -1
9 3 4 233 293 0.513482
9 3 4 233 294 -1
9 3 4 234 293 0.426908
9 3 4 234 294 0.248952
10 0 1 36 101 0.378761
10 0 1 36 102 0.129039
10 0 1 37 101 0.236867
10 0 1 37 102 0.264084
10 0 1 38 101 0.126254
10 0 1 38 102 0.369358
10 0 2 36 175 0.78617
10 0 2 36 176 -1
10 0 2 37 175 0.048247
10 0 2 37 176 0.363102
10 0 2 38 175 0.165583
10 0 2 38 176 -1
10 0 3 36 235 0.730184
10 0 3 36 236 0.269816
10 0 3 37 235 0.693847
10 0 3 37 236 0.306153
10 0 3 38 235 -1
10 0 3 38 236 -1
10 0 4 36 295 -1
10 0 4 36 296 -1
10 0 4 37 295 0.569235
10 0 4 37 296 0.430765
10 0 4 38 295 -1
10 0 4 38 296 -1
10 1 2 101 175 0.989632
10 1 2 101 176 -1
10 1 2 102 175 -1
10 1 2 102 176 -1
10 1 3 101 235 0.198817
10 1 3 101 236 0.27542
10 1 3 102 235 -1
10 1 3 102 236 0.0392469
10 1 4 101 295 -1
10 1 4 101 296 -1
10 1 4 102 295 -1
10 1 4 102 296 -1
10 2 3 175 235 -1
10 2 3 175 236 0.293057
10 2 3 176 235 -1
10 2 3 176 236 0.706943
10 2 4 175 295 -1
10 2 4 175 296 -1
10 2 4 176 295 0.445816
10 2 4 176 296 0.554184
10 3 4 235 295 0.560394
10 3 4 235 296 0.20341
10 3 4 236 295 0.227093
10 3 4 236 296 0.574819
11 0 1 39 103 -0.647645
11 0 1 39 104 0.231442
11 0 1 39 105 0.246451
11 0 1 39 106 0.174321
11 0 1 40 103 -0.70144
11 0 1 40 104 0.224786
11 0 1 40 105 0.212009
11 0 1 40 106 0.238418
11 0 1 41 103 0.056597
11 0 1 41 104 0.117229
11 0 1 41 105 0.115425
11 0 1 41 106 0.14225
11 0 2 39 177 -1
11 0 2 39 178 -1
11 0 2 39 179 -1
11 0 2 40 177 0.684247
11 0 2 40 178 -1
11 0 2 40 179 -1
11 0 2 41 177 -1
11 0 2 41 178 0.439668
11 0 2 41 179 0.733688
11 0 3 39 237 0.785223
11 0 3 39 238 -1
11 0 3 39 239 -1
11 0 3 40 237 0.925689
11 0 3 40 238 -1
11 0 3 40 239 -1
11 0 3 41 237 -1
11 0 3 41 238 0.310021
11 0 3 41 239 0.83837
11 0 4 39 297 0.769801
11 0 4 39 298 -1
11 0 4 39 299 -1
11 0 4 40 297 -1
11 0 4 40 298 -1
11 0 4 40 299 0.909522
11 0 4 41 297 0.049085
11 0 4 41 298 0.97506
11 0 4 41 299 -1
11 1 2 103 177 -1
11 1 2 103 178 0.86944
11 1 2 103 179 -1
11 1 2 104 177 -1
11 1 2 104 178 -1
11 1 2 104 179 -1
11 1 2 105 177 0.821387
11 1 2 105 178 -1
11 1 2 105 179 -1
11 1 2 106 177 -1
11 1 2 106 178 -1
11 1 2 106 179 0.777934
11 1 3 103 237 0.29145
11 1 3 103 238 0.27722
11 1 3 103 239 0.28839
11 1 3 104 237 -0.935338
11 1 3 104 238 -0.693029
11 1 3 104 239 -1
11 1 3 105 237 0.472712
11 1 3 105 238 0.238081
11 1 3 105 239 0.151072
11 1 3 106 237 0.212142
11 1 3 106 238 0.295315
11 1 3 106 239 0.347069
11 1 4 103 297 -1
11 1 4 103 298 -1
11 1 4 103 299 -1
11 1 4 104 297 0.660133
11 1 4 104 298 -1
11 1 4 104 299 -1
11 1 4 105 297 0.21076
11 1 4 105 298 0.207948
11 1 4 105 299 0.581292
11 1 4 106 297 -1
11 1 4 106 298 0.948247
11 1 4 106 299 0.18968
11 2 3 177 237 0.89032
11 2 3 177 238 -1
11 2 3 177 239 -1
11 2 3 178 237 -1
11 2 3 178 238 0.957744
11 2 3 178 239 -1
11 2 3 179 237 -1
11 2 3 179 238 -1
11 2 3 179 239 0.779876
11 2 4 177 297 0.675554
11 2 4 177 298 -1
11 2 4 177 299 0.659305
11 2 4 178 297 -1
11 2 4 178 298 -1
11 2 4 178 299 -1
11 2 4 179 297 -1
11 2 4 179 298 0.863889
11 2 4 179 299 -1
11 3 4 237 297 0.0503059
11 3 4 237 298 0.180329
11 3 4 237 299 0.340977
11 3 4 238 297 -1
11 3 4 238 298 0.390939
11 3 4 238 299 0.168493
11 3 4 239 297 -1
11 3 4 239 298 0.309715
11 3 4 239 299 0.265485
12 0 1 42 107 0.243394
12 0 1 42 108 0.212758
12 0 1 42 109 0.113699
12 0 1 43 107 0.193795
12 0 1 43 108 0.27696
12 0 1 43 109 0.115401
12 0 1 44 107 0.130476
12 0 1 44 108 0.0459088
12 0 1 44 109 0.393067
12 0 2 42 180 -1
12 0 2 42 181 0.595618
12 0 2 42 182 -1
12 0 2 43 180 0.904061
12 0 2 43 181 -1
12 0 2 43 182 -1
12 0 2 44 180 -1
12 0 2 44 181 0.977127
12 0 2 44 182 -1
12 0 3 42 240 0.173343
12 0 3 42 241 -1
12 0 3 42 242 0.746852
12 0 3 43 240 0.715645
12 0 3 43 241 -1
12 0 3 43 242 -1
12 0 3 44 240 -1
12 0 3 44 241 0.169094
12 0 3 44 242 0.115562
12 0 4 42 300 0.859271
12 0 4 42 301 0.239325
12 0 4 42 302 0.861222
12 0 4 42 303 -1
12 0 4 43 300 -1
12 0 4 43 301 -1
12 0 4 43 302 -1
12 0 4 43 303 0.889146
12 0 4 44 300 -1
12 0 4 44 301 0.977815
12 0 4 44 302 -1
12 0 4 44 303 -1
12 1 2 107 180 0.928299
12 1 2 107 181 0.275652
12 1 2 107 182 -1
12 1 2 108 180 -1
12 1 2 108 181 -1
12 1 2 108 182 0.913131
12 1 2 109 180 -1
12 1 2 109 181 0.964325
12 1 2 109 182 -1
12 1 3 107 240 0.362415
12 1 3 107 241 -1
12 1 3 107 242 -1
12 1 3 108 240 0.0141045
12 1 3 108 241 0.514043
12 1 3 108 242 0.465331
12 1 3 109 240 0.610435
12 1 3 109 241 -1
12 1 3 109 242 -1
12 1 4 107 300 -1
12 1 4 107 301 0.814977
12 1 4 107 302 -1
12 1 4 107 303 0.896183
12 1 4 108 300 0.845892
12 1 4 108 301 -1
12 1 4 108 302 0.268126
12 1 4 108 303 -1
12 1 4 109 300 -1
12 1 4 109 301 0.92084
12 1 4 109 302 -1
12 1 4 109 303 0.925506
12 2 3 180 240 0.64126
12 2 3 180 241 -1
12 2 3 180 242 -1
12 2 3 181 240 -1
12 2 3 181 241 0.445763
12 2 3 181 242 -1
12 2 3 182 240 -1
12 2 3 182 241 0.925222
12 2 3 182 242 -1
12 2 4 180 300 -1
12 2 4 180 301 -1
12 2 4 180 302 -1
12 2 4 180 303 0.989938
12 2 4 181 300 -1
12 2 4 181 301 0.887667
12 2 4 181 302 -1
12 2 4 181 303 -1
12 2 4 182 300 0.971831
12 2 4 182 301 -1
12 2 4 182 302 -1
12 2 4 182 303 -1
12 3 4 240 300 0.155373
12 3 4 240 301 0.178977
12 3 4 240 302 0.115058
12 3 4 240 303 0.231765
12 3 4 241 300 0.252624
12 3 4 241 301 0.0029262
12 3 4 241 302 0.175356
12 3 4 241 303 0.0637007
12 3 4 242 300 0.182895
12 3 4 242 301 -1
12 3 4 242 302 0.412884
12 3 4 242 303 -1
13 0 1 45 110 0.321368
13 0 1 45 111 0.815318
13 0 1 45 112 -1
13 0 1 45 113 -1
13 0 1 46 110 0.569332
13 0 1 46 111 -1
13 0 1 46 112 -1
13 0 1 46 113 -1
13 0 1 47 110 0.1093
13 0 1 47 111 -1
13 0 1 47 112 -1
13 0 1 47 113 0.522173
13 0 2 45 183 -1
13 0 2 45 184 -1
13 0 2 45 185 0.959422
13 0 2 45 186 0.768504
13 0 2 45 187 -1
13 0 2 46 183 0.296791
13 0 2 46 184 0.447738
13 0 2 46 185 -1
13 0 2 46 186 -1
13 0 2 46 187 -1
13 0 2 47 183 -1
13 0 2 47 184 -1
13 0 2 47 185 -1
13 0 2 47 186 -1
13 0 2 47 187 0.612584
13 0 3 45 243 -1
13 0 3 45 244 -1
13 0 3 45 245 0.786102
13 0 3 46 243 0.155029
13 0 3 46 244 -1
13 0 3 46 245 -1
13 0 3 47 243 -1
13 0 3 47 244 0.702967
13 0 3 47 245 -1
13 0 4 45 304 -1
13 0 4 45 305 0.43144
13 0 4 45 306 0.933255
13 0 4 45 307 -1
13 0 4 46 304 -1
13 0 4 46 305 -1
13 0 4 46 306 -1
13 0 4 46 307 0.873462
13 0 4 47 304 -1
13 0 4 47 305 0.613275
13 0 4 47 306 0.764134
13 0 4 47 307 -1
13 1 2 110 183 -1
13 1 2 110 184 0.432581
13 1 2 110 185 -1
13 1 2 110 186 -1
13 1 2 110 187 -1
13 1 2 111 183 -1
13 1 2 111 184 -1
13 1 2 111 185 -1
13 1 2 111 186 0.816667
13 1 2 111 187 -1
13 1 2 112 183 -1
13 1 2 112 184 -1
13 1 2 112 185 0.787866
13 1 2 112 186 -1
13 1 2 112 187 -1
13 1 2 113 183 -1
13 1 2 113 184 -1
13 1 2 113 185 -1
13 1 2 113 186 -1
13 1 2 113 187 0.872681
13 1 3 110 243 -1
13 1 3 110 244 -1
13 1 3 110 245 -1
13 1 3 111 243 -1
13 1 3 111 244 0.826237
13 1 3 111 245 0.897332
13 1 3 112 243 -1
13 1 3 112 244 -1
13 1 3 112 245 -1
13 1 3 113 243 -1
13 1 3 113 244 0.791378
13 1 3 113 245 0.367365
13 1 4 110 304 -1
13 1 4 110 305 -1
13 1 4 110 306 -1
13 1 4 110 307 0.940265
13 1 4 111 304 -1
13 1 4 111 305 -1
13 1 4 111 306 0.828717
13 1 4 111 307 -1
13 1 4 112 304 0.923112
13 1 4 112 305 -1
13 1 4 112 306 -1
13 1 4 112 307 -1
13 1 4 113 304 -1
13 1 4 113 305 0.905528
13 1 4 113 306 -1
13 1 4 113 307 -1
13 2 3 183 243 -1
13 2 3 183 244 -1
13 2 3 183 245 -1
13 2 3 184 243 0.768244
13 2 3 184 244 -1
13 2 3 184 245 -1
13 2 3 185 243 -1
13 2 3 185 244 -1
13 2 3 185 245 -1
13 2 3 186 243 -1
13 2 3 186 244 -1
13 2 3 186 245 0.97758
13 2 3 187 243 -1
13 2 3 187 244 0.923541
13 2 3 187 245 -1
13 2 4 183 304 -1
13 2 4 183 305 -1
13 2 4 183 306 -1
13 2 4 183 307 -1
13 2 4 184 304 -1
13 2 4 184 305 -1
13 2 4 184 306 -1
13 2 4 184 307 0.468351
13 2 4 185 304 0.864609
13 2 4 185 305 -1
13 2 4 185 306 -1
13 2 4 185 307 -1
13 2 4 186 304 -1
13 2 4 186 305 -1
13 2 4 186 306 0.97235
13 2 4 186 307 -1
13 2 4 187 304 -1
13 2 4 187 305 0.980711
13 2 4 187 306 -1
13 2 4 187 307 -1
13 3 4 243 304 -1
13 3 4 243 305 0.0540704
13 3 4 243 306 -1
13 3 4 243 307 0.1118
13 3 4 244 304 -1
13 3 4 244 305 0.896175
13 3 4 244 306 -1
13 3 4 244 307 -1
13 3 4 245 304 -1
13 3 4 245 305 -1
13 3 4 245 306 0.969333
13 3 4 245 307 -1
14 0 1 48 114 0.113571
14 0 1 48 115 0.962439
14 0 1 48 116 -1
14 0 1 48 117 -1
14 0 1 49 114 0.4673
14 0 1 49 115 -1
14 0 1 49 116 -1
14 0 1 49 117 -1
14 0 1 50 114 0.419129
14 0 1 50 115 -1
14 0 1 50 116 0.699657
14 0 1 50 117 -1
14 0 2 48 188 -1
14 0 2 48 189 -1
14 0 2 48 190 -1
14 0 2 48 191 0.779086
14 0 2 48 192 -1
14 0 2 49 188 0.525671
14 0 2 49 189 0.914264
14 0 2 49 190 -1
14 0 2 49 191 -1
14 0 2 49 192 -1
14 0 2 50 188 -1
14 0 2 50 189 -1
14 0 2 50 190 0.597591
14 0 2 50 191 -1
14 0 2 50 192 0.564554
14 0 3 48 246 -1
14 0 3 48 247 -1
14 0 3 48 248 0.85666
14 0 3 49 246 0.913135
14 0 3 49 247 -1
14 0 3 49 248 -1
14 0 3 50 246 -1
14 0 3 50 247 0.832449
14 0 3 50 248 -1
14 0 4 48 308 -1
14 0 4 48 309 0.213101
14 0 4 48 310 0.972711
14 0 4 48 311 -1
14 0 4 49 308 -1
14 0 4 49 309 -1
14 0 4 49 310 -1
14 0 4 49 311 0.844483
14 0 4 50 308 -1
14 0 4 50 309 0.971863
14 0 4 50 310 -1
14 0 4 50 311 -1
14 1 2 114 188 -1
14 1 2 114 189 0.969355
14 1 2 114 190 0.432107
14 1 2 114 191 -1
14 1 2 114 192 -1
14 1 2 115 188 -1
14 1 2 115 189 -1
14 1 2 115 190 -1
14 1 2 115 191 0.516135
14 1 2 115 192 0.65174
14 1 2 116 188 -1
14 1 2 116 189 -1
14 1 2 116 190 -1
14 1 2 116 191 0.311198
14 1 2 116 192 0.726933
14 1 2 117 188 -1
14 1 2 117 189 -1
14 1 2 117 190 0.957146
14 1 2 117 191 -1
14 1 2 117 192 -1
14 1 3 114 246 0.882041
14 1 3 114 247 -1
14 1 3 114 248 -1
14 1 3 115 246 -1
14 1 3 115 247 0.395016
14 1 3 115 248 0.96422
14 1 3 116 246 -1
14 1 3 116 247 0.898752
14 1 3 116 248 0.110134
14 1 3 117 246 -1
14 1 3 117 247 -1
14 1 3 117 248 -1
14 1 4 114 308 0.721761
14 1 4 114 309 -1
14 1 4 114 310 -1
14 1 4 114 311 0.793615
14 1 4 115 308 -1
14 1 4 115 309 -1
14 1 4 115 310 0.972667
14 1 4 115 311 -1
14 1 4 116 308 -1
14 1 4 116 309 0.911127
14 1 4 116 310 -1
14 1 4 116 311 -1
14 1 4 117 308 0.994482
14 1 4 117 309 -1
14 1 4 117 310 -1
14 1 4 117 311 0.790655
14 2 3 188 246 -1
14 2 3 188 247 -1
14 2 3 188 248 -1
14 2 3 189 246 0.966399
14 2 3 189 247 -1
14 2 3 189 248 -1
14 2 3 190 246 -1
14 2 3 190 247 -1
14 2 3 190 248 0.0109714
14 2 3 191 246 -1
14 2 3 191 247 -1
14 2 3 191 248 0.59326
14 2 3 192 246 -1
14 2 3 192 247 0.693592
14 2 3 192 248 -1
14 2 4 188 308 -1
14 2 4 188 309 -1
14 2 4 188 310 -1
14 2 4 188 311 -1
14 2 4 189 308 0.930052
14 2 4 189 309 -1
14 2 4 189 310 -1
14 2 4 189 311 0.764576
14 2 4 190 308 0.936393
14 2 4 190 309 -1
14 2 4 190 310 -1
14 2 4 190 311 0.554577
14 2 4 191 308 -1
14 2 4 191 309 -1
14 2 4 191 310 0.457878
14 2 4 191 311 -1
14 2 4 192 308 -1
14 2 4 192 309 0.744217
14 2 4 192 310 -1
14 2 4 192 311 -1
14 3 4 246 308 -1
14 3 4 246 309 0.732782
14 3 4 246 310 -1
14 3 4 246 311 0.595978
14 3 4 247 308 -1
14 3 4 247 309 0.971887
14 3 4 247 310 -1
14 3 4 247 311 -1
14 3 4 248 308 -1
14 3 4 248 309 -1
14 3 4 248 310 0.959109
14 3 4 248 311 -1
15 0 1 51 118 -1
15 0 1 51 119 0.919813
15 0 1 52 118 -1
15 0 1 52 119 0.929629
15 0 1 53 118 -1
15 0 1 53 119 -1
15 0 2 51 193 0.148164
15 0 2 51 194 0.642872
15 0 2 51 195 -1
15 0 2 51 196 -1
15 0 2 52 193 -1
15 0 2 52 194 -1
15 0 2 52 195 -1
15 0 2 52 196 -1
15 0 2 53 193 -1
15 0 2 53 194 0.0975309
15 0 2 53 195 0.632075
15 0 2 53 196 -1
15 0 3 51 249 -1
15 0 3 51 250 -1
15 0 3 51 251 0.991018
15 0 3 52 249 -1
15 0 3 52 250 0.946107
15 0 3 52 251 -1
15 0 3 53 249 -1
15 0 3 53 250 0.344904
15 0 3 53 251 -1
15 0 4 51 312 0.651176
15 0 4 51 313 -1
15 0 4 51 314 0.917599
15 0 4 52 312 -1
15 0 4 52 313 0.957948
15 0 4 52 314 -1
15 0 4 53 312 0.933632
15 0 4 53 313 -1
15 0 4 53 314 0.459178
15 1 2 118 193 -1
15 1 2 118 194 -1
15 1 2 118 195 0.569339
15 1 2 118 196 0.350127
15 1 2 119 193 -1
15 1 2 119 194 -1
15 1 2 119 195 0.430661
15 1 2 119 196 0.0103433
15 1 3 118 249 0.874017
15 1 3 118 250 -1
15 1 3 118 251 -1
15 1 3 119 249 -1
15 1 3 119 250 0.858456
15 1 3 119 251 0.750994
15 1 4 118 312 0.0686404
15 1 4 118 313 0.31338
15 1 4 118 314 0.313978
15 1 4 119 312 -1
15 1 4 119 313 0.518302
15 1 4 119 314 0.517383
15 2 3 193 249 -1
15 2 3 193 250 -1
15 2 3 193 251 0.464345
15 2 3 194 249 -1
15 2 3 194 250 -1
15 2 3 194 251 -1
15 2 3 195 249 0.845092
15 2 3 195 250 -1
15 2 3 195 251 -1
15 2 3 196 249 -1
15 2 3 196 250 -1
15 2 3 196 251 -1
15 2 4 193 312 0.226419
15 2 4 193 313 -1
15 2 4 193 314 -1
15 2 4 194 312 0.817041
15 2 4 194 313 -1
15 2 4 194 314 -1
15 2 4 195 312 -1
15 2 4 195 313 0.957419
15 2 4 195 314 0.201927
15 2 4 196 312 -1
15 2 4 196 313 0.168646
15 2 4 196 314 -1
15 3 4 249 312 -1
15 3 4 249 313 -1
15 3 4 249 314 -1
15 3 4 250 312 0.0138468
15 3 4 250 313 0.829043
15 3 4 250 314 -1
15 3 4 251 312 -1
15 3 4 251 313 -1
15 3 4 251 314 0.839349
16 0 1 54 120 -1
16 0 1 54 121 -1
16 0 1 54 122 -1
16 0 1 55 120 0.852544
16 0 1 55 121 -1
16 0 1 55 122 -1
16 0 1 56 120 -1
16 0 1 56 121 -1
16 0 1 56 122 0.916422
16 0 2 54 197 -1
16 0 2 54 198 -1
16 0 2 54 199 -1
16 0 2 55 197 0.783452
16 0 2 55 198 -1
16 0 2 55 199 -1
16 0 2 56 197 -1
16 0 2 56 198 0.940794
16 0 2 56 199 0.889665
16 0 3 54 252 -1
16 0 3 54 253 -1
16 0 3 54 254 -1
16 0 3 55 252 0.872478
16 0 3 55 253 -1
16 0 3 55 254 -1
16 0 3 56 252 -1
16 0 3 56 253 0.550456
16 0 3 56 254 -1
16 0 4 54 315 -1
16 0 4 54 316 -1
16 0 4 54 317 -1
16 0 4 54 318 -1
16 0 4 55 315 -1
16 0 4 55 316 -1
16 0 4 55 317 -1
16 0 4 55 318 0.923294
16 0 4 56 315 -1
16 0 4 56 316 0.955025
16 0 4 56 317 -1
16 0 4 56 318 -1
16 1 2 120 197 0.978844
16 1 2 120 198 0.856607
16 1 2 120 199 -1
16 1 2 121 197 -1
16 1 2 121 198 -1
16 1 2 121 199 0.797037
16 1 2 122 197 0.497436
16 1 2 122 198 0.895132
16 1 2 122 199 -1
16 1 3 120 252 0.708841
16 1 3 120 253 -1
16 1 3 120 254 -1
16 1 3 121 252 -1
16 1 3 121 253 0.906922
16 1 3 121 254 0.0689451
16 1 3 122 252 0.0945519
16 1 3 122 253 0.308342
16 1 3 122 254 -1
16 1 4 120 315 -1
16 1 4 120 316 0.591506
16 1 4 120 317 -1
16 1 4 120 318 0.826147
16 1 4 121 315 0.877767
16 1 4 121 316 -1
16 1 4 121 317 -1
16 1 4 121 318 -1
16 1 4 122 315 -1
16 1 4 122 316 0.908801
16 1 4 122 317 -1
16 1 4 122 318 0.6553
16 2 3 197 252 0.628056
16 2 3 197 253 -1
16 2 3 197 254 -1
16 2 3 198 252 -1
16 2 3 198 253 0.319649
16 2 3 198 254 -1
16 2 3 199 252 -1
16 2 3 199 253 0.829715
16 2 3 199 254 -1
16 2 4 197 315 -1
16 2 4 197 316 -1
16 2 4 197 317 -1
16 2 4 197 318 0.831966
16 2 4 198 315 -1
16 2 4 198 316 0.982051
16 2 4 198 317 -1
16 2 4 198 318 -1
16 2 4 199 315 0.99137
16 2 4 199 316 -1
16 2 4 199 317 -1
16 2 4 199 318 -1
16 3 4 252 315 0.823545
16 3 4 252 316 0.224606
16 3 4 252 317 -1
16 3 4 252 318 0.904927
16 3 4 253 315 0.937125
16 3 4 253 316 0.15992
16 3 4 253 317 -1
16 3 4 253 318 0.57569
16 3 4 254 315 -1
16 3 4 254 316 -1
16 3 4 254 317 0.917184
16 3 4 254 318 -1
17 0 1 57 123 0.0020649
17 0 1 57 124 0.980875
17 0 1 57 125 -1
17 0 1 57 126 -1
17 0 1 58 123 0.496737
17 0 1 58 124 -1
17 0 1 58 125 0.898592
17 0 1 58 126 -1
17 0 1 59 123 0.501198
17 0 1 59 124 -1
17 0 1 59 125 0.665887
17 0 1 59 126 -1
17 0 2 57 200 -1
17 0 2 57 201 -1
17 0 2 57 202 0.714051
17 0 2 57 203 -1
17 0 2 58 200 -1
17 0 2 58 201 0.936015
17 0 2 58 202 -1
17 0 2 58 203 0.131396
17 0 2 59 200 0.738
17 0 2 59 201 -1
17 0 2 59 202 -1
17 0 2 59 203 -1
17 0 3 57 255 -1
17 0 3 57 256 -1
17 0 3 57 257 0.652321
17 0 3 58 255 -1
17 0 3 58 256 0.93758
17 0 3 58 257 -1
17 0 3 59 255 0.865694
17 0 3 59 256 -1
17 0 3 59 257 -1
17 0 4 57 319 -1
17 0 4 57 320 0.952693
17 0 4 57 321 0.0312187
17 0 4 57 322 -1
17 0 4 57 323 -1
17 0 4 58 319 -1
17 0 4 58 320 0.967348
17 0 4 58 321 -1
17 0 4 58 322 -1
17 0 4 58 323 -1
17 0 4 59 319 -1
17 0 4 59 320 -1
17 0 4 59 321 -1
17 0 4 59 322 0.950123
17 0 4 59 323 -1
17 1 2 123 200 0.920681
17 1 2 123 201 -1
17 1 2 123 202 -1
17 1 2 123 203 -1
17 1 2 124 200 -1
17 1 2 124 201 -1
17 1 2 124 202 0.952241
17 1 2 124 203 0.561877
17 1 2 125 200 -1
17 1 2 125 201 -1
17 1 2 125 202 0.796588
17 1 2 125 203 0.643645
17 1 2 126 200 -1
17 1 2 126 201 0.867057
17 1 2 126 202 -1
17 1 2 126 203 -1
17 1 3 123 255 0.935527
17 1 3 123 256 -1
17 1 3 123 257 -1
17 1 3 124 255 -1
17 1 3 124 256 0.565175
17 1 3 124 257 0.828705
17 1 3 125 255 -1
17 1 3 125 256 0.762545
17 1 3 125 257 0.357808
17 1 3 126 255 -1
17 1 3 126 256 -1
17 1 3 126 257 -1
17 1 4 123 319 -1
17 1 4 123 320 -1
17 1 4 123 321 -1
17 1 4 123 322 0.640673
17 1 4 123 323 -1
17 1 4 124 319 -1
17 1 4 124 320 -1
17 1 4 124 321 0.546452
17 1 4 124 322 -1
17 1 4 124 323 -1
17 1 4 125 319 -1
17 1 4 125 320 0.62808
17 1 4 125 321 0.165657
17 1 4 125 322 -1
17 1 4 125 323 -1
17 1 4 126 319 0.936143
17 1 4 126 320 -1
17 1 4 126 321 -1
17 1 4 126 322 -1
17 1 4 126 323 -1
17 2 3 200 255 0.869891
17 2 3 200 256 -1
17 2 3 200 257 -1
17 2 3 201 255 -1
17 2 3 201 256 -1
17 2 3 201 257 -1
17 2 3 202 255 -1
17 2 3 202 256 -1
17 2 3 202 257 0.958271
17 2 3 203 255 -1
17 2 3 203 256 0.201293
17 2 3 203 257 -1
17 2 4 200 319 0.531912
17 2 4 200 320 -1
17 2 4 200 321 -1
17 2 4 200 322 0.745843
17 2 4 200 323 -1
17 2 4 201 319 0.895366
17 2 4 201 320 -1
17 2 4 201 321 -1
17 2 4 201 322 0.659334
17 2 4 201 323 -1
17 2 4 202 319 -1
17 2 4 202 320 -1
17 2 4 202 321 0.941189
17 2 4 202 322 -1
17 2 4 202 323 -1
17 2 4 203 319 -1
17 2 4 203 320 0.503363
17 2 4 203 321 -1
17 2 4 203 322 -1
17 2 4 203 323 -1
17 3 4 255 319 -1
17 3 4 255 320 0.711578
17 3 4 255 321 -1
17 3 4 255 322 0.792933
17 3 4 255 323 -1
17 3 4 256 319 -1
17 3 4 256 320 0.948289
17 3 4 256 321 -1
17 3 4 256 322 -1
17 3 4 256 323 -1
17 3 4 257 319 -1
17 3 4 257 320 -1
17 3 4 257 321 0.907664
17 3 4 257 322 -1
17 3 4 257 323 0.194532
18 0 1 60 127 0.371498
18 0 1 60 128 0.963074
18 0 1 60 129 -1
18 0 1 60 130 -1
18 0 1 60 131 -1
18 0 1 61 127 0.48234
18 0 1 61 128 0.178988
18 0 1 61 129 -1
18 0 1 61 130 -1
18 0 1 61 131 -1
18 0 1 62 127 0.146162
18 0 1 62 128 -1
18 0 1 62 129 0.730146
18 0 1 62 130 -1
18 0 1 62 131 -1
18 0 2 60 204 0.697592
18 0 2 60 205 0.9467
18 0 2 60 206 -1
18 0 2 61 204 -1
18 0 2 61 205 -1
18 0 2 61 206 -1
18 0 2 62 204 -1
18 0 2 62 205 -1
18 0 2 62 206 0.131698
18 0 3 60 258 0.904016
18 0 3 61 258 -1
18 0 3 62 258 -1
18 0 4 60 324 -1
18 0 4 60 325 0.184379
18 0 4 60 326 0.867904
18 0 4 60 327 -1
18 0 4 61 324 0.321094
18 0 4 61 325 -1
18 0 4 61 326 -1
18 0 4 61 327 0.981186
18 0 4 62 324 -1
18 0 4 62 325 0.595652
18 0 4 62 326 0.291511
18 0 4 62 327 -1
18 1 2 127 204 -1
18 1 2 127 205 -1
18 1 2 127 206 -1
18 1 2 128 204 -1
18 1 2 128 205 0.928709
18 1 2 128 206 -1
18 1 2 129 204 -1
18 1 2 129 205 -1
18 1 2 129 206 0.552246
18 1 2 130 204 0.716878
18 1 2 130 205 -1
18 1 2 130 206 -1
18 1 2 131 204 0.880769
18 1 2 131 205 -1
18 1 2 131 206 -1
18 1 3 127 258 -1
18 1 3 128 258 0.991949
18 1 3 129 258 0.159306
18 1 3 130 258 -1
18 1 3 131 258 -1
18 1 4 127 324 -1
18 1 4 127 325 -1
18 1 4 127 326 -1
18 1 4 127 327 0.604442
18 1 4 128 324 -1
18 1 4 128 325 -1
18 1 4 128 326 0.900236
18 1 4 128 327 -1
18 1 4 129 324 -1
18 1 4 129 325 0.779204
18 1 4 129 326 -1
18 1 4 129 327 -1
18 1 4 130 324 0.602435
18 1 4 130 325 -1
18 1 4 130 326 -1
18 1 4 130 327 -1
18 1 4 131 324 0.992556
18 1 4 131 325 -1
18 1 4 131 326 -1
18 1 4 131 327 -1
18 2 3 204 258 -1
18 2 3 205 258 0.883068
18 2 3 206 258 -1
18 2 4 204 324 0.894045
18 2 4 204 325 -1
18 2 4 204 326 -1
18 2 4 204 327 -1
18 2 4 205 324 -1
18 2 4 205 325 -1
18 2 4 205 326 0.864107
18 2 4 205 327 -1
18 2 4 206 324 -1
18 2 4 206 325 0.906288
18 2 4 206 326 -1
18 2 4 206 327 -1
18 3 4 258 324 -1
18 3 4 258 325 -1
18 3 4 258 326 0.901582
18 3 4 258 327 0.590622
end of Frame 273
