J OverallIdx viewIdx joint种类0-18(jointIdx) 该joint在图中的顺序(candidix) x y score
0 0 0 0 580.513 396.377 0.710821
1 0 0 1 347.717 430.168 0.623708
2 0 1 0 350.668 208.695 0.863216
3 0 1 1 591.784 219.336 0.875533
4 0 2 0 549.52 394.27 0.755877
5 0 2 1 386.972 430.132 0.576211
6 0 3 0 616.971 396.474 0.748306
7 0 3 1 308.435 430.166 0.583109
8 0 4 0 280.58 143.305 0.735304
9 0 4 1 555.217 145.541 0.901248
10 0 5 0 541.217 215.09 0.821003
11 0 5 1 398.177 210.865 0.86178
12 0 6 0 305.63 198.271 0.824603
13 0 6 1 642.143 223.521 0.847806
14 0 7 0 524.488 522.988 0.800743
15 0 7 1 353.4 581.971 0.772773
16 0 8 0 616.879 531.399 0.830453
17 0 8 1 297.273 584.096 0.760946
18 0 10 0 308.468 126.599 0.903871
19 0 10 1 605.74 145.464 0.884421
20 0 11 0 516.031 309.882 0.825147
21 0 11 1 437.369 326.814 0.891186
22 0 12 0 678.619 307.818 0.804084
23 0 12 1 299.968 329.014 0.858086
24 0 13 0 507.582 632.686 0.857258
25 0 13 1 350.552 723.307 0.499799
26 0 14 0 616.857 649.525 0.851142
27 0 14 1 339.305 733.801 0.414192
28 0 15 0 482.502 373.189 0.857132
29 0 15 1 375.791 379.599 0.416924
30 0 16 0 675.861 379.604 0.834103
31 0 16 1 263.66 415.37 0.82046
32 0 17 0 630.958 685.382 0.764308
33 0 17 1 297.243 731.724 0.263295
34 0 18 0 454.228 649.528 0.794192
35 0 18 1 300.054 725.371 0.221167
36 1 0 0 148.688 379.608 0.623871
37 1 0 1 597.343 385.897 0.429541
38 1 0 2 457.036 447.085 0.528004
39 1 1 0 437.439 175.038 0.787845
40 1 1 1 165.452 179.267 0.590495
41 1 1 2 614.189 242.426 0.496987
42 1 2 0 168.17 381.656 0.633396
43 1 2 1 577.763 383.817 0.366904
44 1 2 2 496.409 449.157 0.490447
45 1 3 0 137.405 379.592 0.544439
46 1 3 1 614.144 390.08 0.468464
47 1 3 2 414.98 447.054 0.50511
48 1 4 0 235.56 143.389 0.93173
49 1 4 1 555.242 191.923 0.835616
50 1 5 0 165.341 179.334 0.804427
51 1 5 1 462.724 177.027 0.789663
52 1 5 2 591.742 242.539 0.439245
53 1 6 0 406.654 174.963 0.646625
54 1 6 1 168.212 179.22 0.438873
55 1 6 2 636.604 242.434 0.66283
56 1 7 0 586.068 510.299 0.29976
57 1 7 1 212.99 527.114 0.799585
58 1 7 2 552.436 619.939 0.696738
59 1 8 0 614.058 512.342 0.552584
60 1 8 1 151.515 527.161 0.76796
61 1 8 2 417.955 632.542 0.658042
62 1 9 0 499.136 75.8755 0.873742
63 1 9 1 187.944 126.543 0.904702
64 1 10 0 611.265 181.314 0.762255
65 1 11 0 157.031 291.031 0.751234
66 1 11 1 552.477 312.02 0.869057
67 1 12 0 645.091 324.765 0.808825
68 1 13 0 608.522 617.836 0.316715
69 1 13 1 190.834 681.118 0.789235
70 1 13 2 577.721 765.41 0.444289
71 1 14 0 645.039 609.437 0.417907
72 1 14 1 131.83 674.75 0.716189
73 1 14 2 392.642 765.558 0.378401
74 1 15 0 639.289 242.53 0.806053
75 1 15 1 224.356 360.569 0.81196
76 1 16 0 602.999 377.399 0.715227
77 1 18 0 258.01 695.862 0.745378
78 2 0 0 417.834 265.7 0.752666
79 2 0 1 633.775 364.794 0.773826
80 2 0 2 487.913 719.057 0.478987
81 2 1 0 417.965 109.729 0.857978
82 2 1 1 658.962 212.994 0.896765
83 2 1 2 482.474 491.317 0.841568
84 2 2 0 403.802 267.799 0.695177
85 2 2 1 597.353 362.606 0.783383
86 2 2 2 541.25 723.265 0.408865
87 2 2 3 998.308 729.62 0.180897
88 2 3 0 437.412 263.638 0.775471
89 2 3 1 661.879 369.049 0.770947
90 2 3 2 437.598 716.971 0.494614
91 2 4 0 465.587 61.1551 0.89477
92 2 4 1 636.579 181.394 0.862851
93 2 5 0 392.633 120.205 0.804499
94 2 5 1 602.915 206.678 0.821582
95 2 5 2 577.651 497.622 0.766578
96 2 6 0 451.456 105.387 0.724985
97 2 6 1 706.73 225.646 0.864456
98 2 6 2 392.543 482.848 0.861562
99 2 7 0 392.742 362.734 0.818586
100 2 7 1 591.736 468.17 0.763456
101 2 8 0 426.292 360.526 0.777491
102 2 8 1 661.711 470.261 0.826091
103 2 9 0 420.605 54.8571 0.867031
104 2 9 1 555.337 381.693 0.721416
105 2 10 0 681.41 160.25 0.921243
106 2 10 1 462.732 369.043 0.531159
107 2 11 0 370.196 208.725 0.932927
108 2 11 1 583.251 263.595 0.865716
109 2 11 2 914.259 527.206 0.776344
110 2 11 3 616.887 647.329 0.775381
111 2 12 0 434.714 175.032 0.477548
112 2 12 1 726.314 312.133 0.956412
113 2 12 2 370.325 617.913 0.809734
114 2 13 0 375.772 453.396 0.728337
115 2 13 1 591.732 567.271 0.56092
116 2 14 0 415.184 430.222 0.756941
117 2 14 1 661.913 552.486 0.82752
118 2 15 0 395.403 282.575 0.898881
119 2 15 1 574.891 329.025 0.891275
120 2 15 2 917.071 432.289 0.585475
121 2 16 0 459.826 221.395 0.768879
122 2 16 1 681.456 377.414 0.902628
123 2 17 0 642.169 577.747 0.72411
124 2 18 0 389.836 459.74 0.173502
125 3 0 0 1001.23 343.704 0.347629
126 3 0 1 555.321 347.975 0.735311
127 3 0 2 241.173 369.036 0.674229
128 3 0 3 933.955 387.991 0.517962
129 3 1 0 933.831 160.197 0.790987
130 3 1 1 1029.21 181.369 0.445418
131 3 1 2 235.498 189.72 0.77026
132 3 1 3 546.819 194.081 0.924351
133 3 2 0 527.231 350.07 0.731881
134 3 2 1 257.982 371.133 0.696468
135 3 2 2 973.132 381.668 0.506322
136 3 3 0 591.667 347.925 0.762778
137 3 3 1 1029.2 347.962 0.381865
138 3 3 2 229.989 366.956 0.635299
139 3 3 3 905.706 392.216 0.506832
140 3 4 0 964.747 120.174 0.583973
141 3 4 1 300.097 126.448 0.927785
142 3 4 2 569.212 143.362 0.926693
143 3 5 0 978.749 151.821 0.779895
144 3 5 1 241.263 191.847 0.809018
145 3 5 2 499.214 196.185 0.84101
146 3 6 0 886.265 162.372 0.769201
147 3 6 1 216.041 185.596 0.664947
148 3 6 2 1029.21 185.549 0.60256
149 3 6 3 594.426 193.931 0.914126
150 3 7 0 973.072 463.944 0.226807
151 3 7 1 530.086 478.683 0.814614
152 3 7 2 280.306 510.274 0.773379
153 3 7 3 900.166 562.998 0.239689
154 3 8 0 998.383 463.802 0.773029
155 3 8 1 597.298 470.226 0.804746
156 3 8 2 241.2 495.536 0.745555
157 3 8 3 905.689 581.988 0.700369
158 3 9 0 925.385 65.4115 0.244519
159 3 9 1 255.056 124.46 0.898588
160 3 9 2 524.358 132.883 0.860599
161 3 10 0 846.957 73.8202 0.799019
162 3 10 1 1006.79 113.84 0.793074
163 3 10 2 1029.2 113.861 0.756366
164 3 11 0 998.37 272.045 0.311511
165 3 11 1 462.638 278.334 0.934077
166 3 11 2 252.402 290.988 0.827648
167 3 12 0 600.177 272.024 0.806541
168 3 12 1 880.49 303.646 0.693271
169 3 13 0 947.824 552.486 0.27473
170 3 13 1 1029.21 577.736 0.177323
171 3 13 2 546.811 581.956 0.831659
172 3 13 3 280.588 643.154 0.753301
173 3 13 4 916.997 697.944 0.329721
174 3 14 0 580.536 550.461 0.813341
175 3 14 1 1029.21 579.823 0.51932
176 3 14 2 224.392 607.293 0.443418
177 3 14 3 931.029 757.038 0.575111
178 3 15 0 504.672 341.558 0.864238
179 3 15 1 308.476 362.733 0.906759
180 3 16 0 602.984 333.15 0.796348
181 3 16 1 818.884 396.486 0.831354
182 3 17 0 594.402 592.515 0.759031
183 3 17 1 973.155 594.609 0.58562
184 3 17 2 863.832 748.5 0.488028
185 3 18 0 569.212 615.711 0.787243
186 3 18 1 342.125 678.933 0.739555
187 3 18 2 872.191 700.089 0.453336
188 4 0 0 734.761 246.69 0.77101
189 4 0 1 998.404 248.829 0.727407
190 4 0 2 591.683 337.373 0.550018
191 4 1 0 1029.2 103.343 0.877347
192 4 1 1 751.545 124.47 0.914799
193 4 1 2 572.099 124.415 0.876831
194 4 2 0 720.652 244.652 0.740272
195 4 2 1 973.146 244.679 0.755649
196 4 2 2 639.324 335.298 0.571869
197 4 3 0 754.385 246.74 0.781379
198 4 3 1 1029.21 255.139 0.644822
199 4 3 2 544.075 337.409 0.549583
200 4 4 0 961.919 58.9722 0.846684
201 4 4 1 684.276 78.0617 0.665324
202 4 4 2 729.062 84.3846 0.762931
203 4 5 0 978.864 105.415 0.819612
204 4 5 1 639.445 122.315 0.863447
205 4 5 2 729.154 126.465 0.805671
206 4 6 0 1029.21 101.185 0.310842
207 4 6 1 774.031 124.423 0.903776
208 4 6 2 504.738 124.44 0.855598
209 4 7 0 709.53 331.035 0.779299
210 4 7 1 947.87 360.547 0.823875
211 4 7 2 661.717 518.768 0.741008
212 4 8 0 754.41 331.121 0.832317
213 4 8 1 1029.2 375.375 0.836884
214 4 8 2 549.61 527.145 0.776178
215 4 9 0 594.585 44.3059 0.59622
216 4 9 1 647.764 73.8399 0.815203
217 4 10 0 527.339 44.3415 0.700213
218 4 10 1 1029.2 48.4816 0.760501
219 4 10 2 1006.8 46.4504 0.789038
220 4 10 3 754.485 80.1375 0.754697
221 4 11 0 975.915 168.681 0.817832
222 4 11 1 709.607 183.479 0.470582
223 4 11 2 681.464 244.583 0.882483
224 4 12 0 790.761 170.765 0.834123
225 4 12 1 465.612 244.646 0.856417
226 4 13 0 706.66 411.237 0.624421
227 4 13 1 950.648 463.883 0.867085
228 4 13 2 687.019 653.701 0.799007
229 4 14 0 773.931 413.283 0.90332
230 4 14 1 1001.24 478.582 0.78496
231 4 14 2 552.579 670.544 0.773599
232 4 15 0 684.24 160.226 0.365867
233 4 15 1 947.84 225.533 0.853153
234 4 15 2 689.934 316.34 0.811583
235 4 16 0 737.586 153.944 0.796044
236 4 16 1 1029.2 259.362 0.770458
237 4 16 2 459.859 331.156 0.889421
238 4 17 0 745.944 430.255 0.791734
239 4 17 1 964.671 495.529 0.745318
240 4 17 2 504.813 664.164 0.715674
241 4 18 0 706.739 428.011 0.316423
242 4 18 1 908.726 480.722 0.891998
243 4 18 2 745.917 647.353 0.771187
P viewIdx, pafIdx, aOverAllIdx, bOverAllIdx, CandidAIdx, CandidBIdx, score
0 0 2 0 0 0 0
0 0 2 1 0 1 0.984322
0 0 3 0 1 0 0.971514
0 0 3 1 1 1 0
0 1 4 14 0 0 0.986881
0 1 4 15 0 1 0
0 1 5 14 1 0 0
0 1 5 15 1 1 0.960419
0 2 14 24 0 0 0.984931
0 2 14 25 0 1 0
0 2 15 24 1 0 0
0 2 15 25 1 1 0.958282
0 3 0 4 0 0 0.942428
0 3 0 5 0 1 0
0 3 1 4 1 0 0
0 3 1 5 1 1 0.889361
0 4 0 6 0 0 0.944568
0 4 0 7 0 1 0
0 4 1 6 1 0 0
0 4 1 7 1 1 0.892528
0 5 6 16 0 0 0.995598
0 5 6 17 0 1 0
0 5 7 16 1 0 0
0 5 7 17 1 1 0.976928
0 6 16 26 0 0 0.999616
0 6 16 27 0 1 0
0 6 17 26 1 0 0
0 6 17 27 1 1 0.996297
0 7 2 10 0 0 0
0 7 2 11 0 1 0.997836
0 7 3 10 1 0 0.99492
0 7 3 11 1 1 0
0 8 10 20 0 0 0.987004
0 8 10 21 0 1 0
0 8 11 20 1 0 0
0 8 11 21 1 1 0.991981
0 9 20 28 0 0 0.989723
0 9 20 29 0 1 0
0 9 21 28 1 0 0
0 9 21 29 1 1 0.895642
0 11 2 12 0 0 0.992531
0 11 2 13 0 1 0
0 11 3 12 1 0 0
0 11 3 13 1 1 0.986235
0 12 12 22 0 0 0
0 12 12 23 0 1 0.985587
0 12 13 22 1 0 0.99674
0 12 13 23 1 1 0
0 13 22 30 0 0 0.983427
0 13 22 31 0 1 0
0 13 23 30 1 0 0
0 13 23 31 1 1 0.968811
0 14 12 18 0 0 0.993658
0 14 12 19 0 1 0
0 14 13 18 1 0 0
0 14 13 19 1 1 0.998677
0 15 2 8 0 0 0.943575
0 15 2 9 0 1 0
0 15 3 8 1 0 0
0 15 3 9 1 1 0.992764
0 16 26 32 0 0 0.998231
0 16 26 33 0 1 0
0 16 27 32 1 0 0
0 16 27 33 1 1 0.697833
0 17 24 34 0 0 0.945623
0 17 24 35 0 1 0
0 17 25 34 1 0 0
0 17 25 35 1 1 0.676292
1 0 39 36 0 0 0
1 0 39 37 0 1 0
1 0 39 38 0 2 0.961766
1 0 40 36 1 0 0.909116
1 0 40 37 1 1 0
1 0 40 38 1 2 0
1 0 41 36 2 0 0
1 0 41 37 2 1 0.852734
1 0 41 38 2 2 0
1 1 42 56 0 0 0
1 1 42 57 0 1 0.984025
1 1 42 58 0 2 0
1 1 43 56 1 0 0.296753
1 1 43 57 1 1 0
1 1 43 58 1 2 0.278703
1 1 44 56 2 0 0.27831
1 1 44 57 2 1 0
1 1 44 58 2 2 0.295268
1 2 56 68 0 0 0.479228
1 2 56 69 0 1 0
1 2 56 70 0 2 0.274797
1 2 57 68 1 0 0
1 2 57 69 1 1 0.989036
1 2 57 70 1 2 0
1 2 58 68 2 0 0
1 2 58 69 2 1 0
1 2 58 70 2 2 0.513542
1 3 36 42 0 0 0.878403
1 3 36 43 0 1 0
1 3 36 44 0 2 0
1 3 37 42 1 0 0
1 3 37 43 1 1 0.806897
1 3 37 44 1 2 0
1 3 38 42 2 0 0
1 3 38 43 2 1 0
1 3 38 44 2 2 0.8575
1 4 36 45 0 0 0.872655
1 4 36 46 0 1 0
1 4 36 47 0 2 0
1 4 37 45 1 0 0
1 4 37 46 1 1 0.820072
1 4 37 47 1 2 0
1 4 38 45 2 0 0
1 4 38 46 2 1 0
1 4 38 47 2 2 0.857626
1 5 45 59 0 0 0
1 5 45 60 0 1 0.983131
1 5 45 61 0 2 0
1 5 46 59 1 0 0.935983
1 5 46 60 1 1 0
1 5 46 61 1 2 0
1 5 47 59 2 0 0
1 5 47 60 2 1 0
1 5 47 61 2 2 0.961423
1 6 59 71 0 0 0.937804
1 6 59 72 0 1 0
1 6 59 73 0 2 0
1 6 60 71 1 0 0
1 6 60 72 1 1 0.973106
1 6 60 73 1 2 0
1 6 61 71 2 0 0
1 6 61 72 2 1 0
1 6 61 73 2 2 0.958418
1 7 39 50 0 0 0
1 7 39 51 0 1 0.978779
1 7 39 52 0 2 0
1 7 40 50 1 0 0.672972
1 7 40 51 1 1 0
1 7 40 52 1 2 0
1 7 41 50 2 0 0
1 7 41 51 2 1 0
1 7 41 52 2 2 0.882158
1 8 50 65 0 0 0.972136
1 8 50 66 0 1 0
1 8 51 65 1 0 0
1 8 51 66 1 1 0.991616
1 8 52 65 2 0 0
1 8 52 66 2 1 0
1 9 65 74 0 0 0
1 9 65 75 0 1 0.999276
1 9 66 74 1 0 0.966505
1 9 66 75 1 1 0
1 10 50 62 0 0 0
1 10 50 63 0 1 0.986794
1 10 51 62 1 0 0.98302
1 10 51 63 1 1 0
1 10 52 62 2 0 0
1 10 52 63 2 1 0
1 11 39 53 0 0 0.97156
1 11 39 54 0 1 0
1 11 39 55 0 2 0
1 11 40 53 1 0 0
1 11 40 54 1 1 0.679095
1 11 40 55 1 2 0
1 11 41 53 2 0 0
1 11 41 54 2 1 0
1 11 41 55 2 2 0.884659
1 12 53 67 0 0 0
1 12 54 67 1 0 0
1 12 55 67 2 0 0.986598
1 13 67 76 0 0 0.938477
1 14 53 64 0 0 0
1 14 54 64 1 0 0
1 14 55 64 2 0 0.968822
1 15 39 48 0 0 0
1 15 39 49 0 1 0
1 15 40 48 1 0 0.913689
1 15 40 49 1 1 0
1 15 41 48 2 0 0
1 15 41 49 2 1 0.915918
1 17 68 77 0 0 0
1 17 69 77 1 0 0.965024
1 17 70 77 2 0 0
2 0 81 78 0 0 0.981383
2 0 81 79 0 1 0
2 0 81 80 0 2 0
2 0 82 78 1 0 0
2 0 82 79 1 1 0.989923
2 0 82 80 1 2 0
2 0 83 78 2 0 0
2 0 83 79 2 1 0
2 0 83 80 2 2 0.983198
2 1 84 99 0 0 0.974023
2 1 84 100 0 1 0
2 1 85 99 1 0 0
2 1 85 100 1 1 0.998889
2 1 86 99 2 0 0
2 1 86 100 2 1 0
2 1 87 99 3 0 0
2 1 87 100 3 1 0
2 2 99 114 0 0 0.948918
2 2 99 115 0 1 0
2 2 100 114 1 0 0
2 2 100 115 1 1 0.983773
2 3 78 84 0 0 0.927849
2 3 78 85 0 1 0
2 3 78 86 0 2 0
2 3 78 87 0 3 0
2 3 79 84 1 0 0
2 3 79 85 1 1 0.965023
2 3 79 86 1 2 0
2 3 79 87 1 3 0
2 3 80 84 2 0 0
2 3 80 85 2 1 0
2 3 80 86 2 2 0.847841
2 3 80 87 2 3 0
2 4 78 88 0 0 0.930306
2 4 78 89 0 1 0
2 4 78 90 0 2 0
2 4 79 88 1 0 0
2 4 79 89 1 1 0.951223
2 4 79 90 1 2 0
2 4 80 88 2 0 0
2 4 80 89 2 1 0
2 4 80 90 2 2 0.857562
2 5 88 101 0 0 0.980445
2 5 88 102 0 1 0
2 5 89 101 1 0 0
2 5 89 102 1 1 0.998764
2 5 90 101 2 0 0
2 5 90 102 2 1 0
2 6 101 116 0 0 0.979442
2 6 101 117 0 1 0
2 6 102 116 1 0 0
2 6 102 117 1 1 0.999132
2 7 81 93 0 0 0.960674
2 7 81 94 0 1 0
2 7 81 95 0 2 0
2 7 82 93 1 0 0
2 7 82 94 1 1 0.999561
2 7 82 95 1 2 0
2 7 83 93 2 0 0
2 7 83 94 2 1 0
2 7 83 95 2 2 0.988915
2 8 93 107 0 0 0.981528
2 8 93 108 0 1 0
2 8 93 109 0 2 0
2 8 93 110 0 3 0
2 8 94 107 1 0 0
2 8 94 108 1 1 0.970692
2 8 94 109 1 2 0
2 8 94 110 1 3 0
2 8 95 107 2 0 0
2 8 95 108 2 1 0
2 8 95 109 2 2 0
2 8 95 110 2 3 0.96316
2 9 107 118 0 0 0.996417
2 9 107 119 0 1 0
2 9 107 120 0 2 0
2 9 108 118 1 0 0
2 9 108 119 1 1 0.999154
2 9 108 120 1 2 0
2 9 109 118 2 0 0
2 9 109 119 2 1 0
2 9 109 120 2 2 0.933793
2 9 110 118 3 0 0
2 9 110 119 3 1 0
2 9 110 120 3 2 0
2 10 93 103 0 0 0.985376
2 10 93 104 0 1 0
2 10 94 103 1 0 0
2 10 94 104 1 1 0
2 10 95 103 2 0 0
2 10 95 104 2 1 0.940608
2 11 81 96 0 0 0.974971
2 11 81 97 0 1 0
2 11 81 98 0 2 0
2 11 82 96 1 0 0
2 11 82 97 1 1 0.999008
2 11 82 98 1 2 0
2 11 83 96 2 0 0
2 11 83 97 2 1 0
2 11 83 98 2 2 0.993119
2 12 96 111 0 0 0.910497
2 12 96 112 0 1 0
2 12 96 113 0 2 0
2 12 97 111 1 0 0
2 12 97 112 1 1 0.998818
2 12 97 113 1 2 0
2 12 98 111 2 0 0
2 12 98 112 2 1 0
2 12 98 113 2 2 0.971695
2 13 111 121 0 0 0.948425
2 13 111 122 0 1 0
2 13 112 121 1 0 0
2 13 112 122 1 1 0.996498
2 13 113 121 2 0 0
2 13 113 122 2 1 0
2 14 96 105 0 0 0
2 14 96 106 0 1 0
2 14 97 105 1 0 0.997084
2 14 97 106 1 1 0
2 14 98 105 2 0 0
2 14 98 106 2 1 0.865973
2 15 81 91 0 0 0.940936
2 15 81 92 0 1 0
2 15 82 91 1 0 0
2 15 82 92 1 1 0.987249
2 15 83 91 2 0 0
2 15 83 92 2 1 0
2 16 116 123 0 0 0
2 16 117 123 1 0 0.91946
2 17 114 124 0 0 0.814841
2 17 115 124 1 0 0
3 0 129 125 0 0 0.277292
3 0 129 126 0 1 0
3 0 129 127 0 2 0
3 0 129 128 0 3 0.296635
3 0 130 125 1 0 0.298015
3 0 130 126 1 1 0
3 0 130 127 1 2 0
3 0 130 128 1 3 0.276853
3 0 131 125 2 0 0
3 0 131 126 2 1 0
3 0 131 127 2 2 0.969449
3 0 131 128 2 3 0
3 0 132 125 3 0 0
3 0 132 126 3 1 0.996852
3 0 132 127 3 2 0
3 0 132 128 3 3 0
3 1 133 150 0 0 0
3 1 133 151 0 1 0.993571
3 1 133 152 0 2 0
3 1 133 153 0 3 0
3 1 134 150 1 0 0
3 1 134 151 1 1 0
3 1 134 152 1 2 0.985323
3 1 134 153 1 3 0
3 1 135 150 2 0 0.505732
3 1 135 151 2 1 0
3 1 135 152 2 2 0
3 1 135 153 2 3 0.494268
3 2 150 169 0 0 0.347554
3 2 150 170 0 1 0.305211
3 2 150 171 0 2 0
3 2 150 172 0 3 0
3 2 150 173 0 4 0.207815
3 2 151 169 1 0 0
3 2 151 170 1 1 0
3 2 151 171 1 2 0.990335
3 2 151 172 1 3 0
3 2 151 173 1 4 0
3 2 152 169 2 0 0
3 2 152 170 2 1 0
3 2 152 171 2 2 0
3 2 152 172 2 3 0.997173
3 2 152 173 2 4 0
3 2 153 169 3 0 0
3 2 153 170 3 1 0
3 2 153 171 3 2 0
3 2 153 172 3 3 0
3 2 153 173 3 4 0.51445
3 3 125 133 0 0 0
3 3 125 134 0 1 0
3 3 125 135 0 2 0
3 3 126 133 1 0 0.919506
3 3 126 134 1 1 0
3 3 126 135 1 2 0
3 3 127 133 2 0 0
3 3 127 134 2 1 0.908043
3 3 127 135 2 2 0
3 3 128 133 3 0 0
3 3 128 134 3 1 0
3 3 128 135 3 2 0.85724
3 4 125 136 0 0 0
3 4 125 137 0 1 0.658637
3 4 125 138 0 2 0
3 4 125 139 0 3 0
3 4 126 136 1 0 0.930019
3 4 126 137 1 1 0
3 4 126 138 1 2 0
3 4 126 139 1 3 0
3 4 127 136 2 0 0
3 4 127 137 2 1 0
3 4 127 138 2 2 0.90089
3 4 127 139 2 3 0
3 4 128 136 3 0 0
3 4 128 137 3 1 0
3 4 128 138 3 2 0
3 4 128 139 3 3 0.870735
3 5 136 154 0 0 0
3 5 136 155 0 1 0.998348
3 5 136 156 0 2 0
3 5 136 157 0 3 0
3 5 137 154 1 0 0.917379
3 5 137 155 1 1 0
3 5 137 156 1 2 0
3 5 137 157 1 3 0
3 5 138 154 2 0 0
3 5 138 155 2 1 0
3 5 138 156 2 2 0.984841
3 5 138 157 2 3 0
3 5 139 154 3 0 0
3 5 139 155 3 1 0
3 5 139 156 3 2 0
3 5 139 157 3 3 0.976109
3 6 154 174 0 0 0
3 6 154 175 0 1 0.916264
3 6 154 176 0 2 0
3 6 154 177 0 3 0
3 6 155 174 1 0 0.964962
3 6 155 175 1 1 0
3 6 155 176 1 2 0
3 6 155 177 1 3 0
3 6 156 174 2 0 0
3 6 156 175 2 1 0
3 6 156 176 2 2 0.956442
3 6 156 177 2 3 0
3 6 157 174 3 0 0
3 6 157 175 3 1 0
3 6 157 176 3 2 0
3 6 157 177 3 3 0.966078
3 7 129 143 0 0 0.965732
3 7 129 144 0 1 0
3 7 129 145 0 2 0
3 7 130 143 1 0 0
3 7 130 144 1 1 0
3 7 130 145 1 2 0
3 7 131 143 2 0 0
3 7 131 144 2 1 0.941367
3 7 131 145 2 2 0
3 7 132 143 3 0 0
3 7 132 144 3 1 0
3 7 132 145 3 2 0.99926
3 8 143 164 0 0 0.854083
3 8 143 165 0 1 0
3 8 143 166 0 2 0
3 8 144 164 1 0 0
3 8 144 165 1 1 0
3 8 144 166 1 2 0.9729
3 8 145 164 2 0 0
3 8 145 165 2 1 0.977629
3 8 145 166 2 2 0
3 9 164 178 0 0 0
3 9 164 179 0 1 0
3 9 165 178 1 0 0.988733
3 9 165 179 1 1 0
3 9 166 178 2 0 0
3 9 166 179 2 1 0.991992
3 10 143 158 0 0 0.76485
3 10 143 159 0 1 0
3 10 143 160 0 2 0
3 10 144 158 1 0 0
3 10 144 159 1 1 0.980296
3 10 144 160 1 2 0
3 10 145 158 2 0 0
3 10 145 159 2 1 0
3 10 145 160 2 2 0.992795
3 11 129 146 0 0 0.963641
3 11 129 147 0 1 0
3 11 129 148 0 2 0
3 11 129 149 0 3 0
3 11 130 146 1 0 0
3 11 130 147 1 1 0
3 11 130 148 1 2 0.624956
3 11 130 149 1 3 0
3 11 131 146 2 0 0
3 11 131 147 2 1 0.939215
3 11 131 148 2 2 0
3 11 131 149 2 3 0
3 11 132 146 3 0 0
3 11 132 147 3 1 0
3 11 132 148 3 2 0
3 11 132 149 3 3 0.997131
3 12 146 167 0 0 0
3 12 146 168 0 1 0.968009
3 12 147 167 1 0 0
3 12 147 168 1 1 0
3 12 148 167 2 0 0
3 12 148 168 2 1 0
3 12 149 167 3 0 0.992965
3 12 149 168 3 1 0
3 13 167 180 0 0 0.983092
3 13 167 181 0 1 0
3 13 168 180 1 0 0
3 13 168 181 1 1 0.961092
3 14 146 161 0 0 0.984274
3 14 146 162 0 1 0
3 14 146 163 0 2 0
3 14 147 161 1 0 0
3 14 147 162 1 1 0
3 14 147 163 1 2 0
3 14 148 161 2 0 0
3 14 148 162 2 1 0.495196
3 14 148 163 2 2 0.504804
3 14 149 161 3 0 0
3 14 149 162 3 1 0
3 14 149 163 3 2 0
3 15 129 140 0 0 0
3 15 129 141 0 1 0
3 15 129 142 0 2 0
3 15 130 140 1 0 0.773774
3 15 130 141 1 1 0
3 15 130 142 1 2 0
3 15 131 140 2 0 0
3 15 131 141 2 1 0.948381
3 15 131 142 2 2 0
3 15 132 140 3 0 0
3 15 132 141 3 1 0
3 15 132 142 3 2 0.994
3 16 174 182 0 0 0.997052
3 16 174 183 0 1 0
3 16 174 184 0 2 0
3 16 175 182 1 0 0
3 16 175 183 1 1 0.92264
3 16 175 184 1 2 0
3 16 176 182 2 0 0
3 16 176 183 2 1 0
3 16 176 184 2 2 0
3 16 177 182 3 0 0
3 16 177 183 3 1 0
3 16 177 184 3 2 0.881745
3 17 169 185 0 0 0
3 17 169 186 0 1 0
3 17 169 187 0 2 0
3 17 170 185 1 0 0
3 17 170 186 1 1 0
3 17 170 187 1 2 0
3 17 171 185 2 0 0.997689
3 17 171 186 2 1 0
3 17 171 187 2 2 0
3 17 172 185 3 0 0
3 17 172 186 3 1 0.990903
3 17 172 187 3 2 0
3 17 173 185 4 0 0
3 17 173 186 4 1 0
3 17 173 187 4 2 0.820923
4 0 191 188 0 0 0
4 0 191 189 0 1 0.984397
4 0 191 190 0 2 0
4 0 192 188 1 0 0.949701
4 0 192 189 1 1 0
4 0 192 190 1 2 0
4 0 193 188 2 0 0
4 0 193 189 2 1 0
4 0 193 190 2 2 0.993091
4 1 194 209 0 0 0.971594
4 1 194 210 0 1 0
4 1 194 211 0 2 0
4 1 195 209 1 0 0
4 1 195 210 1 1 0.990311
4 1 195 211 1 2 0
4 1 196 209 2 0 0
4 1 196 210 2 1 0
4 1 196 211 2 2 0.985483
4 2 209 226 0 0 0.960827
4 2 209 227 0 1 0
4 2 209 228 0 2 0
4 2 210 226 1 0 0
4 2 210 227 1 1 0.987719
4 2 210 228 1 2 0
4 2 211 226 2 0 0
4 2 211 227 2 1 0
4 2 211 228 2 2 0.994339
4 3 188 194 0 0 0.961836
4 3 188 195 0 1 0
4 3 188 196 0 2 0
4 3 189 194 1 0 0
4 3 189 195 1 1 0.949526
4 3 189 196 1 2 0
4 3 190 194 2 0 0
4 3 190 195 2 1 0
4 3 190 196 2 2 0.861643
4 4 188 197 0 0 0.966517
4 4 188 198 0 1 0
4 4 188 199 0 2 0
4 4 189 197 1 0 0
4 4 189 198 1 1 0.942009
4 4 189 199 1 2 0
4 4 190 197 2 0 0
4 4 190 198 2 1 0
4 4 190 199 2 2 0.86306
4 5 197 212 0 0 0.999581
4 5 197 213 0 1 0
4 5 197 214 0 2 0
4 5 198 212 1 0 0
4 5 198 213 1 1 0.982742
4 5 198 214 1 2 0
4 5 199 212 2 0 0
4 5 199 213 2 1 0
4 5 199 214 2 2 0.979779
4 6 212 229 0 0 0.989925
4 6 212 230 0 1 0
4 6 212 231 0 2 0
4 6 213 229 1 0 0
4 6 213 230 1 1 0.98118
4 6 213 231 1 2 0
4 6 214 229 2 0 0
4 6 214 230 2 1 0
4 6 214 231 2 2 0.997202
4 7 191 203 0 0 0.981266
4 7 191 204 0 1 0
4 7 191 205 0 2 0
4 7 192 203 1 0 0
4 7 192 204 1 1 0
4 7 192 205 1 2 0.987006
4 7 193 203 2 0 0
4 7 193 204 2 1 0.989357
4 7 193 205 2 2 0
4 8 203 221 0 0 0.988274
4 8 203 222 0 1 0
4 8 203 223 0 2 0
4 8 204 221 1 0 0
4 8 204 222 1 1 0.276727
4 8 204 223 1 2 0.283153
4 8 205 221 2 0 0
4 8 205 222 2 1 0.283822
4 8 205 223 2 2 0.276558
4 9 221 232 0 0 0
4 9 221 233 0 1 0.983231
4 9 221 234 0 2 0
4 9 222 232 1 0 0.857168
4 9 222 233 1 1 0
4 9 222 234 1 2 0
4 9 223 232 2 0 0
4 9 223 233 2 1 0
4 9 223 234 2 2 0.996763
4 10 203 215 0 0 0
4 10 203 216 0 1 0
4 10 204 215 1 0 0.486447
4 10 204 216 1 1 0.513553
4 10 205 215 2 0 0
4 10 205 216 2 1 0
4 11 191 206 0 0 0.684255
4 11 191 207 0 1 0
4 11 191 208 0 2 0
4 11 192 206 1 0 0
4 11 192 207 1 1 0.986953
4 11 192 208 1 2 0
4 11 193 206 2 0 0
4 11 193 207 2 1 0
4 11 193 208 2 2 0.991831
4 12 206 224 0 0 0
4 12 206 225 0 1 0
4 12 207 224 1 0 0.99168
4 12 207 225 1 1 0
4 12 208 224 2 0 0
4 12 208 225 2 1 0.961126
4 13 224 235 0 0 0.98933
4 13 224 236 0 1 0
4 13 224 237 0 2 0
4 13 225 235 1 0 0
4 13 225 236 1 1 0
4 13 225 237 1 2 0.99614
4 14 206 217 0 0 0
4 14 206 218 0 1 0.497497
4 14 206 219 0 2 0.502503
4 14 206 220 0 3 0
4 14 207 217 1 0 0
4 14 207 218 1 1 0
4 14 207 219 1 2 0
4 14 207 220 1 3 0.970157
4 14 208 217 2 0 0.947318
4 14 208 218 2 1 0
4 14 208 219 2 2 0
4 14 208 220 2 3 0
4 15 191 200 0 0 0.995597
4 15 191 201 0 1 0
4 15 191 202 0 2 0
4 15 192 200 1 0 0
4 15 192 201 1 1 0
4 15 192 202 1 2 0.974999
4 15 193 200 2 0 0
4 15 193 201 2 1 0
4 15 193 202 2 2 0
4 16 229 238 0 0 0.95115
4 16 229 239 0 1 0
4 16 229 240 0 2 0
4 16 230 238 1 0 0
4 16 230 239 1 1 0.953425
4 16 230 240 1 2 0
4 16 231 238 2 0 0
4 16 231 239 2 1 0
4 16 231 240 2 2 0.984205
4 17 226 241 0 0 0.81778
4 17 226 242 0 1 0
4 17 226 243 0 2 0
4 17 227 241 1 0 0
4 17 227 242 1 1 0.984675
4 17 227 243 1 2 0
4 17 228 241 2 0 0
4 17 228 242 2 1 0
4 17 228 243 2 2 0.951611
E jointIdx viewA viewB aOverAllIdx bOverallIdx score
0 0 1 0 36 -1
0 0 1 0 37 0.590885
0 0 1 0 38 -1
0 0 1 1 36 -1
0 0 1 1 37 0.409115
0 0 1 1 38 0.248473
0 0 2 0 78 0.826644
0 0 2 0 79 -1
0 0 2 0 80 -1
0 0 2 1 78 -1
0 0 2 1 79 0.992659
0 0 2 1 80 -1
0 0 3 0 125 -1
0 0 3 0 126 -1
0 0 3 0 127 0.851977
0 0 3 0 128 -1
0 0 3 1 125 -1
0 0 3 1 126 0.962916
0 0 3 1 127 -1
0 0 3 1 128 -1
0 0 4 0 188 -1
0 0 4 0 189 -1
0 0 4 0 190 0.658808
0 0 4 1 188 -1
0 0 4 1 189 -1
0 0 4 1 190 -1
0 1 2 36 78 -1
0 1 2 36 79 -1
0 1 2 36 80 0.589711
0 1 2 37 78 0.849629
0 1 2 37 79 0.897577
0 1 2 37 80 -1
0 1 2 38 78 -1
0 1 2 38 79 -1
0 1 2 38 80 -1
0 1 3 36 125 0.518732
0 1 3 36 126 -1
0 1 3 36 127 -1
0 1 3 36 128 0.922008
0 1 3 37 125 -1
0 1 3 37 126 0.882708
0 1 3 37 127 0.803178
0 1 3 37 128 -1
0 1 3 38 125 0.940713
0 1 3 38 126 -1
0 1 3 38 127 -1
0 1 3 38 128 0.439366
0 1 4 36 188 -1
0 1 4 36 189 0.964671
0 1 4 36 190 -1
0 1 4 37 188 -1
0 1 4 37 189 -1
0 1 4 37 190 0.932028
0 1 4 38 188 0.684289
0 1 4 38 189 -1
0 1 4 38 190 -1
0 2 3 78 125 -1
0 2 3 78 126 -1
0 2 3 78 127 0.627624
0 2 3 78 128 -1
0 2 3 79 125 -1
0 2 3 79 126 0.979939
0 2 3 79 127 -1
0 2 3 79 128 -1
0 2 3 80 125 0.847113
0 2 3 80 126 -1
0 2 3 80 127 -1
0 2 3 80 128 0.597216
0 2 4 78 188 0.818565
0 2 4 78 189 -1
0 2 4 78 190 0.801865
0 2 4 79 188 0.278568
0 2 4 79 189 -1
0 2 4 79 190 0.672141
0 2 4 80 188 -1
0 2 4 80 189 0.517394
0 2 4 80 190 -1
0 3 4 125 188 0.994969
0 3 4 125 189 0.0694902
0 3 4 125 190 -1
0 3 4 126 188 0.426606
0 3 4 126 189 0.32894
0 3 4 126 190 -1
0 3 4 127 188 -1
0 3 4 127 189 0.213053
0 3 4 127 190 0.832752
0 3 4 128 188 -1
0 3 4 128 189 0.388517
0 3 4 128 190 -1
1 0 1 2 39 -1
1 0 1 2 40 -1
1 0 1 2 41 0.550163
1 0 1 3 39 -1
1 0 1 3 40 -1
1 0 1 3 41 0.449837
1 0 2 2 81 -1
1 0 2 2 82 0.903223
1 0 2 2 83 -1
1 0 2 3 81 0.963821
1 0 2 3 82 -1
1 0 2 3 83 -1
1 0 3 2 129 -1
1 0 3 2 130 -1
1 0 3 2 131 0.452538
1 0 3 2 132 0.565306
1 0 3 3 129 -1
1 0 3 3 130 -1
1 0 3 3 131 0.547462
1 0 3 3 132 0.434694
1 0 4 2 191 0.231217
1 0 4 2 192 0.232515
1 0 4 2 193 0.1792
1 0 4 3 191 0.196311
1 0 4 3 192 0.195001
1 0 4 3 193 0.248765
1 1 2 39 81 0.443363
1 1 2 39 82 0.212906
1 1 2 39 83 -1
1 1 2 40 81 -1
1 1 2 40 82 -1
1 1 2 40 83 0.523612
1 1 2 41 81 0.51728
1 1 2 41 82 0.969614
1 1 2 41 83 -1
1 1 3 39 129 0.956483
1 1 3 39 130 0.504647
1 1 3 39 131 -1
1 1 3 39 132 -1
1 1 3 40 129 0.749721
1 1 3 40 130 0.3763
1 1 3 40 131 -1
1 1 3 40 132 -1
1 1 3 41 129 -0.973995
1 1 3 41 130 0.115957
1 1 3 41 131 0.844522
1 1 3 41 132 0.931087
1 1 4 39 191 -1
1 1 4 39 192 0.848911
1 1 4 39 193 -1
1 1 4 40 191 0.570666
1 1 4 40 192 -1
1 1 4 40 193 -1
1 1 4 41 191 -1
1 1 4 41 192 -1
1 1 4 41 193 0.987539
1 2 3 81 129 -1
1 2 3 81 130 -1
1 2 3 81 131 0.917399
1 2 3 81 132 -1
1 2 3 82 129 -1
1 2 3 82 130 -1
1 2 3 82 131 -1
1 2 3 82 132 0.978253
1 2 3 83 129 0.931887
1 2 3 83 130 -1
1 2 3 83 131 -1
1 2 3 83 132 -1
1 2 4 81 191 -1
1 2 4 81 192 -1
1 2 4 81 193 0.930401
1 2 4 82 191 -1
1 2 4 82 192 -1
1 2 4 82 193 0.306045
1 2 4 83 191 0.914455
1 2 4 83 192 -1
1 2 4 83 193 -1
1 3 4 129 191 0.119004
1 3 4 129 192 0.0824369
1 3 4 129 193 0.109795
1 3 4 130 191 0.0973602
1 3 4 130 192 0.126388
1 3 4 130 193 0.0863445
1 3 4 131 191 0.102376
1 3 4 131 192 0.094729
1 3 4 131 193 0.115034
1 3 4 132 191 0.0950142
1 3 4 132 192 0.116946
1 3 4 132 193 0.0991871
2 0 1 4 42 -1
2 0 1 4 43 0.660003
2 0 1 4 44 -1
2 0 1 5 42 -1
2 0 1 5 43 0.339997
2 0 1 5 44 0.0999197
2 0 2 4 84 0.93277
2 0 2 4 85 -1
2 0 2 4 86 -1
2 0 2 4 87 -1
2 0 2 5 84 -1
2 0 2 5 85 0.778955
2 0 2 5 86 -1
2 0 2 5 87 -1
2 0 3 4 133 -1
2 0 3 4 134 0.851321
2 0 3 4 135 -1
2 0 3 5 133 0.97951
2 0 3 5 134 -1
2 0 3 5 135 -1
2 0 4 4 194 -1
2 0 4 4 195 -1
2 0 4 4 196 0.476779
2 0 4 5 194 -1
2 0 4 5 195 -1
2 0 4 5 196 0.523221
2 1 2 42 84 -1
2 1 2 42 85 -1
2 1 2 42 86 0.502581
2 1 2 42 87 -1
2 1 2 43 84 0.951608
2 1 2 43 85 0.847255
2 1 2 43 86 -1
2 1 2 43 87 -1
2 1 2 44 84 -1
2 1 2 44 85 -1
2 1 2 44 86 -1
2 1 2 44 87 -1
2 1 3 42 133 -1
2 1 3 42 134 -1
2 1 3 42 135 0.92682
2 1 3 43 133 0.944005
2 1 3 43 134 0.847992
2 1 3 43 135 -1
2 1 3 44 133 -1
2 1 3 44 134 -1
2 1 3 44 135 0.232152
2 1 4 42 194 -1
2 1 4 42 195 0.972844
2 1 4 42 196 -1
2 1 4 43 194 -1
2 1 4 43 195 -1
2 1 4 43 196 0.626185
2 1 4 44 194 0.786866
2 1 4 44 195 -1
2 1 4 44 196 -1
2 2 3 84 133 -1
2 2 3 84 134 0.911025
2 2 3 84 135 -1
2 2 3 85 133 0.838452
2 2 3 85 134 -1
2 2 3 85 135 -1
2 2 3 86 133 -1
2 2 3 86 134 -1
2 2 3 86 135 0.844221
2 2 3 87 133 -1
2 2 3 87 134 -1
2 2 3 87 135 0.320411
2 2 4 84 194 0.796366
2 2 4 84 195 -1
2 2 4 84 196 0.912043
2 2 4 85 194 0.836449
2 2 4 85 195 -1
2 2 4 85 196 0.416344
2 2 4 86 194 -1
2 2 4 86 195 0.468983
2 2 4 86 196 -1
2 2 4 87 194 -1
2 2 4 87 195 -1
2 2 4 87 196 -1
2 3 4 133 194 0.213001
2 3 4 133 195 0.336533
2 3 4 133 196 0.00169956
2 3 4 134 194 -1
2 3 4 134 195 0.15592
2 3 4 134 196 0.92198
2 3 4 135 194 -1
2 3 4 135 195 0.41616
2 3 4 135 196 -1
3 0 1 6 45 -1
3 0 1 6 46 0.487259
3 0 1 6 47 -1
3 0 1 7 45 -1
3 0 1 7 46 0.512741
3 0 1 7 47 0.348544
3 0 2 6 88 0.501196
3 0 2 6 89 -1
3 0 2 6 90 -1
3 0 2 7 88 -1
3 0 2 7 89 0.829453
3 0 2 7 90 -1
3 0 3 6 136 -1
3 0 3 6 137 -1
3 0 3 6 138 0.953928
3 0 3 6 139 -1
3 0 3 7 136 0.889074
3 0 3 7 137 -1
3 0 3 7 138 -1
3 0 3 7 139 -1
3 0 4 6 197 -1
3 0 4 6 198 -1
3 0 4 6 199 0.657548
3 0 4 7 197 -1
3 0 4 7 198 -1
3 0 4 7 199 -1
3 1 2 45 88 -1
3 1 2 45 89 -1
3 1 2 45 90 0.58239
3 1 2 46 88 0.906961
3 1 2 46 89 0.917967
3 1 2 46 90 -1
3 1 2 47 88 -1
3 1 2 47 89 -1
3 1 2 47 90 -1
3 1 3 45 136 -1
3 1 3 45 137 0.639584
3 1 3 45 138 -1
3 1 3 45 139 0.798418
3 1 3 46 136 0.811206
3 1 3 46 137 -1
3 1 3 46 138 0.695428
3 1 3 46 139 -1
3 1 3 47 136 -1
3 1 3 47 137 0.996261
3 1 3 47 138 -1
3 1 3 47 139 0.70336
3 1 4 45 197 -1
3 1 4 45 198 0.95943
3 1 4 45 199 -1
3 1 4 46 197 -1
3 1 4 46 198 -1
3 1 4 46 199 0.689041
3 1 4 47 197 0.723078
3 1 4 47 198 -1
3 1 4 47 199 -1
3 2 3 88 136 -1
3 2 3 88 137 -1
3 2 3 88 138 0.357228
3 2 3 88 139 -1
3 2 3 89 136 0.720499
3 2 3 89 137 -1
3 2 3 89 138 -1
3 2 3 89 139 -1
3 2 3 90 136 -1
3 2 3 90 137 0.785888
3 2 3 90 138 -1
3 2 3 90 139 0.429686
3 2 4 88 197 0.335904
3 2 4 88 198 -1
3 2 4 88 199 0.560214
3 2 4 89 197 -1
3 2 4 89 198 -1
3 2 4 89 199 0.889453
3 2 4 90 197 -1
3 2 4 90 198 0.686542
3 2 4 90 199 -1
3 3 4 136 197 0.525693
3 3 4 136 198 0.528983
3 3 4 136 199 -1
3 3 4 137 197 0.991911
3 3 4 137 198 -0.984204
3 3 4 137 199 -1
3 3 4 138 197 -1
3 3 4 138 198 0.692881
3 3 4 138 199 0.723552
3 3 4 139 197 -1
3 3 4 139 198 0.762339
3 3 4 139 199 0.23705
4 0 1 8 48 0.339271
4 0 1 8 49 0.360794
4 0 1 9 48 -1
4 0 1 9 49 0.526312
4 0 2 8 91 -1
4 0 2 8 92 0.980805
4 0 2 9 91 0.984118
4 0 2 9 92 -1
4 0 3 8 140 -1
4 0 3 8 141 -1
4 0 3 8 142 0.827085
4 0 3 9 140 -1
4 0 3 9 141 0.999274
4 0 3 9 142 0.172915
4 0 4 8 200 0.147785
4 0 4 8 201 0.503735
4 0 4 8 202 0.348481
4 0 4 9 200 -1
4 0 4 9 201 -1
4 0 4 9 202 -1
4 1 2 48 91 -1
4 1 2 48 92 -1
4 1 2 49 91 0.318917
4 1 2 49 92 0.681083
4 1 3 48 140 0.96455
4 1 3 48 141 -1
4 1 3 48 142 -1
4 1 3 49 140 -1
4 1 3 49 141 0.822088
4 1 3 49 142 0.995959
4 1 4 48 200 0.937086
4 1 4 48 201 -1
4 1 4 48 202 -1
4 1 4 49 200 -1
4 1 4 49 201 0.820341
4 1 4 49 202 -1
4 2 3 91 140 -1
4 2 3 91 141 0.874075
4 2 3 91 142 -1
4 2 3 92 140 -1
4 2 3 92 141 -1
4 2 3 92 142 0.907284
4 2 4 91 200 -1
4 2 4 91 201 -1
4 2 4 91 202 -1
4 2 4 92 200 -1
4 2 4 92 201 0.999551
4 2 4 92 202 0.425382
4 3 4 140 200 0.110211
4 3 4 140 201 0.161087
4 3 4 140 202 0.181454
4 3 4 141 200 0.244798
4 3 4 141 201 0.134187
4 3 4 141 202 0.0975632
4 3 4 142 200 0.125003
4 3 4 142 201 0.161042
4 3 4 142 202 0.169638
5 0 1 10 50 -1
5 0 1 10 51 -1
5 0 1 10 52 0.480188
5 0 1 11 50 -1
5 0 1 11 51 -1
5 0 1 11 52 0.519812
5 0 2 10 93 0.98739
5 0 2 10 94 -1
5 0 2 10 95 -1
5 0 2 11 93 -1
5 0 2 11 94 0.653807
5 0 2 11 95 -1
5 0 3 10 143 -1
5 0 3 10 144 0.549592
5 0 3 10 145 0.496383
5 0 3 11 143 -1
5 0 3 11 144 0.450408
5 0 3 11 145 0.503617
5 0 4 10 203 0.189875
5 0 4 10 204 0.22526
5 0 4 10 205 0.19213
5 0 4 11 203 0.216841
5 0 4 11 204 0.183435
5 0 4 11 205 0.214712
5 1 2 50 93 -1
5 1 2 50 94 -1
5 1 2 50 95 0.887588
5 1 2 51 93 0.887597
5 1 2 51 94 0.768808
5 1 2 51 95 -1
5 1 2 52 93 0.396789
5 1 2 52 94 0.899469
5 1 2 52 95 -1
5 1 3 50 143 0.973159
5 1 3 50 144 -1
5 1 3 50 145 -1
5 1 3 51 143 0.61631
5 1 3 51 144 -1
5 1 3 51 145 -1
5 1 3 52 143 -1
5 1 3 52 144 0.846981
5 1 3 52 145 0.969596
5 1 4 50 203 0.823254
5 1 4 50 204 -1
5 1 4 50 205 -1
5 1 4 51 203 -1
5 1 4 51 204 -1
5 1 4 51 205 0.535174
5 1 4 52 203 -1
5 1 4 52 204 0.697719
5 1 4 52 205 -1
5 2 3 93 143 -1
5 2 3 93 144 0.980369
5 2 3 93 145 -1
5 2 3 94 143 -1
5 2 3 94 144 -1
5 2 3 94 145 0.88822
5 2 3 95 143 0.846834
5 2 3 95 144 -1
5 2 3 95 145 -1
5 2 4 93 203 -1
5 2 4 93 204 0.976895
5 2 4 93 205 0.187593
5 2 4 94 203 -1
5 2 4 94 204 0.737906
5 2 4 94 205 0.233213
5 2 4 95 203 0.933273
5 2 4 95 204 -1
5 2 4 95 205 -1
5 3 4 143 203 0.173738
5 3 4 143 204 0.138559
5 3 4 143 205 0.104415
5 3 4 144 203 0.131158
5 3 4 144 204 0.149566
5 3 4 144 205 0.140871
5 3 4 145 203 0.12301
5 3 4 145 204 0.130592
5 3 4 145 205 0.169894
6 0 1 12 53 -1
6 0 1 12 54 -1
6 0 1 12 55 0.549727
6 0 1 13 53 -1
6 0 1 13 54 -1
6 0 1 13 55 0.450273
6 0 2 12 96 -1
6 0 2 12 97 0.861431
6 0 2 12 98 -1
6 0 2 13 96 0.865897
6 0 2 13 97 -1
6 0 2 13 98 -1
6 0 3 12 146 -1
6 0 3 12 147 0.396102
6 0 3 12 148 -1
6 0 3 12 149 0.571673
6 0 3 13 146 -1
6 0 3 13 147 0.603898
6 0 3 13 148 -1
6 0 3 13 149 0.428327
6 0 4 12 206 0.252433
6 0 4 12 207 0.262467
6 0 4 12 208 0.213724
6 0 4 13 206 0.235591
6 0 4 13 207 0.227163
6 0 4 13 208 0.268104
6 1 2 53 96 -1
6 1 2 53 97 -1
6 1 2 53 98 -1
6 1 2 54 96 -1
6 1 2 54 97 -1
6 1 2 54 98 0.163342
6 1 2 55 96 0.625268
6 1 2 55 97 0.995294
6 1 2 55 98 -1
6 1 3 53 146 0.848497
6 1 3 53 147 -1
6 1 3 53 148 0.461498
6 1 3 53 149 -1
6 1 3 54 146 0.623373
6 1 3 54 147 -1
6 1 3 54 148 0.356692
6 1 3 54 149 -1
6 1 3 55 146 -0.88024
6 1 3 55 147 0.812568
6 1 3 55 148 0.160036
6 1 3 55 149 0.806798
6 1 4 53 206 -1
6 1 4 53 207 0.949129
6 1 4 53 208 -1
6 1 4 54 206 0.604429
6 1 4 54 207 -1
6 1 4 54 208 -1
6 1 4 55 206 -1
6 1 4 55 207 -1
6 1 4 55 208 0.884501
6 2 3 96 146 -1
6 2 3 96 147 0.47088
6 2 3 96 148 -1
6 2 3 96 149 -1
6 2 3 97 146 -1
6 2 3 97 147 -1
6 2 3 97 148 -1
6 2 3 97 149 0.849164
6 2 3 98 146 0.94784
6 2 3 98 147 -1
6 2 3 98 148 -1
6 2 3 98 149 -1
6 2 4 96 206 -1
6 2 4 96 207 -1
6 2 4 96 208 0.745076
6 2 4 97 206 -1
6 2 4 97 207 -1
6 2 4 97 208 -1
6 2 4 98 206 0.362625
6 2 4 98 207 -1
6 2 4 98 208 -1
6 3 4 146 206 0.119537
6 3 4 146 207 0.0841594
6 3 4 146 208 0.134094
6 3 4 147 206 0.115879
6 3 4 147 207 0.0925223
6 3 4 147 208 0.128656
6 3 4 148 206 0.108149
6 3 4 148 207 0.157216
6 3 4 148 208 0.0615968
6 3 4 149 206 0.0991183
6 3 4 149 207 0.132901
6 3 4 149 208 0.101301
7 0 1 14 56 0.0857064
7 0 1 14 57 0.655669
7 0 1 14 58 -1
7 0 1 15 56 0.796429
7 0 1 15 57 -1
7 0 1 15 58 -1
7 0 2 14 99 0.540425
7 0 2 14 100 -1
7 0 2 15 99 -1
7 0 2 15 100 0.911919
7 0 3 14 150 -1
7 0 3 14 151 -1
7 0 3 14 152 0.908716
7 0 3 14 153 -1
7 0 3 15 150 -1
7 0 3 15 151 0.941687
7 0 3 15 152 -1
7 0 3 15 153 -1
7 0 4 14 209 -1
7 0 4 14 210 -1
7 0 4 14 211 0.958313
7 0 4 15 209 -1
7 0 4 15 210 -1
7 0 4 15 211 -1
7 1 2 56 99 0.436806
7 1 2 56 100 0.563194
7 1 2 57 99 -1
7 1 2 57 100 -1
7 1 2 58 99 -1
7 1 2 58 100 -1
7 1 3 56 150 -1
7 1 3 56 151 0.909138
7 1 3 56 152 0.451056
7 1 3 56 153 -1
7 1 3 57 150 0.463558
7 1 3 57 151 -1
7 1 3 57 152 -1
7 1 3 57 153 0.582235
7 1 3 58 150 0.334591
7 1 3 58 151 -1
7 1 3 58 152 -1
7 1 3 58 153 -1
7 1 4 56 209 -1
7 1 4 56 210 -1
7 1 4 56 211 -1
7 1 4 57 209 -1
7 1 4 57 210 0.983145
7 1 4 57 211 -1
7 1 4 58 209 0.697895
7 1 4 58 210 -1
7 1 4 58 211 0.794857
7 2 3 99 150 -1
7 2 3 99 151 -1
7 2 3 99 152 0.632373
7 2 3 99 153 -1
7 2 3 100 150 -1
7 2 3 100 151 0.8469
7 2 3 100 152 -1
7 2 3 100 153 -1
7 2 4 99 209 -1
7 2 4 99 210 -1
7 2 4 99 211 0.380974
7 2 4 100 209 0.650778
7 2 4 100 210 -1
7 2 4 100 211 -1
7 3 4 150 209 0.696687
7 3 4 150 210 -1
7 3 4 150 211 -1
7 3 4 151 209 -1
7 3 4 151 210 0.863232
7 3 4 151 211 -1
7 3 4 152 209 -1
7 3 4 152 210 -1
7 3 4 152 211 0.643754
7 3 4 153 209 -1
7 3 4 153 210 0.738441
7 3 4 153 211 -1
8 0 1 16 59 0.0432397
8 0 1 16 60 -1
8 0 1 16 61 -1
8 0 1 17 59 0.943397
8 0 1 17 60 -1
8 0 1 17 61 -1
8 0 2 16 101 0.469177
8 0 2 16 102 -1
8 0 2 17 101 -1
8 0 2 17 102 0.958868
8 0 3 16 154 -1
8 0 3 16 155 -1
8 0 3 16 156 0.99922
8 0 3 16 157 -1
8 0 3 17 154 -1
8 0 3 17 155 0.685749
8 0 3 17 156 -1
8 0 3 17 157 -1
8 0 4 16 212 -1
8 0 4 16 213 -1
8 0 4 16 214 0.920255
8 0 4 17 212 -1
8 0 4 17 213 -1
8 0 4 17 214 -1
8 1 2 59 101 0.421241
8 1 2 59 102 0.578759
8 1 2 60 101 -1
8 1 2 60 102 -1
8 1 2 61 101 -1
8 1 2 61 102 -1
8 1 3 59 154 -1
8 1 3 59 155 0.573948
8 1 3 59 156 0.0978577
8 1 3 59 157 -1
8 1 3 60 154 0.145022
8 1 3 60 155 -1
8 1 3 60 156 -1
8 1 3 60 157 0.928377
8 1 3 61 154 0.846598
8 1 3 61 155 -1
8 1 3 61 156 -1
8 1 3 61 157 -1
8 1 4 59 212 -1
8 1 4 59 213 -1
8 1 4 59 214 0.885317
8 1 4 60 212 -1
8 1 4 60 213 0.817688
8 1 4 60 214 -1
8 1 4 61 212 0.792619
8 1 4 61 213 -1
8 1 4 61 214 -1
8 2 3 101 154 -1
8 2 3 101 155 -1
8 2 3 101 156 0.458851
8 2 3 101 157 -1
8 2 3 102 154 -1
8 2 3 102 155 0.593127
8 2 3 102 156 -1
8 2 3 102 157 -1
8 2 4 101 212 0.941413
8 2 4 101 213 -1
8 2 4 101 214 0.892857
8 2 4 102 212 -1
8 2 4 102 213 -1
8 2 4 102 214 -1
8 3 4 154 212 0.989913
8 3 4 154 213 -1
8 3 4 154 214 -1
8 3 4 155 212 -1
8 3 4 155 213 -1
8 3 4 155 214 -1
8 3 4 156 212 -1
8 3 4 156 213 0.687708
8 3 4 156 214 0.855635
8 3 4 157 212 -1
8 3 4 157 213 0.736031
8 3 4 157 214 -1
9 1 2 62 103 -1
9 1 2 62 104 -1
9 1 2 63 103 -1
9 1 2 63 104 0.928171
9 1 3 62 158 0.380948
9 1 3 62 159 -1
9 1 3 62 160 -1
9 1 3 63 158 0.619052
9 1 3 63 159 -1
9 1 3 63 160 -1
9 1 4 62 215 -1
9 1 4 62 216 -1
9 1 4 63 215 -1
9 1 4 63 216 -1
9 2 3 103 158 -1
9 2 3 103 159 0.911758
9 2 3 103 160 -1
9 2 3 104 158 0.942338
9 2 3 104 159 -1
9 2 3 104 160 -1
9 2 4 103 215 0.852102
9 2 4 103 216 0.147898
9 2 4 104 215 -1
9 2 4 104 216 -1
9 3 4 158 215 0.398327
9 3 4 158 216 0.0351079
9 3 4 159 215 0.293713
9 3 4 159 216 0.220701
9 3 4 160 215 0.12262
9 3 4 160 216 0.466138
10 0 1 18 64 0.632169
10 0 1 19 64 0.367831
10 0 2 18 105 0.998361
10 0 2 18 106 -1
10 0 2 19 105 -1
10 0 2 19 106 -1
10 0 3 18 161 -1
10 0 3 18 162 -1
10 0 3 18 163 -1
10 0 3 19 161 -1
10 0 3 19 162 -1
10 0 3 19 163 -1
10 0 4 18 217 -1
10 0 4 18 218 -1
10 0 4 18 219 -1
10 0 4 18 220 0.265953
10 0 4 19 217 0.971097
10 0 4 19 218 -1
10 0 4 19 219 -1
10 0 4 19 220 -1
10 1 2 64 105 0.999959
10 1 2 64 106 -1
10 1 3 64 161 -1
10 1 3 64 162 -1
10 1 3 64 163 -1
10 1 4 64 217 0.357739
10 1 4 64 218 -1
10 1 4 64 219 -1
10 1 4 64 220 -1
10 2 3 105 161 -1
10 2 3 105 162 -1
10 2 3 105 163 -1
10 2 3 106 161 0.838303
10 2 3 106 162 -1
10 2 3 106 163 -1
10 2 4 105 217 -1
10 2 4 105 218 -1
10 2 4 105 219 -1
10 2 4 105 220 -1
10 2 4 106 217 -1
10 2 4 106 218 0.775892
10 2 4 106 219 0.83941
10 2 4 106 220 -1
10 3 4 161 217 0.316955
10 3 4 161 218 0.204683
10 3 4 161 219 0.226906
10 3 4 161 220 0.0117346
10 3 4 162 217 -1
10 3 4 162 218 0.212115
10 3 4 162 219 0.181013
10 3 4 162 220 0.490021
10 3 4 163 217 -1
10 3 4 163 218 0.19587
10 3 4 163 219 0.162692
10 3 4 163 220 0.476038
11 0 1 20 65 -1
11 0 1 20 66 0.603842
11 0 1 21 65 -1
11 0 1 21 66 0.396158
11 0 2 20 107 0.865502
11 0 2 20 108 0.0153516
11 0 2 20 109 -1
11 0 2 20 110 -1
11 0 2 21 107 -1
11 0 2 21 108 0.952116
11 0 2 21 109 -1
11 0 2 21 110 -1
11 0 3 20 164 -1
11 0 3 20 165 0.404778
11 0 3 20 166 0.812047
11 0 3 21 164 -1
11 0 3 21 165 0.595222
11 0 3 21 166 0.187953
11 0 4 20 221 -1
11 0 4 20 222 -1
11 0 4 20 223 0.506632
11 0 4 21 221 -1
11 0 4 21 222 -1
11 0 4 21 223 0.493368
11 1 2 65 107 -1
11 1 2 65 108 -1
11 1 2 65 109 -1
11 1 2 65 110 0.831774
11 1 2 66 107 0.657676
11 1 2 66 108 0.434895
11 1 2 66 109 -1
11 1 2 66 110 -1
11 1 3 65 164 0.311999
11 1 3 65 165 0.178566
11 1 3 65 166 0.189419
11 1 3 66 164 0.164539
11 1 3 66 165 0.267217
11 1 3 66 166 0.258865
11 1 4 65 221 0.737026
11 1 4 65 222 0.25676
11 1 4 65 223 -1
11 1 4 66 221 -1
11 1 4 66 222 0.74324
11 1 4 66 223 0.45588
11 2 3 107 164 -1
11 2 3 107 165 -1
11 2 3 107 166 0.963454
11 2 3 108 164 -1
11 2 3 108 165 0.851256
11 2 3 108 166 -1
11 2 3 109 164 -1
11 2 3 109 165 -1
11 2 3 109 166 -1
11 2 3 110 164 0.831209
11 2 3 110 165 -1
11 2 3 110 166 -1
11 2 4 107 221 -1
11 2 4 107 222 0.582321
11 2 4 107 223 0.883506
11 2 4 108 221 -1
11 2 4 108 222 0.518205
11 2 4 108 223 -1
11 2 4 109 221 -1
11 2 4 109 222 -1
11 2 4 109 223 0.816446
11 2 4 110 221 0.820726
11 2 4 110 222 -1
11 2 4 110 223 -1
11 3 4 164 221 0.448957
11 3 4 164 222 0.510713
11 3 4 164 223 -1
11 3 4 165 221 0.229377
11 3 4 165 222 0.241657
11 3 4 165 223 0.291257
11 3 4 166 221 0.14611
11 3 4 166 222 0.091399
11 3 4 166 223 0.618912
12 0 1 22 67 0.425587
12 0 1 23 67 0.574413
12 0 2 22 111 0.464077
12 0 2 22 112 -1
12 0 2 22 113 -1
12 0 2 23 111 -1
12 0 2 23 112 0.920598
12 0 2 23 113 -1
12 0 3 22 167 -1
12 0 3 22 168 -1
12 0 3 23 167 0.972572
12 0 3 23 168 -1
12 0 4 22 224 -1
12 0 4 22 225 0.908733
12 0 4 23 224 -1
12 0 4 23 225 -1
12 1 2 67 111 0.796312
12 1 2 67 112 0.972439
12 1 2 67 113 -1
12 1 3 67 167 0.952927
12 1 3 67 168 0.0124997
12 1 4 67 224 -1
12 1 4 67 225 0.669423
12 2 3 111 167 -1
12 2 3 111 168 -1
12 2 3 112 167 0.90061
12 2 3 112 168 -1
12 2 3 113 167 -1
12 2 3 113 168 0.691934
12 2 4 111 224 -1
12 2 4 111 225 0.472883
12 2 4 112 224 -1
12 2 4 112 225 -1
12 2 4 113 224 -1
12 2 4 113 225 -1
12 3 4 167 224 0.436727
12 3 4 167 225 0.379139
12 3 4 168 224 -1
12 3 4 168 225 0.620861
13 0 1 24 68 -1
13 0 1 24 69 -1
13 0 1 24 70 -1
13 0 1 25 68 0.946312
13 0 1 25 69 -1
13 0 1 25 70 -1
13 0 2 24 114 0.550975
13 0 2 24 115 -1
13 0 2 25 114 -1
13 0 2 25 115 0.489903
13 0 3 24 169 -1
13 0 3 24 170 -1
13 0 3 24 171 -1
13 0 3 24 172 0.953938
13 0 3 24 173 -1
13 0 3 25 169 -1
13 0 3 25 170 -1
13 0 3 25 171 0.844325
13 0 3 25 172 -1
13 0 3 25 173 -1
13 0 4 24 226 -1
13 0 4 24 227 -1
13 0 4 24 228 0.989556
13 0 4 25 226 -1
13 0 4 25 227 -1
13 0 4 25 228 -1
13 1 2 68 114 0.82715
13 1 2 68 115 0.156678
13 1 2 69 114 -1
13 1 2 69 115 -1
13 1 2 70 114 -1
13 1 2 70 115 -1
13 1 3 68 169 -1
13 1 3 68 170 -1
13 1 3 68 171 0.63089
13 1 3 68 172 0.697917
13 1 3 68 173 -1
13 1 3 69 169 -1
13 1 3 69 170 0.591095
13 1 3 69 171 -1
13 1 3 69 172 -1
13 1 3 69 173 0.975377
13 1 3 70 169 0.239415
13 1 3 70 170 -1
13 1 3 70 171 -1
13 1 3 70 172 -1
13 1 3 70 173 -1
13 1 4 68 226 -1
13 1 4 68 227 -1
13 1 4 68 228 -1
13 1 4 69 226 -1
13 1 4 69 227 0.987549
13 1 4 69 228 -1
13 1 4 70 226 0.314408
13 1 4 70 227 -1
13 1 4 70 228 -1
13 2 3 114 169 -1
13 2 3 114 170 -1
13 2 3 114 171 -1
13 2 3 114 172 0.585049
13 2 3 114 173 -1
13 2 3 115 169 -1
13 2 3 115 170 -1
13 2 3 115 171 0.599063
13 2 3 115 172 -1
13 2 3 115 173 -1
13 2 4 114 226 -1
13 2 4 114 227 -1
13 2 4 114 228 0.53038
13 2 4 115 226 0.273615
13 2 4 115 227 -1
13 2 4 115 228 -1
13 3 4 169 226 0.985638
13 3 4 169 227 -1
13 3 4 169 228 -1
13 3 4 170 226 0.722192
13 3 4 170 227 -1
13 3 4 170 228 -1
13 3 4 171 226 -1
13 3 4 171 227 0.437477
13 3 4 171 228 -1
13 3 4 172 226 -1
13 3 4 172 227 -1
13 3 4 172 228 0.886425
13 3 4 173 226 -1
13 3 4 173 227 0.849899
13 3 4 173 228 -1
14 0 1 26 71 -1
14 0 1 26 72 0.789902
14 0 1 26 73 -1
14 0 1 27 71 0.825699
14 0 1 27 72 -1
14 0 1 27 73 -1
14 0 2 26 116 0.71086
14 0 2 26 117 -1
14 0 2 27 116 -1
14 0 2 27 117 0.458731
14 0 3 26 174 -1
14 0 3 26 175 -1
14 0 3 26 176 0.731027
14 0 3 26 177 -1
14 0 3 27 174 0.76869
14 0 3 27 175 -1
14 0 3 27 176 -1
14 0 3 27 177 -1
14 0 4 26 229 -1
14 0 4 26 230 -1
14 0 4 26 231 0.908315
14 0 4 27 229 -1
14 0 4 27 230 -1
14 0 4 27 231 -1
14 1 2 71 116 0.694638
14 1 2 71 117 0.305362
14 1 2 72 116 -1
14 1 2 72 117 -1
14 1 2 73 116 -1
14 1 2 73 117 -1
14 1 3 71 174 0.578218
14 1 3 71 175 -1
14 1 3 71 176 0.101347
14 1 3 71 177 -1
14 1 3 72 174 -1
14 1 3 72 175 0.0920242
14 1 3 72 176 -1
14 1 3 72 177 0.828389
14 1 3 73 174 -1
14 1 3 73 175 0.370923
14 1 3 73 176 -1
14 1 3 73 177 -1
14 1 4 71 229 -1
14 1 4 71 230 -1
14 1 4 71 231 0.193617
14 1 4 72 229 -1
14 1 4 72 230 0.810415
14 1 4 72 231 -1
14 1 4 73 229 0.93639
14 1 4 73 230 -1
14 1 4 73 231 -1
14 2 3 116 174 -1
14 2 3 116 175 -1
14 2 3 116 176 0.426997
14 2 3 116 177 -1
14 2 3 117 174 0.70986
14 2 3 117 175 -1
14 2 3 117 176 -1
14 2 3 117 177 -1
14 2 4 116 229 0.898712
14 2 4 116 230 -1
14 2 4 116 231 0.993692
14 2 4 117 229 -1
14 2 4 117 230 -1
14 2 4 117 231 -1
14 3 4 174 229 0.251204
14 3 4 174 230 -1
14 3 4 174 231 -1
14 3 4 175 229 0.783297
14 3 4 175 230 -1
14 3 4 175 231 -1
14 3 4 176 229 -1
14 3 4 176 230 0.432108
14 3 4 176 231 0.989947
14 3 4 177 229 -1
14 3 4 177 230 0.994643
14 3 4 177 231 -1
15 0 1 28 74 -1
15 0 1 28 75 -1
15 0 1 29 74 -1
15 0 1 29 75 -1
15 0 2 28 118 0.9544
15 0 2 28 119 -1
15 0 2 28 120 -1
15 0 2 29 118 -1
15 0 2 29 119 0.930824
15 0 2 29 120 -1
15 0 3 28 178 -1
15 0 3 28 179 0.894992
15 0 3 29 178 0.747401
15 0 3 29 179 0.105008
15 0 4 28 232 -1
15 0 4 28 233 -1
15 0 4 28 234 0.698325
15 0 4 29 232 -1
15 0 4 29 233 -1
15 0 4 29 234 0.301675
15 1 2 74 118 -1
15 1 2 74 119 -1
15 1 2 74 120 -1
15 1 2 75 118 -1
15 1 2 75 119 -1
15 1 2 75 120 -1
15 1 3 74 178 -1
15 1 3 74 179 -1
15 1 3 75 178 -1
15 1 3 75 179 -1
15 1 4 74 232 0.534844
15 1 4 74 233 0.470131
15 1 4 74 234 -1
15 1 4 75 232 0.465156
15 1 4 75 233 0.529869
15 1 4 75 234 -1
15 2 3 118 178 -1
15 2 3 118 179 0.923102
15 2 3 119 178 0.807915
15 2 3 119 179 -1
15 2 3 120 178 -1
15 2 3 120 179 -1
15 2 4 118 232 -1
15 2 4 118 233 -1
15 2 4 118 234 0.969077
15 2 4 119 232 -1
15 2 4 119 233 -1
15 2 4 119 234 -1
15 2 4 120 232 0.423631
15 2 4 120 233 -1
15 2 4 120 234 -1
15 3 4 178 232 -1
15 3 4 178 233 0.676589
15 3 4 178 234 0.135796
15 3 4 179 232 -1
15 3 4 179 233 0.16702
15 3 4 179 234 0.864204
16 0 1 30 76 0.514604
16 0 1 31 76 0.485396
16 0 2 30 121 0.695985
16 0 2 30 122 -1
16 0 2 31 121 -1
16 0 2 31 122 0.849227
16 0 3 30 180 -1
16 0 3 30 181 -1
16 0 3 31 180 0.776638
16 0 3 31 181 -1
16 0 4 30 235 -1
16 0 4 30 236 -1
16 0 4 30 237 0.937575
16 0 4 31 235 -1
16 0 4 31 236 -1
16 0 4 31 237 -1
16 1 2 76 121 0.0404927
16 1 2 76 122 0.860399
16 1 3 76 180 0.891468
16 1 3 76 181 -1
16 1 4 76 235 0.970381
16 1 4 76 236 -1
16 1 4 76 237 -1
16 2 3 121 180 -1
16 2 3 121 181 -1
16 2 3 122 180 0.927452
16 2 3 122 181 -1
16 2 4 121 235 0.80677
16 2 4 121 236 -1
16 2 4 121 237 0.804037
16 2 4 122 235 0.19323
16 2 4 122 236 -1
16 2 4 122 237 -1
16 3 4 180 235 -1
16 3 4 180 236 0.205049
16 3 4 180 237 -1
16 3 4 181 235 -1
16 3 4 181 236 0.794951
16 3 4 181 237 0.790521
17 0 2 32 123 -1
17 0 2 33 123 0.541732
17 0 3 32 182 -1
17 0 3 32 183 -1
17 0 3 32 184 -1
17 0 3 33 182 0.587987
17 0 3 33 183 -1
17 0 3 33 184 -1
17 0 4 32 238 -1
17 0 4 32 239 -1
17 0 4 32 240 0.99722
17 0 4 33 238 -1
17 0 4 33 239 -1
17 0 4 33 240 -1
17 2 3 123 182 0.855064
17 2 3 123 183 -1
17 2 3 123 184 -1
17 2 4 123 238 0.20038
17 2 4 123 239 -1
17 2 4 123 240 0.725674
17 3 4 182 238 -1
17 3 4 182 239 -1
17 3 4 182 240 -1
17 3 4 183 238 0.999198
17 3 4 183 239 -1
17 3 4 183 240 -1
17 3 4 184 238 -1
17 3 4 184 239 0.975998
17 3 4 184 240 0.242825
18 0 1 34 77 -1
18 0 1 35 77 0.38306
18 0 2 34 124 -1
18 0 2 35 124 -1
18 0 3 34 185 -1
18 0 3 34 186 0.689415
18 0 3 34 187 -1
18 0 3 35 185 0.779449
18 0 3 35 186 -1
18 0 3 35 187 -1
18 0 4 34 241 -1
18 0 4 34 242 -1
18 0 4 34 243 0.790814
18 0 4 35 241 -1
18 0 4 35 242 -1
18 0 4 35 243 0.0187582
18 1 2 77 124 -1
18 1 3 77 185 -1
18 1 3 77 186 -1
18 1 3 77 187 0.76516
18 1 4 77 241 -1
18 1 4 77 242 0.890794
18 1 4 77 243 -1
18 2 3 124 185 -1
18 2 3 124 186 -1
18 2 3 124 187 -1
18 2 4 124 241 -1
18 2 4 124 242 -1
18 2 4 124 243 -1
18 3 4 185 241 -1
18 3 4 185 242 0.790969
18 3 4 185 243 -1
18 3 4 186 241 -1
18 3 4 186 242 -1
18 3 4 186 243 0.940321
18 3 4 187 241 -1
18 3 4 187 242 0.951432
18 3 4 187 243 -1
end of Frame 204
