J OverallIdx viewIdx joint种类0-18(jointIdx) 该joint在图中的顺序(candidix) x y score
0 0 0 0 501.879 383.82 0.692477
1 0 0 1 347.706 432.293 0.58867
2 0 1 0 347.663 208.704 0.903901
3 0 1 1 513.153 210.965 0.83477
4 0 2 0 479.494 383.827 0.653594
5 0 2 1 392.532 430.183 0.586964
6 0 3 0 521.616 383.817 0.678986
7 0 3 1 302.783 434.369 0.580822
8 0 4 0 459.783 156.006 0.914437
9 0 5 0 412.277 210.952 0.862578
10 0 5 1 482.407 210.978 0.78816
11 0 6 0 280.56 198.235 0.836248
12 0 6 1 546.91 210.943 0.8573
13 0 7 0 496.415 516.672 0.714751
14 0 7 1 370.082 603.107 0.753428
15 0 8 0 527.231 522.941 0.759547
16 0 8 1 263.641 613.608 0.740261
17 0 9 0 370.301 124.46 0.937628
18 0 10 0 302.708 126.588 0.925533
19 0 10 1 504.834 145.457 0.94036
20 0 11 0 55.9487 309.922 0.766297
21 0 11 1 443.06 331.035 0.860306
22 0 12 0 605.789 280.439 0.860469
23 0 12 1 260.885 333.158 0.826518
24 0 13 0 507.572 632.518 0.839533
25 0 13 1 353.36 761.206 0.601696
26 0 14 0 549.59 651.544 0.787226
27 0 14 1 277.636 765.436 0.312519
28 0 15 0 72.9585 394.372 0.77838
29 0 15 1 414.936 398.627 0.696616
30 0 16 0 549.613 333.181 0.864322
31 0 16 1 255.168 430.165 0.727507
32 0 17 0 515.944 687.432 0.747642
33 0 18 0 448.726 649.493 0.801983
34 1 0 0 207.512 385.898 0.685943
35 1 0 1 546.709 379.554 0.81937
36 1 0 2 653.393 396.383 0.665285
37 1 1 0 204.698 210.951 0.875071
38 1 1 1 645.046 227.678 0.796989
39 1 1 2 546.825 244.705 0.934353
40 1 2 0 510.478 379.548 0.789613
41 1 2 1 168.236 387.998 0.701341
42 1 2 2 653.423 396.391 0.574034
43 1 3 0 572.046 379.589 0.827903
44 1 3 1 241.147 383.803 0.684235
45 1 3 2 653.409 396.429 0.708791
46 1 4 0 190.748 147.653 0.916159
47 1 4 1 594.655 179.24 0.626826
48 1 4 2 527.203 196.065 0.983037
49 1 5 0 145.879 210.766 0.890159
50 1 5 1 639.339 227.616 0.738851
51 1 5 2 504.712 244.691 0.931197
52 1 6 0 258.148 213.032 0.874129
53 1 6 1 661.671 227.736 0.926349
54 1 6 2 586.152 244.649 0.886114
55 1 7 0 524.463 482.951 0.862676
56 1 7 1 190.662 516.694 0.795977
57 1 7 2 659.003 518.714 0.763769
58 1 8 0 572.218 482.854 0.867685
59 1 8 1 249.577 518.772 0.739872
60 1 8 2 633.722 525.025 0.735108
61 1 10 0 235.501 143.282 0.891713
62 1 10 1 617.079 177.075 0.956019
63 1 10 2 555.341 193.904 0.88248
64 1 11 0 459.934 293.167 0.968943
65 1 11 1 123.251 295.318 0.876429
66 1 12 0 617.116 295.109 0.91039
67 1 12 1 283.301 305.758 0.742399
68 1 12 2 681.494 322.653 0.847821
69 1 13 0 527.137 573.53 0.840333
70 1 13 1 210.293 634.743 0.813077
71 1 13 2 653.396 634.787 0.728061
72 1 14 0 580.506 569.39 0.79885
73 1 14 1 664.724 653.711 0.752163
74 1 14 2 258.002 662.124 0.71827
75 1 15 0 490.731 335.264 0.849093
76 1 15 1 123.259 379.495 0.895662
77 1 16 0 594.585 331.04 0.958273
78 1 16 1 316.94 394.32 0.766461
79 1 16 2 633.688 390.109 0.787372
80 1 17 0 583.301 598.784 0.780753
81 1 17 1 611.393 668.486 0.790234
82 1 17 2 255.218 697.947 0.482341
83 1 18 0 493.59 594.653 0.795039
84 1 18 1 600.135 649.418 0.788163
85 1 18 2 218.728 668.508 0.729396
86 2 0 0 412.245 290.975 0.802927
87 2 0 1 684.3 364.796 0.805075
88 2 0 2 482.355 651.581 0.453534
89 2 1 0 392.735 128.624 0.914097
90 2 1 1 709.608 212.965 0.860899
91 2 1 2 468.37 455.493 0.527492
92 2 2 0 378.641 293.124 0.751023
93 2 2 1 659.031 362.608 0.776455
94 2 2 2 454.331 668.466 0.435735
95 2 3 0 437.587 284.679 0.777295
96 2 3 1 709.524 371.101 0.740311
97 2 3 2 515.966 634.725 0.440734
98 2 4 0 417.935 92.8748 0.924854
99 2 4 1 658.979 160.369 0.916046
100 2 4 2 591.613 432.358 0.890182
101 2 5 0 347.737 141.241 0.835143
102 2 5 1 664.722 198.187 0.820946
103 2 5 2 437.499 495.502 0.659926
104 2 6 0 440.221 122.241 0.852291
105 2 6 1 757.137 227.817 0.84229
106 2 6 2 485.245 404.862 0.397145
107 2 7 0 372.954 394.303 0.842114
108 2 7 1 658.911 465.989 0.829264
109 2 7 2 437.52 761.232 0.33328
110 2 8 0 437.395 383.838 0.82646
111 2 8 1 701.037 478.682 0.776072
112 2 8 2 549.744 738.057 0.603143
113 2 9 0 373.124 75.9846 0.852186
114 2 9 1 510.361 402.767 0.803561
115 2 10 0 706.723 162.431 0.946565
116 2 11 0 280.552 210.78 0.942118
117 2 11 1 647.798 263.54 0.876297
118 2 11 2 395.374 628.381 0.800686
119 2 12 0 459.91 164.498 0.854882
120 2 12 1 773.955 320.494 0.886063
121 2 13 0 370.121 480.782 0.880304
122 2 13 1 656.204 546.07 0.872562
123 2 14 0 434.596 474.474 0.734024
124 2 14 1 709.426 567.187 0.875116
125 2 15 0 344.855 259.428 0.92187
126 2 15 1 639.331 328.861 0.904729
127 2 15 2 465.556 721.166 0.754486
128 2 16 0 462.722 225.599 0.900601
129 2 16 1 726.257 379.467 0.910106
130 2 17 0 678.553 603.061 0.802116
131 2 18 0 370.333 514.452 0.788328
132 2 18 1 628.138 577.817 0.833066
133 3 0 0 574.992 341.608 0.752323
134 3 0 1 302.824 369.059 0.676119
135 3 0 2 838.38 402.755 0.539998
136 3 1 0 844.074 174.948 0.860866
137 3 1 1 280.388 187.637 0.776391
138 3 1 2 569.281 193.987 0.931398
139 3 2 0 549.536 343.666 0.742838
140 3 2 1 286.005 373.256 0.643389
141 3 2 2 869.33 411.147 0.529502
142 3 3 0 611.387 339.53 0.722997
143 3 3 1 319.713 366.957 0.589068
144 3 3 2 796.451 398.537 0.539784
145 3 4 0 936.638 105.451 0.604279
146 3 4 1 328.228 126.485 0.902394
147 3 4 2 544.086 141.294 0.907246
148 3 5 0 908.69 172.931 0.776864
149 3 5 1 260.736 191.809 0.806982
150 3 5 2 521.619 194.106 0.864128
151 3 6 0 776.879 174.99 0.773595
152 3 6 1 299.986 181.337 0.674407
153 3 6 2 616.856 191.929 0.890665
154 3 7 0 552.448 463.945 0.852402
155 3 7 1 291.687 514.55 0.691769
156 3 7 2 841.182 567.271 0.678816
157 3 8 0 625.355 461.793 0.800908
158 3 8 1 308.445 510.274 0.723294
159 3 8 2 846.933 554.583 0.630967
160 3 9 0 905.785 86.479 0.842007
161 3 9 1 277.679 120.184 0.867858
162 3 10 0 588.899 128.673 0.875711
163 3 11 0 221.553 265.66 0.829816
164 3 11 1 501.886 274.163 0.8796
165 3 11 2 919.846 303.676 0.696739
166 3 12 0 636.667 265.69 0.862436
167 3 12 1 745.91 295.169 0.682682
168 3 13 0 572.074 563.056 0.866291
169 3 13 1 277.645 649.568 0.80496
170 3 13 2 793.545 719.128 0.576978
171 3 14 0 639.256 554.583 0.831244
172 3 14 1 305.723 615.736 0.845014
173 3 14 2 880.483 681.102 0.732092
174 3 15 0 277.497 326.837 0.878585
175 3 15 1 521.576 333.173 0.843234
176 3 15 2 953.574 409.073 0.737171
177 3 16 0 625.418 329.027 0.846152
178 3 16 1 729.007 398.575 0.765666
179 3 17 0 639.422 584.157 0.809749
180 3 17 1 370.062 617.84 0.880818
181 3 17 2 914.269 664.202 0.625924
182 3 18 0 586.117 594.587 0.808235
183 3 18 1 344.814 674.773 0.774405
184 4 0 0 995.566 272.021 0.65798
185 4 0 1 658.983 335.288 0.549977
186 4 1 0 661.981 111.853 0.86851
187 4 1 1 998.44 116.024 0.847573
188 4 2 0 1029.21 274.119 0.58789
189 4 2 1 706.587 339.504 0.541191
190 4 3 0 956.337 274.082 0.639117
191 4 3 1 614.082 331.057 0.484128
192 4 4 0 628.154 80.1856 0.794854
193 4 5 0 731.885 111.777 0.846219
194 4 5 1 1029.21 115.959 0.247519
195 4 5 2 577.703 122.254 0.355244
196 4 6 0 597.324 111.837 0.813225
197 4 6 1 950.654 115.942 0.809488
198 4 7 0 1001.19 381.634 0.802627
199 4 7 1 695.5 514.566 0.759773
200 4 8 0 928.277 375.286 0.782079
201 4 8 1 583.292 413.305 0.319541
202 4 8 2 616.875 510.316 0.708521
203 4 9 0 709.459 40.11 0.861968
204 4 9 1 1029.2 56.844 0.623817
205 4 9 2 1006.82 54.8433 0.637898
206 4 9 3 583.331 73.7999 0.855047
207 4 10 0 645.055 42.1785 0.417874
208 4 10 1 953.463 58.9678 0.82785
209 4 11 0 818.733 208.725 0.905429
210 4 12 0 931.08 206.657 0.841361
211 4 12 1 530.05 210.831 0.902932
212 4 13 0 995.407 499.784 0.770251
213 4 13 1 574.914 512.4 0.256913
214 4 13 2 689.875 657.912 0.767736
215 4 14 0 908.48 466.073 0.86095
216 4 14 1 580.531 514.531 0.431084
217 4 14 2 600.178 641.028 0.7433
218 4 15 0 757.171 276.14 0.842214
219 4 16 0 588.915 276.15 0.809572
220 4 16 1 902.974 280.473 0.812481
221 4 17 0 886.068 453.366 0.67644
222 4 17 1 608.574 638.957 0.41087
223 4 18 0 956.309 501.842 0.660617
224 4 18 1 740.359 649.396 0.725679
P viewIdx, pafIdx, aOverAllIdx, bOverAllIdx, CandidAIdx, CandidBIdx, score
0 0 2 0 0 0 0
0 0 2 1 0 1 0.991146
0 0 3 0 1 0 0.990877
0 0 3 1 1 1 0
0 1 4 13 0 0 0.984108
0 1 4 14 0 1 0
0 1 5 13 1 0 0
0 1 5 14 1 1 0.972326
0 2 13 24 0 0 0.984712
0 2 13 25 0 1 0
0 2 14 24 1 0 0
0 2 14 25 1 1 0.964543
0 3 0 4 0 0 0.918453
0 3 0 5 0 1 0
0 3 1 4 1 0 0
0 3 1 5 1 1 0.871343
0 4 0 6 0 0 0.916304
0 4 0 7 0 1 0
0 4 1 6 1 0 0
0 4 1 7 1 1 0.880168
0 5 6 15 0 0 0.984919
0 5 6 16 0 1 0
0 5 7 15 1 0 0
0 5 7 16 1 1 0.956207
0 6 15 26 0 0 0.99963
0 6 15 27 0 1 0
0 6 16 26 1 0 0
0 6 16 27 1 1 0.972288
0 7 2 9 0 0 0.9985
0 7 2 10 0 1 0
0 7 3 9 1 0 0
0 7 3 10 1 1 0.97913
0 8 9 20 0 0 0
0 8 9 21 0 1 0.538512
0 8 10 20 1 0 0
0 8 10 21 1 1 0.461488
0 9 20 28 0 0 0.98058
0 9 20 29 0 1 0
0 9 21 28 1 0 0
0 9 21 29 1 1 0.946805
0 10 9 17 0 0 0.999321
0 10 10 17 1 0 0
0 11 2 11 0 0 0.990299
0 11 2 12 0 1 0
0 11 3 11 1 0 0
0 11 3 12 1 1 0.992297
0 12 11 22 0 0 0
0 12 11 23 0 1 0.94189
0 12 12 22 1 0 0.990344
0 12 12 23 1 1 0
0 13 22 30 0 0 0.965936
0 13 22 31 0 1 0
0 13 23 30 1 0 0
0 13 23 31 1 1 0.988352
0 14 11 18 0 0 0.985492
0 14 11 19 0 1 0
0 14 12 18 1 0 0
0 14 12 19 1 1 0.993303
0 15 2 8 0 0 0
0 15 3 8 1 0 0.994017
0 16 26 32 0 0 0.957107
0 16 27 32 1 0 0
0 17 24 33 0 0 0.966734
0 17 25 33 1 0 0
1 0 37 34 0 0 0.983834
1 0 37 35 0 1 0
1 0 37 36 0 2 0
1 0 38 34 1 0 0
1 0 38 35 1 1 0
1 0 38 36 1 2 0.942204
1 0 39 34 2 0 0
1 0 39 35 2 1 0.995228
1 0 39 36 2 2 0
1 1 40 55 0 0 0.979789
1 1 40 56 0 1 0
1 1 40 57 0 2 0
1 1 41 55 1 0 0
1 1 41 56 1 1 0.992932
1 1 41 57 1 2 0
1 1 42 55 2 0 0
1 1 42 56 2 1 0
1 1 42 57 2 2 0.951972
1 2 55 69 0 0 0.997823
1 2 55 70 0 1 0
1 2 55 71 0 2 0
1 2 56 69 1 0 0
1 2 56 70 1 1 0.992137
1 2 56 71 1 2 0
1 2 57 69 2 0 0
1 2 57 70 2 1 0
1 2 57 71 2 2 0.975006
1 3 34 40 0 0 0
1 3 34 41 0 1 0.915828
1 3 34 42 0 2 0
1 3 35 40 1 0 0.974574
1 3 35 41 1 1 0
1 3 35 42 1 2 0
1 3 36 40 2 0 0
1 3 36 41 2 1 0
1 3 36 42 2 2 0.684255
1 4 34 43 0 0 0
1 4 34 44 0 1 0.910627
1 4 34 45 0 2 0
1 4 35 43 1 0 0.540071
1 4 35 44 1 1 0
1 4 35 45 1 2 0.308201
1 4 36 43 2 0 0
1 4 36 44 2 1 0
1 4 36 45 2 2 0.446249
1 5 43 58 0 0 0.280113
1 5 43 59 0 1 0
1 5 43 60 0 2 0.252038
1 5 44 58 1 0 0
1 5 44 59 1 1 0.980077
1 5 44 60 1 2 0
1 5 45 58 2 0 0.251649
1 5 45 59 2 1 0
1 5 45 60 2 2 0.280423
1 6 58 72 0 0 0.276482
1 6 58 73 0 1 0.249988
1 6 58 74 0 2 0
1 6 59 72 1 0 0
1 6 59 73 1 1 0
1 6 59 74 1 2 0.986496
1 6 60 72 2 0 0.249333
1 6 60 73 2 1 0.27656
1 6 60 74 2 2 0
1 7 37 49 0 0 0.998176
1 7 37 50 0 1 0
1 7 37 51 0 2 0
1 7 38 49 1 0 0
1 7 38 50 1 1 0.937009
1 7 38 51 1 2 0
1 7 39 49 2 0 0
1 7 39 50 2 1 0
1 7 39 51 2 2 0.992513
1 8 49 64 0 0 0
1 8 49 65 0 1 0.988454
1 8 50 64 1 0 0
1 8 50 65 1 1 0
1 8 51 64 2 0 0.982206
1 8 51 65 2 1 0
1 9 64 75 0 0 0.985528
1 9 64 76 0 1 0
1 9 65 75 1 0 0
1 9 65 76 1 1 0.998905
1 11 37 52 0 0 0.998178
1 11 37 53 0 1 0
1 11 37 54 0 2 0
1 11 38 52 1 0 0
1 11 38 53 1 1 0.509138
1 11 38 54 1 2 0
1 11 39 52 2 0 0
1 11 39 53 2 1 0.255965
1 11 39 54 2 2 0.521461
1 12 52 66 0 0 0
1 12 52 67 0 1 0.985624
1 12 52 68 0 2 0
1 12 53 66 1 0 0.247329
1 12 53 67 1 1 0
1 12 53 68 1 2 0.277431
1 12 54 66 2 0 0.277372
1 12 54 67 2 1 0
1 12 54 68 2 2 0.249008
1 13 66 77 0 0 0.28954
1 13 66 78 0 1 0
1 13 66 79 0 2 0.25448
1 13 67 77 1 0 0
1 13 67 78 1 1 0.999209
1 13 67 79 1 2 0
1 13 68 77 2 0 0.25267
1 13 68 78 2 1 0
1 13 68 79 2 2 0.288915
1 14 52 61 0 0 0.992971
1 14 52 62 0 1 0
1 14 52 63 0 2 0
1 14 53 61 1 0 0
1 14 53 62 1 1 0.279067
1 14 53 63 1 2 0.247537
1 14 54 61 2 0 0
1 14 54 62 2 1 0.247678
1 14 54 63 2 2 0.279357
1 15 37 46 0 0 0.991493
1 15 37 47 0 1 0
1 15 37 48 0 2 0
1 15 38 46 1 0 0
1 15 38 47 1 1 0.883016
1 15 38 48 1 2 0
1 15 39 46 2 0 0
1 15 39 47 2 1 0
1 15 39 48 2 2 0.983534
1 16 72 80 0 0 0.97627
1 16 72 81 0 1 0
1 16 72 82 0 2 0
1 16 73 80 1 0 0
1 16 73 81 1 1 0.959729
1 16 73 82 1 2 0
1 16 74 80 2 0 0
1 16 74 81 2 1 0
1 16 74 82 2 2 0.916908
1 17 69 83 0 0 0.969174
1 17 69 84 0 1 0
1 17 69 85 0 2 0
1 17 70 83 1 0 0
1 17 70 84 1 1 0
1 17 70 85 1 2 0.984806
1 17 71 83 2 0 0
1 17 71 84 2 1 0.988249
1 17 71 85 2 2 0
2 0 89 86 0 0 0.999882
2 0 89 87 0 1 0
2 0 89 88 0 2 0
2 0 90 86 1 0 0
2 0 90 87 1 1 0.961832
2 0 90 88 1 2 0
2 0 91 86 2 0 0
2 0 91 87 2 1 0
2 0 91 88 2 2 0.957815
2 1 92 107 0 0 0.977969
2 1 92 108 0 1 0
2 1 92 109 0 2 0
2 1 93 107 1 0 0
2 1 93 108 1 1 0.995901
2 1 93 109 1 2 0
2 1 94 107 2 0 0
2 1 94 108 2 1 0
2 1 94 109 2 2 0.90805
2 2 107 121 0 0 0.999248
2 2 107 122 0 1 0
2 2 108 121 1 0 0
2 2 108 122 1 1 0.992387
2 2 109 121 2 0 0
2 2 109 122 2 1 0
2 3 86 92 0 0 0.958755
2 3 86 93 0 1 0
2 3 86 94 0 2 0
2 3 87 92 1 0 0
2 3 87 93 1 1 0.968493
2 3 87 94 1 2 0
2 3 88 92 2 0 0
2 3 88 93 2 1 0
2 3 88 94 2 2 0.846445
2 4 86 95 0 0 0.938239
2 4 86 96 0 1 0
2 4 86 97 0 2 0
2 4 87 95 1 0 0
2 4 87 96 1 1 0.960512
2 4 87 97 1 2 0
2 4 88 95 2 0 0
2 4 88 96 2 1 0
2 4 88 97 2 2 0.853537
2 5 95 110 0 0 0.996849
2 5 95 111 0 1 0
2 5 95 112 0 2 0
2 5 96 110 1 0 0
2 5 96 111 1 1 0.986257
2 5 96 112 1 2 0
2 5 97 110 2 0 0
2 5 97 111 2 1 0
2 5 97 112 2 2 0.961651
2 6 110 123 0 0 0.9791
2 6 110 124 0 1 0
2 6 111 123 1 0 0
2 6 111 124 1 1 0.997757
2 6 112 123 2 0 0
2 6 112 124 2 1 0
2 7 89 101 0 0 0.974188
2 7 89 102 0 1 0
2 7 89 103 0 2 0
2 7 90 101 1 0 0
2 7 90 102 1 1 0.999974
2 7 90 103 1 2 0
2 7 91 101 2 0 0
2 7 91 102 2 1 0
2 7 91 103 2 2 0.905016
2 8 101 116 0 0 0.975862
2 8 101 117 0 1 0
2 8 101 118 0 2 0
2 8 102 116 1 0 0
2 8 102 117 1 1 0.953292
2 8 102 118 1 2 0
2 8 103 116 2 0 0
2 8 103 117 2 1 0
2 8 103 118 2 2 0.966658
2 9 116 125 0 0 0.985781
2 9 116 126 0 1 0
2 9 116 127 0 2 0
2 9 117 125 1 0 0
2 9 117 126 1 1 0.997923
2 9 117 127 1 2 0
2 9 118 125 2 0 0
2 9 118 126 2 1 0
2 9 118 127 2 2 0.996626
2 10 101 113 0 0 0.953392
2 10 101 114 0 1 0
2 10 102 113 1 0 0
2 10 102 114 1 1 0
2 10 103 113 2 0 0
2 10 103 114 2 1 0.961421
2 11 89 104 0 0 0.988863
2 11 89 105 0 1 0
2 11 89 106 0 2 0
2 11 90 104 1 0 0
2 11 90 105 1 1 0.993136
2 11 90 106 1 2 0
2 11 91 104 2 0 0
2 11 91 105 2 1 0
2 11 91 106 2 2 0.853805
2 12 104 119 0 0 0.997769
2 12 104 120 0 1 0
2 12 105 119 1 0 0
2 12 105 120 1 1 0.982428
2 12 106 119 2 0 0
2 12 106 120 2 1 0
2 13 119 128 0 0 0.994423
2 13 119 129 0 1 0
2 13 120 128 1 0 0
2 13 120 129 1 1 0.989775
2 14 104 115 0 0 0
2 14 105 115 1 0 0.988444
2 14 106 115 2 0 0
2 15 89 98 0 0 0.94996
2 15 89 99 0 1 0
2 15 89 100 0 2 0
2 15 90 98 1 0 0
2 15 90 99 1 1 0.992796
2 15 90 100 1 2 0
2 15 91 98 2 0 0
2 15 91 99 2 1 0
2 15 91 100 2 2 0.941754
2 16 123 130 0 0 0
2 16 124 130 1 0 0.974628
2 17 121 131 0 0 0.994129
2 17 121 132 0 1 0
2 17 122 131 1 0 0
2 17 122 132 1 1 0.999819
3 0 136 133 0 0 0
3 0 136 134 0 1 0
3 0 136 135 0 2 0.985424
3 0 137 133 1 0 0
3 0 137 134 1 1 0.968638
3 0 137 135 1 2 0
3 0 138 133 2 0 0.994068
3 0 138 134 2 1 0
3 0 138 135 2 2 0
3 1 139 154 0 0 0.999608
3 1 139 155 0 1 0
3 1 139 156 0 2 0
3 1 140 154 1 0 0
3 1 140 155 1 1 0.948143
3 1 140 156 1 2 0
3 1 141 154 2 0 0
3 1 141 155 2 1 0
3 1 141 156 2 2 0.976748
3 2 154 168 0 0 0.993033
3 2 154 169 0 1 0
3 2 154 170 0 2 0
3 2 155 168 1 0 0
3 2 155 169 1 1 0.987556
3 2 155 170 1 2 0
3 2 156 168 2 0 0
3 2 156 169 2 1 0
3 2 156 170 2 2 0.980532
3 3 133 139 0 0 0.938825
3 3 133 140 0 1 0
3 3 133 141 0 2 0
3 3 134 139 1 0 0
3 3 134 140 1 1 0.892117
3 3 134 141 1 2 0
3 3 135 139 2 0 0
3 3 135 140 2 1 0
3 3 135 141 2 2 0.887051
3 4 133 142 0 0 0.942495
3 4 133 143 0 1 0
3 4 133 144 0 2 0
3 4 134 142 1 0 0
3 4 134 143 1 1 0.88239
3 4 134 144 1 2 0
3 4 135 142 2 0 0
3 4 135 143 2 1 0
3 4 135 144 2 2 0.882536
3 5 142 157 0 0 0.998994
3 5 142 158 0 1 0
3 5 142 159 0 2 0
3 5 143 157 1 0 0
3 5 143 158 1 1 0.9496
3 5 143 159 1 2 0
3 5 144 157 2 0 0
3 5 144 158 2 1 0
3 5 144 159 2 2 0.968417
3 6 157 171 0 0 0.989944
3 6 157 172 0 1 0
3 6 157 173 0 2 0
3 6 158 171 1 0 0
3 6 158 172 1 1 0.990517
3 6 158 173 1 2 0
3 6 159 171 2 0 0
3 6 159 172 2 1 0
3 6 159 173 2 2 0.982707
3 7 136 148 0 0 0.988965
3 7 136 149 0 1 0
3 7 136 150 0 2 0
3 7 137 148 1 0 0
3 7 137 149 1 1 0.962055
3 7 137 150 1 2 0
3 7 138 148 2 0 0
3 7 138 149 2 1 0
3 7 138 150 2 2 0.997708
3 8 148 163 0 0 0
3 8 148 164 0 1 0
3 8 148 165 0 2 0.977937
3 8 149 163 1 0 0.963015
3 8 149 164 1 1 0
3 8 149 165 1 2 0
3 8 150 163 2 0 0
3 8 150 164 2 1 0.996262
3 8 150 165 2 2 0
3 9 163 174 0 0 0.98662
3 9 163 175 0 1 0
3 9 163 176 0 2 0
3 9 164 174 1 0 0
3 9 164 175 1 1 0.988457
3 9 164 176 1 2 0
3 9 165 174 2 0 0
3 9 165 175 2 1 0
3 9 165 176 2 2 0.986634
3 10 148 160 0 0 0.989801
3 10 148 161 0 1 0
3 10 149 160 1 0 0
3 10 149 161 1 1 0.984332
3 10 150 160 2 0 0
3 10 150 161 2 1 0
3 11 136 151 0 0 0.992356
3 11 136 152 0 1 0
3 11 136 153 0 2 0
3 11 137 151 1 0 0
3 11 137 152 1 1 0.937886
3 11 137 153 1 2 0
3 11 138 151 2 0 0
3 11 138 152 2 1 0
3 11 138 153 2 2 0.998929
3 12 151 166 0 0 0
3 12 151 167 0 1 0.958743
3 12 152 166 1 0 0
3 12 152 167 1 1 0
3 12 153 166 2 0 0.994059
3 12 153 167 2 1 0
3 13 166 177 0 0 0.970455
3 13 166 178 0 1 0
3 13 167 177 1 0 0
3 13 167 178 1 1 0.994896
3 14 151 162 0 0 0
3 14 152 162 1 0 0
3 14 153 162 2 0 0.991061
3 15 136 145 0 0 0.930987
3 15 136 146 0 1 0
3 15 136 147 0 2 0
3 15 137 145 1 0 0
3 15 137 146 1 1 0.946526
3 15 137 147 1 2 0
3 15 138 145 2 0 0
3 15 138 146 2 1 0
3 15 138 147 2 2 0.99104
3 16 171 179 0 0 0.994571
3 16 171 180 0 1 0
3 16 171 181 0 2 0
3 16 172 179 1 0 0
3 16 172 180 1 1 0.99308
3 16 172 181 1 2 0
3 16 173 179 2 0 0
3 16 173 180 2 1 0
3 16 173 181 2 2 0.897881
3 17 168 182 0 0 0.99346
3 17 168 183 0 1 0
3 17 169 182 1 0 0
3 17 169 183 1 1 0.977238
3 17 170 182 2 0 0
3 17 170 183 2 1 0
4 0 186 184 0 0 0
4 0 186 185 0 1 0.988424
4 0 187 184 1 0 0.983524
4 0 187 185 1 1 0
4 1 188 198 0 0 0.957804
4 1 188 199 0 1 0
4 1 189 198 1 0 0
4 1 189 199 1 1 0.967697
4 2 198 212 0 0 0.989246
4 2 198 213 0 1 0
4 2 198 214 0 2 0
4 2 199 212 1 0 0
4 2 199 213 1 1 0
4 2 199 214 1 2 0.988248
4 3 184 188 0 0 0.918939
4 3 184 189 0 1 0
4 3 185 188 1 0 0
4 3 185 189 1 1 0.864619
4 4 184 190 0 0 0.913622
4 4 184 191 0 1 0
4 4 185 190 1 0 0
4 4 185 191 1 1 0.860971
4 5 190 200 0 0 0.97124
4 5 190 201 0 1 0
4 5 190 202 0 2 0
4 5 191 200 1 0 0
4 5 191 201 1 1 0.480011
4 5 191 202 1 2 0.519989
4 6 200 215 0 0 0.993863
4 6 200 216 0 1 0
4 6 200 217 0 2 0
4 6 201 215 1 0 0
4 6 201 216 1 1 0.501306
4 6 201 217 1 2 0.276248
4 6 202 215 2 0 0
4 6 202 216 2 1 0
4 6 202 217 2 2 0.536445
4 7 186 193 0 0 0.985912
4 7 186 194 0 1 0
4 7 186 195 0 2 0
4 7 187 193 1 0 0
4 7 187 194 1 1 0.957541
4 7 187 195 1 2 0
4 8 193 209 0 0 0.989909
4 8 194 209 1 0 0
4 8 195 209 2 0 0
4 9 209 218 0 0 0.989448
4 10 193 203 0 0 0.995323
4 10 193 204 0 1 0
4 10 193 205 0 2 0
4 10 193 206 0 3 0
4 10 194 203 1 0 0
4 10 194 204 1 1 0.50234
4 10 194 205 1 2 0.49766
4 10 194 206 1 3 0
4 10 195 203 2 0 0
4 10 195 204 2 1 0
4 10 195 205 2 2 0
4 10 195 206 2 3 0.889336
4 11 186 196 0 0 0.967459
4 11 186 197 0 1 0
4 11 187 196 1 0 0
4 11 187 197 1 1 0.971446
4 12 196 210 0 0 0
4 12 196 211 0 1 0.964755
4 12 197 210 1 0 0.985413
4 12 197 211 1 1 0
4 13 210 219 0 0 0
4 13 210 220 0 1 0.983394
4 13 211 219 1 0 0.994475
4 13 211 220 1 1 0
4 14 196 207 0 0 0.803232
4 14 196 208 0 1 0
4 14 197 207 1 0 0
4 14 197 208 1 1 0.984226
4 15 186 192 0 0 0
4 15 187 192 1 0 0
4 16 215 221 0 0 0.945192
4 16 215 222 0 1 0
4 16 216 221 1 0 0
4 16 216 222 1 1 0
4 16 217 221 2 0 0
4 16 217 222 2 1 0.684255
4 17 212 223 0 0 0.890696
4 17 212 224 0 1 0
4 17 213 223 1 0 0
4 17 213 224 1 1 0
4 17 214 223 2 0 0
4 17 214 224 2 1 0.920883
E jointIdx viewA viewB aOverAllIdx bOverallIdx score
0 0 1 0 34 0.265618
0 0 1 0 35 0.49559
0 0 1 0 36 0.140868
0 0 1 1 34 -1
0 0 1 1 35 0.241703
0 0 1 1 36 0.784459
0 0 2 0 86 0.82815
0 0 2 0 87 -1
0 0 2 0 88 -1
0 0 2 1 86 -1
0 0 2 1 87 0.839759
0 0 2 1 88 -1
0 0 3 0 133 -1
0 0 3 0 134 0.991989
0 0 3 0 135 -1
0 0 3 1 133 0.929304
0 0 3 1 134 -1
0 0 3 1 135 -1
0 0 4 0 184 -1
0 0 4 0 185 0.59744
0 0 4 1 184 -1
0 0 4 1 185 0.40256
0 1 2 34 86 -1
0 1 2 34 87 -1
0 1 2 34 88 0.702216
0 1 2 35 86 0.974936
0 1 2 35 87 0.147245
0 1 2 35 88 -1
0 1 2 36 86 -1
0 1 2 36 87 0.802327
0 1 2 36 88 -1
0 1 3 34 133 -1
0 1 3 34 134 -1
0 1 3 34 135 0.971223
0 1 3 35 133 0.957741
0 1 3 35 134 0.873438
0 1 3 35 135 -1
0 1 3 36 133 0.976253
0 1 3 36 134 0.945801
0 1 3 36 135 -1
0 1 4 34 184 0.913572
0 1 4 34 185 -1
0 1 4 35 184 -1
0 1 4 35 185 0.980468
0 1 4 36 184 -1
0 1 4 36 185 -1
0 2 3 86 133 -1
0 2 3 86 134 0.832754
0 2 3 86 135 -1
0 2 3 87 133 0.926306
0 2 3 87 134 -1
0 2 3 87 135 -1
0 2 3 88 133 -1
0 2 3 88 134 -1
0 2 3 88 135 0.66698
0 2 4 86 184 -1
0 2 4 86 185 0.967596
0 2 4 87 184 -1
0 2 4 87 185 -1
0 2 4 88 184 0.729339
0 2 4 88 185 -1
0 3 4 133 184 0.110016
0 3 4 133 185 -1
0 3 4 134 184 0.271843
0 3 4 134 185 0.480785
0 3 4 135 184 0.367868
0 3 4 135 185 0.297379
1 0 1 2 37 0.244611
1 0 1 2 38 0.271874
1 0 1 2 39 0.229105
1 0 1 3 37 0.0511348
1 0 1 3 38 0.279142
1 0 1 3 39 0.334633
1 0 2 2 89 -1
1 0 2 2 90 0.965872
1 0 2 2 91 -1
1 0 2 3 89 0.960181
1 0 2 3 90 -1
1 0 2 3 91 -1
1 0 3 2 136 -1
1 0 3 2 137 0.448827
1 0 3 2 138 0.537999
1 0 3 3 136 -1
1 0 3 3 137 0.551173
1 0 3 3 138 0.462001
1 0 4 2 186 0.321162
1 0 4 2 187 0.45564
1 0 4 3 186 0.426431
1 0 4 3 187 0.302768
1 1 2 37 89 -1
1 1 2 37 90 -1
1 1 2 37 91 0.814162
1 1 2 38 89 -1
1 1 2 38 90 0.873732
1 1 2 38 91 -1
1 1 2 39 89 0.994465
1 1 2 39 90 -1
1 1 2 39 91 -1
1 1 3 37 136 0.327878
1 1 3 37 137 0.101726
1 1 3 37 138 0.128243
1 1 3 38 136 0.163068
1 1 3 38 137 0.167816
1 1 3 38 138 0.204812
1 1 3 39 136 0.0663893
1 1 3 39 137 0.258811
1 1 3 39 138 0.20417
1 1 4 37 186 -1
1 1 4 37 187 0.886164
1 1 4 38 186 0.0359799
1 1 4 38 187 -1
1 1 4 39 186 0.882768
1 1 4 39 187 -1
1 2 3 89 136 -1
1 2 3 89 137 0.870502
1 2 3 89 138 -1
1 2 3 90 136 -1
1 2 3 90 137 -1
1 2 3 90 138 0.947295
1 2 3 91 136 0.872219
1 2 3 91 137 -1
1 2 3 91 138 -1
1 2 4 89 186 0.882738
1 2 4 89 187 -1
1 2 4 90 186 0.698976
1 2 4 90 187 -1
1 2 4 91 186 -1
1 2 4 91 187 0.956774
1 3 4 136 186 0.207306
1 3 4 136 187 0.215198
1 3 4 137 186 0.250054
1 3 4 137 187 0.182552
1 3 4 138 186 0.170833
1 3 4 138 187 0.243051
2 0 1 4 40 0.543489
2 0 1 4 41 0.240818
2 0 1 4 42 0.137341
2 0 1 5 40 0.143558
2 0 1 5 41 -1
2 0 1 5 42 0.783575
2 0 2 4 92 0.938882
2 0 2 4 93 -1
2 0 2 4 94 -1
2 0 2 5 92 -1
2 0 2 5 93 0.53293
2 0 2 5 94 -1
2 0 3 4 139 -1
2 0 3 4 140 0.823837
2 0 3 4 141 -1
2 0 3 5 139 0.836052
2 0 3 5 140 -1
2 0 3 5 141 -1
2 0 4 4 188 -1
2 0 4 4 189 0.517522
2 0 4 5 188 -1
2 0 4 5 189 0.482478
2 1 2 40 92 0.764957
2 1 2 40 93 -1
2 1 2 40 94 -1
2 1 2 41 92 -1
2 1 2 41 93 -1
2 1 2 41 94 0.9403
2 1 2 42 92 -1
2 1 2 42 93 0.603248
2 1 2 42 94 -1
2 1 3 40 139 0.786526
2 1 3 40 140 0.735436
2 1 3 40 141 -1
2 1 3 41 139 -1
2 1 3 41 140 -1
2 1 3 41 141 0.977584
2 1 3 42 139 0.99566
2 1 3 42 140 0.998438
2 1 3 42 141 -1
2 1 4 40 188 -1
2 1 4 40 189 0.820317
2 1 4 41 188 0.887566
2 1 4 41 189 -1
2 1 4 42 188 -1
2 1 4 42 189 -1
2 2 3 92 139 -1
2 2 3 92 140 0.862452
2 2 3 92 141 -1
2 2 3 93 139 0.753864
2 2 3 93 140 -1
2 2 3 93 141 -1
2 2 3 94 139 -1
2 2 3 94 140 -1
2 2 3 94 141 0.88592
2 2 4 92 188 -1
2 2 4 92 189 0.8862
2 2 4 93 188 -1
2 2 4 93 189 -1
2 2 4 94 188 0.529491
2 2 4 94 189 -1
2 3 4 139 188 0.0898949
2 3 4 139 189 -1
2 3 4 140 188 0.304873
2 3 4 140 189 0.446969
2 3 4 141 188 0.364116
2 3 4 141 189 0.119025
3 0 1 6 43 0.470203
3 0 1 6 44 0.280417
3 0 1 6 45 0.143512
3 0 1 7 43 0.300288
3 0 1 7 44 -1
3 0 1 7 45 0.78644
3 0 2 6 95 0.741609
3 0 2 6 96 -1
3 0 2 6 97 -1
3 0 2 7 95 -1
3 0 2 7 96 0.959278
3 0 2 7 97 -1
3 0 3 6 142 -1
3 0 3 6 143 0.790241
3 0 3 6 144 -1
3 0 3 7 142 0.854158
3 0 3 7 143 -1
3 0 3 7 144 -1
3 0 4 6 190 -1
3 0 4 6 191 0.816172
3 0 4 7 190 -1
3 0 4 7 191 0.0755598
3 1 2 43 95 0.927545
3 1 2 43 96 0.369802
3 1 2 43 97 -1
3 1 2 44 95 -1
3 1 2 44 96 -1
3 1 2 44 97 0.588785
3 1 2 45 95 -1
3 1 2 45 96 0.916515
3 1 2 45 97 -1
3 1 3 43 142 0.896103
3 1 3 43 143 0.993754
3 1 3 43 144 -1
3 1 3 44 142 -1
3 1 3 44 143 -1
3 1 3 44 144 0.942083
3 1 3 45 142 0.929006
3 1 3 45 143 0.940211
3 1 3 45 144 -1
3 1 4 43 190 -1
3 1 4 43 191 0.864607
3 1 4 44 190 0.761792
3 1 4 44 191 -1
3 1 4 45 190 -1
3 1 4 45 191 -1
3 2 3 95 142 -1
3 2 3 95 143 0.986389
3 2 3 95 144 -1
3 2 3 96 142 0.819432
3 2 3 96 143 -1
3 2 3 96 144 -1
3 2 3 97 142 -1
3 2 3 97 143 -1
3 2 3 97 144 0.335851
3 2 4 95 190 -1
3 2 4 95 191 0.820275
3 2 4 96 190 -1
3 2 4 96 191 -1
3 2 4 97 190 0.909802
3 2 4 97 191 -1
3 3 4 142 190 0.0868756
3 3 4 142 191 -1
3 3 4 143 190 0.251386
3 3 4 143 191 0.512362
3 3 4 144 190 0.293405
3 3 4 144 191 0.430855
4 0 1 8 46 -1
4 0 1 8 47 0.447588
4 0 1 8 48 0.960391
4 0 2 8 98 0.911383
4 0 2 8 99 0.441259
4 0 2 8 100 -1
4 0 3 8 145 -1
4 0 3 8 146 0.994865
4 0 3 8 147 0.379625
4 0 4 8 192 0.824498
4 1 2 46 98 -1
4 1 2 46 99 -1
4 1 2 46 100 0.951029
4 1 2 47 98 -1
4 1 2 47 99 0.940807
4 1 2 47 100 -1
4 1 2 48 98 0.934716
4 1 2 48 99 0.0087263
4 1 2 48 100 -1
4 1 3 46 145 0.964548
4 1 3 46 146 -1
4 1 3 46 147 -1
4 1 3 47 145 -1
4 1 3 47 146 0.578618
4 1 3 47 147 0.751664
4 1 3 48 145 -1
4 1 3 48 146 0.955904
4 1 3 48 147 0.937023
4 1 4 46 192 -1
4 1 4 47 192 0.74294
4 1 4 48 192 -1
4 2 3 98 145 -1
4 2 3 98 146 0.878662
4 2 3 98 147 -1
4 2 3 99 145 -1
4 2 3 99 146 -1
4 2 3 99 147 0.975991
4 2 3 100 145 0.955139
4 2 3 100 146 -1
4 2 3 100 147 -1
4 2 4 98 192 0.968389
4 2 4 99 192 0.982871
4 2 4 100 192 -1
4 3 4 145 192 0.353872
4 3 4 146 192 0.23025
4 3 4 147 192 0.415878
5 0 1 9 49 0.176664
5 0 1 9 50 0.285117
5 0 1 9 51 0.269552
5 0 1 10 49 0.0901219
5 0 1 10 50 0.295022
5 0 1 10 51 0.312509
5 0 2 9 101 0.373491
5 0 2 9 102 0.709656
5 0 2 9 103 -1
5 0 2 10 101 0.626509
5 0 2 10 102 0.290344
5 0 2 10 103 -1
5 0 3 9 148 -1
5 0 3 9 149 0.486944
5 0 3 9 150 0.511531
5 0 3 10 148 -1
5 0 3 10 149 0.513056
5 0 3 10 150 0.488469
5 0 4 9 193 0.220213
5 0 4 9 194 0.254677
5 0 4 9 195 0.213835
5 0 4 10 193 0.231464
5 0 4 10 194 0.199044
5 0 4 10 195 0.237464
5 1 2 49 101 -1
5 1 2 49 102 -1
5 1 2 49 103 0.970447
5 1 2 50 101 -1
5 1 2 50 102 0.76295
5 1 2 50 103 -1
5 1 2 51 101 0.992539
5 1 2 51 102 -1
5 1 2 51 103 -1
5 1 3 49 148 0.395531
5 1 3 49 149 0.107264
5 1 3 49 150 0.133669
5 1 3 50 148 0.173231
5 1 3 50 149 0.16992
5 1 3 50 150 0.235018
5 1 3 51 148 0.0482516
5 1 3 51 149 0.289203
5 1 3 51 150 0.220523
5 1 4 49 193 -1
5 1 4 49 194 0.96045
5 1 4 49 195 -1
5 1 4 50 193 -1
5 1 4 50 194 -1
5 1 4 50 195 0.925885
5 1 4 51 193 0.970006
5 1 4 51 194 -1
5 1 4 51 195 -1
5 2 3 101 148 -1
5 2 3 101 149 0.939752
5 2 3 101 150 -1
5 2 3 102 148 -1
5 2 3 102 149 -1
5 2 3 102 150 0.9576
5 2 3 103 148 0.986889
5 2 3 103 149 -1
5 2 3 103 150 -1
5 2 4 101 193 0.890623
5 2 4 101 194 -1
5 2 4 101 195 -1
5 2 4 102 193 -1
5 2 4 102 194 -1
5 2 4 102 195 0.639476
5 2 4 103 193 -1
5 2 4 103 194 0.843546
5 2 4 103 195 -1
5 3 4 148 193 0.136117
5 3 4 148 194 0.130538
5 3 4 148 195 0.140581
5 3 4 149 193 0.145578
5 3 4 149 194 0.120611
5 3 4 149 195 0.143084
5 3 4 150 193 0.123114
5 3 4 150 194 0.158283
5 3 4 150 195 0.121348
6 0 1 11 52 0.361064
6 0 1 11 53 0.252885
6 0 1 11 54 0.164607
6 0 1 12 52 0.0572285
6 0 1 12 53 0.232893
6 0 1 12 54 0.368357
6 0 2 11 104 -1
6 0 2 11 105 0.986594
6 0 2 11 106 -1
6 0 2 12 104 0.943079
6 0 2 12 105 -1
6 0 2 12 106 -1
6 0 3 11 151 -1
6 0 3 11 152 0.394977
6 0 3 11 153 0.569941
6 0 3 12 151 -1
6 0 3 12 152 0.605023
6 0 3 12 153 0.430059
6 0 4 11 196 0.353249
6 0 4 11 197 0.51336
6 0 4 12 196 0.477018
6 0 4 12 197 0.34594
6 1 2 52 104 -1
6 1 2 52 105 -1
6 1 2 52 106 0.866393
6 1 2 53 104 -1
6 1 2 53 105 0.890006
6 1 2 53 106 -1
6 1 2 54 104 0.987951
6 1 2 54 105 0.0300124
6 1 2 54 106 -1
6 1 3 52 151 0.26733
6 1 3 52 152 0.112505
6 1 3 52 153 0.130073
6 1 3 53 151 0.146802
6 1 3 53 152 0.166983
6 1 3 53 153 0.182157
6 1 3 54 151 0.0812485
6 1 3 54 152 0.222613
6 1 3 54 153 0.18749
6 1 4 52 196 -1
6 1 4 52 197 0.937171
6 1 4 53 196 0.54885
6 1 4 53 197 -1
6 1 4 54 196 0.840966
6 1 4 54 197 -1
6 2 3 104 151 -1
6 2 3 104 152 0.966153
6 2 3 104 153 -1
6 2 3 105 151 -1
6 2 3 105 152 -1
6 2 3 105 153 0.866966
6 2 3 106 151 0.858172
6 2 3 106 152 -1
6 2 3 106 153 -1
6 2 4 104 196 0.809642
6 2 4 104 197 -1
6 2 4 105 196 0.602593
6 2 4 105 197 -1
6 2 4 106 196 -1
6 2 4 106 197 0.850298
6 3 4 151 196 0.20584
6 3 4 151 197 0.225764
6 3 4 152 196 0.272644
6 3 4 152 197 0.174059
6 3 4 153 196 0.157174
6 3 4 153 197 0.263432
7 0 1 13 55 0.939831
7 0 1 13 56 0.356039
7 0 1 13 57 -1
7 0 1 14 55 -1
7 0 1 14 56 -1
7 0 1 14 57 0.960844
7 0 2 13 107 0.990689
7 0 2 13 108 -1
7 0 2 13 109 -1
7 0 2 14 107 -1
7 0 2 14 108 0.617439
7 0 2 14 109 -1
7 0 3 13 154 -1
7 0 3 13 155 0.915499
7 0 3 13 156 -1
7 0 3 14 154 0.917442
7 0 3 14 155 -1
7 0 3 14 156 -1
7 0 4 13 198 -1
7 0 4 13 199 0.583348
7 0 4 14 198 -1
7 0 4 14 199 0.416652
7 1 2 55 107 0.978638
7 1 2 55 108 0.197456
7 1 2 55 109 -1
7 1 2 56 107 -1
7 1 2 56 108 -1
7 1 2 56 109 0.830009
7 1 2 57 107 -1
7 1 2 57 108 0.545989
7 1 2 57 109 -1
7 1 3 55 154 0.956336
7 1 3 55 155 0.814826
7 1 3 55 156 -1
7 1 3 56 154 -1
7 1 3 56 155 -1
7 1 3 56 156 0.992557
7 1 3 57 154 0.781848
7 1 3 57 155 0.993965
7 1 3 57 156 -1
7 1 4 55 198 -1
7 1 4 55 199 0.894918
7 1 4 56 198 0.98318
7 1 4 56 199 -1
7 1 4 57 198 -1
7 1 4 57 199 -1
7 2 3 107 154 -1
7 2 3 107 155 0.925604
7 2 3 107 156 -1
7 2 3 108 154 0.708825
7 2 3 108 155 -1
7 2 3 108 156 -1
7 2 3 109 154 -1
7 2 3 109 155 -1
7 2 3 109 156 0.887343
7 2 4 107 198 -1
7 2 4 107 199 0.886105
7 2 4 108 198 -1
7 2 4 108 199 -1
7 2 4 109 198 0.922178
7 2 4 109 199 -1
7 3 4 154 198 -1
7 3 4 154 199 -1
7 3 4 155 198 0.468493
7 3 4 155 199 0.531508
7 3 4 156 198 0.698236
7 3 4 156 199 -1
8 0 1 15 58 0.881685
8 0 1 15 59 0.568568
8 0 1 15 60 -1
8 0 1 16 58 -1
8 0 1 16 59 -1
8 0 1 16 60 0.84708
8 0 2 15 110 0.750139
8 0 2 15 111 -1
8 0 2 15 112 -1
8 0 2 16 110 -1
8 0 2 16 111 0.749452
8 0 2 16 112 -1
8 0 3 15 157 -1
8 0 3 15 158 0.740117
8 0 3 15 159 -1
8 0 3 16 157 0.911253
8 0 3 16 158 -1
8 0 3 16 159 -1
8 0 4 15 200 -1
8 0 4 15 201 0.411987
8 0 4 15 202 0.591154
8 0 4 16 200 -1
8 0 4 16 201 0.112808
8 0 4 16 202 -1
8 1 2 58 110 0.949474
8 1 2 58 111 0.748131
8 1 2 58 112 -1
8 1 2 59 110 -1
8 1 2 59 111 -1
8 1 2 59 112 0.810503
8 1 2 60 110 0.732728
8 1 2 60 111 0.882357
8 1 2 60 112 -1
8 1 3 58 157 0.30551
8 1 3 58 158 0.79009
8 1 3 58 159 -1
8 1 3 59 157 -1
8 1 3 59 158 -1
8 1 3 59 159 0.590483
8 1 3 60 157 0.73098
8 1 3 60 158 0.605234
8 1 3 60 159 -1
8 1 4 58 200 -1
8 1 4 58 201 -1
8 1 4 58 202 0.909889
8 1 4 59 200 0.796916
8 1 4 59 201 -1
8 1 4 59 202 -1
8 1 4 60 200 -1
8 1 4 60 201 0.736612
8 1 4 60 202 -1
8 2 3 110 157 -1
8 2 3 110 158 0.9793
8 2 3 110 159 -1
8 2 3 111 157 0.62539
8 2 3 111 158 -1
8 2 3 111 159 -1
8 2 3 112 157 -1
8 2 3 112 158 -1
8 2 3 112 159 0.895809
8 2 4 110 200 -1
8 2 4 110 201 -1
8 2 4 110 202 0.741085
8 2 4 111 200 -1
8 2 4 111 201 0.814585
8 2 4 111 202 -1
8 2 4 112 200 0.789424
8 2 4 112 201 -1
8 2 4 112 202 -1
8 3 4 157 200 0.074001
8 3 4 157 201 0.651646
8 3 4 157 202 -1
8 3 4 158 200 0.170063
8 3 4 158 201 -1
8 3 4 158 202 0.85858
8 3 4 159 200 0.755935
8 3 4 159 201 -1
8 3 4 159 202 -1
9 0 2 17 113 0.67513
9 0 2 17 114 -1
9 0 3 17 160 -1
9 0 3 17 161 -1
9 0 4 17 203 0.948649
9 0 4 17 204 -1
9 0 4 17 205 -1
9 0 4 17 206 0.971703
9 2 3 113 160 -1
9 2 3 113 161 0.841255
9 2 3 114 160 0.982386
9 2 3 114 161 -1
9 2 4 113 203 0.898718
9 2 4 113 204 -1
9 2 4 113 205 -1
9 2 4 113 206 0.759537
9 2 4 114 203 -1
9 2 4 114 204 0.618158
9 2 4 114 205 0.985898
9 2 4 114 206 -1
9 3 4 160 203 0.120185
9 3 4 160 204 0.184829
9 3 4 160 205 0.180334
9 3 4 160 206 0.160532
9 3 4 161 203 0.209818
9 3 4 161 204 0.1464
9 3 4 161 205 0.15081
9 3 4 161 206 0.143016
10 0 1 18 61 0.361052
10 0 1 18 62 0.273924
10 0 1 18 63 0.153532
10 0 1 19 61 -1
10 0 1 19 62 0.348219
10 0 1 19 63 0.634682
10 0 2 18 115 0.877182
10 0 2 19 115 0.122818
10 0 3 18 162 0.81912
10 0 3 19 162 -1
10 0 4 18 207 0.29037
10 0 4 18 208 -1
10 0 4 19 207 0.70963
10 0 4 19 208 -1
10 1 2 61 115 -1
10 1 2 62 115 0.946834
10 1 2 63 115 -1
10 1 3 61 162 -1
10 1 3 62 162 0.902086
10 1 3 63 162 0.61995
10 1 4 61 207 -1
10 1 4 61 208 0.979793
10 1 4 62 207 0.126161
10 1 4 62 208 -1
10 1 4 63 207 0.891638
10 1 4 63 208 -1
10 2 3 115 162 0.944524
10 2 4 115 207 0.56058
10 2 4 115 208 -1
10 3 4 162 207 0.288775
10 3 4 162 208 0.711225
11 0 1 20 64 0.606288
11 0 1 20 65 0.393712
11 0 1 21 64 -1
11 0 1 21 65 -1
11 0 2 20 116 -1
11 0 2 20 117 -1
11 0 2 20 118 -1
11 0 2 21 116 -1
11 0 2 21 117 0.929025
11 0 2 21 118 -1
11 0 3 20 163 -1
11 0 3 20 164 -1
11 0 3 20 165 -1
11 0 3 21 163 -1
11 0 3 21 164 0.937525
11 0 3 21 165 -1
11 0 4 20 209 0.851223
11 0 4 21 209 -1
11 1 2 64 116 0.939674
11 1 2 64 117 -1
11 1 2 64 118 -1
11 1 2 65 116 -1
11 1 2 65 117 -1
11 1 2 65 118 0.673233
11 1 3 64 163 0.901685
11 1 3 64 164 0.74261
11 1 3 64 165 -1
11 1 3 65 163 0.0224045
11 1 3 65 164 0.211609
11 1 3 65 165 0.749496
11 1 4 64 209 0.960096
11 1 4 65 209 -1
11 2 3 116 163 0.888821
11 2 3 116 164 -1
11 2 3 116 165 -1
11 2 3 117 163 -1
11 2 3 117 164 0.94951
11 2 3 117 165 -1
11 2 3 118 163 -1
11 2 3 118 164 -1
11 2 3 118 165 0.88953
11 2 4 116 209 0.953887
11 2 4 117 209 -1
11 2 4 118 209 -1
11 3 4 163 209 0.322837
11 3 4 164 209 0.312827
11 3 4 165 209 0.364336
12 0 1 22 66 0.380935
12 0 1 22 67 0.387806
12 0 1 22 68 0.107083
12 0 1 23 66 0.184252
12 0 1 23 67 0.0147573
12 0 1 23 68 0.632379
12 0 2 22 119 0.875892
12 0 2 22 120 -1
12 0 2 23 119 -1
12 0 2 23 120 0.999215
12 0 3 22 166 -1
12 0 3 22 167 -1
12 0 3 23 166 0.905398
12 0 3 23 167 -1
12 0 4 22 210 0.359292
12 0 4 22 211 0.346329
12 0 4 23 210 0.0821201
12 0 4 23 211 0.491304
12 1 2 66 119 0.519859
12 1 2 66 120 0.480141
12 1 2 67 119 -1
12 1 2 67 120 -1
12 1 2 68 119 0.436927
12 1 2 68 120 0.563073
12 1 3 66 166 0.302608
12 1 3 66 167 -1
12 1 3 67 166 0.155763
12 1 3 67 167 0.686918
12 1 3 68 166 0.399334
12 1 3 68 167 0.197344
12 1 4 66 210 -1
12 1 4 66 211 0.962923
12 1 4 67 210 0.775631
12 1 4 67 211 -1
12 1 4 68 210 -1
12 1 4 68 211 0.705946
12 2 3 119 166 -1
12 2 3 119 167 -1
12 2 3 120 166 0.933518
12 2 3 120 167 -1
12 2 4 119 210 -1
12 2 4 119 211 0.816799
12 2 4 120 210 -1
12 2 4 120 211 0.183201
12 3 4 166 210 0.24772
12 3 4 166 211 0.603243
12 3 4 167 210 0.64651
12 3 4 167 211 0.178905
13 0 1 24 69 0.95139
13 0 1 24 70 0.693293
13 0 1 24 71 -1
13 0 1 25 69 -1
13 0 1 25 70 -1
13 0 1 25 71 0.989733
13 0 2 24 121 0.788762
13 0 2 24 122 -1
13 0 2 25 121 -1
13 0 2 25 122 0.782719
13 0 3 24 168 -1
13 0 3 24 169 0.984989
13 0 3 24 170 -1
13 0 3 25 168 0.831382
13 0 3 25 169 -1
13 0 3 25 170 -1
13 0 4 24 212 -1
13 0 4 24 213 0.519618
13 0 4 24 214 0.771864
13 0 4 25 212 -1
13 0 4 25 213 0.480382
13 0 4 25 214 0.228137
13 1 2 69 121 0.674037
13 1 2 69 122 0.325963
13 1 2 70 121 -1
13 1 2 70 122 -1
13 1 2 71 121 -1
13 1 2 71 122 0.78662
13 1 3 69 168 0.704495
13 1 3 69 169 0.960637
13 1 3 69 170 -1
13 1 3 70 168 -1
13 1 3 70 169 -1
13 1 3 70 170 0.97976
13 1 3 71 168 0.787095
13 1 3 71 169 0.887445
13 1 3 71 170 -1
13 1 4 69 212 -1
13 1 4 69 213 -1
13 1 4 69 214 0.854947
13 1 4 70 212 0.961552
13 1 4 70 213 -1
13 1 4 70 214 -1
13 1 4 71 212 -1
13 1 4 71 213 0.947762
13 1 4 71 214 -1
13 2 3 121 168 -1
13 2 3 121 169 0.805137
13 2 3 121 170 -1
13 2 3 122 168 0.968818
13 2 3 122 169 -1
13 2 3 122 170 -1
13 2 4 121 212 -1
13 2 4 121 213 -1
13 2 4 121 214 0.980121
13 2 4 122 212 -1
13 2 4 122 213 0.877222
13 2 4 122 214 -1
13 3 4 168 212 -1
13 3 4 168 213 0.975729
13 3 4 168 214 -1
13 3 4 169 212 0.318031
13 3 4 169 213 -1
13 3 4 169 214 0.941875
13 3 4 170 212 0.556761
13 3 4 170 213 -1
13 3 4 170 214 -1
14 0 1 26 72 0.858734
14 0 1 26 73 -1
14 0 1 26 74 0.4999
14 0 1 27 72 -1
14 0 1 27 73 0.630827
14 0 1 27 74 -1
14 0 2 26 123 0.336651
14 0 2 26 124 -1
14 0 2 27 123 -1
14 0 2 27 124 0.684367
14 0 3 26 171 -1
14 0 3 26 172 0.864837
14 0 3 26 173 -1
14 0 3 27 171 0.477482
14 0 3 27 172 -1
14 0 3 27 173 -1
14 0 4 26 215 -1
14 0 4 26 216 -1
14 0 4 26 217 0.896893
14 0 4 27 215 -1
14 0 4 27 216 -1
14 0 4 27 217 -1
14 1 2 72 123 0.342524
14 1 2 72 124 0.657476
14 1 2 73 123 0.358084
14 1 2 73 124 0.641916
14 1 2 74 123 -1
14 1 2 74 124 -1
14 1 3 72 171 -1
14 1 3 72 172 0.766319
14 1 3 72 173 -1
14 1 3 73 171 0.704818
14 1 3 73 172 -1
14 1 3 73 173 -1
14 1 3 74 171 -1
14 1 3 74 172 -1
14 1 3 74 173 0.503125
14 1 4 72 215 -1
14 1 4 72 216 -1
14 1 4 72 217 0.94444
14 1 4 73 215 -1
14 1 4 73 216 0.829666
14 1 4 73 217 -1
14 1 4 74 215 0.949863
14 1 4 74 216 -1
14 1 4 74 217 -1
14 2 3 123 171 -1
14 2 3 123 172 0.472432
14 2 3 123 173 -1
14 2 3 124 171 0.722882
14 2 3 124 172 -1
14 2 3 124 173 -1
14 2 4 123 215 -1
14 2 4 123 216 -1
14 2 4 123 217 0.814249
14 2 4 124 215 -1
14 2 4 124 216 0.596369
14 2 4 124 217 -1
14 3 4 171 215 -1
14 3 4 171 216 0.331318
14 3 4 171 217 -1
14 3 4 172 215 -1
14 3 4 172 216 -1
14 3 4 172 217 0.889964
14 3 4 173 215 0.953208
14 3 4 173 216 -1
14 3 4 173 217 -1
15 0 1 28 75 0.110156
15 0 1 28 76 0.304037
15 0 1 29 75 -1
15 0 1 29 76 -1
15 0 2 28 125 -1
15 0 2 28 126 -1
15 0 2 28 127 -1
15 0 2 29 125 -1
15 0 2 29 126 0.697612
15 0 2 29 127 -1
15 0 3 28 174 -1
15 0 3 28 175 -1
15 0 3 28 176 -1
15 0 3 29 174 -1
15 0 3 29 175 0.769388
15 0 3 29 176 -1
15 0 4 28 218 0.513642
15 0 4 29 218 -1
15 1 2 75 125 0.978809
15 1 2 75 126 -1
15 1 2 75 127 -1
15 1 2 76 125 -1
15 1 2 76 126 -1
15 1 2 76 127 0.832828
15 1 3 75 174 0.970774
15 1 3 75 175 0.54236
15 1 3 75 176 -1
15 1 3 76 174 -1
15 1 3 76 175 -1
15 1 3 76 176 0.860344
15 1 4 75 218 0.94169
15 1 4 76 218 -1
15 2 3 125 174 0.963216
15 2 3 125 175 -1
15 2 3 125 176 -1
15 2 3 126 174 -1
15 2 3 126 175 0.974697
15 2 3 126 176 -1
15 2 3 127 174 -1
15 2 3 127 175 -1
15 2 3 127 176 0.996472
15 2 4 125 218 0.904469
15 2 4 126 218 -1
15 2 4 127 218 -1
15 3 4 174 218 0.441748
15 3 4 175 218 0.318572
15 3 4 176 218 0.23968
16 0 1 30 77 0.912935
16 0 1 30 78 -1
16 0 1 30 79 -1
16 0 1 31 77 -1
16 0 1 31 78 0.0823985
16 0 1 31 79 0.824581
16 0 2 30 128 0.918602
16 0 2 30 129 -1
16 0 2 31 128 -1
16 0 2 31 129 0.826447
16 0 3 30 177 -1
16 0 3 30 178 -1
16 0 3 31 177 0.78865
16 0 3 31 178 -1
16 0 4 30 219 0.494936
16 0 4 30 220 0.160694
16 0 4 31 219 0.505064
16 0 4 31 220 -1
16 1 2 77 128 0.640729
16 1 2 77 129 0.359271
16 1 2 78 128 -1
16 1 2 78 129 -1
16 1 2 79 128 0.23546
16 1 2 79 129 0.76454
16 1 3 77 177 -1
16 1 3 77 178 -1
16 1 3 78 177 -1
16 1 3 78 178 0.935995
16 1 3 79 177 0.918367
16 1 3 79 178 -1
16 1 4 77 219 0.743709
16 1 4 77 220 -1
16 1 4 78 219 -1
16 1 4 78 220 0.993955
16 1 4 79 219 0.723791
16 1 4 79 220 -1
16 2 3 128 177 -1
16 2 3 128 178 -1
16 2 3 129 177 0.955804
16 2 3 129 178 -1
16 2 4 128 219 0.482245
16 2 4 128 220 -1
16 2 4 129 219 0.517755
16 2 4 129 220 -1
16 3 4 177 219 0.835733
16 3 4 177 220 -1
16 3 4 178 219 -1
16 3 4 178 220 0.972171
17 0 1 32 80 0.945714
17 0 1 32 81 -1
17 0 1 32 82 0.482608
17 0 2 32 130 -1
17 0 3 32 179 -1
17 0 3 32 180 0.828717
17 0 3 32 181 -1
17 0 4 32 221 -1
17 0 4 32 222 0.906282
17 1 2 80 130 0.243075
17 1 2 81 130 0.863042
17 1 2 82 130 -1
17 1 3 80 179 -1
17 1 3 80 180 0.988391
17 1 3 80 181 -1
17 1 3 81 179 0.790404
17 1 3 81 180 -1
17 1 3 81 181 -1
17 1 3 82 179 -1
17 1 3 82 180 -1
17 1 3 82 181 0.903382
17 1 4 80 221 -1
17 1 4 80 222 0.912008
17 1 4 81 221 -1
17 1 4 81 222 0.602412
17 1 4 82 221 0.933881
17 1 4 82 222 -1
17 2 3 130 179 0.947775
17 2 3 130 180 -1
17 2 3 130 181 -1
17 2 4 130 221 -1
17 2 4 130 222 -1
17 3 4 179 221 0.663376
17 3 4 179 222 -1
17 3 4 180 221 -1
17 3 4 180 222 0.523424
17 3 4 181 221 0.998132
17 3 4 181 222 -1
18 0 1 33 83 0.943891
18 0 1 33 84 -1
18 0 1 33 85 0.560179
18 0 2 33 131 0.933164
18 0 2 33 132 -1
18 0 3 33 182 -1
18 0 3 33 183 0.791556
18 0 4 33 223 -1
18 0 4 33 224 0.979551
18 1 2 83 131 0.697169
18 1 2 83 132 0.302831
18 1 2 84 131 -1
18 1 2 84 132 0.878097
18 1 2 85 131 -1
18 1 2 85 132 -1
18 1 3 83 182 0.437069
18 1 3 83 183 0.562931
18 1 3 84 182 0.433377
18 1 3 84 183 0.566623
18 1 3 85 182 -1
18 1 3 85 183 -1
18 1 4 83 223 -1
18 1 4 83 224 0.898818
18 1 4 84 223 -1
18 1 4 84 224 -1
18 1 4 85 223 0.860098
18 1 4 85 224 -1
18 2 3 131 182 -1
18 2 3 131 183 0.756816
18 2 3 132 182 0.917213
18 2 3 132 183 -1
18 2 4 131 223 -1
18 2 4 131 224 0.91204
18 2 4 132 223 -1
18 2 4 132 224 -1
18 3 4 182 223 -1
18 3 4 182 224 -1
18 3 4 183 223 0.0209842
18 3 4 183 224 0.846916
end of Frame 171
