J OverallIdx viewIdx joint种类0-18(jointIdx) 该joint在图中的顺序(candidix) x y score
0 0 0 0 602.914 394.338 0.706914
1 0 0 1 364.588 436.51 0.557335
2 0 1 0 347.72 196.103 0.857675
3 0 1 1 630.983 217.164 0.832537
4 0 2 0 569.336 390.129 0.705778
5 0 2 1 392.627 432.324 0.477546
6 0 3 0 639.38 396.451 0.753
7 0 3 1 333.774 440.694 0.542791
8 0 4 0 611.307 145.587 0.87132
9 0 5 0 386.926 196.079 0.789443
10 0 5 1 577.657 210.977 0.870067
11 0 6 0 305.678 196.079 0.844017
12 0 6 1 681.523 225.563 0.865886
13 0 7 0 572.212 533.503 0.795925
14 0 7 1 336.552 594.627 0.543453
15 0 8 0 630.927 533.477 0.753115
16 0 8 1 333.682 600.998 0.658627
17 0 9 0 347.599 124.352 0.549143
18 0 10 0 280.475 124.463 0.923522
19 0 10 1 659.015 143.401 0.922558
20 0 11 0 552.403 299.461 0.85268
21 0 11 1 440.251 309.885 0.871088
22 0 12 0 706.64 311.997 0.859717
23 0 12 1 319.734 331.111 0.810891
24 0 13 0 577.75 657.928 0.75683
25 0 13 1 342.147 727.509 0.482087
26 0 14 0 616.997 649.49 0.849917
27 0 14 1 353.357 748.591 0.539961
28 0 15 0 389.825 364.826 0.504711
29 0 15 1 524.329 377.373 0.859703
30 0 16 0 706.82 396.339 0.86177
31 0 16 1 280.57 430.23 0.822161
32 0 17 0 625.35 685.338 0.804326
33 0 17 1 294.456 735.945 0.456259
34 0 18 0 552.547 700.053 0.707094
35 0 18 1 294.413 721.186 0.535342
36 1 0 0 232.83 394.29 0.665306
37 1 0 1 625.374 432.312 0.570204
38 1 1 0 616.88 191.879 0.827516
39 1 1 1 235.617 193.976 0.790895
40 1 2 0 257.92 394.341 0.668168
41 1 2 1 661.924 434.423 0.557341
42 1 3 0 210.295 392.212 0.581074
43 1 3 1 591.742 432.3 0.575705
44 1 4 0 729.058 113.875 0.193708
45 1 4 1 308.446 145.495 0.901179
46 1 5 0 249.569 194.057 0.793631
47 1 5 1 656.225 191.892 0.784579
48 1 6 0 572.181 191.823 0.766309
49 1 6 1 218.801 193.926 0.666094
50 1 7 0 280.373 531.344 0.827306
51 1 7 1 678.671 609.404 0.694584
52 1 8 0 210.375 529.266 0.804166
53 1 8 1 614.122 581.962 0.831707
54 1 9 0 681.438 105.396 0.708631
55 1 9 1 258.099 132.814 0.892576
56 1 10 0 597.453 107.501 0.6041
57 1 11 0 260.763 305.718 0.789707
58 1 11 1 715.111 316.284 0.801435
59 1 12 0 566.464 295.243 0.193714
60 1 13 0 294.465 670.562 0.755159
61 1 13 1 639.467 765.322 0.661504
62 1 14 0 145.88 662.152 0.776251
63 1 14 1 563.659 704.336 0.616066
64 1 15 0 802.028 259.272 0.812406
65 1 15 1 325.357 343.642 0.834594
66 1 16 0 555.308 362.686 0.2401
67 1 17 0 207.47 687.42 0.679461
68 1 17 1 560.911 752.79 0.364627
69 1 18 0 350.628 672.704 0.68384
70 2 0 0 437.549 244.656 0.740436
71 2 0 1 664.553 356.37 0.769901
72 2 0 2 998.276 562.976 0.635874
73 2 0 3 524.35 638.957 0.591275
74 2 1 0 448.68 105.404 0.782169
75 2 1 1 695.46 213.006 0.86264
76 2 1 2 532.841 430.199 0.867057
77 2 2 0 423.481 246.681 0.685373
78 2 2 1 633.782 347.913 0.73059
79 2 2 2 1029.21 571.463 0.538462
80 2 2 3 571.955 641.05 0.57691
81 2 3 0 457.034 244.632 0.690163
82 2 3 1 701.065 362.65 0.750338
83 2 3 2 956.296 552.496 0.615734
84 2 3 3 476.723 636.809 0.567034
85 2 4 0 504.846 56.9125 0.924326
86 2 4 1 664.564 193.916 0.918874
87 2 5 0 420.62 109.603 0.824436
88 2 5 1 639.473 206.665 0.884027
89 2 5 2 619.721 440.714 0.606455
90 2 6 0 476.693 97.0031 0.709392
91 2 6 1 751.447 225.605 0.870257
92 2 6 2 1009.61 377.389 0.727909
93 2 6 3 1029.2 377.407 0.724848
94 2 6 4 454.295 417.503 0.759217
95 2 7 0 445.925 331.149 0.72012
96 2 7 1 616.914 440.719 0.780971
97 2 7 2 987.143 649.468 0.782591
98 2 7 3 555.338 735.913 0.723028
99 2 8 0 431.849 341.598 0.744162
100 2 8 1 684.235 463.912 0.863349
101 2 8 2 908.647 630.415 0.802026
102 2 8 3 479.441 748.612 0.738791
103 2 9 0 459.792 44.2794 0.916649
104 2 9 1 614.116 324.717 0.746533
105 2 10 0 712.351 175.009 0.878767
106 2 10 1 504.818 310.026 0.728188
107 2 11 0 392.67 191.91 0.935318
108 2 11 1 611.393 261.504 0.756771
109 2 11 2 642.217 567.24 0.787346
110 2 12 0 457.164 166.599 0.59572
111 2 12 1 757.147 305.72 0.847925
112 2 12 2 911.357 396.551 0.864444
113 2 12 3 417.806 531.427 0.860504
114 2 13 0 437.553 425.963 0.679798
115 2 13 1 616.888 546.152 0.483406
116 2 13 2 956.297 754.894 0.75578
117 2 14 0 412.106 425.989 0.791921
118 2 14 1 661.702 552.501 0.717683
119 2 14 2 914.294 752.819 0.638645
120 2 15 0 412.154 267.843 0.862052
121 2 15 1 611.385 314.156 0.511983
122 2 16 0 476.729 215.089 0.797651
123 2 16 1 933.796 339.469 0.546453
124 2 16 2 726.217 364.888 0.892247
125 2 17 0 883.409 748.544 0.266676
126 3 0 0 566.44 343.642 0.717384
127 3 0 1 246.752 364.79 0.676665
128 3 0 2 852.486 366.948 0.549791
129 3 1 0 860.88 166.62 0.728112
130 3 1 1 235.513 187.691 0.770524
131 3 1 2 563.668 193.984 0.875915
132 3 2 0 535.619 341.634 0.6862
133 3 2 1 260.757 364.774 0.702022
134 3 2 2 883.297 364.78 0.54026
135 3 3 0 591.742 341.612 0.735035
136 3 3 1 232.759 364.788 0.672246
137 3 3 2 821.759 375.329 0.528881
138 3 4 0 860.942 109.759 0.514309
139 3 4 1 297.312 128.703 0.858601
140 3 4 2 575.003 153.905 0.842469
141 3 5 0 903.023 170.794 0.59366
142 3 5 1 241.165 191.823 0.833283
143 3 5 2 524.334 194.019 0.888263
144 3 6 0 818.814 164.501 0.755964
145 3 6 1 218.713 185.557 0.659594
146 3 6 2 600.162 193.943 0.879699
147 3 7 0 549.725 463.854 0.847535
148 3 7 1 880.597 470.228 0.32261
149 3 7 2 294.504 482.968 0.777608
150 3 7 3 838.473 567.267 0.529707
151 3 8 0 588.829 461.843 0.779054
152 3 8 1 238.377 487.092 0.780028
153 3 8 2 838.411 565.077 0.608785
154 3 9 0 858.066 78.0415 0.279862
155 3 9 1 257.86 126.497 0.940468
156 3 9 2 546.901 137.032 0.826024
157 3 10 0 776.928 90.6329 0.784691
158 3 10 1 891.859 116.028 0.684996
159 3 10 2 597.325 132.854 0.222356
160 3 11 0 482.197 263.583 0.941853
161 3 11 1 241.139 278.433 0.898947
162 3 12 0 611.248 276.142 0.782572
163 3 12 1 796.568 278.355 0.688086
164 3 13 0 902.909 527.204 0.525563
165 3 13 1 549.804 577.786 0.777598
166 3 13 2 302.812 598.87 0.839799
167 3 13 3 802.109 683.151 0.744556
168 3 14 0 572.149 550.457 0.806361
169 3 14 1 235.606 596.76 0.725216
170 3 14 2 922.573 744.352 0.596965
171 3 15 0 518.84 314.299 0.855795
172 3 15 1 286.081 354.301 0.833771
173 3 16 0 751.696 331.07 0.699179
174 3 16 1 614.189 328.866 0.863541
175 3 17 0 594.599 590.394 0.761404
176 3 17 1 863.763 748.521 0.58103
177 3 18 0 364.482 598.828 0.778749
178 3 18 1 574.866 613.573 0.694912
179 3 18 2 754.368 674.816 0.640367
180 4 0 0 622.608 246.781 0.613106
181 4 0 1 936.624 261.562 0.76687
182 4 0 2 552.51 345.792 0.59636
183 4 1 0 953.536 109.681 0.91277
184 4 1 1 631.002 124.404 0.57813
185 4 1 2 518.758 126.452 0.84594
186 4 2 0 594.63 246.798 0.611375
187 4 2 1 908.729 261.507 0.800597
188 4 2 2 594.637 339.505 0.562483
189 4 3 0 658.979 246.777 0.704825
190 4 3 1 967.474 263.606 0.718895
191 4 3 2 507.653 347.941 0.540886
192 4 4 0 900.205 58.9663 0.892186
193 4 4 1 661.796 92.6979 0.895408
194 4 5 0 914.28 109.688 0.855303
195 4 5 1 586.101 118.081 0.814827
196 4 6 0 995.488 109.657 0.891925
197 4 6 1 684.145 124.442 0.84402
198 4 6 2 445.938 130.737 0.787554
199 4 7 0 636.579 343.697 0.154899
200 4 7 1 905.788 375.347 0.8533
201 4 7 2 571.943 514.471 0.718248
202 4 8 0 656.166 337.418 0.52495
203 4 8 1 970.213 379.493 0.855625
204 4 8 2 619.857 413.286 0.219289
205 4 8 3 532.847 520.854 0.669617
206 4 9 0 527.333 48.486 0.704365
207 4 9 1 622.554 75.8165 0.922092
208 4 10 0 462.786 56.9373 0.731276
209 4 10 1 945.053 52.742 0.824357
210 4 11 0 908.769 179.251 0.759321
211 4 11 1 622.604 229.9 0.829405
212 4 12 0 678.584 164.527 0.82991
213 4 12 1 998.5 194.097 0.936822
214 4 12 2 423.521 253.072 0.789562
215 4 13 0 689.873 396.405 0.297825
216 4 13 1 889.089 480.796 0.834187
217 4 13 2 631.026 518.76 0.365458
218 4 13 3 569.162 617.87 0.463988
219 4 14 0 698.32 398.575 0.430771
220 4 14 1 998.504 474.475 0.826489
221 4 14 2 622.569 514.456 0.411785
222 4 14 3 555.258 670.588 0.694534
223 4 15 0 886.274 210.785 0.845665
224 4 15 1 647.862 314.223 0.771288
225 4 16 0 616.937 145.57 0.716936
226 4 16 1 922.632 221.366 0.819044
227 4 16 2 415.073 347.901 0.901441
228 4 17 0 681.411 432.282 0.536206
229 4 17 1 961.902 497.65 0.814622
230 4 17 2 684.179 531.302 0.30599
231 4 17 3 504.878 664.199 0.716966
232 4 18 0 678.683 430.17 0.180972
233 4 18 1 858.107 499.838 0.741587
234 4 18 2 687.129 529.32 0.505183
235 4 18 3 518.834 636.835 0.231258
P viewIdx, pafIdx, aOverAllIdx, bOverAllIdx, CandidAIdx, CandidBIdx, score
0 0 2 0 0 0 0
0 0 2 1 0 1 0.963077
0 0 3 0 1 0 0.980497
0 0 3 1 1 1 0
0 1 4 13 0 0 0.99077
0 1 4 14 0 1 0
0 1 5 13 1 0 0
0 1 5 14 1 1 0.92574
0 2 13 24 0 0 0.993866
0 2 13 25 0 1 0
0 2 14 24 1 0 0
0 2 14 25 1 1 0.946836
0 3 0 4 0 0 0.939105
0 3 0 5 0 1 0
0 3 1 4 1 0 0
0 3 1 5 1 1 0.862392
0 4 0 6 0 0 0.948455
0 4 0 7 0 1 0
0 4 1 6 1 0 0
0 4 1 7 1 1 0.876888
0 5 6 15 0 0 0.98136
0 5 6 16 0 1 0
0 5 7 15 1 0 0
0 5 7 16 1 1 0.965531
0 6 15 26 0 0 0.997027
0 6 15 27 0 1 0
0 6 16 26 1 0 0
0 6 16 27 1 1 0.972079
0 7 2 9 0 0 0.985485
0 7 2 10 0 1 0
0 7 3 9 1 0 0
0 7 3 10 1 1 0.99212
0 8 9 20 0 0 0
0 8 9 21 0 1 0.999049
0 8 10 20 1 0 0.97258
0 8 10 21 1 1 0
0 9 20 28 0 0 0
0 9 20 29 0 1 0.994528
0 9 21 28 1 0 0.923779
0 9 21 29 1 1 0
0 10 9 17 0 0 0.917248
0 10 10 17 1 0 0
0 11 2 11 0 0 0.989814
0 11 2 12 0 1 0
0 11 3 11 1 0 0
0 11 3 12 1 1 0.99819
0 12 11 22 0 0 0
0 12 11 23 0 1 0.979615
0 12 12 22 1 0 0.999638
0 12 12 23 1 1 0
0 13 22 30 0 0 0.999433
0 13 22 31 0 1 0
0 13 23 30 1 0 0
0 13 23 31 1 1 0.962902
0 14 11 18 0 0 0.997947
0 14 11 19 0 1 0
0 14 12 18 1 0 0
0 14 12 19 1 1 0.998895
0 15 2 8 0 0 0
0 15 3 8 1 0 0.993303
0 16 26 32 0 0 0.988251
0 16 26 33 0 1 0
0 16 27 32 1 0 0
0 16 27 33 1 1 0.884859
0 17 24 34 0 0 0.920221
0 17 24 35 0 1 0
0 17 25 34 1 0 0
0 17 25 35 1 1 0.849044
1 0 38 36 0 0 0
1 0 38 37 0 1 0.978693
1 0 39 36 1 0 0.97014
1 0 39 37 1 1 0
1 1 40 50 0 0 0.986365
1 1 40 51 0 1 0
1 1 41 50 1 0 0
1 1 41 51 1 1 0.962853
1 2 50 60 0 0 0.994421
1 2 50 61 0 1 0
1 2 51 60 1 0 0
1 2 51 61 1 1 0.963994
1 3 36 40 0 0 0.908751
1 3 36 41 0 1 0
1 3 37 40 1 0 0
1 3 37 41 1 1 0.877827
1 4 36 42 0 0 0.908073
1 4 36 43 0 1 0
1 4 37 42 1 0 0
1 4 37 43 1 1 0.884135
1 5 42 52 0 0 0.98632
1 5 42 53 0 1 0
1 5 43 52 1 0 0
1 5 43 53 1 1 0.987043
1 6 52 62 0 0 0.980506
1 6 52 63 0 1 0
1 6 53 62 1 0 0
1 6 53 63 1 1 0.973186
1 7 38 46 0 0 0
1 7 38 47 0 1 0.984955
1 7 39 46 1 0 0.930427
1 7 39 47 1 1 0
1 8 46 57 0 0 0.983247
1 8 46 58 0 1 0
1 8 47 57 1 0 0
1 8 47 58 1 1 0.999497
1 9 57 64 0 0 0
1 9 57 65 0 1 0.99514
1 9 58 64 1 0 0.961858
1 9 58 65 1 1 0
1 10 46 54 0 0 0
1 10 46 55 0 1 0.981556
1 10 47 54 1 0 0.96336
1 10 47 55 1 1 0
1 11 38 48 0 0 0.985522
1 11 38 49 0 1 0
1 11 39 48 1 0 0
1 11 39 49 1 1 0.925898
1 12 48 59 0 0 0.837426
1 12 49 59 1 0 0
1 13 59 66 0 0 0.741897
1 14 48 56 0 0 0.874407
1 14 49 56 1 0 0
1 15 38 44 0 0 0.670877
1 15 38 45 0 1 0
1 15 39 44 1 0 0
1 15 39 45 1 1 0.932333
1 16 62 67 0 0 0.948599
1 16 62 68 0 1 0
1 16 63 67 1 0 0
1 16 63 68 1 1 0.879441
1 17 60 69 0 0 0.930824
1 17 61 69 1 0 0
2 0 74 70 0 0 0.974355
2 0 74 71 0 1 0
2 0 74 72 0 2 0
2 0 74 73 0 3 0
2 0 75 70 1 0 0
2 0 75 71 1 1 0.981096
2 0 75 72 1 2 0
2 0 75 73 1 3 0
2 0 76 70 2 0 0
2 0 76 71 2 1 0
2 0 76 72 2 2 0
2 0 76 73 2 3 0.991704
2 1 77 95 0 0 0.974479
2 1 77 96 0 1 0
2 1 77 97 0 2 0
2 1 77 98 0 3 0
2 1 78 95 1 0 0
2 1 78 96 1 1 0.999974
2 1 78 97 1 2 0
2 1 78 98 1 3 0
2 1 79 95 2 0 0
2 1 79 96 2 1 0
2 1 79 97 2 2 0.956632
2 1 79 98 2 3 0
2 1 80 95 3 0 0
2 1 80 96 3 1 0
2 1 80 97 3 2 0
2 1 80 98 3 3 0.961077
2 2 95 114 0 0 0.951596
2 2 95 115 0 1 0
2 2 95 116 0 2 0
2 2 96 114 1 0 0
2 2 96 115 1 1 0.935931
2 2 96 116 1 2 0
2 2 97 114 2 0 0
2 2 97 115 2 1 0
2 2 97 116 2 2 0.965883
2 2 98 114 3 0 0
2 2 98 115 3 1 0
2 2 98 116 3 2 0
2 3 70 77 0 0 0.91205
2 3 70 78 0 1 0
2 3 70 79 0 2 0
2 3 70 80 0 3 0
2 3 71 77 1 0 0
2 3 71 78 1 1 0.93679
2 3 71 79 1 2 0
2 3 71 80 1 3 0
2 3 72 77 2 0 0
2 3 72 78 2 1 0
2 3 72 79 2 2 0.933492
2 3 72 80 2 3 0
2 3 73 77 3 0 0
2 3 73 78 3 1 0
2 3 73 79 3 2 0
2 3 73 80 3 3 0.882386
2 4 70 81 0 0 0.914196
2 4 70 82 0 1 0
2 4 70 83 0 2 0
2 4 70 84 0 3 0
2 4 71 81 1 0 0
2 4 71 82 1 1 0.962259
2 4 71 83 1 2 0
2 4 71 84 1 3 0
2 4 72 81 2 0 0
2 4 72 82 2 1 0
2 4 72 83 2 2 0.929781
2 4 72 84 2 3 0
2 4 73 81 3 0 0
2 4 73 82 3 1 0
2 4 73 83 3 2 0
2 4 73 84 3 3 0.887678
2 5 81 99 0 0 0.982339
2 5 81 100 0 1 0
2 5 81 101 0 2 0
2 5 81 102 0 3 0
2 5 82 99 1 0 0
2 5 82 100 1 1 0.996782
2 5 82 101 1 2 0
2 5 82 102 1 3 0
2 5 83 99 2 0 0
2 5 83 100 2 1 0
2 5 83 101 2 2 0.959624
2 5 83 102 2 3 0
2 5 84 99 3 0 0
2 5 84 100 3 1 0
2 5 84 101 3 2 0
2 5 84 102 3 3 0.980834
2 6 99 117 0 0 0.98015
2 6 99 118 0 1 0
2 6 99 119 0 2 0
2 6 100 117 1 0 0
2 6 100 118 1 1 0.982595
2 6 100 119 1 2 0
2 6 101 117 2 0 0
2 6 101 118 2 1 0
2 6 101 119 2 2 0.981438
2 6 102 117 3 0 0
2 6 102 118 3 1 0
2 6 102 119 3 2 0
2 7 74 87 0 0 0.981197
2 7 74 88 0 1 0
2 7 74 89 0 2 0
2 7 75 87 1 0 0
2 7 75 88 1 1 0.99915
2 7 75 89 1 2 0
2 7 76 87 2 0 0
2 7 76 88 2 1 0
2 7 76 89 2 2 0.983112
2 8 87 107 0 0 0.979173
2 8 87 108 0 1 0
2 8 87 109 0 2 0
2 8 88 107 1 0 0
2 8 88 108 1 1 0.966408
2 8 88 109 1 2 0
2 8 89 107 2 0 0
2 8 89 108 2 1 0
2 8 89 109 2 2 0.973305
2 9 107 120 0 0 0.992773
2 9 107 121 0 1 0
2 9 108 120 1 0 0
2 9 108 121 1 1 0.907521
2 9 109 120 2 0 0
2 9 109 121 2 1 0
2 10 87 103 0 0 0.982074
2 10 87 104 0 1 0
2 10 88 103 1 0 0
2 10 88 104 1 1 0
2 10 89 103 2 0 0
2 10 89 104 2 1 0.953103
2 11 74 90 0 0 0.961649
2 11 74 91 0 1 0
2 11 74 92 0 2 0
2 11 74 93 0 3 0
2 11 74 94 0 4 0
2 11 75 90 1 0 0
2 11 75 91 1 1 0.997542
2 11 75 92 1 2 0
2 11 75 93 1 3 0
2 11 75 94 1 4 0
2 11 76 90 2 0 0
2 11 76 91 2 1 0
2 11 76 92 2 2 0
2 11 76 93 2 3 0
2 11 76 94 2 4 0.985073
2 12 90 110 0 0 0.929145
2 12 90 111 0 1 0
2 12 90 112 0 2 0
2 12 90 113 0 3 0
2 12 91 110 1 0 0
2 12 91 111 1 1 0.994981
2 12 91 112 1 2 0
2 12 91 113 1 3 0
2 12 92 110 2 0 0
2 12 92 111 2 1 0
2 12 92 112 2 2 0.498259
2 12 92 113 2 3 0
2 12 93 110 3 0 0
2 12 93 111 3 1 0
2 12 93 112 3 2 0.501741
2 12 93 113 3 3 0
2 12 94 110 4 0 0
2 12 94 111 4 1 0
2 12 94 112 4 2 0
2 12 94 113 4 3 0.976609
2 13 110 122 0 0 0.967174
2 13 110 123 0 1 0
2 13 110 124 0 2 0
2 13 111 122 1 0 0
2 13 111 123 1 1 0
2 13 111 124 1 2 0.990401
2 13 112 122 2 0 0
2 13 112 123 2 1 0.952219
2 13 112 124 2 2 0
2 13 113 122 3 0 0
2 13 113 123 3 1 0
2 13 113 124 3 2 0
2 14 90 105 0 0 0
2 14 90 106 0 1 0
2 14 91 105 1 0 0.992775
2 14 91 106 1 1 0
2 14 92 105 2 0 0
2 14 92 106 2 1 0
2 14 93 105 3 0 0
2 14 93 106 3 1 0
2 14 94 105 4 0 0
2 14 94 106 4 1 0.93784
2 15 74 85 0 0 0.97304
2 15 74 86 0 1 0
2 15 75 85 1 0 0
2 15 75 86 1 1 0.992026
2 15 76 85 2 0 0
2 15 76 86 2 1 0
2 16 117 125 0 0 0
2 16 118 125 1 0 0
2 16 119 125 2 0 0.78906
3 0 129 126 0 0 0
3 0 129 127 0 1 0
3 0 129 128 0 2 0.970466
3 0 130 126 1 0 0
3 0 130 127 1 1 0.967075
3 0 130 128 1 2 0
3 0 131 126 2 0 0.986703
3 0 131 127 2 1 0
3 0 131 128 2 2 0
3 1 132 147 0 0 0.974226
3 1 132 148 0 1 0
3 1 132 149 0 2 0
3 1 132 150 0 3 0
3 1 133 147 1 0 0
3 1 133 148 1 1 0
3 1 133 149 1 2 0.991017
3 1 133 150 1 3 0
3 1 134 147 2 0 0
3 1 134 148 2 1 0.518959
3 1 134 149 2 2 0
3 1 134 150 2 3 0.481041
3 2 147 164 0 0 0
3 2 147 165 0 1 0.990109
3 2 147 166 0 2 0
3 2 147 167 0 3 0
3 2 148 164 1 0 0.499374
3 2 148 165 1 1 0
3 2 148 166 1 2 0
3 2 148 167 1 3 0.26674
3 2 149 164 2 0 0
3 2 149 165 2 1 0
3 2 149 166 2 2 0.98625
3 2 149 167 2 3 0
3 2 150 164 3 0 0
3 2 150 165 3 1 0
3 2 150 166 3 2 0
3 2 150 167 3 3 0.513152
3 3 126 132 0 0 0.946408
3 3 126 133 0 1 0
3 3 126 134 0 2 0
3 3 127 132 1 0 0
3 3 127 133 1 1 0.915286
3 3 127 134 1 2 0
3 3 128 132 2 0 0
3 3 128 133 2 1 0
3 3 128 134 2 2 0.882606
3 4 126 135 0 0 0.949282
3 4 126 136 0 1 0
3 4 126 137 0 2 0
3 4 127 135 1 0 0
3 4 127 136 1 1 0.910036
3 4 127 137 1 2 0
3 4 128 135 2 0 0
3 4 128 136 2 1 0
3 4 128 137 2 2 0.874733
3 5 135 151 0 0 0.985522
3 5 135 152 0 1 0
3 5 135 153 0 2 0
3 5 136 151 1 0 0
3 5 136 152 1 1 0.994744
3 5 136 153 1 2 0
3 5 137 151 2 0 0
3 5 137 152 2 1 0
3 5 137 153 2 2 0.969606
3 6 151 168 0 0 0.990118
3 6 151 169 0 1 0
3 6 151 170 0 2 0
3 6 152 168 1 0 0
3 6 152 169 1 1 0.988663
3 6 152 170 1 2 0
3 6 153 168 2 0 0
3 6 153 169 2 1 0
3 6 153 170 2 2 0.986427
3 7 129 141 0 0 0.942852
3 7 129 142 0 1 0
3 7 129 143 0 2 0
3 7 130 141 1 0 0
3 7 130 142 1 1 0.904985
3 7 130 143 1 2 0
3 7 131 141 2 0 0
3 7 131 142 2 1 0
3 7 131 143 2 2 0.999309
3 8 141 160 0 0 0
3 8 141 161 0 1 0
3 8 142 160 1 0 0
3 8 142 161 1 1 0.983703
3 8 143 160 2 0 0.990712
3 8 143 161 2 1 0
3 9 160 171 0 0 0.984888
3 9 160 172 0 1 0
3 9 161 171 1 0 0
3 9 161 172 1 1 0.993788
3 10 141 154 0 0 0.747299
3 10 141 155 0 1 0
3 10 141 156 0 2 0
3 10 142 154 1 0 0
3 10 142 155 1 1 0.976338
3 10 142 156 1 2 0
3 10 143 154 2 0 0
3 10 143 155 2 1 0
3 10 143 156 2 2 0.985243
3 11 129 144 0 0 0.961549
3 11 129 145 0 1 0
3 11 129 146 0 2 0
3 11 130 144 1 0 0
3 11 130 145 1 1 0.924658
3 11 130 146 1 2 0
3 11 131 144 2 0 0
3 11 131 145 2 1 0
3 11 131 146 2 2 0.998953
3 12 144 162 0 0 0
3 12 144 163 0 1 0.953429
3 12 145 162 1 0 0
3 12 145 163 1 1 0
3 12 146 162 2 0 0.984305
3 12 146 163 2 1 0
3 13 162 173 0 0 0
3 13 162 174 0 1 0.990406
3 13 163 173 1 0 0.926055
3 13 163 174 1 1 0
3 14 144 157 0 0 0.575192
3 14 144 158 0 1 0.424808
3 14 144 159 0 2 0
3 14 145 157 1 0 0
3 14 145 158 1 1 0
3 14 145 159 1 2 0
3 14 146 157 2 0 0
3 14 146 158 2 1 0
3 14 146 159 2 2 0.709515
3 15 129 138 0 0 0.759724
3 15 129 139 0 1 0
3 15 129 140 0 2 0
3 15 130 138 1 0 0
3 15 130 139 1 1 0.939443
3 15 130 140 1 2 0
3 15 131 138 2 0 0
3 15 131 139 2 1 0
3 15 131 140 2 2 0.978327
3 16 168 175 0 0 0.98438
3 16 168 176 0 1 0
3 16 169 175 1 0 0
3 16 169 176 1 1 0
3 16 170 175 2 0 0
3 16 170 176 2 1 0.929118
3 17 164 177 0 0 0
3 17 164 178 0 1 0
3 17 164 179 0 2 0
3 17 165 177 1 0 0
3 17 165 178 1 1 0.964631
3 17 165 179 1 2 0
3 17 166 177 2 0 0.982067
3 17 166 178 2 1 0
3 17 166 179 2 2 0
3 17 167 177 3 0 0
3 17 167 178 3 1 0
3 17 167 179 3 2 0.958542
4 0 183 180 0 0 0
4 0 183 181 0 1 0.965192
4 0 183 182 0 2 0
4 0 184 180 1 0 0.88449
4 0 184 181 1 1 0
4 0 184 182 1 2 0
4 0 185 180 2 0 0
4 0 185 181 2 1 0
4 0 185 182 2 2 0.98772
4 1 186 199 0 0 0.322547
4 1 186 200 0 1 0
4 1 186 201 0 2 0.272617
4 1 187 199 1 0 0
4 1 187 200 1 1 0.991452
4 1 187 201 1 2 0
4 1 188 199 2 0 0.263541
4 1 188 200 2 1 0
4 1 188 201 2 2 0.319575
4 2 199 215 0 0 0.329275
4 2 199 216 0 1 0
4 2 199 217 0 2 0.331125
4 2 199 218 0 3 0.189902
4 2 200 215 1 0 0
4 2 200 216 1 1 0.982312
4 2 200 217 1 2 0
4 2 200 218 1 3 0
4 2 201 215 2 0 0
4 2 201 216 2 1 0
4 2 201 217 2 2 0
4 2 201 218 2 3 0.542967
4 3 180 186 0 0 0.912382
4 3 180 187 0 1 0
4 3 180 188 0 2 0
4 3 181 186 1 0 0
4 3 181 187 1 1 0.965243
4 3 181 188 1 2 0
4 3 182 186 2 0 0
4 3 182 187 2 1 0
4 3 182 188 2 2 0.867823
4 4 180 189 0 0 0.915428
4 4 180 190 0 1 0
4 4 180 191 0 2 0
4 4 181 189 1 0 0
4 4 181 190 1 1 0.959168
4 4 181 191 1 2 0
4 4 182 189 2 0 0
4 4 182 190 2 1 0
4 4 182 191 2 2 0.870354
4 5 189 202 0 0 0.522961
4 5 189 203 0 1 0
4 5 189 204 0 2 0.477039
4 5 189 205 0 3 0
4 5 190 202 1 0 0
4 5 190 203 1 1 0.993594
4 5 190 204 1 2 0
4 5 190 205 1 3 0
4 5 191 202 2 0 0
4 5 191 203 2 1 0
4 5 191 204 2 2 0
4 5 191 205 2 3 0.958548
4 6 202 219 0 0 0.348396
4 6 202 220 0 1 0
4 6 202 221 0 2 0.189005
4 6 202 222 0 3 0.177135
4 6 203 219 1 0 0
4 6 203 220 1 1 0.994732
4 6 203 221 1 2 0
4 6 203 222 1 3 0
4 6 204 219 2 0 0
4 6 204 220 2 1 0
4 6 204 221 2 2 0.498453
4 6 204 222 2 3 0
4 6 205 219 3 0 0
4 6 205 220 3 1 0
4 6 205 221 3 2 0
4 6 205 222 3 3 0.52995
4 7 183 194 0 0 0.997002
4 7 183 195 0 1 0
4 7 184 194 1 0 0
4 7 184 195 1 1 0
4 7 185 194 2 0 0
4 7 185 195 2 1 0.950575
4 8 194 210 0 0 0.971123
4 8 194 211 0 1 0
4 8 195 210 1 0 0
4 8 195 211 1 1 0.981579
4 9 210 223 0 0 0.9214
4 9 210 224 0 1 0
4 9 211 223 1 0 0
4 9 211 224 1 1 0.992857
4 10 194 206 0 0 0
4 10 194 207 0 1 0
4 10 195 206 1 0 0.502745
4 10 195 207 1 1 0.497255
4 11 183 196 0 0 0.998214
4 11 183 197 0 1 0
4 11 183 198 0 2 0
4 11 184 196 1 0 0
4 11 184 197 1 1 0.939028
4 11 184 198 1 2 0
4 11 185 196 2 0 0
4 11 185 197 2 1 0
4 11 185 198 2 2 0.984485
4 12 196 212 0 0 0
4 12 196 213 0 1 0.999782
4 12 196 214 0 2 0
4 12 197 212 1 0 0.981433
4 12 197 213 1 1 0
4 12 197 214 1 2 0
4 12 198 212 2 0 0
4 12 198 213 2 1 0
4 12 198 214 2 2 0.963276
4 13 212 225 0 0 0.98088
4 13 212 226 0 1 0
4 13 212 227 0 2 0
4 13 213 225 1 0 0
4 13 213 226 1 1 0.972453
4 13 213 227 1 2 0
4 13 214 225 2 0 0
4 13 214 226 2 1 0
4 13 214 227 2 2 0.992789
4 14 196 208 0 0 0
4 14 196 209 0 1 0.990454
4 14 197 208 1 0 0
4 14 197 209 1 1 0
4 14 198 208 2 0 0.950411
4 14 198 209 2 1 0
4 15 183 192 0 0 0.989475
4 15 183 193 0 1 0
4 15 184 192 1 0 0
4 15 184 193 1 1 0.930392
4 15 185 192 2 0 0
4 15 185 193 2 1 0
4 16 219 228 0 0 0.868921
4 16 219 229 0 1 0
4 16 219 230 0 2 0
4 16 219 231 0 3 0
4 16 220 228 1 0 0
4 16 220 229 1 1 0.948935
4 16 220 230 1 2 0
4 16 220 231 1 3 0
4 16 221 228 2 0 0
4 16 221 229 2 1 0
4 16 221 230 2 2 0.748402
4 16 221 231 2 3 0
4 16 222 228 3 0 0
4 16 222 229 3 1 0
4 16 222 230 3 2 0
4 16 222 231 3 3 0.959021
4 17 215 232 0 0 0.710362
4 17 215 233 0 1 0
4 17 215 234 0 2 0
4 17 215 235 0 3 0
4 17 216 232 1 0 0
4 17 216 233 1 1 0.944588
4 17 216 234 1 2 0
4 17 216 235 1 3 0
4 17 217 232 2 0 0
4 17 217 233 2 1 0
4 17 217 234 2 2 0.873304
4 17 217 235 2 3 0
4 17 218 232 3 0 0
4 17 218 233 3 1 0
4 17 218 234 3 2 0
4 17 218 235 3 3 0.631701
E jointIdx viewA viewB aOverAllIdx bOverallIdx score
0 0 1 0 36 0.222089
0 0 1 0 37 -1
0 0 1 1 36 -1
0 0 1 1 37 0.388039
0 0 2 0 70 0.92974
0 0 2 0 71 -1
0 0 2 0 72 -1
0 0 2 0 73 -1
0 0 2 1 70 -1
0 0 2 1 71 0.991794
0 0 2 1 72 -1
0 0 2 1 73 -1
0 0 3 0 126 -1
0 0 3 0 127 0.975361
0 0 3 0 128 -1
0 0 3 1 126 0.920646
0 0 3 1 127 -1
0 0 3 1 128 -1
0 0 4 0 180 -1
0 0 4 0 181 -1
0 0 4 0 182 0.90224
0 0 4 1 180 -1
0 0 4 1 181 -1
0 0 4 1 182 -1
0 1 2 36 70 -1
0 1 2 36 71 -1
0 1 2 36 72 -1
0 1 2 36 73 0.822418
0 1 2 37 70 -1
0 1 2 37 71 0.199929
0 1 2 37 72 0.765993
0 1 2 37 73 -1
0 1 3 36 126 -1
0 1 3 36 127 -1
0 1 3 36 128 0.512721
0 1 3 37 126 0.152279
0 1 3 37 127 -1
0 1 3 37 128 0.278299
0 1 4 36 180 -1
0 1 4 36 181 0.973055
0 1 4 36 182 -1
0 1 4 37 180 0.0574558
0 1 4 37 181 -1
0 1 4 37 182 0.388866
0 2 3 70 126 -1
0 2 3 70 127 0.980615
0 2 3 70 128 -1
0 2 3 71 126 0.897703
0 2 3 71 127 -1
0 2 3 71 128 -1
0 2 3 72 126 -1
0 2 3 72 127 -1
0 2 3 72 128 0.887539
0 2 3 73 126 -1
0 2 3 73 127 -1
0 2 3 73 128 0.533716
0 2 4 70 180 0.525342
0 2 4 70 181 -1
0 2 4 70 182 0.602739
0 2 4 71 180 0.576849
0 2 4 71 181 -1
0 2 4 71 182 0.403572
0 2 4 72 180 -1
0 2 4 72 181 -1
0 2 4 72 182 0.722853
0 2 4 73 180 -1
0 2 4 73 181 0.596779
0 2 4 73 182 -0.729164
0 3 4 126 180 0.168069
0 3 4 126 181 0.334322
0 3 4 126 182 -1
0 3 4 127 180 -1
0 3 4 127 181 0.342142
0 3 4 127 182 0.96826
0 3 4 128 180 -1
0 3 4 128 181 0.323536
0 3 4 128 182 -1
1 0 1 2 38 0.155281
1 0 1 2 39 0.340375
1 0 1 3 38 -1
1 0 1 3 39 -1
1 0 2 2 74 -1
1 0 2 2 75 0.774871
1 0 2 2 76 -1
1 0 2 3 74 0.819119
1 0 2 3 75 -1
1 0 2 3 76 -1
1 0 3 2 129 -1
1 0 3 2 130 0.338678
1 0 3 2 131 0.521977
1 0 3 3 129 -1
1 0 3 3 130 0.661322
1 0 3 3 131 0.478023
1 0 4 2 183 0.222222
1 0 4 2 184 0.248822
1 0 4 2 185 0.19503
1 0 4 3 183 0.222509
1 0 4 3 184 0.197197
1 0 4 3 185 0.248385
1 1 2 38 74 -1
1 1 2 38 75 0.41573
1 1 2 38 76 -1
1 1 2 39 74 -1
1 1 2 39 75 -1
1 1 2 39 76 0.804071
1 1 3 38 129 0.489102
1 1 3 38 130 -1
1 1 3 38 131 -1
1 1 3 39 129 0.510898
1 1 3 39 130 -1
1 1 3 39 131 0.0568934
1 1 4 38 183 -1
1 1 4 38 184 0.493255
1 1 4 38 185 -1
1 1 4 39 183 0.808696
1 1 4 39 184 -1
1 1 4 39 185 -1
1 2 3 74 129 -1
1 2 3 74 130 0.742902
1 2 3 74 131 -1
1 2 3 75 129 -1
1 2 3 75 130 -1
1 2 3 75 131 0.950261
1 2 3 76 129 0.888528
1 2 3 76 130 -1
1 2 3 76 131 -1
1 2 4 74 183 -1
1 2 4 74 184 0.345417
1 2 4 74 185 0.856431
1 2 4 75 183 -1
1 2 4 75 184 0.860298
1 2 4 75 185 0.00910801
1 2 4 76 183 0.91146
1 2 4 76 184 -1
1 2 4 76 185 -1
1 3 4 129 183 0.130365
1 3 4 129 184 0.125937
1 3 4 129 185 0.133701
1 3 4 130 183 0.127477
1 3 4 130 184 0.129123
1 3 4 130 185 0.133609
1 3 4 131 183 0.132769
1 3 4 131 184 0.136157
1 3 4 131 185 0.120898
2 0 1 4 40 0.597755
2 0 1 4 41 -1
2 0 1 5 40 -1
2 0 1 5 41 0.19625
2 0 2 4 77 0.721151
2 0 2 4 78 -1
2 0 2 4 79 -1
2 0 2 4 80 -1
2 0 2 5 77 -1
2 0 2 5 78 0.962858
2 0 2 5 79 -1
2 0 2 5 80 -1
2 0 3 4 132 -1
2 0 3 4 133 0.949791
2 0 3 4 134 -1
2 0 3 5 132 0.922597
2 0 3 5 133 -1
2 0 3 5 134 -1
2 0 4 4 186 -1
2 0 4 4 187 -1
2 0 4 4 188 0.743578
2 0 4 5 186 -1
2 0 4 5 187 -1
2 0 4 5 188 0.256422
2 1 2 40 77 -1
2 1 2 40 78 -1
2 1 2 40 79 -1
2 1 2 40 80 0.677194
2 1 2 41 77 0.627344
2 1 2 41 78 0.757419
2 1 2 41 79 0.552837
2 1 2 41 80 -1
2 1 3 40 132 -1
2 1 3 40 133 -1
2 1 3 40 134 0.728083
2 1 3 41 132 0.106268
2 1 3 41 133 -1
2 1 3 41 134 0.104957
2 1 4 40 186 -1
2 1 4 40 187 0.890985
2 1 4 40 188 -1
2 1 4 41 186 -1
2 1 4 41 187 -1
2 1 4 41 188 0.372913
2 2 3 77 132 -1
2 2 3 77 133 0.806164
2 2 3 77 134 -1
2 2 3 78 132 0.946256
2 2 3 78 133 -1
2 2 3 78 134 -1
2 2 3 79 132 -1
2 2 3 79 133 -1
2 2 3 79 134 0.843692
2 2 3 80 132 -1
2 2 3 80 133 -1
2 2 3 80 134 0.751364
2 2 4 77 186 0.0454369
2 2 4 77 187 -1
2 2 4 77 188 0.676864
2 2 4 78 186 0.0665148
2 2 4 78 187 -1
2 2 4 78 188 0.265477
2 2 4 79 186 -1
2 2 4 79 187 -1
2 2 4 79 188 0.192954
2 2 4 80 186 -1
2 2 4 80 187 0.548659
2 2 4 80 188 -1
2 3 4 132 186 0.0988817
2 3 4 132 187 0.372774
2 3 4 132 188 -1
2 3 4 133 186 -1
2 3 4 133 187 0.306403
2 3 4 133 188 0.99255
2 3 4 134 186 -1
2 3 4 134 187 0.320823
2 3 4 134 188 -1
3 0 1 6 42 -1
3 0 1 6 43 -1
3 0 1 7 42 -1
3 0 1 7 43 0.532074
3 0 2 6 81 0.755238
3 0 2 6 82 -1
3 0 2 6 83 -1
3 0 2 6 84 -1
3 0 2 7 81 -1
3 0 2 7 82 0.946744
3 0 2 7 83 -1
3 0 2 7 84 -1
3 0 3 6 135 -1
3 0 3 6 136 0.946651
3 0 3 6 137 -1
3 0 3 7 135 0.914285
3 0 3 7 136 -1
3 0 3 7 137 -1
3 0 4 6 189 -1
3 0 4 6 190 -1
3 0 4 6 191 0.877448
3 0 4 7 189 -1
3 0 4 7 190 -1
3 0 4 7 191 -1
3 1 2 42 81 -1
3 1 2 42 82 -1
3 1 2 42 83 -1
3 1 2 42 84 0.923908
3 1 2 43 81 -1
3 1 2 43 82 -1
3 1 2 43 83 0.948422
3 1 2 43 84 -1
3 1 3 42 135 -1
3 1 3 42 136 -1
3 1 3 42 137 0.44288
3 1 3 43 135 0.0527181
3 1 3 43 136 -1
3 1 3 43 137 0.341248
3 1 4 42 189 -1
3 1 4 42 190 0.996793
3 1 4 42 191 -1
3 1 4 43 189 0.429431
3 1 4 43 190 -1
3 1 4 43 191 -1
3 2 3 81 135 -1
3 2 3 81 136 0.666086
3 2 3 81 137 -1
3 2 3 82 135 0.855672
3 2 3 82 136 -1
3 2 3 82 137 -1
3 2 3 83 135 -1
3 2 3 83 136 -1
3 2 3 83 137 0.801885
3 2 3 84 135 -1
3 2 3 84 136 -1
3 2 3 84 137 0.403954
3 2 4 81 189 0.879791
3 2 4 81 190 -1
3 2 4 81 191 0.962725
3 2 4 82 189 0.688713
3 2 4 82 190 -1
3 2 4 82 191 0.864184
3 2 4 83 189 0.429485
3 2 4 83 190 -1
3 2 4 83 191 -1
3 2 4 84 189 -1
3 2 4 84 190 0.710233
3 2 4 84 191 -1
3 3 4 135 189 0.353768
3 3 4 135 190 0.23906
3 3 4 135 191 -1
3 3 4 136 189 -1
3 3 4 136 190 0.405474
3 3 4 136 191 0.85159
3 3 4 137 189 -1
3 3 4 137 190 0.355466
3 3 4 137 191 -1
4 0 1 8 44 -1
4 0 1 8 45 -1
4 0 2 8 85 0.917585
4 0 2 8 86 -1
4 0 3 8 138 -1
4 0 3 8 139 0.898665
4 0 3 8 140 0.326163
4 0 4 8 192 -1
4 0 4 8 193 -1
4 1 2 44 85 -1
4 1 2 44 86 -1
4 1 2 45 85 -1
4 1 2 45 86 -1
4 1 3 44 138 0.371784
4 1 3 44 139 -1
4 1 3 44 140 -1
4 1 3 45 138 0.628216
4 1 3 45 139 -1
4 1 3 45 140 -1
4 1 4 44 192 -1
4 1 4 44 193 0.211287
4 1 4 45 192 0.974809
4 1 4 45 193 -1
4 2 3 85 138 -1
4 2 3 85 139 0.942371
4 2 3 85 140 -1
4 2 3 86 138 -1
4 2 3 86 139 -1
4 2 3 86 140 0.982545
4 2 4 85 192 -1
4 2 4 85 193 -1
4 2 4 86 192 -1
4 2 4 86 193 0.993049
4 3 4 138 192 0.310992
4 3 4 138 193 0.222885
4 3 4 139 192 0.365943
4 3 4 139 193 0.157224
4 3 4 140 192 0.144457
4 3 4 140 193 0.421876
5 0 1 9 46 0.26833
5 0 1 9 47 0.105128
5 0 1 10 46 -1
5 0 1 10 47 -1
5 0 2 9 87 -1
5 0 2 9 88 0.557079
5 0 2 9 89 -1
5 0 2 10 87 0.922287
5 0 2 10 88 -1
5 0 2 10 89 -1
5 0 3 9 141 -1
5 0 3 9 142 0.324193
5 0 3 9 143 0.467516
5 0 3 10 141 -1
5 0 3 10 142 0.675807
5 0 3 10 143 0.532484
5 0 4 9 194 0.371022
5 0 4 9 195 0.339599
5 0 4 10 194 0.332751
5 0 4 10 195 0.360782
5 1 2 46 87 -1
5 1 2 46 88 -1
5 1 2 46 89 0.961487
5 1 2 47 87 -1
5 1 2 47 88 -1
5 1 2 47 89 -1
5 1 3 46 141 0.525299
5 1 3 46 142 -1
5 1 3 46 143 0.0113801
5 1 3 47 141 0.474701
5 1 3 47 142 -1
5 1 3 47 143 -1
5 1 4 46 194 0.99288
5 1 4 46 195 -1
5 1 4 47 194 -1
5 1 4 47 195 0.491561
5 2 3 87 141 -1
5 2 3 87 142 0.994434
5 2 3 87 143 -1
5 2 3 88 141 -1
5 2 3 88 142 -1
5 2 3 88 143 0.961824
5 2 3 89 141 0.744007
5 2 3 89 142 -1
5 2 3 89 143 -1
5 2 4 87 194 -1
5 2 4 87 195 0.959792
5 2 4 88 194 -1
5 2 4 88 195 0.335976
5 2 4 89 194 0.82946
5 2 4 89 195 -1
5 3 4 141 194 0.206161
5 3 4 141 195 0.201466
5 3 4 142 194 0.195959
5 3 4 142 195 0.213494
5 3 4 143 194 0.212251
5 3 4 143 195 0.194286
6 0 1 11 48 0.212322
6 0 1 11 49 0.415948
6 0 1 12 48 -1
6 0 1 12 49 -1
6 0 2 11 90 -1
6 0 2 11 91 0.857564
6 0 2 11 92 -1
6 0 2 11 93 -1
6 0 2 11 94 -1
6 0 2 12 90 0.903372
6 0 2 12 91 -1
6 0 2 12 92 -1
6 0 2 12 93 -1
6 0 2 12 94 -1
6 0 3 11 144 -1
6 0 3 11 145 0.387417
6 0 3 11 146 0.577916
6 0 3 12 144 -1
6 0 3 12 145 0.612583
6 0 3 12 146 0.422084
6 0 4 11 196 0.230152
6 0 4 11 197 0.277832
6 0 4 11 198 0.203275
6 0 4 12 196 0.250029
6 0 4 12 197 0.210434
6 0 4 12 198 0.272348
6 1 2 48 90 0.340642
6 1 2 48 91 0.333787
6 1 2 48 92 0.397679
6 1 2 48 93 0.33907
6 1 2 48 94 -0.411179
6 1 2 49 90 -1
6 1 2 49 91 -1
6 1 2 49 92 -1
6 1 2 49 93 -1
6 1 2 49 94 0.769192
6 1 3 48 144 0.52841
6 1 3 48 145 -1
6 1 3 48 146 0.0324057
6 1 3 49 144 0.47159
6 1 3 49 145 -1
6 1 3 49 146 0.0996399
6 1 4 48 196 -1
6 1 4 48 197 0.867336
6 1 4 48 198 -1
6 1 4 49 196 0.645545
6 1 4 49 197 -1
6 1 4 49 198 -1
6 2 3 90 144 -1
6 2 3 90 145 0.472395
6 2 3 90 146 -1
6 2 3 91 144 -1
6 2 3 91 145 -1
6 2 3 91 146 0.984374
6 2 3 92 144 -1
6 2 3 92 145 -1
6 2 3 92 146 -1
6 2 3 93 144 -1
6 2 3 93 145 -1
6 2 3 93 146 -1
6 2 3 94 144 0.954397
6 2 3 94 145 -1
6 2 3 94 146 -1
6 2 4 90 196 -1
6 2 4 90 197 -1
6 2 4 90 198 0.763817
6 2 4 91 196 -1
6 2 4 91 197 0.164348
6 2 4 91 198 -1
6 2 4 92 196 -1
6 2 4 92 197 0.959181
6 2 4 92 198 -1
6 2 4 93 196 -1
6 2 4 93 197 0.933829
6 2 4 93 198 -1
6 2 4 94 196 0.925421
6 2 4 94 197 -1
6 2 4 94 198 -1
6 3 4 144 196 0.143658
6 3 4 144 197 0.133573
6 3 4 144 198 0.142993
6 3 4 145 196 0.136052
6 3 4 145 197 0.137283
6 3 4 145 198 0.147822
6 3 4 146 196 0.141114
6 3 4 146 197 0.150341
6 3 4 146 198 0.128353
7 0 1 13 50 0.849416
7 0 1 13 51 -1
7 0 1 14 50 -1
7 0 1 14 51 -1
7 0 2 13 95 0.288684
7 0 2 13 96 -1
7 0 2 13 97 -1
7 0 2 13 98 -1
7 0 2 14 95 -1
7 0 2 14 96 0.305546
7 0 2 14 97 -1
7 0 2 14 98 -1
7 0 3 13 147 -1
7 0 3 13 148 -1
7 0 3 13 149 0.867547
7 0 3 13 150 -1
7 0 3 14 147 0.722238
7 0 3 14 148 -1
7 0 3 14 149 -1
7 0 3 14 150 -1
7 0 4 13 199 -1
7 0 4 13 200 -1
7 0 4 13 201 0.818071
7 0 4 14 199 -1
7 0 4 14 200 -1
7 0 4 14 201 -1
7 1 2 50 95 -1
7 1 2 50 96 -1
7 1 2 50 97 -1
7 1 2 50 98 0.580984
7 1 2 51 95 -1
7 1 2 51 96 -1
7 1 2 51 97 0.753482
7 1 2 51 98 -1
7 1 3 50 147 -1
7 1 3 50 148 0.36872
7 1 3 50 149 -1
7 1 3 50 150 0.356147
7 1 3 51 147 -1
7 1 3 51 148 -1
7 1 3 51 149 -1
7 1 3 51 150 -1
7 1 4 50 199 -1
7 1 4 50 200 0.979096
7 1 4 50 201 -1
7 1 4 51 199 0.853025
7 1 4 51 200 -1
7 1 4 51 201 0.336649
7 2 3 95 147 -1
7 2 3 95 148 -1
7 2 3 95 149 0.42433
7 2 3 95 150 -1
7 2 3 96 147 0.603211
7 2 3 96 148 -1
7 2 3 96 149 -1
7 2 3 96 150 -1
7 2 3 97 147 -1
7 2 3 97 148 0.383389
7 2 3 97 149 -1
7 2 3 97 150 -1
7 2 3 98 147 -1
7 2 3 98 148 0.568882
7 2 3 98 149 -1
7 2 3 98 150 0.815955
7 2 4 95 199 0.456991
7 2 4 95 200 -1
7 2 4 95 201 0.0757565
7 2 4 96 199 0.478427
7 2 4 96 200 -1
7 2 4 96 201 -1
7 2 4 97 199 0.980153
7 2 4 97 200 -1
7 2 4 97 201 -1
7 2 4 98 199 -1
7 2 4 98 200 0.853656
7 2 4 98 201 -1
7 3 4 147 199 -1
7 3 4 147 200 0.434999
7 3 4 147 201 -1
7 3 4 148 199 0.278215
7 3 4 148 200 -1
7 3 4 148 201 -1
7 3 4 149 199 -1
7 3 4 149 200 0.533164
7 3 4 149 201 0.458818
7 3 4 150 199 -1
7 3 4 150 200 0.616076
7 3 4 150 201 -1
8 0 1 15 52 0.019307
8 0 1 15 53 -1
8 0 1 16 52 -1
8 0 1 16 53 -1
8 0 2 15 99 0.828482
8 0 2 15 100 -1
8 0 2 15 101 -1
8 0 2 15 102 -1
8 0 2 16 99 -1
8 0 2 16 100 0.844834
8 0 2 16 101 -1
8 0 2 16 102 -1
8 0 3 15 151 -1
8 0 3 15 152 0.896471
8 0 3 15 153 -1
8 0 3 16 151 0.671384
8 0 3 16 152 -1
8 0 3 16 153 -1
8 0 4 15 202 -1
8 0 4 15 203 -1
8 0 4 15 204 -1
8 0 4 15 205 0.810879
8 0 4 16 202 -1
8 0 4 16 203 -1
8 0 4 16 204 0.926735
8 0 4 16 205 -1
8 1 2 52 99 -1
8 1 2 52 100 -1
8 1 2 52 101 -1
8 1 2 52 102 0.956156
8 1 2 53 99 -1
8 1 2 53 100 -1
8 1 2 53 101 0.87288
8 1 2 53 102 -1
8 1 3 52 151 -1
8 1 3 52 152 -1
8 1 3 52 153 0.940266
8 1 3 53 151 -1
8 1 3 53 152 -1
8 1 3 53 153 -1
8 1 4 52 202 -1
8 1 4 52 203 0.980363
8 1 4 52 204 -1
8 1 4 52 205 -1
8 1 4 53 202 0.837844
8 1 4 53 203 -1
8 1 4 53 204 0.660811
8 1 4 53 205 -1
8 2 3 99 151 -1
8 2 3 99 152 0.717899
8 2 3 99 153 -1
8 2 3 100 151 0.805079
8 2 3 100 152 -1
8 2 3 100 153 -1
8 2 3 101 151 -1
8 2 3 101 152 -1
8 2 3 101 153 -1
8 2 3 102 151 -1
8 2 3 102 152 -1
8 2 3 102 153 0.999763
8 2 4 99 202 0.245591
8 2 4 99 203 -1
8 2 4 99 204 0.796039
8 2 4 99 205 0.906992
8 2 4 100 202 0.956224
8 2 4 100 203 -1
8 2 4 100 204 0.157513
8 2 4 100 205 -1
8 2 4 101 202 0.715567
8 2 4 101 203 -1
8 2 4 101 204 0.342176
8 2 4 101 205 -1
8 2 4 102 202 -1
8 2 4 102 203 0.9027
8 2 4 102 204 -1
8 2 4 102 205 -1
8 3 4 151 202 -1
8 3 4 151 203 -1
8 3 4 151 204 0.620614
8 3 4 151 205 -1
8 3 4 152 202 -1
8 3 4 152 203 0.636961
8 3 4 152 204 -1
8 3 4 152 205 0.859256
8 3 4 153 202 -1
8 3 4 153 203 0.885056
8 3 4 153 204 -1
8 3 4 153 205 -1
9 0 1 17 54 -1
9 0 1 17 55 0.522086
9 0 2 17 103 -1
9 0 2 17 104 -1
9 0 3 17 154 -1
9 0 3 17 155 -1
9 0 3 17 156 0.878244
9 0 4 17 206 -1
9 0 4 17 207 0.838737
9 1 2 54 103 -1
9 1 2 54 104 -1
9 1 2 55 103 -1
9 1 2 55 104 0.677662
9 1 3 54 154 0.116365
9 1 3 54 155 -1
9 1 3 54 156 -1
9 1 3 55 154 0.878255
9 1 3 55 155 -1
9 1 3 55 156 -1
9 1 4 54 206 -1
9 1 4 54 207 0.870305
9 1 4 55 206 -1
9 1 4 55 207 -1
9 2 3 103 154 -1
9 2 3 103 155 0.926361
9 2 3 103 156 -1
9 2 3 104 154 0.878907
9 2 3 104 155 -1
9 2 3 104 156 -1
9 2 4 103 206 0.893146
9 2 4 103 207 -1
9 2 4 104 206 -1
9 2 4 104 207 -1
9 3 4 154 206 0.387007
9 3 4 154 207 0.102062
9 3 4 155 206 0.299887
9 3 4 155 207 0.218098
9 3 4 156 206 0.111302
9 3 4 156 207 0.469274
10 0 1 18 56 -1
10 0 1 19 56 -1
10 0 2 18 105 0.935834
10 0 2 18 106 -1
10 0 2 19 105 -1
10 0 2 19 106 -1
10 0 3 18 157 -1
10 0 3 18 158 -1
10 0 3 18 159 0.981205
10 0 3 19 157 -1
10 0 3 19 158 -1
10 0 3 19 159 -1
10 0 4 18 208 -1
10 0 4 18 209 0.0443886
10 0 4 19 208 0.798168
10 0 4 19 209 -1
10 1 2 56 105 -1
10 1 2 56 106 -1
10 1 3 56 157 0.87819
10 1 3 56 158 0.947929
10 1 3 56 159 -1
10 1 4 56 208 -1
10 1 4 56 209 -1
10 2 3 105 157 -1
10 2 3 105 158 -1
10 2 3 105 159 0.982591
10 2 3 106 157 0.971562
10 2 3 106 158 -1
10 2 3 106 159 -1
10 2 4 105 208 -1
10 2 4 105 209 -1
10 2 4 106 208 -1
10 2 4 106 209 0.968241
10 3 4 157 208 0.311682
10 3 4 157 209 0.264525
10 3 4 158 208 0.131337
10 3 4 158 209 0.233145
10 3 4 159 208 0.293117
10 3 4 159 209 0.277789
11 0 1 20 57 0.392011
11 0 1 20 58 0.370257
11 0 1 21 57 0.261001
11 0 1 21 58 0.45004
11 0 2 20 107 0.976104
11 0 2 20 108 -1
11 0 2 20 109 -1
11 0 2 21 107 -1
11 0 2 21 108 0.702026
11 0 2 21 109 -1
11 0 3 20 160 0.254656
11 0 3 20 161 0.468877
11 0 3 21 160 0.472097
11 0 3 21 161 0.21312
11 0 4 20 210 -1
11 0 4 20 211 0.528788
11 0 4 21 210 -1
11 0 4 21 211 0.471212
11 1 2 57 107 -1
11 1 2 57 108 -1
11 1 2 57 109 0.854472
11 1 2 58 107 -1
11 1 2 58 108 -1
11 1 2 58 109 -1
11 1 3 57 160 0.183122
11 1 3 57 161 0.226349
11 1 3 58 160 0.452946
11 1 3 58 161 0.428978
11 1 4 57 210 0.706649
11 1 4 57 211 -1
11 1 4 58 210 -1
11 1 4 58 211 -1
11 2 3 107 160 -1
11 2 3 107 161 0.919055
11 2 3 108 160 0.730989
11 2 3 108 161 -1
11 2 3 109 160 -1
11 2 3 109 161 -1
11 2 4 107 210 -1
11 2 4 107 211 0.912875
11 2 4 108 210 -1
11 2 4 108 211 0.443319
11 2 4 109 210 0.731606
11 2 4 109 211 -1
11 3 4 160 210 0.407609
11 3 4 160 211 0.229185
11 3 4 161 210 0.245482
11 3 4 161 211 0.404012
12 0 1 22 59 0.0980794
12 0 1 23 59 0.200137
12 0 2 22 110 0.564681
12 0 2 22 111 -1
12 0 2 22 112 -1
12 0 2 22 113 -1
12 0 2 23 110 -1
12 0 2 23 111 0.858023
12 0 2 23 112 -1
12 0 2 23 113 -1
12 0 3 22 162 -1
12 0 3 22 163 -1
12 0 3 23 162 0.767827
12 0 3 23 163 -1
12 0 4 22 212 -1
12 0 4 22 213 -1
12 0 4 22 214 0.972927
12 0 4 23 212 -1
12 0 4 23 213 -1
12 0 4 23 214 -1
12 1 2 59 110 0.264921
12 1 2 59 111 0.224657
12 1 2 59 112 0.501916
12 1 2 59 113 -1
12 1 3 59 162 0.497983
12 1 3 59 163 0.352945
12 1 4 59 212 0.466726
12 1 4 59 213 -1
12 1 4 59 214 0.796181
12 2 3 110 162 -1
12 2 3 110 163 -1
12 2 3 111 162 0.870302
12 2 3 111 163 -1
12 2 3 112 162 -1
12 2 3 112 163 0.389137
12 2 3 113 162 -1
12 2 3 113 163 0.682572
12 2 4 110 212 0.420067
12 2 4 110 213 -1
12 2 4 110 214 0.629689
12 2 4 111 212 0.634938
12 2 4 111 213 -1
12 2 4 111 214 -1
12 2 4 112 212 0.898804
12 2 4 112 213 -1
12 2 4 112 214 -1
12 2 4 113 212 -0.953808
12 2 4 113 213 0.792351
12 2 4 113 214 -1
12 3 4 162 212 -1
12 3 4 162 213 0.524602
12 3 4 162 214 0.499175
12 3 4 163 212 -1
12 3 4 163 213 0.475398
12 3 4 163 214 0.300377
13 0 1 24 60 0.056873
13 0 1 24 61 -1
13 0 1 25 60 -1
13 0 1 25 61 -1
13 0 2 24 114 0.660379
13 0 2 24 115 -1
13 0 2 24 116 -1
13 0 2 25 114 -1
13 0 2 25 115 0.888366
13 0 2 25 116 -1
13 0 3 24 164 -1
13 0 3 24 165 -1
13 0 3 24 166 0.93743
13 0 3 24 167 -1
13 0 3 25 164 -1
13 0 3 25 165 0.989099
13 0 3 25 166 -1
13 0 3 25 167 -1
13 0 4 24 215 -1
13 0 4 24 216 -1
13 0 4 24 217 -1
13 0 4 24 218 0.758175
13 0 4 25 215 -1
13 0 4 25 216 -1
13 0 4 25 217 0.978384
13 0 4 25 218 -1
13 1 2 60 114 -1
13 1 2 60 115 -1
13 1 2 60 116 -1
13 1 2 61 114 -1
13 1 2 61 115 -1
13 1 2 61 116 0.698797
13 1 3 60 164 -1
13 1 3 60 165 -1
13 1 3 60 166 -1
13 1 3 60 167 0.895821
13 1 3 61 164 0.776855
13 1 3 61 165 -1
13 1 3 61 166 -1
13 1 3 61 167 -1
13 1 4 60 215 -1
13 1 4 60 216 0.946347
13 1 4 60 217 -1
13 1 4 60 218 -1
13 1 4 61 215 0.0283632
13 1 4 61 216 -1
13 1 4 61 217 0.757345
13 1 4 61 218 0.446303
13 2 3 114 164 -1
13 2 3 114 165 -1
13 2 3 114 166 0.604859
13 2 3 114 167 -1
13 2 3 115 164 -1
13 2 3 115 165 0.992725
13 2 3 115 166 -1
13 2 3 115 167 -1
13 2 3 116 164 0.998813
13 2 3 116 165 -1
13 2 3 116 166 -1
13 2 3 116 167 -1
13 2 4 114 215 0.0383231
13 2 4 114 216 -1
13 2 4 114 217 0.758465
13 2 4 114 218 0.898343
13 2 4 115 215 0.356003
13 2 4 115 216 -1
13 2 4 115 217 0.642358
13 2 4 115 218 0.14475
13 2 4 116 215 0.605674
13 2 4 116 216 -1
13 2 4 116 217 -1
13 2 4 116 218 -1
13 3 4 164 215 0.886245
13 3 4 164 216 -1
13 3 4 164 217 -1
13 3 4 164 218 -1
13 3 4 165 215 -1
13 3 4 165 216 0.332081
13 3 4 165 217 0.946049
13 3 4 165 218 -1
13 3 4 166 215 -1
13 3 4 166 216 0.312416
13 3 4 166 217 -1
13 3 4 166 218 0.875449
13 3 4 167 215 -1
13 3 4 167 216 0.907448
13 3 4 167 217 -1
13 3 4 167 218 -1
14 0 1 26 62 0.232469
14 0 1 26 63 -1
14 0 1 27 62 -1
14 0 1 27 63 -1
14 0 2 26 117 0.839482
14 0 2 26 118 -1
14 0 2 26 119 -1
14 0 2 27 117 -1
14 0 2 27 118 0.459183
14 0 2 27 119 -1
14 0 3 26 168 -1
14 0 3 26 169 0.695284
14 0 3 26 170 -1
14 0 3 27 168 0.881597
14 0 3 27 169 -1
14 0 3 27 170 -1
14 0 4 26 219 -1
14 0 4 26 220 -1
14 0 4 26 221 -1
14 0 4 26 222 0.866467
14 0 4 27 219 -1
14 0 4 27 220 -1
14 0 4 27 221 0.651094
14 0 4 27 222 -1
14 1 2 62 117 -1
14 1 2 62 118 -1
14 1 2 62 119 -1
14 1 2 63 117 -1
14 1 2 63 118 -1
14 1 2 63 119 0.653796
14 1 3 62 168 -1
14 1 3 62 169 -1
14 1 3 62 170 0.71394
14 1 3 63 168 -1
14 1 3 63 169 -1
14 1 3 63 170 -1
14 1 4 62 219 -1
14 1 4 62 220 0.862828
14 1 4 62 221 -1
14 1 4 62 222 -1
14 1 4 63 219 0.724282
14 1 4 63 220 -1
14 1 4 63 221 -1
14 1 4 63 222 -1
14 2 3 117 168 -1
14 2 3 117 169 0.538461
14 2 3 117 170 -1
14 2 3 118 168 0.570459
14 2 3 118 169 -1
14 2 3 118 170 -1
14 2 3 119 168 -1
14 2 3 119 169 -1
14 2 3 119 170 -1
14 2 4 117 219 -1
14 2 4 117 220 -1
14 2 4 117 221 0.180692
14 2 4 117 222 0.94229
14 2 4 118 219 0.922484
14 2 4 118 220 -1
14 2 4 118 221 0.291387
14 2 4 118 222 -1
14 2 4 119 219 0.937884
14 2 4 119 220 -1
14 2 4 119 221 0.143801
14 2 4 119 222 -1
14 3 4 168 219 -1
14 3 4 168 220 -1
14 3 4 168 221 0.355667
14 3 4 168 222 -1
14 3 4 169 219 -1
14 3 4 169 220 0.55315
14 3 4 169 221 -1
14 3 4 169 222 0.684627
14 3 4 170 219 -1
14 3 4 170 220 0.964389
14 3 4 170 221 -1
14 3 4 170 222 -1
15 0 1 28 64 -1
15 0 1 28 65 0.14162
15 0 1 29 64 -1
15 0 1 29 65 -1
15 0 2 28 120 -1
15 0 2 28 121 0.821933
15 0 2 29 120 0.994531
15 0 2 29 121 -1
15 0 3 28 171 0.649446
15 0 3 28 172 0.212874
15 0 3 29 171 0.224832
15 0 3 29 172 0.634044
15 0 4 28 223 -1
15 0 4 28 224 0.0460373
15 0 4 29 223 -1
15 0 4 29 224 0.788787
15 1 2 64 120 -1
15 1 2 64 121 -1
15 1 2 65 120 -1
15 1 2 65 121 -1
15 1 3 64 171 -1
15 1 3 64 172 -1
15 1 3 65 171 0.291982
15 1 3 65 172 0.506676
15 1 4 64 223 -1
15 1 4 64 224 -1
15 1 4 65 223 0.59254
15 1 4 65 224 -1
15 2 3 120 171 -1
15 2 3 120 172 0.903994
15 2 3 121 171 0.962223
15 2 3 121 172 -1
15 2 4 120 223 -1
15 2 4 120 224 0.994911
15 2 4 121 223 -1
15 2 4 121 224 -1
15 3 4 171 223 0.69546
15 3 4 171 224 -1
15 3 4 172 223 -1
15 3 4 172 224 0.984244
16 0 1 30 66 0.181724
16 0 1 31 66 0.0222643
16 0 2 30 122 0.892568
16 0 2 30 123 -1
16 0 2 30 124 -1
16 0 2 31 122 -1
16 0 2 31 123 0.877098
16 0 2 31 124 0.752572
16 0 3 30 173 -1
16 0 3 30 174 -1
16 0 3 31 173 -1
16 0 3 31 174 0.841744
16 0 4 30 225 -1
16 0 4 30 226 -1
16 0 4 30 227 0.976644
16 0 4 31 225 -1
16 0 4 31 226 -1
16 0 4 31 227 -1
16 1 2 66 122 -1
16 1 2 66 123 -1
16 1 2 66 124 0.21607
16 1 3 66 173 0.369133
16 1 3 66 174 0.630867
16 1 4 66 225 -1
16 1 4 66 226 -1
16 1 4 66 227 -1
16 2 3 122 173 -1
16 2 3 122 174 -1
16 2 3 123 173 -1
16 2 3 123 174 0.730694
16 2 3 124 173 -1
16 2 3 124 174 0.913302
16 2 4 122 225 -1
16 2 4 122 226 -1
16 2 4 122 227 0.940537
16 2 4 123 225 0.674577
16 2 4 123 226 -1
16 2 4 123 227 -1
16 2 4 124 225 -1
16 2 4 124 226 -1
16 2 4 124 227 0.0670699
16 3 4 173 225 -1
16 3 4 173 226 0.522958
16 3 4 173 227 -1
16 3 4 174 225 -1
16 3 4 174 226 0.477042
16 3 4 174 227 -1
17 0 1 32 67 0.567669
17 0 1 32 68 -1
17 0 1 33 67 -1
17 0 1 33 68 -1
17 0 2 32 125 -1
17 0 2 33 125 -1
17 0 3 32 175 -1
17 0 3 32 176 -1
17 0 3 33 175 0.67665
17 0 3 33 176 -1
17 0 4 32 228 -1
17 0 4 32 229 -1
17 0 4 32 230 -1
17 0 4 32 231 0.900023
17 0 4 33 228 -1
17 0 4 33 229 -1
17 0 4 33 230 0.834831
17 0 4 33 231 -1
17 1 2 67 125 -1
17 1 2 68 125 0.91625
17 1 3 67 175 -1
17 1 3 67 176 0.735445
17 1 3 68 175 -1
17 1 3 68 176 -1
17 1 4 67 228 -1
17 1 4 67 229 0.931409
17 1 4 67 230 -1
17 1 4 67 231 -1
17 1 4 68 228 0.791592
17 1 4 68 229 -1
17 1 4 68 230 0.766853
17 1 4 68 231 -1
17 2 3 125 175 -1
17 2 3 125 176 -1
17 2 4 125 228 0.920262
17 2 4 125 229 -1
17 2 4 125 230 -1
17 2 4 125 231 -1
17 3 4 175 228 -1
17 3 4 175 229 -1
17 3 4 175 230 0.394602
17 3 4 175 231 -1
17 3 4 176 228 -1
17 3 4 176 229 0.995355
17 3 4 176 230 -1
17 3 4 176 231 0.242265
18 0 1 34 69 0.621174
18 0 1 35 69 0.378826
18 0 3 34 177 0.932819
18 0 3 34 178 -1
18 0 3 34 179 -1
18 0 3 35 177 -1
18 0 3 35 178 0.739265
18 0 3 35 179 -1
18 0 4 34 232 -1
18 0 4 34 233 -1
18 0 4 34 234 -1
18 0 4 34 235 0.238105
18 0 4 35 232 -1
18 0 4 35 233 -1
18 0 4 35 234 0.95364
18 0 4 35 235 -1
18 1 3 69 177 -1
18 1 3 69 178 -1
18 1 3 69 179 0.84433
18 1 4 69 232 -1
18 1 4 69 233 0.778907
18 1 4 69 234 -1
18 1 4 69 235 -1
18 3 4 177 232 -1
18 3 4 177 233 0.316325
18 3 4 177 234 0.156254
18 3 4 177 235 0.690796
18 3 4 178 232 -1
18 3 4 178 233 0.27783
18 3 4 178 234 0.540703
18 3 4 178 235 -1
18 3 4 179 232 -1
18 3 4 179 233 0.405844
18 3 4 179 234 0.303043
18 3 4 179 235 -1
end of Frame 211
