J OverallIdx viewIdx joint种类0-18(jointIdx) 该joint在图中的顺序(candidix) x y score
0 0 0 0 569.349 396.493 0.721119
1 0 0 1 325.182 434.397 0.595158
2 0 1 0 325.375 208.751 0.899905
3 0 1 1 583.323 212.937 0.77911
4 0 2 0 552.455 396.434 0.67207
5 0 2 1 370.3 438.617 0.576061
6 0 3 0 580.521 398.561 0.692642
7 0 3 1 277.579 432.268 0.574723
8 0 4 0 524.306 149.684 0.866964
9 0 5 0 406.567 210.788 0.812723
10 0 5 1 563.628 210.946 0.704668
11 0 6 0 255.111 204.54 0.788751
12 0 6 1 605.76 213.022 0.786396
13 0 6 2 30.7264 223.528 0.736122
14 0 7 0 552.55 522.96 0.561589
15 0 7 1 347.727 628.348 0.741673
16 0 8 0 33.7108 478.606 0.706987
17 0 8 1 574.879 533.522 0.700018
18 0 8 2 258.005 605.214 0.698114
19 0 9 0 375.859 122.293 0.852507
20 0 10 0 302.849 124.409 0.916332
21 0 10 1 572.063 145.585 0.911875
22 0 11 0 572.099 310.014 0.228723
23 0 11 1 437.596 345.839 0.898001
24 0 12 0 658.993 295.24 0.901887
25 0 12 1 215.899 339.517 0.864029
26 0 13 0 597.329 636.872 0.654085
27 0 13 1 328.211 765.471 0.386637
28 0 14 0 36.4492 567.309 0.802846
29 0 14 1 583.3 664.164 0.661978
30 0 14 2 235.452 765.484 0.447777
31 0 15 0 521.573 328.986 0.335763
32 0 15 1 415.042 425.934 0.686219
33 0 16 0 594.442 345.822 0.906106
34 0 16 1 33.6921 394.313 0.817019
35 0 16 2 257.991 411.24 0.692102
36 0 17 0 42.0389 598.787 0.773512
37 0 17 1 516.029 685.374 0.618684
38 1 0 0 594.65 381.702 0.720368
39 1 0 1 145.667 409.08 0.744879
40 1 0 2 678.642 398.555 0.652015
41 1 1 0 129.025 242.558 0.888249
42 1 1 1 684.156 231.969 0.864531
43 1 1 2 614.127 242.516 0.845446
44 1 2 0 572.222 381.641 0.789716
45 1 2 1 706.589 398.567 0.691651
46 1 2 2 103.77 411.126 0.729526
47 1 3 0 36.4496 373.268 0.678779
48 1 3 1 636.546 392.203 0.710581
49 1 3 2 182.235 404.882 0.680115
50 1 4 0 55.9761 174.945 0.882931
51 1 4 1 120.463 183.454 0.815699
52 1 4 2 600.147 196.192 0.882242
53 1 5 0 75.7874 242.435 0.852197
54 1 5 1 574.97 240.406 0.883542
55 1 5 2 723.443 240.333 0.807421
56 1 6 0 22.379 221.426 0.607867
57 1 6 1 642.201 231.981 0.936865
58 1 6 2 190.567 244.511 0.888872
59 1 7 0 571.999 478.702 0.808909
60 1 7 1 687.095 531.42 0.821171
61 1 7 2 123.411 539.803 0.809962
62 1 8 0 67.3036 485.05 0.784804
63 1 8 1 611.365 520.829 0.679036
64 1 8 2 190.694 533.575 0.838765
65 1 10 0 165.412 174.916 0.872399
66 1 10 1 642.248 179.196 0.919637
67 1 11 0 544.022 280.401 0.905143
68 1 11 1 751.437 328.979 0.967483
69 1 11 2 55.9286 328.852 0.908618
70 1 12 0 30.8435 301.544 0.160583
71 1 12 1 213.005 328.895 0.895902
72 1 12 2 639.31 328.911 0.946968
73 1 13 0 586.05 565.065 0.751283
74 1 13 1 129.012 649.5 0.800206
75 1 13 2 681.493 651.562 0.815249
76 1 14 0 42.0522 605.219 0.768929
77 1 14 1 608.571 660 0.763601
78 1 14 2 213.049 666.365 0.813073
79 1 15 0 552.433 326.835 0.911533
80 1 15 1 706.668 379.588 0.753449
81 1 15 2 75.6279 392.206 0.854044
82 1 16 0 616.886 394.295 0.816166
83 1 16 1 235.602 402.758 0.894281
84 1 17 0 86.9121 630.473 0.701254
85 1 17 1 549.602 662.149 0.813228
86 1 17 2 216.025 693.714 0.703221
87 1 18 0 546.921 581.992 0.86503
88 1 18 1 33.548 645.231 0.377403
89 1 18 2 644.98 647.36 0.422231
90 1 18 3 165.378 681.032 0.766167
91 2 0 0 440.208 259.394 0.806073
92 2 0 1 712.312 369.057 0.6015
93 2 1 0 459.926 109.708 0.942765
94 2 1 1 748.716 225.56 0.767797
95 2 1 2 412.125 560.881 0.550855
96 2 2 0 412.234 257.263 0.756311
97 2 2 1 709.472 364.801 0.536625
98 2 3 0 473.896 261.446 0.73361
99 2 3 1 715.077 377.443 0.70016
100 2 4 0 490.759 78.0904 0.875163
101 2 4 1 687.042 164.521 0.875665
102 2 4 2 524.301 539.813 0.839707
103 2 5 0 412.128 107.45 0.821707
104 2 5 1 731.968 210.917 0.648053
105 2 5 2 386.928 603.081 0.618245
106 2 6 0 507.694 113.87 0.860595
107 2 6 1 754.405 236.2 0.808547
108 2 6 2 423.441 485.014 0.325709
109 2 6 3 434.685 529.275 0.173552
110 2 7 0 395.511 362.609 0.837064
111 2 7 1 698.245 478.643 0.486987
112 2 8 0 457.059 362.733 0.867243
113 2 8 1 687.116 482.887 0.688809
114 2 9 0 459.965 56.9894 0.89725
115 2 9 1 440.239 495.483 0.86253
116 2 10 0 734.809 162.31 0.905072
117 2 11 0 342.149 143.404 0.913586
118 2 11 1 347.862 733.862 0.857501
119 2 12 0 527.213 160.368 0.936558
120 2 12 1 768.293 341.632 0.845399
121 2 12 2 459.861 698.013 0.261047
122 2 13 0 401.023 434.382 0.719451
123 2 13 1 684.37 550.347 0.745831
124 2 14 0 440.225 444.947 0.702727
125 2 14 1 681.475 594.631 0.792497
126 2 15 0 372.991 210.835 0.949679
127 2 16 0 507.662 210.955 0.893789
128 2 16 1 706.581 381.638 0.907312
129 2 16 2 50.4408 529.22 0.173044
130 2 16 3 103.75 765.441 0.156772
131 2 16 4 490.782 765.468 0.169129
132 2 17 0 630.986 615.754 0.767208
133 2 18 0 389.742 459.706 0.415914
134 2 18 1 639.398 552.454 0.839123
135 3 0 0 580.545 345.765 0.753426
136 3 0 1 286.057 354.284 0.696158
137 3 0 2 860.82 558.789 0.409176
138 3 1 0 283.179 181.361 0.851326
139 3 1 1 883.256 179.251 0.753597
140 3 1 2 588.845 193.988 0.895444
141 3 2 0 558.091 345.752 0.72134
142 3 2 1 263.572 356.379 0.676663
143 3 2 2 931.095 550.387 0.387673
144 3 3 0 605.722 345.783 0.732124
145 3 3 1 311.247 354.253 0.656549
146 3 3 2 782.384 554.592 0.369406
147 3 4 0 342.18 130.738 0.873287
148 3 4 1 998.333 132.825 0.267819
149 3 4 2 552.546 143.488 0.930355
150 3 5 0 252.361 177.21 0.838727
151 3 5 1 1001.1 189.771 0.648564
152 3 5 2 549.511 194.034 0.906599
153 3 6 0 762.807 177.066 0.717392
154 3 6 1 319.683 187.693 0.735694
155 3 6 2 622.578 193.943 0.875803
156 3 7 0 580.499 453.38 0.77108
157 3 7 1 266.422 497.581 0.757427
158 3 7 2 903.04 765.398 0.240261
159 3 8 0 617.011 459.641 0.81814
160 3 8 1 303.009 493.406 0.801753
161 3 8 2 751.57 729.578 0.555211
162 3 9 0 919.797 48.5119 0.424743
163 3 9 1 967.446 111.826 0.75197
164 3 9 2 291.664 122.239 0.835867
165 3 10 0 799.22 42.1314 0.790699
166 3 10 1 594.528 132.883 0.880375
167 3 11 0 182.257 240.395 0.831198
168 3 11 1 546.763 265.675 0.79612
169 3 11 2 1029.21 364.819 0.154119
170 3 12 0 658.975 274.138 0.870095
171 3 12 1 740.304 373.235 0.621074
172 3 13 0 597.456 550.343 0.854748
173 3 13 1 258 617.872 0.677867
174 3 14 0 642.169 565.034 0.776289
175 3 14 1 302.808 601.062 0.848736
176 3 15 0 235.61 305.734 0.885309
177 3 15 1 538.42 326.772 0.809866
178 3 15 2 1029.2 449.216 0.150943
179 3 16 0 616.941 335.308 0.837481
180 3 16 1 689.957 615.823 0.754712
181 3 17 0 633.766 600.958 0.455357
182 3 17 1 361.794 617.861 0.801866
183 3 18 0 569.164 581.901 0.859915
184 3 18 1 263.609 657.933 0.442829
185 4 0 0 1029.21 293.147 0.165768
186 4 0 1 563.682 335.305 0.595833
187 4 1 0 549.658 113.856 0.874802
188 4 2 0 597.334 339.495 0.567056
189 4 3 0 1029.21 295.183 0.491116
190 4 3 1 527.266 335.28 0.61592
191 4 5 0 597.36 105.466 0.850629
192 4 6 0 501.879 126.486 0.812695
193 4 6 1 1029.21 137.025 0.39613
194 4 7 0 617.058 514.524 0.783621
195 4 8 0 978.773 385.922 0.801487
196 4 8 1 549.766 501.906 0.739794
197 4 9 0 580.511 37.8898 0.831259
198 4 10 0 1029.2 90.6523 0.314832
199 4 11 0 661.77 177.224 0.922087
200 4 12 0 1029.2 213.043 0.831455
201 4 12 1 443.081 225.563 0.855133
202 4 13 0 1029.21 503.962 0.33917
203 4 13 1 575.023 653.727 0.731692
204 4 14 0 950.542 476.502 0.817072
205 4 14 1 566.449 632.599 0.634593
206 4 15 0 642.19 261.403 0.892637
207 4 16 0 527.159 274.075 0.777152
208 4 16 1 992.66 291.017 0.8028
209 4 17 0 914.307 453.401 0.777465
210 4 18 0 1001.23 512.315 0.310313
211 4 18 1 653.365 679.018 0.756431
P viewIdx, pafIdx, aOverAllIdx, bOverAllIdx, CandidAIdx, CandidBIdx, score
0 0 2 0 0 0 0
0 0 2 1 0 1 0.993015
0 0 3 0 1 0 0.960888
0 0 3 1 1 1 0
0 1 4 14 0 0 0.939525
0 1 4 15 0 1 0
0 1 5 14 1 0 0
0 1 5 15 1 1 0.955048
0 2 14 26 0 0 0.961335
0 2 14 27 0 1 0
0 2 15 26 1 0 0
0 2 15 27 1 1 0.96569
0 3 0 4 0 0 0.92548
0 3 0 5 0 1 0
0 3 1 4 1 0 0
0 3 1 5 1 1 0.880704
0 4 0 6 0 0 0.919896
0 4 0 7 0 1 0
0 4 1 6 1 0 0
0 4 1 7 1 1 0.876617
0 5 6 16 0 0 0
0 5 6 17 0 1 0.970987
0 5 6 18 0 2 0
0 5 7 16 1 0 0
0 5 7 17 1 1 0
0 5 7 18 1 2 0.966593
0 6 16 28 0 0 0.991818
0 6 16 29 0 1 0
0 6 16 30 0 2 0
0 6 17 28 1 0 0
0 6 17 29 1 1 0.962926
0 6 17 30 1 2 0
0 6 18 28 2 0 0
0 6 18 29 2 1 0
0 6 18 30 2 2 0.968991
0 7 2 9 0 0 0.995632
0 7 2 10 0 1 0
0 7 3 9 1 0 0
0 7 3 10 1 1 0.96292
0 8 9 22 0 0 0
0 8 9 23 0 1 0.991315
0 8 10 22 1 0 0.753926
0 8 10 23 1 1 0
0 9 22 31 0 0 0.770829
0 9 22 32 0 1 0
0 9 23 31 1 0 0
0 9 23 32 1 1 0.946691
0 10 9 19 0 0 0.995689
0 10 10 19 1 0 0
0 11 2 11 0 0 0.9858
0 11 2 12 0 1 0
0 11 2 13 0 2 0
0 11 3 11 1 0 0
0 11 3 12 1 1 0.971747
0 11 3 13 1 2 0
0 12 11 24 0 0 0
0 12 11 25 0 1 0.984975
0 12 12 24 1 0 0.994535
0 12 12 25 1 1 0
0 12 13 24 2 0 0
0 12 13 25 2 1 0
0 13 24 33 0 0 0.978855
0 13 24 34 0 1 0
0 13 24 35 0 2 0
0 13 25 33 1 0 0
0 13 25 34 1 1 0
0 13 25 35 1 2 0.993217
0 14 11 20 0 0 0.985313
0 14 11 21 0 1 0
0 14 12 20 1 0 0
0 14 12 21 1 1 0.994065
0 14 13 20 2 0 0
0 14 13 21 2 1 0
0 15 2 8 0 0 0
0 15 3 8 1 0 0.999395
0 16 28 36 0 0 0.968621
0 16 28 37 0 1 0
0 16 29 36 1 0 0
0 16 29 37 1 1 0.908693
0 16 30 36 2 0 0
0 16 30 37 2 1 0
1 0 41 38 0 0 0
1 0 41 39 0 1 0.987077
1 0 41 40 0 2 0
1 0 42 38 1 0 0
1 0 42 39 1 1 0
1 0 42 40 1 2 0.984421
1 0 43 38 2 0 0.952204
1 0 43 39 2 1 0
1 0 43 40 2 2 0
1 1 44 59 0 0 0.992309
1 1 44 60 0 1 0
1 1 44 61 0 2 0
1 1 45 59 1 0 0
1 1 45 60 1 1 0.969353
1 1 45 61 1 2 0
1 1 46 59 2 0 0
1 1 46 60 2 1 0
1 1 46 61 2 2 0.979975
1 2 59 73 0 0 0.984545
1 2 59 74 0 1 0
1 2 59 75 0 2 0
1 2 60 73 1 0 0
1 2 60 74 1 1 0
1 2 60 75 1 2 0.99233
1 2 61 73 2 0 0
1 2 61 74 2 1 0.998071
1 2 61 75 2 2 0
1 3 38 44 0 0 0.95172
1 3 38 45 0 1 0
1 3 38 46 0 2 0
1 3 39 44 1 0 0
1 3 39 45 1 1 0
1 3 39 46 1 2 0.931699
1 3 40 44 2 0 0
1 3 40 45 2 1 0.919826
1 3 40 46 2 2 0
1 4 38 47 0 0 0
1 4 38 48 0 1 0.50902
1 4 38 49 0 2 0
1 4 39 47 1 0 0
1 4 39 48 1 1 0
1 4 39 49 1 2 0.927967
1 4 40 47 2 0 0
1 4 40 48 2 1 0.49098
1 4 40 49 2 2 0
1 5 47 62 0 0 0.995209
1 5 47 63 0 1 0
1 5 47 64 0 2 0
1 5 48 62 1 0 0
1 5 48 63 1 1 0.98378
1 5 48 64 1 2 0
1 5 49 62 2 0 0
1 5 49 63 2 1 0
1 5 49 64 2 2 0.985708
1 6 62 76 0 0 0.978072
1 6 62 77 0 1 0
1 6 62 78 0 2 0
1 6 63 76 1 0 0
1 6 63 77 1 1 0.983173
1 6 63 78 1 2 0
1 6 64 76 2 0 0
1 6 64 77 2 1 0
1 6 64 78 2 2 0.997964
1 7 41 53 0 0 0.997548
1 7 41 54 0 1 0
1 7 41 55 0 2 0
1 7 42 53 1 0 0
1 7 42 54 1 1 0
1 7 42 55 1 2 0.990553
1 7 43 53 2 0 0
1 7 43 54 2 1 0.993432
1 7 43 55 2 2 0
1 8 53 67 0 0 0
1 8 53 68 0 1 0
1 8 53 69 0 2 0.9927
1 8 54 67 1 0 0.979813
1 8 54 68 1 1 0
1 8 54 69 1 2 0
1 8 55 67 2 0 0
1 8 55 68 2 1 0.998985
1 8 55 69 2 2 0
1 9 67 79 0 0 0.99683
1 9 67 80 0 1 0
1 9 67 81 0 2 0
1 9 68 79 1 0 0
1 9 68 80 1 1 0.971702
1 9 68 81 1 2 0
1 9 69 79 2 0 0
1 9 69 80 2 1 0
1 9 69 81 2 2 0.988541
1 11 41 56 0 0 0
1 11 41 57 0 1 0
1 11 41 58 0 2 0.999119
1 11 42 56 1 0 0
1 11 42 57 1 1 0.966422
1 11 42 58 1 2 0
1 11 43 56 2 0 0
1 11 43 57 2 1 0
1 11 43 58 2 2 0
1 12 56 70 0 0 0.676163
1 12 56 71 0 1 0
1 12 56 72 0 2 0
1 12 57 70 1 0 0
1 12 57 71 1 1 0
1 12 57 72 1 2 0.991991
1 12 58 70 2 0 0
1 12 58 71 2 1 0.993209
1 12 58 72 2 2 0
1 13 70 82 0 0 0
1 13 70 83 0 1 0
1 13 71 82 1 0 0
1 13 71 83 1 1 0.990977
1 13 72 82 2 0 0.985232
1 13 72 83 2 1 0
1 14 56 65 0 0 0
1 14 56 66 0 1 0
1 14 57 65 1 0 0
1 14 57 66 1 1 0.999373
1 14 58 65 2 0 0.994347
1 14 58 66 2 1 0
1 15 41 50 0 0 0
1 15 41 51 0 1 0.99835
1 15 41 52 0 2 0
1 15 42 50 1 0 0
1 15 42 51 1 1 0
1 15 42 52 1 2 0.472691
1 15 43 50 2 0 0
1 15 43 51 2 1 0
1 15 43 52 2 2 0.527309
1 16 76 84 0 0 0.992518
1 16 76 85 0 1 0
1 16 76 86 0 2 0
1 16 77 84 1 0 0
1 16 77 85 1 1 0.990332
1 16 77 86 1 2 0
1 16 78 84 2 0 0
1 16 78 85 2 1 0
1 16 78 86 2 2 0.984268
1 17 73 87 0 0 0.946808
1 17 73 88 0 1 0
1 17 73 89 0 2 0
1 17 73 90 0 3 0
1 17 74 87 1 0 0
1 17 74 88 1 1 0
1 17 74 89 1 2 0
1 17 74 90 1 3 0.99396
1 17 75 87 2 0 0
1 17 75 88 2 1 0
1 17 75 89 2 2 0.861898
1 17 75 90 2 3 0
2 0 93 91 0 0 0.978302
2 0 93 92 0 1 0
2 0 94 91 1 0 0
2 0 94 92 1 1 0.96345
2 0 95 91 2 0 0
2 0 95 92 2 1 0
2 1 96 110 0 0 0.97119
2 1 96 111 0 1 0
2 1 97 110 1 0 0
2 1 97 111 1 1 0.882217
2 2 110 122 0 0 0.985132
2 2 110 123 0 1 0
2 2 111 122 1 0 0
2 2 111 123 1 1 0.917604
2 3 91 96 0 0 0.950937
2 3 91 97 0 1 0
2 3 92 96 1 0 0
2 3 92 97 1 1 0.829039
2 4 91 98 0 0 0.958623
2 4 91 99 0 1 0
2 4 92 98 1 0 0
2 4 92 99 1 1 0.831649
2 5 98 112 0 0 0.996948
2 5 98 113 0 1 0
2 5 99 112 1 0 0
2 5 99 113 1 1 0.95143
2 6 112 124 0 0 0.965797
2 6 112 125 0 1 0
2 6 113 124 1 0 0
2 6 113 125 1 1 0.976739
2 7 93 103 0 0 0.995318
2 7 93 104 0 1 0
2 7 93 105 0 2 0
2 7 94 103 1 0 0
2 7 94 104 1 1 0.951575
2 7 94 105 1 2 0
2 7 95 103 2 0 0
2 7 95 104 2 1 0
2 7 95 105 2 2 0.936012
2 8 103 117 0 0 0.992996
2 8 103 118 0 1 0
2 8 104 117 1 0 0
2 8 104 118 1 1 0
2 8 105 117 2 0 0
2 8 105 118 2 1 0.974647
2 9 117 126 0 0 0.991577
2 9 118 126 1 0 0
2 10 103 114 0 0 0.986864
2 10 103 115 0 1 0
2 10 104 114 1 0 0
2 10 104 115 1 1 0
2 10 105 114 2 0 0
2 10 105 115 2 1 0.959702
2 11 93 106 0 0 0.997286
2 11 93 107 0 1 0
2 11 93 108 0 2 0
2 11 93 109 0 3 0
2 11 94 106 1 0 0
2 11 94 107 1 1 0.95571
2 11 94 108 1 2 0
2 11 94 109 1 3 0
2 11 95 106 2 0 0
2 11 95 107 2 1 0
2 11 95 108 2 2 0.496319
2 11 95 109 2 3 0.503681
2 12 106 119 0 0 0.996227
2 12 106 120 0 1 0
2 12 106 121 0 2 0
2 12 107 119 1 0 0
2 12 107 120 1 1 0.991816
2 12 107 121 1 2 0
2 12 108 119 2 0 0
2 12 108 120 2 1 0
2 12 108 121 2 2 0.493508
2 12 109 119 3 0 0
2 12 109 120 3 1 0
2 12 109 121 3 2 0.506492
2 13 119 127 0 0 0.97055
2 13 119 128 0 1 0
2 13 119 129 0 2 0
2 13 119 130 0 3 0
2 13 119 131 0 4 0
2 13 120 127 1 0 0
2 13 120 128 1 1 0.9963
2 13 120 129 1 2 0
2 13 120 130 1 3 0
2 13 120 131 1 4 0
2 13 121 127 2 0 0
2 13 121 128 2 1 0
2 13 121 129 2 2 0
2 13 121 130 2 3 0
2 13 121 131 2 4 0.879497
2 14 106 116 0 0 0
2 14 107 116 1 0 0.979344
2 14 108 116 2 0 0
2 14 109 116 3 0 0
2 15 93 100 0 0 0.946715
2 15 93 101 0 1 0
2 15 93 102 0 2 0
2 15 94 100 1 0 0
2 15 94 101 1 1 0.996504
2 15 94 102 1 2 0
2 15 95 100 2 0 0
2 15 95 101 2 1 0
2 15 95 102 2 2 0.955569
2 16 124 132 0 0 0
2 16 125 132 1 0 0.955883
2 17 122 133 0 0 0.901498
2 17 122 134 0 1 0
2 17 123 133 1 0 0
2 17 123 134 1 1 0.915828
3 0 138 135 0 0 0
3 0 138 136 0 1 0.987725
3 0 138 137 0 2 0
3 0 139 135 1 0 0
3 0 139 136 1 1 0
3 0 139 137 1 2 0.976396
3 0 140 135 2 0 0.97051
3 0 140 136 2 1 0
3 0 140 137 2 2 0
3 1 141 156 0 0 0.991815
3 1 141 157 0 1 0
3 1 141 158 0 2 0
3 1 142 156 1 0 0
3 1 142 157 1 1 0.965971
3 1 142 158 1 2 0
3 1 143 156 2 0 0
3 1 143 157 2 1 0
3 1 143 158 2 2 0.960246
3 2 156 172 0 0 0.981667
3 2 156 173 0 1 0
3 2 157 172 1 0 0
3 2 157 173 1 1 0.997802
3 2 158 172 2 0 0
3 2 158 173 2 1 0
3 3 135 141 0 0 0.957089
3 3 135 142 0 1 0
3 3 135 143 0 2 0
3 3 136 141 1 0 0
3 3 136 142 1 1 0.925757
3 3 136 143 1 2 0
3 3 137 141 2 0 0
3 3 137 142 2 1 0
3 3 137 143 2 2 0.835502
3 4 135 144 0 0 0.959306
3 4 135 145 0 1 0
3 4 135 146 0 2 0
3 4 136 144 1 0 0
3 4 136 145 1 1 0.926985
3 4 136 146 1 2 0
3 4 137 144 2 0 0
3 4 137 145 2 1 0
3 4 137 146 2 2 0.826455
3 5 144 159 0 0 0.978028
3 5 144 160 0 1 0
3 5 144 161 0 2 0
3 5 145 159 1 0 0
3 5 145 160 1 1 0.987162
3 5 145 161 1 2 0
3 5 146 159 2 0 0
3 5 146 160 2 1 0
3 5 146 161 2 2 0.937458
3 6 159 174 0 0 0.990116
3 6 159 175 0 1 0
3 6 160 174 1 0 0
3 6 160 175 1 1 0.994307
3 6 161 174 2 0 0
3 6 161 175 2 1 0
3 7 138 150 0 0 0.993113
3 7 138 151 0 1 0
3 7 138 152 0 2 0
3 7 139 150 1 0 0
3 7 139 151 1 1 0.958485
3 7 139 152 1 2 0
3 7 140 150 2 0 0
3 7 140 151 2 1 0
3 7 140 152 2 2 0.998386
3 8 150 167 0 0 0.983287
3 8 150 168 0 1 0
3 8 150 169 0 2 0
3 8 151 167 1 0 0
3 8 151 168 1 1 0
3 8 151 169 1 2 0.857706
3 8 152 167 2 0 0
3 8 152 168 2 1 0.996914
3 8 152 169 2 2 0
3 9 167 176 0 0 0.987798
3 9 167 177 0 1 0
3 9 167 178 0 2 0
3 9 168 176 1 0 0
3 9 168 177 1 1 0.986097
3 9 168 178 1 2 0
3 9 169 176 2 0 0
3 9 169 177 2 1 0
3 9 169 178 2 2 0.726504
3 10 150 162 0 0 0
3 10 150 163 0 1 0
3 10 150 164 0 2 0.987413
3 10 151 162 1 0 0.492038
3 10 151 163 1 1 0.507962
3 10 151 164 1 2 0
3 10 152 162 2 0 0
3 10 152 163 2 1 0
3 10 152 164 2 2 0
3 11 138 153 0 0 0
3 11 138 154 0 1 0.986461
3 11 138 155 0 2 0
3 11 139 153 1 0 0.979452
3 11 139 154 1 1 0
3 11 139 155 1 2 0
3 11 140 153 2 0 0
3 11 140 154 2 1 0
3 11 140 155 2 2 0.999414
3 12 153 170 0 0 0
3 12 153 171 0 1 0.948239
3 12 154 170 1 0 0
3 12 154 171 1 1 0
3 12 155 170 2 0 0.995608
3 12 155 171 2 1 0
3 13 170 179 0 0 0.990717
3 13 170 180 0 1 0
3 13 171 179 1 0 0
3 13 171 180 1 1 0.929495
3 14 153 165 0 0 0.975195
3 14 153 166 0 1 0
3 14 154 165 1 0 0
3 14 154 166 1 1 0
3 14 155 165 2 0 0
3 14 155 166 2 1 0.994166
3 15 138 147 0 0 0.969841
3 15 138 148 0 1 0
3 15 138 149 0 2 0
3 15 139 147 1 0 0
3 15 139 148 1 1 0
3 15 139 149 1 2 0
3 15 140 147 2 0 0
3 15 140 148 2 1 0
3 15 140 149 2 2 0.986513
3 16 174 181 0 0 0.945584
3 16 174 182 0 1 0
3 16 175 181 1 0 0
3 16 175 182 1 1 0.986796
3 17 172 183 0 0 0.972357
3 17 172 184 0 1 0
3 17 173 183 1 0 0
3 17 173 184 1 1 0.844048
4 0 187 185 0 0 0
4 0 187 186 0 1 0.999065
4 1 188 194 0 0 0.947127
4 2 194 202 0 0 0
4 2 194 203 0 1 0.949456
4 3 185 188 0 0 0
4 3 186 188 1 0 0.896228
4 4 185 189 0 0 0.684255
4 4 185 190 0 1 0
4 4 186 189 1 0 0
4 4 186 190 1 1 0.901215
4 5 189 195 0 0 0.970589
4 5 189 196 0 1 0
4 5 190 195 1 0 0
4 5 190 196 1 1 0.963559
4 6 195 204 0 0 0.986901
4 6 195 205 0 1 0
4 6 196 204 1 0 0
4 6 196 205 1 1 0.991552
4 7 187 191 0 0 0.982586
4 8 191 199 0 0 0.996143
4 9 199 206 0 0 0.963324
4 10 191 197 0 0 0.976093
4 11 187 192 0 0 0.970977
4 11 187 193 0 1 0
4 12 192 200 0 0 0
4 12 192 201 0 1 0.980547
4 12 193 200 1 0 0.933692
4 12 193 201 1 1 0
4 13 200 207 0 0 0
4 13 200 208 0 1 0.997126
4 13 201 207 1 0 0.993838
4 13 201 208 1 1 0
4 14 192 198 0 0 0
4 14 193 198 1 0 0.821797
4 16 204 209 0 0 0.984261
4 16 205 209 1 0 0
4 17 202 210 0 0 0.776744
4 17 202 211 0 1 0
4 17 203 210 1 0 0
4 17 203 211 1 1 0.967736
E jointIdx viewA viewB aOverAllIdx bOverallIdx score
0 0 1 0 38 0.375666
0 0 1 0 39 0.257132
0 0 1 0 40 0.149886
0 0 1 1 38 0.308735
0 0 1 1 39 -1
0 0 1 1 40 0.724193
0 0 2 0 91 0.917975
0 0 2 0 92 -1
0 0 2 1 91 -1
0 0 2 1 92 0.872506
0 0 3 0 135 -1
0 0 3 0 136 0.77097
0 0 3 0 137 -1
0 0 3 1 135 0.990656
0 0 3 1 136 -1
0 0 3 1 137 -1
0 0 4 0 185 -1
0 0 4 0 186 0.96352
0 0 4 1 185 -1
0 0 4 1 186 -1
0 1 2 38 91 0.603545
0 1 2 38 92 0.396455
0 1 2 39 91 -1
0 1 2 39 92 -1
0 1 2 40 91 0.092773
0 1 2 40 92 0.699165
0 1 3 38 135 0.78825
0 1 3 38 136 0.697474
0 1 3 38 137 -1
0 1 3 39 135 -1
0 1 3 39 136 -1
0 1 3 39 137 -1
0 1 3 40 135 0.807811
0 1 3 40 136 0.619984
0 1 3 40 137 -1
0 1 4 38 185 -1
0 1 4 38 186 0.677915
0 1 4 39 185 0.722556
0 1 4 39 186 -1
0 1 4 40 185 -1
0 1 4 40 186 0.0981571
0 2 3 91 135 -1
0 2 3 91 136 0.915816
0 2 3 91 137 -1
0 2 3 92 135 0.873447
0 2 3 92 136 -1
0 2 3 92 137 -1
0 2 4 91 185 -1
0 2 4 91 186 0.724687
0 2 4 92 185 -1
0 2 4 92 186 0.275313
0 3 4 135 185 -1
0 3 4 135 186 -1
0 3 4 136 185 0.32724
0 3 4 136 186 0.67276
0 3 4 137 185 -1
0 3 4 137 186 -1
1 0 1 2 41 0.185633
1 0 1 2 42 0.273535
1 0 1 2 43 0.238117
1 0 1 3 41 0.273046
1 0 1 3 42 0.205535
1 0 1 3 43 0.24249
1 0 2 2 93 -1
1 0 2 2 94 0.893615
1 0 2 2 95 -1
1 0 2 3 93 0.968352
1 0 2 3 94 -1
1 0 2 3 95 -1
1 0 3 2 138 0.516629
1 0 3 2 139 -1
1 0 3 2 140 0.558512
1 0 3 3 138 0.483371
1 0 3 3 139 -1
1 0 3 3 140 0.441488
1 0 4 2 187 0.28914
1 0 4 3 187 0.71086
1 1 2 41 93 -1
1 1 2 41 94 -1
1 1 2 41 95 0.766265
1 1 2 42 93 -1
1 1 2 42 94 0.680246
1 1 2 42 95 -1
1 1 2 43 93 0.968962
1 1 2 43 94 0.387289
1 1 2 43 95 -1
1 1 3 41 138 0.160276
1 1 3 41 139 0.18848
1 1 3 41 140 0.158749
1 1 3 42 138 0.155292
1 1 3 42 139 0.187546
1 1 3 42 140 0.163978
1 1 3 43 138 0.178679
1 1 3 43 139 0.122956
1 1 3 43 140 0.171639
1 1 4 41 187 -1
1 1 4 42 187 0.676491
1 1 4 43 187 0.922276
1 2 3 93 138 0.974281
1 2 3 93 139 -1
1 2 3 93 140 -1
1 2 3 94 138 -1
1 2 3 94 139 -1
1 2 3 94 140 0.877214
1 2 3 95 138 -1
1 2 3 95 139 0.101658
1 2 3 95 140 -1
1 2 4 93 187 0.860626
1 2 4 94 187 0.125789
1 2 4 95 187 -1
1 3 4 138 187 0.558616
1 3 4 139 187 0.219619
1 3 4 140 187 0.221764
2 0 1 4 44 0.463898
2 0 1 4 45 0.149455
2 0 1 4 46 0.231683
2 0 1 5 44 0.216774
2 0 1 5 45 0.747666
2 0 1 5 46 -1
2 0 2 4 96 0.678751
2 0 2 4 97 -1
2 0 2 5 96 -1
2 0 2 5 97 0.625794
2 0 3 4 141 -1
2 0 3 4 142 0.568917
2 0 3 4 143 -1
2 0 3 5 141 0.97042
2 0 3 5 142 -1
2 0 3 5 143 -1
2 0 4 4 188 0.77499
2 0 4 5 188 0.22501
2 1 2 44 96 0.689693
2 1 2 44 97 0.223964
2 1 2 45 96 -1
2 1 2 45 97 0.395541
2 1 2 46 96 -1
2 1 2 46 97 -1
2 1 3 44 141 0.935551
2 1 3 44 142 0.587464
2 1 3 44 143 -1
2 1 3 45 141 0.754717
2 1 3 45 142 0.74224
2 1 3 45 143 -1
2 1 3 46 141 -1
2 1 3 46 142 -1
2 1 3 46 143 -1
2 1 4 44 188 0.677705
2 1 4 45 188 -1
2 1 4 46 188 -1
2 2 3 96 141 -1
2 2 3 96 142 0.911642
2 2 3 96 143 -1
2 2 3 97 141 0.635111
2 2 3 97 142 -1
2 2 3 97 143 -1
2 2 4 96 188 0.997746
2 2 4 97 188 -1
2 3 4 141 188 -1
2 3 4 142 188 0.802539
2 3 4 143 188 -1
3 0 1 6 47 -1
3 0 1 6 48 0.439813
3 0 1 6 49 0.32261
3 0 1 7 47 -1
3 0 1 7 48 0.560187
3 0 1 7 49 -1
3 0 2 6 98 0.940929
3 0 2 6 99 -1
3 0 2 7 98 -1
3 0 2 7 99 0.912497
3 0 3 6 144 -1
3 0 3 6 145 0.964898
3 0 3 6 146 -1
3 0 3 7 144 0.964463
3 0 3 7 145 -1
3 0 3 7 146 -1
3 0 4 6 189 -1
3 0 4 6 190 0.866431
3 0 4 7 189 -1
3 0 4 7 190 -1
3 1 2 47 98 -1
3 1 2 47 99 -1
3 1 2 48 98 0.499865
3 1 2 48 99 0.500135
3 1 2 49 98 -1
3 1 2 49 99 -1
3 1 3 47 144 -1
3 1 3 47 145 -1
3 1 3 47 146 0.533316
3 1 3 48 144 0.776799
3 1 3 48 145 0.663111
3 1 3 48 146 -1
3 1 3 49 144 -1
3 1 3 49 145 -1
3 1 3 49 146 -1
3 1 4 47 189 -1
3 1 4 47 190 -1
3 1 4 48 189 -1
3 1 4 48 190 0.825888
3 1 4 49 189 0.877953
3 1 4 49 190 -1
3 2 3 98 144 -1
3 2 3 98 145 0.966071
3 2 3 98 146 -1
3 2 3 99 144 0.939642
3 2 3 99 145 -1
3 2 3 99 146 -1
3 2 4 98 189 -1
3 2 4 98 190 0.451807
3 2 4 99 189 -1
3 2 4 99 190 0.548193
3 3 4 144 189 -1
3 3 4 144 190 -1
3 3 4 145 189 0.273589
3 3 4 145 190 0.726412
3 3 4 146 189 -1
3 3 4 146 190 -1
4 0 1 8 50 0.266151
4 0 1 8 51 0.172533
4 0 1 8 52 0.561316
4 0 2 8 100 0.95595
4 0 2 8 101 -1
4 0 2 8 102 -1
4 0 3 8 147 0.948284
4 0 3 8 148 -1
4 0 3 8 149 0.302112
4 1 2 50 100 -1
4 1 2 50 101 -1
4 1 2 50 102 0.524831
4 1 2 51 100 -1
4 1 2 51 101 -1
4 1 2 51 102 0.796935
4 1 2 52 100 0.982257
4 1 2 52 101 0.620461
4 1 2 52 102 -1
4 1 3 50 147 -1
4 1 3 50 148 0.946031
4 1 3 50 149 0.0464837
4 1 3 51 147 0.166915
4 1 3 51 148 0.56945
4 1 3 51 149 0.203056
4 1 3 52 147 0.96747
4 1 3 52 148 -1
4 1 3 52 149 0.691399
4 2 3 100 147 0.868169
4 2 3 100 148 -1
4 2 3 100 149 -1
4 2 3 101 147 -1
4 2 3 101 148 -1
4 2 3 101 149 0.94143
4 2 3 102 147 -1
4 2 3 102 148 0.735639
4 2 3 102 149 -1
5 0 1 9 53 0.160048
5 0 1 9 54 0.230678
5 0 1 9 55 0.230531
5 0 1 10 53 0.148981
5 0 1 10 54 0.233568
5 0 1 10 55 0.233732
5 0 2 9 103 -1
5 0 2 9 104 0.670814
5 0 2 9 105 -1
5 0 2 10 103 0.948119
5 0 2 10 104 -1
5 0 2 10 105 -1
5 0 3 9 150 0.54333
5 0 3 9 151 -1
5 0 3 9 152 0.52498
5 0 3 10 150 0.456669
5 0 3 10 151 -1
5 0 3 10 152 0.47502
5 0 4 9 191 0.338536
5 0 4 10 191 0.661464
5 1 2 53 103 -1
5 1 2 53 104 -1
5 1 2 53 105 0.921471
5 1 2 54 103 0.941888
5 1 2 54 104 -1
5 1 2 54 105 -1
5 1 2 55 103 -1
5 1 2 55 104 0.479378
5 1 2 55 105 -1
5 1 3 53 150 0.141043
5 1 3 53 151 0.185368
5 1 3 53 152 0.144631
5 1 3 54 150 0.152254
5 1 3 54 151 0.140754
5 1 3 54 152 0.157018
5 1 3 55 150 0.159915
5 1 3 55 151 0.135818
5 1 3 55 152 0.152322
5 1 4 53 191 -1
5 1 4 54 191 0.99549
5 1 4 55 191 -1
5 2 3 103 150 0.968034
5 2 3 103 151 -1
5 2 3 103 152 -1
5 2 3 104 150 -1
5 2 3 104 151 -1
5 2 3 104 152 0.710466
5 2 3 105 150 -1
5 2 3 105 151 0.832789
5 2 3 105 152 -1
5 2 4 103 191 0.85183
5 2 4 104 191 0.641778
5 2 4 105 191 -1
5 3 4 150 191 0.974327
5 3 4 151 191 -1
5 3 4 152 191 0.308587
6 0 1 11 56 0.227605
6 0 1 11 57 0.201917
6 0 1 11 58 0.0939271
6 0 1 12 56 0.0384061
6 0 1 12 57 0.201923
6 0 1 12 58 0.283737
6 0 1 13 56 0.208125
6 0 1 13 57 0.143575
6 0 1 13 58 0.192976
6 0 2 11 106 -1
6 0 2 11 107 0.890726
6 0 2 11 108 -1
6 0 2 11 109 -1
6 0 2 12 106 0.930176
6 0 2 12 107 -1
6 0 2 12 108 -1
6 0 2 12 109 -1
6 0 2 13 106 -1
6 0 2 13 107 -1
6 0 2 13 108 0.0906497
6 0 2 13 109 -1
6 0 3 11 153 -1
6 0 3 11 154 0.259317
6 0 3 11 155 0.372915
6 0 3 12 153 -1
6 0 3 12 154 0.373514
6 0 3 12 155 0.278433
6 0 3 13 153 0.325082
6 0 3 13 154 0.139697
6 0 3 13 155 0.132652
6 0 4 11 192 0.306078
6 0 4 11 193 0.201021
6 0 4 12 192 0.590337
6 0 4 12 193 0.121125
6 0 4 13 192 0.0511236
6 0 4 13 193 0.66709
6 1 2 56 106 -1
6 1 2 56 107 -1
6 1 2 56 108 -1
6 1 2 56 109 -1
6 1 2 57 106 0.750467
6 1 2 57 107 0.992376
6 1 2 57 108 -1
6 1 2 57 109 -1
6 1 2 58 106 -1
6 1 2 58 107 -1
6 1 2 58 108 0.912883
6 1 2 58 109 0.415557
6 1 3 56 153 0.20108
6 1 3 56 154 0.134806
6 1 3 56 155 0.133982
6 1 3 57 153 0.135288
6 1 3 57 154 0.149034
6 1 3 57 155 0.174281
6 1 3 58 153 0.113215
6 1 3 58 154 0.18647
6 1 3 58 155 0.158377
6 1 4 56 192 -1
6 1 4 56 193 0.923052
6 1 4 57 192 0.592669
6 1 4 57 193 -1
6 1 4 58 192 -1
6 1 4 58 193 0.962155
6 2 3 106 153 -1
6 2 3 106 154 0.930983
6 2 3 106 155 -1
6 2 3 107 153 -1
6 2 3 107 154 -1
6 2 3 107 155 0.89748
6 2 3 108 153 -1
6 2 3 108 154 -1
6 2 3 108 155 -1
6 2 3 109 153 -1
6 2 3 109 154 -1
6 2 3 109 155 -1
6 2 4 106 192 0.884012
6 2 4 106 193 -1
6 2 4 107 192 -1
6 2 4 107 193 -1
6 2 4 108 192 -1
6 2 4 108 193 0.90762
6 2 4 109 192 -1
6 2 4 109 193 0.801777
6 3 4 153 192 0.275901
6 3 4 153 193 0.205205
6 3 4 154 192 0.268709
6 3 4 154 193 0.216639
6 3 4 155 192 0.194843
6 3 4 155 193 0.33408
7 0 1 14 59 0.99626
7 0 1 14 60 -1
7 0 1 14 61 0.471868
7 0 1 15 59 -1
7 0 1 15 60 0.983017
7 0 1 15 61 -1
7 0 2 14 110 0.881727
7 0 2 14 111 -1
7 0 2 15 110 -1
7 0 2 15 111 0.585348
7 0 3 14 156 -1
7 0 3 14 157 0.825052
7 0 3 14 158 -1
7 0 3 15 156 0.949686
7 0 3 15 157 -1
7 0 3 15 158 -1
7 0 4 14 194 0.917719
7 0 4 15 194 -1
7 1 2 59 110 0.532386
7 1 2 59 111 0.467614
7 1 2 60 110 -1
7 1 2 60 111 0.468667
7 1 2 61 110 -1
7 1 2 61 111 -1
7 1 3 59 156 0.622133
7 1 3 59 157 0.85872
7 1 3 59 158 -1
7 1 3 60 156 0.954684
7 1 3 60 157 0.338607
7 1 3 60 158 -1
7 1 3 61 156 -1
7 1 3 61 157 -1
7 1 3 61 158 -1
7 1 4 59 194 0.857458
7 1 4 60 194 -1
7 1 4 61 194 -1
7 2 3 110 156 -1
7 2 3 110 157 0.966836
7 2 3 110 158 -1
7 2 3 111 156 0.518543
7 2 3 111 157 -1
7 2 3 111 158 -1
7 2 4 110 194 0.945006
7 2 4 111 194 -1
7 3 4 156 194 -1
7 3 4 157 194 0.71032
7 3 4 158 194 -1
8 0 1 16 62 0.583112
8 0 1 16 63 -1
8 0 1 16 64 0.0146617
8 0 1 17 62 -1
8 0 1 17 63 -1
8 0 1 17 64 0.1988
8 0 1 18 62 -1
8 0 1 18 63 0.792164
8 0 1 18 64 -1
8 0 2 16 112 -1
8 0 2 16 113 -1
8 0 2 17 112 0.842351
8 0 2 17 113 -1
8 0 2 18 112 -1
8 0 2 18 113 0.764238
8 0 3 16 159 -1
8 0 3 16 160 -1
8 0 3 16 161 0.989746
8 0 3 17 159 -1
8 0 3 17 160 0.806218
8 0 3 17 161 -1
8 0 3 18 159 0.886489
8 0 3 18 160 -1
8 0 3 18 161 -1
8 0 4 16 195 0.455918
8 0 4 16 196 -1
8 0 4 17 195 -1
8 0 4 17 196 0.724262
8 0 4 18 195 -1
8 0 4 18 196 -1
8 1 2 62 112 -1
8 1 2 62 113 -1
8 1 2 63 112 0.212461
8 1 2 63 113 0.787539
8 1 2 64 112 -1
8 1 2 64 113 -1
8 1 3 62 159 -1
8 1 3 62 160 -1
8 1 3 62 161 0.697025
8 1 3 63 159 0.896242
8 1 3 63 160 0.126085
8 1 3 63 161 -1
8 1 3 64 159 -1
8 1 3 64 160 -1
8 1 3 64 161 -1
8 1 4 62 195 -1
8 1 4 62 196 -1
8 1 4 63 195 -1
8 1 4 63 196 0.51611
8 1 4 64 195 0.847637
8 1 4 64 196 -1
8 2 3 112 159 -1
8 2 3 112 160 0.97502
8 2 3 112 161 -1
8 2 3 113 159 0.84306
8 2 3 113 160 -1
8 2 3 113 161 -1
8 2 4 112 195 -1
8 2 4 112 196 0.976856
8 2 4 113 195 -1
8 2 4 113 196 0.0231444
8 3 4 159 195 -1
8 3 4 159 196 -1
8 3 4 160 195 0.470692
8 3 4 160 196 0.529308
8 3 4 161 195 -1
8 3 4 161 196 -1
9 0 2 19 114 0.196148
9 0 2 19 115 -1
9 0 3 19 162 -1
9 0 3 19 163 -1
9 0 3 19 164 -1
9 0 4 19 197 0.284328
9 2 3 114 162 -1
9 2 3 114 163 -1
9 2 3 114 164 0.910683
9 2 3 115 162 -1
9 2 3 115 163 0.88713
9 2 3 115 164 -1
9 2 4 114 197 0.991153
9 2 4 115 197 -1
9 3 4 162 197 0.653735
9 3 4 163 197 -1
9 3 4 164 197 0.910864
10 0 1 20 65 -1
10 0 1 20 66 0.674839
10 0 1 21 65 0.592437
10 0 1 21 66 0.277282
10 0 2 20 116 0.924467
10 0 2 21 116 -1
10 0 3 20 165 -1
10 0 3 20 166 0.885264
10 0 3 21 165 -1
10 0 3 21 166 -1
10 0 4 20 198 -1
10 0 4 21 198 -1
10 1 2 65 116 -1
10 1 2 66 116 0.914396
10 1 3 65 165 0.111044
10 1 3 65 166 0.293288
10 1 3 66 165 -1
10 1 3 66 166 0.706712
10 1 4 65 198 0.768607
10 1 4 66 198 -1
10 2 3 116 165 0.176703
10 2 3 116 166 0.823297
10 2 4 116 198 -1
10 3 4 165 198 -1
10 3 4 166 198 0.664651
11 0 1 22 67 -1
11 0 1 22 68 0.399606
11 0 1 22 69 0.594912
11 0 1 23 67 -1
11 0 1 23 68 0.600394
11 0 1 23 69 -1
11 0 2 22 117 -1
11 0 2 22 118 -1
11 0 2 23 117 -1
11 0 2 23 118 -1
11 0 3 22 167 -1
11 0 3 22 168 0.314988
11 0 3 22 169 -1
11 0 3 23 167 -1
11 0 3 23 168 0.685012
11 0 3 23 169 -1
11 0 4 22 199 -1
11 0 4 23 199 -1
11 1 2 67 117 0.902195
11 1 2 67 118 -1
11 1 2 68 117 -1
11 1 2 68 118 -1
11 1 2 69 117 -1
11 1 2 69 118 0.653734
11 1 3 67 167 0.982978
11 1 3 67 168 0.463532
11 1 3 67 169 -1
11 1 3 68 167 -1
11 1 3 68 168 0.891305
11 1 3 68 169 -1
11 1 3 69 167 -1
11 1 3 69 168 -1
11 1 3 69 169 0.742923
11 1 4 67 199 0.476639
11 1 4 68 199 0.395837
11 1 4 69 199 0.127524
11 2 3 117 167 0.931828
11 2 3 117 168 -1
11 2 3 117 169 -1
11 2 3 118 167 -1
11 2 3 118 168 -1
11 2 3 118 169 0.790933
11 2 4 117 199 0.916283
11 2 4 118 199 -1
11 3 4 167 199 0.944531
11 3 4 168 199 0.428565
11 3 4 169 199 -1
12 0 1 24 70 -1
12 0 1 24 71 0.325836
12 0 1 24 72 0.271151
12 0 1 25 70 -1
12 0 1 25 71 0.409333
12 0 1 25 72 0.728849
12 0 2 24 119 0.959028
12 0 2 24 120 -1
12 0 2 24 121 -1
12 0 2 25 119 -1
12 0 2 25 120 0.962891
12 0 2 25 121 -1
12 0 3 24 170 -1
12 0 3 24 171 -1
12 0 3 25 170 0.972518
12 0 3 25 171 -1
12 0 4 24 200 -1
12 0 4 24 201 0.841749
12 0 4 25 200 0.00610054
12 0 4 25 201 0.158251
12 1 2 70 119 -1
12 1 2 70 120 -1
12 1 2 70 121 0.57262
12 1 2 71 119 -1
12 1 2 71 120 -1
12 1 2 71 121 -1
12 1 2 72 119 -1
12 1 2 72 120 0.983226
12 1 2 72 121 -1
12 1 3 70 170 -1
12 1 3 70 171 0.955235
12 1 3 71 170 -1
12 1 3 71 171 0.540873
12 1 3 72 170 0.964744
12 1 3 72 171 -1
12 1 4 70 200 0.252693
12 1 4 70 201 -1
12 1 4 71 200 0.789739
12 1 4 71 201 -1
12 1 4 72 200 -1
12 1 4 72 201 0.11497
12 2 3 119 170 -1
12 2 3 119 171 -1
12 2 3 120 170 0.976874
12 2 3 120 171 -1
12 2 3 121 170 -1
12 2 3 121 171 -1
12 2 4 119 200 -1
12 2 4 119 201 0.91555
12 2 4 120 200 -1
12 2 4 120 201 -1
12 2 4 121 200 0.594361
12 2 4 121 201 -1
12 3 4 170 200 0.20834
12 3 4 170 201 0.79166
12 3 4 171 200 0.37823
12 3 4 171 201 -1
13 0 1 26 73 0.929224
13 0 1 26 74 0.0376083
13 0 1 26 75 -1
13 0 1 27 73 -1
13 0 1 27 74 -1
13 0 1 27 75 0.567075
13 0 2 26 122 0.701583
13 0 2 26 123 -1
13 0 2 27 122 -1
13 0 2 27 123 0.745387
13 0 3 26 172 -1
13 0 3 26 173 0.640586
13 0 3 27 172 0.789042
13 0 3 27 173 -1
13 0 4 26 202 -1
13 0 4 26 203 0.921737
13 0 4 27 202 -1
13 0 4 27 203 -1
13 1 2 73 122 0.520706
13 1 2 73 123 0.479294
13 1 2 74 122 -1
13 1 2 74 123 -1
13 1 2 75 122 0.523757
13 1 2 75 123 0.476243
13 1 3 73 172 0.0916332
13 1 3 73 173 0.856225
13 1 3 74 172 -1
13 1 3 74 173 -1
13 1 3 75 172 0.960954
13 1 3 75 173 -1
13 1 4 73 202 -1
13 1 4 73 203 0.874031
13 1 4 74 202 0.499041
13 1 4 74 203 -1
13 1 4 75 202 -1
13 1 4 75 203 -1
13 2 3 122 172 -1
13 2 3 122 173 0.937758
13 2 3 123 172 0.969003
13 2 3 123 173 -1
13 2 4 122 202 -1
13 2 4 122 203 0.766657
13 2 4 123 202 -1
13 2 4 123 203 -1
13 3 4 172 202 -1
13 3 4 172 203 -1
13 3 4 173 202 0.523974
13 3 4 173 203 0.476026
14 0 1 28 76 0.957951
14 0 1 28 77 -1
14 0 1 28 78 -1
14 0 1 29 76 -1
14 0 1 29 77 -1
14 0 1 29 78 0.67654
14 0 1 30 76 -1
14 0 1 30 77 0.833656
14 0 1 30 78 -1
14 0 2 28 124 -1
14 0 2 28 125 0.791373
14 0 2 29 124 0.85376
14 0 2 29 125 -1
14 0 2 30 124 -1
14 0 2 30 125 0.849223
14 0 3 28 174 -1
14 0 3 28 175 -1
14 0 3 29 174 -1
14 0 3 29 175 0.928877
14 0 3 30 174 0.895174
14 0 3 30 175 -1
14 0 4 28 204 -1
14 0 4 28 205 -1
14 0 4 29 204 -1
14 0 4 29 205 0.788699
14 0 4 30 204 -1
14 0 4 30 205 -1
14 1 2 76 124 -1
14 1 2 76 125 -1
14 1 2 77 124 -1
14 1 2 77 125 0.981227
14 1 2 78 124 -1
14 1 2 78 125 -1
14 1 3 76 174 -1
14 1 3 76 175 -1
14 1 3 77 174 0.94132
14 1 3 77 175 -1
14 1 3 78 174 -1
14 1 3 78 175 -1
14 1 4 76 204 -1
14 1 4 76 205 -1
14 1 4 77 204 -1
14 1 4 77 205 0.481973
14 1 4 78 204 0.988259
14 1 4 78 205 -1
14 2 3 124 174 -1
14 2 3 124 175 0.9198
14 2 3 125 174 0.949502
14 2 3 125 175 -1
14 2 4 124 204 -1
14 2 4 124 205 0.908915
14 2 4 125 204 -1
14 2 4 125 205 -1
14 3 4 174 204 -1
14 3 4 174 205 -1
14 3 4 175 204 0.363857
14 3 4 175 205 0.636143
15 0 1 31 79 0.841895
15 0 1 31 80 -1
15 0 1 31 81 -1
15 0 1 32 79 -1
15 0 1 32 80 0.763645
15 0 1 32 81 -1
15 0 2 31 126 0.588229
15 0 2 32 126 -1
15 0 3 31 176 0.711467
15 0 3 31 177 -1
15 0 3 31 178 -1
15 0 3 32 176 -1
15 0 3 32 177 0.89166
15 0 3 32 178 -1
15 0 4 31 206 0.942934
15 0 4 32 206 -1
15 1 2 79 126 0.983899
15 1 2 80 126 -1
15 1 2 81 126 -1
15 1 3 79 176 0.975924
15 1 3 79 177 0.223151
15 1 3 79 178 -1
15 1 3 80 176 -1
15 1 3 80 177 0.850402
15 1 3 80 178 -1
15 1 3 81 176 -1
15 1 3 81 177 -1
15 1 3 81 178 0.532948
15 1 4 79 206 0.952617
15 1 4 80 206 -1
15 1 4 81 206 -1
15 2 3 126 176 0.965039
15 2 3 126 177 -1
15 2 3 126 178 -1
15 2 4 126 206 0.933218
15 3 4 176 206 0.990288
15 3 4 177 206 0.903135
15 3 4 178 206 -1
16 0 1 33 82 -1
16 0 1 33 83 -1
16 0 1 34 82 0.381017
16 0 1 34 83 0.618983
16 0 1 35 82 0.614043
16 0 1 35 83 0.385957
16 0 2 33 127 0.889346
16 0 2 33 128 -1
16 0 2 33 129 -1
16 0 2 33 130 -1
16 0 2 33 131 -1
16 0 2 34 127 -1
16 0 2 34 128 -1
16 0 2 34 129 -1
16 0 2 34 130 0.318291
16 0 2 34 131 -1
16 0 2 35 127 -1
16 0 2 35 128 0.962978
16 0 2 35 129 0.748274
16 0 2 35 130 -1
16 0 2 35 131 -1
16 0 3 33 179 -1
16 0 3 33 180 -1
16 0 3 34 179 -1
16 0 3 34 180 0.403598
16 0 3 35 179 0.98569
16 0 3 35 180 -1
16 0 4 33 207 0.931177
16 0 4 33 208 -1
16 0 4 34 207 -1
16 0 4 34 208 0.925438
16 0 4 35 207 0.223494
16 0 4 35 208 -1
16 1 2 82 127 -1
16 1 2 82 128 0.887415
16 1 2 82 129 -1
16 1 2 82 130 -1
16 1 2 82 131 -1
16 1 2 83 127 -1
16 1 2 83 128 -1
16 1 2 83 129 0.12409
16 1 2 83 130 -1
16 1 2 83 131 -1
16 1 3 82 179 0.890804
16 1 3 82 180 -1
16 1 3 83 179 -1
16 1 3 83 180 -1
16 1 4 82 207 -1
16 1 4 82 208 -1
16 1 4 83 207 -1
16 1 4 83 208 0.940405
16 2 3 127 179 -1
16 2 3 127 180 -1
16 2 3 128 179 0.979721
16 2 3 128 180 -1
16 2 3 129 179 0.699759
16 2 3 129 180 -1
16 2 3 130 179 -1
16 2 3 130 180 0.165856
16 2 3 131 179 -1
16 2 3 131 180 -1
16 2 4 127 207 0.664332
16 2 4 127 208 -1
16 2 4 128 207 -1
16 2 4 128 208 -1
16 2 4 129 207 -1
16 2 4 129 208 -1
16 2 4 130 207 -1
16 2 4 130 208 -1
16 2 4 131 207 -1
16 2 4 131 208 0.539005
16 3 4 179 207 0.755829
16 3 4 179 208 -1
16 3 4 180 207 -1
16 3 4 180 208 -1
17 0 1 36 84 0.965657
17 0 1 36 85 -1
17 0 1 36 86 -1
17 0 1 37 84 -1
17 0 1 37 85 -1
17 0 1 37 86 0.951731
17 0 2 36 132 0.46332
17 0 2 37 132 -1
17 0 3 36 181 -1
17 0 3 36 182 -1
17 0 3 37 181 -1
17 0 3 37 182 0.932483
17 0 4 36 209 0.815911
17 0 4 37 209 -1
17 1 2 84 132 -1
17 1 2 85 132 0.962163
17 1 2 86 132 -1
17 1 3 84 181 -1
17 1 3 84 182 -1
17 1 3 85 181 0.961423
17 1 3 85 182 -1
17 1 3 86 181 -1
17 1 3 86 182 -1
17 1 4 84 209 -1
17 1 4 85 209 -1
17 1 4 86 209 0.925221
17 2 3 132 181 0.937669
17 2 3 132 182 -1
17 2 4 132 209 -1
17 3 4 181 209 0.816873
17 3 4 182 209 -1
18 1 2 87 133 0.490118
18 1 2 87 134 0.509883
18 1 2 88 133 -1
18 1 2 88 134 -1
18 1 2 89 133 0.458044
18 1 2 89 134 0.541956
18 1 2 90 133 -1
18 1 2 90 134 -1
18 1 3 87 183 0.268706
18 1 3 87 184 0.731294
18 1 3 88 183 -1
18 1 3 88 184 -1
18 1 3 89 183 0.567912
18 1 3 89 184 0.432088
18 1 3 90 183 -1
18 1 3 90 184 -1
18 1 4 87 210 -1
18 1 4 87 211 0.900959
18 1 4 88 210 -1
18 1 4 88 211 -1
18 1 4 89 210 -1
18 1 4 89 211 -1
18 1 4 90 210 0.856649
18 1 4 90 211 -1
18 2 3 133 183 -1
18 2 3 133 184 0.788549
18 2 3 134 183 0.840244
18 2 3 134 184 -1
18 2 4 133 210 -1
18 2 4 133 211 0.583539
18 2 4 134 210 -1
18 2 4 134 211 -1
18 3 4 183 210 -1
18 3 4 183 211 -1
18 3 4 184 210 0.279358
18 3 4 184 211 0.720642
end of Frame 140
