J OverallIdx viewIdx joint种类0-18(jointIdx) 该joint在图中的顺序(candidix) x y score
0 0 0 0 698.249 398.557 0.592093
1 0 0 1 241.152 428.013 0.608642
2 0 1 0 706.797 194.061 0.822371
3 0 1 1 235.719 208.797 0.846725
4 0 2 0 709.504 396.479 0.519601
5 0 2 1 263.672 430.148 0.611648
6 0 3 0 684.212 400.688 0.599362
7 0 3 1 215.938 421.739 0.534402
8 0 5 0 729.107 198.187 0.66886
9 0 5 1 274.781 208.798 0.812352
10 0 6 0 687.107 193.918 0.856783
11 0 6 1 207.54 208.762 0.772836
12 0 7 0 706.766 554.582 0.695481
13 0 7 1 286.001 584.097 0.635278
14 0 8 0 684.274 563.028 0.72586
15 0 8 1 235.555 577.806 0.637664
16 0 9 0 299.982 130.769 0.839996
17 0 10 0 238.327 126.621 0.332119
18 0 10 1 678.623 126.466 0.846728
19 0 11 0 757.214 280.445 0.311289
20 0 11 1 280.473 335.274 0.859643
21 0 12 0 703.879 278.259 0.917731
22 0 12 1 182.322 320.521 0.19019
23 0 13 0 712.32 697.913 0.63775
24 0 13 1 249.585 733.867 0.676473
25 0 14 0 695.49 716.991 0.715967
26 0 14 1 215.99 727.504 0.480186
27 0 15 0 316.902 428.052 0.800582
28 0 16 0 647.782 345.737 0.803124
29 0 17 0 614.207 733.754 0.791493
30 0 18 0 661.735 681.139 0.472209
31 0 18 1 311.238 736 0.679957
32 1 0 0 703.868 379.563 0.801331
33 1 0 1 569.264 398.533 0.73661
34 1 1 0 558.065 240.371 0.843368
35 1 1 1 712.392 242.545 0.833881
36 1 2 0 684.311 379.578 0.802141
37 1 2 1 597.323 398.516 0.728592
38 1 3 0 717.901 379.592 0.765366
39 1 3 1 530.149 398.538 0.702937
40 1 4 0 681.512 187.674 0.88676
41 1 5 0 701.049 242.536 0.755819
42 1 5 1 614.124 236.176 0.847594
43 1 6 0 504.927 240.418 0.884781
44 1 6 1 731.985 242.529 0.891263
45 1 7 0 689.834 480.725 0.807157
46 1 7 1 614.106 527.169 0.783316
47 1 8 0 22.3817 453.374 0.746888
48 1 8 1 712.335 480.804 0.827815
49 1 8 2 549.519 531.388 0.827903
50 1 9 0 588.937 177.225 0.857752
51 1 10 0 529.969 177.243 0.94024
52 1 10 1 709.626 191.931 0.893644
53 1 11 0 636.666 333.145 0.923139
54 1 12 0 774.132 295.197 0.96266
55 1 12 1 53.1419 312.075 0.873224
56 1 12 2 499.095 333.169 0.815938
57 1 13 0 706.543 567.27 0.832086
58 1 13 1 619.903 660.035 0.775404
59 1 14 0 25.1666 516.65 0.584013
60 1 14 1 729.242 581.926 0.836055
61 1 14 2 555.274 657.885 0.770118
62 1 15 0 622.585 396.43 0.805135
63 1 16 0 726.347 333.172 0.907982
64 1 16 1 55.9848 341.608 0.870597
65 1 16 2 524.288 392.187 0.74718
66 1 17 0 695.433 600.993 0.758657
67 1 17 1 555.313 651.602 0.434823
68 1 18 0 661.935 582.012 0.972969
69 1 18 1 633.758 651.658 0.472474
70 2 0 0 524.413 225.624 0.802633
71 2 0 1 661.814 411.18 0.763263
72 2 1 0 532.865 78.1316 0.865098
73 2 1 1 675.826 253.032 0.792696
74 2 2 0 493.617 223.525 0.739702
75 2 2 1 686.994 406.941 0.71168
76 2 3 0 549.735 227.709 0.808537
77 2 3 1 636.59 413.303 0.717
78 2 4 0 510.467 23.0754 0.843966
79 2 4 1 600.197 179.321 0.830942
80 2 5 0 487.949 75.8078 0.874685
81 2 5 1 709.618 232.012 0.810818
82 2 6 0 580.523 90.6259 0.829807
83 2 6 1 636.516 269.911 0.800785
84 2 7 0 493.523 312.203 0.82825
85 2 7 1 667.411 499.784 0.808534
86 2 8 0 549.652 320.535 0.83451
87 2 8 1 628.132 512.35 0.800155
88 2 10 0 555.214 27.4137 0.911963
89 2 10 1 642.22 189.807 0.86757
90 2 11 0 445.919 109.678 0.923433
91 2 11 1 726.193 324.73 0.754486
92 2 12 0 617.095 143.453 0.832992
93 2 12 1 616.822 379.534 0.876358
94 2 13 0 493.516 388.019 0.811512
95 2 13 1 684.381 598.874 0.874507
96 2 14 0 549.675 396.547 0.890029
97 2 14 1 628.197 601.065 0.795122
98 2 15 0 468.373 162.479 0.864274
99 2 15 1 675.819 347.958 0.281839
100 2 16 0 580.511 193.876 0.908063
101 2 16 1 583.342 411.211 0.753807
102 2 16 2 39.3149 497.652 0.156238
103 2 17 0 546.873 434.427 0.704972
104 2 17 1 594.526 579.879 0.823099
105 2 18 0 462.817 415.484 0.756496
106 2 18 1 678.575 594.664 0.277604
107 3 0 0 299.915 343.66 0.787532
108 3 0 1 597.333 354.238 0.676202
109 3 1 0 280.264 191.78 0.910696
110 3 1 1 597.452 193.987 0.76603
111 3 2 0 260.799 343.763 0.799252
112 3 2 1 586.07 350.089 0.605349
113 3 3 0 325.467 339.526 0.779898
114 3 3 1 614.123 358.438 0.706772
115 3 4 0 269.196 111.867 0.87475
116 3 4 1 549.766 141.33 0.92475
117 3 5 0 232.63 191.882 0.845416
118 3 5 1 586.131 193.901 0.651034
119 3 6 0 325.266 185.549 0.864527
120 3 6 1 617.031 196.058 0.899676
121 3 7 0 263.704 463.88 0.793982
122 3 7 1 594.596 470.245 0.7361
123 3 8 0 328.08 455.459 0.799781
124 3 8 1 614.081 478.603 0.749524
125 3 9 0 249.54 124.46 0.484213
126 3 10 0 302.833 122.273 0.861463
127 3 10 1 597.382 128.741 0.90698
128 3 11 0 171.011 246.811 0.91081
129 3 12 0 367.236 238.295 0.855874
130 3 12 1 636.608 295.279 0.888671
131 3 13 0 274.784 560.933 0.794836
132 3 13 1 636.473 567.219 0.704818
133 3 14 0 333.673 548.372 0.837037
134 3 14 1 636.543 586.202 0.770393
135 3 15 0 224.309 297.314 0.881504
136 3 16 0 353.301 282.538 0.864271
137 3 16 1 594.397 360.536 0.821505
138 3 17 0 373.078 571.509 0.824373
139 3 17 1 572.106 603.104 0.767699
140 3 18 0 588.905 571.472 0.599959
141 3 18 1 280.558 594.632 0.814888
142 4 0 0 664.6 290.971 0.780811
143 4 0 1 417.898 328.945 0.475809
144 4 1 0 398.27 111.801 0.385705
145 4 1 1 681.482 141.209 0.919978
146 4 2 0 636.623 286.803 0.751028
147 4 2 1 415.067 331.041 0.589098
148 4 3 0 698.327 293.046 0.725652
149 4 3 1 431.825 326.853 0.362876
150 4 4 0 437.492 25.3029 0.399974
151 4 4 1 689.893 82.242 0.857628
152 4 5 0 389.677 111.825 0.786922
153 4 5 1 633.748 139.117 0.826883
154 4 6 0 415.111 109.714 0.309688
155 4 6 1 729.117 141.27 0.897838
156 4 7 0 633.708 400.696 0.785041
157 4 7 1 415.027 503.955 0.614845
158 4 8 0 687.053 409.078 0.827832
159 4 8 1 417.899 487.099 0.279509
160 4 9 0 384.188 42.0739 0.85722
161 4 9 1 658.994 75.8479 0.918449
162 4 10 0 715.161 75.9433 0.186027
163 4 11 0 370.203 210.877 0.928031
164 4 11 1 614.187 215.053 0.875665
165 4 12 0 743.13 217.211 0.812824
166 4 13 0 622.52 493.469 0.843651
167 4 13 1 409.434 647.322 0.765236
168 4 14 0 678.631 501.88 0.812488
169 4 14 1 414.923 594.648 0.536523
170 4 15 0 616.786 276.279 0.889171
171 4 15 1 415.115 278.333 0.915194
172 4 16 0 715.134 278.469 0.857455
173 4 17 0 661.765 533.463 0.879989
174 4 17 1 462.701 598.81 0.6695
175 4 18 0 602.997 518.793 0.809353
176 4 18 1 482.348 653.729 0.784707
P viewIdx, pafIdx, aOverAllIdx, bOverAllIdx, CandidAIdx, CandidBIdx, score
0 0 2 0 0 0 0.958345
0 0 2 1 0 1 0
0 0 3 0 1 0 0
0 0 3 1 1 1 0.97005
0 1 4 12 0 0 0.952659
0 1 4 13 0 1 0
0 1 5 12 1 0 0
0 1 5 13 1 1 0.95049
0 2 12 23 0 0 0.95524
0 2 12 24 0 1 0
0 2 13 23 1 0 0
0 2 13 24 1 1 0.961717
0 3 0 4 0 0 0.847518
0 3 0 5 0 1 0
0 3 1 4 1 0 0
0 3 1 5 1 1 0.911303
0 4 0 6 0 0 0.843213
0 4 0 7 0 1 0
0 4 1 6 1 0 0
0 4 1 7 1 1 0.895155
0 5 6 14 0 0 0.984831
0 5 6 15 0 1 0
0 5 7 14 1 0 0
0 5 7 15 1 1 0.955742
0 6 14 25 0 0 0.98387
0 6 14 26 0 1 0
0 6 15 25 1 0 0
0 6 15 26 1 1 0.949288
0 7 2 8 0 0 0.968091
0 7 2 9 0 1 0
0 7 3 8 1 0 0
0 7 3 9 1 1 0.985764
0 8 8 19 0 0 0.846745
0 8 8 20 0 1 0
0 8 9 19 1 0 0
0 8 9 20 1 1 0.98956
0 9 19 27 0 0 0
0 9 20 27 1 0 0.99833
0 10 8 16 0 0 0
0 10 9 16 1 0 0.988331
0 11 2 10 0 0 0.97946
0 11 2 11 0 1 0
0 11 3 10 1 0 0
0 11 3 11 1 1 0.983714
0 12 10 21 0 0 0.992189
0 12 10 22 0 1 0
0 12 11 21 1 0 0
0 12 11 22 1 1 0.798743
0 13 21 28 0 0 0.969583
0 13 22 28 1 0 0
0 14 10 17 0 0 0
0 14 10 18 0 1 0.986559
0 14 11 17 1 0 0.773361
0 14 11 18 1 1 0
0 16 25 29 0 0 0.96484
0 16 26 29 1 0 0
0 17 23 30 0 0 0.774811
0 17 23 31 0 1 0
0 17 24 30 1 0 0
0 17 24 31 1 1 0.916699
1 0 34 32 0 0 0
1 0 34 33 0 1 0.981718
1 0 35 32 1 0 0.984101
1 0 35 33 1 1 0
1 1 36 45 0 0 0.990628
1 1 36 46 0 1 0
1 1 37 45 1 0 0
1 1 37 46 1 1 0.973826
1 2 45 57 0 0 0.983068
1 2 45 58 0 1 0
1 2 46 57 1 0 0
1 2 46 58 1 1 0.992299
1 3 32 36 0 0 0.962187
1 3 32 37 0 1 0
1 3 33 36 1 0 0
1 3 33 37 1 1 0.923051
1 4 32 38 0 0 0.956686
1 4 32 39 0 1 0
1 4 33 38 1 0 0
1 4 33 39 1 1 0.930945
1 5 38 47 0 0 0
1 5 38 48 0 1 0.98047
1 5 38 49 0 2 0
1 5 39 47 1 0 0
1 5 39 48 1 1 0
1 5 39 49 1 2 0.971129
1 6 47 59 0 0 0.95514
1 6 47 60 0 1 0
1 6 47 61 0 2 0
1 6 48 59 1 0 0
1 6 48 60 1 1 0.974824
1 6 48 61 1 2 0
1 6 49 59 2 0 0
1 6 49 60 2 1 0
1 6 49 61 2 2 0.995991
1 7 34 41 0 0 0
1 7 34 42 0 1 0.986366
1 7 35 41 1 0 0.985596
1 7 35 42 1 1 0
1 8 41 53 0 0 0
1 8 42 53 1 0 0.998228
1 9 53 62 0 0 0.962818
1 10 41 50 0 0 0
1 10 42 50 1 0 0.993462
1 11 34 43 0 0 0.989934
1 11 34 44 0 1 0
1 11 35 43 1 0 0
1 11 35 44 1 1 0.989001
1 12 43 54 0 0 0
1 12 43 55 0 1 0
1 12 43 56 0 2 0.986424
1 12 44 54 1 0 0.995536
1 12 44 55 1 1 0
1 12 44 56 1 2 0
1 13 54 63 0 0 0.984293
1 13 54 64 0 1 0
1 13 54 65 0 2 0
1 13 55 63 1 0 0
1 13 55 64 1 1 0.993903
1 13 55 65 1 2 0
1 13 56 63 2 0 0
1 13 56 64 2 1 0
1 13 56 65 2 2 0.997315
1 14 43 51 0 0 0.97428
1 14 43 52 0 1 0
1 14 44 51 1 0 0
1 14 44 52 1 1 0.994184
1 15 34 40 0 0 0
1 15 35 40 1 0 0.995407
1 16 59 66 0 0 0
1 16 59 67 0 1 0
1 16 60 66 1 0 0.949423
1 16 60 67 1 1 0
1 16 61 66 2 0 0
1 16 61 67 2 1 0.585881
1 17 57 68 0 0 0.981814
1 17 57 69 0 1 0
1 17 58 68 1 0 0
1 17 58 69 1 1 0
2 0 72 70 0 0 0.994713
2 0 72 71 0 1 0
2 0 73 70 1 0 0
2 0 73 71 1 1 0.997154
2 1 74 84 0 0 0.976755
2 1 74 85 0 1 0
2 1 75 84 1 0 0
2 1 75 85 1 1 0.96617
2 2 84 94 0 0 0.993279
2 2 84 95 0 1 0
2 2 85 94 1 0 0
2 2 85 95 1 1 0.969191
2 3 70 74 0 0 0.969541
2 3 70 75 0 1 0
2 3 71 74 1 0 0
2 3 71 75 1 1 0.943709
2 4 70 76 0 0 0.966058
2 4 70 77 0 1 0
2 4 71 76 1 0 0
2 4 71 77 1 1 0.9445
2 5 76 86 0 0 0.998418
2 5 76 87 0 1 0
2 5 77 86 1 0 0
2 5 77 87 1 1 0.976525
2 6 86 96 0 0 0.996391
2 6 86 97 0 1 0
2 6 87 96 1 0 0
2 6 87 97 1 1 0.982296
2 7 72 80 0 0 0.995149
2 7 72 81 0 1 0
2 7 73 80 1 0 0
2 7 73 81 1 1 0.958136
2 8 80 90 0 0 0.98694
2 8 80 91 0 1 0
2 8 81 90 1 0 0
2 8 81 91 1 1 0.963144
2 9 90 98 0 0 0.995533
2 9 90 99 0 1 0
2 9 91 98 1 0 0
2 9 91 99 1 1 0.81156
2 11 72 82 0 0 0.997688
2 11 72 83 0 1 0
2 11 73 82 1 0 0
2 11 73 83 1 1 0.974731
2 12 82 92 0 0 0.999044
2 12 82 93 0 1 0
2 12 83 92 1 0 0
2 12 83 93 1 1 0.988571
2 13 92 100 0 0 0.950302
2 13 92 101 0 1 0
2 13 92 102 0 2 0
2 13 93 100 1 0 0
2 13 93 101 1 1 0.975181
2 13 93 102 1 2 0
2 14 82 88 0 0 0.999182
2 14 82 89 0 1 0
2 14 83 88 1 0 0
2 14 83 89 1 1 0.99589
2 15 72 78 0 0 0.985833
2 15 72 79 0 1 0
2 15 73 78 1 0 0
2 15 73 79 1 1 0.999972
2 16 96 103 0 0 0.950738
2 16 96 104 0 1 0
2 16 97 103 1 0 0
2 16 97 104 1 1 0.985273
2 17 94 105 0 0 0.943995
2 17 94 106 0 1 0
2 17 95 105 1 0 0
2 17 95 106 1 1 0.781835
3 0 109 107 0 0 0.988589
3 0 109 108 0 1 0
3 0 110 107 1 0 0
3 0 110 108 1 1 0.938311
3 1 111 121 0 0 0.981519
3 1 111 122 0 1 0
3 1 112 121 1 0 0
3 1 112 122 1 1 0.956427
3 2 121 131 0 0 0.989023
3 2 121 132 0 1 0
3 2 122 131 1 0 0
3 2 122 132 1 1 0.985169
3 3 107 111 0 0 0.965643
3 3 107 112 0 1 0
3 3 108 111 1 0 0
3 3 108 112 1 1 0.898688
3 4 107 113 0 0 0.950681
3 4 107 114 0 1 0
3 4 108 113 1 0 0
3 4 108 114 1 1 0.910826
3 5 113 123 0 0 0.999937
3 5 113 124 0 1 0
3 5 114 123 1 0 0
3 5 114 124 1 1 0.985876
3 6 123 133 0 0 0.992458
3 6 123 134 0 1 0
3 6 124 133 1 0 0
3 6 124 134 1 1 0.991624
3 7 109 117 0 0 0.998969
3 7 109 118 0 1 0
3 7 110 117 1 0 0
3 7 110 118 1 1 0.944073
3 8 117 128 0 0 0.979715
3 8 118 128 1 0 0
3 9 128 135 0 0 0.982209
3 10 117 125 0 0 0.910148
3 10 118 125 1 0 0
3 11 109 119 0 0 0.988102
3 11 109 120 0 1 0
3 11 110 119 1 0 0
3 11 110 120 1 1 0.961468
3 12 119 129 0 0 0.98726
3 12 119 130 0 1 0
3 12 120 129 1 0 0
3 12 120 130 1 1 0.993212
3 13 129 136 0 0 0.978849
3 13 129 137 0 1 0
3 13 130 136 1 0 0
3 13 130 137 1 1 0.989068
3 14 119 126 0 0 0.995616
3 14 119 127 0 1 0
3 14 120 126 1 0 0
3 14 120 127 1 1 0.992625
3 15 109 115 0 0 0.995139
3 15 109 116 0 1 0
3 15 110 115 1 0 0
3 15 110 116 1 1 0.975857
3 16 133 138 0 0 0.985704
3 16 133 139 0 1 0
3 16 134 138 1 0 0
3 16 134 139 1 1 0.969119
3 17 131 140 0 0 0
3 17 131 141 0 1 0.98217
3 17 132 140 1 0 0.907087
3 17 132 141 1 1 0
4 0 144 142 0 0 0
4 0 144 143 0 1 0.845112
4 0 145 142 1 0 0.984459
4 0 145 143 1 1 0
4 1 146 156 0 0 0.989425
4 1 146 157 0 1 0
4 1 147 156 1 0 0
4 1 147 157 1 1 0.962405
4 2 156 166 0 0 0.999541
4 2 156 167 0 1 0
4 2 157 166 1 0 0
4 2 157 167 1 1 0.978933
4 3 142 146 0 0 0.940552
4 3 142 147 0 1 0
4 3 143 146 1 0 0
4 3 143 147 1 1 0.762122
4 4 142 148 0 0 0.958687
4 4 142 149 0 1 0
4 4 143 148 1 0 0
4 4 143 149 1 1 0.750034
4 5 148 158 0 0 0.993999
4 5 148 159 0 1 0
4 5 149 158 1 0 0
4 5 149 159 1 1 0.837419
4 6 158 168 0 0 0.992346
4 6 158 169 0 1 0
4 6 159 168 1 0 0
4 6 159 169 1 1 0.873694
4 7 144 152 0 0 0.78317
4 7 144 153 0 1 0
4 7 145 152 1 0 0
4 7 145 153 1 1 0.998111
4 8 152 163 0 0 0.987679
4 8 152 164 0 1 0
4 8 153 163 1 0 0
4 8 153 164 1 1 0.996885
4 9 163 170 0 0 0
4 9 163 171 0 1 0.993682
4 9 164 170 1 0 0.998935
4 9 164 171 1 1 0
4 10 152 160 0 0 0.982421
4 10 152 161 0 1 0
4 10 153 160 1 0 0
4 10 153 161 1 1 0.993137
4 11 144 154 0 0 0.804642
4 11 144 155 0 1 0
4 11 145 154 1 0 0
4 11 145 155 1 1 0.998904
4 12 154 165 0 0 0
4 12 155 165 1 0 0.99729
4 13 165 172 0 0 0.974132
4 14 154 162 0 0 0
4 14 155 162 1 0 0.630796
4 15 144 150 0 0 0
4 15 144 151 0 1 0
4 15 145 150 1 0 0
4 15 145 151 1 1 0.996592
4 16 168 173 0 0 0.983898
4 16 168 174 0 1 0
4 16 169 173 1 0 0
4 16 169 174 1 1 0.910445
4 17 166 175 0 0 0.959972
4 17 166 176 0 1 0
4 17 167 175 1 0 0
4 17 167 176 1 1 0.987932
E jointIdx viewA viewB aOverAllIdx bOverallIdx score
0 0 1 0 32 0.353229
0 0 1 0 33 0.271091
0 0 1 1 32 0.280258
0 0 1 1 33 0.352129
0 0 2 0 70 0.769275
0 0 2 0 71 -1
0 0 2 1 70 -1
0 0 2 1 71 0.939544
0 0 3 0 107 0.731424
0 0 3 0 108 -1
0 0 3 1 107 -1
0 0 3 1 108 0.657784
0 0 4 0 142 -1
0 0 4 0 143 0.808614
0 0 4 1 142 0.902558
0 0 4 1 143 -1
0 1 2 32 70 0.986334
0 1 2 32 71 -1
0 1 2 33 70 -1
0 1 2 33 71 0.865389
0 1 3 32 107 0.941518
0 1 3 32 108 0.0566088
0 1 3 33 107 -1
0 1 3 33 108 0.942027
0 1 4 32 142 -1
0 1 4 32 143 0.913662
0 1 4 33 142 0.943837
0 1 4 33 143 -1
0 2 3 70 107 0.856389
0 2 3 70 108 -1
0 2 3 71 107 -1
0 2 3 71 108 0.612529
0 2 4 70 142 -1
0 2 4 70 143 0.931673
0 2 4 71 142 0.998664
0 2 4 71 143 -1
0 3 4 107 142 0.281022
0 3 4 107 143 0.310976
0 3 4 108 142 0.31147
0 3 4 108 143 0.278781
1 0 1 2 34 0.280421
1 0 1 2 35 0.294117
1 0 1 3 34 0.294005
1 0 1 3 35 0.281923
1 0 2 2 72 0.846015
1 0 2 2 73 -1
1 0 2 3 72 -1
1 0 2 3 73 0.985932
1 0 3 2 109 0.332687
1 0 3 2 110 0.309595
1 0 3 3 109 0.306094
1 0 3 3 110 0.328878
1 0 4 2 144 0.978708
1 0 4 2 145 -1
1 0 4 3 144 -1
1 0 4 3 145 0.819457
1 1 2 34 72 -1
1 1 2 34 73 0.871569
1 1 2 35 72 0.996889
1 1 2 35 73 -1
1 1 3 34 109 0.288731
1 1 3 34 110 0.281189
1 1 3 35 109 0.2806
1 1 3 35 110 0.288328
1 1 4 34 144 0.0773264
1 1 4 34 145 0.75457
1 1 4 35 144 0.77314
1 1 4 35 145 0.185528
1 2 3 72 109 0.719714
1 2 3 72 110 -1
1 2 3 73 109 -1
1 2 3 73 110 0.832421
1 2 4 72 144 0.861768
1 2 4 72 145 -1
1 2 4 73 144 -1
1 2 4 73 145 0.77968
1 3 4 109 144 0.469599
1 3 4 109 145 0.344531
1 3 4 110 144 0.102525
1 3 4 110 145 0.548612
2 0 1 4 36 0.401128
2 0 1 4 37 0.253348
2 0 1 5 36 0.273556
2 0 1 5 37 0.398027
2 0 2 4 74 0.666169
2 0 2 4 75 -1
2 0 2 5 74 -1
2 0 2 5 75 0.714787
2 0 3 4 111 0.88382
2 0 3 4 112 -1
2 0 3 5 111 -1
2 0 3 5 112 0.636129
2 0 4 4 146 -1
2 0 4 4 147 0.738051
2 0 4 5 146 0.958709
2 0 4 5 147 -1
2 1 2 36 74 0.97679
2 1 2 36 75 -1
2 1 2 37 74 -1
2 1 2 37 75 0.791606
2 1 3 36 111 0.766133
2 1 3 36 112 0.18922
2 1 3 37 111 -1
2 1 3 37 112 0.785657
2 1 4 36 146 -1
2 1 4 36 147 0.659297
2 1 4 37 146 0.982224
2 1 4 37 147 -1
2 2 3 74 111 0.88839
2 2 3 74 112 -1
2 2 3 75 111 -1
2 2 3 75 112 0.351507
2 2 4 74 146 -1
2 2 4 74 147 0.672391
2 2 4 75 146 0.832725
2 2 4 75 147 -1
2 3 4 111 146 0.264279
2 3 4 111 147 0.385518
2 3 4 112 146 0.375659
2 3 4 112 147 0.260052
3 0 1 6 38 0.298843
3 0 1 6 39 0.273671
3 0 1 7 38 0.275795
3 0 1 7 39 0.298172
3 0 2 6 76 0.884319
3 0 2 6 77 -1
3 0 2 7 76 -1
3 0 2 7 77 0.810372
3 0 3 6 113 0.764907
3 0 3 6 114 -1
3 0 3 7 113 -1
3 0 3 7 114 0.768643
3 0 4 6 148 -1
3 0 4 6 149 0.771574
3 0 4 7 148 0.840091
3 0 4 7 149 -1
3 1 2 38 76 0.96083
3 1 2 38 77 -1
3 1 2 39 76 -1
3 1 2 39 77 0.860552
3 1 3 38 113 0.95075
3 1 3 38 114 -1
3 1 3 39 113 -1
3 1 3 39 114 0.938167
3 1 4 38 148 -1
3 1 4 38 149 0.820819
3 1 4 39 148 0.969499
3 1 4 39 149 -1
3 2 3 76 113 0.809322
3 2 3 76 114 -1
3 2 3 77 113 -1
3 2 3 77 114 0.974385
3 2 4 76 148 -1
3 2 4 76 149 0.754873
3 2 4 77 148 0.755076
3 2 4 77 149 -1
3 3 4 113 148 0.288896
3 3 4 113 149 0.289911
3 3 4 114 148 0.290015
3 3 4 114 149 0.288854
4 1 2 40 78 0.955377
4 1 2 40 79 -1
4 1 3 40 115 0.48759
4 1 3 40 116 0.51241
4 1 4 40 150 0.962644
4 1 4 40 151 -1
4 2 3 78 115 0.97546
4 2 3 78 116 -1
4 2 3 79 115 -1
4 2 3 79 116 0.944373
4 2 4 78 150 0.882215
4 2 4 78 151 -1
4 2 4 79 150 -1
4 2 4 79 151 0.97582
4 3 4 115 150 0.856326
4 3 4 115 151 0.124374
4 3 4 116 150 -1
4 3 4 116 151 0.856526
5 0 1 8 41 0.264397
5 0 1 8 42 0.26046
5 0 1 9 41 0.260515
5 0 1 9 42 0.264372
5 0 2 8 80 0.626766
5 0 2 8 81 -1
5 0 2 9 80 -1
5 0 2 9 81 0.892642
5 0 3 8 117 0.336861
5 0 3 8 118 0.298651
5 0 3 9 117 0.293717
5 0 3 9 118 0.330767
5 0 4 8 152 0.947007
5 0 4 8 153 -1
5 0 4 9 152 -1
5 0 4 9 153 0.931766
5 1 2 41 80 0.679272
5 1 2 41 81 0.154516
5 1 2 42 80 0.204301
5 1 2 42 81 0.711451
5 1 3 41 117 0.318404
5 1 3 41 118 0.292948
5 1 3 42 117 0.288168
5 1 3 42 118 0.315349
5 1 4 41 152 0.491035
5 1 4 41 153 0.247293
5 1 4 42 152 0.219971
5 1 4 42 153 0.479974
5 2 3 80 117 0.878488
5 2 3 80 118 -1
5 2 3 81 117 -1
5 2 3 81 118 0.910631
5 2 4 80 152 0.670325
5 2 4 80 153 -1
5 2 4 81 152 -1
5 2 4 81 153 0.78575
5 3 4 117 152 0.471846
5 3 4 117 153 0.315165
5 3 4 118 152 0.106492
5 3 4 118 153 0.533181
6 0 1 10 43 0.283174
6 0 1 10 44 0.311487
6 0 1 11 43 0.312216
6 0 1 11 44 0.287919
6 0 2 10 82 0.885029
6 0 2 10 83 -1
6 0 2 11 82 -1
6 0 2 11 83 0.95919
6 0 3 10 119 0.312423
6 0 3 10 120 0.282075
6 0 3 11 119 0.278074
6 0 3 11 120 0.31194
6 0 4 10 154 0.971282
6 0 4 10 155 -1
6 0 4 11 154 -1
6 0 4 11 155 0.748358
6 1 2 43 82 -1
6 1 2 43 83 0.837331
6 1 2 44 82 0.972291
6 1 2 44 83 -1
6 1 3 43 119 0.260177
6 1 3 43 120 0.25717
6 1 3 44 119 0.257229
6 1 3 44 120 0.260179
6 1 4 43 154 -1
6 1 4 43 155 0.979505
6 1 4 44 154 0.649205
6 1 4 44 155 -1
6 2 3 82 119 0.921928
6 2 3 82 120 -1
6 2 3 83 119 -1
6 2 3 83 120 0.984577
6 2 4 82 154 0.859512
6 2 4 82 155 -1
6 2 4 83 154 -1
6 2 4 83 155 0.758294
6 3 4 119 154 0.548256
6 3 4 119 155 0.321165
6 3 4 120 154 -1
6 3 4 120 155 0.600547
7 0 1 12 45 0.604505
7 0 1 12 46 0.0410544
7 0 1 13 45 0.293705
7 0 1 13 46 0.550394
7 0 2 12 84 0.981358
7 0 2 12 85 -1
7 0 2 13 84 -1
7 0 2 13 85 0.501784
7 0 3 12 121 0.978402
7 0 3 12 122 -1
7 0 3 13 121 -1
7 0 3 13 122 0.882478
7 0 4 12 156 -1
7 0 4 12 157 0.868549
7 0 4 13 156 0.832972
7 0 4 13 157 -1
7 1 2 45 84 0.865511
7 1 2 45 85 -1
7 1 2 46 84 -1
7 1 2 46 85 0.701217
7 1 3 45 121 0.939152
7 1 3 45 122 -1
7 1 3 46 121 -1
7 1 3 46 122 0.892931
7 1 4 45 156 -1
7 1 4 45 157 0.898047
7 1 4 46 156 0.733407
7 1 4 46 157 -1
7 2 3 84 121 0.996701
7 2 3 84 122 -1
7 2 3 85 121 -1
7 2 3 85 122 0.693181
7 2 4 84 156 -1
7 2 4 84 157 0.947798
7 2 4 85 156 0.974349
7 2 4 85 157 -1
7 3 4 121 156 0.100932
7 3 4 121 157 0.889702
7 3 4 122 156 0.888392
7 3 4 122 157 -1
8 0 1 14 47 -1
8 0 1 14 48 0.527286
8 0 1 14 49 0.35239
8 0 1 15 47 -1
8 0 1 15 48 0.472714
8 0 1 15 49 0.64761
8 0 2 14 86 0.988096
8 0 2 14 87 -1
8 0 2 15 86 -1
8 0 2 15 87 0.997594
8 0 3 14 123 0.785666
8 0 3 14 124 -1
8 0 3 15 123 -1
8 0 3 15 124 0.967308
8 0 4 14 158 -1
8 0 4 14 159 0.996622
8 0 4 15 158 0.752425
8 0 4 15 159 -1
8 1 2 47 86 -1
8 1 2 47 87 -1
8 1 2 48 86 0.819161
8 1 2 48 87 -1
8 1 2 49 86 -1
8 1 2 49 87 0.890123
8 1 3 47 123 -1
8 1 3 47 124 -1
8 1 3 48 123 0.817679
8 1 3 48 124 -1
8 1 3 49 123 -1
8 1 3 49 124 0.850641
8 1 4 47 158 -1
8 1 4 47 159 -1
8 1 4 48 158 -1
8 1 4 48 159 0.810234
8 1 4 49 158 0.834665
8 1 4 49 159 -1
8 2 3 86 123 0.78562
8 2 3 86 124 -1
8 2 3 87 123 -1
8 2 3 87 124 0.988724
8 2 4 86 158 -1
8 2 4 86 159 0.567524
8 2 4 87 158 0.712187
8 2 4 87 159 -1
8 3 4 123 158 0.333132
8 3 4 123 159 0.487466
8 3 4 124 158 0.455204
8 3 4 124 159 0.023347
9 0 1 16 50 0.956909
9 0 3 16 125 -1
9 0 4 16 160 -1
9 0 4 16 161 0.912979
9 1 3 50 125 0.390989
9 1 4 50 160 -1
9 1 4 50 161 0.812951
9 3 4 125 160 0.672198
9 3 4 125 161 0.327802
10 0 1 17 51 0.280341
10 0 1 17 52 0.272965
10 0 1 18 51 0.273231
10 0 1 18 52 0.27982
10 0 2 17 88 -1
10 0 2 17 89 0.880153
10 0 2 18 88 0.913181
10 0 2 18 89 -1
10 0 3 17 126 -1
10 0 3 17 127 0.868388
10 0 3 18 126 0.895639
10 0 3 18 127 -1
10 0 4 17 162 0.76241
10 0 4 18 162 -1
10 1 2 51 88 -1
10 1 2 51 89 0.970877
10 1 2 52 88 0.893116
10 1 2 52 89 -1
10 1 3 51 126 0.231542
10 1 3 51 127 0.459582
10 1 3 52 126 0.468287
10 1 3 52 127 0.22699
10 1 4 51 162 0.804626
10 1 4 52 162 -1
10 2 3 88 126 0.888184
10 2 3 88 127 -1
10 2 3 89 126 -1
10 2 3 89 127 0.997808
10 2 4 88 162 -1
10 2 4 89 162 0.838983
10 3 4 126 162 0.344189
10 3 4 127 162 0.655812
11 0 1 19 53 -1
11 0 1 20 53 0.930571
11 0 2 19 90 0.961406
11 0 2 19 91 -1
11 0 2 20 90 -1
11 0 2 20 91 0.905407
11 0 3 19 128 0.938443
11 0 3 20 128 -1
11 0 4 19 163 0.614614
11 0 4 19 164 0.225931
11 0 4 20 163 0.237747
11 0 4 20 164 0.610423
11 1 2 53 90 -1
11 1 2 53 91 0.95576
11 1 3 53 128 -1
11 1 4 53 163 -1
11 1 4 53 164 0.885693
11 2 3 90 128 0.982527
11 2 3 91 128 -1
11 2 4 90 163 0.923013
11 2 4 90 164 -1
11 2 4 91 163 -1
11 2 4 91 164 0.959973
11 3 4 128 163 0.596409
11 3 4 128 164 0.403591
12 0 1 21 54 0.584815
12 0 1 21 55 0.102869
12 0 1 21 56 -1
12 0 1 22 54 0.240493
12 0 1 22 55 0.162962
12 0 1 22 56 0.447122
12 0 2 21 92 0.98576
12 0 2 21 93 -1
12 0 2 22 92 -1
12 0 2 22 93 0.876691
12 0 3 21 129 0.968816
12 0 3 21 130 -1
12 0 3 22 129 -1
12 0 3 22 130 0.915562
12 0 4 21 165 0.350578
12 0 4 22 165 0.649422
12 1 2 54 92 0.987122
12 1 2 54 93 -1
12 1 2 55 92 -1
12 1 2 55 93 -1
12 1 2 56 92 -1
12 1 2 56 93 0.88515
12 1 3 54 129 0.960513
12 1 3 54 130 -1
12 1 3 55 129 -1
12 1 3 55 130 -1
12 1 3 56 129 -1
12 1 3 56 130 0.949838
12 1 4 54 165 -1
12 1 4 55 165 -1
12 1 4 56 165 0.718372
12 2 3 92 129 0.754674
12 2 3 92 130 -1
12 2 3 93 129 -1
12 2 3 93 130 0.950873
12 2 4 92 165 -1
12 2 4 93 165 0.913981
12 3 4 129 165 0.160763
12 3 4 130 165 0.839237
13 0 1 23 57 0.652171
13 0 1 23 58 -1
13 0 1 24 57 0.347829
13 0 1 24 58 0.302138
13 0 2 23 94 0.840936
13 0 2 23 95 -1
13 0 2 24 94 -1
13 0 2 24 95 0.281231
13 0 3 23 131 0.846655
13 0 3 23 132 -1
13 0 3 24 131 -1
13 0 3 24 132 0.627619
13 0 4 23 166 -1
13 0 4 23 167 0.905062
13 0 4 24 166 0.388689
13 0 4 24 167 -1
13 1 2 57 94 0.827725
13 1 2 57 95 -1
13 1 2 58 94 -1
13 1 2 58 95 0.751606
13 1 3 57 131 0.876083
13 1 3 57 132 -1
13 1 3 58 131 -1
13 1 3 58 132 0.956428
13 1 4 57 166 -1
13 1 4 57 167 0.693433
13 1 4 58 166 0.989163
13 1 4 58 167 -1
13 2 3 94 131 0.988578
13 2 3 94 132 -1
13 2 3 95 131 -1
13 2 3 95 132 0.791621
13 2 4 94 166 0.0919944
13 2 4 94 167 0.850419
13 2 4 95 166 0.845121
13 2 4 95 167 -1
13 3 4 131 166 -1
13 3 4 131 167 0.772358
13 3 4 132 166 0.928493
13 3 4 132 167 -1
14 0 1 25 59 -1
14 0 1 25 60 0.520293
14 0 1 25 61 0.145525
14 0 1 26 59 -1
14 0 1 26 60 0.479707
14 0 1 26 61 0.595619
14 0 2 25 96 0.904857
14 0 2 25 97 -1
14 0 2 26 96 -1
14 0 2 26 97 0.909954
14 0 3 25 133 0.963971
14 0 3 25 134 -1
14 0 3 26 133 -1
14 0 3 26 134 0.927731
14 0 4 25 168 -1
14 0 4 25 169 0.678162
14 0 4 26 168 0.647874
14 0 4 26 169 -1
14 1 2 59 96 -1
14 1 2 59 97 -1
14 1 2 60 96 0.845054
14 1 2 60 97 -1
14 1 2 61 96 -1
14 1 2 61 97 0.819235
14 1 3 59 133 -1
14 1 3 59 134 -1
14 1 3 60 133 0.976087
14 1 3 60 134 -1
14 1 3 61 133 -1
14 1 3 61 134 0.890009
14 1 4 59 168 -1
14 1 4 59 169 -1
14 1 4 60 168 -1
14 1 4 60 169 0.893977
14 1 4 61 168 0.914485
14 1 4 61 169 -1
14 2 3 96 133 0.86878
14 2 3 96 134 -1
14 2 3 97 133 -1
14 2 3 97 134 0.807592
14 2 4 96 168 -1
14 2 4 96 169 0.771016
14 2 4 97 168 0.849416
14 2 4 97 169 -1
14 3 4 133 168 0.27445
14 3 4 133 169 0.571248
14 3 4 134 168 0.569109
14 3 4 134 169 0.103133
15 0 1 27 62 0.946031
15 0 2 27 98 -1
15 0 2 27 99 0.547172
15 0 3 27 135 -1
15 0 4 27 170 0.702142
15 0 4 27 171 -1
15 1 2 62 98 -1
15 1 2 62 99 0.550396
15 1 3 62 135 -1
15 1 4 62 170 0.907254
15 1 4 62 171 -1
15 2 3 98 135 0.808814
15 2 3 99 135 -1
15 2 4 98 170 -1
15 2 4 98 171 0.886197
15 2 4 99 170 0.685593
15 2 4 99 171 -1
15 3 4 135 170 0.397754
15 3 4 135 171 0.602246
16 0 1 28 63 0.879562
16 0 1 28 64 -1
16 0 1 28 65 -1
16 0 2 28 100 0.841743
16 0 2 28 101 -1
16 0 2 28 102 -1
16 0 3 28 136 0.83398
16 0 3 28 137 -1
16 0 4 28 172 -1
16 1 2 63 100 0.982502
16 1 2 63 101 -1
16 1 2 63 102 -1
16 1 2 64 100 -1
16 1 2 64 101 -1
16 1 2 64 102 -1
16 1 2 65 100 -1
16 1 2 65 101 0.721235
16 1 2 65 102 -1
16 1 3 63 136 0.958681
16 1 3 63 137 -1
16 1 3 64 136 -1
16 1 3 64 137 -1
16 1 3 65 136 -1
16 1 3 65 137 0.965686
16 1 4 63 172 -1
16 1 4 64 172 -1
16 1 4 65 172 0.815341
16 2 3 100 136 0.965367
16 2 3 100 137 -1
16 2 3 101 136 -1
16 2 3 101 137 0.984361
16 2 3 102 136 -1
16 2 3 102 137 0.772797
16 2 4 100 172 -1
16 2 4 101 172 0.710648
16 2 4 102 172 -1
16 3 4 136 172 -1
16 3 4 137 172 0.85758
17 0 1 29 66 0.535931
17 0 1 29 67 0.464069
17 0 2 29 103 0.816533
17 0 2 29 104 -1
17 0 3 29 138 0.990239
17 0 3 29 139 -1
17 0 4 29 173 -1
17 0 4 29 174 0.936051
17 1 2 66 103 0.88079
17 1 2 66 104 -1
17 1 2 67 103 -1
17 1 2 67 104 0.710857
17 1 3 66 138 0.933186
17 1 3 66 139 -1
17 1 3 67 138 -1
17 1 3 67 139 0.816937
17 1 4 66 173 -1
17 1 4 66 174 0.917428
17 1 4 67 173 0.817485
17 1 4 67 174 -1
17 2 3 103 138 0.80709
17 2 3 103 139 -1
17 2 3 104 138 -1
17 2 3 104 139 0.952134
17 2 4 103 173 -1
17 2 4 103 174 0.952078
17 2 4 104 173 0.823918
17 2 4 104 174 -1
17 3 4 138 173 0.27199
17 3 4 138 174 0.345192
17 3 4 139 173 0.349029
17 3 4 139 174 0.2625
18 0 1 30 68 0.714191
18 0 1 30 69 -1
18 0 1 31 68 0.285809
18 0 1 31 69 0.403154
18 0 2 30 105 0.850587
18 0 2 30 106 -1
18 0 2 31 105 -1
18 0 2 31 106 -1
18 0 3 30 140 -1
18 0 3 30 141 0.69475
18 0 3 31 140 0.752816
18 0 3 31 141 -1
18 0 4 30 175 -1
18 0 4 30 176 0.748971
18 0 4 31 175 0.304741
18 0 4 31 176 -1
18 1 2 68 105 0.915752
18 1 2 68 106 -1
18 1 2 69 105 -1
18 1 2 69 106 0.467239
18 1 3 68 140 -1
18 1 3 68 141 0.874173
18 1 3 69 140 0.973104
18 1 3 69 141 -1
18 1 4 68 175 -1
18 1 4 68 176 0.799818
18 1 4 69 175 0.909149
18 1 4 69 176 -1
18 2 3 105 140 -1
18 2 3 105 141 0.843208
18 2 3 106 140 0.174016
18 2 3 106 141 -1
18 2 4 105 175 0.26632
18 2 4 105 176 0.256002
18 2 4 106 175 0.255672
18 2 4 106 176 0.266226
18 3 4 140 175 0.769747
18 3 4 140 176 -1
18 3 4 141 175 -1
18 3 4 141 176 0.976474
end of Frame 48
