J OverallIdx viewIdx joint种类0-18(jointIdx) 该joint在图中的顺序(candidix) x y score
0 0 0 0 227.176 358.466 0.285295
1 0 0 1 58.9043 360.543 0.808218
2 0 0 2 689.834 396.385 0.560555
3 0 0 3 325.338 432.265 0.600221
4 0 1 0 687.009 191.9 0.649374
5 0 1 1 328.155 210.819 0.896482
6 0 1 2 218.769 248.805 0.453002
7 0 1 3 55.9771 253.077 0.897561
8 0 2 0 204.666 360.524 0.37665
9 0 2 1 36.5315 360.584 0.802905
10 0 2 2 698.308 394.346 0.45633
11 0 2 3 373.01 434.413 0.562521
12 0 3 0 81.2752 358.503 0.791624
13 0 3 1 252.408 358.449 0.268091
14 0 3 2 684.332 396.441 0.600241
15 0 3 3 280.343 428.095 0.590663
16 0 4 0 619.907 137.064 0.70456
17 0 4 1 50.4721 210.866 0.883808
18 0 4 2 207.429 215.069 0.63699
19 0 5 0 687.042 189.741 0.471297
20 0 5 1 409.454 210.987 0.827257
21 0 5 2 201.902 248.867 0.627758
22 0 5 3 25.1723 259.375 0.826996
23 0 6 0 684.347 193.982 0.853598
24 0 6 1 257.986 206.607 0.819293
25 0 6 2 84.114 248.801 0.851482
26 0 6 3 238.393 253.044 0.418933
27 0 7 0 33.7773 442.787 0.840198
28 0 7 1 703.94 552.485 0.635128
29 0 7 2 347.888 624.188 0.630768
30 0 8 0 81.2558 432.329 0.885489
31 0 8 1 684.274 562.949 0.679799
32 0 8 2 258.141 603.12 0.644936
33 0 9 0 389.86 126.577 0.90909
34 0 9 1 27.9809 210.89 0.800238
35 0 10 0 319.687 122.257 0.810143
36 0 10 1 658.975 128.635 0.890706
37 0 10 2 61.6651 208.725 0.438381
38 0 10 3 229.867 208.808 0.368597
39 0 11 0 28.0463 301.554 0.699631
40 0 11 1 437.527 348.013 0.874445
41 0 12 0 715.168 276.178 0.841873
42 0 12 1 100.885 299.448 0.887427
43 0 12 2 229.919 331.073 0.813266
44 0 13 0 33.755 516.585 0.854757
45 0 13 1 712.279 695.836 0.62269
46 0 13 2 328.09 765.467 0.328441
47 0 14 0 114.958 506.083 0.663469
48 0 14 1 692.719 716.996 0.710421
49 0 14 2 235.483 765.444 0.401386
50 0 15 0 33.57 331.02 0.757176
51 0 15 1 415.082 432.32 0.681703
52 0 16 0 56.1048 326.864 0.878002
53 0 16 1 658.959 345.76 0.855081
54 0 16 2 255.229 409.062 0.710772
55 0 17 0 117.766 531.364 0.434638
56 0 17 1 614.142 733.792 0.772841
57 0 18 0 33.6209 535.608 0.684347
58 0 18 1 661.769 683.133 0.338122
59 1 0 0 684.268 398.516 0.72316
60 1 1 0 687.022 234.053 0.865969
61 1 2 0 712.273 396.434 0.681739
62 1 3 0 658.894 398.524 0.675956
63 1 4 0 625.374 187.711 0.80698
64 1 5 0 729.004 242.467 0.830027
65 1 6 0 645.03 227.806 0.879683
66 1 6 1 745.896 242.512 0.242571
67 1 7 0 706.747 499.748 0.597774
68 1 8 0 616.8 529.228 0.789768
69 1 10 0 659.011 177.047 0.952272
70 1 11 0 751.537 331.116 0.848666
71 1 12 0 774.079 295.159 0.726515
72 1 12 1 36.4071 316.286 0.847067
73 1 12 2 636.621 328.938 0.933407
74 1 13 0 729.034 579.916 0.641605
75 1 13 1 681.493 651.54 0.795673
76 1 14 0 611.284 655.807 0.751988
77 1 15 0 706.705 379.605 0.794842
78 1 16 0 748.698 324.706 0.416664
79 1 16 1 33.6767 364.784 0.856891
80 1 16 2 614.231 396.481 0.846003
81 1 17 0 549.626 662.082 0.765176
82 1 18 0 723.544 598.784 0.313059
83 1 18 1 653.444 645.287 0.32129
84 2 0 0 521.598 227.665 0.793034
85 2 0 1 717.895 369.026 0.653411
86 2 1 0 529.978 80.1538 0.897885
87 2 1 1 743.171 223.486 0.735928
88 2 2 0 487.983 225.624 0.770364
89 2 2 1 715.142 364.806 0.564287
90 2 3 0 549.575 227.756 0.81289
91 2 3 1 717.88 375.374 0.712527
92 2 4 0 510.45 44.227 0.897908
93 2 4 1 689.836 160.386 0.893138
94 2 5 0 482.428 75.8723 0.918842
95 2 5 1 729.113 210.922 0.659468
96 2 6 0 574.99 90.6182 0.867509
97 2 6 1 751.664 231.953 0.847
98 2 7 0 490.773 316.284 0.825571
99 2 7 1 703.771 478.595 0.641796
100 2 8 0 549.592 324.751 0.866646
101 2 8 1 684.383 480.772 0.750885
102 2 10 0 552.47 40.0561 0.875056
103 2 10 1 748.725 160.153 0.970474
104 2 11 0 437.534 111.728 0.953564
105 2 12 0 619.808 143.37 0.931339
106 2 12 1 754.47 337.358 0.82539
107 2 13 0 493.548 390.14 0.815095
108 2 13 1 687.009 550.373 0.754398
109 2 14 0 549.641 400.65 0.868029
110 2 14 1 681.386 594.657 0.763734
111 2 15 0 462.857 172.856 0.879776
112 2 16 0 583.328 194.011 0.89358
113 2 16 1 703.899 381.758 0.850318
114 2 17 0 546.898 434.452 0.810667
115 2 17 1 630.991 615.761 0.773404
116 2 18 0 468.31 417.517 0.765757
117 2 18 1 639.32 550.459 0.859512
118 3 0 0 300.133 314.152 0.60719
119 3 1 0 280.338 187.635 0.890031
120 3 2 0 263.657 314.242 0.583509
121 3 3 0 328.207 312.061 0.541456
122 3 4 0 294.467 128.714 0.883305
123 3 5 0 235.416 189.78 0.851314
124 3 6 0 325.287 181.367 0.878075
125 3 9 0 258.101 126.44 0.921784
126 3 10 0 311.329 124.418 0.312985
127 3 11 0 171.11 246.734 0.925219
128 3 12 0 350.579 242.503 0.831871
129 3 15 0 232.663 299.444 0.843731
130 3 16 0 350.538 286.788 0.204327
131 4 0 0 588.848 290.965 0.731855
132 4 0 1 417.802 322.627 0.377899
133 4 1 0 406.655 109.551 0.494651
134 4 1 1 572.062 143.278 0.938777
135 4 2 0 552.545 291.008 0.74137
136 4 2 1 417.954 324.709 0.525877
137 4 3 0 616.882 288.857 0.761005
138 4 3 1 415.063 322.618 0.286667
139 4 4 0 482.318 44.3535 0.668167
140 4 4 1 608.591 84.3357 0.821048
141 4 5 0 414.925 109.668 0.83207
142 4 5 1 527.268 143.499 0.905367
143 4 6 0 392.678 105.419 0.343145
144 4 6 1 616.874 139.164 0.871751
145 4 7 0 566.49 396.512 0.810436
146 4 7 1 415.089 499.798 0.562671
147 4 8 0 636.666 394.238 0.839383
148 4 8 1 417.932 493.446 0.304862
149 4 9 0 431.852 42.1874 0.886885
150 4 9 1 563.608 78.1052 0.869482
151 4 11 0 395.475 208.739 0.866252
152 4 11 1 501.884 225.546 0.896831
153 4 12 0 619.86 212.969 0.86832
154 4 13 0 572.218 497.563 0.87108
155 4 13 1 409.444 647.29 0.756073
156 4 14 0 639.317 493.422 0.863648
157 4 14 1 412.284 598.797 0.546296
158 4 15 0 437.336 276.21 0.859242
159 4 15 1 535.608 280.54 0.83885
160 4 16 0 628.208 276.206 0.79251
161 4 17 0 684.153 512.456 0.939142
162 4 17 1 462.749 598.873 0.693308
163 4 18 0 597.382 520.844 0.829723
164 4 18 1 482.41 657.904 0.780736
P viewIdx, pafIdx, aOverAllIdx, bOverAllIdx, CandidAIdx, CandidBIdx, score
0 0 4 0 0 0 0
0 0 4 1 0 1 0
0 0 4 2 0 2 0.91115
0 0 4 3 0 3 0
0 0 5 0 1 0 0
0 0 5 1 1 1 0
0 0 5 2 1 2 0
0 0 5 3 1 3 0.993974
0 0 6 0 2 0 0.768236
0 0 6 1 2 1 0
0 0 6 2 2 2 0
0 0 6 3 2 3 0
0 0 7 0 3 0 0
0 0 7 1 3 1 0.995115
0 0 7 2 3 2 0
0 0 7 3 3 3 0
0 1 8 27 0 0 0
0 1 8 28 0 1 0
0 1 8 29 0 2 0
0 1 9 27 1 0 0.989135
0 1 9 28 1 1 0
0 1 9 29 1 2 0
0 1 10 27 2 0 0
0 1 10 28 2 1 0.942086
0 1 10 29 2 2 0
0 1 11 27 3 0 0
0 1 11 28 3 1 0
0 1 11 29 3 2 0.933237
0 2 27 44 0 0 0.995763
0 2 27 45 0 1 0
0 2 27 46 0 2 0
0 2 28 44 1 0 0
0 2 28 45 1 1 0.962531
0 2 28 46 1 2 0
0 2 29 44 2 0 0
0 2 29 45 2 1 0
0 2 29 46 2 2 0.961078
0 3 0 8 0 0 0.780104
0 3 0 9 0 1 0
0 3 0 10 0 2 0
0 3 0 11 0 3 0
0 3 1 8 1 0 0
0 3 1 9 1 1 0.97274
0 3 1 10 1 2 0
0 3 1 11 1 3 0
0 3 2 8 2 0 0
0 3 2 9 2 1 0
0 3 2 10 2 2 0.74213
0 3 2 11 2 3 0
0 3 3 8 3 0 0
0 3 3 9 3 1 0
0 3 3 10 3 2 0
0 3 3 11 3 3 0.872721
0 4 0 12 0 0 0
0 4 0 13 0 1 0.751097
0 4 0 14 0 2 0
0 4 0 15 0 3 0
0 4 1 12 1 0 0.963489
0 4 1 13 1 1 0
0 4 1 14 1 2 0
0 4 1 15 1 3 0
0 4 2 12 2 0 0
0 4 2 13 2 1 0
0 4 2 14 2 2 0.708883
0 4 2 15 2 3 0
0 4 3 12 3 0 0
0 4 3 13 3 1 0
0 4 3 14 3 2 0
0 4 3 15 3 3 0.875348
0 5 12 30 0 0 0.998275
0 5 12 31 0 1 0
0 5 12 32 0 2 0
0 5 13 30 1 0 0
0 5 13 31 1 1 0
0 5 13 32 1 2 0
0 5 14 30 2 0 0
0 5 14 31 2 1 0.974061
0 5 14 32 2 2 0
0 5 15 30 3 0 0
0 5 15 31 3 1 0
0 5 15 32 3 2 0.953976
0 6 30 47 0 0 0.997204
0 6 30 48 0 1 0
0 6 30 49 0 2 0
0 6 31 47 1 0 0
0 6 31 48 1 1 0.982651
0 6 31 49 1 2 0
0 6 32 47 2 0 0
0 6 32 48 2 1 0
0 6 32 49 2 2 0.953727
0 7 4 19 0 0 0.731192
0 7 4 20 0 1 0
0 7 4 21 0 2 0
0 7 4 22 0 3 0
0 7 5 19 1 0 0
0 7 5 20 1 1 0.993592
0 7 5 21 1 2 0
0 7 5 22 1 3 0
0 7 6 19 2 0 0
0 7 6 20 2 1 0
0 7 6 21 2 2 0.835251
0 7 6 22 2 3 0
0 7 7 19 3 0 0
0 7 7 20 3 1 0
0 7 7 21 3 2 0
0 7 7 22 3 3 0.977178
0 8 19 39 0 0 0
0 8 19 40 0 1 0
0 8 20 39 1 0 0
0 8 20 40 1 1 0.993488
0 8 21 39 2 0 0
0 8 21 40 2 1 0
0 8 22 39 3 0 0.97194
0 8 22 40 3 1 0
0 9 39 50 0 0 0.953058
0 9 39 51 0 1 0
0 9 40 50 1 0 0
0 9 40 51 1 1 0.95008
0 10 19 33 0 0 0
0 10 19 34 0 1 0
0 10 20 33 1 0 0.995898
0 10 20 34 1 1 0
0 10 21 33 2 0 0
0 10 21 34 2 1 0
0 10 22 33 3 0 0
0 10 22 34 3 1 0.966173
0 11 4 23 0 0 0.685516
0 11 4 24 0 1 0
0 11 4 25 0 2 0
0 11 4 26 0 3 0
0 11 5 23 1 0 0
0 11 5 24 1 1 0.991634
0 11 5 25 1 2 0
0 11 5 26 1 3 0
0 11 6 23 2 0 0
0 11 6 24 2 1 0
0 11 6 25 2 2 0
0 11 6 26 2 3 0.842135
0 11 7 23 3 0 0
0 11 7 24 3 1 0
0 11 7 25 3 2 0.980933
0 11 7 26 3 3 0
0 12 23 41 0 0 0.991405
0 12 23 42 0 1 0
0 12 23 43 0 2 0
0 12 24 41 1 0 0
0 12 24 42 1 1 0
0 12 24 43 1 2 0.505638
0 12 25 41 2 0 0
0 12 25 42 2 1 0.99279
0 12 25 43 2 2 0
0 12 26 41 3 0 0
0 12 26 42 3 1 0
0 12 26 43 3 2 0.494362
0 13 41 52 0 0 0
0 13 41 53 0 1 0.980097
0 13 41 54 0 2 0
0 13 42 52 1 0 0.979381
0 13 42 53 1 1 0
0 13 42 54 1 2 0
0 13 43 52 2 0 0
0 13 43 53 2 1 0
0 13 43 54 2 2 0.976973
0 14 23 35 0 0 0
0 14 23 36 0 1 0.99957
0 14 23 37 0 2 0
0 14 23 38 0 3 0
0 14 24 35 1 0 0.508531
0 14 24 36 1 1 0
0 14 24 37 1 2 0
0 14 24 38 1 3 0
0 14 25 35 2 0 0
0 14 25 36 2 1 0
0 14 25 37 2 2 0.889392
0 14 25 38 2 3 0
0 14 26 35 3 0 0.278837
0 14 26 36 3 1 0
0 14 26 37 3 2 0
0 14 26 38 3 3 0.456453
0 15 4 16 0 0 0.935077
0 15 4 17 0 1 0
0 15 4 18 0 2 0
0 15 5 16 1 0 0
0 15 5 17 1 1 0
0 15 5 18 1 2 0
0 15 6 16 2 0 0
0 15 6 17 2 1 0
0 15 6 18 2 2 0.863253
0 15 7 16 3 0 0
0 15 7 17 3 1 0.991615
0 15 7 18 3 2 0
0 16 47 55 0 0 0.851702
0 16 47 56 0 1 0
0 16 48 55 1 0 0
0 16 48 56 1 1 0.946424
0 16 49 55 2 0 0
0 16 49 56 2 1 0
0 17 44 57 0 0 0.94824
0 17 44 58 0 1 0
0 17 45 57 1 0 0
0 17 45 58 1 1 0.749248
0 17 46 57 2 0 0
0 17 46 58 2 1 0
1 0 60 59 0 0 0.997908
1 1 61 67 0 0 0.978011
1 2 67 74 0 0 0.493687
1 2 67 75 0 1 0.506313
1 3 59 61 0 0 0.922564
1 4 59 62 0 0 0.911523
1 5 62 68 0 0 0.987847
1 6 68 76 0 0 0.990329
1 7 60 64 0 0 0.993462
1 8 64 70 0 0 0.999143
1 9 70 77 0 0 0.965774
1 11 60 65 0 0 0.985708
1 11 60 66 0 1 0
1 12 65 71 0 0 0
1 12 65 72 0 1 0
1 12 65 73 0 2 0.985344
1 12 66 71 1 0 0.914054
1 12 66 72 1 1 0
1 12 66 73 1 2 0
1 13 71 78 0 0 0.845539
1 13 71 79 0 1 0
1 13 71 80 0 2 0
1 13 72 78 1 0 0
1 13 72 79 1 1 0.991445
1 13 72 80 1 2 0
1 13 73 78 2 0 0
1 13 73 79 2 1 0
1 13 73 80 2 2 0.979333
1 14 65 69 0 0 0.962502
1 14 66 69 1 0 0
1 15 60 63 0 0 0.992482
1 16 76 81 0 0 0.965094
1 17 74 82 0 0 0.76756
1 17 74 83 0 1 0
1 17 75 82 1 0 0
1 17 75 83 1 1 0.826435
2 0 86 84 0 0 0.991875
2 0 86 85 0 1 0
2 0 87 84 1 0 0
2 0 87 85 1 1 0.965738
2 1 88 98 0 0 0.983871
2 1 88 99 0 1 0
2 1 89 98 1 0 0
2 1 89 99 1 1 0.911518
2 2 98 107 0 0 0.991137
2 2 98 108 0 1 0
2 2 99 107 1 0 0
2 2 99 108 1 1 0.947376
2 3 84 88 0 0 0.973019
2 3 84 89 0 1 0
2 3 85 88 1 0 0
2 3 85 89 1 1 0.796211
2 4 84 90 0 0 0.967996
2 4 84 91 0 1 0
2 4 85 90 1 0 0
2 4 85 91 1 1 0.802203
2 5 90 100 0 0 0.999635
2 5 90 101 0 1 0
2 5 91 100 1 0 0
2 5 91 101 1 1 0.964107
2 6 100 109 0 0 0.995599
2 6 100 110 0 1 0
2 6 101 109 1 0 0
2 6 101 110 1 1 0.976276
2 7 86 94 0 0 0.994574
2 7 86 95 0 1 0
2 7 87 94 1 0 0
2 7 87 95 1 1 0.938778
2 8 94 104 0 0 0.987484
2 8 95 104 1 0 0
2 9 104 111 0 0 0.989497
2 11 86 96 0 0 0.996513
2 11 86 97 0 1 0
2 11 87 96 1 0 0
2 11 87 97 1 1 0.957419
2 12 96 105 0 0 0.996155
2 12 96 106 0 1 0
2 12 97 105 1 0 0
2 12 97 106 1 1 0.995587
2 13 105 112 0 0 0.976676
2 13 105 113 0 1 0
2 13 106 112 1 0 0
2 13 106 113 1 1 0.95998
2 14 96 102 0 0 0.987319
2 14 96 103 0 1 0
2 14 97 102 1 0 0
2 14 97 103 1 1 0.996613
2 15 86 92 0 0 0.995786
2 15 86 93 0 1 0
2 15 87 92 1 0 0
2 15 87 93 1 1 0.994457
2 16 109 114 0 0 0.99572
2 16 109 115 0 1 0
2 16 110 114 1 0 0
2 16 110 115 1 1 0.959764
2 17 107 116 0 0 0.958089
2 17 107 117 0 1 0
2 17 108 116 1 0 0
2 17 108 117 1 1 0.914795
3 0 119 118 0 0 0.972675
3 3 118 120 0 0 0.897013
3 4 118 121 0 0 0.904203
3 7 119 123 0 0 0.987235
3 8 123 127 0 0 0.974175
3 9 127 129 0 0 0.98493
3 10 123 125 0 0 0.975899
3 11 119 124 0 0 0.984266
3 12 124 128 0 0 0.998685
3 13 128 130 0 0 0.800339
3 14 124 126 0 0 0.792903
3 15 119 122 0 0 0.999309
4 0 133 131 0 0 0
4 0 133 132 0 1 0.876532
4 0 134 131 1 0 0.995903
4 0 134 132 1 1 0
4 1 135 145 0 0 0.98396
4 1 135 146 0 1 0
4 1 136 145 1 0 0
4 1 136 146 1 1 0.942769
4 2 145 154 0 0 0.991877
4 2 145 155 0 1 0
4 2 146 154 1 0 0
4 2 146 155 1 1 0.976678
4 3 131 135 0 0 0.957817
4 3 131 136 0 1 0
4 3 132 135 1 0 0
4 3 132 136 1 1 0.65242
4 4 131 137 0 0 0.947295
4 4 131 138 0 1 0
4 4 132 137 1 0 0
4 4 132 138 1 1 0.598045
4 5 137 147 0 0 0.999083
4 5 137 148 0 1 0
4 5 138 147 1 0 0
4 5 138 148 1 1 0.812037
4 6 147 156 0 0 0.99591
4 6 147 157 0 1 0
4 6 148 156 1 0 0
4 6 148 157 1 1 0.878873
4 7 133 141 0 0 0.791246
4 7 133 142 0 1 0
4 7 134 141 1 0 0
4 7 134 142 1 1 0.99888
4 8 141 151 0 0 0.977297
4 8 141 152 0 1 0
4 8 142 151 1 0 0
4 8 142 152 1 1 0.987971
4 9 151 158 0 0 0.995406
4 9 151 159 0 1 0
4 9 152 158 1 0 0
4 9 152 159 1 1 0.989178
4 10 141 149 0 0 0.992747
4 10 141 150 0 1 0
4 10 142 149 1 0 0
4 10 142 150 1 1 0.977767
4 11 133 143 0 0 0.798998
4 11 133 144 0 1 0
4 11 134 143 1 0 0
4 11 134 144 1 1 0.998552
4 12 143 153 0 0 0
4 12 144 153 1 0 0.999077
4 13 153 160 0 0 0.997011
4 15 133 139 0 0 0.806132
4 15 133 140 0 1 0
4 15 134 139 1 0 0
4 15 134 140 1 1 0.975478
4 16 156 161 0 0 0.980881
4 16 156 162 0 1 0
4 16 157 161 1 0 0
4 16 157 162 1 1 0.921344
4 17 154 163 0 0 0.983031
4 17 154 164 0 1 0
4 17 155 163 1 0 0
4 17 155 164 1 1 0.994217
E jointIdx viewA viewB aOverAllIdx bOverallIdx score
0 0 1 0 59 -1
0 0 1 1 59 0.00198442
0 0 1 2 59 0.334414
0 0 1 3 59 0.942292
0 0 2 0 84 -1
0 0 2 0 85 0.804502
0 0 2 1 84 -1
0 0 2 1 85 -1
0 0 2 2 84 0.750652
0 0 2 2 85 -1
0 0 2 3 84 -1
0 0 2 3 85 0.824286
0 0 3 0 118 -1
0 0 3 1 118 -1
0 0 3 2 118 0.572151
0 0 3 3 118 -1
0 0 4 0 131 -1
0 0 4 0 132 -1
0 0 4 1 131 -1
0 0 4 1 132 -1
0 0 4 2 131 -1
0 0 4 2 132 0.871281
0 0 4 3 131 0.873548
0 0 4 3 132 -1
0 1 2 59 84 0.321837
0 1 2 59 85 0.678163
0 1 3 59 118 -1
0 1 4 59 131 0.447181
0 1 4 59 132 0.0851492
0 2 3 84 118 0.548296
0 2 3 85 118 -1
0 2 4 84 131 -1
0 2 4 84 132 0.757471
0 2 4 85 131 0.778559
0 2 4 85 132 -1
0 3 4 118 131 0.585408
0 3 4 118 132 0.414592
1 0 1 4 60 0.373506
1 0 1 5 60 0.321647
1 0 1 6 60 0.141218
1 0 1 7 60 0.163629
1 0 2 4 86 0.870649
1 0 2 4 87 -1
1 0 2 5 86 -1
1 0 2 5 87 0.940475
1 0 2 6 86 -1
1 0 2 6 87 -1
1 0 2 7 86 -1
1 0 2 7 87 -1
1 0 3 4 119 0.377713
1 0 3 5 119 0.430254
1 0 3 6 119 0.129007
1 0 3 7 119 0.0630263
1 0 4 4 133 0.949614
1 0 4 4 134 -1
1 0 4 5 133 -1
1 0 4 5 134 0.955531
1 0 4 6 133 -1
1 0 4 6 134 0.450385
1 0 4 7 133 -1
1 0 4 7 134 0.365802
1 1 2 60 86 0.581212
1 1 2 60 87 0.418788
1 1 3 60 119 0.677262
1 1 4 60 133 0.507208
1 1 4 60 134 0.492792
1 2 3 86 119 0.822783
1 2 3 87 119 -1
1 2 4 86 133 0.820628
1 2 4 86 134 -1
1 2 4 87 133 -1
1 2 4 87 134 0.980198
1 3 4 119 133 0.513699
1 3 4 119 134 0.486301
2 0 1 8 61 -1
2 0 1 9 61 0.0302118
2 0 1 10 61 0.307292
2 0 1 11 61 0.967649
2 0 2 8 88 -1
2 0 2 8 89 0.874761
2 0 2 9 88 -1
2 0 2 9 89 -1
2 0 2 10 88 0.669572
2 0 2 10 89 -1
2 0 2 11 88 -1
2 0 2 11 89 0.530802
2 0 3 8 120 -1
2 0 3 9 120 -1
2 0 3 10 120 0.435487
2 0 3 11 120 -1
2 0 4 8 135 -1
2 0 4 8 136 -1
2 0 4 9 135 -1
2 0 4 9 136 -1
2 0 4 10 135 -1
2 0 4 10 136 0.809397
2 0 4 11 135 0.881461
2 0 4 11 136 -1
2 1 2 61 88 0.710539
2 1 2 61 89 0.289461
2 1 3 61 120 -1
2 1 4 61 135 0.519688
2 1 4 61 136 0.480312
2 2 3 88 120 0.364483
2 2 3 89 120 -1
2 2 4 88 135 0.399613
2 2 4 88 136 0.433446
2 2 4 89 135 0.538429
2 2 4 89 136 -1
2 3 4 120 135 0.609229
2 3 4 120 136 0.390771
3 0 1 12 62 -1
3 0 1 13 62 -1
3 0 1 14 62 0.379772
3 0 1 15 62 0.924024
3 0 2 12 90 -1
3 0 2 12 91 -1
3 0 2 13 90 -1
3 0 2 13 91 0.450306
3 0 2 14 90 0.813092
3 0 2 14 91 -1
3 0 2 15 90 -1
3 0 2 15 91 0.956832
3 0 3 12 121 -1
3 0 3 13 121 -1
3 0 3 14 121 0.669127
3 0 3 15 121 -1
3 0 4 12 137 -1
3 0 4 12 138 -1
3 0 4 13 137 -1
3 0 4 13 138 -1
3 0 4 14 137 -1
3 0 4 14 138 0.976964
3 0 4 15 137 0.82891
3 0 4 15 138 -1
3 1 2 62 90 -1
3 1 2 62 91 0.878822
3 1 3 62 121 -1
3 1 4 62 137 0.369458
3 1 4 62 138 -1
3 2 3 90 121 0.688151
3 2 3 91 121 -1
3 2 4 90 137 -1
3 2 4 90 138 0.995089
3 2 4 91 137 0.536852
3 2 4 91 138 -1
3 3 4 121 137 0.59066
3 3 4 121 138 0.392673
4 0 1 16 63 0.856647
4 0 1 17 63 0.148511
4 0 1 18 63 -1
4 0 2 16 92 0.992198
4 0 2 16 93 -1
4 0 2 17 92 -1
4 0 2 17 93 -1
4 0 2 18 92 -1
4 0 2 18 93 -1
4 0 3 16 122 0.444021
4 0 3 17 122 0.275624
4 0 3 18 122 0.280355
4 0 4 16 139 0.948374
4 0 4 16 140 -1
4 0 4 17 139 -1
4 0 4 17 140 -1
4 0 4 18 139 -1
4 0 4 18 140 -1
4 1 2 63 92 0.421531
4 1 2 63 93 0.578469
4 1 3 63 122 0.713912
4 1 4 63 139 0.259317
4 1 4 63 140 0.740683
4 2 3 92 122 0.874898
4 2 3 93 122 -1
4 2 4 92 139 0.959367
4 2 4 92 140 -1
4 2 4 93 139 -1
4 2 4 93 140 0.969686
4 3 4 122 139 0.662189
4 3 4 122 140 0.337811
5 0 1 19 64 0.289743
5 0 1 20 64 0.336114
5 0 1 21 64 0.191784
5 0 1 22 64 0.182358
5 0 2 19 94 0.721369
5 0 2 19 95 -1
5 0 2 20 94 -1
5 0 2 20 95 0.651022
5 0 2 21 94 -1
5 0 2 21 95 -1
5 0 2 22 94 -1
5 0 2 22 95 -1
5 0 3 19 123 0.575873
5 0 3 20 123 0.829946
5 0 3 21 123 0.266095
5 0 3 22 123 -1
5 0 4 19 141 0.957727
5 0 4 19 142 -1
5 0 4 20 141 -1
5 0 4 20 142 0.976664
5 0 4 21 141 -1
5 0 4 21 142 0.39704
5 0 4 22 141 -1
5 0 4 22 142 0.257332
5 1 2 64 94 0.182713
5 1 2 64 95 0.425274
5 1 3 64 123 0.788009
5 1 4 64 141 0.402429
5 1 4 64 142 0.597571
5 2 3 94 123 0.846357
5 2 3 95 123 -1
5 2 4 94 141 0.764091
5 2 4 94 142 -1
5 2 4 95 141 -1
5 2 4 95 142 0.668414
5 3 4 123 141 0.499151
5 3 4 123 142 0.500849
6 0 1 23 65 0.2218
6 0 1 23 66 0.18378
6 0 1 24 65 0.221358
6 0 1 24 66 0.184093
6 0 1 25 65 0.163312
6 0 1 25 66 0.206424
6 0 1 26 65 0.072921
6 0 1 26 66 0.159529
6 0 2 23 96 0.878506
6 0 2 23 97 -1
6 0 2 24 96 -1
6 0 2 24 97 0.802471
6 0 2 25 96 -1
6 0 2 25 97 -1
6 0 2 26 96 -1
6 0 2 26 97 0.0530205
6 0 3 23 124 0.478728
6 0 3 24 124 0.374584
6 0 3 25 124 0.115692
6 0 3 26 124 0.0309958
6 0 4 23 143 0.736645
6 0 4 23 144 -1
6 0 4 24 143 -1
6 0 4 24 144 0.951541
6 0 4 25 143 -1
6 0 4 25 144 0.363825
6 0 4 26 143 -1
6 0 4 26 144 0.345107
6 1 2 65 96 0.205633
6 1 2 65 97 0.747913
6 1 2 66 96 0.751974
6 1 2 66 97 0.0979
6 1 3 65 124 0.437345
6 1 3 66 124 0.562655
6 1 4 65 143 0.327105
6 1 4 65 144 0.489508
6 1 4 66 143 0.534616
6 1 4 66 144 0.338341
6 2 3 96 124 0.963969
6 2 3 97 124 -1
6 2 4 96 143 0.614013
6 2 4 96 144 -1
6 2 4 97 143 -1
6 2 4 97 144 0.715307
6 3 4 124 143 0.543527
6 3 4 124 144 0.456473
7 0 1 27 67 -1
7 0 1 28 67 0.416715
7 0 1 29 67 0.477978
7 0 2 27 98 -1
7 0 2 27 99 0.25199
7 0 2 28 98 0.906145
7 0 2 28 99 -1
7 0 2 29 98 -1
7 0 2 29 99 0.501319
7 0 4 27 145 -1
7 0 4 27 146 -1
7 0 4 28 145 -1
7 0 4 28 146 0.901061
7 0 4 29 145 0.895452
7 0 4 29 146 -1
7 1 2 67 98 0.858722
7 1 2 67 99 -1
7 1 4 67 145 0.142265
7 1 4 67 146 0.845342
7 2 4 98 145 0.336342
7 2 4 98 146 0.518285
7 2 4 99 145 0.441935
7 2 4 99 146 0.0699864
8 0 1 30 68 -1
8 0 1 31 68 0.17288
8 0 1 32 68 0.980074
8 0 2 30 100 -1
8 0 2 30 101 0.773568
8 0 2 31 100 0.896671
8 0 2 31 101 -1
8 0 2 32 100 -1
8 0 2 32 101 0.724285
8 0 4 30 147 -1
8 0 4 30 148 -1
8 0 4 31 147 -1
8 0 4 31 148 0.941797
8 0 4 32 147 0.971401
8 0 4 32 148 -1
8 1 2 68 100 -1
8 1 2 68 101 0.769109
8 1 4 68 147 0.690817
8 1 4 68 148 -1
8 2 4 100 147 -1
8 2 4 100 148 0.569966
8 2 4 101 147 0.535234
8 2 4 101 148 -1
9 0 3 33 125 -1
9 0 3 34 125 0.471305
9 0 4 33 149 -1
9 0 4 33 150 0.982127
9 0 4 34 149 -1
9 0 4 34 150 -1
9 3 4 125 149 0.67586
9 3 4 125 150 0.32414
10 0 1 35 69 0.959821
10 0 1 36 69 0.63885
10 0 1 37 69 -1
10 0 1 38 69 -1
10 0 2 35 102 -1
10 0 2 35 103 0.980477
10 0 2 36 102 0.940196
10 0 2 36 103 -1
10 0 2 37 102 -1
10 0 2 37 103 -1
10 0 2 38 102 -1
10 0 2 38 103 -1
10 0 3 35 126 -0.871301
10 0 3 36 126 0.806959
10 0 3 37 126 0.525895
10 0 3 38 126 0.538446
10 1 2 69 102 0.472044
10 1 2 69 103 0.527956
10 1 3 69 126 0.587501
10 2 3 102 126 0.991401
10 2 3 103 126 -1
11 0 1 39 70 0.334165
11 0 1 40 70 0.665835
11 0 2 39 104 -1
11 0 2 40 104 -1
11 0 3 39 127 -1
11 0 3 40 127 -1
11 0 4 39 151 0.0715677
11 0 4 39 152 -1
11 0 4 40 151 0.505451
11 0 4 40 152 0.494549
11 1 2 70 104 0.651836
11 1 3 70 127 0.0183652
11 1 4 70 151 0.198186
11 1 4 70 152 0.801814
11 2 3 104 127 0.963317
11 2 4 104 151 0.953545
11 2 4 104 152 0.0464545
11 3 4 127 151 0.607702
11 3 4 127 152 0.392298
12 0 1 41 71 0.384874
12 0 1 41 72 -1
12 0 1 41 73 -1
12 0 1 42 71 0.167972
12 0 1 42 72 0.394107
12 0 1 42 73 0.205128
12 0 1 43 71 0.219324
12 0 1 43 72 -1
12 0 1 43 73 0.941766
12 0 2 41 105 0.922155
12 0 2 41 106 -1
12 0 2 42 105 -1
12 0 2 42 106 0.345146
12 0 2 43 105 -1
12 0 2 43 106 0.946884
12 0 3 41 128 0.844581
12 0 3 42 128 -1
12 0 3 43 128 -1
12 0 4 41 153 0.3128
12 0 4 42 153 0.190139
12 0 4 43 153 0.497061
12 1 2 71 105 0.979105
12 1 2 71 106 -1
12 1 2 72 105 -1
12 1 2 72 106 -1
12 1 2 73 105 -1
12 1 2 73 106 0.999178
12 1 3 71 128 0.933825
12 1 3 72 128 -1
12 1 3 73 128 -1
12 1 4 71 153 -1
12 1 4 72 153 -1
12 1 4 73 153 0.971455
12 2 3 105 128 0.908435
12 2 3 106 128 -1
12 2 4 105 153 -1
12 2 4 106 153 0.993877
12 3 4 128 153 0.49391
13 0 1 44 74 -1
13 0 1 44 75 -1
13 0 1 45 74 0.743395
13 0 1 45 75 -1
13 0 1 46 74 0.312854
13 0 1 46 75 0.567483
13 0 2 44 107 -1
13 0 2 44 108 0.566144
13 0 2 45 107 0.934833
13 0 2 45 108 -1
13 0 2 46 107 -1
13 0 2 46 108 0.721626
13 0 4 44 154 -1
13 0 4 44 155 -1
13 0 4 45 154 -1
13 0 4 45 155 0.916199
13 0 4 46 154 0.685593
13 0 4 46 155 -1
13 1 2 74 107 0.631665
13 1 2 74 108 -1
13 1 2 75 107 -1
13 1 2 75 108 0.822309
13 1 4 74 154 -1
13 1 4 74 155 0.353102
13 1 4 75 154 0.837636
13 1 4 75 155 -1
13 2 4 107 154 0.268607
13 2 4 107 155 0.337613
13 2 4 108 154 0.335692
13 2 4 108 155 0.266095
14 0 1 47 76 -1
14 0 1 48 76 -1
14 0 1 49 76 0.898896
14 0 2 47 109 -1
14 0 2 47 110 -1
14 0 2 48 109 0.991103
14 0 2 48 110 -1
14 0 2 49 109 -1
14 0 2 49 110 0.848864
14 0 4 47 156 -1
14 0 4 47 157 -1
14 0 4 48 156 -1
14 0 4 48 157 0.801993
14 0 4 49 156 0.888933
14 0 4 49 157 -1
14 1 2 76 109 -1
14 1 2 76 110 0.878318
14 1 4 76 156 0.737454
14 1 4 76 157 -1
14 2 4 109 156 -1
14 2 4 109 157 0.842214
14 2 4 110 156 0.812548
14 2 4 110 157 -1
15 0 1 50 77 -1
15 0 1 51 77 0.667657
15 0 2 50 111 -1
15 0 2 51 111 -1
15 0 3 50 129 -1
15 0 3 51 129 -1
15 0 4 50 158 -1
15 0 4 50 159 -1
15 0 4 51 158 0.295395
15 0 4 51 159 0.704605
15 1 2 77 111 0.498243
15 1 3 77 129 -1
15 1 4 77 158 0.20397
15 1 4 77 159 0.769818
15 2 3 111 129 0.873
15 2 4 111 158 0.911788
15 2 4 111 159 0.0882121
15 3 4 129 158 0.555785
15 3 4 129 159 0.444215
16 0 1 52 78 0.532678
16 0 1 52 79 0.460389
16 0 1 52 80 -1
16 0 1 53 78 0.429021
16 0 1 53 79 -1
16 0 1 53 80 -1
16 0 1 54 78 0.0383009
16 0 1 54 79 -1
16 0 1 54 80 0.75708
16 0 2 52 112 -1
16 0 2 52 113 0.17306
16 0 2 53 112 0.924734
16 0 2 53 113 -1
16 0 2 54 112 -1
16 0 2 54 113 0.970632
16 0 3 52 130 -1
16 0 3 53 130 0.958283
16 0 3 54 130 -1
16 0 4 52 160 -1
16 0 4 53 160 -1
16 0 4 54 160 0.793357
16 1 2 78 112 0.504841
16 1 2 78 113 -1
16 1 2 79 112 -1
16 1 2 79 113 -1
16 1 2 80 112 -1
16 1 2 80 113 0.842642
16 1 3 78 130 0.653494
16 1 3 79 130 -1
16 1 3 80 130 -1
16 1 4 78 160 -1
16 1 4 79 160 -1
16 1 4 80 160 0.977498
16 2 3 112 130 0.939645
16 2 3 113 130 -1
16 2 4 112 160 -1
16 2 4 113 160 0.872511
16 3 4 130 160 0.23579
17 0 1 55 81 -1
17 0 1 56 81 0.521946
17 0 2 55 114 -1
17 0 2 55 115 -1
17 0 2 56 114 0.816135
17 0 2 56 115 -1
17 0 4 55 161 -1
17 0 4 55 162 -1
17 0 4 56 161 -1
17 0 4 56 162 0.935573
17 1 2 81 114 -1
17 1 2 81 115 0.96363
17 1 4 81 161 0.87638
17 1 4 81 162 -1
17 2 4 114 161 -1
17 2 4 114 162 0.950641
17 2 4 115 161 0.783797
17 2 4 115 162 -1
18 0 1 57 82 -1
18 0 1 57 83 -1
18 0 1 58 82 0.0770174
18 0 1 58 83 -1
18 0 2 57 116 -1
18 0 2 57 117 -1
18 0 2 58 116 0.79717
18 0 2 58 117 -1
18 0 4 57 163 -1
18 0 4 57 164 -1
18 0 4 58 163 -1
18 0 4 58 164 0.763333
18 1 2 82 116 0.0923562
18 1 2 82 117 -1
18 1 2 83 116 -1
18 1 2 83 117 0.706434
18 1 4 82 163 -1
18 1 4 82 164 -1
18 1 4 83 163 0.559005
18 1 4 83 164 0.289423
18 2 4 116 163 0.278907
18 2 4 116 164 0.304842
18 2 4 117 163 0.303782
18 2 4 117 164 0.274469
end of Frame 88
