J OverallIdx viewIdx joint种类0-18(jointIdx) 该joint在图中的顺序(candidix) x y score
0 0 0 0 56.0977 364.763 0.763049
1 0 0 1 507.619 383.789 0.708974
2 0 0 2 308.454 444.944 0.534914
3 0 1 0 302.858 196.199 0.898778
4 0 1 1 56.0516 213.047 0.910998
5 0 1 2 521.641 210.862 0.860432
6 0 2 0 25.2044 362.775 0.67154
7 0 2 1 487.92 383.772 0.678702
8 0 2 2 361.78 440.741 0.550045
9 0 3 0 92.4828 362.771 0.711392
10 0 3 1 529.959 383.81 0.681853
11 0 3 2 257.989 444.946 0.532913
12 0 4 0 459.993 156.016 0.926064
13 0 4 1 100.986 160.207 0.936216
14 0 5 0 378.616 198.214 0.795704
15 0 5 1 487.956 210.921 0.796544
16 0 6 0 227.137 194.114 0.827796
17 0 6 1 549.683 208.815 0.853473
18 0 6 2 106.644 221.394 0.812385
19 0 7 0 30.8174 482.928 0.789606
20 0 7 1 501.885 516.673 0.730939
21 0 7 2 342.064 632.629 0.74424
22 0 8 0 81.381 482.951 0.822424
23 0 8 1 527.373 522.953 0.76628
24 0 8 2 258.112 630.491 0.700278
25 0 9 0 330.989 111.73 0.86158
26 0 9 1 56.0831 147.663 0.867737
27 0 10 0 258.001 111.776 0.915097
28 0 10 1 504.886 145.516 0.916181
29 0 11 0 485.116 295.199 0.222308
30 0 11 1 431.856 329.067 0.863198
31 0 12 0 611.333 278.342 0.893962
32 0 12 1 123.302 290.991 0.766521
33 0 12 2 207.438 339.484 0.784787
34 0 13 0 510.347 632.528 0.830682
35 0 13 1 333.754 765.436 0.429742
36 0 14 0 78.5521 594.685 0.813728
37 0 14 1 552.582 651.569 0.745887
38 0 14 2 263.645 767.314 0.214192
39 0 15 0 389.772 415.42 0.715023
40 0 16 0 134.591 314.215 0.494624
41 0 16 1 549.793 331.171 0.878468
42 0 16 2 213.104 432.24 0.753719
43 0 17 0 78.5987 622.036 0.780722
44 0 17 1 518.791 685.383 0.740754
45 0 18 0 39.2274 619.964 0.577687
46 0 18 1 445.949 649.469 0.801905
47 1 0 0 544.072 379.57 0.803701
48 1 0 1 689.845 400.661 0.656054
49 1 0 2 112.207 442.821 0.622473
50 1 1 0 100.889 223.494 0.876204
51 1 1 1 684.201 225.527 0.803321
52 1 1 2 546.8 244.694 0.93184
53 1 2 0 515.992 379.577 0.766908
54 1 2 1 706.68 398.584 0.596957
55 1 2 2 64.4837 442.833 0.598735
56 1 3 0 571.932 379.594 0.822732
57 1 3 1 678.676 402.76 0.667944
58 1 3 2 162.594 442.783 0.610494
59 1 4 0 36.519 149.749 0.864202
60 1 4 1 190.806 168.705 0.590656
61 1 4 2 616.809 179.285 0.877022
62 1 4 3 524.477 196.077 0.957847
63 1 5 0 703.79 223.538 0.684258
64 1 5 1 33.7372 227.803 0.90024
65 1 5 2 504.726 244.697 0.932087
66 1 6 0 165.476 212.947 0.839319
67 1 6 1 664.654 225.583 0.901363
68 1 6 2 583.341 244.608 0.880051
69 1 7 0 524.446 485.021 0.834665
70 1 7 1 684.365 531.343 0.731055
71 1 7 2 58.8739 600.987 0.759224
72 1 8 0 577.686 482.845 0.836053
73 1 8 1 667.434 531.444 0.72844
74 1 8 2 182.303 582.083 0.728593
75 1 9 0 159.89 160.27 0.764748
76 1 10 0 100.944 130.727 0.946507
77 1 10 1 645.077 166.623 0.827546
78 1 10 2 558.075 193.942 0.904217
79 1 11 0 462.658 293.101 0.964837
80 1 11 1 729.215 314.232 0.151583
81 1 11 2 33.6045 339.519 0.53649
82 1 12 0 622.634 295.118 0.912118
83 1 12 1 201.967 316.304 0.811305
84 1 12 2 681.515 328.836 0.882638
85 1 13 0 527.128 571.495 0.848703
86 1 13 1 681.508 645.257 0.683182
87 1 13 2 56.1061 765.449 0.506047
88 1 14 0 591.723 569.334 0.850455
89 1 14 1 689.856 666.406 0.752106
90 1 14 2 207.445 693.771 0.749421
91 1 15 0 493.513 331.138 0.876377
92 1 16 0 594.676 331.176 0.923769
93 1 16 1 168.127 396.456 0.911597
94 1 16 2 639.482 396.43 0.86627
95 1 17 0 588.907 598.883 0.872539
96 1 17 1 636.444 670.595 0.742362
97 1 17 2 196.31 731.669 0.790198
98 1 18 0 496.394 594.623 0.786956
99 1 18 1 639.348 647.373 0.812004
100 2 0 0 398.272 280.525 0.76544
101 2 0 1 731.933 371.139 0.745721
102 2 0 2 171.156 651.606 0.512689
103 2 1 0 392.46 126.463 0.9415
104 2 1 1 771.214 227.747 0.891302
105 2 1 2 142.964 425.953 0.745928
106 2 1 3 726.373 674.774 0.532897
107 2 2 0 370.214 286.763 0.778583
108 2 2 1 709.46 362.758 0.736656
109 2 2 2 201.921 664.212 0.540589
110 2 3 0 434.596 278.397 0.781529
111 2 3 1 754.378 379.504 0.755714
112 2 3 2 145.822 647.324 0.423899
113 2 4 0 409.369 92.7134 0.917423
114 2 4 1 723.524 179.292 0.872958
115 2 4 2 844.216 704.367 0.789701
116 2 5 0 344.91 132.821 0.820294
117 2 5 1 731.938 208.787 0.77252
118 2 5 2 176.712 459.706 0.559571
119 2 5 3 681.465 727.48 0.453497
120 2 6 0 437.347 115.965 0.856875
121 2 6 1 799.357 246.758 0.820177
122 2 6 2 95.3382 390.112 0.685106
123 2 6 3 748.777 605.221 0.413783
124 2 7 0 370.126 388.005 0.826302
125 2 7 1 703.92 463.898 0.834071
126 2 7 2 252.383 750.747 0.663568
127 2 8 0 440.42 373.233 0.797528
128 2 8 1 734.794 472.354 0.775414
129 2 8 2 196.278 719.042 0.588736
130 2 9 0 370.309 75.9023 0.84691
131 2 9 1 215.996 324.764 0.805735
132 2 9 2 768.398 649.471 0.803252
133 2 10 0 431.794 73.8468 0.322732
134 2 10 1 776.864 177.088 0.914013
135 2 10 2 106.53 312.16 0.427877
136 2 11 0 277.55 198.234 0.865341
137 2 11 1 726.312 263.63 0.778864
138 2 11 2 193.592 615.824 0.777262
139 2 12 0 457.143 162.315 0.882102
140 2 12 1 816.12 343.704 0.937095
141 2 12 2 27.9856 419.62 0.277259
142 2 12 3 802.04 719.029 0.579331
143 2 13 0 370.165 478.584 0.841468
144 2 13 1 698.329 544.079 0.802761
145 2 14 0 437.343 449.22 0.883341
146 2 14 1 734.749 560.934 0.758146
147 2 14 2 196.314 765.562 0.154692
148 2 15 0 330.888 248.841 0.857264
149 2 15 1 701.07 326.782 0.7504
150 2 15 2 47.6286 508.181 0.223383
151 2 15 3 291.607 632.65 0.814115
152 2 16 0 459.873 219.325 0.854015
153 2 16 1 757.177 392.249 0.850883
154 2 16 2 207.455 463.882 0.187237
155 2 16 3 39.3052 499.736 0.319363
156 2 16 4 838.465 765.553 0.221833
157 2 17 0 473.919 482.945 0.823347
158 2 17 1 692.665 575.705 0.380309
159 2 18 0 375.822 516.596 0.742642
160 2 18 1 642.298 550.376 0.811721
161 3 0 0 622.579 312.023 0.679765
162 3 0 1 286.068 375.309 0.673329
163 3 0 2 728.977 444.914 0.476982
164 3 1 0 712.391 170.779 0.760167
165 3 1 1 263.649 183.488 0.765979
166 3 1 2 614.148 189.778 0.730035
167 3 2 0 591.643 312.08 0.685329
168 3 2 1 269.198 377.41 0.647166
169 3 2 2 787.996 436.518 0.443807
170 3 3 0 661.856 307.896 0.687418
171 3 3 1 305.758 371.134 0.636928
172 3 3 2 664.706 440.732 0.463939
173 3 4 0 319.687 124.449 0.896855
174 3 4 1 597.318 141.313 0.901953
175 3 5 0 815.958 160.322 0.789817
176 3 5 1 246.77 189.791 0.776694
177 3 5 2 569.235 191.875 0.82218
178 3 6 0 283.356 179.25 0.707237
179 3 6 1 636.576 181.329 0.751145
180 3 7 0 594.574 447.064 0.714861
181 3 7 1 280.521 516.61 0.811053
182 3 7 2 1029.2 541.937 0.168565
183 3 7 3 771.201 647.39 0.74013
184 3 8 0 319.738 503.962 0.753616
185 3 8 1 1029.2 548.199 0.446605
186 3 8 2 1009.61 548.303 0.446217
187 3 8 3 681.515 666.321 0.749063
188 3 9 0 729.275 61.168 0.455618
189 3 9 1 260.895 115.979 0.836469
190 3 9 2 574.943 128.64 0.286028
191 3 10 0 639.494 71.6759 0.809276
192 3 10 1 633.728 126.643 0.69045
193 3 11 0 201.95 263.662 0.824817
194 3 11 1 544.076 265.712 0.854143
195 3 11 2 863.669 309.982 0.721549
196 3 12 0 594.544 297.321 0.665502
197 3 13 0 600.208 548.365 0.802083
198 3 13 1 277.674 651.589 0.796871
199 3 14 0 305.734 613.593 0.832283
200 3 14 1 931.09 678.964 0.48387
201 3 15 0 258 326.854 0.897683
202 3 15 1 555.24 328.888 0.749937
203 3 15 2 838.398 390.08 0.515265
204 3 16 0 588.866 360.557 0.382094
205 3 17 0 367.421 617.864 0.887212
206 3 17 1 930.984 731.728 0.385787
207 3 18 0 569.173 581.94 0.823799
208 3 18 1 342.143 674.796 0.789403
209 4 0 0 967.52 259.395 0.720788
210 4 0 1 577.744 295.226 0.338499
211 4 0 2 658.935 328.988 0.597312
212 4 1 0 661.836 111.819 0.902093
213 4 1 1 572.042 128.721 0.388126
214 4 1 2 975.867 134.922 0.893336
215 4 2 0 995.466 261.486 0.760798
216 4 2 1 586.151 297.307 0.48496
217 4 2 2 706.569 333.194 0.568789
218 4 3 0 939.48 259.303 0.705634
219 4 3 1 614.092 328.911 0.509947
220 4 4 0 625.366 84.3163 0.800889
221 4 5 0 729.246 111.724 0.850383
222 4 5 1 563.634 130.75 0.726232
223 4 5 2 1029.2 139.168 0.902426
224 4 6 0 594.556 111.828 0.836783
225 4 6 1 933.813 128.716 0.902921
226 4 7 0 970.253 348.027 0.792073
227 4 7 1 574.957 404.863 0.241942
228 4 7 2 698.329 516.708 0.736843
229 4 8 0 933.794 347.988 0.832085
230 4 8 1 577.725 411.211 0.213211
231 4 8 2 600.122 497.683 0.739648
232 4 9 0 706.602 35.8212 0.843635
233 4 9 1 586.087 73.8407 0.900368
234 4 9 2 998.327 90.6011 0.893583
235 4 10 0 639.382 37.9763 0.465706
236 4 10 1 953.635 78.1222 0.793125
237 4 11 0 1029.21 204.507 0.908004
238 4 11 1 813.31 206.625 0.840579
239 4 11 2 524.413 213.017 0.83872
240 4 12 0 908.445 196.198 0.912418
241 4 12 1 524.379 212.939 0.447739
242 4 13 0 956.408 440.735 0.712818
243 4 13 1 572.246 497.687 0.357683
244 4 13 2 689.837 660.049 0.784604
245 4 14 0 942.298 447.008 0.740605
246 4 14 1 594.393 634.684 0.749786
247 4 15 0 1029.2 265.679 0.821487
248 4 15 1 754.382 274.149 0.862027
249 4 15 2 572.018 280.519 0.767452
250 4 16 0 908.538 238.311 0.865824
251 4 16 1 566.503 267.826 0.282287
252 4 17 0 911.435 466.118 0.741651
253 4 17 1 594.556 655.782 0.437819
254 4 18 0 740.343 649.417 0.729122
P viewIdx, pafIdx, aOverAllIdx, bOverAllIdx, CandidAIdx, CandidBIdx, score
0 0 3 0 0 0 0
0 0 3 1 0 1 0
0 0 3 2 0 2 0.992909
0 0 4 0 1 0 0.993773
0 0 4 1 1 1 0
0 0 4 2 1 2 0
0 0 5 0 2 0 0
0 0 5 1 2 1 0.962407
0 0 5 2 2 2 0
0 1 6 19 0 0 0.983429
0 1 6 20 0 1 0
0 1 6 21 0 2 0
0 1 7 19 1 0 0
0 1 7 20 1 1 0.980556
0 1 7 21 1 2 0
0 1 8 19 2 0 0
0 1 8 20 2 1 0
0 1 8 21 2 2 0.981475
0 2 19 34 0 0 0
0 2 19 35 0 1 0
0 2 20 34 1 0 0.995708
0 2 20 35 1 1 0
0 2 21 34 2 0 0
0 2 21 35 2 1 0.982493
0 3 0 6 0 0 0.938077
0 3 0 7 0 1 0
0 3 0 8 0 2 0
0 3 1 6 1 0 0
0 3 1 7 1 1 0.920928
0 3 1 8 1 2 0
0 3 2 6 2 0 0
0 3 2 7 2 1 0
0 3 2 8 2 2 0.862455
0 4 0 9 0 0 0.937867
0 4 0 10 0 1 0
0 4 0 11 0 2 0
0 4 1 9 1 0 0
0 4 1 10 1 1 0.921234
0 4 1 11 1 2 0
0 4 2 9 2 0 0
0 4 2 10 2 1 0
0 4 2 11 2 2 0.857358
0 5 9 22 0 0 0.996516
0 5 9 23 0 1 0
0 5 9 24 0 2 0
0 5 10 22 1 0 0
0 5 10 23 1 1 0.986182
0 5 10 24 1 2 0
0 5 11 22 2 0 0
0 5 11 23 2 1 0
0 5 11 24 2 2 0.982039
0 6 22 36 0 0 0.997201
0 6 22 37 0 1 0
0 6 22 38 0 2 0
0 6 23 36 1 0 0
0 6 23 37 1 1 0.989182
0 6 23 38 1 2 0
0 6 24 36 2 0 0
0 6 24 37 2 1 0
0 6 24 38 2 2 0.978929
0 7 3 14 0 0 0.975167
0 7 3 15 0 1 0
0 7 4 14 1 0 0
0 7 4 15 1 1 0
0 7 5 14 2 0 0
0 7 5 15 2 1 0.98947
0 8 14 29 0 0 0
0 8 14 30 0 1 0.997942
0 8 15 29 1 0 0.801748
0 8 15 30 1 1 0
0 9 29 39 0 0 0.486218
0 9 30 39 1 0 0.513782
0 10 14 25 0 0 0.996793
0 10 14 26 0 1 0
0 10 15 25 1 0 0
0 10 15 26 1 1 0
0 11 3 16 0 0 0.98624
0 11 3 17 0 1 0
0 11 3 18 0 2 0
0 11 4 16 1 0 0
0 11 4 17 1 1 0
0 11 4 18 1 2 0.999491
0 11 5 16 2 0 0
0 11 5 17 2 1 0.99032
0 11 5 18 2 2 0
0 12 16 31 0 0 0
0 12 16 32 0 1 0
0 12 16 33 0 2 0.989891
0 12 17 31 1 0 0.99052
0 12 17 32 1 1 0
0 12 17 33 1 2 0
0 12 18 31 2 0 0
0 12 18 32 2 1 0.971183
0 12 18 33 2 2 0
0 13 31 40 0 0 0
0 13 31 41 0 1 0.960567
0 13 31 42 0 2 0
0 13 32 40 1 0 0.95127
0 13 32 41 1 1 0
0 13 32 42 1 2 0
0 13 33 40 2 0 0
0 13 33 41 2 1 0
0 13 33 42 2 2 0.979395
0 14 16 27 0 0 0.983195
0 14 16 28 0 1 0
0 14 17 27 1 0 0
0 14 17 28 1 1 0.990478
0 14 18 27 2 0 0
0 14 18 28 2 1 0
0 15 3 12 0 0 0
0 15 3 13 0 1 0
0 15 4 12 1 0 0
0 15 4 13 1 1 0.965263
0 15 5 12 2 0 0.996002
0 15 5 13 2 1 0
0 16 36 43 0 0 0.976638
0 16 36 44 0 1 0
0 16 37 43 1 0 0
0 16 37 44 1 1 0.945913
0 16 38 43 2 0 0
0 16 38 44 2 1 0
0 17 34 45 0 0 0
0 17 34 46 0 1 0.965021
0 17 35 45 1 0 0
0 17 35 46 1 1 0
1 0 50 47 0 0 0
1 0 50 48 0 1 0
1 0 50 49 0 2 0.998838
1 0 51 47 1 0 0
1 0 51 48 1 1 0.954731
1 0 51 49 1 2 0
1 0 52 47 2 0 0.99075
1 0 52 48 2 1 0
1 0 52 49 2 2 0
1 1 53 69 0 0 0.986771
1 1 53 70 0 1 0
1 1 53 71 0 2 0
1 1 54 69 1 0 0
1 1 54 70 1 1 0.922833
1 1 54 71 1 2 0
1 1 55 69 2 0 0
1 1 55 70 2 1 0
1 1 55 71 2 2 0.957364
1 2 69 85 0 0 0.998089
1 2 69 86 0 1 0
1 2 69 87 0 2 0
1 2 70 85 1 0 0
1 2 70 86 1 1 0.976732
1 2 70 87 1 2 0
1 2 71 85 2 0 0
1 2 71 86 2 1 0
1 2 71 87 2 2 0.993889
1 3 47 53 0 0 0.969247
1 3 47 54 0 1 0
1 3 47 55 0 2 0
1 3 48 53 1 0 0
1 3 48 54 1 1 0.874058
1 3 48 55 1 2 0
1 3 49 53 2 0 0
1 3 49 54 2 1 0
1 3 49 55 2 2 0.90343
1 4 47 56 0 0 0.968338
1 4 47 57 0 1 0
1 4 47 58 0 2 0
1 4 48 56 1 0 0
1 4 48 57 1 1 0.877766
1 4 48 58 1 2 0
1 4 49 56 2 0 0
1 4 49 57 2 1 0
1 4 49 58 2 2 0.905557
1 5 56 72 0 0 0.99546
1 5 56 73 0 1 0
1 5 56 74 0 2 0
1 5 57 72 1 0 0
1 5 57 73 1 1 0.964312
1 5 57 74 1 2 0
1 5 58 72 2 0 0
1 5 58 73 2 1 0
1 5 58 74 2 2 0.998477
1 6 72 88 0 0 0.997518
1 6 72 89 0 1 0
1 6 72 90 0 2 0
1 6 73 88 1 0 0
1 6 73 89 1 1 0.98425
1 6 73 90 1 2 0
1 6 74 88 2 0 0
1 6 74 89 2 1 0
1 6 74 90 2 2 0.997816
1 7 50 63 0 0 0
1 7 50 64 0 1 0.990758
1 7 50 65 0 2 0
1 7 51 63 1 0 0.970549
1 7 51 64 1 1 0
1 7 51 65 1 2 0
1 7 52 63 2 0 0
1 7 52 64 2 1 0
1 7 52 65 2 2 0.994452
1 8 63 79 0 0 0
1 8 63 80 0 1 0.7197
1 8 63 81 0 2 0
1 8 64 79 1 0 0
1 8 64 80 1 1 0
1 8 64 81 1 2 0.958336
1 8 65 79 2 0 0.98133
1 8 65 80 2 1 0
1 8 65 81 2 2 0
1 9 79 91 0 0 0.985027
1 9 80 91 1 0 0
1 9 81 91 2 0 0
1 10 63 75 0 0 0
1 10 64 75 1 0 0
1 10 65 75 2 0 0
1 11 50 66 0 0 0.990531
1 11 50 67 0 1 0
1 11 50 68 0 2 0
1 11 51 66 1 0 0
1 11 51 67 1 1 0.982752
1 11 51 68 1 2 0
1 11 52 66 2 0 0
1 11 52 67 2 1 0
1 11 52 68 2 2 0.996968
1 12 66 82 0 0 0
1 12 66 83 0 1 0.99554
1 12 66 84 0 2 0
1 12 67 82 1 0 0.250733
1 12 67 83 1 1 0
1 12 67 84 1 2 0.276039
1 12 68 82 2 0 0.275575
1 12 68 83 2 1 0
1 12 68 84 2 2 0.251973
1 13 82 92 0 0 0.543204
1 13 82 93 0 1 0
1 13 82 94 0 2 0
1 13 83 92 1 0 0
1 13 83 93 1 1 0.9751
1 13 83 94 1 2 0
1 13 84 92 2 0 0.254097
1 13 84 93 2 1 0
1 13 84 94 2 2 0.548998
1 14 66 76 0 0 0.989349
1 14 66 77 0 1 0
1 14 66 78 0 2 0
1 14 67 76 1 0 0
1 14 67 77 1 1 0.98335
1 14 67 78 1 2 0
1 14 68 76 2 0 0
1 14 68 77 2 1 0
1 14 68 78 2 2 0.998721
1 15 50 59 0 0 0.98811
1 15 50 60 0 1 0
1 15 50 61 0 2 0
1 15 50 62 0 3 0
1 15 51 59 1 0 0
1 15 51 60 1 1 0
1 15 51 61 1 2 0.981033
1 15 51 62 1 3 0
1 15 52 59 2 0 0
1 15 52 60 2 1 0
1 15 52 61 2 2 0
1 15 52 62 2 3 0.984514
1 16 88 95 0 0 0.992247
1 16 88 96 0 1 0
1 16 88 97 0 2 0
1 16 89 95 1 0 0
1 16 89 96 1 1 0.951387
1 16 89 97 1 2 0
1 16 90 95 2 0 0
1 16 90 96 2 1 0
1 16 90 97 2 2 0.986371
1 17 85 98 0 0 0.96662
1 17 85 99 0 1 0
1 17 86 98 1 0 0
1 17 86 99 1 1 0.960273
1 17 87 98 2 0 0
1 17 87 99 2 1 0
2 0 103 100 0 0 0.998842
2 0 103 101 0 1 0
2 0 103 102 0 2 0
2 0 104 100 1 0 0
2 0 104 101 1 1 0.975042
2 0 104 102 1 2 0
2 0 105 100 2 0 0
2 0 105 101 2 1 0
2 0 105 102 2 2 0.971001
2 0 106 100 3 0 0
2 0 106 101 3 1 0
2 0 106 102 3 2 0
2 1 107 124 0 0 0.99413
2 1 107 125 0 1 0
2 1 107 126 0 2 0
2 1 108 124 1 0 0
2 1 108 125 1 1 0.987161
2 1 108 126 1 2 0
2 1 109 124 2 0 0
2 1 109 125 2 1 0
2 1 109 126 2 2 0.976986
2 2 124 143 0 0 0.997864
2 2 124 144 0 1 0
2 2 125 143 1 0 0
2 2 125 144 1 1 0.975624
2 2 126 143 2 0 0
2 2 126 144 2 1 0
2 3 100 107 0 0 0.929693
2 3 100 108 0 1 0
2 3 100 109 0 2 0
2 3 101 107 1 0 0
2 3 101 108 1 1 0.959031
2 3 101 109 1 2 0
2 3 102 107 2 0 0
2 3 102 108 2 1 0
2 3 102 109 2 2 0.889319
2 4 100 110 0 0 0.942968
2 4 100 111 0 1 0
2 4 100 112 0 2 0
2 4 101 110 1 0 0
2 4 101 111 1 1 0.97051
2 4 101 112 1 2 0
2 4 102 110 2 0 0
2 4 102 111 2 1 0
2 4 102 112 2 2 0.880689
2 5 110 127 0 0 0.999213
2 5 110 128 0 1 0
2 5 110 129 0 2 0
2 5 111 127 1 0 0
2 5 111 128 1 1 0.9575
2 5 111 129 1 2 0
2 5 112 127 2 0 0
2 5 112 128 2 1 0
2 5 112 129 2 2 0.956169
2 6 127 145 0 0 0.999685
2 6 127 146 0 1 0
2 6 127 147 0 2 0
2 6 128 145 1 0 0
2 6 128 146 1 1 0.988065
2 6 128 147 1 2 0
2 6 129 145 2 0 0
2 6 129 146 2 1 0
2 6 129 147 2 2 0.924388
2 7 103 116 0 0 0.994112
2 7 103 117 0 1 0
2 7 103 118 0 2 0
2 7 103 119 0 3 0
2 7 104 116 1 0 0
2 7 104 117 1 1 0.996536
2 7 104 118 1 2 0
2 7 104 119 1 3 0
2 7 105 116 2 0 0
2 7 105 117 2 1 0
2 7 105 118 2 2 0.968595
2 7 105 119 2 3 0
2 7 106 116 3 0 0
2 7 106 117 3 1 0
2 7 106 118 3 2 0
2 7 106 119 3 3 0.886013
2 8 116 136 0 0 0.978945
2 8 116 137 0 1 0
2 8 116 138 0 2 0
2 8 117 136 1 0 0
2 8 117 137 1 1 0.975883
2 8 117 138 1 2 0
2 8 118 136 2 0 0
2 8 118 137 2 1 0
2 8 118 138 2 2 0.96829
2 8 119 136 3 0 0
2 8 119 137 3 1 0
2 8 119 138 3 2 0
2 9 136 148 0 0 0.986914
2 9 136 149 0 1 0
2 9 136 150 0 2 0
2 9 136 151 0 3 0
2 9 137 148 1 0 0
2 9 137 149 1 1 0.984818
2 9 137 150 1 2 0
2 9 137 151 1 3 0
2 9 138 148 2 0 0
2 9 138 149 2 1 0
2 9 138 150 2 2 0
2 9 138 151 2 3 0.979256
2 10 116 130 0 0 0.970367
2 10 116 131 0 1 0
2 10 116 132 0 2 0
2 10 117 130 1 0 0
2 10 117 131 1 1 0
2 10 117 132 1 2 0
2 10 118 130 2 0 0
2 10 118 131 2 1 0.936201
2 10 118 132 2 2 0
2 10 119 130 3 0 0
2 10 119 131 3 1 0
2 10 119 132 3 2 0.908204
2 11 103 120 0 0 0.983675
2 11 103 121 0 1 0
2 11 103 122 0 2 0
2 11 103 123 0 3 0
2 11 104 120 1 0 0
2 11 104 121 1 1 0.99886
2 11 104 122 1 2 0
2 11 104 123 1 3 0
2 11 105 120 2 0 0
2 11 105 121 2 1 0
2 11 105 122 2 2 0.980948
2 11 105 123 2 3 0
2 11 106 120 3 0 0
2 11 106 121 3 1 0
2 11 106 122 3 2 0
2 11 106 123 3 3 0.890126
2 12 120 139 0 0 0.989454
2 12 120 140 0 1 0
2 12 120 141 0 2 0
2 12 120 142 0 3 0
2 12 121 139 1 0 0
2 12 121 140 1 1 0.978703
2 12 121 141 1 2 0
2 12 121 142 1 3 0
2 12 122 139 2 0 0
2 12 122 140 2 1 0
2 12 122 141 2 2 0
2 12 122 142 2 3 0
2 12 123 139 3 0 0
2 12 123 140 3 1 0
2 12 123 141 3 2 0
2 12 123 142 3 3 0.899894
2 13 139 152 0 0 0.995686
2 13 139 153 0 1 0
2 13 139 154 0 2 0
2 13 139 155 0 3 0
2 13 139 156 0 4 0
2 13 140 152 1 0 0
2 13 140 153 1 1 0.977246
2 13 140 154 1 2 0
2 13 140 155 1 3 0
2 13 140 156 1 4 0
2 13 141 152 2 0 0
2 13 141 153 2 1 0
2 13 141 154 2 2 0
2 13 141 155 2 3 0.816331
2 13 141 156 2 4 0
2 13 142 152 3 0 0
2 13 142 153 3 1 0
2 13 142 154 3 2 0
2 13 142 155 3 3 0
2 13 142 156 3 4 0.974156
2 14 120 133 0 0 0.816562
2 14 120 134 0 1 0
2 14 120 135 0 2 0
2 14 121 133 1 0 0
2 14 121 134 1 1 0.982521
2 14 121 135 1 2 0
2 14 122 133 2 0 0
2 14 122 134 2 1 0
2 14 122 135 2 2 0.843675
2 14 123 133 3 0 0
2 14 123 134 3 1 0
2 14 123 135 3 2 0
2 15 103 113 0 0 0.996016
2 15 103 114 0 1 0
2 15 103 115 0 2 0
2 15 104 113 1 0 0
2 15 104 114 1 1 0.992108
2 15 104 115 1 2 0
2 15 105 113 2 0 0
2 15 105 114 2 1 0
2 15 105 115 2 2 0
2 15 106 113 3 0 0
2 15 106 114 3 1 0
2 15 106 115 3 2 0.940187
2 16 145 157 0 0 0.982927
2 16 145 158 0 1 0
2 16 146 157 1 0 0
2 16 146 158 1 1 0.86664
2 16 147 157 2 0 0
2 16 147 158 2 1 0
2 17 143 159 0 0 0.961204
2 17 143 160 0 1 0
2 17 144 159 1 0 0
2 17 144 160 1 1 0.982809
3 0 164 161 0 0 0
3 0 164 162 0 1 0
3 0 164 163 0 2 0.972131
3 0 165 161 1 0 0
3 0 165 162 1 1 0.955607
3 0 165 163 1 2 0
3 0 166 161 2 0 0.970413
3 0 166 162 2 1 0
3 0 166 163 2 2 0
3 1 167 180 0 0 0.970825
3 1 167 181 0 1 0
3 1 167 182 0 2 0
3 1 167 183 0 3 0
3 1 168 180 1 0 0
3 1 168 181 1 1 0.974658
3 1 168 182 1 2 0
3 1 168 183 1 3 0
3 1 169 180 2 0 0
3 1 169 181 2 1 0
3 1 169 182 2 2 0
3 1 169 183 2 3 0.982159
3 2 180 197 0 0 0.976845
3 2 180 198 0 1 0
3 2 181 197 1 0 0
3 2 181 198 1 1 0.992164
3 2 182 197 2 0 0
3 2 182 198 2 1 0
3 2 183 197 3 0 0
3 2 183 198 3 1 0
3 3 161 167 0 0 0.911885
3 3 161 168 0 1 0
3 3 161 169 0 2 0
3 3 162 167 1 0 0
3 3 162 168 1 1 0.916952
3 3 162 169 1 2 0
3 3 163 167 2 0 0
3 3 163 168 2 1 0
3 3 163 169 2 2 0.843211
3 4 161 170 0 0 0.922559
3 4 161 171 0 1 0
3 4 161 172 0 2 0
3 4 162 170 1 0 0
3 4 162 171 1 1 0.911274
3 4 162 172 1 2 0
3 4 163 170 2 0 0
3 4 163 171 2 1 0
3 4 163 172 2 2 0.841276
3 5 170 184 0 0 0
3 5 170 185 0 1 0
3 5 170 186 0 2 0
3 5 170 187 0 3 0.491543
3 5 171 184 1 0 0.972344
3 5 171 185 1 1 0
3 5 171 186 1 2 0
3 5 171 187 1 3 0
3 5 172 184 2 0 0
3 5 172 185 2 1 0
3 5 172 186 2 2 0
3 5 172 187 2 3 0.508457
3 6 184 199 0 0 0.973709
3 6 184 200 0 1 0
3 6 185 199 1 0 0
3 6 185 200 1 1 0.505166
3 6 186 199 2 0 0
3 6 186 200 2 1 0.494834
3 6 187 199 3 0 0
3 6 187 200 3 1 0
3 7 164 175 0 0 0.96601
3 7 164 176 0 1 0
3 7 164 177 0 2 0
3 7 165 175 1 0 0
3 7 165 176 1 1 0.949562
3 7 165 177 1 2 0
3 7 166 175 2 0 0
3 7 166 176 2 1 0
3 7 166 177 2 2 0.977622
3 8 175 193 0 0 0
3 8 175 194 0 1 0
3 8 175 195 0 2 0.987477
3 8 176 193 1 0 0.965702
3 8 176 194 1 1 0
3 8 176 195 1 2 0
3 8 177 193 2 0 0
3 8 177 194 2 1 0.993456
3 8 177 195 2 2 0
3 9 193 201 0 0 0.987023
3 9 193 202 0 1 0
3 9 193 203 0 2 0
3 9 194 201 1 0 0
3 9 194 202 1 1 0.994268
3 9 194 203 1 2 0
3 9 195 201 2 0 0
3 9 195 202 2 1 0
3 9 195 203 2 2 0.951869
3 10 175 188 0 0 0.902008
3 10 175 189 0 1 0
3 10 175 190 0 2 0
3 10 176 188 1 0 0
3 10 176 189 1 1 0.977221
3 10 176 190 1 2 0
3 10 177 188 2 0 0
3 10 177 189 2 1 0
3 10 177 190 2 2 0.816359
3 11 164 178 0 0 0
3 11 164 179 0 1 0.915918
3 11 165 178 1 0 0.937832
3 11 165 179 1 1 0
3 11 166 178 2 0 0
3 11 166 179 2 1 0
3 12 178 196 0 0 0
3 12 179 196 1 0 0.963474
3 13 196 204 0 0 0.919711
3 14 178 191 0 0 0
3 14 178 192 0 1 0
3 14 179 191 1 0 0.500906
3 14 179 192 1 1 0.499094
3 15 164 173 0 0 0
3 15 164 174 0 1 0
3 15 165 173 1 0 0.949132
3 15 165 174 1 1 0
3 15 166 173 2 0 0
3 15 166 174 2 1 0.957861
3 16 199 205 0 0 0.983914
3 16 199 206 0 1 0
3 16 200 205 1 0 0
3 16 200 206 1 1 0.892778
3 17 197 207 0 0 0.964018
3 17 197 208 0 1 0
3 17 198 207 1 0 0
3 17 198 208 1 1 0.988021
4 0 212 209 0 0 0
4 0 212 210 0 1 0
4 0 212 211 0 2 0.549399
4 0 213 209 1 0 0
4 0 213 210 1 1 0.502254
4 0 213 211 1 2 0.276513
4 0 214 209 2 0 0.976328
4 0 214 210 2 1 0
4 0 214 211 2 2 0
4 1 215 226 0 0 0.98804
4 1 215 227 0 1 0
4 1 215 228 0 2 0
4 1 216 226 1 0 0
4 1 216 227 1 1 0.85784
4 1 216 228 1 2 0
4 1 217 226 2 0 0
4 1 217 227 2 1 0
4 1 217 228 2 2 0.969743
4 2 226 242 0 0 0.967445
4 2 226 243 0 1 0
4 2 226 244 0 2 0
4 2 227 242 1 0 0
4 2 227 243 1 1 0.802173
4 2 227 244 1 2 0
4 2 228 242 2 0 0
4 2 228 243 2 1 0
4 2 228 244 2 2 0.993214
4 3 209 215 0 0 0.947007
4 3 209 216 0 1 0
4 3 209 217 0 2 0
4 3 210 215 1 0 0
4 3 210 216 1 1 0.474359
4 3 210 217 1 2 0.315413
4 3 211 215 2 0 0
4 3 211 216 2 1 0
4 3 211 217 2 2 0.52753
4 4 209 218 0 0 0.949434
4 4 209 219 0 1 0
4 4 210 218 1 0 0
4 4 210 219 1 1 0
4 4 211 218 2 0 0
4 4 211 219 2 1 0.881889
4 5 218 229 0 0 0.984674
4 5 218 230 0 1 0
4 5 218 231 0 2 0
4 5 219 229 1 0 0
4 5 219 230 1 1 0.48006
4 5 219 231 1 2 0.51994
4 6 229 245 0 0 0.998231
4 6 229 246 0 1 0
4 6 230 245 1 0 0
4 6 230 246 1 1 0.471753
4 6 231 245 2 0 0
4 6 231 246 2 1 0.528247
4 7 212 221 0 0 0.992231
4 7 212 222 0 1 0
4 7 212 223 0 2 0
4 7 213 221 1 0 0
4 7 213 222 1 1 0.831264
4 7 213 223 1 2 0
4 7 214 221 2 0 0
4 7 214 222 2 1 0
4 7 214 223 2 2 0.983188
4 8 221 237 0 0 0
4 8 221 238 0 1 0.992063
4 8 221 239 0 2 0
4 8 222 237 1 0 0
4 8 222 238 1 1 0
4 8 222 239 1 2 0.931737
4 8 223 237 2 0 0.982839
4 8 223 238 2 1 0
4 8 223 239 2 2 0
4 9 237 247 0 0 0.998387
4 9 237 248 0 1 0
4 9 237 249 0 2 0
4 9 238 247 1 0 0
4 9 238 248 1 1 0.982707
4 9 238 249 1 2 0
4 9 239 247 2 0 0
4 9 239 248 2 1 0
4 9 239 249 2 2 0.992285
4 10 221 232 0 0 0.989563
4 10 221 233 0 1 0
4 10 221 234 0 2 0
4 10 222 232 1 0 0
4 10 222 233 1 1 0.966806
4 10 222 234 1 2 0
4 10 223 232 2 0 0
4 10 223 233 2 1 0
4 10 223 234 2 2 0.997458
4 11 212 224 0 0 0.966023
4 11 212 225 0 1 0
4 11 213 224 1 0 0
4 11 213 225 1 1 0
4 11 214 224 2 0 0
4 11 214 225 2 1 0.999816
4 12 224 240 0 0 0
4 12 224 241 0 1 0.878383
4 12 225 240 1 0 0.976561
4 12 225 241 1 1 0
4 13 240 250 0 0 0.998536
4 13 240 251 0 1 0
4 13 241 250 1 0 0
4 13 241 251 1 1 0.837132
4 14 224 235 0 0 0.808389
4 14 224 236 0 1 0
4 14 225 235 1 0 0
4 14 225 236 1 1 0.928442
4 15 212 220 0 0 0
4 15 213 220 1 0 0.75732
4 15 214 220 2 0 0
4 16 245 252 0 0 0.919992
4 16 245 253 0 1 0
4 16 246 252 1 0 0
4 16 246 253 1 1 0.837663
4 17 242 254 0 0 0
4 17 243 254 1 0 0
4 17 244 254 2 0 0.920712
E jointIdx viewA viewB aOverAllIdx bOverallIdx score
0 0 1 0 47 0.3489
0 0 1 0 48 0.0131933
0 0 1 0 49 -1
0 0 1 1 47 0.595821
0 0 1 1 48 0.102337
0 0 1 1 49 -1
0 0 1 2 47 0.0452056
0 0 1 2 48 0.723297
0 0 1 2 49 0.169749
0 0 2 0 100 -1
0 0 2 0 101 -1
0 0 2 0 102 0.670562
0 0 2 1 100 0.979912
0 0 2 1 101 -1
0 0 2 1 102 -1
0 0 2 2 100 -1
0 0 2 2 101 0.978299
0 0 2 2 102 -1
0 0 3 0 161 -1
0 0 3 0 162 -1
0 0 3 0 163 0.842257
0 0 3 1 161 -1
0 0 3 1 162 0.944068
0 0 3 1 163 -1
0 0 3 2 161 0.717567
0 0 3 2 162 -1
0 0 3 2 163 -1
0 0 4 0 209 0.975639
0 0 4 0 210 -1
0 0 4 0 211 -1
0 0 4 1 209 -1
0 0 4 1 210 0.925341
0 0 4 1 211 0.96992
0 0 4 2 209 -1
0 0 4 2 210 0.777784
0 0 4 2 211 0.671578
0 1 2 47 100 0.892622
0 1 2 47 101 -1
0 1 2 47 102 -1
0 1 2 48 100 -1
0 1 2 48 101 0.742927
0 1 2 48 102 -1
0 1 2 49 100 -1
0 1 2 49 101 -1
0 1 2 49 102 0.295417
0 1 3 47 161 0.43416
0 1 3 47 162 0.946733
0 1 3 47 163 -1
0 1 3 48 161 0.488366
0 1 3 48 162 0.884245
0 1 3 48 163 -1
0 1 3 49 161 -1
0 1 3 49 162 -1
0 1 3 49 163 -1
0 1 4 47 209 -1
0 1 4 47 210 -1
0 1 4 47 211 0.871603
0 1 4 48 209 -1
0 1 4 48 210 0.495308
0 1 4 48 211 -1
0 1 4 49 209 0.7151
0 1 4 49 210 -1
0 1 4 49 211 -1
0 2 3 100 161 -1
0 2 3 100 162 0.944378
0 2 3 100 163 -1
0 2 3 101 161 0.750363
0 2 3 101 162 -1
0 2 3 101 163 -1
0 2 3 102 161 -1
0 2 3 102 162 -1
0 2 3 102 163 0.563197
0 2 4 100 209 -1
0 2 4 100 210 -1
0 2 4 100 211 0.910638
0 2 4 101 209 -1
0 2 4 101 210 0.755419
0 2 4 101 211 -1
0 2 4 102 209 -1
0 2 4 102 210 -1
0 2 4 102 211 -1
0 3 4 161 209 -1
0 3 4 161 210 -1
0 3 4 161 211 -1
0 3 4 162 209 0.392381
0 3 4 162 210 0.0103604
0 3 4 162 211 0.597258
0 3 4 163 209 0.0427781
0 3 4 163 210 -1
0 3 4 163 211 0.2508
1 0 1 3 50 0.128075
1 0 1 3 51 0.201867
1 0 1 3 52 0.125662
1 0 1 4 50 0.174123
1 0 1 4 51 0.14119
1 0 1 4 52 0.139219
1 0 1 5 50 0.145728
1 0 1 5 51 0.114184
1 0 1 5 52 0.190121
1 0 2 3 103 -1
1 0 2 3 104 0.847366
1 0 2 3 105 -1
1 0 2 3 106 -1
1 0 2 4 103 -1
1 0 2 4 104 -1
1 0 2 4 105 0.960381
1 0 2 4 106 -1
1 0 2 5 103 0.932499
1 0 2 5 104 -1
1 0 2 5 105 -1
1 0 2 5 106 -1
1 0 3 3 164 0.0571861
1 0 3 3 165 0.153841
1 0 3 3 166 0.273165
1 0 3 4 164 0.413465
1 0 3 4 165 0.13307
1 0 3 4 166 0.137655
1 0 3 5 164 -1
1 0 3 5 165 0.477061
1 0 3 5 166 0.283285
1 0 4 3 212 0.226506
1 0 4 3 213 0.216933
1 0 4 3 214 0.0606889
1 0 4 4 212 0.0809032
1 0 4 4 213 0.142978
1 0 4 4 214 0.502003
1 0 4 5 212 0.225127
1 0 4 5 213 0.196046
1 0 4 5 214 0.110187
1 1 2 50 103 -1
1 1 2 50 104 -1
1 1 2 50 105 0.609696
1 1 2 50 106 0.84178
1 1 2 51 103 -1
1 1 2 51 104 0.747462
1 1 2 51 105 -1
1 1 2 51 106 -1
1 1 2 52 103 0.967425
1 1 2 52 104 -1
1 1 2 52 105 -1
1 1 2 52 106 -1
1 1 3 50 164 0.202599
1 1 3 50 165 0.140901
1 1 3 50 166 0.143388
1 1 3 51 164 0.177131
1 1 3 51 165 0.123683
1 1 3 51 166 0.176334
1 1 3 52 164 0.0815821
1 1 3 52 165 0.217811
1 1 3 52 166 0.160247
1 1 4 50 212 -1
1 1 4 50 213 -1
1 1 4 50 214 0.963734
1 1 4 51 212 -1
1 1 4 51 213 0.996824
1 1 4 51 214 -1
1 1 4 52 212 0.884541
1 1 4 52 213 0.375487
1 1 4 52 214 -1
1 2 3 103 164 -1
1 2 3 103 165 0.944503
1 2 3 103 166 -1
1 2 3 104 164 0.107454
1 2 3 104 165 -1
1 2 3 104 166 0.991945
1 2 3 105 164 0.987415
1 2 3 105 165 -1
1 2 3 105 166 0.454679
1 2 3 106 164 -1
1 2 3 106 165 -1
1 2 3 106 166 -1
1 2 4 103 212 0.922126
1 2 4 103 213 0.469774
1 2 4 103 214 -1
1 2 4 104 212 0.60678
1 2 4 104 213 0.759183
1 2 4 104 214 -1
1 2 4 105 212 -1
1 2 4 105 213 -1
1 2 4 105 214 -1
1 2 4 106 212 -1
1 2 4 106 213 -1
1 2 4 106 214 0.894009
1 3 4 164 212 0.177164
1 3 4 164 213 0.159691
1 3 4 164 214 0.123297
1 3 4 165 212 0.180025
1 3 4 165 213 0.144696
1 3 4 165 214 0.142413
1 3 4 166 212 0.112748
1 3 4 166 213 0.169439
1 3 4 166 214 0.208328
2 0 1 6 53 0.354222
2 0 1 6 54 0.0229578
2 0 1 6 55 -1
2 0 1 7 53 0.642672
2 0 1 7 54 0.128383
2 0 1 7 55 -1
2 0 1 8 53 0.00310651
2 0 1 8 54 0.848659
2 0 1 8 55 0.0166722
2 0 2 6 107 -1
2 0 2 6 108 -1
2 0 2 6 109 0.806565
2 0 2 7 107 0.878933
2 0 2 7 108 -1
2 0 2 7 109 -1
2 0 2 8 107 -1
2 0 2 8 108 0.771518
2 0 2 8 109 -1
2 0 3 6 167 -1
2 0 3 6 168 -1
2 0 3 6 169 0.710492
2 0 3 7 167 -1
2 0 3 7 168 0.851537
2 0 3 7 169 -1
2 0 3 8 167 0.696202
2 0 3 8 168 -1
2 0 3 8 169 -1
2 0 4 6 215 0.916352
2 0 4 6 216 -1
2 0 4 6 217 -1
2 0 4 7 215 -1
2 0 4 7 216 0.953326
2 0 4 7 217 0.911135
2 0 4 8 215 -1
2 0 4 8 216 0.953187
2 0 4 8 217 0.770527
2 1 2 53 107 0.802563
2 1 2 53 108 -1
2 1 2 53 109 -1
2 1 2 54 107 -1
2 1 2 54 108 0.434914
2 1 2 54 109 -1
2 1 2 55 107 -1
2 1 2 55 108 -1
2 1 2 55 109 -1
2 1 3 53 167 0.263564
2 1 3 53 168 0.803714
2 1 3 53 169 -1
2 1 3 54 167 0.507188
2 1 3 54 168 0.73228
2 1 3 54 169 -1
2 1 3 55 167 -1
2 1 3 55 168 -1
2 1 3 55 169 -1
2 1 4 53 215 -1
2 1 4 53 216 -1
2 1 4 53 217 0.960823
2 1 4 54 215 -1
2 1 4 54 216 0.0837083
2 1 4 54 217 -1
2 1 4 55 215 0.784271
2 1 4 55 216 -1
2 1 4 55 217 -1
2 2 3 107 167 -1
2 2 3 107 168 0.928997
2 2 3 107 169 -1
2 2 3 108 167 0.563003
2 2 3 108 168 -1
2 2 3 108 169 -1
2 2 3 109 167 -1
2 2 3 109 168 -1
2 2 3 109 169 0.76559
2 2 4 107 215 -1
2 2 4 107 216 -1
2 2 4 107 217 0.958295
2 2 4 108 215 -1
2 2 4 108 216 0.656743
2 2 4 108 217 -1
2 2 4 109 215 -1
2 2 4 109 216 -1
2 2 4 109 217 -1
2 3 4 167 215 -1
2 3 4 167 216 -1
2 3 4 167 217 -1
2 3 4 168 215 0.382294
2 3 4 168 216 0.00665365
2 3 4 168 217 0.611052
2 3 4 169 215 0.419975
2 3 4 169 216 -1
2 3 4 169 217 0.920055
3 0 1 9 56 0.303919
3 0 1 9 57 -1
3 0 1 9 58 -1
3 0 1 10 56 0.552122
3 0 1 10 57 0.058206
3 0 1 10 58 -1
3 0 1 11 56 0.0866128
3 0 1 11 57 0.58095
3 0 1 11 58 0.290029
3 0 2 9 110 -1
3 0 2 9 111 0.278102
3 0 2 9 112 0.228801
3 0 2 10 110 0.804043
3 0 2 10 111 -1
3 0 2 10 112 -1
3 0 2 11 110 -1
3 0 2 11 111 0.81359
3 0 2 11 112 -1
3 0 3 9 170 -1
3 0 3 9 171 -1
3 0 3 9 172 0.930495
3 0 3 10 170 -1
3 0 3 10 171 0.74769
3 0 3 10 172 -1
3 0 3 11 170 0.910529
3 0 3 11 171 -1
3 0 3 11 172 -1
3 0 4 9 218 0.975834
3 0 4 9 219 -1
3 0 4 10 218 -1
3 0 4 10 219 0.923909
3 0 4 11 218 -1
3 0 4 11 219 0.0136266
3 1 2 56 110 0.966613
3 1 2 56 111 0.170057
3 1 2 56 112 -1
3 1 2 57 110 -1
3 1 2 57 111 0.965843
3 1 2 57 112 -1
3 1 2 58 110 -1
3 1 2 58 111 -1
3 1 2 58 112 0.79506
3 1 3 56 170 0.531416
3 1 3 56 171 0.952048
3 1 3 56 172 -1
3 1 3 57 170 0.416653
3 1 3 57 171 0.954834
3 1 3 57 172 -1
3 1 3 58 170 -1
3 1 3 58 171 -1
3 1 3 58 172 -1
3 1 4 56 218 -1
3 1 4 56 219 0.840989
3 1 4 57 218 -1
3 1 4 57 219 -1
3 1 4 58 218 0.677137
3 1 4 58 219 -1
3 2 3 110 170 -1
3 2 3 110 171 0.951508
3 2 3 110 172 -1
3 2 3 111 170 0.99561
3 2 3 111 171 -1
3 2 3 111 172 -1
3 2 3 112 170 -1
3 2 3 112 171 -1
3 2 3 112 172 0.0952691
3 2 4 110 218 -1
3 2 4 110 219 0.880837
3 2 4 111 218 -1
3 2 4 111 219 -1
3 2 4 112 218 -1
3 2 4 112 219 -1
3 3 4 170 218 -1
3 3 4 170 219 -1
3 3 4 171 218 0.403463
3 3 4 171 219 0.596537
3 3 4 172 218 -1
3 3 4 172 219 -1
4 0 1 12 59 0.0466671
4 0 1 12 60 0.194506
4 0 1 12 61 0.186477
4 0 1 12 62 0.235073
4 0 1 13 59 0.212755
4 0 1 13 60 0.183394
4 0 1 13 61 0.188832
4 0 1 13 62 0.155922
4 0 2 12 113 0.933752
4 0 2 12 114 0.238635
4 0 2 12 115 -1
4 0 2 13 113 -1
4 0 2 13 114 -1
4 0 2 13 115 -1
4 0 3 12 173 0.929249
4 0 3 12 174 0.0707508
4 0 3 13 173 -1
4 0 3 13 174 0.147919
4 0 4 12 220 0.762736
4 0 4 13 220 0.168632
4 1 2 59 113 -1
4 1 2 59 114 -1
4 1 2 59 115 0.874084
4 1 2 60 113 -1
4 1 2 60 114 -1
4 1 2 60 115 -1
4 1 2 61 113 -1
4 1 2 61 114 0.981556
4 1 2 61 115 -1
4 1 2 62 113 0.971471
4 1 2 62 114 -1
4 1 2 62 115 -1
4 1 3 59 173 -1
4 1 3 59 174 -1
4 1 3 60 173 -1
4 1 3 60 174 0.17044
4 1 3 61 173 0.410565
4 1 3 61 174 0.589435
4 1 3 62 173 0.537443
4 1 3 62 174 0.462557
4 1 4 59 220 -1
4 1 4 60 220 -1
4 1 4 61 220 0.963666
4 1 4 62 220 -1
4 2 3 113 173 0.93217
4 2 3 113 174 -1
4 2 3 114 173 -1
4 2 3 114 174 0.997725
4 2 3 115 173 -1
4 2 3 115 174 -1
4 2 4 113 220 0.970464
4 2 4 114 220 0.985881
4 2 4 115 220 -1
4 3 4 173 220 0.293695
4 3 4 174 220 0.706305
5 0 1 14 63 0.363243
5 0 1 14 64 0.150501
5 0 1 14 65 0.239315
5 0 1 15 63 0.166311
5 0 1 15 64 0.316848
5 0 1 15 65 0.254002
5 0 2 14 116 0.251382
5 0 2 14 117 0.724441
5 0 2 14 118 -1
5 0 2 14 119 -1
5 0 2 15 116 0.748618
5 0 2 15 117 0.205625
5 0 2 15 118 -1
5 0 2 15 119 -1
5 0 3 14 175 -1
5 0 3 14 176 0.364392
5 0 3 14 177 0.5373
5 0 3 15 175 -1
5 0 3 15 176 0.635608
5 0 3 15 177 0.4627
5 0 4 14 221 0.488787
5 0 4 14 222 0.506486
5 0 4 14 223 -1
5 0 4 15 221 0.240767
5 0 4 15 222 0.232432
5 0 4 15 223 0.0846953
5 1 2 63 116 -1
5 1 2 63 117 0.432198
5 1 2 63 118 -1
5 1 2 63 119 -1
5 1 2 64 116 -1
5 1 2 64 117 -1
5 1 2 64 118 -1
5 1 2 64 119 0.953135
5 1 2 65 116 0.878426
5 1 2 65 117 -1
5 1 2 65 118 -1
5 1 2 65 119 -1
5 1 3 63 175 0.186863
5 1 3 63 176 0.112393
5 1 3 63 177 0.236085
5 1 3 64 175 0.253898
5 1 3 64 176 0.166348
5 1 3 64 177 0.161403
5 1 3 65 175 -1
5 1 3 65 176 0.465427
5 1 3 65 177 0.330337
5 1 4 63 221 -1
5 1 4 63 222 0.962709
5 1 4 63 223 -1
5 1 4 64 221 -1
5 1 4 64 222 -1
5 1 4 64 223 0.952488
5 1 4 65 221 0.931736
5 1 4 65 222 -1
5 1 4 65 223 -1
5 2 3 116 175 -1
5 2 3 116 176 0.920932
5 2 3 116 177 -1
5 2 3 117 175 -1
5 2 3 117 176 -1
5 2 3 117 177 0.980209
5 2 3 118 175 0.869264
5 2 3 118 176 -1
5 2 3 118 177 -1
5 2 3 119 175 -1
5 2 3 119 176 -1
5 2 3 119 177 -1
5 2 4 116 221 0.99407
5 2 4 116 222 -1
5 2 4 116 223 -1
5 2 4 117 221 -1
5 2 4 117 222 0.845238
5 2 4 117 223 -1
5 2 4 118 221 -1
5 2 4 118 222 -1
5 2 4 118 223 -1
5 2 4 119 221 -1
5 2 4 119 222 -1
5 2 4 119 223 0.719929
5 3 4 175 221 0.233783
5 3 4 175 222 0.146603
5 3 4 175 223 0.0712854
5 3 4 176 221 0.160501
5 3 4 176 222 0.168609
5 3 4 176 223 0.18165
5 3 4 177 221 0.123499
5 3 4 177 222 0.183903
5 3 4 177 223 0.229318
6 0 1 16 66 0.231663
6 0 1 16 67 0.186053
6 0 1 16 68 0.098615
6 0 1 17 66 0.057813
6 0 1 17 67 0.156176
6 0 1 17 68 0.232505
6 0 1 18 66 0.162058
6 0 1 18 67 0.140076
6 0 1 18 68 0.181121
6 0 2 16 120 -1
6 0 2 16 121 0.960644
6 0 2 16 122 -1
6 0 2 16 123 -1
6 0 2 17 120 0.992824
6 0 2 17 121 -1
6 0 2 17 122 -1
6 0 2 17 123 -1
6 0 2 18 120 -1
6 0 2 18 121 -1
6 0 2 18 122 0.905819
6 0 2 18 123 -1
6 0 3 16 178 0.129806
6 0 3 16 179 0.342388
6 0 3 17 178 0.322716
6 0 3 17 179 0.141783
6 0 3 18 178 0.248715
6 0 3 18 179 0.218735
6 0 4 16 224 0.481556
6 0 4 16 225 0.204901
6 0 4 17 224 0.767215
6 0 4 17 225 0.146126
6 0 4 18 224 -1
6 0 4 18 225 0.625158
6 1 2 66 120 -1
6 1 2 66 121 -1
6 1 2 66 122 0.406709
6 1 2 66 123 0.851155
6 1 2 67 120 -1
6 1 2 67 121 0.901517
6 1 2 67 122 -1
6 1 2 67 123 -1
6 1 2 68 120 0.880324
6 1 2 68 121 -1
6 1 2 68 122 -1
6 1 2 68 123 -1
6 1 3 66 178 0.206038
6 1 3 66 179 0.270459
6 1 3 67 178 0.210869
6 1 3 67 179 0.266243
6 1 3 68 178 0.306138
6 1 3 68 179 0.183097
6 1 4 66 224 -1
6 1 4 66 225 0.948765
6 1 4 67 224 0.590742
6 1 4 67 225 -1
6 1 4 68 224 0.89012
6 1 4 68 225 -1
6 2 3 120 178 0.971689
6 2 3 120 179 -1
6 2 3 121 178 -1
6 2 3 121 179 0.654791
6 2 3 122 178 -1
6 2 3 122 179 0.836827
6 2 3 123 178 -1
6 2 3 123 179 -1
6 2 4 120 224 0.900115
6 2 4 120 225 -1
6 2 4 121 224 0.460711
6 2 4 121 225 -1
6 2 4 122 224 -1
6 2 4 122 225 -1
6 2 4 123 224 -1
6 2 4 123 225 0.762985
6 3 4 178 224 0.394663
6 3 4 178 225 0.289253
6 3 4 179 224 0.295762
6 3 4 179 225 0.418935
7 0 1 19 69 0.329715
7 0 1 19 70 -1
7 0 1 19 71 -1
7 0 1 20 69 0.883289
7 0 1 20 70 -1
7 0 1 20 71 -1
7 0 1 21 69 -1
7 0 1 21 70 0.907467
7 0 1 21 71 -1
7 0 2 19 124 -1
7 0 2 19 125 -1
7 0 2 19 126 0.928176
7 0 2 20 124 0.915597
7 0 2 20 125 -1
7 0 2 20 126 -1
7 0 2 21 124 -1
7 0 2 21 125 0.971564
7 0 2 21 126 -1
7 0 3 19 180 -1
7 0 3 19 181 -1
7 0 3 19 182 -1
7 0 3 19 183 0.821809
7 0 3 20 180 -1
7 0 3 20 181 0.88881
7 0 3 20 182 -1
7 0 3 20 183 -1
7 0 3 21 180 0.962931
7 0 3 21 181 -1
7 0 3 21 182 -1
7 0 3 21 183 -1
7 0 4 19 226 0.68293
7 0 4 19 227 -1
7 0 4 19 228 -1
7 0 4 20 226 -1
7 0 4 20 227 0.772563
7 0 4 20 228 0.951294
7 0 4 21 226 -1
7 0 4 21 227 0.891083
7 0 4 21 228 0.731972
7 1 2 69 124 0.859715
7 1 2 69 125 -1
7 1 2 69 126 -1
7 1 2 70 124 -1
7 1 2 70 125 0.871196
7 1 2 70 126 -1
7 1 2 71 124 -1
7 1 2 71 125 -1
7 1 2 71 126 -1
7 1 3 69 180 0.8574
7 1 3 69 181 0.747433
7 1 3 69 182 -1
7 1 3 69 183 -1
7 1 3 70 180 0.955938
7 1 3 70 181 0.85574
7 1 3 70 182 -1
7 1 3 70 183 -1
7 1 3 71 180 -1
7 1 3 71 181 -1
7 1 3 71 182 -1
7 1 3 71 183 -1
7 1 4 69 226 -1
7 1 4 69 227 -1
7 1 4 69 228 0.847625
7 1 4 70 226 -1
7 1 4 70 227 0.642285
7 1 4 70 228 -1
7 1 4 71 226 0.996903
7 1 4 71 227 -1
7 1 4 71 228 -1
7 2 3 124 180 -1
7 2 3 124 181 0.984974
7 2 3 124 182 -1
7 2 3 124 183 -1
7 2 3 125 180 0.941018
7 2 3 125 181 -1
7 2 3 125 182 -1
7 2 3 125 183 -1
7 2 3 126 180 -1
7 2 3 126 181 -1
7 2 3 126 182 -1
7 2 3 126 183 0.77847
7 2 4 124 226 -1
7 2 4 124 227 -1
7 2 4 124 228 0.762
7 2 4 125 226 -1
7 2 4 125 227 0.785733
7 2 4 125 228 -1
7 2 4 126 226 -1
7 2 4 126 227 -1
7 2 4 126 228 -1
7 3 4 180 226 0.35467
7 3 4 180 227 0.650621
7 3 4 180 228 -1
7 3 4 181 226 -1
7 3 4 181 227 -1
7 3 4 181 228 0.643832
7 3 4 182 226 0.777348
7 3 4 182 227 0.415888
7 3 4 182 228 -1
7 3 4 183 226 -1
7 3 4 183 227 -1
7 3 4 183 228 0.994726
8 0 1 22 72 0.243209
8 0 1 22 73 -1
8 0 1 22 74 -1
8 0 1 23 72 0.859403
8 0 1 23 73 -1
8 0 1 23 74 -1
8 0 1 24 72 -1
8 0 1 24 73 0.881087
8 0 1 24 74 -1
8 0 2 22 127 -1
8 0 2 22 128 0.418217
8 0 2 22 129 0.916061
8 0 2 23 127 0.999315
8 0 2 23 128 -1
8 0 2 23 129 -1
8 0 2 24 127 -1
8 0 2 24 128 0.653065
8 0 2 24 129 0.526073
8 0 3 22 184 -1
8 0 3 22 185 -1
8 0 3 22 186 -1
8 0 3 22 187 0.89803
8 0 3 23 184 0.7217
8 0 3 23 185 -1
8 0 3 23 186 -1
8 0 3 23 187 -1
8 0 3 24 184 -1
8 0 3 24 185 -1
8 0 3 24 186 -1
8 0 3 24 187 -1
8 0 4 22 229 0.606918
8 0 4 22 230 -1
8 0 4 22 231 -1
8 0 4 23 229 -1
8 0 4 23 230 0.446293
8 0 4 23 231 0.563005
8 0 4 24 229 -1
8 0 4 24 230 0.238813
8 0 4 24 231 -1
8 1 2 72 127 0.875604
8 1 2 72 128 0.437245
8 1 2 72 129 -1
8 1 2 73 127 0.536579
8 1 2 73 128 0.800635
8 1 2 73 129 -1
8 1 2 74 127 -1
8 1 2 74 128 -1
8 1 2 74 129 0.448541
8 1 3 72 184 0.825058
8 1 3 72 185 -1
8 1 3 72 186 -1
8 1 3 72 187 -1
8 1 3 73 184 0.631279
8 1 3 73 185 -1
8 1 3 73 186 -1
8 1 3 73 187 -1
8 1 3 74 184 -1
8 1 3 74 185 0.794566
8 1 3 74 186 0.967998
8 1 3 74 187 -1
8 1 4 72 229 -1
8 1 4 72 230 -1
8 1 4 72 231 0.884388
8 1 4 73 229 -1
8 1 4 73 230 0.814747
8 1 4 73 231 -1
8 1 4 74 229 0.60692
8 1 4 74 230 -1
8 1 4 74 231 -1
8 2 3 127 184 0.735273
8 2 3 127 185 -1
8 2 3 127 186 -1
8 2 3 127 187 -1
8 2 3 128 184 -1
8 2 3 128 185 -1
8 2 3 128 186 -1
8 2 3 128 187 -1
8 2 3 129 184 -1
8 2 3 129 185 -1
8 2 3 129 186 -1
8 2 3 129 187 0.899338
8 2 4 127 229 -1
8 2 4 127 230 -1
8 2 4 127 231 0.865778
8 2 4 128 229 -1
8 2 4 128 230 0.397786
8 2 4 128 231 -1
8 2 4 129 229 -1
8 2 4 129 230 -1
8 2 4 129 231 -1
8 3 4 184 229 -1
8 3 4 184 230 -1
8 3 4 184 231 0.975067
8 3 4 185 229 0.918534
8 3 4 185 230 0.491302
8 3 4 185 231 -1
8 3 4 186 229 0.866667
8 3 4 186 230 0.410415
8 3 4 186 231 -1
8 3 4 187 229 -1
8 3 4 187 230 -1
8 3 4 187 231 -1
9 0 1 25 75 -1
9 0 1 26 75 0.920767
9 0 2 25 130 0.640847
9 0 2 25 131 -1
9 0 2 25 132 -1
9 0 2 26 130 -1
9 0 2 26 131 0.959166
9 0 2 26 132 -1
9 0 3 25 188 -1
9 0 3 25 189 -1
9 0 3 25 190 0.993346
9 0 3 26 188 0.800356
9 0 3 26 189 -1
9 0 3 26 190 -1
9 0 4 25 232 0.998729
9 0 4 25 233 0.973538
9 0 4 25 234 -1
9 0 4 26 232 -1
9 0 4 26 233 -1
9 0 4 26 234 0.235087
9 1 2 75 130 -1
9 1 2 75 131 0.987896
9 1 2 75 132 -1
9 1 3 75 188 0.842851
9 1 3 75 189 -1
9 1 3 75 190 0.0404165
9 1 4 75 232 -1
9 1 4 75 233 -1
9 1 4 75 234 0.735794
9 2 3 130 188 -1
9 2 3 130 189 0.966916
9 2 3 130 190 -1
9 2 3 131 188 0.946064
9 2 3 131 189 -1
9 2 3 131 190 0.628386
9 2 3 132 188 -1
9 2 3 132 189 -1
9 2 3 132 190 -1
9 2 4 130 232 0.993173
9 2 4 130 233 0.764527
9 2 4 130 234 -1
9 2 4 131 232 -1
9 2 4 131 233 -1
9 2 4 131 234 -1
9 2 4 132 232 -1
9 2 4 132 233 -1
9 2 4 132 234 0.961537
9 3 4 188 232 0.372094
9 3 4 188 233 -1
9 3 4 188 234 -1
9 3 4 189 232 0.3336
9 3 4 189 233 0.222152
9 3 4 189 234 0.13347
9 3 4 190 232 0.0683261
9 3 4 190 233 0.541751
9 3 4 190 234 0.326272
10 0 1 27 76 0.362214
10 0 1 27 77 0.408107
10 0 1 27 78 0.123662
10 0 1 28 76 -1
10 0 1 28 77 0.194696
10 0 1 28 78 0.755981
10 0 2 27 133 -1
10 0 2 27 134 0.93034
10 0 2 27 135 -1
10 0 2 28 133 0.976495
10 0 2 28 134 0.0696596
10 0 2 28 135 -1
10 0 3 27 191 -1
10 0 3 27 192 0.802583
10 0 3 28 191 -1
10 0 3 28 192 -1
10 0 4 27 235 0.253043
10 0 4 27 236 -1
10 0 4 28 235 0.746957
10 0 4 28 236 -1
10 1 2 76 133 -1
10 1 2 76 134 -1
10 1 2 76 135 0.988515
10 1 2 77 133 -1
10 1 2 77 134 0.98489
10 1 2 77 135 -1
10 1 2 78 133 0.954811
10 1 2 78 134 -1
10 1 2 78 135 -1
10 1 3 76 191 -1
10 1 3 76 192 -1
10 1 3 77 191 -1
10 1 3 77 192 0.924349
10 1 3 78 191 -1
10 1 3 78 192 0.484896
10 1 4 76 235 -1
10 1 4 76 236 0.744848
10 1 4 77 235 -1
10 1 4 77 236 -1
10 1 4 78 235 0.912934
10 1 4 78 236 -1
10 2 3 133 191 -1
10 2 3 133 192 -1
10 2 3 134 191 0.0813641
10 2 3 134 192 0.918636
10 2 3 135 191 0.684812
10 2 3 135 192 0.315188
10 2 4 133 235 0.914349
10 2 4 133 236 -1
10 2 4 134 235 0.448924
10 2 4 134 236 -1
10 2 4 135 235 -1
10 2 4 135 236 -1
10 3 4 191 235 0.687394
10 3 4 191 236 0.0451112
10 3 4 192 235 0.1668
10 3 4 192 236 0.8332
11 0 1 29 79 0.560705
11 0 1 29 80 0.475771
11 0 1 29 81 -1
11 0 1 30 79 -1
11 0 1 30 80 0.524229
11 0 1 30 81 0.375976
11 0 2 29 136 0.676727
11 0 2 29 137 0.108237
11 0 2 29 138 -1
11 0 2 30 136 -1
11 0 2 30 137 0.891764
11 0 2 30 138 -1
11 0 3 29 193 0.482412
11 0 3 29 194 0.284759
11 0 3 29 195 -1
11 0 3 30 193 -1
11 0 3 30 194 0.71524
11 0 3 30 195 -1
11 0 4 29 237 0.193139
11 0 4 29 238 0.333461
11 0 4 29 239 0.292649
11 0 4 30 237 -1
11 0 4 30 238 -1
11 0 4 30 239 0.502478
11 1 2 79 136 0.896924
11 1 2 79 137 -1
11 1 2 79 138 -1
11 1 2 80 136 -1
11 1 2 80 137 0.73968
11 1 2 80 138 -1
11 1 2 81 136 -1
11 1 2 81 137 -1
11 1 2 81 138 -1
11 1 3 79 193 0.86674
11 1 3 79 194 0.927919
11 1 3 79 195 -1
11 1 3 80 193 0.911245
11 1 3 80 194 0.833607
11 1 3 80 195 -1
11 1 3 81 193 -1
11 1 3 81 194 -1
11 1 3 81 195 -1
11 1 4 79 237 0.487225
11 1 4 79 238 0.987153
11 1 4 79 239 -1
11 1 4 80 237 -1
11 1 4 80 238 -1
11 1 4 80 239 0.859696
11 1 4 81 237 0.897052
11 1 4 81 238 0.0770865
11 1 4 81 239 -1
11 2 3 136 193 0.944549
11 2 3 136 194 -1
11 2 3 136 195 -1
11 2 3 137 193 -1
11 2 3 137 194 0.970662
11 2 3 137 195 -1
11 2 3 138 193 -1
11 2 3 138 194 -1
11 2 3 138 195 0.913938
11 2 4 136 237 -1
11 2 4 136 238 0.851598
11 2 4 136 239 -1
11 2 4 137 237 -1
11 2 4 137 238 -1
11 2 4 137 239 0.969248
11 2 4 138 237 -1
11 2 4 138 238 -1
11 2 4 138 239 -1
11 3 4 193 237 0.146038
11 3 4 193 238 0.167505
11 3 4 193 239 0.377092
11 3 4 194 237 0.107734
11 3 4 194 238 0.152892
11 3 4 194 239 0.47602
11 3 4 195 237 0.455212
11 3 4 195 238 0.317096
11 3 4 195 239 -1
12 0 1 31 82 0.372627
12 0 1 31 83 0.130806
12 0 1 31 84 0.0317977
12 0 1 32 82 0.221023
12 0 1 32 83 0.329228
12 0 1 32 84 0.129567
12 0 1 33 82 0.0859572
12 0 1 33 83 0.0573068
12 0 1 33 84 0.536711
12 0 2 31 139 0.836433
12 0 2 31 140 -1
12 0 2 31 141 -1
12 0 2 31 142 -1
12 0 2 32 139 -1
12 0 2 32 140 0.958702
12 0 2 32 141 -1
12 0 2 32 142 -1
12 0 2 33 139 -1
12 0 2 33 140 0.903752
12 0 2 33 141 0.0884132
12 0 2 33 142 -1
12 0 3 31 196 -1
12 0 3 32 196 0.66881
12 0 3 33 196 0.614581
12 0 4 31 240 0.358736
12 0 4 31 241 0.3497
12 0 4 32 240 0.862233
12 0 4 32 241 0.0751283
12 0 4 33 240 -1
12 0 4 33 241 0.441673
12 1 2 82 139 0.975179
12 1 2 82 140 0.969332
12 1 2 82 141 -1
12 1 2 82 142 -1
12 1 2 83 139 -1
12 1 2 83 140 -1
12 1 2 83 141 0.828095
12 1 2 83 142 0.504325
12 1 2 84 139 0.834951
12 1 2 84 140 0.942288
12 1 2 84 141 -1
12 1 2 84 142 -1
12 1 3 82 196 -1
12 1 3 83 196 0.372985
12 1 3 84 196 0.455193
12 1 4 82 240 -1
12 1 4 82 241 0.916751
12 1 4 83 240 0.91428
12 1 4 83 241 -1
12 1 4 84 240 -1
12 1 4 84 241 0.577595
12 2 3 139 196 -1
12 2 3 140 196 0.204315
12 2 3 141 196 0.23425
12 2 3 142 196 -1
12 2 4 139 240 -1
12 2 4 139 241 0.992224
12 2 4 140 240 -1
12 2 4 140 241 0.0529175
12 2 4 141 240 -1
12 2 4 141 241 -1
12 2 4 142 240 0.816807
12 2 4 142 241 -1
12 3 4 196 240 0.782296
12 3 4 196 241 0.176495
13 0 1 34 85 0.991646
13 0 1 34 86 -1
13 0 1 34 87 -1
13 0 1 35 85 -1
13 0 1 35 86 0.691028
13 0 1 35 87 -1
13 0 2 34 143 0.805802
13 0 2 34 144 -1
13 0 2 35 143 -1
13 0 2 35 144 0.694527
13 0 3 34 197 -1
13 0 3 34 198 0.913645
13 0 3 35 197 0.678596
13 0 3 35 198 -1
13 0 4 34 242 -1
13 0 4 34 243 0.432958
13 0 4 34 244 0.980556
13 0 4 35 242 -1
13 0 4 35 243 0.567042
13 0 4 35 244 0.0194439
13 1 2 85 143 0.789601
13 1 2 85 144 0.0802771
13 1 2 86 143 -1
13 1 2 86 144 0.96531
13 1 2 87 143 -1
13 1 2 87 144 -1
13 1 3 85 197 0.470003
13 1 3 85 198 0.529997
13 1 3 86 197 0.4671
13 1 3 86 198 0.5329
13 1 3 87 197 -1
13 1 3 87 198 -1
13 1 4 85 242 -1
13 1 4 85 243 -1
13 1 4 85 244 0.85011
13 1 4 86 242 -1
13 1 4 86 243 0.780073
13 1 4 86 244 -1
13 1 4 87 242 0.693361
13 1 4 87 243 -1
13 1 4 87 244 -1
13 2 3 143 197 -1
13 2 3 143 198 0.893809
13 2 3 144 197 0.913007
13 2 3 144 198 -1
13 2 4 143 242 -1
13 2 4 143 243 -1
13 2 4 143 244 0.961677
13 2 4 144 242 -1
13 2 4 144 243 0.764803
13 2 4 144 244 -1
13 3 4 197 242 0.125396
13 3 4 197 243 0.849371
13 3 4 197 244 -1
13 3 4 198 242 -1
13 3 4 198 243 -1
13 3 4 198 244 0.94586
14 0 1 36 88 0.201522
14 0 1 36 89 -1
14 0 1 36 90 -1
14 0 1 37 88 0.927952
14 0 1 37 89 -1
14 0 1 37 90 -1
14 0 1 38 88 -1
14 0 1 38 89 0.282637
14 0 1 38 90 -1
14 0 2 36 145 -1
14 0 2 36 146 0.885466
14 0 2 36 147 -1
14 0 2 37 145 0.938989
14 0 2 37 146 -1
14 0 2 37 147 -1
14 0 2 38 145 -1
14 0 2 38 146 0.730497
14 0 2 38 147 0.244387
14 0 3 36 199 -1
14 0 3 36 200 -1
14 0 3 37 199 0.861706
14 0 3 37 200 -1
14 0 3 38 199 -1
14 0 3 38 200 -1
14 0 4 36 245 0.565557
14 0 4 36 246 -1
14 0 4 37 245 -1
14 0 4 37 246 0.933453
14 0 4 38 245 -1
14 0 4 38 246 -1
14 1 2 88 145 0.848133
14 1 2 88 146 0.980125
14 1 2 88 147 -1
14 1 2 89 145 0.96598
14 1 2 89 146 0.879793
14 1 2 89 147 -1
14 1 2 90 145 -1
14 1 2 90 146 -1
14 1 2 90 147 0.10682
14 1 3 88 199 0.690008
14 1 3 88 200 -1
14 1 3 89 199 -1
14 1 3 89 200 -1
14 1 3 90 199 -1
14 1 3 90 200 0.968565
14 1 4 88 245 -1
14 1 4 88 246 0.76636
14 1 4 89 245 -1
14 1 4 89 246 -1
14 1 4 90 245 0.515365
14 1 4 90 246 -1
14 2 3 145 199 0.91497
14 2 3 145 200 -1
14 2 3 146 199 -1
14 2 3 146 200 -1
14 2 3 147 199 -1
14 2 3 147 200 -1
14 2 4 145 245 -1
14 2 4 145 246 0.810259
14 2 4 146 245 -1
14 2 4 146 246 -1
14 2 4 147 245 -1
14 2 4 147 246 -1
14 3 4 199 245 -1
14 3 4 199 246 0.986847
14 3 4 200 245 0.959991
14 3 4 200 246 -1
15 0 1 39 91 -1
15 0 2 39 148 -1
15 0 2 39 149 0.971576
15 0 2 39 150 -1
15 0 2 39 151 -1
15 0 3 39 201 -1
15 0 3 39 202 0.898884
15 0 3 39 203 -1
15 0 4 39 247 -1
15 0 4 39 248 -1
15 0 4 39 249 0.914586
15 1 2 91 148 0.923153
15 1 2 91 149 -1
15 1 2 91 150 -1
15 1 2 91 151 -1
15 1 3 91 201 0.929817
15 1 3 91 202 0.469216
15 1 3 91 203 -1
15 1 4 91 247 -1
15 1 4 91 248 0.933518
15 1 4 91 249 -1
15 2 3 148 201 0.934648
15 2 3 148 202 -1
15 2 3 148 203 -1
15 2 3 149 201 -1
15 2 3 149 202 0.864806
15 2 3 149 203 -1
15 2 3 150 201 -1
15 2 3 150 202 0.501329
15 2 3 150 203 -1
15 2 3 151 201 -1
15 2 3 151 202 -1
15 2 3 151 203 0.923939
15 2 4 148 247 -1
15 2 4 148 248 0.943299
15 2 4 148 249 -1
15 2 4 149 247 -1
15 2 4 149 248 -1
15 2 4 149 249 0.564078
15 2 4 150 247 -1
15 2 4 150 248 -1
15 2 4 150 249 -1
15 2 4 151 247 -1
15 2 4 151 248 -1
15 2 4 151 249 -1
15 3 4 201 247 0.191305
15 3 4 201 248 0.201922
15 3 4 201 249 0.340777
15 3 4 202 247 0.0552727
15 3 4 202 248 0.167347
15 3 4 202 249 0.576958
15 3 4 203 247 0.495009
15 3 4 203 248 0.300013
15 3 4 203 249 -1
16 0 1 40 92 0.65984
16 0 1 40 93 -1
16 0 1 40 94 -1
16 0 1 41 92 0.957766
16 0 1 41 93 -1
16 0 1 41 94 -1
16 0 1 42 92 -1
16 0 1 42 93 -1
16 0 1 42 94 0.948881
16 0 2 40 152 -1
16 0 2 40 153 0.538061
16 0 2 40 154 0.785412
16 0 2 40 155 0.822632
16 0 2 40 156 -1
16 0 2 41 152 0.976188
16 0 2 41 153 -1
16 0 2 41 154 -1
16 0 2 41 155 -1
16 0 2 41 156 -1
16 0 2 42 152 -1
16 0 2 42 153 0.830612
16 0 2 42 154 -1
16 0 2 42 155 -1
16 0 2 42 156 -1
16 0 3 40 204 0.984646
16 0 3 41 204 -1
16 0 3 42 204 0.256849
16 0 4 40 250 0.5489
16 0 4 40 251 -1
16 0 4 41 250 -1
16 0 4 41 251 0.819917
16 0 4 42 250 -1
16 0 4 42 251 0.74071
16 1 2 92 152 0.917497
16 1 2 92 153 0.598046
16 1 2 92 154 -1
16 1 2 92 155 -1
16 1 2 92 156 -1
16 1 2 93 152 -1
16 1 2 93 153 -1
16 1 2 93 154 -1
16 1 2 93 155 0.258295
16 1 2 93 156 0.732904
16 1 2 94 152 0.121313
16 1 2 94 153 0.884837
16 1 2 94 154 -1
16 1 2 94 155 -1
16 1 2 94 156 -1
16 1 3 92 204 -1
16 1 3 93 204 -1
16 1 3 94 204 0.555854
16 1 4 92 250 -1
16 1 4 92 251 0.924375
16 1 4 93 250 0.887838
16 1 4 93 251 -1
16 1 4 94 250 -1
16 1 4 94 251 0.226301
16 2 3 152 204 -1
16 2 3 153 204 0.581273
16 2 3 154 204 0.769767
16 2 3 155 204 0.840085
16 2 3 156 204 -1
16 2 4 152 250 -1
16 2 4 152 251 0.992312
16 2 4 153 250 -1
16 2 4 153 251 0.366384
16 2 4 154 250 -1
16 2 4 154 251 -1
16 2 4 155 250 -1
16 2 4 155 251 -1
16 2 4 156 250 0.555124
16 2 4 156 251 -1
16 3 4 204 250 0.588418
16 3 4 204 251 0.0839615
17 0 1 43 95 0.0572109
17 0 1 43 96 -1
17 0 1 43 97 -1
17 0 1 44 95 0.942789
17 0 1 44 96 -1
17 0 1 44 97 -1
17 0 2 43 157 -1
17 0 2 43 158 0.520805
17 0 2 44 157 0.807143
17 0 2 44 158 -1
17 0 3 43 205 -1
17 0 3 43 206 -1
17 0 3 44 205 0.803419
17 0 3 44 206 -1
17 0 4 43 252 0.758075
17 0 4 43 253 -1
17 0 4 44 252 -1
17 0 4 44 253 0.517915
17 1 2 95 157 0.541502
17 1 2 95 158 0.458498
17 1 2 96 157 0.345088
17 1 2 96 158 0.654912
17 1 2 97 157 -1
17 1 2 97 158 -1
17 1 3 95 205 0.949359
17 1 3 95 206 -1
17 1 3 96 205 -1
17 1 3 96 206 -1
17 1 3 97 205 -1
17 1 3 97 206 0.941088
17 1 4 95 252 -1
17 1 4 95 253 0.937762
17 1 4 96 252 -1
17 1 4 96 253 0.188334
17 1 4 97 252 0.766719
17 1 4 97 253 -1
17 2 3 157 205 0.993237
17 2 3 157 206 -1
17 2 3 158 205 -1
17 2 3 158 206 -1
17 2 4 157 252 -1
17 2 4 157 253 0.537705
17 2 4 158 252 -1
17 2 4 158 253 -1
17 3 4 205 252 0.127711
17 3 4 205 253 0.311624
17 3 4 206 252 0.39896
17 3 4 206 253 -1
18 0 1 45 98 0.326942
18 0 1 45 99 -1
18 0 1 46 98 0.673058
18 0 1 46 99 -1
18 0 2 45 159 -1
18 0 2 45 160 -1
18 0 2 46 159 0.982553
18 0 2 46 160 -1
18 0 3 45 207 -1
18 0 3 45 208 -1
18 0 3 46 207 -1
18 0 3 46 208 0.874196
18 0 4 45 254 -1
18 0 4 46 254 0.974834
18 1 2 98 159 0.999327
18 1 2 98 160 -1
18 1 2 99 159 -1
18 1 2 99 160 0.983598
18 1 3 98 207 0.296832
18 1 3 98 208 0.348068
18 1 3 99 207 0.354607
18 1 3 99 208 0.280042
18 1 4 98 254 0.821993
18 1 4 99 254 -1
18 2 3 159 207 -1
18 2 3 159 208 0.863124
18 2 3 160 207 0.797191
18 2 3 160 208 -1
18 2 4 159 254 0.842932
18 2 4 160 254 -1
18 3 4 207 254 -1
18 3 4 208 254 0.863294
end of Frame 152
