J OverallIdx viewIdx joint种类0-18(jointIdx) 该joint在图中的顺序(candidix) x y score
0 0 0 0 614.163 390.1 0.620697
1 0 0 1 325.244 434.417 0.593649
2 0 1 0 325.418 208.778 0.894143
3 0 1 1 611.291 206.589 0.569199
4 0 2 0 625.39 387.991 0.525816
5 0 2 1 370.314 438.622 0.572501
6 0 3 0 30.7199 392.174 0.620503
7 0 3 1 597.404 394.259 0.578621
8 0 3 2 277.694 432.289 0.579732
9 0 4 0 549.758 143.402 0.930994
10 0 4 1 27.924 175.063 0.814194
11 0 5 0 608.522 200.37 0.441348
12 0 5 1 403.855 210.854 0.809392
13 0 6 0 608.582 206.664 0.787228
14 0 6 1 255.196 204.518 0.801394
15 0 6 2 33.5541 229.89 0.759924
16 0 7 0 639.451 531.428 0.807747
17 0 7 1 347.821 628.406 0.730973
18 0 8 0 56.1113 493.406 0.83019
19 0 8 1 583.308 535.608 0.685321
20 0 8 2 258.155 609.419 0.705499
21 0 9 0 378.596 120.222 0.83294
22 0 10 0 305.62 124.328 0.809232
23 0 10 1 594.645 145.467 0.926608
24 0 11 0 437.496 345.934 0.903153
25 0 12 0 639.328 276.279 0.903037
26 0 12 1 44.8235 309.995 0.845793
27 0 12 2 213.296 341.549 0.872425
28 0 13 0 678.64 657.925 0.761447
29 0 13 1 328.223 765.508 0.344183
30 0 14 0 56.2249 584.108 0.852311
31 0 14 1 583.258 666.263 0.766275
32 0 14 2 232.814 765.509 0.432843
33 0 15 0 541.2 333.211 0.20812
34 0 15 1 415.097 428.078 0.702418
35 0 16 0 583.307 339.492 0.784168
36 0 16 1 78.572 373.212 0.873363
37 0 16 2 258.103 411.22 0.708997
38 0 17 0 72.9394 622.102 0.79398
39 0 17 1 518.765 685.287 0.670094
40 0 18 0 636.602 664.275 0.683208
41 1 0 0 619.85 381.755 0.176505
42 1 0 1 675.816 398.563 0.647543
43 1 0 2 148.612 406.981 0.74164
44 1 1 0 120.501 238.242 0.817752
45 1 1 1 617.046 238.3 0.352232
46 1 1 2 681.529 238.252 0.842511
47 1 2 0 602.989 381.686 0.17297
48 1 2 1 706.599 398.555 0.674832
49 1 2 2 123.524 411.122 0.722635
50 1 3 0 171.146 400.708 0.707177
51 1 3 1 639.381 396.436 0.666568
52 1 4 0 25.1814 175.035 0.822025
53 1 4 1 182.222 175.069 0.850308
54 1 4 2 594.523 193.971 0.947907
55 1 5 0 89.744 236.141 0.781279
56 1 5 1 726.327 242.47 0.859161
57 1 5 2 597.36 244.516 0.517177
58 1 6 0 636.641 231.984 0.880521
59 1 6 1 145.72 238.31 0.777254
60 1 7 0 687.073 529.227 0.770527
61 1 7 1 131.769 533.475 0.786503
62 1 8 0 201.942 499.853 0.814827
63 1 8 1 616.8 520.833 0.730131
64 1 9 0 129.037 172.907 0.869707
65 1 9 1 687.164 177.194 0.571766
66 1 10 0 639.366 181.419 0.973665
67 1 11 0 61.745 328.851 0.874279
68 1 11 1 751.532 329.016 0.950063
69 1 12 0 28.0276 322.635 0.638273
70 1 12 1 154.291 328.907 0.69863
71 1 12 2 636.475 328.953 0.879871
72 1 13 0 131.794 655.815 0.754318
73 1 13 1 681.475 651.565 0.809101
74 1 14 0 151.449 598.956 0.802047
75 1 14 1 611.283 655.823 0.751838
76 1 15 0 120.586 385.878 0.877162
77 1 15 1 706.794 379.584 0.767847
78 1 16 0 53.161 383.826 0.741372
79 1 16 1 193.505 381.711 0.876944
80 1 16 2 614.209 396.383 0.819365
81 1 17 0 187.844 636.798 0.776502
82 1 17 1 28.0375 647.299 0.190149
83 1 17 2 549.587 662.103 0.791345
84 1 18 0 642.281 647.31 0.403574
85 1 18 1 171.068 681.049 0.72264
86 2 0 0 440.215 246.691 0.807021
87 2 0 1 709.607 369.045 0.627111
88 2 0 2 336.493 733.803 0.363305
89 2 1 0 443.115 99.12 0.854169
90 2 1 1 748.7 225.576 0.767175
91 2 1 2 286.083 529.289 0.764576
92 2 2 0 414.944 244.671 0.809628
93 2 2 1 709.463 364.825 0.556719
94 2 2 2 367.301 748.586 0.405381
95 2 3 0 465.612 246.745 0.735198
96 2 3 1 712.337 377.404 0.698491
97 2 3 2 305.681 716.974 0.352282
98 2 4 0 451.534 56.8502 0.866586
99 2 4 1 684.109 160.252 0.912543
100 2 5 0 392.655 94.8691 0.900063
101 2 5 1 734.78 210.854 0.60889
102 2 5 2 342.077 569.313 0.571901
103 2 6 0 501.86 107.454 0.846483
104 2 6 1 754.314 238.311 0.824465
105 2 6 2 235.597 480.831 0.774728
106 2 7 0 431.796 345.735 0.773265
107 2 7 1 701.068 478.618 0.616476
108 2 8 0 457.059 350.088 0.784239
109 2 8 1 684.417 480.782 0.755398
110 2 9 0 420.628 42.1422 0.862228
111 2 9 1 373.02 430.198 0.738198
112 2 10 0 479.598 50.6257 0.774987
113 2 10 1 729.043 162.36 0.94127
114 2 10 2 283.237 411.209 0.368003
115 2 11 0 347.814 134.958 0.888454
116 2 11 1 367.233 716.991 0.830841
117 2 12 0 546.762 158.108 0.908357
118 2 12 1 760.019 341.604 0.828327
119 2 13 0 443.048 396.47 0.731648
120 2 13 1 684.393 550.405 0.739967
121 2 14 0 451.433 442.833 0.723484
122 2 14 1 681.486 592.577 0.767578
123 2 15 0 375.744 194.013 0.927712
124 2 15 1 437.59 716.902 0.88582
125 2 16 0 507.701 210.833 0.922531
126 2 16 1 706.608 379.679 0.902765
127 2 17 0 460.044 476.579 0.677756
128 2 17 1 630.98 615.78 0.768895
129 2 18 0 423.518 421.746 0.318168
130 2 18 1 639.354 550.459 0.845091
131 3 0 0 588.838 345.769 0.711938
132 3 0 1 272.008 362.65 0.752914
133 3 0 2 841.218 592.544 0.323007
134 3 1 0 252.402 191.886 0.892926
135 3 1 1 846.961 193.98 0.726466
136 3 1 2 588.836 194.033 0.873632
137 3 2 0 560.846 345.784 0.6857
138 3 2 1 235.716 364.78 0.765003
139 3 2 2 922.627 569.345 0.309637
140 3 3 0 614.074 345.77 0.689274
141 3 3 1 302.845 358.502 0.774935
142 3 3 2 754.317 590.444 0.340175
143 3 4 0 283.299 120.233 0.876806
144 3 4 1 541.271 147.602 0.840974
145 3 5 0 196.381 193.915 0.830265
146 3 5 1 549.506 194.057 0.89321
147 3 5 2 998.257 193.905 0.637314
148 3 6 0 302.732 189.807 0.857046
149 3 6 1 622.57 193.999 0.856285
150 3 6 2 703.942 194.013 0.659471
151 3 7 0 588.854 459.665 0.747946
152 3 7 1 238.467 491.352 0.785393
153 3 8 0 619.717 451.244 0.68328
154 3 8 1 302.809 485.012 0.796456
155 3 9 0 908.612 40.0229 0.387213
156 3 9 1 235.668 118.067 0.880289
157 3 10 0 762.777 27.3632 0.667534
158 3 10 1 588.849 141.186 0.882379
159 3 11 0 129.093 261.437 0.881662
160 3 11 1 546.89 265.66 0.807022
161 3 11 2 1029.21 413.246 0.166929
162 3 12 0 325.21 244.566 0.909023
163 3 12 1 661.686 274.143 0.820063
164 3 12 2 659.018 417.512 0.490359
165 3 13 0 600.114 556.725 0.593742
166 3 13 1 246.77 596.743 0.694923
167 3 14 0 619.737 563.042 0.335597
168 3 14 1 302.878 600.988 0.834096
169 3 15 0 193.609 314.137 0.90327
170 3 15 1 538.448 324.682 0.778574
171 3 16 0 325.28 295.128 0.937871
172 3 16 1 617.091 331.149 0.788586
173 3 16 2 619.71 548.22 0.677418
174 3 17 0 361.735 617.869 0.767113
175 3 18 0 563.658 581.998 0.31044
176 4 0 0 591.704 297.331 0.517079
177 4 0 1 541.21 328.925 0.470429
178 4 1 0 527.338 111.838 0.698182
179 4 2 0 552.439 318.413 0.562861
180 4 3 0 616.86 295.174 0.644078
181 4 3 1 527.278 329.001 0.373713
182 4 4 0 594.584 42.1082 0.216649
183 4 4 1 594.411 90.6578 0.880902
184 4 5 0 552.417 118.093 0.810044
185 4 6 0 502.007 111.732 0.67743
186 4 6 1 614.141 137.096 0.757903
187 4 7 0 563.659 411.22 0.628731
188 4 7 1 527.237 514.461 0.678508
189 4 8 0 636.646 396.409 0.807986
190 4 8 1 560.899 419.627 0.16549
191 4 8 2 552.434 510.33 0.616305
192 4 9 0 566.446 27.5031 0.800317
193 4 9 1 566.418 75.9385 0.455888
194 4 11 0 555.334 208.734 0.832005
195 4 12 0 459.941 208.664 0.82759
196 4 12 1 622.54 212.989 0.858381
197 4 13 0 577.654 495.497 0.657881
198 4 13 1 468.28 653.674 0.740302
199 4 14 0 639.296 495.512 0.863939
200 4 14 1 563.682 636.842 0.762299
201 4 15 0 583.309 286.769 0.696808
202 4 16 0 538.403 261.394 0.729583
203 4 16 1 636.499 276.251 0.714858
204 4 17 0 684.269 514.441 0.915529
205 4 17 1 600.205 622.075 0.730502
206 4 18 0 602.905 522.96 0.533988
207 4 18 1 541.275 685.296 0.718815
P viewIdx, pafIdx, aOverAllIdx, bOverAllIdx, CandidAIdx, CandidBIdx, score
0 0 2 0 0 0 0
0 0 2 1 0 1 0.99279
0 0 3 0 1 0 0.937626
0 0 3 1 1 1 0
0 1 4 16 0 0 0.96604
0 1 4 17 0 1 0
0 1 5 16 1 0 0
0 1 5 17 1 1 0.946873
0 2 16 28 0 0 0.999547
0 2 16 29 0 1 0
0 2 17 28 1 0 0
0 2 17 29 1 1 0.958166
0 3 0 4 0 0 0.837972
0 3 0 5 0 1 0
0 3 1 4 1 0 0
0 3 1 5 1 1 0.878847
0 4 0 6 0 0 0
0 4 0 7 0 1 0.842954
0 4 0 8 0 2 0
0 4 1 6 1 0 0
0 4 1 7 1 1 0
0 4 1 8 1 2 0.875319
0 5 6 18 0 0 0.998204
0 5 6 19 0 1 0
0 5 6 20 0 2 0
0 5 7 18 1 0 0
0 5 7 19 1 1 0.959501
0 5 7 20 1 2 0
0 5 8 18 2 0 0
0 5 8 19 2 1 0
0 5 8 20 2 2 0.952895
0 6 18 30 0 0 0.997987
0 6 18 31 0 1 0
0 6 18 32 0 2 0
0 6 19 30 1 0 0
0 6 19 31 1 1 0.968072
0 6 19 32 1 2 0
0 6 20 30 2 0 0
0 6 20 31 2 1 0
0 6 20 32 2 2 0.955164
0 7 2 11 0 0 0
0 7 2 12 0 1 0.995371
0 7 3 11 1 0 0.676009
0 7 3 12 1 1 0
0 8 11 24 0 0 0
0 8 12 24 1 0 0.990752
0 9 24 33 0 0 0
0 9 24 34 0 1 0.954574
0 10 11 21 0 0 0
0 10 12 21 1 0 0.994917
0 11 2 13 0 0 0
0 11 2 14 0 1 0.986981
0 11 2 15 0 2 0
0 11 3 13 1 0 0.684255
0 11 3 14 1 1 0
0 11 3 15 1 2 0
0 12 13 25 0 0 0.997272
0 12 13 26 0 1 0
0 12 13 27 0 2 0
0 12 14 25 1 0 0
0 12 14 26 1 1 0
0 12 14 27 1 2 0.981262
0 12 15 25 2 0 0
0 12 15 26 2 1 0.998196
0 12 15 27 2 2 0
0 13 25 35 0 0 0.977292
0 13 25 36 0 1 0
0 13 25 37 0 2 0
0 13 26 35 1 0 0
0 13 26 36 1 1 0.997833
0 13 26 37 1 2 0
0 13 27 35 2 0 0
0 13 27 36 2 1 0
0 13 27 37 2 2 0.990654
0 14 13 22 0 0 0
0 14 13 23 0 1 0.997271
0 14 14 22 1 0 0.954353
0 14 14 23 1 1 0
0 14 15 22 2 0 0
0 14 15 23 2 1 0
0 15 2 9 0 0 0
0 15 2 10 0 1 0
0 15 3 9 1 0 0.957765
0 15 3 10 1 1 0
0 16 30 38 0 0 0.988004
0 16 30 39 0 1 0
0 16 31 38 1 0 0
0 16 31 39 1 1 0.939042
0 16 32 38 2 0 0
0 16 32 39 2 1 0
0 17 28 40 0 0 0.924372
0 17 29 40 1 0 0
1 0 44 41 0 0 0
1 0 44 42 0 1 0
1 0 44 43 0 2 0.986549
1 0 45 41 1 0 0.464963
1 0 45 42 1 1 0.303824
1 0 45 43 1 2 0
1 0 46 41 2 0 0
1 0 46 42 2 1 0.556278
1 0 46 43 2 2 0
1 1 47 60 0 0 0
1 1 47 61 0 1 0
1 1 48 60 1 0 0.978439
1 1 48 61 1 1 0
1 1 49 60 2 0 0
1 1 49 61 2 1 0.984518
1 2 60 72 0 0 0
1 2 60 73 0 1 0.992168
1 2 61 72 1 0 0.999148
1 2 61 73 1 1 0
1 3 41 47 0 0 0.614882
1 3 41 48 0 1 0
1 3 41 49 0 2 0
1 3 42 47 1 0 0
1 3 42 48 1 1 0.915026
1 3 42 49 1 2 0
1 3 43 47 2 0 0
1 3 43 48 2 1 0
1 3 43 49 2 2 0.944675
1 4 41 50 0 0 0
1 4 41 51 0 1 0
1 4 42 50 1 0 0
1 4 42 51 1 1 0.899914
1 4 43 50 2 0 0.914305
1 4 43 51 2 1 0
1 5 50 62 0 0 0.99182
1 5 50 63 0 1 0
1 5 51 62 1 0 0
1 5 51 63 1 1 0.974286
1 6 62 74 0 0 0.959
1 6 62 75 0 1 0
1 6 63 74 1 0 0
1 6 63 75 1 1 0.989631
1 7 44 55 0 0 0.985149
1 7 44 56 0 1 0
1 7 44 57 0 2 0
1 7 45 55 1 0 0
1 7 45 56 1 1 0
1 7 45 57 1 2 0.817034
1 7 46 55 2 0 0
1 7 46 56 2 1 0.988077
1 7 46 57 2 2 0
1 8 55 67 0 0 0.961629
1 8 55 68 0 1 0
1 8 56 67 1 0 0
1 8 56 68 1 1 0.998516
1 8 57 67 2 0 0
1 8 57 68 2 1 0
1 9 67 76 0 0 0.990733
1 9 67 77 0 1 0
1 9 68 76 1 0 0
1 9 68 77 1 1 0.957221
1 10 55 64 0 0 0.979359
1 10 55 65 0 1 0
1 10 56 64 1 0 0
1 10 56 65 1 1 0.904554
1 10 57 64 2 0 0
1 10 57 65 2 1 0
1 11 44 58 0 0 0
1 11 44 59 0 1 0.985317
1 11 45 58 1 0 0
1 11 45 59 1 1 0
1 11 46 58 2 0 0.971396
1 11 46 59 2 1 0
1 12 58 69 0 0 0
1 12 58 70 0 1 0
1 12 58 71 0 2 0.989045
1 12 59 69 1 0 0
1 12 59 70 1 1 0.977463
1 12 59 71 1 2 0
1 13 69 78 0 0 0.999982
1 13 69 79 0 1 0
1 13 69 80 0 2 0
1 13 70 78 1 0 0
1 13 70 79 1 1 0.98638
1 13 70 80 1 2 0
1 13 71 78 2 0 0
1 13 71 79 2 1 0
1 13 71 80 2 2 0.99426
1 14 58 66 0 0 0.998723
1 14 59 66 1 0 0
1 15 44 52 0 0 0
1 15 44 53 0 1 0.97837
1 15 44 54 0 2 0
1 15 45 52 1 0 0
1 15 45 53 1 1 0
1 15 45 54 1 2 0.534746
1 15 46 52 2 0 0
1 15 46 53 2 1 0
1 15 46 54 2 2 0.465254
1 16 74 81 0 0 0.983605
1 16 74 82 0 1 0
1 16 74 83 0 2 0
1 16 75 81 1 0 0
1 16 75 82 1 1 0
1 16 75 83 1 2 0.967871
1 17 72 84 0 0 0
1 17 72 85 0 1 0.975689
1 17 73 84 1 0 0.856599
1 17 73 85 1 1 0
2 0 89 86 0 0 0.996619
2 0 89 87 0 1 0
2 0 89 88 0 2 0
2 0 90 86 1 0 0
2 0 90 87 1 1 0.9591
2 0 90 88 1 2 0
2 0 91 86 2 0 0
2 0 91 87 2 1 0
2 0 91 88 2 2 0.968583
2 1 92 106 0 0 0.993838
2 1 92 107 0 1 0
2 1 93 106 1 0 0
2 1 93 107 1 1 0.913417
2 1 94 106 2 0 0
2 1 94 107 2 1 0
2 2 106 119 0 0 0.983101
2 2 106 120 0 1 0
2 2 107 119 1 0 0
2 2 107 120 1 1 0.931249
2 3 86 92 0 0 0.958535
2 3 86 93 0 1 0
2 3 86 94 0 2 0
2 3 87 92 1 0 0
2 3 87 93 1 1 0.795136
2 3 87 94 1 2 0
2 3 88 92 2 0 0
2 3 88 93 2 1 0
2 3 88 94 2 2 0.816461
2 4 86 95 0 0 0.954821
2 4 86 96 0 1 0
2 4 86 97 0 2 0
2 4 87 95 1 0 0
2 4 87 96 1 1 0.819504
2 4 87 97 1 2 0
2 4 88 95 2 0 0
2 4 88 96 2 1 0
2 4 88 97 2 2 0.828553
2 5 95 108 0 0 0.987484
2 5 95 109 0 1 0
2 5 96 108 1 0 0
2 5 96 109 1 1 0.951181
2 5 97 108 2 0 0
2 5 97 109 2 1 0
2 6 108 121 0 0 0.994794
2 6 108 122 0 1 0
2 6 109 121 1 0 0
2 6 109 122 1 1 0.975833
2 7 89 100 0 0 0.989898
2 7 89 101 0 1 0
2 7 89 102 0 2 0
2 7 90 100 1 0 0
2 7 90 101 1 1 0.94923
2 7 90 102 1 2 0
2 7 91 100 2 0 0
2 7 91 101 2 1 0
2 7 91 102 2 2 0.984577
2 8 100 115 0 0 0.969431
2 8 100 116 0 1 0
2 8 101 115 1 0 0
2 8 101 116 1 1 0
2 8 102 115 2 0 0
2 8 102 116 2 1 0.993643
2 9 115 123 0 0 0.992722
2 9 115 124 0 1 0
2 9 116 123 1 0 0
2 9 116 124 1 1 0.99716
2 10 100 110 0 0 0.956988
2 10 100 111 0 1 0
2 10 101 110 1 0 0
2 10 101 111 1 1 0
2 10 102 110 2 0 0
2 10 102 111 2 1 0.950254
2 11 89 103 0 0 0.999906
2 11 89 104 0 1 0
2 11 89 105 0 2 0
2 11 90 103 1 0 0
2 11 90 104 1 1 0.957709
2 11 90 105 1 2 0
2 11 91 103 2 0 0
2 11 91 104 2 1 0
2 11 91 105 2 2 0.987633
2 12 103 117 0 0 0.984979
2 12 103 118 0 1 0
2 12 104 117 1 0 0
2 12 104 118 1 1 0.996975
2 12 105 117 2 0 0
2 12 105 118 2 1 0
2 13 117 125 0 0 0.989214
2 13 117 126 0 1 0
2 13 118 125 1 0 0
2 13 118 126 1 1 0.982769
2 14 103 112 0 0 0.980147
2 14 103 113 0 1 0
2 14 103 114 0 2 0
2 14 104 112 1 0 0
2 14 104 113 1 1 0.997495
2 14 104 114 1 2 0
2 14 105 112 2 0 0
2 14 105 113 2 1 0
2 14 105 114 2 2 0.818163
2 15 89 98 0 0 0.97522
2 15 89 99 0 1 0
2 15 90 98 1 0 0
2 15 90 99 1 1 0.993711
2 15 91 98 2 0 0
2 15 91 99 2 1 0
2 16 121 127 0 0 0.959993
2 16 121 128 0 1 0
2 16 122 127 1 0 0
2 16 122 128 1 1 0.947485
2 17 119 129 0 0 0.885819
2 17 119 130 0 1 0
2 17 120 129 1 0 0
2 17 120 130 1 1 0.912534
3 0 134 131 0 0 0
3 0 134 132 0 1 0.999399
3 0 134 133 0 2 0
3 0 135 131 1 0 0
3 0 135 132 1 1 0
3 0 135 133 1 2 0.968098
3 0 136 131 2 0 0.983718
3 0 136 132 2 1 0
3 0 136 133 2 2 0
3 1 137 151 0 0 0.993118
3 1 137 152 0 1 0
3 1 138 151 1 0 0
3 1 138 152 1 1 0.981686
3 1 139 151 2 0 0
3 1 139 152 2 1 0
3 2 151 165 0 0 0.970203
3 2 151 166 0 1 0
3 2 152 165 1 0 0
3 2 152 166 1 1 0.988133
3 3 131 137 0 0 0.948102
3 3 131 138 0 1 0
3 3 131 139 0 2 0
3 3 132 137 1 0 0
3 3 132 138 1 1 0.939038
3 3 132 139 1 2 0
3 3 133 137 2 0 0
3 3 133 138 2 1 0
3 3 133 139 2 2 0.785353
3 4 131 140 0 0 0.948422
3 4 131 141 0 1 0
3 4 131 142 0 2 0
3 4 132 140 1 0 0
3 4 132 141 1 1 0.94311
3 4 132 142 1 2 0
3 4 133 140 2 0 0
3 4 133 141 2 1 0
3 4 133 142 2 2 0.807219
3 5 140 153 0 0 0.967388
3 5 140 154 0 1 0
3 5 141 153 1 0 0
3 5 141 154 1 1 0.999068
3 5 142 153 2 0 0
3 5 142 154 2 1 0
3 6 153 167 0 0 0.898511
3 6 153 168 0 1 0
3 6 154 167 1 0 0
3 6 154 168 1 1 0.99779
3 7 134 145 0 0 0.998679
3 7 134 146 0 1 0
3 7 134 147 0 2 0
3 7 135 145 1 0 0
3 7 135 146 1 1 0
3 7 135 147 1 2 0.962109
3 7 136 145 2 0 0
3 7 136 146 2 1 0.99923
3 7 136 147 2 2 0
3 8 145 159 0 0 0.963594
3 8 145 160 0 1 0
3 8 145 161 0 2 0
3 8 146 159 1 0 0
3 8 146 160 1 1 0.995336
3 8 146 161 1 2 0
3 8 147 159 2 0 0
3 8 147 160 2 1 0
3 8 147 161 2 2 0.833533
3 9 159 169 0 0 0.989499
3 9 159 170 0 1 0
3 9 160 169 1 0 0
3 9 160 170 1 1 0.977057
3 9 161 169 2 0 0
3 9 161 170 2 1 0
3 10 145 155 0 0 0
3 10 145 156 0 1 0.960602
3 10 146 155 1 0 0
3 10 146 156 1 1 0
3 10 147 155 2 0 0.887084
3 10 147 156 2 1 0
3 11 134 148 0 0 0.996038
3 11 134 149 0 1 0
3 11 134 150 0 2 0
3 11 135 148 1 0 0
3 11 135 149 1 1 0
3 11 135 150 1 2 0.959378
3 11 136 148 2 0 0
3 11 136 149 2 1 0.997905
3 11 136 150 2 2 0
3 12 148 162 0 0 0.993251
3 12 148 163 0 1 0
3 12 148 164 0 2 0
3 12 149 162 1 0 0
3 12 149 163 1 1 0.526566
3 12 149 164 1 2 0
3 12 150 162 2 0 0
3 12 150 163 2 1 0.259763
3 12 150 164 2 2 0.509916
3 13 162 171 0 0 0.998701
3 13 162 172 0 1 0
3 13 162 173 0 2 0
3 13 163 171 1 0 0
3 13 163 172 1 1 0.522829
3 13 163 173 1 2 0.263281
3 13 164 171 2 0 0
3 13 164 172 2 1 0
3 13 164 173 2 2 0.518352
3 14 148 157 0 0 0
3 14 148 158 0 1 0
3 14 149 157 1 0 0
3 14 149 158 1 1 0.994663
3 14 150 157 2 0 0.959831
3 14 150 158 2 1 0
3 15 134 143 0 0 0.976285
3 15 134 144 0 1 0
3 15 135 143 1 0 0
3 15 135 144 1 1 0
3 15 136 143 2 0 0
3 15 136 144 2 1 0.989323
3 16 167 174 0 0 0
3 16 168 174 1 0 0.98161
3 17 165 175 0 0 0.785375
3 17 166 175 1 0 0
4 0 178 176 0 0 0.521339
4 0 178 177 0 1 0.478661
4 1 179 187 0 0 0.517598
4 1 179 188 0 1 0.482402
4 2 187 197 0 0 0.505821
4 2 187 198 0 1 0.260727
4 2 188 197 1 0 0
4 2 188 198 1 1 0.513623
4 3 176 179 0 0 0.789638
4 3 177 179 1 0 0
4 4 176 180 0 0 0.884022
4 4 176 181 0 1 0
4 4 177 180 1 0 0
4 4 177 181 1 1 0.739059
4 5 180 189 0 0 0.535685
4 5 180 190 0 1 0
4 5 180 191 0 2 0.267917
4 5 181 189 1 0 0
4 5 181 190 1 1 0.505702
4 5 181 191 1 2 0.285218
4 6 189 199 0 0 0.989586
4 6 189 200 0 1 0
4 6 190 199 1 0 0
4 6 190 200 1 1 0.485462
4 6 191 199 2 0 0
4 6 191 200 2 1 0.514538
4 7 178 184 0 0 0.86583
4 8 184 194 0 0 0.988903
4 9 194 201 0 0 0.984804
4 10 184 192 0 0 0.49541
4 10 184 193 0 1 0.50459
4 11 178 185 0 0 0.912538
4 11 178 186 0 1 0
4 12 185 195 0 0 0.95505
4 12 185 196 0 1 0
4 12 186 195 1 0 0
4 12 186 196 1 1 0.991336
4 13 195 202 0 0 0.964785
4 13 195 203 0 1 0
4 13 196 202 1 0 0
4 13 196 203 1 1 0.977109
4 15 178 182 0 0 0.453457
4 15 178 183 0 1 0.546543
4 16 199 204 0 0 0.991929
4 16 199 205 0 1 0
4 16 200 204 1 0 0
4 16 200 205 1 1 0.903141
4 17 197 206 0 0 0.848001
4 17 197 207 0 1 0
4 17 198 206 1 0 0
4 17 198 207 1 1 0.970412
E jointIdx viewA viewB aOverAllIdx bOverallIdx score
0 0 1 0 41 0.362113
0 0 1 0 42 0.118346
0 0 1 0 43 0.373736
0 0 1 1 41 0.385659
0 0 1 1 42 0.799221
0 0 1 1 43 -1
0 0 2 0 86 0.831949
0 0 2 0 87 -1
0 0 2 0 88 -1
0 0 2 1 86 -1
0 0 2 1 87 0.88302
0 0 2 1 88 -1
0 0 3 0 131 -1
0 0 3 0 132 0.760944
0 0 3 0 133 -1
0 0 3 1 131 0.872835
0 0 3 1 132 -1
0 0 3 1 133 -1
0 0 4 0 176 -1
0 0 4 0 177 0.70269
0 0 4 1 176 0.783491
0 0 4 1 177 -1
0 1 2 41 86 0.971682
0 1 2 41 87 0.87633
0 1 2 41 88 -1
0 1 2 42 86 0.446409
0 1 2 42 87 0.70953
0 1 2 42 88 -1
0 1 2 43 86 -1
0 1 2 43 87 -1
0 1 2 43 88 0.13136
0 1 3 41 131 0.666212
0 1 3 41 132 0.964576
0 1 3 41 133 -1
0 1 3 42 131 0.797101
0 1 3 42 132 0.766748
0 1 3 42 133 -1
0 1 3 43 131 -1
0 1 3 43 132 -1
0 1 3 43 133 -1
0 1 4 41 176 0.541825
0 1 4 41 177 0.458175
0 1 4 42 176 0.392126
0 1 4 42 177 0.56368
0 1 4 43 176 -1
0 1 4 43 177 -1
0 2 3 86 131 -1
0 2 3 86 132 0.814411
0 2 3 86 133 -1
0 2 3 87 131 0.990544
0 2 3 87 132 -1
0 2 3 87 133 -1
0 2 3 88 131 -1
0 2 3 88 132 -1
0 2 3 88 133 0.408331
0 2 4 86 176 0.526948
0 2 4 86 177 0.473052
0 2 4 87 176 0.465382
0 2 4 87 177 0.534618
0 2 4 88 176 -1
0 2 4 88 177 -1
0 3 4 131 176 0.772259
0 3 4 131 177 0.155066
0 3 4 132 176 0.315383
0 3 4 132 177 0.684617
0 3 4 133 176 -1
0 3 4 133 177 -1
1 0 1 2 44 0.213065
1 0 1 2 45 0.214319
1 0 1 2 46 0.214687
1 0 1 3 44 0.19021
1 0 1 3 45 0.220936
1 0 1 3 46 0.220513
1 0 2 2 89 -1
1 0 2 2 90 0.893355
1 0 2 2 91 -1
1 0 2 3 89 0.885772
1 0 2 3 90 -1
1 0 2 3 91 -1
1 0 3 2 134 0.455015
1 0 3 2 135 -1
1 0 3 2 136 0.54258
1 0 3 3 134 0.287401
1 0 3 3 135 0.127698
1 0 3 3 136 0.241223
1 0 4 2 178 0.184172
1 0 4 3 178 0.815828
1 1 2 44 89 -1
1 1 2 44 90 -1
1 1 2 44 91 0.678917
1 1 2 45 89 0.85665
1 1 2 45 90 0.492654
1 1 2 45 91 -1
1 1 2 46 89 -1
1 1 2 46 90 0.819554
1 1 2 46 91 -1
1 1 3 44 134 0.161724
1 1 3 44 135 0.130415
1 1 3 44 136 0.120227
1 1 3 45 134 0.126013
1 1 3 45 135 0.137398
1 1 3 45 136 0.144345
1 1 3 46 134 0.120828
1 1 3 46 135 0.141753
1 1 3 46 136 0.145233
1 1 4 44 178 -1
1 1 4 45 178 0.91525
1 1 4 46 178 0.627776
1 2 3 89 134 0.832435
1 2 3 89 135 -1
1 2 3 89 136 -1
1 2 3 90 134 -1
1 2 3 90 135 -1
1 2 3 90 136 0.877702
1 2 3 91 134 -1
1 2 3 91 135 0.597814
1 2 3 91 136 -1
1 2 4 89 178 0.805924
1 2 4 90 178 -1
1 2 4 91 178 -1
1 3 4 134 178 0.736611
1 3 4 135 178 -1
1 3 4 136 178 0.308879
2 0 1 4 47 0.37557
2 0 1 4 48 0.0777437
2 0 1 4 49 0.471202
2 0 1 5 47 0.307763
2 0 1 5 48 0.856705
2 0 1 5 49 -1
2 0 2 4 92 0.729648
2 0 2 4 93 -1
2 0 2 4 94 -1
2 0 2 5 92 -1
2 0 2 5 93 0.625239
2 0 2 5 94 -1
2 0 3 4 137 -1
2 0 3 4 138 0.836151
2 0 3 4 139 -1
2 0 3 5 137 0.933318
2 0 3 5 138 -1
2 0 3 5 139 -1
2 0 4 4 179 0.374433
2 0 4 5 179 0.320383
2 1 2 47 92 0.906583
2 1 2 47 93 0.594171
2 1 2 47 94 -1
2 1 2 48 92 -1
2 1 2 48 93 0.394637
2 1 2 48 94 -1
2 1 2 49 92 -1
2 1 2 49 93 -1
2 1 2 49 94 0.49616
2 1 3 47 137 0.801256
2 1 3 47 138 0.847127
2 1 3 47 139 -1
2 1 3 48 137 0.746455
2 1 3 48 138 0.874926
2 1 3 48 139 -1
2 1 3 49 137 -1
2 1 3 49 138 -1
2 1 3 49 139 -1
2 1 4 47 179 0.496404
2 1 4 48 179 0.156832
2 1 4 49 179 -1
2 2 3 92 137 -1
2 2 3 92 138 0.998008
2 2 3 92 139 -1
2 2 3 93 137 0.677765
2 2 3 93 138 -1
2 2 3 93 139 -1
2 2 3 94 137 -1
2 2 3 94 138 -1
2 2 3 94 139 0.0815966
2 2 4 92 179 0.54013
2 2 4 93 179 0.761648
2 2 4 94 179 -1
2 3 4 137 179 0.445153
2 3 4 138 179 0.489345
2 3 4 139 179 -1
3 0 1 6 50 0.662937
3 0 1 6 51 0.180889
3 0 1 7 50 0.213565
3 0 1 7 51 0.240173
3 0 1 8 50 -1
3 0 1 8 51 0.498595
3 0 2 6 95 -1
3 0 2 6 96 -1
3 0 2 6 97 -1
3 0 2 7 95 0.936092
3 0 2 7 96 -1
3 0 2 7 97 -1
3 0 2 8 95 -1
3 0 2 8 96 0.900609
3 0 2 8 97 -1
3 0 3 6 140 -1
3 0 3 6 141 -1
3 0 3 6 142 0.995855
3 0 3 7 140 -1
3 0 3 7 141 0.822743
3 0 3 7 142 -1
3 0 3 8 140 0.906903
3 0 3 8 141 -1
3 0 3 8 142 -1
3 0 4 6 180 -1
3 0 4 6 181 -1
3 0 4 7 180 -1
3 0 4 7 181 0.931521
3 0 4 8 180 0.732444
3 0 4 8 181 -1
3 1 2 50 95 -1
3 1 2 50 96 -1
3 1 2 50 97 -1
3 1 2 51 95 0.690788
3 1 2 51 96 0.998365
3 1 2 51 97 -1
3 1 3 50 140 -1
3 1 3 50 141 -1
3 1 3 50 142 -1
3 1 3 51 140 0.831549
3 1 3 51 141 0.635744
3 1 3 51 142 -1
3 1 4 50 180 -1
3 1 4 50 181 -1
3 1 4 51 180 0.424013
3 1 4 51 181 0.575987
3 2 3 95 140 -1
3 2 3 95 141 0.670498
3 2 3 95 142 -1
3 2 3 96 140 0.806465
3 2 3 96 141 -1
3 2 3 96 142 -1
3 2 3 97 140 -1
3 2 3 97 141 -1
3 2 3 97 142 0.997606
3 2 4 95 180 0.378707
3 2 4 95 181 0.621293
3 2 4 96 180 0.369643
3 2 4 96 181 0.630357
3 2 4 97 180 -1
3 2 4 97 181 -1
3 3 4 140 180 0.701336
3 3 4 140 181 0.126386
3 3 4 141 180 0.371322
3 3 4 141 181 0.628678
3 3 4 142 180 -1
3 3 4 142 181 -1
4 0 1 9 52 -1
4 0 1 9 53 0.444158
4 0 1 9 54 0.566311
4 0 1 10 52 0.384305
4 0 1 10 53 0.219339
4 0 1 10 54 0.171136
4 0 2 9 98 0.955986
4 0 2 9 99 -1
4 0 2 10 98 -1
4 0 2 10 99 -1
4 0 3 9 143 0.673037
4 0 3 9 144 0.326963
4 0 3 10 143 -1
4 0 3 10 144 -1
4 0 4 9 182 0.847269
4 0 4 9 183 0.152731
4 0 4 10 182 -1
4 0 4 10 183 -1
4 1 2 52 98 -1
4 1 2 52 99 -1
4 1 2 53 98 -1
4 1 2 53 99 -1
4 1 2 54 98 0.633391
4 1 2 54 99 0.366609
4 1 3 52 143 -1
4 1 3 52 144 -1
4 1 3 53 143 0.0855213
4 1 3 53 144 0.142755
4 1 3 54 143 0.514021
4 1 3 54 144 0.485979
4 1 4 52 182 -1
4 1 4 52 183 -1
4 1 4 53 182 -1
4 1 4 53 183 -1
4 1 4 54 182 0.6972
4 1 4 54 183 0.3028
4 2 3 98 143 0.965354
4 2 3 98 144 -1
4 2 3 99 143 -1
4 2 3 99 144 0.9712
4 2 4 98 182 0.865419
4 2 4 98 183 0.118332
4 2 4 99 182 0.0440823
4 2 4 99 183 0.840508
4 3 4 143 182 0.853507
4 3 4 143 183 0.12691
4 3 4 144 182 -1
4 3 4 144 183 0.856105
5 0 1 11 55 0.00845104
5 0 1 11 56 0.284858
5 0 1 11 57 0.260563
5 0 1 12 55 0.255466
5 0 1 12 56 0.197236
5 0 1 12 57 0.214348
5 0 2 11 100 0.707466
5 0 2 11 101 -1
5 0 2 11 102 -1
5 0 2 12 100 -1
5 0 2 12 101 0.694033
5 0 2 12 102 -1
5 0 3 11 145 0.453681
5 0 3 11 146 0.502189
5 0 3 11 147 -1
5 0 3 12 145 0.546319
5 0 3 12 146 0.497811
5 0 3 12 147 -1
5 0 4 11 184 0.596529
5 0 4 12 184 0.403471
5 1 2 55 100 -1
5 1 2 55 101 -1
5 1 2 55 102 0.856702
5 1 2 56 100 -1
5 1 2 56 101 0.516315
5 1 2 56 102 -1
5 1 2 57 100 0.854248
5 1 2 57 101 0.0521304
5 1 2 57 102 -1
5 1 3 55 145 0.158351
5 1 3 55 146 0.126081
5 1 3 55 147 0.15391
5 1 3 56 145 0.122025
5 1 3 56 146 0.164423
5 1 3 56 147 0.143688
5 1 3 57 145 0.149917
5 1 3 57 146 0.145574
5 1 3 57 147 0.133874
5 1 4 55 184 -1
5 1 4 56 184 0.326129
5 1 4 57 184 0.937348
5 2 3 100 145 0.917434
5 2 3 100 146 -1
5 2 3 100 147 -1
5 2 3 101 145 -1
5 2 3 101 146 0.696542
5 2 3 101 147 -1
5 2 3 102 145 -1
5 2 3 102 146 -1
5 2 3 102 147 0.713516
5 2 4 100 184 0.868713
5 2 4 101 184 0.447047
5 2 4 102 184 -1
5 3 4 145 184 0.860218
5 3 4 146 184 0.529649
5 3 4 147 184 -1
6 0 1 13 58 0.254196
6 0 1 13 59 0.214728
6 0 1 14 58 0.294787
6 0 1 14 59 0.165028
6 0 1 15 58 0.176642
6 0 1 15 59 0.309688
6 0 2 13 103 0.920496
6 0 2 13 104 -1
6 0 2 13 105 -1
6 0 2 14 103 -1
6 0 2 14 104 0.931639
6 0 2 14 105 -1
6 0 2 15 103 -1
6 0 2 15 104 -1
6 0 2 15 105 0.733777
6 0 3 13 148 0.166669
6 0 3 13 149 0.127417
6 0 3 13 150 0.116969
6 0 3 14 148 0.103765
6 0 3 14 149 0.157002
6 0 3 14 150 0.149704
6 0 3 15 148 0.140782
6 0 3 15 149 0.128177
6 0 3 15 150 0.143572
6 0 4 13 185 0.631817
6 0 4 13 186 0.186024
6 0 4 14 185 0.0660457
6 0 4 14 186 0.471879
6 0 4 15 185 -1
6 0 4 15 186 0.265539
6 1 2 58 103 0.889129
6 1 2 58 104 0.968701
6 1 2 58 105 -1
6 1 2 59 103 -1
6 1 2 59 104 -1
6 1 2 59 105 0.662041
6 1 3 58 148 0.162209
6 1 3 58 149 0.206428
6 1 3 58 150 0.221161
6 1 3 59 148 0.233594
6 1 3 59 149 0.189921
6 1 3 59 150 0.175371
6 1 4 58 185 0.459267
6 1 4 58 186 0.540733
6 1 4 59 185 -1
6 1 4 59 186 -1
6 2 3 103 148 0.909306
6 2 3 103 149 -1
6 2 3 103 150 -1
6 2 3 104 148 -1
6 2 3 104 149 0.935361
6 2 3 104 150 -1
6 2 3 105 148 -1
6 2 3 105 149 -1
6 2 3 105 150 0.1562
6 2 4 103 185 0.758651
6 2 4 103 186 -1
6 2 4 104 185 -1
6 2 4 104 186 0.886379
6 2 4 105 185 -1
6 2 4 105 186 -1
6 3 4 148 185 0.459399
6 3 4 148 186 0.194172
6 3 4 149 185 0.179225
6 3 4 149 186 0.30264
6 3 4 150 185 0.0977427
6 3 4 150 186 0.334185
7 0 1 16 60 -1
7 0 1 16 61 -1
7 0 1 17 60 0.936272
7 0 1 17 61 -1
7 0 2 16 106 0.584983
7 0 2 16 107 -1
7 0 2 17 106 -1
7 0 2 17 107 0.565705
7 0 3 16 151 -1
7 0 3 16 152 0.897623
7 0 3 17 151 0.790313
7 0 3 17 152 -1
7 0 4 16 187 -1
7 0 4 16 188 0.700012
7 0 4 17 187 0.822288
7 0 4 17 188 -1
7 1 2 60 106 0.612439
7 1 2 60 107 0.387561
7 1 2 61 106 -1
7 1 2 61 107 -1
7 1 3 60 151 0.7104
7 1 3 60 152 0.0925547
7 1 3 61 151 -1
7 1 3 61 152 -1
7 1 4 60 187 0.707585
7 1 4 60 188 0.102106
7 1 4 61 187 -1
7 1 4 61 188 -1
7 2 3 106 151 -1
7 2 3 106 152 0.689739
7 2 3 107 151 0.760829
7 2 3 107 152 -1
7 2 4 106 187 -1
7 2 4 106 188 0.856383
7 2 4 107 187 0.825685
7 2 4 107 188 -1
7 3 4 151 187 0.876114
7 3 4 151 188 -1
7 3 4 152 187 -1
7 3 4 152 188 0.918471
8 0 1 18 62 0.969363
8 0 1 18 63 -1
8 0 1 19 62 -1
8 0 1 19 63 -1
8 0 1 20 62 -1
8 0 1 20 63 0.751854
8 0 2 18 108 -1
8 0 2 18 109 -1
8 0 2 19 108 0.893591
8 0 2 19 109 -1
8 0 2 20 108 -1
8 0 2 20 109 0.656784
8 0 3 18 153 -1
8 0 3 18 154 -1
8 0 3 19 153 -1
8 0 3 19 154 0.924714
8 0 3 20 153 0.811355
8 0 3 20 154 -1
8 0 4 18 189 -1
8 0 4 18 190 -1
8 0 4 18 191 -1
8 0 4 19 189 -1
8 0 4 19 190 -1
8 0 4 19 191 0.816366
8 0 4 20 189 0.932423
8 0 4 20 190 -1
8 0 4 20 191 -1
8 1 2 62 108 -1
8 1 2 62 109 -1
8 1 2 63 108 0.0114642
8 1 2 63 109 0.906346
8 1 3 62 153 -1
8 1 3 62 154 -1
8 1 3 63 153 0.96447
8 1 3 63 154 -1
8 1 4 62 189 -1
8 1 4 62 190 -1
8 1 4 62 191 -1
8 1 4 63 189 0.423336
8 1 4 63 190 0.0401856
8 1 4 63 191 0.536478
8 2 3 108 153 -1
8 2 3 108 154 0.811979
8 2 3 109 153 0.898298
8 2 3 109 154 -1
8 2 4 108 189 0.354504
8 2 4 108 190 0.16648
8 2 4 108 191 0.315023
8 2 4 109 189 0.339132
8 2 4 109 190 0.679811
8 2 4 109 191 -1
8 3 4 153 189 0.597335
8 3 4 153 190 0.354577
8 3 4 153 191 -1
8 3 4 154 189 -1
8 3 4 154 190 -1
8 3 4 154 191 0.618781
9 0 1 21 64 -1
9 0 1 21 65 0.918802
9 0 2 21 110 0.105317
9 0 2 21 111 -1
9 0 3 21 155 -1
9 0 3 21 156 -1
9 0 4 21 192 0.0233906
9 0 4 21 193 0.97661
9 1 2 64 110 -1
9 1 2 64 111 0.88359
9 1 2 65 110 -1
9 1 2 65 111 -1
9 1 3 64 155 -1
9 1 3 64 156 -1
9 1 3 65 155 -1
9 1 3 65 156 0.581513
9 1 4 64 192 -1
9 1 4 64 193 -1
9 1 4 65 192 -1
9 1 4 65 193 0.829387
9 2 3 110 155 -1
9 2 3 110 156 0.958344
9 2 3 111 155 0.532905
9 2 3 111 156 -1
9 2 4 110 192 0.711678
9 2 4 110 193 0.288322
9 2 4 111 192 -1
9 2 4 111 193 -1
9 3 4 155 192 0.436651
9 3 4 155 193 -1
9 3 4 156 192 0.453856
9 3 4 156 193 0.249528
10 0 1 22 66 0.643727
10 0 1 23 66 0.356273
10 0 2 22 112 -1
10 0 2 22 113 0.954676
10 0 2 22 114 -1
10 0 2 23 112 0.961109
10 0 2 23 113 -1
10 0 2 23 114 -1
10 0 3 22 157 -1
10 0 3 22 158 0.911038
10 0 3 23 157 -1
10 0 3 23 158 -1
10 1 2 66 112 0.52932
10 1 2 66 113 0.897713
10 1 2 66 114 -1
10 1 3 66 157 -1
10 1 3 66 158 0.946281
10 2 3 112 157 -1
10 2 3 112 158 -1
10 2 3 113 157 0.483713
10 2 3 113 158 0.516287
10 2 3 114 157 -1
10 2 3 114 158 -1
11 0 1 24 67 -1
11 0 1 24 68 0.894884
11 0 2 24 115 -1
11 0 2 24 116 -1
11 0 3 24 159 -1
11 0 3 24 160 0.785025
11 0 3 24 161 -1
11 0 4 24 194 0.322453
11 1 2 67 115 -1
11 1 2 67 116 0.82377
11 1 2 68 115 -1
11 1 2 68 116 -1
11 1 3 67 159 -1
11 1 3 67 160 -1
11 1 3 67 161 0.0688027
11 1 3 68 159 0.409103
11 1 3 68 160 0.89042
11 1 3 68 161 -1
11 1 4 67 194 -1
11 1 4 68 194 0.993138
11 2 3 115 159 0.977793
11 2 3 115 160 -1
11 2 3 115 161 -1
11 2 3 116 159 -1
11 2 3 116 160 -1
11 2 3 116 161 0.167653
11 2 4 115 194 0.869532
11 2 4 116 194 -1
11 3 4 159 194 0.856246
11 3 4 160 194 0.909051
11 3 4 161 194 -1
12 0 1 25 69 -1
12 0 1 25 70 -1
12 0 1 25 71 -1
12 0 1 26 69 0.403236
12 0 1 26 70 0.337917
12 0 1 26 71 0.258847
12 0 1 27 69 -1
12 0 1 27 70 0.257929
12 0 1 27 71 0.909945
12 0 2 25 117 0.882062
12 0 2 25 118 -1
12 0 2 26 117 -1
12 0 2 26 118 -1
12 0 2 27 117 -1
12 0 2 27 118 0.889418
12 0 3 25 162 0.946958
12 0 3 25 163 -1
12 0 3 25 164 -1
12 0 3 26 162 -1
12 0 3 26 163 -1
12 0 3 26 164 0.429641
12 0 3 27 162 -1
12 0 3 27 163 0.964125
12 0 3 27 164 -1
12 0 4 25 195 0.261813
12 0 4 25 196 0.23592
12 0 4 26 195 0.144202
12 0 4 26 196 0.200437
12 0 4 27 195 0.251499
12 0 4 27 196 0.244576
12 1 2 69 117 -1
12 1 2 69 118 -1
12 1 2 70 117 -1
12 1 2 70 118 -1
12 1 2 71 117 -1
12 1 2 71 118 0.97723
12 1 3 69 162 -1
12 1 3 69 163 -1
12 1 3 69 164 0.809201
12 1 3 70 162 -1
12 1 3 70 163 -1
12 1 3 70 164 0.478825
12 1 3 71 162 -1
12 1 3 71 163 0.960692
12 1 3 71 164 -1
12 1 4 69 195 -1
12 1 4 69 196 -1
12 1 4 70 195 -1
12 1 4 70 196 -1
12 1 4 71 195 -1
12 1 4 71 196 0.997139
12 2 3 117 162 0.972188
12 2 3 117 163 -1
12 2 3 117 164 -1
12 2 3 118 162 -1
12 2 3 118 163 0.905838
12 2 3 118 164 -1
12 2 4 117 195 0.848019
12 2 4 117 196 -1
12 2 4 118 195 -1
12 2 4 118 196 0.999539
12 3 4 162 195 0.605013
12 3 4 162 196 0.394987
12 3 4 163 195 0.334786
12 3 4 163 196 0.665214
12 3 4 164 195 -1
12 3 4 164 196 -1
13 0 1 28 72 -1
13 0 1 28 73 -1
13 0 1 29 72 -1
13 0 1 29 73 0.567641
13 0 2 28 119 0.89245
13 0 2 28 120 -1
13 0 2 29 119 -1
13 0 2 29 120 0.744123
13 0 3 28 165 -1
13 0 3 28 166 0.557294
13 0 3 29 165 0.65909
13 0 3 29 166 -1
13 0 4 28 197 -1
13 0 4 28 198 0.837885
13 0 4 29 197 0.819241
13 0 4 29 198 -1
13 1 2 72 119 -1
13 1 2 72 120 -1
13 1 2 73 119 -1
13 1 2 73 120 0.798541
13 1 3 72 165 -1
13 1 3 72 166 -1
13 1 3 73 165 0.788272
13 1 3 73 166 -1
13 1 4 72 197 -1
13 1 4 72 198 -1
13 1 4 73 197 0.548738
13 1 4 73 198 0.451262
13 2 3 119 165 -1
13 2 3 119 166 0.66432
13 2 3 120 165 0.870834
13 2 3 120 166 -1
13 2 4 119 197 0.220362
13 2 4 119 198 0.631823
13 2 4 120 197 0.612029
13 2 4 120 198 0.154296
13 3 4 165 197 0.924202
13 3 4 165 198 -1
13 3 4 166 197 -1
13 3 4 166 198 0.644772
14 0 1 30 74 0.951299
14 0 1 30 75 -1
14 0 1 31 74 -1
14 0 1 31 75 -1
14 0 1 32 74 -1
14 0 1 32 75 0.899559
14 0 2 30 121 -1
14 0 2 30 122 0.820792
14 0 2 31 121 0.881804
14 0 2 31 122 -1
14 0 2 32 121 -1
14 0 2 32 122 0.919724
14 0 3 30 167 -1
14 0 3 30 168 -1
14 0 3 31 167 -1
14 0 3 31 168 0.963417
14 0 3 32 167 0.55087
14 0 3 32 168 -1
14 0 4 30 199 -1
14 0 4 30 200 -1
14 0 4 31 199 -1
14 0 4 31 200 0.852869
14 0 4 32 199 0.82038
14 0 4 32 200 -1
14 1 2 74 121 -1
14 1 2 74 122 -1
14 1 2 75 121 -1
14 1 2 75 122 0.92396
14 1 3 74 167 -1
14 1 3 74 168 -1
14 1 3 75 167 0.809554
14 1 3 75 168 -1
14 1 4 74 199 -1
14 1 4 74 200 -1
14 1 4 75 199 0.567997
14 1 4 75 200 0.432003
14 2 3 121 167 -1
14 2 3 121 168 0.918464
14 2 3 122 167 0.592985
14 2 3 122 168 -1
14 2 4 121 199 0.300523
14 2 4 121 200 0.63069
14 2 4 122 199 0.601253
14 2 4 122 200 -1
14 3 4 167 199 0.760508
14 3 4 167 200 -1
14 3 4 168 199 -1
14 3 4 168 200 0.870505
15 0 1 33 76 -1
15 0 1 33 77 -1
15 0 1 34 76 -1
15 0 1 34 77 0.731449
15 0 2 33 123 0.314071
15 0 2 33 124 -1
15 0 2 34 123 -1
15 0 2 34 124 -1
15 0 3 33 169 0.700575
15 0 3 33 170 -1
15 0 3 34 169 -1
15 0 3 34 170 0.818042
15 0 4 33 201 0.477793
15 0 4 34 201 0.522207
15 1 2 76 123 -1
15 1 2 76 124 0.898109
15 1 2 77 123 -1
15 1 2 77 124 -1
15 1 3 76 169 -1
15 1 3 76 170 -1
15 1 3 77 169 0.109497
15 1 3 77 170 0.890503
15 1 4 76 201 -1
15 1 4 77 201 0.0362082
15 2 3 123 169 0.927247
15 2 3 123 170 -1
15 2 3 124 169 -1
15 2 3 124 170 -1
15 2 4 123 201 0.922872
15 2 4 124 201 -1
15 3 4 169 201 0.596738
15 3 4 170 201 0.403262
16 0 1 35 78 -1
16 0 1 35 79 -1
16 0 1 35 80 -1
16 0 1 36 78 0.39546
16 0 1 36 79 0.480127
16 0 1 36 80 0.124413
16 0 1 37 78 -1
16 0 1 37 79 -1
16 0 1 37 80 0.793036
16 0 2 35 125 0.900742
16 0 2 35 126 -1
16 0 2 36 125 -1
16 0 2 36 126 -1
16 0 2 37 125 -1
16 0 2 37 126 0.998931
16 0 3 35 171 0.890193
16 0 3 35 172 -1
16 0 3 35 173 -1
16 0 3 36 171 -1
16 0 3 36 172 -1
16 0 3 36 173 0.67761
16 0 3 37 171 -1
16 0 3 37 172 0.945043
16 0 3 37 173 -1
16 0 4 35 202 0.585972
16 0 4 35 203 0.414028
16 0 4 36 202 -1
16 0 4 36 203 -1
16 0 4 37 202 0.411839
16 0 4 37 203 0.588161
16 1 2 78 125 -1
16 1 2 78 126 -1
16 1 2 79 125 -1
16 1 2 79 126 -1
16 1 2 80 125 -1
16 1 2 80 126 0.781828
16 1 3 78 171 -1
16 1 3 78 172 -1
16 1 3 78 173 0.759223
16 1 3 79 171 -1
16 1 3 79 172 -1
16 1 3 79 173 -1
16 1 3 80 171 -1
16 1 3 80 172 0.742797
16 1 3 80 173 -1
16 1 4 78 202 -1
16 1 4 78 203 -1
16 1 4 79 202 -1
16 1 4 79 203 -1
16 1 4 80 202 -1
16 1 4 80 203 0.868008
16 2 3 125 171 0.996804
16 2 3 125 172 -1
16 2 3 125 173 -1
16 2 3 126 171 -1
16 2 3 126 172 0.946647
16 2 3 126 173 -1
16 2 4 125 202 0.746986
16 2 4 125 203 -1
16 2 4 126 202 -1
16 2 4 126 203 0.68732
16 3 4 171 202 0.673147
16 3 4 171 203 0.326853
16 3 4 172 202 0.432758
16 3 4 172 203 0.567242
16 3 4 173 202 -1
16 3 4 173 203 -1
17 0 1 38 81 0.907791
17 0 1 38 82 0.532055
17 0 1 38 83 -1
17 0 1 39 81 -1
17 0 1 39 82 -1
17 0 1 39 83 -1
17 0 2 38 127 -1
17 0 2 38 128 0.595027
17 0 2 39 127 0.940636
17 0 2 39 128 -1
17 0 3 38 174 -1
17 0 3 39 174 0.894848
17 0 4 38 204 -1
17 0 4 38 205 -1
17 0 4 39 204 -1
17 0 4 39 205 0.99904
17 1 2 81 127 -1
17 1 2 81 128 -1
17 1 2 82 127 -1
17 1 2 82 128 -1
17 1 2 83 127 -1
17 1 2 83 128 0.963227
17 1 3 81 174 -1
17 1 3 82 174 -1
17 1 3 83 174 -1
17 1 4 81 204 -1
17 1 4 81 205 -1
17 1 4 82 204 -1
17 1 4 82 205 -1
17 1 4 83 204 0.868504
17 1 4 83 205 -1
17 2 3 127 174 0.852776
17 2 3 128 174 -1
17 2 4 127 204 0.287438
17 2 4 127 205 0.319145
17 2 4 128 204 0.324773
17 2 4 128 205 0.280186
17 3 4 174 204 -1
17 3 4 174 205 0.934189
18 0 1 40 84 -1
18 0 1 40 85 0.832524
18 0 2 40 129 0.904646
18 0 2 40 130 -1
18 0 3 40 175 -1
18 0 4 40 206 -1
18 0 4 40 207 0.683533
18 1 2 84 129 -1
18 1 2 84 130 0.910568
18 1 2 85 129 -1
18 1 2 85 130 -1
18 1 3 84 175 0.775472
18 1 3 85 175 -1
18 1 4 84 206 0.485001
18 1 4 84 207 0.514999
18 1 4 85 206 -1
18 1 4 85 207 -1
18 2 3 129 175 -1
18 2 3 130 175 0.879096
18 2 4 129 206 0.255127
18 2 4 129 207 0.665482
18 2 4 130 206 0.744873
18 2 4 130 207 -1
18 3 4 175 206 0.951083
18 3 4 175 207 -1
end of Frame 134
