J OverallIdx viewIdx joint种类0-18(jointIdx) 该joint在图中的顺序(candidix) x y score
0 0 0 0 709.451 413.352 0.551781
1 0 0 1 232.82 430.135 0.591624
2 0 1 0 712.301 194.108 0.565794
3 0 1 1 241.24 202.469 0.734847
4 0 2 0 703.867 415.38 0.410745
5 0 2 1 257.973 432.304 0.603736
6 0 3 0 712.34 415.422 0.592698
7 0 3 1 210.239 425.912 0.496511
8 0 4 0 661.739 126.626 0.916219
9 0 5 0 703.945 194.047 0.467102
10 0 5 1 280.556 206.651 0.787295
11 0 6 0 210.274 196.206 0.71709
12 0 6 1 726.281 196.083 0.828318
13 0 7 0 701.125 556.671 0.495905
14 0 7 1 266.42 592.516 0.572019
15 0 8 0 715.102 567.276 0.59541
16 0 8 1 263.574 577.779 0.290054
17 0 9 0 322.53 126.462 0.907188
18 0 10 0 255.239 122.295 0.275226
19 0 10 1 706.778 126.612 0.934431
20 0 11 0 283.309 347.888 0.825366
21 0 12 0 726.402 312.062 0.912831
22 0 12 1 182.265 324.718 0.193619
23 0 13 0 709.465 683.313 0.75851
24 0 13 1 238.458 761.258 0.430319
25 0 14 0 729.278 717.041 0.753348
26 0 15 0 653.445 328.915 0.358636
27 0 15 1 322.557 446.981 0.802076
28 0 16 0 440.243 328.877 0.285442
29 0 16 1 639.364 354.235 0.851612
30 0 17 0 297.227 731.702 0.184865
31 0 17 1 661.797 738.06 0.75713
32 0 18 0 653.435 687.417 0.737689
33 0 18 1 291.654 744.349 0.242636
34 1 0 0 715.114 377.489 0.715158
35 1 0 1 625.398 396.501 0.692986
36 1 1 0 619.78 231.959 0.88647
37 1 1 1 729.041 244.577 0.926356
38 1 2 0 681.422 381.658 0.722864
39 1 2 1 664.697 392.213 0.717308
40 1 3 0 743.145 379.487 0.726296
41 1 3 1 594.424 398.509 0.733617
42 1 4 0 701.133 194.022 0.92394
43 1 5 0 684.284 240.416 0.917271
44 1 6 0 571.978 229.904 0.902867
45 1 6 1 754.505 244.59 0.895669
46 1 7 0 698.218 480.727 0.758758
47 1 7 1 653.348 537.721 0.709745
48 1 8 0 743.154 480.762 0.791499
49 1 8 1 572.238 531.476 0.801612
50 1 9 0 653.38 177.147 0.428663
51 1 10 0 608.518 172.843 0.851309
52 1 10 1 734.741 193.996 0.938769
53 1 11 0 701.135 331.115 0.860828
54 1 12 0 779.579 309.993 0.899651
55 1 12 1 549.517 326.888 0.893369
56 1 13 0 706.589 563.043 0.860467
57 1 13 1 639.441 662.112 0.779794
58 1 14 0 748.725 569.361 0.816939
59 1 14 1 552.576 655.786 0.779883
60 1 15 0 687.042 402.801 0.67614
61 1 16 0 726.369 341.639 0.863107
62 1 16 1 572.143 383.776 0.79524
63 1 17 0 726.394 598.943 0.85346
64 1 17 1 558.067 655.792 0.503301
65 1 18 0 684.262 579.941 0.551737
66 1 18 1 639.273 666.303 0.484763
67 2 0 0 541.285 213.021 0.780324
68 2 0 1 729.145 400.66 0.745055
69 2 1 0 549.669 78.1153 0.931446
70 2 1 1 748.752 242.424 0.870661
71 2 2 0 510.393 212.969 0.78083
72 2 2 1 754.316 398.507 0.722663
73 2 3 0 569.316 215.085 0.811937
74 2 3 1 703.926 406.948 0.718413
75 2 4 0 549.729 37.9469 0.927061
76 2 4 1 684.318 174.917 0.894387
77 2 5 0 504.842 76.0221 0.923127
78 2 5 1 782.466 227.81 0.847513
79 2 6 0 594.554 82.2304 0.885846
80 2 6 1 706.816 248.839 0.828376
81 2 7 0 504.62 309.931 0.880965
82 2 7 1 720.736 495.519 0.796292
83 2 8 0 558.061 312.02 0.834172
84 2 8 1 642.327 497.729 0.829448
85 2 9 0 527.355 25.3738 0.738313
86 2 10 0 577.698 29.5327 0.793324
87 2 10 1 729.243 177.17 0.953873
88 2 11 0 482.398 141.227 0.93069
89 2 11 1 788.058 324.709 0.771184
90 2 12 0 614.206 153.942 0.880685
91 2 12 1 684.351 362.792 0.858665
92 2 13 0 496.301 383.832 0.80528
93 2 13 1 698.288 586.186 0.804553
94 2 14 0 549.608 392.196 0.884344
95 2 14 1 633.834 603.058 0.805701
96 2 15 0 504.911 177.21 0.958563
97 2 15 1 743.166 354.277 0.393949
98 2 16 0 591.685 202.438 0.858014
99 2 16 1 656.172 398.505 0.758241
100 2 17 0 558.05 425.964 0.789704
101 2 17 1 583.344 581.991 0.744155
102 2 18 0 476.728 417.508 0.731443
103 2 18 1 667.424 571.443 0.38914
104 3 0 0 302.954 341.56 0.731462
105 3 0 1 616.925 345.821 0.699295
106 3 1 0 280.477 189.813 0.909296
107 3 1 1 616.819 191.902 0.746039
108 3 2 0 600.145 343.752 0.605239
109 3 2 1 277.583 343.677 0.711663
110 3 3 0 330.968 337.357 0.673581
111 3 3 1 628.164 347.902 0.694972
112 3 4 0 302.937 126.58 0.988581
113 3 4 1 572.069 139.198 0.909373
114 3 5 0 235.695 191.911 0.884983
115 3 5 1 594.557 191.907 0.60587
116 3 6 0 325.308 185.575 0.863214
117 3 6 1 636.514 191.89 0.870614
118 3 7 0 277.589 461.763 0.823588
119 3 7 1 633.825 463.982 0.700406
120 3 8 0 322.577 455.467 0.798506
121 3 8 1 616.812 468.141 0.781255
122 3 9 0 260.764 126.58 0.921755
123 3 10 0 616.986 128.726 0.939089
124 3 11 0 218.726 269.922 0.817308
125 3 12 0 339.299 248.789 0.829521
126 3 12 1 653.406 280.483 0.844558
127 3 13 0 269.195 560.901 0.767156
128 3 13 1 639.265 567.293 0.742439
129 3 14 0 319.718 548.186 0.841475
130 3 14 1 633.825 584.157 0.751002
131 3 15 0 283.285 286.758 0.8361
132 3 16 0 359 293.035 0.847832
133 3 16 1 614.115 345.919 0.841137
134 3 17 0 367.243 565.018 0.881775
135 3 17 1 574.885 611.492 0.750857
136 3 18 0 586.057 573.581 0.488747
137 3 18 1 283.319 596.715 0.826357
138 4 0 0 619.728 284.645 0.759791
139 4 0 1 381.343 341.63 0.620066
140 4 1 0 370.295 120.209 0.717048
141 4 1 1 619.848 139.163 0.886375
142 4 2 0 594.388 282.614 0.752105
143 4 2 1 395.5 343.721 0.629533
144 4 3 0 650.562 282.615 0.695787
145 4 3 1 364.535 339.502 0.557586
146 4 4 0 437.335 44.3401 0.379256
147 4 4 1 636.44 80.1755 0.872744
148 4 5 0 389.69 124.345 0.772887
149 4 5 1 574.981 141.186 0.87599
150 4 6 0 353.408 116.007 0.614013
151 4 6 1 664.758 137.04 0.832627
152 4 7 0 600.19 396.449 0.829189
153 4 7 1 415.044 495.538 0.789326
154 4 8 0 661.724 396.507 0.876101
155 4 8 1 373.062 485.025 0.760074
156 4 9 0 392.611 44.2496 0.936969
157 4 9 1 594.424 80.1057 0.913892
158 4 11 0 569.189 213.008 0.85637
159 4 11 1 389.781 244.669 0.87478
160 4 12 0 689.883 210.849 0.905999
161 4 13 0 616.782 493.398 0.848002
162 4 13 1 409.454 647.375 0.750581
163 4 14 0 678.577 499.806 0.813219
164 4 14 1 372.917 619.928 0.734006
165 4 15 0 451.492 259.378 0.834635
166 4 15 1 571.984 276.262 0.912691
167 4 16 0 664.581 274.134 0.870955
168 4 17 0 673.028 533.518 0.78817
169 4 17 1 437.366 601.012 0.333032
170 4 18 0 608.558 516.726 0.852086
171 4 18 1 482.44 651.668 0.777459
P viewIdx, pafIdx, aOverAllIdx, bOverAllIdx, CandidAIdx, CandidBIdx, score
0 0 2 0 0 0 0.882863
0 0 2 1 0 1 0
0 0 3 0 1 0 0
0 0 3 1 1 1 0.970914
0 1 4 13 0 0 0.911055
0 1 4 14 0 1 0
0 1 5 13 1 0 0
0 1 5 14 1 1 0.950492
0 2 13 23 0 0 0.955597
0 2 13 24 0 1 0
0 2 14 23 1 0 0
0 2 14 24 1 1 0.944098
0 3 0 4 0 0 0.717784
0 3 0 5 0 1 0
0 3 1 4 1 0 0
0 3 1 5 1 1 0.900047
0 4 0 6 0 0 0.756475
0 4 0 7 0 1 0
0 4 1 6 1 0 0
0 4 1 7 1 1 0.892059
0 5 6 15 0 0 0.964837
0 5 6 16 0 1 0
0 5 7 15 1 0 0
0 5 7 16 1 1 0.880399
0 6 15 25 0 0 0.967193
0 6 16 25 1 0 0
0 7 2 9 0 0 0.833657
0 7 2 10 0 1 0
0 7 3 9 1 0 0
0 7 3 10 1 1 0.9814
0 8 9 20 0 0 0
0 8 10 20 1 0 0.991758
0 9 20 26 0 0 0
0 9 20 27 0 1 0.990904
0 10 9 17 0 0 0
0 10 10 17 1 0 0.982306
0 11 2 11 0 0 0
0 11 2 12 0 1 0.849407
0 11 3 11 1 0 0.965693
0 11 3 12 1 1 0
0 12 11 21 0 0 0
0 12 11 22 0 1 0.734174
0 12 12 21 1 0 0.9895
0 12 12 22 1 1 0
0 13 21 28 0 0 0
0 13 21 29 0 1 0.967952
0 13 22 28 1 0 0
0 13 22 29 1 1 0
0 14 11 18 0 0 0.755368
0 14 11 19 0 1 0
0 14 12 18 1 0 0
0 14 12 19 1 1 1.00027
0 15 2 8 0 0 0.938505
0 15 3 8 1 0 0
0 16 25 30 0 0 0
0 16 25 31 0 1 0.951185
0 17 23 32 0 0 0.947216
0 17 23 33 0 1 0
0 17 24 32 1 0 0
0 17 24 33 1 1 0.708459
1 0 36 34 0 0 0
1 0 36 35 0 1 1.0002
1 0 37 34 1 0 0.960271
1 0 37 35 1 1 0
1 1 38 46 0 0 0.993066
1 1 38 47 0 1 0.987305
1 1 39 46 1 0 0.984439
1 1 39 47 1 1 0.966812
1 2 46 56 0 0 0.991151
1 2 46 57 0 1 0.947764
1 2 47 56 1 0 0.815873
1 2 47 57 1 1 0.987584
1 3 34 38 0 0 0.939691
1 3 34 39 0 1 0
1 3 35 38 1 0 0
1 3 35 39 1 1 0.912426
1 4 34 40 0 0 0.956121
1 4 34 41 0 1 0
1 4 35 40 1 0 0
1 4 35 41 1 1 0.926023
1 5 40 48 0 0 0.984888
1 5 40 49 0 1 0
1 5 41 48 1 0 0
1 5 41 49 1 1 0.959247
1 6 48 58 0 0 0.986669
1 6 48 59 0 1 0
1 6 49 58 1 0 0
1 6 49 59 1 1 0.956426
1 7 36 43 0 0 0.961352
1 7 37 43 1 0 0
1 8 43 53 0 0 1.00729
1 9 53 60 0 0 0.971092
1 10 43 50 0 0 0.87186
1 11 36 44 0 0 0.98786
1 11 36 45 0 1 0
1 11 37 44 1 0 0
1 11 37 45 1 1 0.996475
1 12 44 54 0 0 0
1 12 44 55 0 1 0.992525
1 12 45 54 1 0 0.987081
1 12 45 55 1 1 0
1 13 54 61 0 0 0.978594
1 13 54 62 0 1 0
1 13 55 61 1 0 0
1 13 55 62 1 1 0.997767
1 14 44 51 0 0 0.990329
1 14 44 52 0 1 0
1 14 45 51 1 0 0
1 14 45 52 1 1 0.985097
1 15 36 42 0 0 0
1 15 37 42 1 0 1.00414
1 16 58 63 0 0 0.949531
1 16 58 64 0 1 0
1 16 59 63 1 0 0
1 16 59 64 1 1 0.613036
1 17 56 65 0 0 0.912602
1 17 56 66 0 1 0
1 17 57 65 1 0 0
1 17 57 66 1 1 0.57956
2 0 69 67 0 0 0.981893
2 0 69 68 0 1 0
2 0 70 67 1 0 0
2 0 70 68 1 1 0.993324
2 1 71 81 0 0 1.0006
2 1 71 82 0 1 0
2 1 72 81 1 0 0
2 1 72 82 1 1 0.978389
2 2 81 92 0 0 0.989646
2 2 81 93 0 1 0
2 2 82 92 1 0 0
2 2 82 93 1 1 0.980527
2 3 67 71 0 0 0.958549
2 3 67 72 0 1 0
2 3 68 71 1 0 0
2 3 68 72 1 1 0.925102
2 4 67 73 0 0 0.957608
2 4 67 74 0 1 0
2 4 68 73 1 0 0
2 4 68 74 1 1 0.917884
2 5 73 83 0 0 0.978242
2 5 73 84 0 1 0
2 5 74 83 1 0 0
2 5 74 84 1 1 0.949482
2 6 83 94 0 0 1.00508
2 6 83 95 0 1 0
2 6 84 94 1 0 0
2 6 84 95 1 1 0.9834
2 7 69 77 0 0 1.00574
2 7 69 78 0 1 0
2 7 70 77 1 0 0
2 7 70 78 1 1 0.981111
2 8 77 88 0 0 0.980241
2 8 77 89 0 1 0
2 8 78 88 1 0 0
2 8 78 89 1 1 0.965714
2 9 88 96 0 0 1.0124
2 9 88 97 0 1 0
2 9 89 96 1 0 0
2 9 89 97 1 1 0.86425
2 10 77 85 0 0 0.904303
2 10 78 85 1 0 0
2 11 69 79 0 0 1.00542
2 11 69 80 0 1 0
2 11 70 79 1 0 0
2 11 70 80 1 1 0.982065
2 12 79 90 0 0 1.0041
2 12 79 91 0 1 0
2 12 80 90 1 0 0
2 12 80 91 1 1 0.957371
2 13 90 98 0 0 0.992638
2 13 90 99 0 1 0
2 13 91 98 1 0 0
2 13 91 99 1 1 0.951777
2 14 79 86 0 0 0.981001
2 14 79 87 0 1 0
2 14 80 86 1 0 0
2 14 80 87 1 1 0.956761
2 15 69 75 0 0 0.997767
2 15 69 76 0 1 0
2 15 70 75 1 0 0
2 15 70 76 1 1 1.0019
2 16 94 100 0 0 1.0044
2 16 94 101 0 1 0
2 16 95 100 1 0 0
2 16 95 101 1 1 0.992173
2 17 92 102 0 0 0.948191
2 17 92 103 0 1 0
2 17 93 102 1 0 0
2 17 93 103 1 1 0.843621
3 0 106 104 0 0 0.989772
3 0 106 105 0 1 0
3 0 107 104 1 0 0
3 0 107 105 1 1 0.953952
3 1 108 118 0 0 0
3 1 108 119 0 1 0.948241
3 1 109 118 1 0 0.990787
3 1 109 119 1 1 0
3 2 118 127 0 0 0.983459
3 2 118 128 0 1 0
3 2 119 127 1 0 0
3 2 119 128 1 1 0.98169
3 3 104 108 0 0 0
3 3 104 109 0 1 0.934119
3 3 105 108 1 0 0.906377
3 3 105 109 1 1 0
3 4 104 110 0 0 0.924019
3 4 104 111 0 1 0
3 4 105 110 1 0 0
3 4 105 111 1 1 0.901772
3 5 110 120 0 0 0.985537
3 5 110 121 0 1 0
3 5 111 120 1 0 0
3 5 111 121 1 1 0.983232
3 6 120 129 0 0 0.985667
3 6 120 130 0 1 0
3 6 121 129 1 0 0
3 6 121 130 1 1 0.999859
3 7 106 114 0 0 0.990889
3 7 106 115 0 1 0
3 7 107 114 1 0 0
3 7 107 115 1 1 0.954427
3 8 114 124 0 0 0.955221
3 8 115 124 1 0 0
3 9 124 131 0 0 1.00839
3 10 114 122 0 0 0.968241
3 10 115 122 1 0 0
3 11 106 116 0 0 0.985672
3 11 106 117 0 1 0
3 11 107 116 1 0 0
3 11 107 117 1 1 0.967624
3 12 116 125 0 0 1.00822
3 12 116 126 0 1 0
3 12 117 125 1 0 0
3 12 117 126 1 1 1.00431
3 13 125 132 0 0 1.01051
3 13 125 133 0 1 0
3 13 126 132 1 0 0
3 13 126 133 1 1 0.983817
3 14 116 123 0 0 0
3 14 117 123 1 0 1.00577
3 15 106 112 0 0 0.980889
3 15 106 113 0 1 0
3 15 107 112 1 0 0
3 15 107 113 1 1 0.965303
3 16 129 134 0 0 1.0115
3 16 129 135 0 1 0
3 16 130 134 1 0 0
3 16 130 135 1 1 0.940892
3 17 127 136 0 0 0
3 17 127 137 0 1 0.978597
3 17 128 136 1 0 0.886355
3 17 128 137 1 1 0
4 0 140 138 0 0 0
4 0 140 139 0 1 0.972979
4 0 141 138 1 0 1.00171
4 0 141 139 1 1 0
4 1 142 152 0 0 1.00207
4 1 142 153 0 1 0
4 1 143 152 1 0 0
4 1 143 153 1 1 0.958042
4 2 152 161 0 0 0.994415
4 2 152 162 0 1 0
4 2 153 161 1 0 0
4 2 153 162 1 1 0.990494
4 3 138 142 0 0 0.916905
4 3 138 143 0 1 0
4 3 139 142 1 0 0
4 3 139 143 1 1 0.899364
4 4 138 144 0 0 0.920036
4 4 138 145 0 1 0
4 4 139 144 1 0 0
4 4 139 145 1 1 0.895091
4 5 144 154 0 0 0.984837
4 5 144 155 0 1 0
4 5 145 154 1 0 0
4 5 145 155 1 1 0.986459
4 6 154 163 0 0 1.00795
4 6 154 164 0 1 0
4 6 155 163 1 0 0
4 6 155 164 1 1 0.995121
4 7 140 148 0 0 0.930007
4 7 140 149 0 1 0
4 7 141 148 1 0 0
4 7 141 149 1 1 0.999705
4 8 148 158 0 0 0
4 8 148 159 0 1 0.991578
4 8 149 158 1 0 0.996273
4 8 149 159 1 1 0
4 9 158 165 0 0 0
4 9 158 166 0 1 1.00107
4 9 159 165 1 0 0.99317
4 9 159 166 1 1 0
4 10 148 156 0 0 0.995319
4 10 148 157 0 1 0
4 10 149 156 1 0 0
4 10 149 157 1 1 0.977248
4 11 140 150 0 0 0.916786
4 11 140 151 0 1 0
4 11 141 150 1 0 0
4 11 141 151 1 1 0.993404
4 12 150 160 0 0 0
4 12 151 160 1 0 0.985405
4 13 160 167 0 0 0.971165
4 15 140 146 0 0 0.833779
4 15 140 147 0 1 0
4 15 141 146 1 0 0
4 15 141 147 1 1 0.989063
4 16 163 168 0 0 0.984961
4 16 163 169 0 1 0
4 16 164 168 1 0 0
4 16 164 169 1 1 0.731478
4 17 161 170 0 0 1.00473
4 17 161 171 0 1 0
4 17 162 170 1 0 0
4 17 162 171 1 1 0.998611
E
end of Frame 12
