J OverallIdx viewIdx joint种类0-18(jointIdx) 该joint在图中的顺序(candidix) x y score
0 0 0 0 33.5598 390.115 0.734679
1 0 0 1 644.997 388.023 0.644668
2 0 0 2 325.313 436.484 0.592925
3 0 1 0 647.814 196.208 0.759663
4 0 1 1 328.038 208.767 0.880918
5 0 1 2 30.6908 234.059 0.772013
6 0 2 0 664.619 387.97 0.601497
7 0 2 1 372.953 438.626 0.567658
8 0 3 0 67.2813 390.08 0.67561
9 0 3 1 630.948 392.171 0.61754
10 0 3 2 280.377 432.325 0.58593
11 0 4 0 586.107 149.749 0.816675
12 0 4 1 75.6459 187.695 0.828861
13 0 5 0 664.668 200.339 0.644621
14 0 5 1 403.858 210.881 0.802825
15 0 6 0 633.737 196.059 0.869696
16 0 6 1 255.259 202.441 0.809422
17 0 6 2 78.5396 238.293 0.84876
18 0 7 0 664.595 531.451 0.811893
19 0 7 1 347.824 630.498 0.752328
20 0 8 0 70.0706 501.868 0.775748
21 0 8 1 597.253 535.641 0.757826
22 0 8 2 260.755 611.491 0.727261
23 0 9 0 381.415 120.172 0.81842
24 0 9 1 27.9813 177.252 0.808224
25 0 10 0 305.802 120.197 0.657757
26 0 10 1 619.881 145.551 0.878501
27 0 11 0 703.914 293.028 0.679147
28 0 11 1 437.418 347.899 0.883728
29 0 12 0 642.279 255.143 0.832957
30 0 12 1 92.561 314.263 0.842363
31 0 12 2 218.69 339.491 0.825837
32 0 13 0 681.343 666.265 0.793638
33 0 13 1 328.149 765.516 0.350176
34 0 14 0 78.3752 598.819 0.851804
35 0 14 1 594.558 668.488 0.8446
36 0 14 2 232.801 765.496 0.449025
37 0 15 0 653.419 326.888 0.343671
38 0 15 1 415.167 432.253 0.688164
39 0 16 0 602.984 320.531 0.728572
40 0 16 1 123.352 377.502 0.901861
41 0 16 2 258.017 411.226 0.680412
42 0 17 0 78.4117 622.113 0.793391
43 0 17 1 530.04 683.242 0.806275
44 0 18 0 636.596 664.228 0.553083
45 1 0 0 137.458 409.08 0.710291
46 1 0 1 681.474 400.659 0.698119
47 1 1 0 684.189 236.203 0.865164
48 1 1 1 120.568 246.669 0.889867
49 1 2 0 706.774 400.628 0.704288
50 1 2 1 120.582 411.15 0.735157
51 1 3 0 653.373 400.664 0.646994
52 1 3 1 154.277 406.949 0.664071
53 1 4 0 187.927 196.125 0.883036
54 1 4 1 594.489 198.265 0.635043
55 1 5 0 89.6894 244.608 0.829771
56 1 5 1 729.049 242.485 0.876362
57 1 6 0 639.37 229.949 0.898577
58 1 6 1 145.916 248.823 0.81203
59 1 7 0 131.845 522.974 0.70062
60 1 7 1 687.161 531.382 0.808791
61 1 8 0 145.763 520.863 0.663486
62 1 8 1 616.835 531.337 0.824375
63 1 9 0 692.721 177.199 0.702995
64 1 9 1 148.745 191.837 0.871816
65 1 10 0 639.441 181.389 0.920837
66 1 11 0 55.9346 326.893 0.904204
67 1 11 1 751.57 329.057 0.952247
68 1 12 0 157.086 333.145 0.785979
69 1 12 1 636.476 328.991 0.903707
70 1 13 0 681.505 651.601 0.821223
71 1 13 1 129.056 657.88 0.719341
72 1 14 0 140.265 619.971 0.678704
73 1 14 1 611.259 655.839 0.756266
74 1 15 0 84.1461 381.676 0.890557
75 1 15 1 709.516 379.653 0.788679
76 1 16 0 207.498 390.074 0.843406
77 1 16 1 616.8 396.463 0.845148
78 1 17 0 185.026 634.737 0.739816
79 1 17 1 549.586 662.103 0.795613
80 1 18 0 645.003 647.37 0.391817
81 1 18 1 171.152 681.06 0.707555
82 2 0 0 443.178 231.946 0.728084
83 2 0 1 712.305 369.047 0.635019
84 2 0 2 232.705 683.205 0.285887
85 2 1 0 437.501 92.6567 0.929427
86 2 1 1 748.683 225.541 0.756195
87 2 1 2 187.931 497.712 0.778878
88 2 2 0 417.936 231.965 0.737507
89 2 2 1 709.56 364.826 0.555665
90 2 2 2 255.208 691.638 0.281752
91 2 3 0 473.878 231.949 0.688039
92 2 3 1 712.332 377.389 0.709126
93 2 3 2 199.088 674.785 0.275869
94 2 4 0 412.318 48.4942 0.895883
95 2 4 1 684.321 160.149 0.90667
96 2 5 0 392.615 90.6368 0.897947
97 2 5 1 734.746 210.849 0.60241
98 2 5 2 227.114 544.033 0.593608
99 2 6 0 482.261 92.7398 0.894922
100 2 6 1 754.292 238.261 0.814151
101 2 6 2 148.598 451.298 0.735045
102 2 7 0 440.291 331.1 0.813108
103 2 7 1 698.224 478.635 0.573979
104 2 7 2 314.06 765.296 0.154431
105 2 8 0 462.843 337.388 0.75704
106 2 8 1 687.059 480.808 0.723398
107 2 8 2 218.745 729.621 0.213811
108 2 9 0 260.899 396.496 0.819504
109 2 10 0 443.054 37.9899 0.819024
110 2 10 1 729.09 160.315 0.955993
111 2 10 2 173.882 383.79 0.413791
112 2 11 0 367.268 128.667 0.89842
113 2 11 1 213.1 685.357 0.762947
114 2 12 0 546.796 139.164 0.884865
115 2 12 1 757.195 339.488 0.813344
116 2 13 0 448.747 396.453 0.812027
117 2 13 1 684.367 550.388 0.756225
118 2 14 0 462.718 430.158 0.798011
119 2 14 1 681.496 594.603 0.773005
120 2 15 0 389.796 181.379 0.887104
121 2 15 1 308.55 721.214 0.73325
122 2 16 0 504.799 194.089 0.938266
123 2 16 1 706.613 379.685 0.902973
124 2 16 2 305.782 700.065 0.169949
125 2 17 0 471.166 476.518 0.6641
126 2 17 1 631.002 615.733 0.761099
127 2 18 0 415.046 428.06 0.838132
128 2 18 1 639.316 552.482 0.848038
129 3 0 0 257.877 360.593 0.818517
130 3 0 1 773.945 643.143 0.355276
131 3 1 0 759.97 177.03 0.716824
132 3 1 1 216.035 194.068 0.909141
133 3 2 0 218.817 362.776 0.74742
134 3 2 1 863.706 634.717 0.334368
135 3 3 0 286.11 354.235 0.726273
136 3 3 1 675.804 634.699 0.318639
137 3 4 0 232.831 128.606 0.949296
138 3 4 1 538.445 147.636 0.741345
139 3 5 0 922.655 162.388 0.631418
140 3 5 1 168.124 206.668 0.833365
141 3 6 0 277.531 181.409 0.842445
142 3 6 1 594.518 189.765 0.669212
143 3 7 0 238.29 487.086 0.810791
144 3 8 0 305.625 480.716 0.822241
145 3 9 0 821.715 14.7866 0.298385
146 3 9 1 187.912 134.923 0.869696
147 3 10 0 673.005 13.5899 0.652866
148 3 10 1 583.305 139.18 0.768765
149 3 11 0 106.55 276.185 0.865116
150 3 11 1 970.246 356.369 0.415452
151 3 12 0 322.495 229.794 0.934342
152 3 12 1 527.227 468.17 0.639913
153 3 13 0 255.059 596.732 0.726017
154 3 14 0 305.788 594.679 0.817584
155 3 15 0 171.096 318.397 0.877434
156 3 15 1 975.889 461.825 0.469699
157 3 16 0 311.234 286.8 0.821112
158 3 16 1 597.378 516.632 0.27966
159 3 17 0 364.489 613.564 0.821186
160 3 18 0 258.087 617.829 0.244538
161 4 0 0 580.491 286.761 0.691531
162 4 0 1 504.73 364.812 0.472413
163 4 1 0 504.792 124.404 0.547367
164 4 1 1 572.103 139.155 0.881102
165 4 2 0 549.644 288.879 0.676146
166 4 2 1 496.358 366.898 0.440605
167 4 3 0 614.192 284.644 0.730724
168 4 3 1 510.394 369.028 0.373792
169 4 4 0 586.146 44.2264 0.336688
170 4 4 1 591.688 90.5879 0.890192
171 4 5 0 518.813 132.878 0.778105
172 4 6 0 496.39 111.815 0.373346
173 4 6 1 616.866 139.175 0.856052
174 4 7 0 555.253 398.62 0.749276
175 4 7 1 485.123 516.615 0.735553
176 4 8 0 636.637 394.23 0.825393
177 4 8 1 530.148 512.343 0.71697
178 4 9 0 546.874 42.2081 0.875005
179 4 11 0 482.234 234.104 0.8721
180 4 12 0 622.581 210.933 0.869003
181 4 13 0 572.058 497.548 0.851808
182 4 13 1 462.649 664.262 0.815371
183 4 14 0 639.312 493.445 0.864027
184 4 14 1 535.623 630.546 0.802901
185 4 15 0 513.264 297.381 0.745172
186 4 16 0 633.811 274.152 0.804987
187 4 17 0 684.165 514.414 0.922236
188 4 17 1 588.827 615.737 0.768594
189 4 18 0 597.392 522.962 0.755514
190 4 18 1 538.441 685.372 0.678229
P viewIdx, pafIdx, aOverAllIdx, bOverAllIdx, CandidAIdx, CandidBIdx, score
0 0 3 0 0 0 0
0 0 3 1 0 1 0.94217
0 0 3 2 0 2 0
0 0 4 0 1 0 0
0 0 4 1 1 1 0
0 0 4 2 1 2 0.994536
0 0 5 0 2 0 0.994121
0 0 5 1 2 1 0
0 0 5 2 2 2 0
0 1 6 18 0 0 0.978162
0 1 6 19 0 1 0
0 1 7 18 1 0 0
0 1 7 19 1 1 0.95076
0 2 18 32 0 0 0.999868
0 2 18 33 0 1 0
0 2 19 32 1 0 0
0 2 19 33 1 1 0.962302
0 3 0 6 0 0 0
0 3 0 7 0 1 0
0 3 1 6 1 0 0.889198
0 3 1 7 1 1 0
0 3 2 6 2 0 0
0 3 2 7 2 1 0.878372
0 4 0 8 0 0 0.929316
0 4 0 9 0 1 0
0 4 0 10 0 2 0
0 4 1 8 1 0 0
0 4 1 9 1 1 0.890518
0 4 1 10 1 2 0
0 4 2 8 2 0 0
0 4 2 9 2 1 0
0 4 2 10 2 2 0.87382
0 5 8 20 0 0 0.978277
0 5 8 21 0 1 0
0 5 8 22 0 2 0
0 5 9 20 1 0 0
0 5 9 21 1 1 0.968393
0 5 9 22 1 2 0
0 5 10 20 2 0 0
0 5 10 21 2 1 0
0 5 10 22 2 2 0.959236
0 6 20 34 0 0 0.991683
0 6 20 35 0 1 0
0 6 20 36 0 2 0
0 6 21 34 1 0 0
0 6 21 35 1 1 0.994548
0 6 21 36 1 2 0
0 6 22 34 2 0 0
0 6 22 35 2 1 0
0 6 22 36 2 2 0.96407
0 7 3 13 0 0 0.95576
0 7 3 14 0 1 0
0 7 4 13 1 0 0
0 7 4 14 1 1 0.994401
0 7 5 13 2 0 0
0 7 5 14 2 1 0
0 8 13 27 0 0 0.900147
0 8 13 28 0 1 0
0 8 14 27 1 0 0
0 8 14 28 1 1 0.990748
0 9 27 37 0 0 0.832543
0 9 27 38 0 1 0
0 9 28 37 1 0 0
0 9 28 38 1 1 0.954544
0 10 13 23 0 0 0
0 10 13 24 0 1 0
0 10 14 23 1 0 0.991806
0 10 14 24 1 1 0
0 11 3 15 0 0 0.966213
0 11 3 16 0 1 0
0 11 3 17 0 2 0
0 11 4 15 1 0 0
0 11 4 16 1 1 0.9829
0 11 4 17 1 2 0
0 11 5 15 2 0 0
0 11 5 16 2 1 0
0 11 5 17 2 2 0.977819
0 12 15 29 0 0 0.994797
0 12 15 30 0 1 0
0 12 15 31 0 2 0
0 12 16 29 1 0 0
0 12 16 30 1 1 0
0 12 16 31 1 2 0.971987
0 12 17 29 2 0 0
0 12 17 30 2 1 0.994515
0 12 17 31 2 2 0
0 13 29 39 0 0 0.939463
0 13 29 40 0 1 0
0 13 29 41 0 2 0
0 13 30 39 1 0 0
0 13 30 40 1 1 0.989862
0 13 30 41 1 2 0
0 13 31 39 2 0 0
0 13 31 40 2 1 0
0 13 31 41 2 2 0.983746
0 14 15 25 0 0 0
0 14 15 26 0 1 0.996494
0 14 16 25 1 0 0.898969
0 14 16 26 1 1 0
0 14 17 25 2 0 0
0 14 17 26 2 1 0
0 15 3 11 0 0 0.997715
0 15 3 12 0 1 0
0 15 4 11 1 0 0
0 15 4 12 1 1 0
0 15 5 11 2 0 0
0 15 5 12 2 1 0.982708
0 16 34 42 0 0 0.999079
0 16 34 43 0 1 0
0 16 35 42 1 0 0
0 16 35 43 1 1 0.950346
0 16 36 42 2 0 0
0 16 36 43 2 1 0
0 17 32 44 0 0 0.924022
0 17 33 44 1 0 0
1 0 47 45 0 0 0
1 0 47 46 0 1 0.990523
1 0 48 45 1 0 0.991763
1 0 48 46 1 1 0
1 1 49 59 0 0 0
1 1 49 60 0 1 0.957804
1 1 50 59 1 0 0.98421
1 1 50 60 1 1 0
1 2 59 70 0 0 0
1 2 59 71 0 1 0.956427
1 2 60 70 1 0 0.988957
1 2 60 71 1 1 0
1 3 45 49 0 0 0
1 3 45 50 0 1 0.941798
1 3 46 49 1 0 0.919164
1 3 46 50 1 1 0
1 4 45 51 0 0 0
1 4 45 52 0 1 0.932942
1 4 46 51 1 0 0.909757
1 4 46 52 1 1 0
1 5 51 61 0 0 0
1 5 51 62 0 1 0.983145
1 5 52 61 1 0 0.949662
1 5 52 62 1 1 0
1 6 61 72 0 0 0.973609
1 6 61 73 0 1 0
1 6 62 72 1 0 0
1 6 62 73 1 1 0.989611
1 7 47 55 0 0 0
1 7 47 56 0 1 0.985533
1 7 48 55 1 0 0.997318
1 7 48 56 1 1 0
1 8 55 66 0 0 0.986236
1 8 55 67 0 1 0
1 8 56 66 1 0 0
1 8 56 67 1 1 0.997574
1 9 66 74 0 0 0.990913
1 9 66 75 0 1 0
1 9 67 74 1 0 0
1 9 67 75 1 1 0.954751
1 10 55 63 0 0 0
1 10 55 64 0 1 0.97677
1 10 56 63 1 0 0.954203
1 10 56 64 1 1 0
1 11 47 57 0 0 0.980319
1 11 47 58 0 1 0
1 11 48 57 1 0 0
1 11 48 58 1 1 0.999702
1 12 57 68 0 0 0
1 12 57 69 0 1 0.986999
1 12 58 68 1 0 0.992432
1 12 58 69 1 1 0
1 13 68 76 0 0 0.99183
1 13 68 77 0 1 0
1 13 69 76 1 0 0
1 13 69 77 1 1 0.995957
1 14 57 65 0 0 0.999699
1 14 58 65 1 0 0
1 15 47 53 0 0 0
1 15 47 54 0 1 0
1 15 48 53 1 0 0.97186
1 15 48 54 1 1 0
1 16 72 78 0 0 0.952788
1 16 72 79 0 1 0
1 16 73 78 1 0 0
1 16 73 79 1 1 0.966949
1 17 70 80 0 0 0.858392
1 17 70 81 0 1 0
1 17 71 80 1 0 0
1 17 71 81 1 1 0.966116
2 0 85 82 0 0 0.996906
2 0 85 83 0 1 0
2 0 85 84 0 2 0
2 0 86 82 1 0 0
2 0 86 83 1 1 0.965415
2 0 86 84 1 2 0
2 0 87 82 2 0 0
2 0 87 83 2 1 0
2 0 87 84 2 2 0.917999
2 1 88 102 0 0 0.976584
2 1 88 103 0 1 0
2 1 88 104 0 2 0
2 1 89 102 1 0 0
2 1 89 103 1 1 0.903729
2 1 89 104 1 2 0
2 1 90 102 2 0 0
2 1 90 103 2 1 0
2 1 90 104 2 2 0.861599
2 2 102 116 0 0 0.985881
2 2 102 117 0 1 0
2 2 103 116 1 0 0
2 2 103 117 1 1 0.931087
2 2 104 116 2 0 0
2 2 104 117 2 1 0
2 3 82 88 0 0 0.937904
2 3 82 89 0 1 0
2 3 82 90 0 2 0
2 3 83 88 1 0 0
2 3 83 89 1 1 0.814979
2 3 83 90 1 2 0
2 3 84 88 2 0 0
2 3 84 89 2 1 0
2 3 84 90 2 2 0.806378
2 4 82 91 0 0 0.931723
2 4 82 92 0 1 0
2 4 82 93 0 2 0
2 4 83 91 1 0 0
2 4 83 92 1 1 0.802536
2 4 83 93 1 2 0
2 4 84 91 2 0 0
2 4 84 92 2 1 0
2 4 84 93 2 2 0.795502
2 5 91 105 0 0 0.964195
2 5 91 106 0 1 0
2 5 91 107 0 2 0
2 5 92 105 1 0 0
2 5 92 106 1 1 0.957621
2 5 92 107 1 2 0
2 5 93 105 2 0 0
2 5 93 106 2 1 0
2 5 93 107 2 2 0.813246
2 6 105 118 0 0 0.990654
2 6 105 119 0 1 0
2 6 106 118 1 0 0
2 6 106 119 1 1 0.978982
2 6 107 118 2 0 0
2 6 107 119 2 1 0
2 7 85 96 0 0 0.998077
2 7 85 97 0 1 0
2 7 85 98 0 2 0
2 7 86 96 1 0 0
2 7 86 97 1 1 0.945928
2 7 86 98 1 2 0
2 7 87 96 2 0 0
2 7 87 97 2 1 0
2 7 87 98 2 2 0.983326
2 8 96 112 0 0 0.988033
2 8 96 113 0 1 0
2 8 97 112 1 0 0
2 8 97 113 1 1 0
2 8 98 112 2 0 0
2 8 98 113 2 1 0.960633
2 9 112 120 0 0 0.984412
2 9 112 121 0 1 0
2 9 113 120 1 0 0
2 9 113 121 1 1 0.985734
2 10 96 108 0 0 0
2 10 97 108 1 0 0
2 10 98 108 2 0 0.923133
2 11 85 99 0 0 0.996742
2 11 85 100 0 1 0
2 11 85 101 0 2 0
2 11 86 99 1 0 0
2 11 86 100 1 1 0.952392
2 11 86 101 1 2 0
2 11 87 99 2 0 0
2 11 87 100 2 1 0
2 11 87 101 2 2 0.984234
2 12 99 114 0 0 0.988287
2 12 99 115 0 1 0
2 12 100 114 1 0 0
2 12 100 115 1 1 0.998008
2 12 101 114 2 0 0
2 12 101 115 2 1 0
2 13 114 122 0 0 0.98467
2 13 114 123 0 1 0
2 13 114 124 0 2 0
2 13 115 122 1 0 0
2 13 115 123 1 1 0.97076
2 13 115 124 1 2 0
2 14 99 109 0 0 0.99784
2 14 99 110 0 1 0
2 14 99 111 0 2 0
2 14 100 109 1 0 0
2 14 100 110 1 1 0.992875
2 14 100 111 1 2 0
2 14 101 109 2 0 0
2 14 101 110 2 1 0
2 14 101 111 2 2 0.863723
2 15 85 94 0 0 0.99065
2 15 85 95 0 1 0
2 15 86 94 1 0 0
2 15 86 95 1 1 0.991387
2 15 87 94 2 0 0
2 15 87 95 2 1 0
2 16 118 125 0 0 0.94231
2 16 118 126 0 1 0
2 16 119 125 1 0 0
2 16 119 126 1 1 0.957874
2 17 116 127 0 0 0.963257
2 17 116 128 0 1 0
2 17 117 127 1 0 0
2 17 117 128 1 1 0.926854
3 0 131 129 0 0 0
3 0 131 130 0 1 0.970126
3 0 132 129 1 0 0.997476
3 0 132 130 1 1 0
3 1 133 143 0 0 0.969881
3 1 134 143 1 0 0
3 2 143 153 0 0 0.998602
3 3 129 133 0 0 0.944122
3 3 129 134 0 1 0
3 3 130 133 1 0 0
3 3 130 134 1 1 0.828847
3 4 129 135 0 0 0.937724
3 4 129 136 0 1 0
3 4 130 135 1 0 0
3 4 130 136 1 1 0.81762
3 5 135 144 0 0 0.977096
3 5 136 144 1 0 0
3 6 144 154 0 0 0.997139
3 7 131 139 0 0 0.950876
3 7 131 140 0 1 0
3 7 132 139 1 0 0
3 7 132 140 1 1 0.979705
3 8 139 149 0 0 0
3 8 139 150 0 1 0.956593
3 8 140 149 1 0 0.983817
3 8 140 150 1 1 0
3 9 149 155 0 0 0.985405
3 9 149 156 0 1 0
3 9 150 155 1 0 0
3 9 150 156 1 1 0.928389
3 10 139 145 0 0 0.882689
3 10 139 146 0 1 0
3 10 140 145 1 0 0
3 10 140 146 1 1 0.988795
3 11 131 141 0 0 0
3 11 131 142 0 1 0.943799
3 11 132 141 1 0 0.968919
3 11 132 142 1 1 0
3 12 141 151 0 0 0.988868
3 12 141 152 0 1 0
3 12 142 151 1 0 0
3 12 142 152 1 1 0.947775
3 13 151 157 0 0 0.97745
3 13 151 158 0 1 0
3 13 152 157 1 0 0
3 13 152 158 1 1 0.896864
3 14 141 147 0 0 0
3 14 141 148 0 1 0
3 14 142 147 1 0 0.509217
3 14 142 148 1 1 0.490783
3 15 131 137 0 0 0
3 15 131 138 0 1 0
3 15 132 137 1 0 0.971523
3 15 132 138 1 1 0
3 16 154 159 0 0 0.997558
3 17 153 160 0 0 0.87598
4 0 163 161 0 0 0
4 0 163 162 0 1 0.906441
4 0 164 161 1 0 0.994675
4 0 164 162 1 1 0
4 1 165 174 0 0 0.284999
4 1 165 175 0 1 0.257896
4 1 166 174 1 0 0.25643
4 1 166 175 1 1 0.285446
4 2 174 181 0 0 0.51801
4 2 174 182 0 1 0.252156
4 2 175 181 1 0 0
4 2 175 182 1 1 0.517683
4 3 161 165 0 0 0.934402
4 3 161 166 0 1 0
4 3 162 165 1 0 0
4 3 162 166 1 1 0.628238
4 4 161 167 0 0 0.930365
4 4 161 168 0 1 0
4 4 162 167 1 0 0
4 4 162 168 1 1 0.634234
4 5 167 176 0 0 0.999686
4 5 167 177 0 1 0
4 5 168 176 1 0 0
4 5 168 177 1 1 0.946709
4 6 176 183 0 0 0.995894
4 6 176 184 0 1 0
4 6 177 183 1 0 0
4 6 177 184 1 1 0.991497
4 7 163 171 0 0 0
4 7 164 171 1 0 0.937059
4 8 171 179 0 0 0.992074
4 9 179 185 0 0 0.993595
4 10 171 178 0 0 0.984983
4 11 163 172 0 0 0.799817
4 11 163 173 0 1 0
4 11 164 172 1 0 0
4 11 164 173 1 1 0.992961
4 12 172 180 0 0 0
4 12 173 180 1 0 0.999507
4 13 180 186 0 0 0.992495
4 15 163 169 0 0 0.282005
4 15 163 170 0 1 0.27539
4 15 164 169 1 0 0.275604
4 15 164 170 1 1 0.281445
4 16 183 187 0 0 0.983601
4 16 183 188 0 1 0
4 16 184 187 1 0 0
4 16 184 188 1 1 0.934912
4 17 181 189 0 0 0.983278
4 17 181 190 0 1 0
4 17 182 189 1 0 0
4 17 182 190 1 1 0.966913
E jointIdx viewA viewB aOverAllIdx bOverallIdx score
0 0 1 0 45 0.718419
0 0 1 0 46 0.195782
0 0 1 1 45 0.773165
0 0 1 1 46 0.0922692
0 0 1 2 45 -1
0 0 1 2 46 0.671112
0 0 2 0 82 -1
0 0 2 0 83 -1
0 0 2 0 84 0.70075
0 0 2 1 82 0.862925
0 0 2 1 83 -1
0 0 2 1 84 -1
0 0 2 2 82 -1
0 0 2 2 83 0.896888
0 0 2 2 84 -1
0 0 3 0 129 -1
0 0 3 0 130 0.728622
0 0 3 1 129 0.684053
0 0 3 1 130 -1
0 0 3 2 129 -1
0 0 3 2 130 -1
0 0 4 0 161 -1
0 0 4 0 162 -1
0 0 4 1 161 -1
0 0 4 1 162 0.797965
0 0 4 2 161 0.965011
0 0 4 2 162 -1
0 1 2 45 82 -1
0 1 2 45 83 -1
0 1 2 45 84 0.600984
0 1 2 46 82 0.785679
0 1 2 46 83 0.699548
0 1 2 46 84 -1
0 1 3 45 129 -1
0 1 3 45 130 -1
0 1 3 46 129 0.649671
0 1 3 46 130 -1
0 1 4 45 161 -1
0 1 4 45 162 -1
0 1 4 46 161 0.639348
0 1 4 46 162 0.360652
0 2 3 82 129 0.695142
0 2 3 82 130 -1
0 2 3 83 129 -1
0 2 3 83 130 -1
0 2 3 84 129 -1
0 2 3 84 130 -1
0 2 4 82 161 0.576874
0 2 4 82 162 0.423126
0 2 4 83 161 0.619857
0 2 4 83 162 0.380143
0 2 4 84 161 -1
0 2 4 84 162 -1
0 3 4 129 161 0.1584
0 3 4 129 162 0.717849
0 3 4 130 161 -1
0 3 4 130 162 -1
1 0 1 3 47 0.374139
1 0 1 3 48 -1
1 0 1 4 47 0.306785
1 0 1 4 48 0.213055
1 0 1 5 47 0.170268
1 0 1 5 48 0.56324
1 0 2 3 85 0.546004
1 0 2 3 86 -1
1 0 2 3 87 -1
1 0 2 4 85 -1
1 0 2 4 86 0.876518
1 0 2 4 87 -1
1 0 2 5 85 -1
1 0 2 5 86 -1
1 0 2 5 87 0.755063
1 0 3 3 131 -1
1 0 3 3 132 0.284562
1 0 3 4 131 -1
1 0 3 4 132 0.326586
1 0 3 5 131 0.495486
1 0 3 5 132 0.255698
1 0 4 3 163 0.617126
1 0 4 3 164 0.122916
1 0 4 4 163 0.309576
1 0 4 4 164 0.420425
1 0 4 5 163 -1
1 0 4 5 164 0.280474
1 1 2 47 85 -1
1 1 2 47 86 0.754764
1 1 2 47 87 -1
1 1 2 48 85 -1
1 1 2 48 86 -1
1 1 2 48 87 0.768771
1 1 3 47 131 0.478566
1 1 3 47 132 0.415181
1 1 3 48 131 0.336523
1 1 3 48 132 0.52828
1 1 4 47 163 0.50578
1 1 4 47 164 0.49422
1 1 4 48 163 -1
1 1 4 48 164 -1
1 2 3 85 131 -1
1 2 3 85 132 0.999021
1 2 3 86 131 -1
1 2 3 86 132 -1
1 2 3 87 131 0.374697
1 2 3 87 132 -1
1 2 4 85 163 0.718258
1 2 4 85 164 0.281742
1 2 4 86 163 -1
1 2 4 86 164 0.889578
1 2 4 87 163 -1
1 2 4 87 164 -1
1 3 4 131 163 0.314449
1 3 4 131 164 0.301152
1 3 4 132 163 0.302861
1 3 4 132 164 0.314561
2 0 1 6 49 0.0889933
2 0 1 6 50 0.77725
2 0 1 7 49 0.911007
2 0 1 7 50 -1
2 0 2 6 88 0.659862
2 0 2 6 89 -1
2 0 2 6 90 -1
2 0 2 7 88 -1
2 0 2 7 89 0.601609
2 0 2 7 90 -1
2 0 3 6 133 0.765746
2 0 3 6 134 -1
2 0 3 7 133 -1
2 0 3 7 134 -1
2 0 4 6 165 -1
2 0 4 6 166 0.955506
2 0 4 7 165 0.962695
2 0 4 7 166 -1
2 1 2 49 88 -1
2 1 2 49 89 0.429411
2 1 2 49 90 -1
2 1 2 50 88 -1
2 1 2 50 89 -1
2 1 2 50 90 0.876866
2 1 3 49 133 0.723332
2 1 3 49 134 -1
2 1 3 50 133 -1
2 1 3 50 134 -1
2 1 4 49 165 0.812479
2 1 4 49 166 0.07116
2 1 4 50 165 -1
2 1 4 50 166 -1
2 2 3 88 133 0.960734
2 2 3 88 134 -1
2 2 3 89 133 -1
2 2 3 89 134 -1
2 2 3 90 133 -1
2 2 3 90 134 -1
2 2 4 88 165 0.310722
2 2 4 88 166 0.689278
2 2 4 89 165 0.506381
2 2 4 89 166 0.493619
2 2 4 90 165 -1
2 2 4 90 166 -1
2 3 4 133 165 0.0174254
2 3 4 133 166 0.852012
2 3 4 134 165 -1
2 3 4 134 166 -1
3 0 1 8 51 0.183025
3 0 1 8 52 0.711862
3 0 1 9 51 0.163259
3 0 1 9 52 0.497938
3 0 1 10 51 0.605815
3 0 1 10 52 -1
3 0 2 8 91 -1
3 0 2 8 92 -1
3 0 2 8 93 0.455528
3 0 2 9 91 0.923545
3 0 2 9 92 -1
3 0 2 9 93 -1
3 0 2 10 91 -1
3 0 2 10 92 0.924152
3 0 2 10 93 -1
3 0 3 8 135 -1
3 0 3 8 136 0.890265
3 0 3 9 135 0.800972
3 0 3 9 136 -1
3 0 3 10 135 -1
3 0 3 10 136 -1
3 0 4 8 167 -1
3 0 4 8 168 -1
3 0 4 9 167 -1
3 0 4 9 168 0.682914
3 0 4 10 167 0.969732
3 0 4 10 168 -1
3 1 2 51 91 0.392142
3 1 2 51 92 0.894986
3 1 2 51 93 -1
3 1 2 52 91 -1
3 1 2 52 92 -1
3 1 2 52 93 0.264466
3 1 3 51 135 0.44387
3 1 3 51 136 -1
3 1 3 52 135 -1
3 1 3 52 136 -1
3 1 4 51 167 0.43695
3 1 4 51 168 0.56305
3 1 4 52 167 -1
3 1 4 52 168 -1
3 2 3 91 135 0.659112
3 2 3 91 136 -1
3 2 3 92 135 -1
3 2 3 92 136 -1
3 2 3 93 135 -1
3 2 3 93 136 0.545662
3 2 4 91 167 0.378291
3 2 4 91 168 0.234321
3 2 4 92 167 0.553467
3 2 4 92 168 0.446533
3 2 4 93 167 -1
3 2 4 93 168 -1
3 3 4 135 167 0.383564
3 3 4 135 168 0.410833
3 3 4 136 167 -1
3 3 4 136 168 -1
4 0 1 11 53 -1
4 0 1 11 54 0.600309
4 0 1 12 53 0.593222
4 0 1 12 54 0.252263
4 0 2 11 94 0.937868
4 0 2 11 95 -1
4 0 2 12 94 -1
4 0 2 12 95 -1
4 0 3 11 137 0.724039
4 0 3 11 138 0.275961
4 0 3 12 137 -1
4 0 3 12 138 0.25783
4 0 4 11 169 0.824748
4 0 4 11 170 0.114349
4 0 4 12 169 -1
4 0 4 12 170 -1
4 1 2 53 94 -1
4 1 2 53 95 -1
4 1 2 54 94 0.652071
4 1 2 54 95 0.347929
4 1 3 53 137 0.320564
4 1 3 53 138 0.345365
4 1 3 54 137 0.342442
4 1 3 54 138 0.326751
4 1 4 53 169 -1
4 1 4 53 170 -1
4 1 4 54 169 0.676267
4 1 4 54 170 0.323733
4 2 3 94 137 0.872375
4 2 3 94 138 -1
4 2 3 95 137 -1
4 2 3 95 138 0.937658
4 2 4 94 169 0.831874
4 2 4 94 170 0.145534
4 2 4 95 169 0.0148146
4 2 4 95 170 0.844591
4 3 4 137 169 0.76783
4 3 4 137 170 0.177197
4 3 4 138 169 0.0210169
4 3 4 138 170 0.766754
5 0 1 13 55 -1
5 0 1 13 56 0.510777
5 0 1 14 55 0.244942
5 0 1 14 56 0.389186
5 0 2 13 96 0.36707
5 0 2 13 97 -1
5 0 2 13 98 -1
5 0 2 14 96 -1
5 0 2 14 97 0.694446
5 0 2 14 98 -1
5 0 3 13 139 -1
5 0 3 13 140 0.344969
5 0 3 14 139 -1
5 0 3 14 140 0.530552
5 0 4 13 171 0.382686
5 0 4 14 171 0.617314
5 1 2 55 96 -1
5 1 2 55 97 -1
5 1 2 55 98 0.825413
5 1 2 56 96 -1
5 1 2 56 97 0.485676
5 1 2 56 98 -1
5 1 3 55 139 0.139918
5 1 3 55 140 0.719777
5 1 3 56 139 -1
5 1 3 56 140 0.267637
5 1 4 55 171 -1
5 1 4 56 171 0.796811
5 2 3 96 139 -1
5 2 3 96 140 0.894884
5 2 3 97 139 -1
5 2 3 97 140 -1
5 2 3 98 139 0.860621
5 2 3 98 140 -1
5 2 4 96 171 0.941951
5 2 4 97 171 0.399607
5 2 4 98 171 -1
5 3 4 139 171 0.435832
5 3 4 140 171 0.564168
6 0 1 15 57 0.365896
6 0 1 15 58 -1
6 0 1 16 57 0.40571
6 0 1 16 58 0.0635386
6 0 1 17 57 0.151168
6 0 1 17 58 0.655697
6 0 2 15 99 0.812954
6 0 2 15 100 -1
6 0 2 15 101 -1
6 0 2 16 99 -1
6 0 2 16 100 0.958537
6 0 2 16 101 -1
6 0 2 17 99 -1
6 0 2 17 100 -1
6 0 2 17 101 0.877601
6 0 3 15 141 0.258381
6 0 3 15 142 0.203163
6 0 3 16 141 0.188104
6 0 3 16 142 0.267258
6 0 3 17 141 0.243447
6 0 3 17 142 0.216783
6 0 4 15 172 0.869334
6 0 4 15 173 0.0857056
6 0 4 16 172 0.0745578
6 0 4 16 173 0.584965
6 0 4 17 172 -1
6 0 4 17 173 0.326202
6 1 2 57 99 0.878239
6 1 2 57 100 0.967668
6 1 2 57 101 -1
6 1 2 58 99 -1
6 1 2 58 100 -1
6 1 2 58 101 0.799792
6 1 3 57 141 0.345962
6 1 3 57 142 0.383118
6 1 3 58 141 0.395141
6 1 3 58 142 0.339927
6 1 4 57 172 0.453712
6 1 4 57 173 0.546288
6 1 4 58 172 -1
6 1 4 58 173 -1
6 2 3 99 141 0.894732
6 2 3 99 142 -1
6 2 3 100 141 -1
6 2 3 100 142 0.605907
6 2 3 101 141 -1
6 2 3 101 142 -1
6 2 4 99 172 0.939592
6 2 4 99 173 -1
6 2 4 100 172 -1
6 2 4 100 173 0.811298
6 2 4 101 172 -1
6 2 4 101 173 -1
6 3 4 141 172 0.485072
6 3 4 141 173 0.267026
6 3 4 142 172 0.231563
6 3 4 142 173 0.49477
7 0 1 18 59 -1
7 0 1 18 60 -1
7 0 1 19 59 -1
7 0 1 19 60 0.951216
7 0 2 18 102 0.673721
7 0 2 18 103 -1
7 0 2 18 104 -1
7 0 2 19 102 -1
7 0 2 19 103 0.607879
7 0 2 19 104 -1
7 0 3 18 143 0.753687
7 0 3 19 143 -1
7 0 4 18 174 -1
7 0 4 18 175 0.869779
7 0 4 19 174 0.972319
7 0 4 19 175 -1
7 1 2 59 102 -1
7 1 2 59 103 -1
7 1 2 59 104 0.696897
7 1 2 60 102 0.724568
7 1 2 60 103 0.467099
7 1 2 60 104 -1
7 1 3 59 143 -1
7 1 3 60 143 -1
7 1 4 59 174 -1
7 1 4 59 175 -1
7 1 4 60 174 0.529007
7 1 4 60 175 0.470993
7 2 3 102 143 0.9343
7 2 3 103 143 -1
7 2 3 104 143 -1
7 2 4 102 174 0.126074
7 2 4 102 175 0.825843
7 2 4 103 174 0.417974
7 2 4 103 175 0.559073
7 2 4 104 174 -1
7 2 4 104 175 -1
7 3 4 143 174 -1
7 3 4 143 175 0.871055
8 0 1 20 61 0.929994
8 0 1 20 62 -1
8 0 1 21 61 -1
8 0 1 21 62 -1
8 0 1 22 61 -1
8 0 1 22 62 0.935398
8 0 2 20 105 -1
8 0 2 20 106 -1
8 0 2 20 107 0.742247
8 0 2 21 105 0.737702
8 0 2 21 106 -1
8 0 2 21 107 -1
8 0 2 22 105 -1
8 0 2 22 106 0.681329
8 0 2 22 107 -1
8 0 3 20 144 -1
8 0 3 21 144 0.841726
8 0 3 22 144 -1
8 0 4 20 176 -1
8 0 4 20 177 -1
8 0 4 21 176 -1
8 0 4 21 177 0.715123
8 0 4 22 176 0.836269
8 0 4 22 177 -1
8 1 2 61 105 -1
8 1 2 61 106 -1
8 1 2 61 107 0.756302
8 1 2 62 105 -1
8 1 2 62 106 0.713474
8 1 2 62 107 -1
8 1 3 61 144 -1
8 1 3 62 144 -1
8 1 4 61 176 -1
8 1 4 61 177 -1
8 1 4 62 176 0.707017
8 1 4 62 177 0.275707
8 2 3 105 144 0.564401
8 2 3 106 144 -1
8 2 3 107 144 -1
8 2 4 105 176 0.606595
8 2 4 105 177 0.393405
8 2 4 106 176 0.503004
8 2 4 106 177 0.114473
8 2 4 107 176 -1
8 2 4 107 177 -1
8 3 4 144 176 -1
8 3 4 144 177 0.566698
9 0 1 23 63 0.70977
9 0 1 23 64 -1
9 0 1 24 63 0.236394
9 0 1 24 64 0.697266
9 0 2 23 108 -1
9 0 2 24 108 0.886586
9 0 3 23 145 -1
9 0 3 23 146 -1
9 0 3 24 145 0.53691
9 0 3 24 146 -1
9 0 4 23 178 0.188445
9 0 4 24 178 -1
9 1 2 63 108 -1
9 1 2 64 108 0.973026
9 1 3 63 145 -1
9 1 3 63 146 0.101132
9 1 3 64 145 -1
9 1 3 64 146 0.266639
9 1 4 63 178 0.350294
9 1 4 64 178 -1
9 2 3 108 145 0.294475
9 2 3 108 146 -1
9 2 4 108 178 -1
9 3 4 145 178 -1
9 3 4 146 178 0.909637
10 0 1 25 65 0.64077
10 0 1 26 65 0.35923
10 0 2 25 109 -1
10 0 2 25 110 0.976238
10 0 2 25 111 -1
10 0 2 26 109 0.987055
10 0 2 26 110 -1
10 0 2 26 111 -1
10 0 3 25 147 -1
10 0 3 25 148 0.850151
10 0 3 26 147 -1
10 0 3 26 148 -1
10 1 2 65 109 0.357812
10 1 2 65 110 0.866031
10 1 2 65 111 -1
10 1 3 65 147 -1
10 1 3 65 148 0.976544
10 2 3 109 147 -1
10 2 3 109 148 -1
10 2 3 110 147 0.0653086
10 2 3 110 148 0.897295
10 2 3 111 147 -1
10 2 3 111 148 0.177373
11 0 1 27 66 0.187535
11 0 1 27 67 0.258681
11 0 1 28 66 -1
11 0 1 28 67 0.741319
11 0 2 27 112 0.926176
11 0 2 27 113 -1
11 0 2 28 112 -1
11 0 2 28 113 -1
11 0 3 27 149 0.894592
11 0 3 27 150 -1
11 0 3 28 149 -1
11 0 3 28 150 -1
11 0 4 27 179 0.504702
11 0 4 28 179 0.495298
11 1 2 66 112 -1
11 1 2 66 113 0.753354
11 1 2 67 112 -1
11 1 2 67 113 -1
11 1 3 66 149 -1
11 1 3 66 150 0.998935
11 1 3 67 149 0.754615
11 1 3 67 150 -1
11 1 4 66 179 -1
11 1 4 67 179 0.808291
11 2 3 112 149 0.970774
11 2 3 112 150 -1
11 2 3 113 149 -1
11 2 3 113 150 0.708464
11 2 4 112 179 0.956049
11 2 4 113 179 -1
11 3 4 149 179 0.802114
11 3 4 150 179 -1
12 0 1 29 68 -1
12 0 1 29 69 -1
12 0 1 30 68 0.548438
12 0 1 30 69 0.451562
12 0 1 31 68 0.312942
12 0 1 31 69 0.687058
12 0 2 29 114 0.94812
12 0 2 29 115 -1
12 0 2 30 114 -1
12 0 2 30 115 0.143761
12 0 2 31 114 -1
12 0 2 31 115 0.90849
12 0 3 29 151 0.909056
12 0 3 29 152 -1
12 0 3 30 151 -1
12 0 3 30 152 0.641335
12 0 3 31 151 -1
12 0 3 31 152 -1
12 0 4 29 180 0.301317
12 0 4 30 180 0.299692
12 0 4 31 180 0.39899
12 1 2 68 114 -1
12 1 2 68 115 -1
12 1 2 69 114 -1
12 1 2 69 115 0.990019
12 1 3 68 151 -1
12 1 3 68 152 0.265048
12 1 3 69 151 -1
12 1 3 69 152 -1
12 1 4 68 180 -1
12 1 4 69 180 0.948959
12 2 3 114 151 0.92365
12 2 3 114 152 -1
12 2 3 115 151 -1
12 2 3 115 152 -1
12 2 4 114 180 -1
12 2 4 115 180 0.972758
12 3 4 151 180 0.284755
12 3 4 152 180 -1
13 0 1 32 70 -1
13 0 1 32 71 -1
13 0 1 33 70 0.566884
13 0 1 33 71 -1
13 0 2 32 116 0.975494
13 0 2 32 117 -1
13 0 2 33 116 -1
13 0 2 33 117 0.745616
13 0 3 32 153 0.550032
13 0 3 33 153 -1
13 0 4 32 181 -1
13 0 4 32 182 0.888984
13 0 4 33 181 0.68425
13 0 4 33 182 -1
13 1 2 70 116 -1
13 1 2 70 117 0.79883
13 1 2 71 116 -1
13 1 2 71 117 -1
13 1 3 70 153 -1
13 1 3 71 153 -1
13 1 4 70 181 0.583267
13 1 4 70 182 0.416733
13 1 4 71 181 -1
13 1 4 71 182 -1
13 2 3 116 153 0.573083
13 2 3 117 153 -1
13 2 4 116 181 0.23579
13 2 4 116 182 0.655224
13 2 4 117 181 0.667098
13 2 4 117 182 0.10816
13 3 4 153 181 -1
13 3 4 153 182 0.841101
14 0 1 34 72 0.972083
14 0 1 34 73 -1
14 0 1 35 72 -1
14 0 1 35 73 -1
14 0 1 36 72 -1
14 0 1 36 73 0.89919
14 0 2 34 118 -1
14 0 2 34 119 0.965298
14 0 2 35 118 0.945918
14 0 2 35 119 -1
14 0 2 36 118 -1
14 0 2 36 119 0.878874
14 0 3 34 154 -1
14 0 3 35 154 0.92649
14 0 3 36 154 -1
14 0 4 34 183 -1
14 0 4 34 184 -1
14 0 4 35 183 -1
14 0 4 35 184 0.99105
14 0 4 36 183 0.861033
14 0 4 36 184 -1
14 1 2 72 118 -1
14 1 2 72 119 -1
14 1 2 73 118 -1
14 1 2 73 119 0.881202
14 1 3 72 154 -1
14 1 3 73 154 -1
14 1 4 72 183 -1
14 1 4 72 184 -1
14 1 4 73 183 0.738091
14 1 4 73 184 -1
14 2 3 118 154 0.870408
14 2 3 119 154 -1
14 2 4 118 183 0.301871
14 2 4 118 184 0.40202
14 2 4 119 183 0.405053
14 2 4 119 184 0.26015
14 3 4 154 183 -1
14 3 4 154 184 0.980335
15 0 1 37 74 -1
15 0 1 37 75 -1
15 0 1 38 74 -1
15 0 1 38 75 0.676785
15 0 2 37 120 0.816897
15 0 2 37 121 -1
15 0 2 38 120 -1
15 0 2 38 121 -1
15 0 3 37 155 0.713992
15 0 3 37 156 -1
15 0 3 38 155 -1
15 0 3 38 156 -1
15 0 4 37 185 0.552372
15 0 4 38 185 0.447628
15 1 2 74 120 -1
15 1 2 74 121 0.880416
15 1 2 75 120 0.313383
15 1 2 75 121 -1
15 1 3 74 155 -1
15 1 3 74 156 0.395332
15 1 3 75 155 0.174233
15 1 3 75 156 -1
15 1 4 74 185 -1
15 1 4 75 185 0.653471
15 2 3 120 155 0.914641
15 2 3 120 156 -1
15 2 3 121 155 -1
15 2 3 121 156 0.237608
15 2 4 120 185 0.98787
15 2 4 121 185 -1
15 3 4 155 185 0.95649
15 3 4 156 185 -1
16 0 1 39 76 -1
16 0 1 39 77 -1
16 0 1 40 76 0.758307
16 0 1 40 77 0.241693
16 0 1 41 76 0.0904721
16 0 1 41 77 0.786925
16 0 2 39 122 0.99747
16 0 2 39 123 -1
16 0 2 39 124 -1
16 0 2 40 122 -1
16 0 2 40 123 0.16274
16 0 2 40 124 -1
16 0 2 41 122 -1
16 0 2 41 123 0.998206
16 0 2 41 124 -1
16 0 3 39 157 0.926713
16 0 3 39 158 -1
16 0 3 40 157 -1
16 0 3 40 158 0.806992
16 0 3 41 157 -1
16 0 3 41 158 -1
16 0 4 39 186 0.860279
16 0 4 40 186 -1
16 0 4 41 186 0.919701
16 1 2 76 122 -1
16 1 2 76 123 -1
16 1 2 76 124 -1
16 1 2 77 122 -1
16 1 2 77 123 0.812764
16 1 2 77 124 -1
16 1 3 76 157 -1
16 1 3 76 158 0.350555
16 1 3 77 157 -1
16 1 3 77 158 -1
16 1 4 76 186 -1
16 1 4 77 186 0.912859
16 2 3 122 157 0.928822
16 2 3 122 158 -1
16 2 3 123 157 -1
16 2 3 123 158 -1
16 2 3 124 157 -1
16 2 3 124 158 -1
16 2 4 122 186 -1
16 2 4 123 186 0.767175
16 2 4 124 186 -1
16 3 4 157 186 0.324519
16 3 4 158 186 -1
17 0 1 42 78 0.967525
17 0 1 42 79 -1
17 0 1 43 78 -1
17 0 1 43 79 -1
17 0 2 42 125 -1
17 0 2 42 126 0.658479
17 0 2 43 125 0.815091
17 0 2 43 126 -1
17 0 3 42 159 -1
17 0 3 43 159 0.738532
17 0 4 42 187 -1
17 0 4 42 188 -1
17 0 4 43 187 -1
17 0 4 43 188 0.942534
17 1 2 78 125 -1
17 1 2 78 126 -1
17 1 2 79 125 -1
17 1 2 79 126 0.96207
17 1 3 78 159 -1
17 1 3 79 159 -1
17 1 4 78 187 -1
17 1 4 78 188 -1
17 1 4 79 187 0.871086
17 1 4 79 188 -1
17 2 3 125 159 0.933709
17 2 3 126 159 -1
17 2 4 125 187 0.293601
17 2 4 125 188 0.275103
17 2 4 126 187 0.272859
17 2 4 126 188 0.293162
17 3 4 159 187 -1
17 3 4 159 188 0.990919
18 0 1 44 80 -1
18 0 1 44 81 0.837262
18 0 2 44 127 0.772055
18 0 2 44 128 -1
18 0 3 44 160 0.612021
18 0 4 44 189 -1
18 0 4 44 190 0.727879
18 1 2 80 127 0.119125
18 1 2 80 128 0.823723
18 1 2 81 127 -1
18 1 2 81 128 -1
18 1 3 80 160 -1
18 1 3 81 160 -1
18 1 4 80 189 0.514969
18 1 4 80 190 0.485031
18 1 4 81 189 -1
18 1 4 81 190 -1
18 2 3 127 160 0.838757
18 2 3 128 160 -1
18 2 4 127 189 -1
18 2 4 127 190 0.988918
18 2 4 128 189 0.931702
18 2 4 128 190 -1
18 3 4 160 189 -1
18 3 4 160 190 0.836273
end of Frame 129
