J OverallIdx viewIdx joint种类0-18(jointIdx) 该joint在图中的顺序(candidix) x y score
0 0 0 0 33.7286 385.921 0.739491
1 0 0 1 664.67 394.36 0.560093
2 0 0 2 325.247 432.331 0.600683
3 0 1 0 661.738 202.421 0.727688
4 0 1 1 325.378 210.753 0.897927
5 0 1 2 33.6098 242.533 0.90018
6 0 2 0 678.614 394.278 0.445705
7 0 2 1 372.914 436.522 0.57876
8 0 3 0 75.625 385.897 0.704815
9 0 3 1 661.735 396.463 0.609922
10 0 3 2 280.31 432.271 0.586412
11 0 4 0 591.76 141.328 0.7723
12 0 4 1 61.7382 185.541 0.822626
13 0 5 0 673.015 196.188 0.594599
14 0 5 1 403.793 210.905 0.808816
15 0 6 0 647.774 206.629 0.798944
16 0 6 1 255.167 204.547 0.795244
17 0 6 2 81.3468 242.553 0.887963
18 0 7 0 661.953 560.896 0.521198
19 0 7 1 347.792 630.439 0.752568
20 0 8 0 70.1057 487.137 0.759852
21 0 8 1 667.431 565.096 0.648709
22 0 8 2 260.81 611.483 0.725919
23 0 9 0 384.218 126.629 0.843365
24 0 9 1 25.2066 179.312 0.767579
25 0 10 0 305.809 120.222 0.830561
26 0 10 1 625.364 139.211 0.83239
27 0 11 0 437.318 345.859 0.884479
28 0 12 0 670.257 282.612 0.800706
29 0 12 1 101.109 314.195 0.894929
30 0 12 2 215.919 337.428 0.851206
31 0 13 0 670.305 666.281 0.700202
32 0 13 1 328.208 765.515 0.334292
33 0 14 0 75.7132 592.523 0.791878
34 0 14 1 692.72 717.012 0.723167
35 0 14 2 232.789 765.525 0.432689
36 0 15 0 415.031 430.206 0.681363
37 0 16 0 622.637 354.226 0.763236
38 0 16 1 117.796 379.547 0.881351
39 0 16 2 258.131 411.207 0.680458
40 0 17 0 72.8785 617.925 0.763233
41 0 17 1 616.933 733.894 0.750174
42 0 18 0 19.5833 598.899 0.392449
43 0 18 1 636.525 666.392 0.819578
44 1 0 0 84.0829 402.782 0.72598
45 1 0 1 681.467 398.556 0.710354
46 1 1 0 684.197 236.152 0.883523
47 1 1 1 58.9372 250.962 0.847561
48 1 2 0 706.773 398.542 0.717753
49 1 2 1 56.072 404.901 0.726802
50 1 3 0 650.618 398.574 0.662959
51 1 3 1 117.811 400.685 0.717435
52 1 4 0 114.932 191.934 0.874857
53 1 4 1 622.596 189.801 0.840897
54 1 5 0 726.363 242.535 0.887759
55 1 6 0 639.493 229.867 0.887793
56 1 6 1 101.062 253.019 0.846668
57 1 7 0 703.852 501.854 0.693939
58 1 7 1 36.5758 514.466 0.809413
59 1 8 0 123.292 510.298 0.855646
60 1 8 1 616.84 527.205 0.791845
61 1 9 0 70.1116 187.631 0.838375
62 1 10 0 658.953 177.065 0.944557
63 1 11 0 751.651 329.032 0.955679
64 1 12 0 123.349 329.07 0.91281
65 1 12 1 633.789 328.898 0.891585
66 1 13 0 726.391 579.884 0.511715
67 1 13 1 681.481 649.576 0.802382
68 1 14 0 129.068 615.697 0.834285
69 1 14 1 611.29 657.886 0.746731
70 1 15 0 709.516 379.635 0.785676
71 1 15 1 33.529 398.543 0.854427
72 1 16 0 151.437 396.331 0.888742
73 1 16 1 616.805 396.465 0.853967
74 1 17 0 168.364 636.852 0.804665
75 1 17 1 549.596 662.144 0.779491
76 1 18 0 726.266 596.763 0.313961
77 1 18 1 36.4896 632.619 0.74695
78 1 18 2 650.569 645.219 0.334532
79 2 0 0 496.335 234.073 0.752997
80 2 0 1 720.665 371.153 0.658729
81 2 1 0 504.915 92.7336 0.947803
82 2 1 1 745.991 225.593 0.765141
83 2 2 0 462.845 231.941 0.765345
84 2 2 1 726.229 366.907 0.588381
85 2 3 0 524.412 238.281 0.761574
86 2 3 1 712.291 377.413 0.716244
87 2 4 0 501.958 54.7679 0.897343
88 2 4 1 692.658 168.667 0.81569
89 2 5 0 459.986 80.1655 0.869138
90 2 5 1 731.915 212.94 0.657978
91 2 6 0 552.466 101.205 0.838937
92 2 6 1 751.697 236.183 0.826549
93 2 6 2 56.1164 529.24 0.159082
94 2 7 0 459.85 326.763 0.876702
95 2 7 1 706.589 478.662 0.748567
96 2 8 0 532.803 328.932 0.858675
97 2 8 1 684.241 482.849 0.79607
98 2 9 0 482.325 42.078 0.177298
99 2 9 1 59.0109 434.437 0.721176
100 2 10 0 532.848 44.3671 0.792661
101 2 10 1 748.795 160.215 0.964943
102 2 11 0 415.005 111.846 0.930474
103 2 12 0 597.353 160.131 0.911988
104 2 12 1 754.513 339.475 0.823607
105 2 13 0 456.974 396.521 0.889827
106 2 13 1 687.095 552.487 0.734201
107 2 14 0 546.884 406.996 0.85794
108 2 14 1 681.501 594.598 0.778296
109 2 15 0 440.352 177.093 0.933168
110 2 15 1 117.728 765.533 0.330977
111 2 16 0 555.256 208.668 0.878322
112 2 16 1 703.9 381.628 0.876107
113 2 17 0 546.886 438.625 0.804735
114 2 17 1 631.01 615.765 0.774922
115 2 18 0 417.914 425.984 0.804977
116 2 18 1 639.401 550.456 0.854299
117 3 0 0 283.221 347.949 0.795228
118 3 1 0 277.68 191.932 0.948635
119 3 1 1 689.901 221.388 0.572115
120 3 2 0 255.162 350.009 0.75805
121 3 3 0 319.726 345.905 0.764377
122 3 4 0 300.09 126.638 0.945957
123 3 5 0 227.183 191.937 0.825972
124 3 5 1 925.46 196.16 0.479255
125 3 6 0 325.336 191.868 0.890821
126 3 6 1 468.367 244.635 0.49051
127 3 7 0 255.166 476.563 0.798009
128 3 8 0 325.468 463.911 0.859069
129 3 9 0 771.215 37.9146 0.394058
130 3 9 1 257.93 126.634 0.913786
131 3 10 0 594.506 27.4636 0.22349
132 3 11 0 165.318 246.714 0.890434
133 3 12 0 350.5 244.636 0.914039
134 3 12 1 445.866 472.353 0.158454
135 3 12 2 415.093 632.531 0.291606
136 3 13 0 255.085 579.808 0.777041
137 3 14 0 333.717 554.557 0.784895
138 3 15 0 213.167 301.546 0.88086
139 3 16 0 344.938 295.131 0.923136
140 3 17 0 347.846 571.441 0.601251
141 3 18 0 257.974 598.856 0.437857
142 4 0 0 586.134 284.689 0.718418
143 4 0 1 437.595 328.958 0.506168
144 4 1 0 459.898 113.841 0.532882
145 4 1 1 572.174 141.307 0.949184
146 4 2 0 552.491 286.789 0.72997
147 4 2 1 445.861 328.948 0.545722
148 4 3 0 616.853 282.615 0.76264
149 4 3 1 434.679 328.966 0.40149
150 4 4 0 527.121 44.2732 0.598505
151 4 4 1 611.384 90.5755 0.871516
152 4 5 0 457.12 113.931 0.780846
153 4 5 1 529.986 143.426 0.897009
154 4 6 0 468.352 111.756 0.386464
155 4 6 1 616.952 137.104 0.871537
156 4 7 0 566.493 396.473 0.800268
157 4 7 1 462.726 497.644 0.668177
158 4 8 0 636.646 392.245 0.842774
159 4 8 1 434.671 480.825 0.70645
160 4 9 0 482.17 44.369 0.899227
161 4 9 1 563.673 78.0935 0.874748
162 4 11 0 437.448 200.334 0.82138
163 4 11 1 502.038 221.371 0.827972
164 4 12 0 625.363 210.932 0.843179
165 4 13 0 572.16 495.592 0.873004
166 4 13 1 462.678 664.285 0.791929
167 4 14 0 639.28 493.432 0.862738
168 4 14 1 412.143 615.718 0.785271
169 4 15 0 460.045 272.014 0.801039
170 4 15 1 535.626 282.577 0.797924
171 4 16 0 636.46 274.161 0.829868
172 4 17 0 684.177 512.436 0.93133
173 4 18 0 597.32 520.836 0.834242
174 4 18 1 541.246 687.403 0.7221
P viewIdx, pafIdx, aOverAllIdx, bOverAllIdx, CandidAIdx, CandidBIdx, score
0 0 3 0 0 0 0
0 0 3 1 0 1 0.944076
0 0 3 2 0 2 0
0 0 4 0 1 0 0
0 0 4 1 1 1 0
0 0 4 2 1 2 0.993378
0 0 5 0 2 0 0.993932
0 0 5 1 2 1 0
0 0 5 2 2 2 0
0 1 6 18 0 0 0.900131
0 1 6 19 0 1 0
0 1 7 18 1 0 0
0 1 7 19 1 1 0.955406
0 2 18 31 0 0 0.953609
0 2 18 32 0 1 0
0 2 19 31 1 0 0
0 2 19 32 1 1 0.961777
0 3 0 6 0 0 0
0 3 0 7 0 1 0
0 3 1 6 1 0 0.772002
0 3 1 7 1 1 0
0 3 2 6 2 0 0
0 3 2 7 2 1 0.879393
0 4 0 8 0 0 0.925947
0 4 0 9 0 1 0
0 4 0 10 0 2 0
0 4 1 8 1 0 0
0 4 1 9 1 1 0.75256
0 4 1 10 1 2 0
0 4 2 8 2 0 0
0 4 2 9 2 1 0
0 4 2 10 2 2 0.876498
0 5 8 20 0 0 0.984256
0 5 8 21 0 1 0
0 5 8 22 0 2 0
0 5 9 20 1 0 0
0 5 9 21 1 1 0.9776
0 5 9 22 1 2 0
0 5 10 20 2 0 0
0 5 10 21 2 1 0
0 5 10 22 2 2 0.961212
0 6 20 33 0 0 0.983643
0 6 20 34 0 1 0
0 6 20 35 0 2 0
0 6 21 33 1 0 0
0 6 21 34 1 1 0.969191
0 6 21 35 1 2 0
0 6 22 33 2 0 0
0 6 22 34 2 1 0
0 6 22 35 2 2 0.960788
0 7 3 13 0 0 0.87894
0 7 3 14 0 1 0
0 7 4 13 1 0 0
0 7 4 14 1 1 0.997397
0 7 5 13 2 0 0
0 7 5 14 2 1 0
0 8 13 27 0 0 0
0 8 14 27 1 0 0.995629
0 9 27 36 0 0 0.969664
0 10 13 23 0 0 0
0 10 13 24 0 1 0
0 10 14 23 1 0 0.998352
0 10 14 24 1 1 0
0 11 3 15 0 0 0.931684
0 11 3 16 0 1 0
0 11 3 17 0 2 0
0 11 4 15 1 0 0
0 11 4 16 1 1 0.990136
0 11 4 17 1 2 0
0 11 5 15 2 0 0
0 11 5 16 2 1 0
0 11 5 17 2 2 0.99527
0 12 15 28 0 0 0.990479
0 12 15 29 0 1 0
0 12 15 30 0 2 0
0 12 16 28 1 0 0
0 12 16 29 1 1 0
0 12 16 30 1 2 0.979561
0 12 17 28 2 0 0
0 12 17 29 2 1 0.984696
0 12 17 30 2 2 0
0 13 28 37 0 0 0.934594
0 13 28 38 0 1 0
0 13 28 39 0 2 0
0 13 29 37 1 0 0
0 13 29 38 1 1 0.997846
0 13 29 39 1 2 0
0 13 30 37 2 0 0
0 13 30 38 2 1 0
0 13 30 39 2 2 0.986161
0 14 15 25 0 0 0
0 14 15 26 0 1 0.988924
0 14 16 25 1 0 0.976111
0 14 16 26 1 1 0
0 14 17 25 2 0 0
0 14 17 26 2 1 0
0 15 3 11 0 0 0.958471
0 15 3 12 0 1 0
0 15 4 11 1 0 0
0 15 4 12 1 1 0
0 15 5 11 2 0 0
0 15 5 12 2 1 0.968713
0 16 33 40 0 0 0.993082
0 16 33 41 0 1 0
0 16 34 40 1 0 0
0 16 34 41 1 1 0.9213
0 16 35 40 2 0 0
0 16 35 41 2 1 0
0 17 31 42 0 0 0
0 17 31 43 0 1 0.939336
0 17 32 42 1 0 0
0 17 32 43 1 1 0
1 0 46 44 0 0 0
1 0 46 45 0 1 0.98946
1 0 47 44 1 0 0.98069
1 0 47 45 1 1 0
1 1 48 57 0 0 0.987579
1 1 48 58 0 1 0
1 1 49 57 1 0 0
1 1 49 58 1 1 0.961802
1 2 57 66 0 0 0.494512
1 2 57 67 0 1 0.505488
1 2 58 66 1 0 0
1 2 58 67 1 1 0
1 3 44 48 0 0 0
1 3 44 49 0 1 0.927853
1 3 45 48 1 0 0.922192
1 3 45 49 1 1 0
1 4 44 50 0 0 0
1 4 44 51 0 1 0.927198
1 4 45 50 1 0 0.912986
1 4 45 51 1 1 0
1 5 50 59 0 0 0
1 5 50 60 0 1 0.976909
1 5 51 59 1 0 0.995157
1 5 51 60 1 1 0
1 6 59 68 0 0 0.994849
1 6 59 69 0 1 0
1 6 60 68 1 0 0
1 6 60 69 1 1 0.98976
1 7 46 54 0 0 0.996597
1 7 47 54 1 0 0
1 8 54 63 0 0 0.996487
1 9 63 70 0 0 0.948475
1 9 63 71 0 1 0
1 10 54 61 0 0 0
1 11 46 55 0 0 0.988509
1 11 46 56 0 1 0
1 11 47 55 1 0 0
1 11 47 56 1 1 0.988505
1 12 55 64 0 0 0
1 12 55 65 0 1 0.979974
1 12 56 64 1 0 0.993915
1 12 56 65 1 1 0
1 13 64 72 0 0 0.996258
1 13 64 73 0 1 0
1 13 65 72 1 0 0
1 13 65 73 1 1 0.999587
1 14 55 62 0 0 0.974393
1 14 56 62 1 0 0
1 15 46 52 0 0 0
1 15 46 53 0 1 0.989954
1 15 47 52 1 0 0.955658
1 15 47 53 1 1 0
1 16 68 74 0 0 0.987668
1 16 68 75 0 1 0
1 16 69 74 1 0 0
1 16 69 75 1 1 0.968846
1 17 66 76 0 0 0.729096
1 17 66 77 0 1 0
1 17 66 78 0 2 0
1 17 67 76 1 0 0
1 17 67 77 1 1 0
1 17 67 78 1 2 0.844495
2 0 81 79 0 0 0.978482
2 0 81 80 0 1 0
2 0 82 79 1 0 0
2 0 82 80 1 1 0.972703
2 1 83 94 0 0 0.996616
2 1 83 95 0 1 0
2 1 84 94 1 0 0
2 1 84 95 1 1 0.9402
2 2 94 105 0 0 0.998753
2 2 94 106 0 1 0
2 2 95 105 1 0 0
2 2 95 106 1 1 0.941632
2 3 79 83 0 0 0.952719
2 3 79 84 0 1 0
2 3 80 83 1 0 0
2 3 80 84 1 1 0.774166
2 4 79 85 0 0 0.951498
2 4 79 86 0 1 0
2 4 80 85 1 0 0
2 4 80 86 1 1 0.784129
2 5 85 96 0 0 0.995677
2 5 85 97 0 1 0
2 5 86 96 1 0 0
2 5 86 97 1 1 0.974022
2 6 96 107 0 0 0.99705
2 6 96 108 0 1 0
2 6 97 107 1 0 0
2 6 97 108 1 1 0.985202
2 7 81 89 0 0 0.9992
2 7 81 90 0 1 0
2 7 82 89 1 0 0
2 7 82 90 1 1 0.946999
2 8 89 102 0 0 0.971331
2 8 90 102 1 0 0
2 9 102 109 0 0 0.988025
2 9 102 110 0 1 0
2 10 89 98 0 0 0.71678
2 10 89 99 0 1 0
2 10 90 98 1 0 0
2 10 90 99 1 1 0
2 11 81 91 0 0 0.991767
2 11 81 92 0 1 0
2 11 81 93 0 2 0
2 11 82 91 1 0 0
2 11 82 92 1 1 0.949722
2 11 82 93 1 2 0
2 12 91 103 0 0 0.991012
2 12 91 104 0 1 0
2 12 92 103 1 0 0
2 12 92 104 1 1 0.991933
2 12 93 103 2 0 0
2 12 93 104 2 1 0
2 13 103 111 0 0 0.983479
2 13 103 112 0 1 0
2 13 104 111 1 0 0
2 13 104 112 1 1 0.965278
2 14 91 100 0 0 0.981394
2 14 91 101 0 1 0
2 14 92 100 1 0 0
2 14 92 101 1 1 0.992504
2 14 93 100 2 0 0
2 14 93 101 2 1 0
2 15 81 87 0 0 0.992941
2 15 81 88 0 1 0
2 15 82 87 1 0 0
2 15 82 88 1 1 0.993598
2 16 107 113 0 0 0.992513
2 16 107 114 0 1 0
2 16 108 113 1 0 0
2 16 108 114 1 1 0.964056
2 17 105 115 0 0 0.965321
2 17 105 116 0 1 0
2 17 106 115 1 0 0
2 17 106 116 1 1 0.901045
3 0 118 117 0 0 0.996249
3 0 119 117 1 0 0
3 1 120 127 0 0 0.989988
3 2 127 136 0 0 0.996114
3 3 117 120 0 0 0.935245
3 4 117 121 0 0 0.945137
3 5 121 128 0 0 0.988796
3 6 128 137 0 0 0.99841
3 7 118 123 0 0 0.998489
3 7 118 124 0 1 0
3 7 119 123 1 0 0
3 7 119 124 1 1 0.921369
3 8 123 132 0 0 0.980111
3 8 124 132 1 0 0
3 9 132 138 0 0 0.98604
3 10 123 129 0 0 0
3 10 123 130 0 1 0.979562
3 10 124 129 1 0 0.899956
3 10 124 130 1 1 0
3 11 118 125 0 0 0.999438
3 11 118 126 0 1 0
3 11 119 125 1 0 0
3 11 119 126 1 1 0.920717
3 12 125 133 0 0 0.998895
3 12 125 134 0 1 0
3 12 125 135 0 2 0
3 12 126 133 1 0 0
3 12 126 134 1 1 0.518095
3 12 126 135 1 2 0.481905
3 13 133 139 0 0 0.997385
3 13 134 139 1 0 0
3 13 135 139 2 0 0
3 14 125 131 0 0 0
3 14 126 131 1 0 0.793088
3 15 118 122 0 0 0.991823
3 15 119 122 1 0 0
3 16 137 140 0 0 0.952656
3 17 136 141 0 0 0.906024
4 0 144 142 0 0 0
4 0 144 143 0 1 0.877248
4 0 145 142 1 0 0.998053
4 0 145 143 1 1 0
4 1 146 156 0 0 0.984815
4 1 146 157 0 1 0
4 1 147 156 1 0 0
4 1 147 157 1 1 0.96517
4 2 156 165 0 0 0.992776
4 2 156 166 0 1 0
4 2 157 165 1 0 0
4 2 157 166 1 1 0.991693
4 3 142 146 0 0 0.93093
4 3 142 147 0 1 0
4 3 143 146 1 0 0
4 3 143 147 1 1 0.737889
4 4 142 148 0 0 0.923159
4 4 142 149 0 1 0
4 4 143 148 1 0 0
4 4 143 149 1 1 0.713982
4 5 148 158 0 0 0.998771
4 5 148 159 0 1 0
4 5 149 158 1 0 0
4 5 149 159 1 1 0.952227
4 6 158 167 0 0 0.996132
4 6 158 168 0 1 0
4 6 159 167 1 0 0
4 6 159 168 1 1 0.988479
4 7 144 152 0 0 0.718104
4 7 144 153 0 1 0
4 7 145 152 1 0 0
4 7 145 153 1 1 0.999075
4 8 152 162 0 0 0.528747
4 8 152 163 0 1 0.254192
4 8 153 162 1 0 0
4 8 153 163 1 1 0.531791
4 9 162 169 0 0 0.274233
4 9 162 170 0 1 0.250001
4 9 163 169 1 0 0.248991
4 9 163 170 1 1 0.2741
4 10 152 160 0 0 0.987596
4 10 152 161 0 1 0
4 10 153 160 1 0 0
4 10 153 161 1 1 0.976409
4 11 144 154 0 0 0.761834
4 11 144 155 0 1 0
4 11 145 154 1 0 0
4 11 145 155 1 1 0.992903
4 12 154 164 0 0 0
4 12 155 164 1 0 0.992645
4 13 164 171 0 0 0.993506
4 15 144 150 0 0 0.811318
4 15 144 151 0 1 0
4 15 145 150 1 0 0
4 15 145 151 1 1 0.97794
4 16 167 172 0 0 0.979875
4 16 168 172 1 0 0
4 17 165 173 0 0 0.984038
4 17 165 174 0 1 0
4 17 166 173 1 0 0
4 17 166 174 1 1 0.980226
E jointIdx viewA viewB aOverAllIdx bOverallIdx score
0 0 1 0 44 0.753873
0 0 1 0 45 0.155842
0 0 1 1 44 -1
0 0 1 1 45 0.19353
0 0 1 2 44 -1
0 0 1 2 45 0.600482
0 0 2 0 79 -1
0 0 2 0 80 -1
0 0 2 1 79 0.760613
0 0 2 1 80 -1
0 0 2 2 79 -1
0 0 2 2 80 0.770001
0 0 3 0 117 -1
0 0 3 1 117 0.826525
0 0 3 2 117 -1
0 0 4 0 142 -1
0 0 4 0 143 -1
0 0 4 1 142 -1
0 0 4 1 143 0.92712
0 0 4 2 142 0.995167
0 0 4 2 143 -1
0 1 2 44 79 -1
0 1 2 44 80 -1
0 1 2 45 79 0.499805
0 1 2 45 80 0.500195
0 1 3 44 117 -1
0 1 3 45 117 0.475996
0 1 4 44 142 -1
0 1 4 44 143 -1
0 1 4 45 142 0.649221
0 1 4 45 143 0.329843
0 2 3 79 117 0.988458
0 2 3 80 117 -1
0 2 4 79 142 0.299
0 2 4 79 143 0.568974
0 2 4 80 142 0.661795
0 2 4 80 143 -1
0 3 4 117 142 0.347542
0 3 4 117 143 0.652458
1 0 1 3 46 0.361788
1 0 1 3 47 -1
1 0 1 4 46 0.378814
1 0 1 4 47 0.0519742
1 0 1 5 46 0.163619
1 0 1 5 47 0.622686
1 0 2 3 81 0.826638
1 0 2 3 82 -1
1 0 2 4 81 -1
1 0 2 4 82 0.917984
1 0 2 5 81 -1
1 0 2 5 82 -1
1 0 3 3 118 0.315897
1 0 3 3 119 0.237166
1 0 3 4 118 0.302127
1 0 3 4 119 0.255906
1 0 3 5 118 0.220785
1 0 3 5 119 0.366608
1 0 4 3 144 0.781111
1 0 4 3 145 0.128941
1 0 4 4 144 -1
1 0 4 4 145 0.58762
1 0 4 5 144 -1
1 0 4 5 145 0.25107
1 1 2 46 81 0.463953
1 1 2 46 82 0.536047
1 1 2 47 81 -1
1 1 2 47 82 -1
1 1 3 46 118 0.519382
1 1 3 46 119 0.33571
1 1 3 47 118 0.355469
1 1 3 47 119 0.502949
1 1 4 46 144 0.516693
1 1 4 46 145 0.483307
1 1 4 47 144 -1
1 1 4 47 145 -1
1 2 3 81 118 0.862237
1 2 3 81 119 -1
1 2 3 82 118 -1
1 2 3 82 119 -1
1 2 4 81 144 0.837564
1 2 4 81 145 -1
1 2 4 82 144 -1
1 2 4 82 145 0.918016
1 3 4 118 144 0.476704
1 3 4 118 145 0.474517
1 3 4 119 144 -1
1 3 4 119 145 0.307823
2 0 1 6 48 0.213305
2 0 1 6 49 -1
2 0 1 7 48 0.786695
2 0 1 7 49 -1
2 0 2 6 83 0.668664
2 0 2 6 84 -1
2 0 2 7 83 -1
2 0 2 7 84 0.472791
2 0 3 6 120 0.883102
2 0 3 7 120 -1
2 0 4 6 146 -1
2 0 4 6 147 0.799848
2 0 4 7 146 0.996278
2 0 4 7 147 -1
2 1 2 48 83 0.502635
2 1 2 48 84 0.497365
2 1 2 49 83 -1
2 1 2 49 84 -1
2 1 3 48 120 0.567755
2 1 3 49 120 -1
2 1 4 48 146 0.504165
2 1 4 48 147 0.495835
2 1 4 49 146 -1
2 1 4 49 147 -1
2 2 3 83 120 0.946256
2 2 3 84 120 -1
2 2 4 83 146 0.413958
2 2 4 83 147 0.32323
2 2 4 84 146 0.455797
2 2 4 84 147 0.0786056
2 3 4 120 146 0.291506
2 3 4 120 147 0.708494
3 0 1 8 50 0.148847
3 0 1 8 51 0.740341
3 0 1 9 50 0.228583
3 0 1 9 51 -1
3 0 1 10 50 0.571869
3 0 1 10 51 -1
3 0 2 8 85 -1
3 0 2 8 86 -1
3 0 2 9 85 0.726999
3 0 2 9 86 -1
3 0 2 10 85 -1
3 0 2 10 86 0.924514
3 0 3 8 121 -1
3 0 3 9 121 0.688414
3 0 3 10 121 -1
3 0 4 8 148 -1
3 0 4 8 149 -1
3 0 4 9 148 -1
3 0 4 9 149 0.885721
3 0 4 10 148 0.966084
3 0 4 10 149 -1
3 1 2 50 85 0.0248136
3 1 2 50 86 0.89319
3 1 2 51 85 -1
3 1 2 51 86 -1
3 1 3 50 121 0.38608
3 1 3 51 121 -1
3 1 4 50 148 0.600914
3 1 4 50 149 -1
3 1 4 51 148 -1
3 1 4 51 149 -1
3 2 3 85 121 0.854527
3 2 3 86 121 -1
3 2 4 85 148 -1
3 2 4 85 149 0.805741
3 2 4 86 148 0.751634
3 2 4 86 149 -1
3 3 4 121 148 0.380584
3 3 4 121 149 0.619416
4 0 1 11 52 -1
4 0 1 11 53 0.625725
4 0 1 12 52 0.657343
4 0 1 12 53 0.251212
4 0 2 11 87 0.991576
4 0 2 11 88 -1
4 0 2 12 87 -1
4 0 2 12 88 -1
4 0 3 11 122 0.978205
4 0 3 12 122 -1
4 0 4 11 150 0.993534
4 0 4 11 151 -1
4 0 4 12 150 -1
4 0 4 12 151 -1
4 1 2 52 87 -1
4 1 2 52 88 -1
4 1 2 53 87 0.47178
4 1 2 53 88 0.52822
4 1 3 52 122 0.342367
4 1 3 53 122 0.657633
4 1 4 52 150 -1
4 1 4 52 151 -1
4 1 4 53 150 0.443079
4 1 4 53 151 0.556921
4 2 3 87 122 0.998531
4 2 3 88 122 -1
4 2 4 87 150 0.966767
4 2 4 87 151 -1
4 2 4 88 150 -1
4 2 4 88 151 0.955045
4 3 4 122 150 0.74625
4 3 4 122 151 0.25375
5 0 1 13 54 0.491183
5 0 1 14 54 0.508817
5 0 2 13 89 0.74029
5 0 2 13 90 -1
5 0 2 14 89 -1
5 0 2 14 90 0.648485
5 0 3 13 123 0.447129
5 0 3 13 124 -1
5 0 3 14 123 0.552871
5 0 3 14 124 -1
5 0 4 13 152 0.833771
5 0 4 13 153 0.144818
5 0 4 14 152 0.0936431
5 0 4 14 153 0.789615
5 1 2 54 89 -1
5 1 2 54 90 0.450155
5 1 3 54 123 0.529611
5 1 3 54 124 0.470389
5 1 4 54 152 0.384982
5 1 4 54 153 0.615018
5 2 3 89 123 0.821541
5 2 3 89 124 -1
5 2 3 90 123 -1
5 2 3 90 124 -1
5 2 4 89 152 0.81488
5 2 4 89 153 0.18512
5 2 4 90 152 -1
5 2 4 90 153 0.671722
5 3 4 123 152 0.504523
5 3 4 123 153 0.325666
5 3 4 124 152 -1
5 3 4 124 153 0.517336
6 0 1 15 55 0.309804
6 0 1 15 56 -1
6 0 1 16 55 0.454977
6 0 1 16 56 -1
6 0 1 17 55 0.163157
6 0 1 17 56 0.680361
6 0 2 15 91 0.980448
6 0 2 15 92 -1
6 0 2 15 93 -1
6 0 2 16 91 -1
6 0 2 16 92 0.890557
6 0 2 16 93 -1
6 0 2 17 91 -1
6 0 2 17 92 -1
6 0 2 17 93 0.10697
6 0 3 15 125 0.46787
6 0 3 15 126 -1
6 0 3 16 125 0.292282
6 0 3 16 126 -1
6 0 3 17 125 0.196814
6 0 3 17 126 0.612519
6 0 4 15 154 0.691716
6 0 4 15 155 0.177705
6 0 4 16 154 -1
6 0 4 16 155 0.559994
6 0 4 17 154 -1
6 0 4 17 155 0.224774
6 1 2 55 91 0.5596
6 1 2 55 92 0.975525
6 1 2 55 93 -1
6 1 2 56 91 -1
6 1 2 56 92 -1
6 1 2 56 93 0.264398
6 1 3 55 125 0.521007
6 1 3 55 126 -1
6 1 3 56 125 0.320861
6 1 3 56 126 0.661738
6 1 4 55 154 0.398672
6 1 4 55 155 0.601328
6 1 4 56 154 -1
6 1 4 56 155 -1
6 2 3 91 125 0.829
6 2 3 91 126 -1
6 2 3 92 125 -1
6 2 3 92 126 -1
6 2 3 93 125 -1
6 2 3 93 126 -1
6 2 4 91 154 0.904549
6 2 4 91 155 -1
6 2 4 92 154 -1
6 2 4 92 155 0.832371
6 2 4 93 154 -1
6 2 4 93 155 -1
6 3 4 125 154 0.426788
6 3 4 125 155 0.573211
6 3 4 126 154 -1
6 3 4 126 155 -1
7 0 1 18 57 0.539437
7 0 1 18 58 -1
7 0 1 19 57 0.419544
7 0 1 19 58 -1
7 0 2 18 94 0.713988
7 0 2 18 95 -1
7 0 2 19 94 -1
7 0 2 19 95 0.547833
7 0 3 18 127 0.648576
7 0 3 19 127 -1
7 0 4 18 156 -1
7 0 4 18 157 0.767377
7 0 4 19 156 0.82063
7 0 4 19 157 -1
7 1 2 57 94 0.602116
7 1 2 57 95 -1
7 1 2 58 94 -1
7 1 2 58 95 -1
7 1 3 57 127 0.721693
7 1 3 58 127 -1
7 1 4 57 156 0.220563
7 1 4 57 157 0.583136
7 1 4 58 156 -1
7 1 4 58 157 -1
7 2 3 94 127 0.959142
7 2 3 95 127 -1
7 2 4 94 156 0.363085
7 2 4 94 157 0.353269
7 2 4 95 156 0.353029
7 2 4 95 157 0.361363
7 3 4 127 156 -1
7 3 4 127 157 0.766893
8 0 1 20 59 0.892245
8 0 1 20 60 -1
8 0 1 21 59 -1
8 0 1 21 60 0.291851
8 0 1 22 59 -1
8 0 1 22 60 0.850657
8 0 2 20 96 -1
8 0 2 20 97 0.0881981
8 0 2 21 96 0.970875
8 0 2 21 97 -1
8 0 2 22 96 -1
8 0 2 22 97 0.702913
8 0 3 20 128 -1
8 0 3 21 128 0.809654
8 0 3 22 128 -1
8 0 4 20 158 -1
8 0 4 20 159 -1
8 0 4 21 158 -1
8 0 4 21 159 0.927888
8 0 4 22 158 0.793593
8 0 4 22 159 -1
8 1 2 59 96 -1
8 1 2 59 97 -1
8 1 2 60 96 -1
8 1 2 60 97 0.846501
8 1 3 59 128 -1
8 1 3 60 128 -1
8 1 4 59 158 -1
8 1 4 59 159 -1
8 1 4 60 158 0.694
8 1 4 60 159 -1
8 2 3 96 128 0.777294
8 2 3 97 128 -1
8 2 4 96 158 -1
8 2 4 96 159 0.886347
8 2 4 97 158 0.610798
8 2 4 97 159 -1
8 3 4 128 158 0.138936
8 3 4 128 159 0.861064
9 0 1 23 61 -1
9 0 1 24 61 0.89843
9 0 2 23 98 -1
9 0 2 23 99 -1
9 0 2 24 98 -1
9 0 2 24 99 0.840564
9 0 3 23 129 -1
9 0 3 23 130 -1
9 0 3 24 129 0.949641
9 0 3 24 130 -1
9 0 4 23 160 -1
9 0 4 23 161 0.959203
9 0 4 24 160 -1
9 0 4 24 161 -1
9 1 2 61 98 -1
9 1 2 61 99 0.875848
9 1 3 61 129 0.263132
9 1 3 61 130 0.236774
9 1 4 61 160 -1
9 1 4 61 161 -1
9 2 3 98 129 -1
9 2 3 98 130 0.953317
9 2 3 99 129 0.363981
9 2 3 99 130 -1
9 2 4 98 160 0.911864
9 2 4 98 161 0.0881364
9 2 4 99 160 -1
9 2 4 99 161 -1
9 3 4 129 160 -1
9 3 4 129 161 -1
9 3 4 130 160 0.679985
9 3 4 130 161 0.320015
10 0 1 25 62 0.680248
10 0 1 26 62 0.319752
10 0 2 25 100 -1
10 0 2 25 101 0.93123
10 0 2 26 100 0.884132
10 0 2 26 101 -1
10 0 3 25 131 -1
10 0 3 26 131 -1
10 1 2 62 100 0.47117
10 1 2 62 101 0.52883
10 1 3 62 131 -1
10 2 3 100 131 -1
10 2 3 101 131 -1
11 0 1 27 63 0.896494
11 0 2 27 102 -1
11 0 3 27 132 -1
11 0 4 27 162 0.437428
11 0 4 27 163 0.562572
11 1 2 63 102 0.275328
11 1 3 63 132 0.0761756
11 1 4 63 162 0.208165
11 1 4 63 163 0.791835
11 2 3 102 132 0.854355
11 2 4 102 162 0.771817
11 2 4 102 163 0.228183
11 3 4 132 162 0.563178
11 3 4 132 163 0.436822
12 0 1 28 64 -1
12 0 1 28 65 0.0460202
12 0 1 29 64 0.580739
12 0 1 29 65 0.24237
12 0 1 30 64 0.248196
12 0 1 30 65 0.43461
12 0 2 28 103 0.846323
12 0 2 28 104 -1
12 0 2 29 103 -1
12 0 2 29 104 0.207206
12 0 2 30 103 -1
12 0 2 30 104 0.901141
12 0 3 28 133 0.961286
12 0 3 28 134 -1
12 0 3 28 135 -1
12 0 3 29 133 -1
12 0 3 29 134 0.358817
12 0 3 29 135 0.968685
12 0 3 30 133 -1
12 0 3 30 134 0.267499
12 0 3 30 135 -1
12 0 4 28 164 0.290604
12 0 4 29 164 0.302995
12 0 4 30 164 0.406401
12 1 2 64 103 -1
12 1 2 64 104 -1
12 1 2 65 103 -1
12 1 2 65 104 0.995741
12 1 3 64 133 -1
12 1 3 64 134 0.562554
12 1 3 64 135 -1
12 1 3 65 133 -1
12 1 3 65 134 -1
12 1 3 65 135 -1
12 1 4 64 164 -1
12 1 4 65 164 0.957909
12 2 3 103 133 0.903479
12 2 3 103 134 -1
12 2 3 103 135 -1
12 2 3 104 133 -1
12 2 3 104 134 0.0387265
12 2 3 104 135 -1
12 2 4 103 164 -1
12 2 4 104 164 0.989578
12 3 4 133 164 0.568492
12 3 4 134 164 -1
12 3 4 135 164 -1
13 0 1 31 66 0.250504
13 0 1 31 67 -1
13 0 1 32 66 0.294998
13 0 1 32 67 0.607269
13 0 2 31 105 0.934402
13 0 2 31 106 -1
13 0 2 32 105 -1
13 0 2 32 106 0.673964
13 0 3 31 136 0.989452
13 0 3 32 136 -1
13 0 4 31 165 -1
13 0 4 31 166 0.901031
13 0 4 32 165 0.72162
13 0 4 32 166 -1
13 1 2 66 105 0.0456417
13 1 2 66 106 -1
13 1 2 67 105 -1
13 1 2 67 106 0.744132
13 1 3 66 136 0.684691
13 1 3 67 136 -1
13 1 4 66 165 -1
13 1 4 66 166 -1
13 1 4 67 165 0.57418
13 1 4 67 166 0.42582
13 2 3 105 136 0.945553
13 2 3 106 136 -1
13 2 4 105 165 0.287154
13 2 4 105 166 0.599258
13 2 4 106 165 0.623416
13 2 4 106 166 0.112149
13 3 4 136 165 -1
13 3 4 136 166 0.773564
14 0 1 33 68 0.970333
14 0 1 33 69 -1
14 0 1 34 68 -1
14 0 1 34 69 -1
14 0 1 35 68 -1
14 0 1 35 69 0.8598
14 0 2 33 107 -1
14 0 2 33 108 0.995005
14 0 2 34 107 0.844793
14 0 2 34 108 -1
14 0 2 35 107 -1
14 0 2 35 108 0.879307
14 0 3 33 137 -1
14 0 3 34 137 0.865735
14 0 3 35 137 -1
14 0 4 33 167 -1
14 0 4 33 168 -1
14 0 4 34 167 -1
14 0 4 34 168 0.915406
14 0 4 35 167 0.861001
14 0 4 35 168 -1
14 1 2 68 107 -1
14 1 2 68 108 -1
14 1 2 69 107 -1
14 1 2 69 108 0.911561
14 1 3 68 137 -1
14 1 3 69 137 -1
14 1 4 68 167 -1
14 1 4 68 168 -1
14 1 4 69 167 0.748807
14 1 4 69 168 -1
14 2 3 107 137 0.978883
14 2 3 108 137 -1
14 2 4 107 167 -1
14 2 4 107 168 0.79038
14 2 4 108 167 0.810339
14 2 4 108 168 -1
14 3 4 137 167 0.133594
14 3 4 137 168 0.81236
15 0 1 36 70 0.707219
15 0 1 36 71 -1
15 0 2 36 109 -1
15 0 2 36 110 -1
15 0 3 36 138 -1
15 0 4 36 169 0.423016
15 0 4 36 170 0.576984
15 1 2 70 109 0.923131
15 1 2 70 110 -1
15 1 2 71 109 -1
15 1 2 71 110 0.754187
15 1 3 70 138 -1
15 1 3 71 138 -1
15 1 4 70 169 0.329228
15 1 4 70 170 0.670772
15 1 4 71 169 -1
15 1 4 71 170 -1
15 2 3 109 138 0.996963
15 2 3 110 138 -1
15 2 4 109 169 0.680928
15 2 4 109 170 0.319072
15 2 4 110 169 -1
15 2 4 110 170 -1
15 3 4 138 169 0.517933
15 3 4 138 170 0.482067
16 0 1 37 72 -1
16 0 1 37 73 -1
16 0 1 38 72 0.737254
16 0 1 38 73 0.262746
16 0 1 39 72 0.085023
16 0 1 39 73 0.786594
16 0 2 37 111 0.893387
16 0 2 37 112 -1
16 0 2 38 111 -1
16 0 2 38 112 0.108568
16 0 2 39 111 -1
16 0 2 39 112 0.972638
16 0 3 37 139 0.858248
16 0 3 38 139 -1
16 0 3 39 139 -1
16 0 4 37 171 -1
16 0 4 38 171 -1
16 0 4 39 171 0.935554
16 1 2 72 111 -1
16 1 2 72 112 -1
16 1 2 73 111 -1
16 1 2 73 112 0.87268
16 1 3 72 139 -1
16 1 3 73 139 -1
16 1 4 72 171 -1
16 1 4 73 171 0.863269
16 2 3 111 139 0.99408
16 2 3 112 139 -1
16 2 4 111 171 -1
16 2 4 112 171 0.789659
16 3 4 139 171 0.440649
17 0 1 40 74 0.903548
17 0 1 40 75 -1
17 0 1 41 74 -1
17 0 1 41 75 0.521482
17 0 2 40 113 -1
17 0 2 40 114 0.635681
17 0 2 41 113 0.958601
17 0 2 41 114 -1
17 0 3 40 140 -1
17 0 3 41 140 0.60625
17 0 4 40 172 -1
17 0 4 41 172 -1
17 1 2 74 113 -1
17 1 2 74 114 -1
17 1 2 75 113 -1
17 1 2 75 114 0.962177
17 1 3 74 140 -1
17 1 3 75 140 -1
17 1 4 74 172 -1
17 1 4 75 172 0.876639
17 2 3 113 140 0.663632
17 2 3 114 140 -1
17 2 4 113 172 -1
17 2 4 114 172 0.783427
17 3 4 140 172 0.432134
18 0 1 42 76 -1
18 0 1 42 77 0.860161
18 0 1 42 78 -1
18 0 1 43 76 -1
18 0 1 43 77 -1
18 0 1 43 78 -1
18 0 2 42 115 -1
18 0 2 42 116 -1
18 0 2 43 115 0.853266
18 0 2 43 116 -1
18 0 3 42 141 -1
18 0 3 43 141 0.995549
18 0 4 42 173 -1
18 0 4 42 174 -1
18 0 4 43 173 -1
18 0 4 43 174 0.682504
18 1 2 76 115 -1
18 1 2 76 116 -1
18 1 2 77 115 -1
18 1 2 77 116 -1
18 1 2 78 115 0.191697
18 1 2 78 116 0.750204
18 1 3 76 141 0.652314
18 1 3 77 141 -1
18 1 3 78 141 -1
18 1 4 76 173 -1
18 1 4 76 174 -1
18 1 4 77 173 -1
18 1 4 77 174 -1
18 1 4 78 173 0.57285
18 1 4 78 174 0.42715
18 2 3 115 141 0.861773
18 2 3 116 141 -1
18 2 4 115 173 -1
18 2 4 115 174 0.833482
18 2 4 116 173 0.928356
18 2 4 116 174 -1
18 3 4 141 173 -1
18 3 4 141 174 0.383942
end of Frame 120
