J OverallIdx viewIdx joint种类0-18(jointIdx) 该joint在图中的顺序(candidix) x y score
0 0 0 0 499.211 385.895 0.689369
1 0 0 1 344.839 430.201 0.584424
2 0 1 0 344.82 208.711 0.881346
3 0 1 1 510.349 210.963 0.8498
4 0 2 0 479.508 385.904 0.659705
5 0 2 1 387.028 430.142 0.592431
6 0 3 0 521.535 385.886 0.671497
7 0 3 1 299.975 432.262 0.555181
8 0 4 0 457.17 156.012 0.905551
9 0 5 0 406.612 210.929 0.826665
10 0 5 1 482.28 212.927 0.789258
11 0 6 0 277.644 198.239 0.828292
12 0 6 1 546.791 210.92 0.856216
13 0 7 0 499.106 516.655 0.72585
14 0 7 1 370.054 603.105 0.749774
15 0 8 0 527.22 522.924 0.759313
16 0 8 1 266.456 609.382 0.705112
17 0 9 0 370.059 126.404 0.938514
18 0 10 0 300.076 126.631 0.909581
19 0 10 1 504.759 145.473 0.932456
20 0 11 0 440.362 331.063 0.863723
21 0 12 0 605.71 278.469 0.869019
22 0 12 1 257.875 331.149 0.843537
23 0 13 0 507.564 632.502 0.83655
24 0 13 1 350.679 759.111 0.582589
25 0 14 0 549.59 649.539 0.789213
26 0 14 1 255.209 763.341 0.572406
27 0 15 0 412.241 400.636 0.718783
28 0 16 0 549.61 331.133 0.868535
29 0 16 1 252.366 428.028 0.632546
30 0 17 0 513.206 687.413 0.746179
31 0 18 0 448.689 649.49 0.783203
32 0 18 1 308.472 761.267 0.172961
33 1 0 0 207.438 383.808 0.67425
34 1 0 1 544.093 379.563 0.823199
35 1 0 2 647.77 394.36 0.663299
36 1 1 0 212.96 208.748 0.917402
37 1 1 1 639.53 227.63 0.686566
38 1 1 2 546.812 246.689 0.922934
39 1 2 0 168.114 385.889 0.682223
40 1 2 1 513.156 379.542 0.791633
41 1 2 2 656.165 394.338 0.566096
42 1 3 0 241.184 383.76 0.675784
43 1 3 1 572.017 379.607 0.84096
44 1 3 2 642.195 396.379 0.73825
45 1 4 0 190.58 139.184 0.916073
46 1 4 1 591.794 183.467 0.183309
47 1 4 2 527.188 194.098 0.991142
48 1 5 0 148.698 200.33 0.817808
49 1 5 1 642.169 225.579 0.521635
50 1 5 2 504.683 246.66 0.909464
51 1 6 0 269.197 210.926 0.828973
52 1 6 1 642.213 227.716 0.882836
53 1 6 2 588.845 244.713 0.878105
54 1 7 0 524.455 482.895 0.870558
55 1 7 1 190.569 529.203 0.804011
56 1 7 2 658.997 522.939 0.743927
57 1 8 0 572.241 480.852 0.861848
58 1 8 1 616.96 520.809 0.603982
59 1 8 2 235.649 529.22 0.788528
60 1 10 0 235.623 128.69 0.88227
61 1 10 1 611.238 177.141 0.833746
62 1 10 2 555.241 193.898 0.827566
63 1 11 0 123.362 293.16 0.865021
64 1 11 1 459.935 295.114 0.979197
65 1 12 0 614.125 293.16 0.843022
66 1 12 1 302.741 297.289 0.812879
67 1 12 2 664.588 322.608 0.859939
68 1 13 0 527.115 571.493 0.84034
69 1 13 1 210.182 634.697 0.790399
70 1 13 2 659.068 638.974 0.769651
71 1 14 0 577.677 573.592 0.796785
72 1 14 1 608.513 651.558 0.767444
73 1 14 2 243.991 683.263 0.667256
74 1 15 0 490.717 335.275 0.855151
75 1 15 1 117.71 377.43 0.827817
76 1 16 0 594.513 331.073 0.95735
77 1 16 1 344.969 379.494 0.762148
78 1 16 2 617.109 385.873 0.836344
79 1 17 0 574.956 598.762 0.466244
80 1 17 1 546.819 653.711 0.782642
81 1 17 2 238.41 733.851 0.700193
82 1 18 0 496.317 594.664 0.784259
83 1 18 1 611.388 619.927 0.198669
84 1 18 2 213.149 670.559 0.679079
85 2 0 0 412.141 288.893 0.762794
86 2 0 1 681.386 364.787 0.691494
87 2 0 2 543.998 670.56 0.409653
88 2 1 0 392.768 128.678 0.90274
89 2 1 1 706.573 213.038 0.874473
90 2 1 2 535.582 478.655 0.633145
91 2 2 0 378.565 293.08 0.744314
92 2 2 1 653.437 360.551 0.641837
93 2 2 2 504.801 683.249 0.411989
94 2 3 0 437.468 282.562 0.77499
95 2 3 1 706.576 371.117 0.700747
96 2 3 2 577.681 657.905 0.402126
97 2 4 0 417.982 92.8802 0.921168
98 2 4 1 642.132 160.329 0.915129
99 2 4 2 647.769 447.114 0.903819
100 2 5 0 347.75 143.286 0.834516
101 2 5 1 661.798 198.225 0.837603
102 2 5 2 499.216 514.567 0.583107
103 2 6 0 440.213 122.243 0.862963
104 2 6 1 748.755 229.881 0.839371
105 2 6 2 572.007 442.824 0.405964
106 2 7 0 372.921 394.264 0.829869
107 2 7 1 630.93 463.956 0.475189
108 2 8 0 434.661 381.66 0.841045
109 2 8 1 681.391 480.844 0.705986
110 2 8 2 597.258 765.398 0.318314
111 2 9 0 375.773 76.0231 0.835108
112 2 9 1 572.08 413.225 0.869078
113 2 10 0 689.925 164.454 0.863843
114 2 11 0 280.558 210.771 0.926425
115 2 11 1 644.965 263.533 0.863676
116 2 11 2 456.979 638.954 0.754052
117 2 12 0 459.895 162.378 0.877324
118 2 12 1 768.346 324.769 0.877194
119 2 12 2 591.738 516.622 0.299877
120 2 13 0 370.152 478.713 0.866877
121 2 13 1 614.04 560.883 0.358177
122 2 14 0 429.008 455.492 0.775387
123 2 14 1 661.976 579.871 0.791976
124 2 15 0 344.847 261.351 0.913378
125 2 15 1 622.594 328.991 0.650313
126 2 15 2 527.107 744.357 0.801222
127 2 16 0 465.504 223.521 0.842446
128 2 16 1 709.631 379.641 0.889901
129 2 16 2 619.837 550.444 0.655398
130 2 17 0 456.996 478.593 0.565277
131 2 17 1 630.964 617.808 0.656009
132 2 18 0 375.871 516.662 0.747718
133 2 18 1 639.307 558.77 0.151858
134 3 0 0 574.975 341.6 0.752011
135 3 0 1 302.83 371.123 0.673592
136 3 0 2 874.989 390.126 0.542609
137 3 1 0 883.408 166.578 0.850123
138 3 1 1 280.425 187.693 0.789976
139 3 1 2 569.203 193.981 0.917491
140 3 2 0 549.546 343.676 0.744558
141 3 2 1 286.029 375.3 0.643203
142 3 2 2 908.573 394.352 0.533768
143 3 3 0 611.32 339.511 0.705733
144 3 3 1 319.706 369.014 0.585292
145 3 3 2 841.296 383.811 0.546804
146 3 4 0 975.802 94.9855 0.588602
147 3 4 1 330.903 126.409 0.890516
148 3 4 2 532.856 141.303 0.894521
149 3 5 0 939.502 164.538 0.727338
150 3 5 1 260.747 191.898 0.81393
151 3 5 2 518.844 196.056 0.851345
152 3 6 0 821.682 168.655 0.762998
153 3 6 1 300.041 181.348 0.680688
154 3 6 2 616.808 191.899 0.886301
155 3 7 0 552.566 463.986 0.84117
156 3 7 1 294.43 514.49 0.701337
157 3 7 2 866.596 560.933 0.624558
158 3 8 0 617.072 463.895 0.842302
159 3 8 1 305.786 510.279 0.732894
160 3 8 2 889.026 550.397 0.671761
161 3 9 0 933.901 78.0501 0.864364
162 3 9 1 280.328 120.186 0.885644
163 3 10 0 577.687 130.725 0.867553
164 3 11 0 218.825 267.843 0.817105
165 3 11 1 501.896 276.162 0.882661
166 3 11 2 947.877 295.238 0.757441
167 3 12 0 639.206 267.826 0.845081
168 3 12 1 793.684 278.429 0.626323
169 3 13 0 572.199 563.037 0.856263
170 3 13 1 277.692 651.608 0.795007
171 3 13 2 799.177 719.049 0.671854
172 3 14 0 630.947 575.662 0.768947
173 3 14 1 305.698 615.799 0.843452
174 3 14 2 905.661 683.228 0.770512
175 3 15 0 277.541 326.867 0.889414
176 3 15 1 521.545 337.389 0.813903
177 3 15 2 995.463 396.391 0.841666
178 3 16 0 622.636 331.108 0.817882
179 3 16 1 782.394 377.402 0.544279
180 3 17 0 625.345 607.275 0.72992
181 3 17 1 370.083 617.831 0.884259
182 3 17 2 939.505 683.248 0.659512
183 3 18 0 586.094 594.67 0.801058
184 3 18 1 344.841 676.84 0.78705
185 3 18 2 804.841 752.774 0.422798
186 4 0 0 975.966 263.561 0.703898
187 4 0 1 658.994 335.281 0.544337
188 4 1 0 978.84 111.847 0.853012
189 4 1 1 664.633 113.839 0.860789
190 4 2 0 1029.2 261.542 0.633406
191 4 2 1 706.59 337.411 0.547161
192 4 3 0 936.716 263.587 0.655136
193 4 3 1 611.361 331.057 0.495917
194 4 4 0 633.72 78.071 0.802831
195 4 5 0 591.725 113.931 0.165149
196 4 5 1 1029.21 111.743 0.72248
197 4 5 2 731.902 111.815 0.834025
198 4 6 0 597.342 113.864 0.834498
199 4 6 1 931.132 113.89 0.868112
200 4 7 0 992.706 377.466 0.810744
201 4 7 1 695.456 516.638 0.761579
202 4 8 0 919.788 364.834 0.771339
203 4 8 1 583.344 417.531 0.319048
204 4 8 2 616.91 510.3 0.735033
205 4 9 0 709.444 42.067 0.833448
206 4 9 1 987.141 54.858 0.496794
207 4 9 2 591.763 73.7545 0.80053
208 4 10 0 645.076 40.0784 0.484869
209 4 10 1 933.83 58.9345 0.811933
210 4 11 0 816.106 208.798 0.899878
211 4 12 0 908.519 194.078 0.917708
212 4 12 1 530.044 210.776 0.912723
213 4 13 0 992.716 495.526 0.784758
214 4 13 1 574.875 512.413 0.152339
215 4 13 2 689.874 659.98 0.769817
216 4 14 0 908.681 466.021 0.859162
217 4 14 1 577.76 514.562 0.54313
218 4 14 2 600.137 641.029 0.73599
219 4 15 0 757.145 276.143 0.844888
220 4 16 0 860.953 253.035 0.829151
221 4 16 1 588.85 274.112 0.806459
222 4 17 0 894.555 461.739 0.555437
223 4 17 1 611.326 645.249 0.43095
224 4 18 0 953.568 503.992 0.678929
225 4 18 1 740.299 649.408 0.722284
P viewIdx, pafIdx, aOverAllIdx, bOverAllIdx, CandidAIdx, CandidBIdx, score
0 0 2 0 0 0 0
0 0 2 1 0 1 0.991044
0 0 3 0 1 0 0.984651
0 0 3 1 1 1 0
0 1 4 13 0 0 0.98956
0 1 4 14 0 1 0
0 1 5 13 1 0 0
0 1 5 14 1 1 0.983369
0 2 13 23 0 0 0.990272
0 2 13 24 0 1 0
0 2 14 23 1 0 0
0 2 14 24 1 1 0.953851
0 3 0 4 0 0 0.922586
0 3 0 5 0 1 0
0 3 1 4 1 0 0
0 3 1 5 1 1 0.877629
0 4 0 6 0 0 0.920518
0 4 0 7 0 1 0
0 4 1 6 1 0 0
0 4 1 7 1 1 0.879639
0 5 6 15 0 0 0.986219
0 5 6 16 0 1 0
0 5 7 15 1 0 0
0 5 7 16 1 1 0.96555
0 6 15 25 0 0 0.999214
0 6 15 26 0 1 0
0 6 16 25 1 0 0
0 6 16 26 1 1 0.97961
0 7 2 9 0 0 0.995434
0 7 2 10 0 1 0
0 7 3 9 1 0 0
0 7 3 10 1 1 0.981032
0 8 9 20 0 0 0.987078
0 8 10 20 1 0 0
0 9 20 27 0 0 0.959074
0 10 9 17 0 0 0.99664
0 10 10 17 1 0 0
0 11 2 11 0 0 0.98868
0 11 2 12 0 1 0
0 11 3 11 1 0 0
0 11 3 12 1 1 0.993342
0 12 11 21 0 0 0
0 12 11 22 0 1 0.9808
0 12 12 21 1 0 0.990014
0 12 12 22 1 1 0
0 13 21 28 0 0 0.956272
0 13 21 29 0 1 0
0 13 22 28 1 0 0
0 13 22 29 1 1 0.984192
0 14 11 18 0 0 0.990278
0 14 11 19 0 1 0
0 14 12 18 1 0 0
0 14 12 19 1 1 0.992303
0 15 2 8 0 0 0
0 15 3 8 1 0 0.99367
0 16 25 30 0 0 0.943654
0 16 26 30 1 0 0
0 17 23 31 0 0 0.964112
0 17 23 32 0 1 0
0 17 24 31 1 0 0
0 17 24 32 1 1 0.728838
1 0 36 33 0 0 0.991416
1 0 36 34 0 1 0
1 0 36 35 0 2 0
1 0 37 33 1 0 0
1 0 37 34 1 1 0
1 0 37 35 1 2 0.922665
1 0 38 33 2 0 0
1 0 38 34 2 1 0.990463
1 0 38 35 2 2 0
1 1 39 54 0 0 0
1 1 39 55 0 1 0.996312
1 1 39 56 0 2 0
1 1 40 54 1 0 0.987844
1 1 40 55 1 1 0
1 1 40 56 1 2 0
1 1 41 54 2 0 0
1 1 41 55 2 1 0
1 1 41 56 2 2 0.963149
1 2 54 68 0 0 0.99817
1 2 54 69 0 1 0
1 2 54 70 0 2 0
1 2 55 68 1 0 0
1 2 55 69 1 1 0.99257
1 2 55 70 1 2 0
1 2 56 68 2 0 0
1 2 56 69 2 1 0
1 2 56 70 2 2 0.988281
1 3 33 39 0 0 0.911145
1 3 33 40 0 1 0
1 3 33 41 0 2 0
1 3 34 39 1 0 0
1 3 34 40 1 1 0.975533
1 3 34 41 1 2 0
1 3 35 39 2 0 0
1 3 35 40 2 1 0
1 3 35 41 2 2 0.760774
1 4 33 42 0 0 0.914526
1 4 33 43 0 1 0
1 4 33 44 0 2 0
1 4 34 42 1 0 0
1 4 34 43 1 1 0.97152
1 4 34 44 1 2 0
1 4 35 42 2 0 0
1 4 35 43 2 1 0
1 4 35 44 2 2 0.745111
1 5 42 57 0 0 0
1 5 42 58 0 1 0
1 5 42 59 0 2 0.992138
1 5 43 57 1 0 0.271802
1 5 43 58 1 1 0.25628
1 5 43 59 1 2 0
1 5 44 57 2 0 0.25581
1 5 44 58 2 1 0.272197
1 5 44 59 2 2 0
1 6 57 71 0 0 0.256767
1 6 57 72 0 1 0.251382
1 6 57 73 0 2 0
1 6 58 71 1 0 0.251353
1 6 58 72 1 1 0.256751
1 6 58 73 1 2 0
1 6 59 71 2 0 0
1 6 59 72 2 1 0
1 6 59 73 2 2 0.99721
1 7 36 48 0 0 0.991663
1 7 36 49 0 1 0
1 7 36 50 0 2 0
1 7 37 48 1 0 0
1 7 37 49 1 1 0.684255
1 7 37 50 1 2 0
1 7 38 48 2 0 0
1 7 38 49 2 1 0
1 7 38 50 2 2 0.989032
1 8 48 63 0 0 0.97667
1 8 48 64 0 1 0
1 8 49 63 1 0 0
1 8 49 64 1 1 0
1 8 50 63 2 0 0
1 8 50 64 2 1 0.990321
1 9 63 74 0 0 0
1 9 63 75 0 1 0.991312
1 9 64 74 1 0 0.9863
1 9 64 75 1 1 0
1 11 36 51 0 0 0.995365
1 11 36 52 0 1 0
1 11 36 53 0 2 0
1 11 37 51 1 0 0
1 11 37 52 1 1 0.684255
1 11 37 53 1 2 0
1 11 38 51 2 0 0
1 11 38 52 2 1 0
1 11 38 53 2 2 0.99602
1 12 51 65 0 0 0
1 12 51 66 0 1 0.999323
1 12 51 67 0 2 0
1 12 52 65 1 0 0.251664
1 12 52 66 1 1 0
1 12 52 67 1 2 0.267697
1 12 53 65 2 0 0.267439
1 12 53 66 2 1 0
1 12 53 67 2 2 0.252008
1 13 65 76 0 0 0.287097
1 13 65 77 0 1 0
1 13 65 78 0 2 0.257239
1 13 66 76 1 0 0
1 13 66 77 1 1 0.994056
1 13 66 78 1 2 0
1 13 67 76 2 0 0.255202
1 13 67 77 2 1 0
1 13 67 78 2 2 0.28713
1 14 51 60 0 0 0.999213
1 14 51 61 0 1 0
1 14 51 62 0 2 0
1 14 52 60 1 0 0
1 14 52 61 1 1 0.271172
1 14 52 62 1 2 0.249152
1 14 53 60 2 0 0
1 14 53 61 2 1 0.249322
1 14 53 62 2 2 0.271218
1 15 36 45 0 0 0.991398
1 15 36 46 0 1 0
1 15 36 47 0 2 0
1 15 37 45 1 0 0
1 15 37 46 1 1 0.62085
1 15 37 47 1 2 0
1 15 38 45 2 0 0
1 15 38 46 2 1 0
1 15 38 47 2 2 0.984196
1 16 71 79 0 0 0.884828
1 16 71 80 0 1 0
1 16 71 81 0 2 0
1 16 72 79 1 0 0
1 16 72 80 1 1 0.966738
1 16 72 81 1 2 0
1 16 73 79 2 0 0
1 16 73 80 2 1 0
1 16 73 81 2 2 0.939081
1 17 68 82 0 0 0.96622
1 17 68 83 0 1 0
1 17 68 84 0 2 0
1 17 69 82 1 0 0
1 17 69 83 1 1 0
1 17 69 84 1 2 0.976195
1 17 70 82 2 0 0
1 17 70 83 2 1 0.736498
1 17 70 84 2 2 0
2 0 88 85 0 0 0.995737
2 0 88 86 0 1 0
2 0 88 87 0 2 0
2 0 89 85 1 0 0
2 0 89 86 1 1 0.986844
2 0 89 87 1 2 0
2 0 90 85 2 0 0
2 0 90 86 2 1 0
2 0 90 87 2 2 0.95184
2 1 91 106 0 0 0.984511
2 1 91 107 0 1 0
2 1 92 106 1 0 0
2 1 92 107 1 1 0.940128
2 1 93 106 2 0 0
2 1 93 107 2 1 0
2 2 106 120 0 0 0.997593
2 2 106 121 0 1 0
2 2 107 120 1 0 0
2 2 107 121 1 1 0.885056
2 3 85 91 0 0 0.956259
2 3 85 92 0 1 0
2 3 85 93 0 2 0
2 3 86 91 1 0 0
2 3 86 92 1 1 0.948406
2 3 86 93 1 2 0
2 3 87 91 2 0 0
2 3 87 92 2 1 0
2 3 87 93 2 2 0.827341
2 4 85 94 0 0 0.933203
2 4 85 95 0 1 0
2 4 85 96 0 2 0
2 4 86 94 1 0 0
2 4 86 95 1 1 0.938914
2 4 86 96 1 2 0
2 4 87 94 2 0 0
2 4 87 95 2 1 0
2 4 87 96 2 2 0.833511
2 5 94 108 0 0 0.994956
2 5 94 109 0 1 0
2 5 94 110 0 2 0
2 5 95 108 1 0 0
2 5 95 109 1 1 0.991536
2 5 95 110 1 2 0
2 5 96 108 2 0 0
2 5 96 109 2 1 0
2 5 96 110 2 2 0.924372
2 6 108 122 0 0 0.987139
2 6 108 123 0 1 0
2 6 109 122 1 0 0
2 6 109 123 1 1 0.988342
2 6 110 122 2 0 0
2 6 110 123 2 1 0
2 7 88 100 0 0 0.970028
2 7 88 101 0 1 0
2 7 88 102 0 2 0
2 7 89 100 1 0 0
2 7 89 101 1 1 0.993444
2 7 89 102 1 2 0
2 7 90 100 2 0 0
2 7 90 101 2 1 0
2 7 90 102 2 2 0.912738
2 8 100 114 0 0 0.977592
2 8 100 115 0 1 0
2 8 100 116 0 2 0
2 8 101 114 1 0 0
2 8 101 115 1 1 0.966042
2 8 101 116 1 2 0
2 8 102 114 2 0 0
2 8 102 115 2 1 0
2 8 102 116 2 2 0.975156
2 9 114 124 0 0 0.986329
2 9 114 125 0 1 0
2 9 114 126 0 2 0
2 9 115 124 1 0 0
2 9 115 125 1 1 0.953491
2 9 115 126 1 2 0
2 9 116 124 2 0 0
2 9 116 125 2 1 0
2 9 116 126 2 2 0.999473
2 10 100 111 0 0 0.959323
2 10 100 112 0 1 0
2 10 101 111 1 0 0
2 10 101 112 1 1 0
2 10 102 111 2 0 0
2 10 102 112 2 1 0.940567
2 11 88 103 0 0 0.985792
2 11 88 104 0 1 0
2 11 88 105 0 2 0
2 11 89 103 1 0 0
2 11 89 104 1 1 0.995931
2 11 89 105 1 2 0
2 11 90 103 2 0 0
2 11 90 104 2 1 0
2 11 90 105 2 2 0.900555
2 12 103 117 0 0 0.999758
2 12 103 118 0 1 0
2 12 103 119 0 2 0
2 12 104 117 1 0 0
2 12 104 118 1 1 0.992253
2 12 104 119 1 2 0
2 12 105 117 2 0 0
2 12 105 118 2 1 0
2 12 105 119 2 2 0.823976
2 13 117 127 0 0 0.994216
2 13 117 128 0 1 0
2 13 117 129 0 2 0
2 13 118 127 1 0 0
2 13 118 128 1 1 0.974325
2 13 118 129 1 2 0
2 13 119 127 2 0 0
2 13 119 128 2 1 0
2 13 119 129 2 2 0.885359
2 14 103 113 0 0 0
2 14 104 113 1 0 0.985941
2 14 105 113 2 0 0
2 15 88 97 0 0 0.941927
2 15 88 98 0 1 0
2 15 88 99 0 2 0
2 15 89 97 1 0 0
2 15 89 98 1 1 0.991887
2 15 89 99 1 2 0
2 15 90 97 2 0 0
2 15 90 98 2 1 0
2 15 90 99 2 2 0.942419
2 16 122 130 0 0 0.984479
2 16 122 131 0 1 0
2 16 123 130 1 0 0
2 16 123 131 1 1 0.948657
2 17 120 132 0 0 0.959232
2 17 120 133 0 1 0
2 17 121 132 1 0 0
2 17 121 133 1 1 0
3 0 137 134 0 0 0
3 0 137 135 0 1 0
3 0 137 136 0 2 0.974345
3 0 138 134 1 0 0
3 0 138 135 1 1 0.963207
3 0 138 136 1 2 0
3 0 139 134 2 0 0.994392
3 0 139 135 2 1 0
3 0 139 136 2 2 0
3 1 140 155 0 0 0.999832
3 1 140 156 0 1 0
3 1 140 157 0 2 0
3 1 141 155 1 0 0
3 1 141 156 1 1 0.950476
3 1 141 157 1 2 0
3 1 142 155 2 0 0
3 1 142 156 2 1 0
3 1 142 157 2 2 0.955469
3 2 155 169 0 0 0.980022
3 2 155 170 0 1 0
3 2 155 171 0 2 0
3 2 156 169 1 0 0
3 2 156 170 1 1 0.990434
3 2 156 171 1 2 0
3 2 157 169 2 0 0
3 2 157 170 2 1 0
3 2 157 171 2 2 0.955887
3 3 134 140 0 0 0.937635
3 3 134 141 0 1 0
3 3 134 142 0 2 0
3 3 135 140 1 0 0
3 3 135 141 1 1 0.896674
3 3 135 142 1 2 0
3 3 136 140 2 0 0
3 3 136 141 2 1 0
3 3 136 142 2 2 0.888945
3 4 134 143 0 0 0.941881
3 4 134 144 0 1 0
3 4 134 145 0 2 0
3 4 135 143 1 0 0
3 4 135 144 1 1 0.884309
3 4 135 145 1 2 0
3 4 136 143 2 0 0
3 4 136 144 2 1 0
3 4 136 145 2 2 0.880357
3 5 143 158 0 0 0.989588
3 5 143 159 0 1 0
3 5 143 160 0 2 0
3 5 144 158 1 0 0
3 5 144 159 1 1 0.946564
3 5 144 160 1 2 0
3 5 145 158 2 0 0
3 5 145 159 2 1 0
3 5 145 160 2 2 0.941021
3 6 158 172 0 0 0.999822
3 6 158 173 0 1 0
3 6 158 174 0 2 0
3 6 159 172 1 0 0
3 6 159 173 1 1 0.991691
3 6 159 174 1 2 0
3 6 160 172 2 0 0
3 6 160 173 2 1 0
3 6 160 174 2 2 0.98322
3 7 137 149 0 0 0.969686
3 7 137 150 0 1 0
3 7 137 151 0 2 0
3 7 138 149 1 0 0
3 7 138 150 1 1 0.960829
3 7 138 151 1 2 0
3 7 139 149 2 0 0
3 7 139 150 2 1 0
3 7 139 151 2 2 0.996554
3 8 149 164 0 0 0
3 8 149 165 0 1 0
3 8 149 166 0 2 0.976266
3 8 150 164 1 0 0.952372
3 8 150 165 1 1 0
3 8 150 166 1 2 0
3 8 151 164 2 0 0
3 8 151 165 2 1 0.998145
3 8 151 166 2 2 0
3 9 164 175 0 0 0.986368
3 9 164 176 0 1 0
3 9 164 177 0 2 0
3 9 165 175 1 0 0
3 9 165 176 1 1 0.989199
3 9 165 177 1 2 0
3 9 166 175 2 0 0
3 9 166 176 2 1 0
3 9 166 177 2 2 0.994721
3 10 149 161 0 0 0.974742
3 10 149 162 0 1 0
3 10 150 161 1 0 0
3 10 150 162 1 1 0.98357
3 10 151 161 2 0 0
3 10 151 162 2 1 0
3 11 137 152 0 0 0.983836
3 11 137 153 0 1 0
3 11 137 154 0 2 0
3 11 138 152 1 0 0
3 11 138 153 1 1 0.941761
3 11 138 154 1 2 0
3 11 139 152 2 0 0
3 11 139 153 2 1 0
3 11 139 154 2 2 0.99916
3 12 152 167 0 0 0
3 12 152 168 0 1 0.942474
3 12 153 167 1 0 0
3 12 153 168 1 1 0
3 12 154 167 2 0 0.991254
3 12 154 168 2 1 0
3 13 167 178 0 0 0.972273
3 13 167 179 0 1 0
3 13 168 178 1 0 0
3 13 168 179 1 1 0.923126
3 14 152 163 0 0 0
3 14 153 163 1 0 0
3 14 154 163 2 0 0.987755
3 15 137 146 0 0 0.901815
3 15 137 147 0 1 0
3 15 137 148 0 2 0
3 15 138 146 1 0 0
3 15 138 147 1 1 0.955608
3 15 138 148 1 2 0
3 15 139 146 2 0 0
3 15 139 147 2 1 0
3 15 139 148 2 2 0.992202
3 16 172 180 0 0 0.963344
3 16 172 181 0 1 0
3 16 172 182 0 2 0
3 16 173 180 1 0 0
3 16 173 181 1 1 0.997074
3 16 173 182 1 2 0
3 16 174 180 2 0 0
3 16 174 181 2 1 0
3 16 174 182 2 2 0.912442
3 17 169 183 0 0 0.996734
3 17 169 184 0 1 0
3 17 169 185 0 2 0
3 17 170 183 1 0 0
3 17 170 184 1 1 0.97747
3 17 170 185 1 2 0
3 17 171 183 2 0 0
3 17 171 184 2 1 0
3 17 171 185 2 2 0.870449
4 0 188 186 0 0 0.993231
4 0 188 187 0 1 0
4 0 189 186 1 0 0
4 0 189 187 1 1 0.99254
4 1 190 200 0 0 0.98973
4 1 190 201 0 1 0
4 1 191 200 1 0 0
4 1 191 201 1 1 0.970255
4 2 200 213 0 0 0.98772
4 2 200 214 0 1 0
4 2 200 215 0 2 0
4 2 201 213 1 0 0
4 2 201 214 1 1 0
4 2 201 215 1 2 0.990391
4 3 186 190 0 0 0.91496
4 3 186 191 0 1 0
4 3 187 190 1 0 0
4 3 187 191 1 1 0.865279
4 4 186 192 0 0 0.92195
4 4 186 193 0 1 0
4 4 187 192 1 0 0
4 4 187 193 1 1 0.860951
4 5 192 202 0 0 0.960417
4 5 192 203 0 1 0
4 5 192 204 0 2 0
4 5 193 202 1 0 0
4 5 193 203 1 1 0.481506
4 5 193 204 1 2 0.518494
4 6 202 216 0 0 0.995273
4 6 202 217 0 1 0
4 6 202 218 0 2 0
4 6 203 216 1 0 0
4 6 203 217 1 1 0.502325
4 6 203 218 1 2 0.274813
4 6 204 216 2 0 0
4 6 204 217 2 1 0
4 6 204 218 2 2 0.535595
4 7 188 195 0 0 0
4 7 188 196 0 1 0.988477
4 7 188 197 0 2 0
4 7 189 195 1 0 0
4 7 189 196 1 1 0
4 7 189 197 1 2 0.98704
4 8 195 210 0 0 0
4 8 196 210 1 0 0
4 8 197 210 2 0 0.990093
4 9 210 219 0 0 0.984035
4 10 195 205 0 0 0
4 10 195 206 0 1 0
4 10 195 207 0 2 0.873622
4 10 196 205 1 0 0
4 10 196 206 1 1 0.920915
4 10 196 207 1 2 0
4 10 197 205 2 0 0.994488
4 10 197 206 2 1 0
4 10 197 207 2 2 0
4 11 188 198 0 0 0
4 11 188 199 0 1 0.981051
4 11 189 198 1 0 0.97779
4 11 189 199 1 1 0
4 12 198 211 0 0 0
4 12 198 212 0 1 0.971456
4 12 199 211 1 0 0.978267
4 12 199 212 1 1 0
4 13 211 220 0 0 0.984806
4 13 211 221 0 1 0
4 13 212 220 1 0 0
4 13 212 221 1 1 0.989253
4 14 198 208 0 0 0.834262
4 14 198 209 0 1 0
4 14 199 208 1 0 0
4 14 199 209 1 1 0.986533
4 15 188 194 0 0 0
4 15 189 194 1 0 0
4 16 216 222 0 0 0.884967
4 16 216 223 0 1 0
4 16 217 222 1 0 0
4 16 217 223 1 1 0
4 16 218 222 2 0 0
4 16 218 223 2 1 0.557204
4 17 213 224 0 0 0.890273
4 17 213 225 0 1 0
4 17 214 224 1 0 0
4 17 214 225 1 1 0
4 17 215 224 2 0 0
4 17 215 225 2 1 0.927337
E jointIdx viewA viewB aOverAllIdx bOverallIdx score
0 0 1 0 33 0.160568
0 0 1 0 34 0.494715
0 0 1 0 35 0.184536
0 0 1 1 33 -1
0 0 1 1 34 0.25294
0 0 1 1 35 0.721336
0 0 2 0 85 0.942566
0 0 2 0 86 -1
0 0 2 0 87 -1
0 0 2 1 85 -1
0 0 2 1 86 0.85005
0 0 2 1 87 -1
0 0 3 0 134 -1
0 0 3 0 135 0.987753
0 0 3 0 136 -1
0 0 3 1 134 0.926527
0 0 3 1 135 -1
0 0 3 1 136 -1
0 0 4 0 186 -1
0 0 4 0 187 0.625344
0 0 4 1 186 -1
0 0 4 1 187 0.374656
0 1 2 33 85 -1
0 1 2 33 86 -1
0 1 2 33 87 0.694433
0 1 2 34 85 0.938341
0 1 2 34 86 0.13732
0 1 2 34 87 -1
0 1 2 35 85 -1
0 1 2 35 86 0.812932
0 1 2 35 87 -1
0 1 3 33 134 -1
0 1 3 33 135 -1
0 1 3 33 136 0.988157
0 1 3 34 134 0.946591
0 1 3 34 135 0.901931
0 1 3 34 136 -1
0 1 3 35 134 0.955435
0 1 3 35 135 0.979893
0 1 3 35 136 -1
0 1 4 33 186 0.900188
0 1 4 33 187 -1
0 1 4 34 186 -1
0 1 4 34 187 0.912925
0 1 4 35 186 -1
0 1 4 35 187 -1
0 2 3 85 134 -1
0 2 3 85 135 0.913313
0 2 3 85 136 -1
0 2 3 86 134 0.938668
0 2 3 86 135 -1
0 2 3 86 136 -1
0 2 3 87 134 -1
0 2 3 87 135 -1
0 2 3 87 136 0.567389
0 2 4 85 186 -1
0 2 4 85 187 0.993695
0 2 4 86 186 -1
0 2 4 86 187 -1
0 2 4 87 186 0.716615
0 2 4 87 187 -1
0 3 4 134 186 0.22175
0 3 4 134 187 -1
0 3 4 135 186 0.230471
0 3 4 135 187 0.558547
0 3 4 136 186 0.395631
0 3 4 136 187 -1
1 0 1 2 36 0.223874
1 0 1 2 37 0.287479
1 0 1 2 38 0.242677
1 0 1 3 36 0.000943001
1 0 1 3 37 0.304748
1 0 1 3 38 0.364749
1 0 2 2 88 -1
1 0 2 2 89 0.981467
1 0 2 2 90 -1
1 0 2 3 88 0.982237
1 0 2 3 89 -1
1 0 2 3 90 -1
1 0 3 2 137 -1
1 0 3 2 138 0.448557
1 0 3 2 139 0.538198
1 0 3 3 137 -1
1 0 3 3 138 0.551443
1 0 3 3 139 0.461802
1 0 4 2 188 0.408466
1 0 4 2 189 0.294225
1 0 4 3 188 0.282329
1 0 4 3 189 0.390566
1 1 2 36 88 -1
1 1 2 36 89 -1
1 1 2 36 90 0.725502
1 1 2 37 88 -1
1 1 2 37 89 0.905034
1 1 2 37 90 -1
1 1 2 38 88 0.960403
1 1 2 38 89 -1
1 1 2 38 90 -1
1 1 3 36 137 0.552384
1 1 3 36 138 0.102276
1 1 3 36 139 0.139851
1 1 3 37 137 0.157816
1 1 3 37 138 0.208438
1 1 3 37 139 0.249428
1 1 3 38 137 -1
1 1 3 38 138 0.532727
1 1 3 38 139 0.414502
1 1 4 36 188 0.997789
1 1 4 36 189 -1
1 1 4 37 188 -1
1 1 4 37 189 0.0927319
1 1 4 38 188 -1
1 1 4 38 189 0.837066
1 2 3 88 137 -1
1 2 3 88 138 0.870503
1 2 3 88 139 -1
1 2 3 89 137 -1
1 2 3 89 138 -1
1 2 3 89 139 0.934711
1 2 3 90 137 0.70137
1 2 3 90 138 -1
1 2 3 90 139 -1
1 2 4 88 188 -1
1 2 4 88 189 0.931913
1 2 4 89 188 -1
1 2 4 89 189 0.648376
1 2 4 90 188 0.891077
1 2 4 90 189 -1
1 3 4 137 188 0.190967
1 3 4 137 189 0.21073
1 3 4 138 188 0.188443
1 3 4 138 189 0.213608
1 3 4 139 188 0.227235
1 3 4 139 189 0.16939
2 0 1 4 39 0.133957
2 0 1 4 40 0.557581
2 0 1 4 41 0.179884
2 0 1 5 39 -1
2 0 1 5 40 0.150258
2 0 1 5 41 0.725861
2 0 2 4 91 0.898565
2 0 2 4 92 -1
2 0 2 4 93 -1
2 0 2 5 91 -1
2 0 2 5 92 0.64638
2 0 2 5 93 -1
2 0 3 4 140 -1
2 0 3 4 141 0.818187
2 0 3 4 142 -1
2 0 3 5 140 0.877356
2 0 3 5 141 -1
2 0 3 5 142 -1
2 0 4 4 190 -1
2 0 4 4 191 0.536689
2 0 4 5 190 -1
2 0 4 5 191 0.463311
2 1 2 39 91 -1
2 1 2 39 92 -1
2 1 2 39 93 0.924217
2 1 2 40 91 0.810449
2 1 2 40 92 -1
2 1 2 40 93 -1
2 1 2 41 91 -1
2 1 2 41 92 0.515113
2 1 2 41 93 -1
2 1 3 39 140 -1
2 1 3 39 141 -1
2 1 3 39 142 0.926573
2 1 3 40 140 0.798215
2 1 3 40 141 0.788838
2 1 3 40 142 -1
2 1 3 41 140 0.938936
2 1 3 41 141 0.883716
2 1 3 41 142 -1
2 1 4 39 190 0.884853
2 1 4 39 191 -1
2 1 4 40 190 -1
2 1 4 40 191 0.890951
2 1 4 41 190 -1
2 1 4 41 191 -1
2 2 3 91 140 -1
2 2 3 91 141 0.896557
2 2 3 91 142 -1
2 2 3 92 140 0.82341
2 2 3 92 141 -1
2 2 3 92 142 -1
2 2 3 93 140 -1
2 2 3 93 141 -1
2 2 3 93 142 0.856458
2 2 4 91 190 -1
2 2 4 91 191 0.912481
2 2 4 92 190 -1
2 2 4 92 191 -1
2 2 4 93 190 0.247222
2 2 4 93 191 -1
2 3 4 140 190 0.22408
2 3 4 140 191 -1
2 3 4 141 190 0.255571
2 3 4 141 191 0.536119
2 3 4 142 190 0.358296
2 3 4 142 191 -1
3 0 1 6 42 0.223359
3 0 1 6 43 0.458359
3 0 1 6 44 0.16401
3 0 1 7 42 -1
3 0 1 7 43 0.311513
3 0 1 7 44 0.753645
3 0 2 6 94 0.829024
3 0 2 6 95 -1
3 0 2 6 96 -1
3 0 2 7 94 -1
3 0 2 7 95 0.947852
3 0 2 7 96 -1
3 0 3 6 143 -1
3 0 3 6 144 0.790177
3 0 3 6 145 -1
3 0 3 7 143 0.856029
3 0 3 7 144 -1
3 0 3 7 145 -1
3 0 4 6 192 -1
3 0 4 6 193 0.835006
3 0 4 7 192 -1
3 0 4 7 193 0.00501651
3 1 2 42 94 -1
3 1 2 42 95 -1
3 1 2 42 96 0.563005
3 1 2 43 94 0.97201
3 1 2 43 95 0.392767
3 1 2 43 96 -1
3 1 2 44 94 0.132011
3 1 2 44 95 0.970353
3 1 2 44 96 -1
3 1 3 42 143 -1
3 1 3 42 144 -1
3 1 3 42 145 0.985705
3 1 3 43 143 0.897183
3 1 3 43 144 0.963763
3 1 3 43 145 -1
3 1 3 44 143 0.972378
3 1 3 44 144 0.93322
3 1 3 44 145 -1
3 1 4 42 192 0.807952
3 1 4 42 193 -1
3 1 4 43 192 -1
3 1 4 43 193 0.823416
3 1 4 44 192 -1
3 1 4 44 193 -1
3 2 3 94 143 -1
3 2 3 94 144 0.930822
3 2 3 94 145 -1
3 2 3 95 143 0.809769
3 2 3 95 144 -1
3 2 3 95 145 -1
3 2 3 96 143 -1
3 2 3 96 144 -1
3 2 3 96 145 0.226879
3 2 4 94 192 -1
3 2 4 94 193 0.829908
3 2 4 95 192 -1
3 2 4 95 193 -1
3 2 4 96 192 0.99565
3 2 4 96 193 -1
3 3 4 143 192 0.222148
3 3 4 143 193 -1
3 3 4 144 192 0.215841
3 3 4 144 193 0.579542
3 3 4 145 192 0.427463
3 3 4 145 193 0.143373
4 0 1 8 45 -1
4 0 1 8 46 0.557332
4 0 1 8 47 0.910155
4 0 2 8 97 0.891916
4 0 2 8 98 0.41071
4 0 2 8 99 -1
4 0 3 8 146 -1
4 0 3 8 147 0.992708
4 0 3 8 148 0.445957
4 0 4 8 194 0.846738
4 1 2 45 97 -1
4 1 2 45 98 -1
4 1 2 45 99 0.940247
4 1 2 46 97 -1
4 1 2 46 98 0.901339
4 1 2 46 99 -1
4 1 2 47 97 0.97791
4 1 2 47 98 0.176211
4 1 2 47 99 -1
4 1 3 45 146 0.826966
4 1 3 45 147 -1
4 1 3 45 148 -1
4 1 3 46 146 -1
4 1 3 46 147 0.693484
4 1 3 46 148 0.817873
4 1 3 47 146 -1
4 1 3 47 147 0.910393
4 1 3 47 148 0.99748
4 1 4 45 194 -1
4 1 4 46 194 0.877735
4 1 4 47 194 -1
4 2 3 97 146 -1
4 2 3 97 147 0.855402
4 2 3 97 148 -1
4 2 3 98 146 -1
4 2 3 98 147 -1
4 2 3 98 148 0.98172
4 2 3 99 146 0.924474
4 2 3 99 147 -1
4 2 3 99 148 -1
4 2 4 97 194 0.96043
4 2 4 98 194 0.912242
4 2 4 99 194 -1
4 3 4 146 194 0.312684
4 3 4 147 194 0.261366
4 3 4 148 194 0.42595
5 0 1 9 48 -1
5 0 1 9 49 0.541083
5 0 1 9 50 0.479444
5 0 1 10 48 -1
5 0 1 10 49 0.458917
5 0 1 10 50 0.520556
5 0 2 9 100 0.369031
5 0 2 9 101 0.704598
5 0 2 9 102 -1
5 0 2 10 100 0.630969
5 0 2 10 101 0.295402
5 0 2 10 102 -1
5 0 3 9 149 -1
5 0 3 9 150 0.473593
5 0 3 9 151 0.503511
5 0 3 10 149 -1
5 0 3 10 150 0.526407
5 0 3 10 151 0.496489
5 0 4 9 195 0.220173
5 0 4 9 196 0.25449
5 0 4 9 197 0.229308
5 0 4 10 195 0.246263
5 0 4 10 196 0.214435
5 0 4 10 197 0.237791
5 1 2 48 100 -1
5 1 2 48 101 -1
5 1 2 48 102 0.838213
5 1 2 49 100 -1
5 1 2 49 101 0.662213
5 1 2 49 102 -1
5 1 2 50 100 0.999514
5 1 2 50 101 -1
5 1 2 50 102 -1
5 1 3 48 149 0.841345
5 1 3 48 150 0.0107641
5 1 3 48 151 0.0891256
5 1 3 49 149 0.12955
5 1 3 49 150 0.247031
5 1 3 49 151 0.333976
5 1 3 50 149 -1
5 1 3 50 150 0.721927
5 1 3 50 151 0.540789
5 1 4 48 195 -1
5 1 4 48 196 0.850088
5 1 4 48 197 -1
5 1 4 49 195 0.829487
5 1 4 49 196 -1
5 1 4 49 197 -1
5 1 4 50 195 -1
5 1 4 50 196 -1
5 1 4 50 197 0.962515
5 2 3 100 149 -1
5 2 3 100 150 0.976949
5 2 3 100 151 -1
5 2 3 101 149 -1
5 2 3 101 150 -1
5 2 3 101 151 0.97298
5 2 3 102 149 0.857076
5 2 3 102 150 -1
5 2 3 102 151 -1
5 2 4 100 195 -1
5 2 4 100 196 -1
5 2 4 100 197 0.852621
5 2 4 101 195 0.6027
5 2 4 101 196 -1
5 2 4 101 197 -1
5 2 4 102 195 -1
5 2 4 102 196 0.857991
5 2 4 102 197 -1
5 3 4 149 195 0.150287
5 3 4 149 196 0.127022
5 3 4 149 197 0.150964
5 3 4 150 195 0.150396
5 3 4 150 196 0.135102
5 3 4 150 197 0.141584
5 3 4 151 195 0.11893
5 3 4 151 196 0.169268
5 3 4 151 197 0.129927
6 0 1 11 51 0.341729
6 0 1 11 52 0.258731
6 0 1 11 53 0.168099
6 0 1 12 51 0.00805633
6 0 1 12 52 0.243172
6 0 1 12 53 0.386228
6 0 2 11 103 -1
6 0 2 11 104 0.990996
6 0 2 11 105 -1
6 0 2 12 103 0.943494
6 0 2 12 104 -1
6 0 2 12 105 -1
6 0 3 11 152 -1
6 0 3 11 153 0.39282
6 0 3 11 154 0.56911
6 0 3 12 152 -1
6 0 3 12 153 0.60718
6 0 3 12 154 0.43089
6 0 4 11 198 0.3259
6 0 4 11 199 0.469036
6 0 4 12 198 0.442831
6 0 4 12 199 0.320166
6 1 2 51 103 -1
6 1 2 51 104 -1
6 1 2 51 105 0.683504
6 1 2 52 103 -1
6 1 2 52 104 0.9857
6 1 2 52 105 -1
6 1 2 53 103 0.949248
6 1 2 53 104 0.156669
6 1 2 53 105 -1
6 1 3 51 152 0.364244
6 1 3 51 153 0.112924
6 1 3 51 154 0.137671
6 1 3 52 152 0.144224
6 1 3 52 153 0.190614
6 1 3 52 154 0.205238
6 1 3 53 152 0.044777
6 1 3 53 153 0.253258
6 1 3 53 154 0.211603
6 1 4 51 198 -1
6 1 4 51 199 0.999894
6 1 4 52 198 0.73988
6 1 4 52 199 -1
6 1 4 53 198 0.841042
6 1 4 53 199 -1
6 2 3 103 152 -1
6 2 3 103 153 0.965401
6 2 3 103 154 -1
6 2 3 104 152 -1
6 2 3 104 153 -1
6 2 3 104 154 0.868359
6 2 3 105 152 0.467232
6 2 3 105 153 -1
6 2 3 105 154 -1
6 2 4 103 198 0.840231
6 2 4 103 199 -1
6 2 4 104 198 0.561885
6 2 4 104 199 -1
6 2 4 105 198 -1
6 2 4 105 199 0.788471
6 3 4 152 198 0.210344
6 3 4 152 199 0.20534
6 3 4 153 198 0.241391
6 3 4 153 199 0.178065
6 3 4 154 198 0.157718
6 3 4 154 199 0.251572
7 0 1 13 54 0.941718
7 0 1 13 55 0.87764
7 0 1 13 56 -1
7 0 1 14 54 -1
7 0 1 14 55 -1
7 0 1 14 56 0.947143
7 0 2 13 106 0.957578
7 0 2 13 107 -1
7 0 2 14 106 -1
7 0 2 14 107 0.842694
7 0 3 13 155 -1
7 0 3 13 156 0.97606
7 0 3 13 157 -1
7 0 3 14 155 0.914948
7 0 3 14 156 -1
7 0 3 14 157 -1
7 0 4 13 200 -1
7 0 4 13 201 0.600023
7 0 4 14 200 -1
7 0 4 14 201 0.399977
7 1 2 54 106 0.729353
7 1 2 54 107 0.270647
7 1 2 55 106 -1
7 1 2 55 107 -1
7 1 2 56 106 -1
7 1 2 56 107 0.392704
7 1 3 54 155 0.953725
7 1 3 54 156 0.827959
7 1 3 54 157 -1
7 1 3 55 155 -1
7 1 3 55 156 -1
7 1 3 55 157 0.882572
7 1 3 56 155 0.870607
7 1 3 56 156 0.893697
7 1 3 56 157 -1
7 1 4 54 200 -1
7 1 4 54 201 0.892636
7 1 4 55 200 0.862068
7 1 4 55 201 -1
7 1 4 56 200 -1
7 1 4 56 201 -1
7 2 3 106 155 -1
7 2 3 106 156 0.95934
7 2 3 106 157 -1
7 2 3 107 155 0.868047
7 2 3 107 156 -1
7 2 3 107 157 -1
7 2 4 106 200 -1
7 2 4 106 201 0.864034
7 2 4 107 200 -1
7 2 4 107 201 -1
7 3 4 155 200 0.0554138
7 3 4 155 201 -1
7 3 4 156 200 0.372485
7 3 4 156 201 0.552196
7 3 4 157 200 0.572102
7 3 4 157 201 -1
8 0 1 15 57 0.93604
8 0 1 15 58 -1
8 0 1 15 59 0.903032
8 0 1 16 57 -1
8 0 1 16 58 0.74973
8 0 1 16 59 -1
8 0 2 15 108 0.813115
8 0 2 15 109 -1
8 0 2 15 110 -1
8 0 2 16 108 -1
8 0 2 16 109 0.720311
8 0 2 16 110 -1
8 0 3 15 158 -1
8 0 3 15 159 0.770613
8 0 3 15 160 -1
8 0 3 16 158 0.987838
8 0 3 16 159 -1
8 0 3 16 160 -1
8 0 4 15 202 -1
8 0 4 15 203 0.477042
8 0 4 15 204 0.591362
8 0 4 16 202 -1
8 0 4 16 203 -1
8 0 4 16 204 -1
8 1 2 57 108 0.930421
8 1 2 57 109 0.977185
8 1 2 57 110 -1
8 1 2 58 108 0.978607
8 1 2 58 109 0.935778
8 1 2 58 110 -1
8 1 2 59 108 -1
8 1 2 59 109 -1
8 1 2 59 110 0.921102
8 1 3 57 158 0.25932
8 1 3 57 159 0.749009
8 1 3 57 160 -1
8 1 3 58 158 0.760319
8 1 3 58 159 0.562836
8 1 3 58 160 -1
8 1 3 59 158 -1
8 1 3 59 159 -1
8 1 3 59 160 0.65589
8 1 4 57 202 -1
8 1 4 57 203 -1
8 1 4 57 204 0.892804
8 1 4 58 202 -1
8 1 4 58 203 0.482366
8 1 4 58 204 0.0673698
8 1 4 59 202 0.793655
8 1 4 59 203 -1
8 1 4 59 204 -1
8 2 3 108 158 -1
8 2 3 108 159 0.987567
8 2 3 108 160 -1
8 2 3 109 158 0.703193
8 2 3 109 159 -1
8 2 3 109 160 -1
8 2 3 110 158 -1
8 2 3 110 159 -1
8 2 3 110 160 0.892333
8 2 4 108 202 -1
8 2 4 108 203 -1
8 2 4 108 204 0.742057
8 2 4 109 202 -1
8 2 4 109 203 0.9703
8 2 4 109 204 -1
8 2 4 110 202 0.793628
8 2 4 110 203 -1
8 2 4 110 204 -1
8 3 4 158 202 0.318808
8 3 4 158 203 0.628315
8 3 4 158 204 -1
8 3 4 159 202 0.00327637
8 3 4 159 203 -1
8 3 4 159 204 0.87076
8 3 4 160 202 0.677915
8 3 4 160 203 0.155032
8 3 4 160 204 -1
9 0 2 17 111 0.628745
9 0 2 17 112 -1
9 0 3 17 161 -1
9 0 3 17 162 -1
9 0 4 17 205 0.950124
9 0 4 17 206 -1
9 0 4 17 207 0.991915
9 2 3 111 161 -1
9 2 3 111 162 0.83591
9 2 3 112 161 0.876916
9 2 3 112 162 -1
9 2 4 111 205 0.857499
9 2 4 111 206 -1
9 2 4 111 207 0.823722
9 2 4 112 205 -1
9 2 4 112 206 0.990447
9 2 4 112 207 -1
9 3 4 161 205 0.214633
9 3 4 161 206 0.267445
9 3 4 161 207 0.159659
9 3 4 162 205 0.254551
9 3 4 162 206 0.207628
9 3 4 162 207 0.196898
10 0 1 18 60 0.227893
10 0 1 18 61 0.327924
10 0 1 18 62 0.184128
10 0 1 19 60 -1
10 0 1 19 61 0.349175
10 0 1 19 62 0.634565
10 0 2 18 113 0.967574
10 0 2 19 113 0.0324261
10 0 3 18 163 0.965346
10 0 3 19 163 -1
10 0 4 18 208 0.254105
10 0 4 18 209 -1
10 0 4 19 208 0.745895
10 0 4 19 209 -1
10 1 2 60 113 -1
10 1 2 61 113 0.933465
10 1 2 62 113 0.163102
10 1 3 60 163 -1
10 1 3 61 163 0.977695
10 1 3 62 163 0.683413
10 1 4 60 208 -1
10 1 4 60 209 0.98866
10 1 4 61 208 0.198505
10 1 4 61 209 -1
10 1 4 62 208 0.906911
10 1 4 62 209 -1
10 2 3 113 163 0.99438
10 2 4 113 208 0.415426
10 2 4 113 209 -1
10 3 4 163 208 0.24963
10 3 4 163 209 0.750371
11 0 1 20 63 -1
11 0 1 20 64 -1
11 0 2 20 114 -1
11 0 2 20 115 0.953052
11 0 2 20 116 -1
11 0 3 20 164 -1
11 0 3 20 165 0.972396
11 0 3 20 166 -1
11 0 4 20 210 -1
11 1 2 63 114 -1
11 1 2 63 115 -1
11 1 2 63 116 0.758854
11 1 2 64 114 0.98411
11 1 2 64 115 -1
11 1 2 64 116 -1
11 1 3 63 164 0.0754018
11 1 3 63 165 0.215951
11 1 3 63 166 0.647655
11 1 3 64 164 0.494702
11 1 3 64 165 0.390094
11 1 3 64 166 0.0496552
11 1 4 63 210 -1
11 1 4 64 210 0.995893
11 2 3 114 164 0.895024
11 2 3 114 165 -1
11 2 3 114 166 -1
11 2 3 115 164 -1
11 2 3 115 165 0.997966
11 2 3 115 166 -1
11 2 3 116 164 -1
11 2 3 116 165 -1
11 2 3 116 166 0.858095
11 2 4 114 210 0.980462
11 2 4 115 210 -1
11 2 4 116 210 -1
11 3 4 164 210 0.332039
11 3 4 165 210 0.321187
11 3 4 166 210 0.346774
12 0 1 21 65 0.36709
12 0 1 21 66 0.440401
12 0 1 21 67 0.0881241
12 0 1 22 65 0.224194
12 0 1 22 66 -1
12 0 1 22 67 0.813759
12 0 2 21 117 0.889211
12 0 2 21 118 -1
12 0 2 21 119 -1
12 0 2 22 117 -1
12 0 2 22 118 0.929976
12 0 2 22 119 -1
12 0 3 21 167 -1
12 0 3 21 168 -1
12 0 3 22 167 0.986515
12 0 3 22 168 -1
12 0 4 21 211 0.344921
12 0 4 21 212 0.367656
12 0 4 22 211 -1
12 0 4 22 212 0.493721
12 1 2 65 117 0.911553
12 1 2 65 118 0.998611
12 1 2 65 119 -1
12 1 2 66 117 -1
12 1 2 66 118 -1
12 1 2 66 119 0.624001
12 1 2 67 117 0.989947
12 1 2 67 118 0.924406
12 1 2 67 119 -1
12 1 3 65 167 0.236779
12 1 3 65 168 0.123959
12 1 3 66 167 0.191033
12 1 3 66 168 0.31572
12 1 3 67 167 0.274676
12 1 3 67 168 0.214055
12 1 4 65 211 -1
12 1 4 65 212 0.925721
12 1 4 66 211 0.87285
12 1 4 66 212 -1
12 1 4 67 211 -1
12 1 4 67 212 0.607417
12 2 3 117 167 -1
12 2 3 117 168 -1
12 2 3 118 167 0.949938
12 2 3 118 168 -1
12 2 3 119 167 -1
12 2 3 119 168 0.434627
12 2 4 117 211 -1
12 2 4 117 212 0.970119
12 2 4 118 211 -1
12 2 4 118 212 0.0927045
12 2 4 119 211 0.919141
12 2 4 119 212 -1
12 3 4 167 211 0.28676
12 3 4 167 212 0.348797
12 3 4 168 211 0.350448
12 3 4 168 212 0.283469
13 0 1 23 68 0.992671
13 0 1 23 69 0.690953
13 0 1 23 70 -1
13 0 1 24 68 -1
13 0 1 24 69 -1
13 0 1 24 70 0.85776
13 0 2 23 120 0.840553
13 0 2 23 121 -1
13 0 2 24 120 -1
13 0 2 24 121 0.841226
13 0 3 23 169 -1
13 0 3 23 170 0.952652
13 0 3 23 171 -1
13 0 3 24 169 0.847693
13 0 3 24 170 -1
13 0 3 24 171 -1
13 0 4 23 213 -1
13 0 4 23 214 0.539838
13 0 4 23 215 0.833883
13 0 4 24 213 -1
13 0 4 24 214 0.460162
13 0 4 24 215 0.166117
13 1 2 68 120 0.442522
13 1 2 68 121 0.557478
13 1 2 69 120 -1
13 1 2 69 121 -1
13 1 2 70 120 -1
13 1 2 70 121 0.0385924
13 1 3 68 169 0.662265
13 1 3 68 170 0.867648
13 1 3 68 171 -1
13 1 3 69 169 -1
13 1 3 69 170 -1
13 1 3 69 171 0.93264
13 1 3 70 169 0.818911
13 1 3 70 170 0.890499
13 1 3 70 171 -1
13 1 4 68 213 -1
13 1 4 68 214 -1
13 1 4 68 215 0.849941
13 1 4 69 213 0.950161
13 1 4 69 214 -1
13 1 4 69 215 -1
13 1 4 70 213 -1
13 1 4 70 214 0.970217
13 1 4 70 215 -1
13 2 3 120 169 -1
13 2 3 120 170 0.891117
13 2 3 120 171 -1
13 2 3 121 169 0.75315
13 2 3 121 170 -1
13 2 3 121 171 -1
13 2 4 120 213 -1
13 2 4 120 214 -1
13 2 4 120 215 0.964244
13 2 4 121 213 -1
13 2 4 121 214 -1
13 2 4 121 215 -1
13 3 4 169 213 -1
13 3 4 169 214 0.974576
13 3 4 169 215 -1
13 3 4 170 213 0.208509
13 3 4 170 214 -1
13 3 4 170 215 0.946989
13 3 4 171 213 0.64376
13 3 4 171 214 -1
13 3 4 171 215 -1
14 0 1 25 71 0.996017
14 0 1 25 72 -1
14 0 1 25 73 -1
14 0 1 26 71 -1
14 0 1 26 72 0.967687
14 0 1 26 73 -1
14 0 2 25 122 0.827978
14 0 2 25 123 -1
14 0 2 26 122 -1
14 0 2 26 123 0.895857
14 0 3 25 172 -1
14 0 3 25 173 0.831595
14 0 3 25 174 -1
14 0 3 26 172 0.770908
14 0 3 26 173 -1
14 0 3 26 174 -1
14 0 4 25 216 -1
14 0 4 25 217 -1
14 0 4 25 218 0.871969
14 0 4 26 216 -1
14 0 4 26 217 -1
14 0 4 26 218 -1
14 1 2 71 122 0.774284
14 1 2 71 123 0.225716
14 1 2 72 122 -1
14 1 2 72 123 0.983054
14 1 2 73 122 -1
14 1 2 73 123 -1
14 1 3 71 172 -1
14 1 3 71 173 0.903978
14 1 3 71 174 -1
14 1 3 72 172 0.762767
14 1 3 72 173 -1
14 1 3 72 174 -1
14 1 3 73 172 -1
14 1 3 73 173 -1
14 1 3 73 174 0.671541
14 1 4 71 216 -1
14 1 4 71 217 -1
14 1 4 71 218 0.949209
14 1 4 72 216 -1
14 1 4 72 217 -1
14 1 4 72 218 0.73294
14 1 4 73 216 0.948135
14 1 4 73 217 -1
14 1 4 73 218 -1
14 2 3 122 172 -1
14 2 3 122 173 0.997896
14 2 3 122 174 -1
14 2 3 123 172 0.66709
14 2 3 123 173 -1
14 2 3 123 174 -1
14 2 4 122 216 -1
14 2 4 122 217 -1
14 2 4 122 218 0.926956
14 2 4 123 216 -1
14 2 4 123 217 0.400926
14 2 4 123 218 -1
14 3 4 172 216 0.161691
14 3 4 172 217 0.914013
14 3 4 172 218 -1
14 3 4 173 216 -1
14 3 4 173 217 -1
14 3 4 173 218 0.891655
14 3 4 174 216 0.88661
14 3 4 174 217 -1
14 3 4 174 218 -1
15 0 1 27 74 -1
15 0 1 27 75 -1
15 0 2 27 124 -1
15 0 2 27 125 0.785892
15 0 2 27 126 -1
15 0 3 27 175 -1
15 0 3 27 176 0.728194
15 0 3 27 177 -1
15 0 4 27 219 -1
15 1 2 74 124 0.941408
15 1 2 74 125 0.063835
15 1 2 74 126 -1
15 1 2 75 124 -1
15 1 2 75 125 -1
15 1 2 75 126 0.818522
15 1 3 74 175 0.971021
15 1 3 74 176 0.459764
15 1 3 74 177 -1
15 1 3 75 175 -1
15 1 3 75 176 -1
15 1 3 75 177 0.862187
15 1 4 74 219 0.942384
15 1 4 75 219 -1
15 2 3 124 175 0.924784
15 2 3 124 176 -1
15 2 3 124 177 -1
15 2 3 125 175 -1
15 2 3 125 176 0.873338
15 2 3 125 177 -1
15 2 3 126 175 -1
15 2 3 126 176 -1
15 2 3 126 177 0.968774
15 2 4 124 219 0.938838
15 2 4 125 219 -1
15 2 4 126 219 -1
15 3 4 175 219 0.364579
15 3 4 176 219 0.296876
15 3 4 177 219 0.338545
16 0 1 28 76 0.955592
16 0 1 28 77 -1
16 0 1 28 78 -1
16 0 1 29 76 -1
16 0 1 29 77 -1
16 0 1 29 78 0.733689
16 0 2 28 127 0.930918
16 0 2 28 128 -1
16 0 2 28 129 -1
16 0 2 29 127 -1
16 0 2 29 128 0.755075
16 0 2 29 129 -1
16 0 3 28 178 -1
16 0 3 28 179 -1
16 0 3 29 178 0.777997
16 0 3 29 179 -1
16 0 4 28 220 -1
16 0 4 28 221 0.491058
16 0 4 29 220 -1
16 0 4 29 221 0.508942
16 1 2 76 127 0.947169
16 1 2 76 128 0.40327
16 1 2 76 129 -1
16 1 2 77 127 -1
16 1 2 77 128 -1
16 1 2 77 129 0.900115
16 1 2 78 127 0.055058
16 1 2 78 128 0.968768
16 1 2 78 129 -1
16 1 3 76 178 -1
16 1 3 76 179 -1
16 1 3 77 178 0.0414999
16 1 3 77 179 0.682231
16 1 3 78 178 0.98523
16 1 3 78 179 -1
16 1 4 76 220 -1
16 1 4 76 221 0.774764
16 1 4 77 220 0.923307
16 1 4 77 221 -1
16 1 4 78 220 -1
16 1 4 78 221 0.509895
16 2 3 127 178 -1
16 2 3 127 179 -1
16 2 3 128 178 0.98539
16 2 3 128 179 -1
16 2 3 129 178 -1
16 2 3 129 179 0.979727
16 2 4 127 220 -1
16 2 4 127 221 0.717459
16 2 4 128 220 -1
16 2 4 128 221 0.611043
16 2 4 129 220 0.921356
16 2 4 129 221 -1
16 3 4 178 220 0.308081
16 3 4 178 221 0.539221
16 3 4 179 220 0.499415
16 3 4 179 221 0.123847
17 0 1 30 79 0.890131
17 0 1 30 80 -1
17 0 1 30 81 -1
17 0 2 30 130 0.868505
17 0 2 30 131 -1
17 0 3 30 180 -1
17 0 3 30 181 0.865558
17 0 3 30 182 -1
17 0 4 30 222 -1
17 0 4 30 223 0.828193
17 1 2 79 130 0.778775
17 1 2 79 131 -1
17 1 2 80 130 -1
17 1 2 80 131 0.909997
17 1 2 81 130 -1
17 1 2 81 131 -1
17 1 3 79 180 -1
17 1 3 79 181 0.923035
17 1 3 79 182 -1
17 1 3 80 180 0.774031
17 1 3 80 181 -1
17 1 3 80 182 -1
17 1 3 81 180 -1
17 1 3 81 181 -1
17 1 3 81 182 0.996013
17 1 4 79 222 -1
17 1 4 79 223 0.942471
17 1 4 80 222 -1
17 1 4 80 223 -1
17 1 4 81 222 0.913807
17 1 4 81 223 -1
17 2 3 130 180 -1
17 2 3 130 181 0.773615
17 2 3 130 182 -1
17 2 3 131 180 0.989943
17 2 3 131 181 -1
17 2 3 131 182 -1
17 2 4 130 222 -1
17 2 4 130 223 0.644307
17 2 4 131 222 -1
17 2 4 131 223 0.096667
17 3 4 180 222 0.892839
17 3 4 180 223 -1
17 3 4 181 222 -1
17 3 4 181 223 0.391843
17 3 4 182 222 0.958869
17 3 4 182 223 -1
18 0 1 31 82 0.926856
18 0 1 31 83 -1
18 0 1 31 84 0.529257
18 0 1 32 82 -1
18 0 1 32 83 0.427714
18 0 1 32 84 -1
18 0 2 31 132 0.977505
18 0 2 31 133 -1
18 0 2 32 132 -1
18 0 2 32 133 0.844156
18 0 3 31 183 -1
18 0 3 31 184 0.763063
18 0 3 31 185 -1
18 0 3 32 183 0.798025
18 0 3 32 184 -1
18 0 3 32 185 -1
18 0 4 31 224 -1
18 0 4 31 225 0.644089
18 0 4 32 224 -1
18 0 4 32 225 0.355911
18 1 2 82 132 0.999543
18 1 2 82 133 -1
18 1 2 83 132 -1
18 1 2 83 133 0.74868
18 1 2 84 132 -1
18 1 2 84 133 -1
18 1 3 82 183 0.700317
18 1 3 82 184 0.867495
18 1 3 82 185 -1
18 1 3 83 183 0.0658943
18 1 3 83 184 0.10574
18 1 3 83 185 -1
18 1 3 84 183 -1
18 1 3 84 184 -1
18 1 3 84 185 0.934797
18 1 4 82 224 -1
18 1 4 82 225 0.824869
18 1 4 83 224 -1
18 1 4 83 225 -1
18 1 4 84 224 0.710131
18 1 4 84 225 -1
18 2 3 132 183 -1
18 2 3 132 184 0.798044
18 2 3 132 185 -1
18 2 3 133 183 0.491294
18 2 3 133 184 -1
18 2 3 133 185 -1
18 2 4 132 224 -1
18 2 4 132 225 0.843816
18 2 4 133 224 -1
18 2 4 133 225 -1
18 3 4 183 224 -1
18 3 4 183 225 -1
18 3 4 184 224 0.00828284
18 3 4 184 225 0.885081
18 3 4 185 224 0.764453
18 3 4 185 225 -1
end of Frame 174
