J OverallIdx viewIdx joint种类0-18(jointIdx) 该joint在图中的顺序(candidix) x y score
0 0 0 0 58.8946 364.836 0.732265
1 0 0 1 504.763 390.104 0.727795
2 0 0 2 302.933 444.955 0.568798
3 0 1 0 288.802 196.136 0.848783
4 0 1 1 58.9409 213.029 0.890394
5 0 1 2 521.522 210.9 0.836037
6 0 2 0 30.7411 364.793 0.689402
7 0 2 1 482.473 390.08 0.690536
8 0 2 2 353.372 442.807 0.548395
9 0 3 0 98.0357 364.85 0.72944
10 0 3 1 524.482 390.096 0.698146
11 0 3 2 255.17 447.046 0.549477
12 0 4 0 459.914 155.981 0.920908
13 0 4 1 112.187 160.181 0.864421
14 0 5 0 370.089 196.094 0.855983
15 0 5 1 485.221 210.922 0.791312
16 0 6 0 213.107 196.098 0.861633
17 0 6 1 549.599 210.845 0.854907
18 0 6 2 117.789 219.318 0.814615
19 0 7 0 30.8904 484.991 0.793651
20 0 7 1 499.17 516.685 0.730847
21 0 7 2 333.671 624.176 0.666493
22 0 8 0 84.0841 485.005 0.800743
23 0 8 1 527.267 527.118 0.790949
24 0 8 2 258.078 630.498 0.674919
25 0 9 0 314.085 111.708 0.846178
26 0 9 1 61.7634 147.642 0.826249
27 0 10 0 235.587 111.835 0.902443
28 0 10 1 504.77 145.475 0.927285
29 0 11 0 482.248 295.168 0.162737
30 0 11 1 417.897 326.894 0.880024
31 0 12 0 608.497 278.37 0.870482
32 0 12 1 123.457 291.017 0.738827
33 0 12 2 190.802 343.704 0.867567
34 0 13 0 30.8844 596.73 0.775649
35 0 13 1 507.569 632.521 0.838498
36 0 13 2 333.749 765.312 0.456145
37 0 14 0 78.5334 594.607 0.817559
38 0 14 1 549.562 649.563 0.772055
39 0 14 2 263.577 767.302 0.266921
40 0 15 0 375.796 413.267 0.718581
41 0 16 0 137.412 314.258 0.520454
42 0 16 1 549.708 333.188 0.872688
43 0 16 2 210.363 444.92 0.714365
44 0 17 0 78.6057 624.148 0.798556
45 0 17 1 513.236 687.457 0.738316
46 0 18 0 36.5467 630.543 0.740977
47 0 18 1 448.687 649.509 0.81534
48 1 0 0 541.272 379.56 0.794027
49 1 0 1 687.094 402.801 0.641853
50 1 0 2 84.1184 432.311 0.640917
51 1 1 0 59.0231 210.839 0.869783
52 1 1 1 168.291 210.894 0.160932
53 1 1 2 681.523 225.541 0.721248
54 1 1 3 543.98 244.678 0.898605
55 1 2 0 510.384 379.583 0.793923
56 1 2 1 701.112 400.682 0.512361
57 1 2 2 33.7429 436.512 0.625836
58 1 3 0 569.287 379.569 0.810223
59 1 3 1 681.511 406.963 0.706575
60 1 3 2 140.24 430.2 0.629103
61 1 4 0 213.006 172.88 0.797758
62 1 4 1 611.308 179.304 0.825452
63 1 4 2 521.574 194.054 0.927203
64 1 5 0 157.031 210.818 0.288064
65 1 5 1 692.644 219.335 0.56244
66 1 5 2 502.003 246.718 0.892689
67 1 6 0 140.221 200.368 0.755099
68 1 6 1 667.428 225.674 0.874445
69 1 6 2 580.46 244.504 0.866482
70 1 7 0 524.437 482.975 0.859829
71 1 7 1 670.241 531.461 0.567472
72 1 7 2 47.6983 617.917 0.71275
73 1 8 0 572.106 482.854 0.877783
74 1 8 1 675.88 535.581 0.675472
75 1 8 2 168.143 594.61 0.758924
76 1 9 0 168.37 160.343 0.872208
77 1 10 0 64.4853 111.725 0.897268
78 1 10 1 642.172 168.679 0.875119
79 1 10 2 552.461 193.958 0.946147
80 1 11 0 459.971 295.187 0.996719
81 1 12 0 619.872 295.127 0.926601
82 1 12 1 182.297 309.915 0.83148
83 1 12 2 684.414 328.956 0.888444
84 1 13 0 527.134 571.499 0.837024
85 1 13 1 120.506 609.383 0.281888
86 1 13 2 681.492 647.376 0.641123
87 1 13 3 56.0879 765.401 0.523411
88 1 14 0 580.453 571.46 0.801374
89 1 14 1 689.878 668.47 0.746816
90 1 14 2 190.586 681.087 0.83343
91 1 15 0 487.96 335.249 0.863535
92 1 16 0 594.664 333.198 0.898521
93 1 16 1 151.429 385.911 0.811608
94 1 16 2 642.124 396.543 0.859034
95 1 17 0 583.285 598.829 0.921521
96 1 17 1 636.513 670.573 0.756577
97 1 17 2 190.82 731.642 0.798849
98 1 18 0 493.601 594.641 0.777714
99 1 18 1 131.827 634.755 0.209632
100 1 18 2 639.382 649.44 0.789753
101 2 0 0 398.18 284.647 0.75263
102 2 0 1 737.535 377.466 0.759312
103 2 0 2 187.903 636.847 0.504089
104 2 1 0 389.78 126.552 0.927131
105 2 1 1 774.104 234.051 0.87244
106 2 1 2 165.369 415.388 0.810047
107 2 1 3 793.563 721.183 0.187558
108 2 2 0 370.216 288.899 0.775902
109 2 2 1 712.264 366.916 0.726258
110 2 2 2 218.733 649.441 0.511166
111 2 3 0 431.808 280.445 0.736234
112 2 3 1 762.8 381.736 0.71829
113 2 3 2 151.45 628.371 0.456705
114 2 4 0 395.487 92.6831 0.938767
115 2 4 1 729.197 191.852 0.9094
116 2 4 2 908.688 752.884 0.70856
117 2 5 0 342.09 137.075 0.79341
118 2 5 1 732.048 213.009 0.787886
119 2 5 2 204.727 449.133 0.620391
120 2 6 0 434.752 115.993 0.862348
121 2 6 1 816.092 257.21 0.822397
122 2 6 2 117.8 379.649 0.761396
123 2 6 3 799.256 617.885 0.37983
124 2 7 0 370.16 392.156 0.828235
125 2 7 1 703.772 463.931 0.825701
126 2 7 2 280.458 735.886 0.839028
127 2 8 0 429.093 379.602 0.804534
128 2 8 1 748.65 476.543 0.794117
129 2 8 2 207.534 716.91 0.7215
130 2 9 0 364.582 75.8283 0.79829
131 2 9 1 235.558 318.422 0.852287
132 2 9 2 821.626 691.626 0.784874
133 2 10 0 420.639 71.66 0.43992
134 2 10 1 790.736 185.567 0.838599
135 2 10 2 140.134 307.885 0.52079
136 2 11 0 274.82 208.676 0.874335
137 2 11 1 723.523 265.729 0.817094
138 2 11 2 22.3971 421.755 0.197364
139 2 11 3 215.949 605.235 0.722073
140 2 12 0 454.277 164.456 0.806361
141 2 12 1 821.812 345.846 0.934032
142 2 13 0 370.146 478.641 0.843381
143 2 13 1 692.702 544.08 0.82063
144 2 14 0 431.796 457.547 0.79601
145 2 14 1 734.732 567.202 0.825863
146 2 15 0 330.882 259.267 0.878479
147 2 15 1 703.962 329.029 0.882561
148 2 15 2 39.3371 495.537 0.264068
149 2 15 3 305.634 630.52 0.818964
150 2 16 0 457.172 221.394 0.844406
151 2 16 1 771.246 396.396 0.921208
152 2 16 2 235.485 472.357 0.571796
153 2 16 3 50.4454 516.665 0.163474
154 2 17 0 471.09 482.914 0.852422
155 2 17 1 698.305 596.738 0.837364
156 2 18 0 375.81 516.582 0.7189
157 2 18 1 642.229 550.418 0.819821
158 3 0 0 619.809 314.261 0.280533
159 3 0 1 291.611 377.467 0.678739
160 3 0 2 726.386 444.92 0.485717
161 3 1 0 706.805 172.925 0.817653
162 3 1 1 611.377 179.246 0.17542
163 3 1 2 263.572 187.69 0.775276
164 3 2 0 591.671 316.298 0.457542
165 3 2 1 277.548 379.554 0.687767
166 3 2 2 782.424 438.596 0.437414
167 3 3 0 656.261 314.157 0.259433
168 3 3 1 305.726 377.418 0.645864
169 3 3 2 667.445 447.043 0.445473
170 3 4 0 314.057 124.371 0.858877
171 3 4 1 616.885 143.32 0.896184
172 3 5 0 802.074 160.346 0.776655
173 3 5 1 243.942 191.93 0.793599
174 3 5 2 575.014 189.764 0.793455
175 3 6 0 283.307 179.315 0.704256
176 3 6 1 619.755 181.362 0.68537
177 3 7 0 594.616 444.964 0.528
178 3 7 1 283.276 514.587 0.767843
179 3 7 2 765.577 634.687 0.680199
180 3 8 0 308.433 508.211 0.753332
181 3 8 1 681.424 655.791 0.700315
182 3 9 0 726.35 61.2227 0.608056
183 3 9 1 258.064 115.945 0.883704
184 3 9 2 594.37 128.698 0.590913
185 3 10 0 633.823 71.7008 0.812442
186 3 10 1 639.278 137.028 0.28161
187 3 11 0 549.602 261.569 0.895892
188 3 11 1 204.72 276.247 0.861173
189 3 11 2 852.519 307.852 0.632649
190 3 12 0 588.959 314.188 0.665677
191 3 13 0 602.949 548.343 0.738837
192 3 13 1 277.673 651.598 0.796544
193 3 13 2 774.012 767.303 0.18634
194 3 14 0 305.772 615.717 0.836745
195 3 15 0 260.734 329.003 0.910653
196 3 15 1 569.304 331.137 0.585246
197 3 15 2 830.095 385.926 0.441692
198 3 15 3 998.253 626.261 0.163168
199 3 16 0 597.295 398.547 0.370204
200 3 16 1 995.513 630.429 0.199639
201 3 17 0 367.421 617.816 0.891391
202 3 18 0 566.476 581.976 0.795151
203 3 18 1 342.109 674.78 0.781357
204 4 0 0 964.714 253.058 0.686782
205 4 0 1 580.503 282.594 0.345853
206 4 0 2 659.053 339.519 0.584753
207 4 1 0 664.638 113.894 0.858461
208 4 1 1 574.972 126.632 0.354284
209 4 1 2 978.718 126.569 0.917343
210 4 2 0 995.421 257.218 0.734144
211 4 2 1 580.48 290.955 0.616691
212 4 2 2 706.629 341.618 0.551864
213 4 3 0 936.66 250.905 0.714024
214 4 3 1 583.315 284.701 0.221199
215 4 3 2 616.885 337.395 0.545211
216 4 4 0 636.546 82.2886 0.843618
217 4 5 0 732.016 113.855 0.820251
218 4 5 1 563.691 128.627 0.745561
219 4 5 2 1029.21 128.7 0.886752
220 4 6 0 600.096 113.855 0.8129
221 4 6 1 936.733 124.436 0.86522
222 4 7 0 970.329 343.725 0.859283
223 4 7 1 574.984 396.404 0.617181
224 4 7 2 701.032 516.672 0.763109
225 4 8 0 911.524 333.161 0.825292
226 4 8 1 608.525 398.523 0.194713
227 4 8 2 617.059 501.887 0.769897
228 4 9 0 709.626 37.8974 0.803858
229 4 9 1 594.359 73.8438 0.970489
230 4 9 2 998.473 84.331 0.800472
231 4 10 0 644.974 33.75 0.372712
232 4 10 1 956.413 77.9942 0.802116
233 4 11 0 1029.21 194.018 0.675714
234 4 11 1 527.181 210.985 0.881244
235 4 11 2 818.821 210.923 0.935765
236 4 12 0 908.678 191.833 0.914192
237 4 12 1 527.311 210.855 0.444004
238 4 13 0 961.887 428.083 0.774858
239 4 13 1 572.229 497.632 0.702742
240 4 13 2 689.912 659.987 0.770036
241 4 14 0 933.777 413.384 0.84581
242 4 14 1 602.915 645.244 0.746491
243 4 15 0 1029.2 248.838 0.514206
244 4 15 1 762.752 278.246 0.850741
245 4 15 2 571.977 278.26 0.868663
246 4 16 0 908.616 229.812 0.916809
247 4 16 1 566.476 263.612 0.178388
248 4 17 0 925.455 455.459 0.675135
249 4 17 1 611.313 645.226 0.357557
250 4 18 0 953.502 444.979 0.400676
251 4 18 1 588.925 518.789 0.257256
252 4 18 2 737.582 647.4 0.731675
P viewIdx, pafIdx, aOverAllIdx, bOverAllIdx, CandidAIdx, CandidBIdx, score
0 0 3 0 0 0 0
0 0 3 1 0 1 0
0 0 3 2 0 2 0.973443
0 0 4 0 1 0 0.999342
0 0 4 1 1 1 0
0 0 4 2 1 2 0
0 0 5 0 2 0 0
0 0 5 1 2 1 0.981411
0 0 5 2 2 2 0
0 1 6 19 0 0 0.990942
0 1 6 20 0 1 0
0 1 6 21 0 2 0
0 1 7 19 1 0 0
0 1 7 20 1 1 0.982252
0 1 7 21 1 2 0
0 1 8 19 2 0 0
0 1 8 20 2 1 0
0 1 8 21 2 2 0.956435
0 2 19 34 0 0 0.992882
0 2 19 35 0 1 0
0 2 19 36 0 2 0
0 2 20 34 1 0 0
0 2 20 35 1 1 0.990367
0 2 20 36 1 2 0
0 2 21 34 2 0 0
0 2 21 35 2 1 0
0 2 21 36 2 2 0.975711
0 3 0 6 0 0 0.929216
0 3 0 7 0 1 0
0 3 0 8 0 2 0
0 3 1 6 1 0 0
0 3 1 7 1 1 0.933717
0 3 1 8 1 2 0
0 3 2 6 2 0 0
0 3 2 7 2 1 0
0 3 2 8 2 2 0.866789
0 4 0 9 0 0 0.930324
0 4 0 10 0 1 0
0 4 0 11 0 2 0
0 4 1 9 1 0 0
0 4 1 10 1 1 0.930691
0 4 1 11 1 2 0
0 4 2 9 2 0 0
0 4 2 10 2 1 0
0 4 2 11 2 2 0.862491
0 5 9 22 0 0 0.986604
0 5 9 23 0 1 0
0 5 9 24 0 2 0
0 5 10 22 1 0 0
0 5 10 23 1 1 0.988571
0 5 10 24 1 2 0
0 5 11 22 2 0 0
0 5 11 23 2 1 0
0 5 11 24 2 2 0.980974
0 6 22 37 0 0 0.998236
0 6 22 38 0 1 0
0 6 22 39 0 2 0
0 6 23 37 1 0 0
0 6 23 38 1 1 0.997261
0 6 23 39 1 2 0
0 6 24 37 2 0 0
0 6 24 38 2 1 0
0 6 24 39 2 2 0.980046
0 7 3 14 0 0 0.984125
0 7 3 15 0 1 0
0 7 4 14 1 0 0
0 7 4 15 1 1 0
0 7 5 14 2 0 0
0 7 5 15 2 1 0.983694
0 8 14 29 0 0 0
0 8 14 30 0 1 0.99949
0 8 15 29 1 0 0.758068
0 8 15 30 1 1 0
0 9 29 40 0 0 0.489126
0 9 30 40 1 0 0.510874
0 10 14 25 0 0 0.987738
0 10 14 26 0 1 0
0 10 15 25 1 0 0
0 10 15 26 1 1 0
0 11 3 16 0 0 0.98499
0 11 3 17 0 1 0
0 11 3 18 0 2 0
0 11 4 16 1 0 0
0 11 4 17 1 1 0
0 11 4 18 1 2 0.994378
0 11 5 16 2 0 0
0 11 5 17 2 1 0.989186
0 11 5 18 2 2 0
0 12 16 31 0 0 0
0 12 16 32 0 1 0
0 12 16 33 0 2 0.966078
0 12 17 31 1 0 0.991283
0 12 17 32 1 1 0
0 12 17 33 1 2 0
0 12 18 31 2 0 0
0 12 18 32 2 1 0.977046
0 12 18 33 2 2 0
0 13 31 41 0 0 0
0 13 31 42 0 1 0.964834
0 13 31 43 0 2 0
0 13 32 41 1 0 0.933383
0 13 32 42 1 1 0
0 13 32 43 1 2 0
0 13 33 41 2 0 0
0 13 33 42 2 1 0
0 13 33 43 2 2 0.985023
0 14 16 27 0 0 0.987345
0 14 16 28 0 1 0
0 14 17 27 1 0 0
0 14 17 28 1 1 0.991859
0 14 18 27 2 0 0
0 14 18 28 2 1 0
0 15 3 12 0 0 0
0 15 3 13 0 1 0
0 15 4 12 1 0 0
0 15 4 13 1 1 0.953693
0 15 5 12 2 0 0.995679
0 15 5 13 2 1 0
0 16 37 44 0 0 0.973934
0 16 37 45 0 1 0
0 16 38 44 1 0 0
0 16 38 45 1 1 0.938206
0 16 39 44 2 0 0
0 16 39 45 2 1 0
0 17 34 46 0 0 0.977146
0 17 34 47 0 1 0
0 17 35 46 1 0 0
0 17 35 47 1 1 0.96466
0 17 36 46 2 0 0
0 17 36 47 2 1 0
1 0 51 48 0 0 0
1 0 51 49 0 1 0
1 0 51 50 0 2 0.981908
1 0 52 48 1 0 0
1 0 52 49 1 1 0
1 0 52 50 1 2 0
1 0 53 48 2 0 0
1 0 53 49 2 1 0.926951
1 0 53 50 2 2 0
1 0 54 48 3 0 0.987486
1 0 54 49 3 1 0
1 0 54 50 3 2 0
1 1 55 70 0 0 0.986597
1 1 55 71 0 1 0
1 1 55 72 0 2 0
1 1 56 70 1 0 0
1 1 56 71 1 1 0.891908
1 1 56 72 1 2 0
1 1 57 70 2 0 0
1 1 57 71 2 1 0
1 1 57 72 2 2 0.973207
1 2 70 84 0 0 0.997819
1 2 70 85 0 1 0
1 2 70 86 0 2 0
1 2 70 87 0 3 0
1 2 71 84 1 0 0
1 2 71 85 1 1 0
1 2 71 86 1 2 0.944269
1 2 71 87 1 3 0
1 2 72 84 2 0 0
1 2 72 85 2 1 0
1 2 72 86 2 2 0
1 2 72 87 2 3 0.982346
1 3 48 55 0 0 0.968767
1 3 48 56 0 1 0
1 3 48 57 0 2 0
1 3 49 55 1 0 0
1 3 49 56 1 1 0.823459
1 3 49 57 1 2 0
1 3 50 55 2 0 0
1 3 50 56 2 1 0
1 3 50 57 2 2 0.898268
1 4 48 58 0 0 0.971497
1 4 48 59 0 1 0
1 4 48 60 0 2 0
1 4 49 58 1 0 0
1 4 49 59 1 1 0.813166
1 4 49 60 1 2 0
1 4 50 58 2 0 0
1 4 50 59 2 1 0
1 4 50 60 2 2 0.904123
1 5 58 73 0 0 0.994797
1 5 58 74 0 1 0
1 5 58 75 0 2 0
1 5 59 73 1 0 0
1 5 59 74 1 1 0.977276
1 5 59 75 1 2 0
1 5 60 73 2 0 0
1 5 60 74 2 1 0
1 5 60 75 2 2 0.989627
1 6 73 88 0 0 0.990941
1 6 73 89 0 1 0
1 6 73 90 0 2 0
1 6 74 88 1 0 0
1 6 74 89 1 1 0.991653
1 6 74 90 1 2 0
1 6 75 88 2 0 0
1 6 75 89 2 1 0
1 6 75 90 2 2 0.994106
1 7 51 64 0 0 0
1 7 51 65 0 1 0
1 7 51 66 0 2 0
1 7 52 64 1 0 0.700109
1 7 52 65 1 1 0
1 7 52 66 1 2 0
1 7 53 64 2 0 0
1 7 53 65 2 1 0.908132
1 7 53 66 2 2 0
1 7 54 64 3 0 0
1 7 54 65 3 1 0
1 7 54 66 3 2 0.992505
1 8 64 80 0 0 0
1 8 65 80 1 0 0
1 8 66 80 2 0 0.982805
1 9 80 91 0 0 0.987314
1 10 64 76 0 0 0.875823
1 10 65 76 1 0 0
1 10 66 76 2 0 0
1 11 51 67 0 0 0.978857
1 11 51 68 0 1 0
1 11 51 69 0 2 0
1 11 52 67 1 0 0
1 11 52 68 1 1 0
1 11 52 69 1 2 0
1 11 53 67 2 0 0
1 11 53 68 2 1 0.949455
1 11 53 69 2 2 0
1 11 54 67 3 0 0
1 11 54 68 3 1 0
1 11 54 69 3 2 0.994471
1 12 67 81 0 0 0
1 12 67 82 0 1 0.994353
1 12 67 83 0 2 0
1 12 68 81 1 0 0.251298
1 12 68 82 1 1 0
1 12 68 83 1 2 0.278639
1 12 69 81 2 0 0.278083
1 12 69 82 2 1 0
1 12 69 83 2 2 0.252908
1 13 81 92 0 0 0.970469
1 13 81 93 0 1 0
1 13 81 94 0 2 0
1 13 82 92 1 0 0
1 13 82 93 1 1 0.967138
1 13 82 94 1 2 0
1 13 83 92 2 0 0
1 13 83 93 2 1 0
1 13 83 94 2 2 0.968536
1 14 67 77 0 0 0.990286
1 14 67 78 0 1 0
1 14 67 79 0 2 0
1 14 68 77 1 0 0
1 14 68 78 1 1 0.996452
1 14 68 79 1 2 0
1 14 69 77 2 0 0
1 14 69 78 2 1 0
1 14 69 79 2 2 0.996478
1 15 51 61 0 0 0
1 15 51 62 0 1 0
1 15 51 63 0 2 0
1 15 52 61 1 0 0.733246
1 15 52 62 1 1 0
1 15 52 63 1 2 0
1 15 53 61 2 0 0
1 15 53 62 2 1 0.969935
1 15 53 63 2 2 0
1 15 54 61 3 0 0
1 15 54 62 3 1 0
1 15 54 63 3 2 0.985579
1 16 88 95 0 0 0.983336
1 16 88 96 0 1 0
1 16 88 97 0 2 0
1 16 89 95 1 0 0
1 16 89 96 1 1 0.952074
1 16 89 97 1 2 0
1 16 90 95 2 0 0
1 16 90 96 2 1 0
1 16 90 97 2 2 0.996125
1 17 84 98 0 0 0.96468
1 17 84 99 0 1 0
1 17 84 100 0 2 0
1 17 85 98 1 0 0
1 17 85 99 1 1 0.728571
1 17 85 100 1 2 0
1 17 86 98 2 0 0
1 17 86 99 2 1 0
1 17 86 100 2 2 0.943415
1 17 87 98 3 0 0
1 17 87 99 3 1 0
1 17 87 100 3 2 0
2 0 104 101 0 0 0.998635
2 0 104 102 0 1 0
2 0 104 103 0 2 0
2 0 105 101 1 0 0
2 0 105 102 1 1 0.958644
2 0 105 103 1 2 0
2 0 106 101 2 0 0
2 0 106 102 2 1 0
2 0 106 103 2 2 0.981203
2 0 107 101 3 0 0
2 0 107 102 3 1 0
2 0 107 103 3 2 0
2 1 108 124 0 0 0.994233
2 1 108 125 0 1 0
2 1 108 126 0 2 0
2 1 109 124 1 0 0
2 1 109 125 1 1 0.992538
2 1 109 126 1 2 0
2 1 110 124 2 0 0
2 1 110 125 2 1 0
2 1 110 126 2 2 0.974245
2 2 124 142 0 0 0.999664
2 2 124 143 0 1 0
2 2 125 142 1 0 0
2 2 125 143 1 1 0.978519
2 2 126 142 2 0 0
2 2 126 143 2 1 0
2 3 101 108 0 0 0.934897
2 3 101 109 0 1 0
2 3 101 110 0 2 0
2 3 102 108 1 0 0
2 3 102 109 1 1 0.97385
2 3 102 110 1 2 0
2 3 103 108 2 0 0
2 3 103 109 2 1 0
2 3 103 110 2 2 0.879793
2 4 101 111 0 0 0.934763
2 4 101 112 0 1 0
2 4 101 113 0 2 0
2 4 102 111 1 0 0
2 4 102 112 1 1 0.976099
2 4 102 113 1 2 0
2 4 103 111 2 0 0
2 4 103 112 2 1 0
2 4 103 113 2 2 0.878485
2 5 111 127 0 0 0.986407
2 5 111 128 0 1 0
2 5 111 129 0 2 0
2 5 112 127 1 0 0
2 5 112 128 1 1 0.988479
2 5 112 129 1 2 0
2 5 113 127 2 0 0
2 5 113 128 2 1 0
2 5 113 129 2 2 0.971051
2 6 127 144 0 0 0.986776
2 6 127 145 0 1 0
2 6 128 144 1 0 0
2 6 128 145 1 1 0.978553
2 6 129 144 2 0 0
2 6 129 145 2 1 0
2 7 104 117 0 0 0.984876
2 7 104 118 0 1 0
2 7 104 119 0 2 0
2 7 105 117 1 0 0
2 7 105 118 1 1 0.997859
2 7 105 119 1 2 0
2 7 106 117 2 0 0
2 7 106 118 2 1 0
2 7 106 119 2 2 0.99003
2 7 107 117 3 0 0
2 7 107 118 3 1 0
2 7 107 119 3 2 0
2 8 117 136 0 0 0.995703
2 8 117 137 0 1 0
2 8 117 138 0 2 0
2 8 117 139 0 3 0
2 8 118 136 1 0 0
2 8 118 137 1 1 0.975325
2 8 118 138 1 2 0
2 8 118 139 1 3 0
2 8 119 136 2 0 0
2 8 119 137 2 1 0
2 8 119 138 2 2 0
2 8 119 139 2 3 0.980105
2 9 136 146 0 0 0.986462
2 9 136 147 0 1 0
2 9 136 148 0 2 0
2 9 136 149 0 3 0
2 9 137 146 1 0 0
2 9 137 147 1 1 0.998456
2 9 137 148 1 2 0
2 9 137 149 1 3 0
2 9 138 146 2 0 0
2 9 138 147 2 1 0
2 9 138 148 2 2 0.79133
2 9 138 149 2 3 0
2 9 139 146 3 0 0
2 9 139 147 3 1 0
2 9 139 148 3 2 0
2 9 139 149 3 3 0.996005
2 10 117 130 0 0 0.976778
2 10 117 131 0 1 0
2 10 117 132 0 2 0
2 10 118 130 1 0 0
2 10 118 131 1 1 0
2 10 118 132 1 2 0
2 10 119 130 2 0 0
2 10 119 131 2 1 0.956375
2 10 119 132 2 2 0
2 11 104 120 0 0 0.977149
2 11 104 121 0 1 0
2 11 104 122 0 2 0
2 11 104 123 0 3 0
2 11 105 120 1 0 0
2 11 105 121 1 1 0.993591
2 11 105 122 1 2 0
2 11 105 123 1 3 0
2 11 106 120 2 0 0
2 11 106 121 2 1 0
2 11 106 122 2 2 0.990975
2 11 106 123 2 3 0
2 11 107 120 3 0 0
2 11 107 121 3 1 0
2 11 107 122 3 2 0
2 11 107 123 3 3 0.800268
2 12 120 140 0 0 0.988978
2 12 120 141 0 1 0
2 12 121 140 1 0 0
2 12 121 141 1 1 0.999971
2 12 122 140 2 0 0
2 12 122 141 2 1 0
2 12 123 140 3 0 0
2 12 123 141 3 1 0
2 13 140 150 0 0 0.988535
2 13 140 151 0 1 0
2 13 140 152 0 2 0
2 13 140 153 0 3 0
2 13 141 150 1 0 0
2 13 141 151 1 1 0.961433
2 13 141 152 1 2 0
2 13 141 153 1 3 0
2 14 120 133 0 0 0.866806
2 14 120 134 0 1 0
2 14 120 135 0 2 0
2 14 121 133 1 0 0
2 14 121 134 1 1 0.999861
2 14 121 135 1 2 0
2 14 122 133 2 0 0
2 14 122 134 2 1 0
2 14 122 135 2 2 0.89108
2 14 123 133 3 0 0
2 14 123 134 3 1 0
2 14 123 135 3 2 0
2 15 104 114 0 0 0.996309
2 15 104 115 0 1 0
2 15 104 116 0 2 0
2 15 105 114 1 0 0
2 15 105 115 1 1 0.994102
2 15 105 116 1 2 0
2 15 106 114 2 0 0
2 15 106 115 2 1 0
2 15 106 116 2 2 0
2 15 107 114 3 0 0
2 15 107 115 3 1 0
2 15 107 116 3 2 0.863992
2 16 144 154 0 0 0.981998
2 16 144 155 0 1 0
2 16 145 154 1 0 0
2 16 145 155 1 1 0.969485
2 17 142 156 0 0 0.949251
2 17 142 157 0 1 0
2 17 143 156 1 0 0
2 17 143 157 1 1 0.994411
3 0 161 158 0 0 0
3 0 161 159 0 1 0
3 0 161 160 0 2 0.975332
3 0 162 158 1 0 0.738955
3 0 162 159 1 1 0
3 0 162 160 1 2 0
3 0 163 158 2 0 0
3 0 163 159 2 1 0.963452
3 0 163 160 2 2 0
3 1 164 177 0 0 0.915195
3 1 164 178 0 1 0
3 1 164 179 0 2 0
3 1 165 177 1 0 0
3 1 165 178 1 1 0.983173
3 1 165 179 1 2 0
3 1 166 177 2 0 0
3 1 166 178 2 1 0
3 1 166 179 2 2 0.976483
3 2 177 191 0 0 0.930602
3 2 177 192 0 1 0
3 2 177 193 0 2 0
3 2 178 191 1 0 0
3 2 178 192 1 1 0.987429
3 2 178 193 1 2 0
3 2 179 191 2 0 0
3 2 179 192 2 1 0
3 2 179 193 2 2 0.981688
3 3 158 164 0 0 0.781709
3 3 158 165 0 1 0
3 3 158 166 0 2 0
3 3 159 164 1 0 0
3 3 159 165 1 1 0.923604
3 3 159 166 1 2 0
3 3 160 164 2 0 0
3 3 160 165 2 1 0
3 3 160 166 2 2 0.84887
3 4 158 167 0 0 0.776855
3 4 158 168 0 1 0
3 4 158 169 0 2 0
3 4 159 167 1 0 0
3 4 159 168 1 1 0.92275
3 4 159 169 1 2 0
3 4 160 167 2 0 0
3 4 160 168 2 1 0
3 4 160 169 2 2 0.842099
3 5 167 180 0 0 0
3 5 167 181 0 1 0.481613
3 5 168 180 1 0 0.969294
3 5 168 181 1 1 0
3 5 169 180 2 0 0
3 5 169 181 2 1 0.518387
3 6 180 194 0 0 0.992665
3 6 181 194 1 0 0
3 7 161 172 0 0 0.961734
3 7 161 173 0 1 0
3 7 161 174 0 2 0
3 7 162 172 1 0 0
3 7 162 173 1 1 0
3 7 162 174 1 2 0.873791
3 7 163 172 2 0 0
3 7 163 173 2 1 0.959224
3 7 163 174 2 2 0
3 8 172 187 0 0 0
3 8 172 188 0 1 0
3 8 172 189 0 2 0.974002
3 8 173 187 1 0 0
3 8 173 188 1 1 0.980634
3 8 173 189 1 2 0
3 8 174 187 2 0 0.976197
3 8 174 188 2 1 0
3 8 174 189 2 2 0
3 9 187 195 0 0 0
3 9 187 196 0 1 0.988233
3 9 187 197 0 2 0
3 9 187 198 0 3 0
3 9 188 195 1 0 0.989059
3 9 188 196 1 1 0
3 9 188 197 1 2 0
3 9 188 198 1 3 0
3 9 189 195 2 0 0
3 9 189 196 2 1 0
3 9 189 197 2 2 0.904123
3 9 189 198 2 3 0
3 10 172 182 0 0 0.939525
3 10 172 183 0 1 0
3 10 172 184 0 2 0
3 10 173 182 1 0 0
3 10 173 183 1 1 0.9751
3 10 173 184 1 2 0
3 10 174 182 2 0 0
3 10 174 183 2 1 0
3 10 174 184 2 2 0.913448
3 11 161 175 0 0 0
3 11 161 176 0 1 0.575937
3 11 162 175 1 0 0
3 11 162 176 1 1 0.424063
3 11 163 175 2 0 0.931341
3 11 163 176 2 1 0
3 12 175 190 0 0 0
3 12 176 190 1 0 0.954719
3 13 190 199 0 0 0.959775
3 13 190 200 0 1 0
3 14 175 185 0 0 0
3 14 175 186 0 1 0
3 14 176 185 1 0 0.496799
3 14 176 186 1 1 0.503201
3 15 161 170 0 0 0
3 15 161 171 0 1 0
3 15 162 170 1 0 0
3 15 162 171 1 1 0.830974
3 15 163 170 2 0 0.957468
3 15 163 171 2 1 0
3 16 194 201 0 0 0.990427
3 17 191 202 0 0 0.940435
3 17 191 203 0 1 0
3 17 192 202 1 0 0
3 17 192 203 1 1 0.978219
3 17 193 202 2 0 0
3 17 193 203 2 1 0
4 0 207 204 0 0 0
4 0 207 205 0 1 0
4 0 207 206 0 2 0.990265
4 0 208 204 1 0 0
4 0 208 205 1 1 0.811115
4 0 208 206 1 2 0
4 0 209 204 2 0 0.966664
4 0 209 205 2 1 0
4 0 209 206 2 2 0
4 1 210 222 0 0 0.995165
4 1 210 223 0 1 0
4 1 210 224 0 2 0
4 1 211 222 1 0 0
4 1 211 223 1 1 0.92683
4 1 211 224 1 2 0
4 1 212 222 2 0 0
4 1 212 223 2 1 0
4 1 212 224 2 2 0.979284
4 2 222 238 0 0 0.981879
4 2 222 239 0 1 0
4 2 222 240 0 2 0
4 2 223 238 1 0 0
4 2 223 239 1 1 0.92012
4 2 223 240 1 2 0
4 2 224 238 2 0 0
4 2 224 239 2 1 0
4 2 224 240 2 2 0.98999
4 3 204 210 0 0 0.944932
4 3 204 211 0 1 0
4 3 204 212 0 2 0
4 3 205 210 1 0 0
4 3 205 211 1 1 0.607559
4 3 205 212 1 2 0
4 3 206 210 2 0 0
4 3 206 211 2 1 0
4 3 206 212 2 2 0.86466
4 4 204 213 0 0 0.942011
4 4 204 214 0 1 0
4 4 204 215 0 2 0
4 4 205 213 1 0 0
4 4 205 214 1 1 0.684255
4 4 205 215 1 2 0
4 4 206 213 2 0 0
4 4 206 214 2 1 0
4 4 206 215 2 2 0.873185
4 5 213 225 0 0 0.937376
4 5 213 226 0 1 0
4 5 213 227 0 2 0
4 5 214 225 1 0 0
4 5 214 226 1 1 0.274744
4 5 214 227 1 2 0.278378
4 5 215 225 2 0 0
4 5 215 226 2 1 0.278184
4 5 215 227 2 2 0.275073
4 6 225 241 0 0 0.98784
4 6 225 242 0 1 0
4 6 226 241 1 0 0
4 6 226 242 1 1 0.467161
4 6 227 241 2 0 0
4 6 227 242 2 1 0.532839
4 7 207 217 0 0 0.982412
4 7 207 218 0 1 0
4 7 207 219 0 2 0
4 7 208 217 1 0 0
4 7 208 218 1 1 0.852629
4 7 208 219 1 2 0
4 7 209 217 2 0 0
4 7 209 218 2 1 0
4 7 209 219 2 2 0.993409
4 8 217 233 0 0 0
4 8 217 234 0 1 0
4 8 217 235 0 2 0.991958
4 8 218 233 1 0 0
4 8 218 234 1 1 0.912596
4 8 218 235 1 2 0
4 8 219 233 2 0 0.943007
4 8 219 234 2 1 0
4 8 219 235 2 2 0
4 9 233 243 0 0 0.853756
4 9 233 244 0 1 0
4 9 233 245 0 2 0
4 9 234 243 1 0 0
4 9 234 244 1 1 0
4 9 234 245 1 2 0.998777
4 9 235 243 2 0 0
4 9 235 244 2 1 0.986368
4 9 235 245 2 2 0
4 10 217 228 0 0 0.981302
4 10 217 229 0 1 0
4 10 217 230 0 2 0
4 10 218 228 1 0 0
4 10 218 229 1 1 0.965202
4 10 218 230 1 2 0
4 10 219 228 2 0 0
4 10 219 229 2 1 0
4 10 219 230 2 2 0.977861
4 11 207 220 0 0 0.960362
4 11 207 221 0 1 0
4 11 208 220 1 0 0
4 11 208 221 1 1 0
4 11 209 220 2 0 0
4 11 209 221 2 1 0.990784
4 12 220 236 0 0 0
4 12 220 237 0 1 0.877048
4 12 221 236 1 0 0.973774
4 12 221 237 1 1 0
4 13 236 246 0 0 0.999599
4 13 236 247 0 1 0
4 13 237 246 1 0 0
4 13 237 247 1 1 0.789034
4 14 220 231 0 0 0.807677
4 14 220 232 0 1 0
4 14 221 231 1 0 0
4 14 221 232 1 1 0.933845
4 15 207 216 0 0 0
4 15 208 216 1 0 0.769082
4 15 209 216 2 0 0
4 16 241 248 0 0 0.938422
4 16 241 249 0 1 0
4 16 242 248 1 0 0
4 16 242 249 1 1 0.684255
4 17 238 250 0 0 0.825688
4 17 238 251 0 1 0
4 17 238 252 0 2 0
4 17 239 250 1 0 0
4 17 239 251 1 1 0.815494
4 17 239 252 1 2 0
4 17 240 250 2 0 0
4 17 240 251 2 1 0
4 17 240 252 2 2 0.916055
E jointIdx viewA viewB aOverAllIdx bOverallIdx score
0 0 1 0 48 0.325511
0 0 1 0 49 -1
0 0 1 0 50 -1
0 0 1 1 48 0.472807
0 0 1 1 49 0.125586
0 0 1 1 50 0.127877
0 0 1 2 48 0.0492396
0 0 1 2 49 0.97386
0 0 1 2 50 -1
0 0 2 0 101 -1
0 0 2 0 102 -1
0 0 2 0 103 0.757752
0 0 2 1 101 0.925575
0 0 2 1 102 -1
0 0 2 1 103 -1
0 0 2 2 101 -1
0 0 2 2 102 0.912882
0 0 2 2 103 -1
0 0 3 0 158 -1
0 0 3 0 159 -1
0 0 3 0 160 0.818323
0 0 3 1 158 -1
0 0 3 1 159 0.985278
0 0 3 1 160 -1
0 0 3 2 158 0.675041
0 0 3 2 159 -1
0 0 3 2 160 -1
0 0 4 0 204 0.833568
0 0 4 0 205 -1
0 0 4 0 206 -1
0 0 4 1 204 -1
0 0 4 1 205 0.584241
0 0 4 1 206 0.958542
0 0 4 2 204 -1
0 0 4 2 205 0.93776
0 0 4 2 206 0.412235
0 1 2 48 101 0.932888
0 1 2 48 102 -1
0 1 2 48 103 -1
0 1 2 49 101 -1
0 1 2 49 102 0.744837
0 1 2 49 103 -1
0 1 2 50 101 -1
0 1 2 50 102 -1
0 1 2 50 103 -1
0 1 3 48 158 0.465598
0 1 3 48 159 0.989064
0 1 3 48 160 -1
0 1 3 49 158 0.482262
0 1 3 49 159 0.891151
0 1 3 49 160 -1
0 1 3 50 158 -1
0 1 3 50 159 -1
0 1 3 50 160 -1
0 1 4 48 204 -1
0 1 4 48 205 -1
0 1 4 48 206 0.865655
0 1 4 49 204 -1
0 1 4 49 205 0.775124
0 1 4 49 206 -1
0 1 4 50 204 0.899769
0 1 4 50 205 -1
0 1 4 50 206 -1
0 2 3 101 158 -1
0 2 3 101 159 0.935917
0 2 3 101 160 -1
0 2 3 102 158 0.598205
0 2 3 102 159 -1
0 2 3 102 160 -1
0 2 3 103 158 -1
0 2 3 103 159 -1
0 2 3 103 160 0.717363
0 2 4 101 204 -1
0 2 4 101 205 -1
0 2 4 101 206 0.968057
0 2 4 102 204 -1
0 2 4 102 205 0.965859
0 2 4 102 206 -1
0 2 4 103 204 -1
0 2 4 103 205 -1
0 2 4 103 206 -1
0 3 4 158 204 0.173745
0 3 4 158 205 0.355618
0 3 4 158 206 -1
0 3 4 159 204 0.416259
0 3 4 159 205 -1
0 3 4 159 206 0.99358
0 3 4 160 204 -1
0 3 4 160 205 -1
0 3 4 160 206 0.522296
1 0 1 3 51 0.268174
1 0 1 3 52 0.166767
1 0 1 3 53 0.122685
1 0 1 3 54 0.075501
1 0 1 4 51 0.256575
1 0 1 4 52 0.134836
1 0 1 4 53 0.113754
1 0 1 4 54 0.112825
1 0 1 5 51 -1
1 0 1 5 52 0.024805
1 0 1 5 53 0.237323
1 0 1 5 54 0.397541
1 0 2 3 104 -1
1 0 2 3 105 0.817135
1 0 2 3 106 -1
1 0 2 3 107 -1
1 0 2 4 104 -1
1 0 2 4 105 -1
1 0 2 4 106 0.905329
1 0 2 4 107 -1
1 0 2 5 104 0.92589
1 0 2 5 105 -1
1 0 2 5 106 -1
1 0 2 5 107 -1
1 0 3 3 161 0.14486
1 0 3 3 162 0.295671
1 0 3 3 163 0.145875
1 0 3 4 161 0.406848
1 0 3 4 162 0.174925
1 0 3 4 163 0.131446
1 0 3 5 161 -1
1 0 3 5 162 0.187446
1 0 3 5 163 0.498022
1 0 4 3 207 0.206073
1 0 4 3 208 0.198631
1 0 4 3 209 0.0955054
1 0 4 4 207 0.0864351
1 0 4 4 208 0.116588
1 0 4 4 209 0.39165
1 0 4 5 207 0.206819
1 0 4 5 208 0.193608
1 0 4 5 209 0.102077
1 1 2 51 104 -1
1 1 2 51 105 -1
1 1 2 51 106 -1
1 1 2 51 107 0.923297
1 1 2 52 104 -1
1 1 2 52 105 -1
1 1 2 52 106 0.353732
1 1 2 52 107 -1
1 1 2 53 104 -1
1 1 2 53 105 0.698972
1 1 2 53 106 -1
1 1 2 53 107 -1
1 1 2 54 104 0.951963
1 1 2 54 105 -1
1 1 2 54 106 -1
1 1 2 54 107 -1
1 1 3 51 161 0.163969
1 1 3 51 162 0.127274
1 1 3 51 163 0.100479
1 1 3 52 161 0.1744
1 1 3 52 162 0.130379
1 1 3 52 163 0.0834374
1 1 3 53 161 0.123455
1 1 3 53 162 0.165161
1 1 3 53 163 0.100544
1 1 3 54 161 0.066161
1 1 3 54 162 0.104087
1 1 3 54 163 0.252425
1 1 4 51 207 -1
1 1 4 51 208 -1
1 1 4 51 209 0.86053
1 1 4 52 207 -1
1 1 4 52 208 -1
1 1 4 52 209 0.854705
1 1 4 53 207 -1
1 1 4 53 208 0.952321
1 1 4 53 209 -1
1 1 4 54 207 0.93298
1 1 4 54 208 0.369262
1 1 4 54 209 -1
1 2 3 104 161 -1
1 2 3 104 162 -1
1 2 3 104 163 0.972981
1 2 3 105 161 0.252023
1 2 3 105 162 0.624682
1 2 3 105 163 -1
1 2 3 106 161 0.963342
1 2 3 106 162 0.391665
1 2 3 106 163 -1
1 2 3 107 161 -1
1 2 3 107 162 -1
1 2 3 107 163 -1
1 2 4 104 207 0.954302
1 2 4 104 208 0.442993
1 2 4 104 209 -1
1 2 4 105 207 0.619121
1 2 4 105 208 0.647276
1 2 4 105 209 -1
1 2 4 106 207 -1
1 2 4 106 208 -1
1 2 4 106 209 -1
1 2 4 107 207 -1
1 2 4 107 208 -1
1 2 4 107 209 0.89688
1 3 4 161 207 0.141301
1 3 4 161 208 0.136088
1 3 4 161 209 0.129554
1 3 4 162 207 0.127752
1 3 4 162 208 0.142496
1 3 4 162 209 0.138835
1 3 4 163 207 0.139719
1 3 4 163 208 0.130309
1 3 4 163 209 0.13993
2 0 1 6 55 0.542642
2 0 1 6 56 0.0131637
2 0 1 6 57 -1
2 0 1 7 55 0.748334
2 0 1 7 56 0.138975
2 0 1 7 57 0.0844037
2 0 1 8 55 -1
2 0 1 8 56 0.814315
2 0 1 8 57 -1
2 0 2 6 108 -1
2 0 2 6 109 -1
2 0 2 6 110 0.874136
2 0 2 7 108 0.746291
2 0 2 7 109 -1
2 0 2 7 110 -1
2 0 2 8 108 -1
2 0 2 8 109 0.770314
2 0 2 8 110 -1
2 0 3 6 164 -1
2 0 3 6 165 -1
2 0 3 6 166 0.668643
2 0 3 7 164 -1
2 0 3 7 165 0.773578
2 0 3 7 166 -1
2 0 3 8 164 0.701943
2 0 3 8 165 -1
2 0 3 8 166 -1
2 0 4 6 210 0.931283
2 0 4 6 211 -1
2 0 4 6 212 -1
2 0 4 7 210 -1
2 0 4 7 211 0.895251
2 0 4 7 212 0.962633
2 0 4 8 210 -1
2 0 4 8 211 0.880274
2 0 4 8 212 0.957684
2 1 2 55 108 0.750502
2 1 2 55 109 -1
2 1 2 55 110 -1
2 1 2 56 108 -1
2 1 2 56 109 0.489608
2 1 2 56 110 -1
2 1 2 57 108 -1
2 1 2 57 109 -1
2 1 2 57 110 -1
2 1 3 55 164 0.330124
2 1 3 55 165 0.835554
2 1 3 55 166 -1
2 1 3 56 164 0.547617
2 1 3 56 165 0.746387
2 1 3 56 166 -1
2 1 3 57 164 -1
2 1 3 57 165 -1
2 1 3 57 166 -1
2 1 4 55 210 -1
2 1 4 55 211 -1
2 1 4 55 212 0.821177
2 1 4 56 210 -1
2 1 4 56 211 0.400636
2 1 4 56 212 -1
2 1 4 57 210 0.934353
2 1 4 57 211 -1
2 1 4 57 212 -1
2 2 3 108 164 -1
2 2 3 108 165 0.990381
2 2 3 108 166 -1
2 2 3 109 164 0.541659
2 2 3 109 165 -1
2 2 3 109 166 -1
2 2 3 110 164 -1
2 2 3 110 165 -1
2 2 3 110 166 0.91379
2 2 4 108 210 -1
2 2 4 108 211 -1
2 2 4 108 212 0.893048
2 2 4 109 210 -1
2 2 4 109 211 0.912579
2 2 4 109 212 -1
2 2 4 110 210 -1
2 2 4 110 211 -1
2 2 4 110 212 -1
2 3 4 164 210 0.0971271
2 3 4 164 211 0.253316
2 3 4 164 212 -1
2 3 4 165 210 0.52009
2 3 4 165 211 -1
2 3 4 165 212 0.906183
2 3 4 166 210 0.284255
2 3 4 166 211 -1
2 3 4 166 212 0.913128
3 0 1 9 58 0.299928
3 0 1 9 59 -1
3 0 1 9 60 -1
3 0 1 10 58 0.521524
3 0 1 10 59 0.0542678
3 0 1 10 60 0.101528
3 0 1 11 58 0.107845
3 0 1 11 59 0.972344
3 0 1 11 60 -1
3 0 2 9 111 -1
3 0 2 9 112 0.385222
3 0 2 9 113 0.424637
3 0 2 10 111 0.929159
3 0 2 10 112 -1
3 0 2 10 113 -1
3 0 2 11 111 -1
3 0 2 11 112 0.852227
3 0 2 11 113 -1
3 0 3 9 167 0.0225808
3 0 3 9 168 -1
3 0 3 9 169 0.771312
3 0 3 10 167 -1
3 0 3 10 168 0.78388
3 0 3 10 169 -1
3 0 3 11 167 0.8807
3 0 3 11 168 -1
3 0 3 11 169 -1
3 0 4 9 213 0.742095
3 0 4 9 214 -1
3 0 4 9 215 -1
3 0 4 10 213 -1
3 0 4 10 214 0.461952
3 0 4 10 215 0.874492
3 0 4 11 213 -1
3 0 4 11 214 0.82513
3 0 4 11 215 -1
3 1 2 58 111 0.993755
3 1 2 58 112 0.116129
3 1 2 58 113 -1
3 1 2 59 111 -1
3 1 2 59 112 0.963276
3 1 2 59 113 -1
3 1 2 60 111 -1
3 1 2 60 112 -1
3 1 2 60 113 0.692466
3 1 3 58 167 0.647257
3 1 3 58 168 0.8337
3 1 3 58 169 -1
3 1 3 59 167 0.478836
3 1 3 59 168 0.996293
3 1 3 59 169 -1
3 1 3 60 167 -1
3 1 3 60 168 -1
3 1 3 60 169 -1
3 1 4 58 213 -1
3 1 4 58 214 -1
3 1 4 58 215 0.901611
3 1 4 59 213 -1
3 1 4 59 214 0.826115
3 1 4 59 215 -1
3 1 4 60 213 0.829293
3 1 4 60 214 -1
3 1 4 60 215 -1
3 2 3 111 167 -1
3 2 3 111 168 0.873955
3 2 3 111 169 -1
3 2 3 112 167 0.95182
3 2 3 112 168 -1
3 2 3 112 169 -1
3 2 3 113 167 -1
3 2 3 113 168 -1
3 2 3 113 169 0.431351
3 2 4 111 213 -1
3 2 4 111 214 -1
3 2 4 111 215 0.954662
3 2 4 112 213 -1
3 2 4 112 214 0.790777
3 2 4 112 215 -1
3 2 4 113 213 -1
3 2 4 113 214 -1
3 2 4 113 215 -1
3 3 4 167 213 0.227027
3 3 4 167 214 0.225609
3 3 4 167 215 -1
3 3 4 168 213 0.31833
3 3 4 168 214 -1
3 3 4 168 215 0.863742
3 3 4 169 213 -1
3 3 4 169 214 -1
3 3 4 169 215 0.0719438
4 0 1 12 61 0.208698
4 0 1 12 62 0.19052
4 0 1 12 63 0.227006
4 0 1 13 61 0.214605
4 0 1 13 62 0.229485
4 0 1 13 63 0.199618
4 0 2 12 114 0.97217
4 0 2 12 115 -1
4 0 2 12 116 -1
4 0 2 13 114 -1
4 0 2 13 115 -1
4 0 2 13 116 -1
4 0 3 12 170 0.995152
4 0 3 12 171 0.00400287
4 0 3 13 170 -1
4 0 3 13 171 0.360105
4 0 4 12 216 0.746577
4 0 4 13 216 0.189892
4 1 2 61 114 -1
4 1 2 61 115 -1
4 1 2 61 116 -1
4 1 2 62 114 -1
4 1 2 62 115 0.894216
4 1 2 62 116 -1
4 1 2 63 114 0.897704
4 1 2 63 115 -1
4 1 2 63 116 -1
4 1 3 61 170 0.0346497
4 1 3 61 171 0.145587
4 1 3 62 170 0.257362
4 1 3 62 171 0.28533
4 1 3 63 170 0.321705
4 1 3 63 171 0.236735
4 1 4 61 216 -1
4 1 4 62 216 0.910154
4 1 4 63 216 -1
4 2 3 114 170 0.895774
4 2 3 114 171 -1
4 2 3 115 170 -1
4 2 3 115 171 0.96875
4 2 3 116 170 -1
4 2 3 116 171 -1
4 2 4 114 216 0.998357
4 2 4 115 216 0.89299
4 2 4 116 216 -1
4 3 4 170 216 0.335274
4 3 4 171 216 0.664726
5 0 1 14 64 0.410051
5 0 1 14 65 0.305112
5 0 1 14 66 0.177796
5 0 1 15 64 0.101145
5 0 1 15 65 0.264359
5 0 1 15 66 0.46238
5 0 2 14 117 0.293921
5 0 2 14 118 0.666112
5 0 2 14 119 -1
5 0 2 15 117 0.706079
5 0 2 15 118 0.132003
5 0 2 15 119 -1
5 0 3 14 172 -1
5 0 3 14 173 0.329227
5 0 3 14 174 0.563638
5 0 3 15 172 -1
5 0 3 15 173 0.670773
5 0 3 15 174 0.436362
5 0 4 14 217 0.253727
5 0 4 14 218 0.27177
5 0 4 14 219 0.0298114
5 0 4 15 217 0.24056
5 0 4 15 218 0.224927
5 0 4 15 219 0.141848
5 1 2 64 117 -1
5 1 2 64 118 -1
5 1 2 64 119 0.308597
5 1 2 65 117 -1
5 1 2 65 118 0.410046
5 1 2 65 119 -1
5 1 2 66 117 0.893045
5 1 2 66 118 -1
5 1 2 66 119 -1
5 1 3 64 172 0.516758
5 1 3 64 173 0.122522
5 1 3 64 174 0.165899
5 1 3 65 172 0.29123
5 1 3 65 173 0.0805232
5 1 3 65 174 0.315348
5 1 3 66 172 -1
5 1 3 66 173 0.705327
5 1 3 66 174 0.375762
5 1 4 64 217 -1
5 1 4 64 218 -1
5 1 4 64 219 0.636084
5 1 4 65 217 -1
5 1 4 65 218 0.871481
5 1 4 65 219 -1
5 1 4 66 217 0.890708
5 1 4 66 218 -1
5 1 4 66 219 -1
5 2 3 117 172 -1
5 2 3 117 173 0.976517
5 2 3 117 174 -1
5 2 3 118 172 -1
5 2 3 118 173 -1
5 2 3 118 174 0.936043
5 2 3 119 172 0.910674
5 2 3 119 173 -1
5 2 3 119 174 -1
5 2 4 117 217 0.955724
5 2 4 117 218 -1
5 2 4 117 219 -1
5 2 4 118 217 -1
5 2 4 118 218 0.723258
5 2 4 118 219 -1
5 2 4 119 217 -1
5 2 4 119 218 -1
5 2 4 119 219 -1
5 3 4 172 217 0.190883
5 3 4 172 218 0.134837
5 3 4 172 219 0.111427
5 3 4 173 217 0.142653
5 3 4 173 218 0.155664
5 3 4 173 219 0.150842
5 3 4 174 217 0.124
5 3 4 174 218 0.154485
5 3 4 174 219 0.178645
6 0 1 16 67 0.332973
6 0 1 16 68 0.191826
6 0 1 16 69 0.105447
6 0 1 17 67 -1
6 0 1 17 68 0.237478
6 0 1 17 69 0.381831
6 0 1 18 67 0.152305
6 0 1 18 68 0.167296
6 0 1 18 69 0.19679
6 0 2 16 120 -1
6 0 2 16 121 0.876877
6 0 2 16 122 -1
6 0 2 16 123 -1
6 0 2 17 120 0.961343
6 0 2 17 121 -1
6 0 2 17 122 -1
6 0 2 17 123 -1
6 0 2 18 120 -1
6 0 2 18 121 0.184188
6 0 2 18 122 0.986741
6 0 2 18 123 -1
6 0 3 16 175 0.133943
6 0 3 16 176 0.32235
6 0 3 17 175 0.321857
6 0 3 17 176 0.143245
6 0 3 18 175 0.243163
6 0 3 18 176 0.218249
6 0 4 16 220 0.337926
6 0 4 16 221 0.256088
6 0 4 17 220 0.478827
6 0 4 17 221 0.162012
6 0 4 18 220 0.0517192
6 0 4 18 221 0.513347
6 1 2 67 120 -1
6 1 2 67 121 -1
6 1 2 67 122 0.845023
6 1 2 67 123 0.951485
6 1 2 68 120 -1
6 1 2 68 121 0.859251
6 1 2 68 122 -1
6 1 2 68 123 -1
6 1 2 69 120 0.866486
6 1 2 69 121 -1
6 1 2 69 122 -1
6 1 2 69 123 -1
6 1 3 67 175 0.0982229
6 1 3 67 176 0.215844
6 1 3 68 175 0.250239
6 1 3 68 176 0.306756
6 1 3 69 175 0.364121
6 1 3 69 176 0.212423
6 1 4 67 220 -1
6 1 4 67 221 0.970464
6 1 4 68 220 0.570058
6 1 4 68 221 -1
6 1 4 69 220 0.920509
6 1 4 69 221 -1
6 2 3 120 175 0.989518
6 2 3 120 176 -1
6 2 3 121 175 -1
6 2 3 121 176 0.129815
6 2 3 122 175 -1
6 2 3 122 176 0.886489
6 2 3 123 175 -1
6 2 3 123 176 -1
6 2 4 120 220 0.95608
6 2 4 120 221 -1
6 2 4 121 220 0.474206
6 2 4 121 221 -1
6 2 4 122 220 -1
6 2 4 122 221 -1
6 2 4 123 220 -1
6 2 4 123 221 0.973489
6 3 4 175 220 0.364878
6 3 4 175 221 0.284032
6 3 4 176 220 0.288643
6 3 4 176 221 0.375206
7 0 1 19 70 0.397992
7 0 1 19 71 -1
7 0 1 19 72 -1
7 0 1 20 70 0.940208
7 0 1 20 71 -1
7 0 1 20 72 -1
7 0 1 21 70 -1
7 0 1 21 71 0.970505
7 0 1 21 72 -1
7 0 2 19 124 -1
7 0 2 19 125 -1
7 0 2 19 126 0.869292
7 0 2 20 124 0.981753
7 0 2 20 125 -1
7 0 2 20 126 -1
7 0 2 21 124 -1
7 0 2 21 125 0.963525
7 0 2 21 126 -1
7 0 3 19 177 -1
7 0 3 19 178 -1
7 0 3 19 179 0.896795
7 0 3 20 177 -1
7 0 3 20 178 0.853543
7 0 3 20 179 -1
7 0 3 21 177 0.986699
7 0 3 21 178 -1
7 0 3 21 179 -1
7 0 4 19 222 0.545453
7 0 4 19 223 -1
7 0 4 19 224 -1
7 0 4 20 222 -1
7 0 4 20 223 0.663307
7 0 4 20 224 0.942026
7 0 4 21 222 -1
7 0 4 21 223 0.902067
7 0 4 21 224 0.538161
7 1 2 70 124 0.997296
7 1 2 70 125 -1
7 1 2 70 126 -1
7 1 2 71 124 -1
7 1 2 71 125 0.937096
7 1 2 71 126 -1
7 1 2 72 124 -1
7 1 2 72 125 -1
7 1 2 72 126 -1
7 1 3 70 177 0.85682
7 1 3 70 178 0.775257
7 1 3 70 179 -1
7 1 3 71 177 0.811625
7 1 3 71 178 0.699347
7 1 3 71 179 -1
7 1 3 72 177 -1
7 1 3 72 178 -1
7 1 3 72 179 -1
7 1 4 70 222 -1
7 1 4 70 223 -1
7 1 4 70 224 0.798839
7 1 4 71 222 -1
7 1 4 71 223 0.986295
7 1 4 71 224 -1
7 1 4 72 222 0.797518
7 1 4 72 223 -1
7 1 4 72 224 -1
7 2 3 124 177 -1
7 2 3 124 178 0.888177
7 2 3 124 179 -1
7 2 3 125 177 0.902286
7 2 3 125 178 -1
7 2 3 125 179 -1
7 2 3 126 177 -1
7 2 3 126 178 -1
7 2 3 126 179 0.735361
7 2 4 124 222 -1
7 2 4 124 223 -1
7 2 4 124 224 0.799011
7 2 4 125 222 -1
7 2 4 125 223 0.945746
7 2 4 125 224 -1
7 2 4 126 222 -1
7 2 4 126 223 -1
7 2 4 126 224 -1
7 3 4 177 222 0.408692
7 3 4 177 223 0.805683
7 3 4 177 224 -1
7 3 4 178 222 -1
7 3 4 178 223 -1
7 3 4 178 224 0.580747
7 3 4 179 222 -1
7 3 4 179 223 -1
7 3 4 179 224 0.71999
8 0 1 22 73 0.283745
8 0 1 22 74 -1
8 0 1 22 75 -1
8 0 1 23 73 0.969016
8 0 1 23 74 -1
8 0 1 23 75 -1
8 0 1 24 73 -1
8 0 1 24 74 0.999675
8 0 1 24 75 -1
8 0 2 22 127 -1
8 0 2 22 128 0.59674
8 0 2 22 129 0.964254
8 0 2 23 127 0.955228
8 0 2 23 128 -1
8 0 2 23 129 -1
8 0 2 24 127 -1
8 0 2 24 128 0.8491
8 0 2 24 129 0.483816
8 0 3 22 180 -1
8 0 3 22 181 0.877011
8 0 3 23 180 0.852559
8 0 3 23 181 -1
8 0 3 24 180 -1
8 0 3 24 181 -1
8 0 4 22 225 0.359313
8 0 4 22 226 -1
8 0 4 22 227 -1
8 0 4 23 225 -1
8 0 4 23 226 -1
8 0 4 23 227 0.772929
8 0 4 24 225 -1
8 0 4 24 226 0.93253
8 0 4 24 227 -1
8 1 2 73 127 0.96861
8 1 2 73 128 0.343861
8 1 2 73 129 -1
8 1 2 74 127 0.163149
8 1 2 74 128 0.808344
8 1 2 74 129 -1
8 1 2 75 127 -1
8 1 2 75 128 -1
8 1 2 75 129 -1
8 1 3 73 180 0.834548
8 1 3 73 181 -1
8 1 3 74 180 0.627945
8 1 3 74 181 -1
8 1 3 75 180 -1
8 1 3 75 181 -1
8 1 4 73 225 -1
8 1 4 73 226 0.195656
8 1 4 73 227 0.955482
8 1 4 74 225 -1
8 1 4 74 226 0.21772
8 1 4 74 227 -1
8 1 4 75 225 0.723776
8 1 4 75 226 -1
8 1 4 75 227 -1
8 2 3 127 180 0.908156
8 2 3 127 181 -1
8 2 3 128 180 -1
8 2 3 128 181 -1
8 2 3 129 180 -1
8 2 3 129 181 0.973266
8 2 4 127 225 -1
8 2 4 127 226 -1
8 2 4 127 227 0.892318
8 2 4 128 225 -1
8 2 4 128 226 0.045252
8 2 4 128 227 -1
8 2 4 129 225 -1
8 2 4 129 226 -1
8 2 4 129 227 -1
8 3 4 180 225 -1
8 3 4 180 226 -1
8 3 4 180 227 0.96316
8 3 4 181 225 -1
8 3 4 181 226 -1
8 3 4 181 227 -1
9 0 1 25 76 0.0329913
9 0 1 26 76 0.935069
9 0 2 25 130 0.527596
9 0 2 25 131 -1
9 0 2 25 132 -1
9 0 2 26 130 -1
9 0 2 26 131 0.956418
9 0 2 26 132 -1
9 0 3 25 182 -1
9 0 3 25 183 -1
9 0 3 25 184 0.912035
9 0 3 26 182 0.724948
9 0 3 26 183 -1
9 0 3 26 184 -1
9 0 4 25 228 0.98146
9 0 4 25 229 0.983599
9 0 4 25 230 -1
9 0 4 26 228 -1
9 0 4 26 229 -1
9 0 4 26 230 0.353408
9 1 2 76 130 -1
9 1 2 76 131 0.964795
9 1 2 76 132 -1
9 1 3 76 182 0.819241
9 1 3 76 183 -1
9 1 3 76 184 0.0908472
9 1 4 76 228 -1
9 1 4 76 229 -1
9 1 4 76 230 0.832516
9 2 3 130 182 -1
9 2 3 130 183 0.981805
9 2 3 130 184 -1
9 2 3 131 182 0.953543
9 2 3 131 183 -1
9 2 3 131 184 0.784171
9 2 3 132 182 -1
9 2 3 132 183 -1
9 2 3 132 184 -1
9 2 4 130 228 0.969732
9 2 4 130 229 0.787742
9 2 4 130 230 -1
9 2 4 131 228 -1
9 2 4 131 229 -1
9 2 4 131 230 -1
9 2 4 132 228 -1
9 2 4 132 229 -1
9 2 4 132 230 0.928269
9 3 4 182 228 0.360901
9 3 4 182 229 -1
9 3 4 182 230 -1
9 3 4 183 228 0.323102
9 3 4 183 229 0.213554
9 3 4 183 230 0.18844
9 3 4 184 228 0.0681748
9 3 4 184 229 0.501871
9 3 4 184 230 0.37195
10 0 1 27 77 0.392827
10 0 1 27 78 0.36499
10 0 1 27 79 0.112669
10 0 1 28 77 -1
10 0 1 28 78 0.221648
10 0 1 28 79 0.75973
10 0 2 27 133 -1
10 0 2 27 134 0.975538
10 0 2 27 135 -1
10 0 2 28 133 0.981417
10 0 2 28 134 -1
10 0 2 28 135 -1
10 0 3 27 185 0.025875
10 0 3 27 186 0.916885
10 0 3 28 185 -1
10 0 3 28 186 -1
10 0 4 27 231 0.161381
10 0 4 27 232 -1
10 0 4 28 231 0.838619
10 0 4 28 232 -1
10 1 2 77 133 -1
10 1 2 77 134 -1
10 1 2 77 135 0.596046
10 1 2 78 133 -1
10 1 2 78 134 0.957231
10 1 2 78 135 -1
10 1 2 79 133 0.943296
10 1 2 79 134 -1
10 1 2 79 135 -1
10 1 3 77 185 -1
10 1 3 77 186 -1
10 1 3 78 185 -1
10 1 3 78 186 0.901692
10 1 3 79 185 -1
10 1 3 79 186 0.689273
10 1 4 77 231 -1
10 1 4 77 232 0.844569
10 1 4 78 231 -1
10 1 4 78 232 -1
10 1 4 79 231 0.890769
10 1 4 79 232 -1
10 2 3 133 185 -1
10 2 3 133 186 -1
10 2 3 134 185 -1
10 2 3 134 186 0.977528
10 2 3 135 185 0.744662
10 2 3 135 186 0.255338
10 2 4 133 231 0.881673
10 2 4 133 232 -1
10 2 4 134 231 0.326371
10 2 4 134 232 -1
10 2 4 135 231 -1
10 2 4 135 232 -1
10 3 4 185 231 0.776035
10 3 4 185 232 0.0444261
10 3 4 186 231 -1
10 3 4 186 232 0.955574
11 0 1 29 80 0.622511
11 0 1 30 80 -1
11 0 2 29 136 0.870411
11 0 2 29 137 0.0812655
11 0 2 29 138 -1
11 0 2 29 139 -1
11 0 2 30 136 -1
11 0 2 30 137 0.918734
11 0 2 30 138 -1
11 0 2 30 139 -1
11 0 3 29 187 0.346994
11 0 3 29 188 0.702034
11 0 3 29 189 -1
11 0 3 30 187 0.653006
11 0 3 30 188 -1
11 0 3 30 189 -1
11 0 4 29 233 0.123055
11 0 4 29 234 0.299679
11 0 4 29 235 0.374857
11 0 4 30 233 -1
11 0 4 30 234 0.494471
11 0 4 30 235 0.0782911
11 1 2 80 136 0.974758
11 1 2 80 137 -1
11 1 2 80 138 -1
11 1 2 80 139 -1
11 1 3 80 187 0.942948
11 1 3 80 188 0.980824
11 1 3 80 189 -1
11 1 4 80 233 0.359894
11 1 4 80 234 -1
11 1 4 80 235 0.985322
11 2 3 136 187 -1
11 2 3 136 188 0.963503
11 2 3 136 189 -1
11 2 3 137 187 0.939766
11 2 3 137 188 -1
11 2 3 137 189 -1
11 2 3 138 187 0.860943
11 2 3 138 188 -1
11 2 3 138 189 -1
11 2 3 139 187 -1
11 2 3 139 188 -1
11 2 3 139 189 0.901564
11 2 4 136 233 -1
11 2 4 136 234 -1
11 2 4 136 235 0.958587
11 2 4 137 233 -1
11 2 4 137 234 0.897887
11 2 4 137 235 -1
11 2 4 138 233 -1
11 2 4 138 234 -1
11 2 4 138 235 -1
11 2 4 139 233 -1
11 2 4 139 234 -1
11 2 4 139 235 -1
11 3 4 187 233 0.105685
11 3 4 187 234 0.499637
11 3 4 187 235 0.105336
11 3 4 188 233 0.154506
11 3 4 188 234 0.228373
11 3 4 188 235 0.17125
11 3 4 189 233 0.409639
11 3 4 189 234 -1
11 3 4 189 235 0.369198
12 0 1 31 81 0.297169
12 0 1 31 82 0.322971
12 0 1 31 83 0.0257766
12 0 1 32 81 0.210116
12 0 1 32 82 0.378036
12 0 1 32 83 0.124098
12 0 1 33 81 0.0911098
12 0 1 33 82 -1
12 0 1 33 83 0.690332
12 0 2 31 140 0.804953
12 0 2 31 141 -1
12 0 2 32 140 -1
12 0 2 32 141 0.981595
12 0 2 33 140 -1
12 0 2 33 141 0.981483
12 0 3 31 190 -1
12 0 3 32 190 0.821877
12 0 3 33 190 0.60108
12 0 4 31 236 0.332691
12 0 4 31 237 0.33158
12 0 4 32 236 0.812283
12 0 4 32 237 0.093275
12 0 4 33 236 -1
12 0 4 33 237 0.443989
12 1 2 81 140 0.504284
12 1 2 81 141 0.495716
12 1 2 82 140 -1
12 1 2 82 141 -1
12 1 2 83 140 0.432717
12 1 2 83 141 0.567282
12 1 3 81 190 -1
12 1 3 82 190 0.667204
12 1 3 83 190 0.0523648
12 1 4 81 236 -1
12 1 4 81 237 0.956456
12 1 4 82 236 0.891869
12 1 4 82 237 -1
12 1 4 83 236 -1
12 1 4 83 237 0.564807
12 2 3 140 190 -1
12 2 3 141 190 0.372867
12 2 4 140 236 -1
12 2 4 140 237 0.916651
12 2 4 141 236 -1
12 2 4 141 237 0.0491737
12 3 4 190 236 0.409214
12 3 4 190 237 -1
13 0 1 34 84 0.419954
13 0 1 34 85 0.769082
13 0 1 34 86 -1
13 0 1 34 87 -1
13 0 1 35 84 0.992544
13 0 1 35 85 -1
13 0 1 35 86 -1
13 0 1 35 87 -1
13 0 1 36 84 -1
13 0 1 36 85 -1
13 0 1 36 86 0.647034
13 0 1 36 87 -1
13 0 2 34 142 -1
13 0 2 34 143 -1
13 0 2 35 142 0.842665
13 0 2 35 143 -1
13 0 2 36 142 -1
13 0 2 36 143 0.745218
13 0 3 34 191 -1
13 0 3 34 192 -1
13 0 3 34 193 0.783204
13 0 3 35 191 -1
13 0 3 35 192 0.95334
13 0 3 35 193 -1
13 0 3 36 191 0.617316
13 0 3 36 192 -1
13 0 3 36 193 -1
13 0 4 34 238 0.328392
13 0 4 34 239 -1
13 0 4 34 240 -1
13 0 4 35 238 -1
13 0 4 35 239 0.608266
13 0 4 35 240 0.950269
13 0 4 36 238 -1
13 0 4 36 239 0.746332
13 0 4 36 240 0.020172
13 1 2 84 142 0.788038
13 1 2 84 143 0.117953
13 1 2 85 142 -1
13 1 2 85 143 -1
13 1 2 86 142 -1
13 1 2 86 143 0.949196
13 1 2 87 142 -1
13 1 2 87 143 -1
13 1 3 84 191 0.75137
13 1 3 84 192 0.867908
13 1 3 84 193 -1
13 1 3 85 191 -1
13 1 3 85 192 -1
13 1 3 85 193 0.603659
13 1 3 86 191 0.882616
13 1 3 86 192 0.929051
13 1 3 86 193 -1
13 1 3 87 191 -1
13 1 3 87 192 -1
13 1 3 87 193 -1
13 1 4 84 238 -1
13 1 4 84 239 -1
13 1 4 84 240 0.848741
13 1 4 85 238 -1
13 1 4 85 239 -1
13 1 4 85 240 -1
13 1 4 86 238 -1
13 1 4 86 239 0.800121
13 1 4 86 240 -1
13 1 4 87 238 0.954994
13 1 4 87 239 -1
13 1 4 87 240 -1
13 2 3 142 191 -1
13 2 3 142 192 0.892555
13 2 3 142 193 -1
13 2 3 143 191 0.852055
13 2 3 143 192 -1
13 2 3 143 193 -1
13 2 4 142 238 -1
13 2 4 142 239 -1
13 2 4 142 240 0.962546
13 2 4 143 238 -1
13 2 4 143 239 0.848095
13 2 4 143 240 -1
13 3 4 191 238 0.34749
13 3 4 191 239 0.836847
13 3 4 191 240 -1
13 3 4 192 238 -1
13 3 4 192 239 -1
13 3 4 192 240 0.946585
13 3 4 193 238 -1
13 3 4 193 239 -1
13 3 4 193 240 -1
14 0 1 37 88 0.198173
14 0 1 37 89 -1
14 0 1 37 90 -1
14 0 1 38 88 0.955176
14 0 1 38 89 -1
14 0 1 38 90 0.199201
14 0 1 39 88 -1
14 0 1 39 89 0.243565
14 0 1 39 90 -1
14 0 2 37 144 -1
14 0 2 37 145 0.995341
14 0 2 38 144 0.759613
14 0 2 38 145 -1
14 0 2 39 144 -1
14 0 2 39 145 0.601916
14 0 3 37 194 -1
14 0 3 38 194 0.832645
14 0 3 39 194 -1
14 0 4 37 241 -1
14 0 4 37 242 -1
14 0 4 38 241 -1
14 0 4 38 242 0.866193
14 0 4 39 241 -1
14 0 4 39 242 -1
14 1 2 88 144 0.467146
14 1 2 88 145 0.532854
14 1 2 89 144 0.438209
14 1 2 89 145 0.561791
14 1 2 90 144 -1
14 1 2 90 145 -1
14 1 3 88 194 0.820405
14 1 3 89 194 -1
14 1 3 90 194 -1
14 1 4 88 241 -1
14 1 4 88 242 0.892822
14 1 4 89 241 -1
14 1 4 89 242 -1
14 1 4 90 241 0.531615
14 1 4 90 242 -1
14 2 3 144 194 0.930129
14 2 3 145 194 -1
14 2 4 144 241 -1
14 2 4 144 242 0.827887
14 2 4 145 241 -1
14 2 4 145 242 -1
14 3 4 194 241 -1
14 3 4 194 242 0.801625
15 0 1 40 91 -1
15 0 2 40 146 -1
15 0 2 40 147 0.938734
15 0 2 40 148 -1
15 0 2 40 149 -1
15 0 3 40 195 -1
15 0 3 40 196 0.752835
15 0 3 40 197 -1
15 0 3 40 198 -1
15 0 4 40 243 -1
15 0 4 40 244 -1
15 0 4 40 245 0.975429
15 1 2 91 146 0.904437
15 1 2 91 147 -1
15 1 2 91 148 -1
15 1 2 91 149 -1
15 1 3 91 195 0.97679
15 1 3 91 196 0.516014
15 1 3 91 197 -1
15 1 3 91 198 -1
15 1 4 91 243 -1
15 1 4 91 244 0.943053
15 1 4 91 245 -1
15 2 3 146 195 0.911518
15 2 3 146 196 -1
15 2 3 146 197 -1
15 2 3 146 198 -1
15 2 3 147 195 -1
15 2 3 147 196 0.677802
15 2 3 147 197 -1
15 2 3 147 198 -1
15 2 3 148 195 -1
15 2 3 148 196 0.822845
15 2 3 148 197 -1
15 2 3 148 198 -1
15 2 3 149 195 -1
15 2 3 149 196 -1
15 2 3 149 197 0.970708
15 2 3 149 198 -1
15 2 4 146 243 -1
15 2 4 146 244 0.985522
15 2 4 146 245 -1
15 2 4 147 243 -1
15 2 4 147 244 -1
15 2 4 147 245 0.625049
15 2 4 148 243 -1
15 2 4 148 244 -1
15 2 4 148 245 -1
15 2 4 149 243 -1
15 2 4 149 244 -1
15 2 4 149 245 -1
15 3 4 195 243 0.289505
15 3 4 195 244 0.313046
15 3 4 195 245 0.283029
15 3 4 196 243 0.203582
15 3 4 196 244 0.20218
15 3 4 196 245 0.51761
15 3 4 197 243 0.44334
15 3 4 197 244 0.394415
15 3 4 197 245 0.00516558
15 3 4 198 243 -0.858823
15 3 4 198 244 -0.824075
15 3 4 198 245 -1
16 0 1 41 92 0.621266
16 0 1 41 93 -1
16 0 1 41 94 -1
16 0 1 42 92 0.972347
16 0 1 42 93 -1
16 0 1 42 94 -1
16 0 1 43 92 -1
16 0 1 43 93 -1
16 0 1 43 94 0.77415
16 0 2 41 150 -0.833937
16 0 2 41 151 0.31993
16 0 2 41 152 0.800782
16 0 2 41 153 0.713226
16 0 2 42 150 0.987684
16 0 2 42 151 -1
16 0 2 42 152 -1
16 0 2 42 153 -1
16 0 2 43 150 -1
16 0 2 43 151 0.823051
16 0 2 43 152 -1
16 0 2 43 153 -1
16 0 3 41 199 0.498378
16 0 3 41 200 -1
16 0 3 42 199 -1
16 0 3 42 200 -1
16 0 3 43 199 0.711835
16 0 3 43 200 -1
16 0 4 41 246 0.737733
16 0 4 41 247 -1
16 0 4 42 246 -1
16 0 4 42 247 0.931237
16 0 4 43 246 -1
16 0 4 43 247 0.994775
16 1 2 92 150 0.942021
16 1 2 92 151 0.678391
16 1 2 92 152 -1
16 1 2 92 153 -1
16 1 2 93 150 -1
16 1 2 93 151 -1
16 1 2 93 152 -1
16 1 2 93 153 0.352131
16 1 2 94 150 0.237436
16 1 2 94 151 0.868686
16 1 2 94 152 -1
16 1 2 94 153 -1
16 1 3 92 199 -1
16 1 3 92 200 -1
16 1 3 93 199 -1
16 1 3 93 200 -1
16 1 3 94 199 -1
16 1 3 94 200 -1
16 1 4 92 246 -1
16 1 4 92 247 0.81606
16 1 4 93 246 0.8818
16 1 4 93 247 -1
16 1 4 94 246 -1
16 1 4 94 247 0.18343
16 2 3 150 199 -1
16 2 3 150 200 -1
16 2 3 151 199 0.67454
16 2 3 151 200 -1
16 2 3 152 199 0.491724
16 2 3 152 200 -1
16 2 3 153 199 0.710904
16 2 3 153 200 -1
16 2 4 150 246 -1
16 2 4 150 247 0.859905
16 2 4 151 246 -1
16 2 4 151 247 0.32937
16 2 4 152 246 -1
16 2 4 152 247 -1
16 2 4 153 246 -1
16 2 4 153 247 -1
16 3 4 199 246 -1
16 3 4 199 247 -1
16 3 4 200 246 -1
16 3 4 200 247 -1
17 0 1 44 95 0.103422
17 0 1 44 96 -1
17 0 1 44 97 -1
17 0 1 45 95 0.896578
17 0 1 45 96 -1
17 0 1 45 97 -1
17 0 2 44 154 -1
17 0 2 44 155 0.919199
17 0 2 45 154 0.927999
17 0 2 45 155 -1
17 0 3 44 201 -1
17 0 3 45 201 0.909632
17 0 4 44 248 0.354968
17 0 4 44 249 -1
17 0 4 45 248 -1
17 0 4 45 249 0.829302
17 1 2 95 154 0.631371
17 1 2 95 155 0.368628
17 1 2 96 154 0.337821
17 1 2 96 155 0.662179
17 1 2 97 154 -1
17 1 2 97 155 -1
17 1 3 95 201 0.990878
17 1 3 96 201 -1
17 1 3 97 201 -1
17 1 4 95 248 -1
17 1 4 95 249 0.833602
17 1 4 96 248 -1
17 1 4 96 249 -1
17 1 4 97 248 0.84482
17 1 4 97 249 -1
17 2 3 154 201 0.981164
17 2 3 155 201 -1
17 2 4 154 248 -1
17 2 4 154 249 0.469063
17 2 4 155 248 -1
17 2 4 155 249 -1
17 3 4 201 248 0.0265457
17 3 4 201 249 0.40927
18 0 1 46 98 0.396686
18 0 1 46 99 0.604435
18 0 1 46 100 -1
18 0 1 47 98 0.603314
18 0 1 47 99 -1
18 0 1 47 100 -1
18 0 2 46 156 -1
18 0 2 46 157 -1
18 0 2 47 156 0.980203
18 0 2 47 157 -1
18 0 3 46 202 -1
18 0 3 46 203 -1
18 0 3 47 202 -1
18 0 3 47 203 0.83306
18 0 4 46 250 0.0993111
18 0 4 46 251 -1
18 0 4 46 252 -1
18 0 4 47 250 -1
18 0 4 47 251 0.744631
18 0 4 47 252 0.989624
18 1 2 98 156 0.94661
18 1 2 98 157 -1
18 1 2 99 156 -1
18 1 2 99 157 -1
18 1 2 100 156 -1
18 1 2 100 157 0.984567
18 1 3 98 202 0.479022
18 1 3 98 203 0.520978
18 1 3 99 202 -1
18 1 3 99 203 -1
18 1 3 100 202 0.594555
18 1 3 100 203 0.405445
18 1 4 98 250 -1
18 1 4 98 251 -1
18 1 4 98 252 0.948169
18 1 4 99 250 -1
18 1 4 99 251 -1
18 1 4 99 252 -1
18 1 4 100 250 -1
18 1 4 100 251 0.906169
18 1 4 100 252 -1
18 2 3 156 202 -1
18 2 3 156 203 0.863434
18 2 3 157 202 0.840935
18 2 3 157 203 -1
18 2 4 156 250 -1
18 2 4 156 251 -1
18 2 4 156 252 0.903591
18 2 4 157 250 -1
18 2 4 157 251 0.934895
18 2 4 157 252 -1
18 3 4 202 250 0.719929
18 3 4 202 251 0.780635
18 3 4 202 252 -1
18 3 4 203 250 -1
18 3 4 203 251 -1
18 3 4 203 252 0.914192
end of Frame 154
