J OverallIdx viewIdx joint种类0-18(jointIdx) 该joint在图中的顺序(candidix) x y score
0 0 0 0 53.3522 362.71 0.770164
1 0 0 1 507.607 390.118 0.71739
2 0 0 2 308.539 444.922 0.534489
3 0 1 0 305.766 200.372 0.827511
4 0 1 1 55.9341 213.043 0.905441
5 0 1 2 527.072 210.903 0.874064
6 0 2 0 485.217 388.029 0.683547
7 0 2 1 364.549 442.81 0.568691
8 0 3 0 84.2176 362.712 0.731066
9 0 3 1 530.031 390.136 0.684932
10 0 3 2 258.058 444.937 0.537222
11 0 4 0 462.66 156.074 0.911294
12 0 4 1 100.845 160.215 0.938498
13 0 5 0 389.856 204.574 0.817522
14 0 5 1 490.766 210.903 0.78552
15 0 6 0 232.738 196.187 0.83568
16 0 6 1 552.519 210.835 0.851844
17 0 6 2 103.792 219.269 0.84139
18 0 7 0 25.1924 480.768 0.75195
19 0 7 1 501.928 518.772 0.745098
20 0 7 2 342.137 632.621 0.757533
21 0 8 0 81.2702 480.835 0.852132
22 0 8 1 530.117 525.042 0.769491
23 0 8 2 260.766 632.588 0.699067
24 0 9 0 344.983 113.9 0.882819
25 0 9 1 53.3093 153.9 0.849359
26 0 10 0 266.395 113.929 0.828806
27 0 10 1 507.597 145.55 0.895911
28 0 11 0 487.994 295.168 0.175185
29 0 11 1 437.334 335.311 0.857519
30 0 12 0 126.122 282.589 0.762713
31 0 12 1 614.143 278.413 0.914487
32 0 12 2 210.343 335.325 0.822438
33 0 13 0 507.675 632.59 0.833219
34 0 13 1 333.755 765.5 0.378858
35 0 14 0 78.5048 594.684 0.826147
36 0 14 1 569.278 651.628 0.774081
37 0 14 2 266.445 767.317 0.238586
38 0 15 0 392.645 419.665 0.69952
39 0 16 0 137.395 314.257 0.637443
40 0 16 1 552.51 335.296 0.836112
41 0 16 2 213.26 430.189 0.734115
42 0 17 0 78.5442 620.013 0.772505
43 0 17 1 521.618 685.423 0.713978
44 0 18 0 30.9056 613.574 0.462592
45 0 18 1 445.942 649.497 0.79256
46 1 0 0 546.756 379.535 0.814305
47 1 0 1 687.143 400.628 0.681523
48 1 0 2 123.381 436.519 0.679695
49 1 1 0 684.225 225.617 0.870494
50 1 1 1 117.813 227.788 0.877041
51 1 1 2 549.521 244.676 0.949173
52 1 2 0 518.738 379.53 0.776621
53 1 2 1 706.705 398.561 0.637484
54 1 2 2 78.4613 438.602 0.635067
55 1 3 0 572.028 379.557 0.830049
56 1 3 1 673.065 400.694 0.65897
57 1 3 2 168.244 436.488 0.652754
58 1 4 0 58.9283 158.146 0.925269
59 1 4 1 187.948 166.554 0.431216
60 1 4 2 616.983 181.316 0.892544
61 1 4 3 527.285 196.137 0.958132
62 1 5 0 53.3476 231.996 0.830718
63 1 5 1 703.919 227.678 0.782529
64 1 5 2 507.513 244.674 0.932098
65 1 6 0 179.468 223.53 0.792085
66 1 6 1 662.002 225.572 0.907714
67 1 6 2 588.897 244.609 0.897286
68 1 7 0 524.474 482.899 0.85187
69 1 7 1 689.868 529.305 0.779886
70 1 7 2 75.6231 586.204 0.70266
71 1 8 0 586.111 480.743 0.827355
72 1 8 1 664.567 531.431 0.840426
73 1 8 2 190.546 581.939 0.788752
74 1 9 0 162.636 160.273 0.277711
75 1 10 0 123.311 141.289 0.977111
76 1 10 1 650.601 170.76 0.824383
77 1 10 2 569.172 193.983 0.944668
78 1 11 0 468.347 293.129 0.905678
79 1 11 1 732.075 320.521 0.62307
80 1 11 2 50.409 333.186 0.281588
81 1 12 0 628.173 293.14 0.893277
82 1 12 1 213.301 324.735 0.858654
83 1 12 2 681.306 326.86 0.830447
84 1 13 0 527.174 571.467 0.853708
85 1 13 1 684.155 647.294 0.746083
86 1 13 2 56.2141 752.818 0.538549
87 1 14 0 597.26 567.254 0.845285
88 1 14 1 689.854 666.423 0.766064
89 1 14 2 207.504 695.879 0.776526
90 1 15 0 496.344 331.087 0.89662
91 1 16 0 597.422 335.279 0.882214
92 1 16 1 179.519 396.469 0.863198
93 1 16 2 639.387 396.496 0.866237
94 1 17 0 594.519 598.776 0.898121
95 1 17 1 633.742 672.662 0.739793
96 1 17 2 196.298 731.631 0.77015
97 1 18 0 499.097 594.633 0.783522
98 1 18 1 639.345 647.405 0.810669
99 1 18 2 67.2987 763.333 0.187486
100 2 0 0 401.021 282.537 0.761168
101 2 0 1 729.203 371.159 0.766599
102 2 0 2 168.185 662.13 0.541443
103 2 1 0 392.642 126.471 0.945026
104 2 1 1 771.062 227.737 0.847888
105 2 1 2 126.17 430.277 0.79877
106 2 1 3 695.431 664.23 0.576888
107 2 2 0 370.266 286.791 0.779529
108 2 2 1 706.767 362.752 0.77052
109 2 2 2 190.592 668.479 0.581475
110 2 3 0 434.658 278.413 0.792863
111 2 3 1 751.605 379.517 0.782454
112 2 3 2 140.251 651.581 0.434882
113 2 4 0 414.905 92.7297 0.959948
114 2 4 1 712.334 177.085 0.885807
115 2 4 2 816.044 678.94 0.804431
116 2 5 0 347.664 132.836 0.826006
117 2 5 1 734.806 210.806 0.703959
118 2 5 2 168.212 463.886 0.588193
119 2 5 3 639.489 689.58 0.533973
120 2 6 0 437.492 115.95 0.867155
121 2 6 1 796.486 246.699 0.8482
122 2 6 2 78.5851 396.514 0.749727
123 2 6 3 745.934 630.455 0.426678
124 2 7 0 370.134 390.078 0.831722
125 2 7 1 703.925 461.808 0.832735
126 2 7 2 235.553 765.294 0.453975
127 2 8 0 443.181 373.265 0.773067
128 2 8 1 729.271 468.118 0.835552
129 2 8 2 199.132 738.069 0.302693
130 2 9 0 373.113 75.8382 0.847366
131 2 9 1 204.691 329.024 0.802896
132 2 9 2 729.101 617.94 0.756611
133 2 10 0 437.404 75.7789 0.289876
134 2 10 1 773.946 175.007 0.953526
135 2 10 2 100.934 324.758 0.512526
136 2 11 0 280.325 194.12 0.921333
137 2 11 1 726.333 269.893 0.616061
138 2 11 2 190.559 626.238 0.758775
139 2 11 3 571.98 765.371 0.300154
140 2 12 0 459.939 160.265 0.90043
141 2 12 1 813.173 341.612 0.860159
142 2 12 2 25.2394 413.336 0.16142
143 2 12 3 779.567 693.787 0.715965
144 2 13 0 370.198 476.6 0.848432
145 2 13 1 703.789 539.818 0.79344
146 2 14 0 437.619 447.064 0.915759
147 2 14 1 745.991 552.52 0.664042
148 2 15 0 330.96 246.738 0.880637
149 2 15 1 701.074 322.632 0.713846
150 2 15 2 288.833 632.525 0.80237
151 2 16 0 462.745 219.276 0.836961
152 2 16 1 751.733 392.198 0.881233
153 2 16 2 210.26 453.405 0.294946
154 2 16 3 824.521 765.46 0.455641
155 2 17 0 476.668 480.711 0.861831
156 2 17 1 687.083 560.897 0.180655
157 2 18 0 375.83 514.615 0.747748
158 2 18 1 642.253 550.371 0.824979
159 3 0 0 617.084 324.718 0.700053
160 3 0 1 286.065 373.232 0.682077
161 3 0 2 729.154 444.917 0.448905
162 3 0 3 1029.21 444.882 0.310573
163 3 1 0 726.218 168.686 0.787476
164 3 1 1 266.395 185.563 0.755346
165 3 1 2 602.899 191.927 0.823292
166 3 2 0 583.289 324.732 0.644866
167 3 2 1 266.463 375.336 0.653255
168 3 2 2 793.627 434.409 0.423825
169 3 2 3 1029.21 449.136 0.206429
170 3 3 0 658.965 320.517 0.664587
171 3 3 1 305.789 371.107 0.644473
172 3 3 2 1009.58 434.412 0.400602
173 3 3 3 1029.2 434.389 0.396094
174 3 3 4 664.673 442.838 0.441273
175 3 4 0 322.424 126.433 0.919449
176 3 4 1 594.423 141.287 0.940762
177 3 5 0 818.883 160.277 0.817691
178 3 5 1 246.777 191.812 0.785563
179 3 5 2 558.095 193.929 0.839768
180 3 6 0 286.1 179.292 0.693493
181 3 6 1 639.311 183.429 0.787975
182 3 6 2 1029.2 208.76 0.250417
183 3 7 0 594.489 449.205 0.782078
184 3 7 1 280.533 514.582 0.81433
185 3 7 2 976.039 560.919 0.277688
186 3 7 3 774.054 653.671 0.741206
187 3 8 0 659.004 461.751 0.371613
188 3 8 1 322.474 501.859 0.781446
189 3 8 2 975.966 560.939 0.438861
190 3 8 3 684.173 666.444 0.776287
191 3 9 0 737.497 59.107 0.432604
192 3 9 1 263.649 118.068 0.827736
193 3 9 2 572.097 128.703 0.313173
194 3 10 0 650.598 63.2799 0.773026
195 3 10 1 622.536 128.614 0.795962
196 3 11 0 201.929 263.607 0.843899
197 3 11 1 543.949 272.021 0.821378
198 3 11 2 866.648 307.89 0.620967
199 3 12 0 594.386 297.343 0.630488
200 3 13 0 600.17 550.319 0.819829
201 3 13 1 277.676 649.565 0.796349
202 3 13 2 914.224 700.162 0.269367
203 3 14 0 661.747 550.348 0.190936
204 3 14 1 305.66 605.24 0.805982
205 3 14 2 917 700.138 0.376923
206 3 15 0 257.927 326.748 0.875063
207 3 15 1 555.272 331.141 0.700402
208 3 15 2 846.895 385.92 0.267
209 3 16 0 574.979 360.596 0.420991
210 3 17 0 367.277 615.743 0.906901
211 3 17 1 970.324 704.312 0.331749
212 3 18 0 569.212 581.897 0.832652
213 3 18 1 342.12 674.779 0.787838
214 3 18 2 953.434 704.332 0.203464
215 4 0 0 964.679 263.554 0.703777
216 4 0 1 575.014 293.11 0.318413
217 4 0 2 647.815 328.911 0.572116
218 4 1 0 656.179 111.847 0.839122
219 4 1 1 569.327 130.802 0.347607
220 4 1 2 975.743 139.151 0.899608
221 4 2 0 995.512 265.664 0.734616
222 4 2 1 586.088 295.197 0.471085
223 4 2 2 698.235 331.081 0.544283
224 4 3 0 933.958 261.507 0.729864
225 4 3 1 608.505 326.811 0.494134
226 4 4 0 619.809 82.2777 0.825814
227 4 5 0 726.221 111.725 0.828127
228 4 5 1 555.275 134.944 0.736045
229 4 5 2 1029.2 141.2 0.909678
230 4 6 0 591.709 113.862 0.794582
231 4 6 1 931.05 134.961 0.877468
232 4 7 0 970.345 356.402 0.814102
233 4 7 1 574.913 400.652 0.298627
234 4 7 2 698.217 516.646 0.704531
235 4 8 0 936.609 360.495 0.814242
236 4 8 1 580.512 411.184 0.189543
237 4 8 2 594.619 497.57 0.783192
238 4 9 0 701.082 35.8767 0.802196
239 4 9 1 577.704 75.8212 0.939183
240 4 9 2 998.264 88.5812 0.884679
241 4 10 0 636.586 42.1747 0.377178
242 4 10 1 953.519 80.1111 0.787542
243 4 11 0 802.076 202.434 0.827172
244 4 11 1 1029.21 204.578 0.922918
245 4 11 2 516.001 215.116 0.779477
246 4 12 0 905.746 202.406 0.847005
247 4 12 1 521.579 215.124 0.405432
248 4 13 0 961.918 440.697 0.678996
249 4 13 1 572.105 493.45 0.400853
250 4 13 2 689.832 662.082 0.781498
251 4 14 0 947.815 461.719 0.764091
252 4 14 1 575.022 632.611 0.753315
253 4 15 0 1029.2 265.733 0.833657
254 4 15 1 751.56 274.148 0.869213
255 4 15 2 563.716 278.418 0.746702
256 4 16 0 908.51 242.491 0.886566
257 4 16 1 552.521 274.098 0.272357
258 4 17 0 911.442 468.116 0.739194
259 4 17 1 583.314 634.686 0.344946
260 4 18 0 737.574 649.409 0.733151
P viewIdx, pafIdx, aOverAllIdx, bOverAllIdx, CandidAIdx, CandidBIdx, score
0 0 3 0 0 0 0
0 0 3 1 0 1 0
0 0 3 2 0 2 0.983855
0 0 4 0 1 0 0.991432
0 0 4 1 1 1 0
0 0 4 2 1 2 0
0 0 5 0 2 0 0
0 0 5 1 2 1 0.970947
0 0 5 2 2 2 0
0 1 6 18 0 0 0
0 1 6 19 0 1 0.97696
0 1 6 20 0 2 0
0 1 7 18 1 0 0
0 1 7 19 1 1 0
0 1 7 20 1 2 0.983322
0 2 18 33 0 0 0
0 2 18 34 0 1 0
0 2 19 33 1 0 0.994046
0 2 19 34 1 1 0
0 2 20 33 2 0 0
0 2 20 34 2 1 0.979159
0 3 0 6 0 0 0
0 3 0 7 0 1 0
0 3 1 6 1 0 0.929411
0 3 1 7 1 1 0
0 3 2 6 2 0 0
0 3 2 7 2 1 0.871008
0 4 0 8 0 0 0.942283
0 4 0 9 0 1 0
0 4 0 10 0 2 0
0 4 1 8 1 0 0
0 4 1 9 1 1 0.935936
0 4 1 10 1 2 0
0 4 2 8 2 0 0
0 4 2 9 2 1 0
0 4 2 10 2 2 0.866051
0 5 8 21 0 0 0.998526
0 5 8 22 0 1 0
0 5 8 23 0 2 0
0 5 9 21 1 0 0
0 5 9 22 1 1 0.989925
0 5 9 23 1 2 0
0 5 10 21 2 0 0
0 5 10 22 2 1 0
0 5 10 23 2 2 0.977593
0 6 21 35 0 0 0.999498
0 6 21 36 0 1 0
0 6 21 37 0 2 0
0 6 22 35 1 0 0
0 6 22 36 1 1 0.995191
0 6 22 37 1 2 0
0 6 23 35 2 0 0
0 6 23 36 2 1 0
0 6 23 37 2 2 0.97921
0 7 3 13 0 0 0.975954
0 7 3 14 0 1 0
0 7 4 13 1 0 0
0 7 4 14 1 1 0
0 7 5 13 2 0 0
0 7 5 14 2 1 0.988512
0 8 13 28 0 0 0
0 8 13 29 0 1 0.997911
0 8 14 28 1 0 0.75945
0 8 14 29 1 1 0
0 9 28 38 0 0 0.485287
0 9 29 38 1 0 0.514713
0 10 13 24 0 0 0.991914
0 10 13 25 0 1 0
0 10 14 24 1 0 0
0 10 14 25 1 1 0
0 11 3 15 0 0 0.972646
0 11 3 16 0 1 0
0 11 3 17 0 2 0
0 11 4 15 1 0 0
0 11 4 16 1 1 0
0 11 4 17 1 2 0.999291
0 11 5 15 2 0 0
0 11 5 16 2 1 0.992597
0 11 5 17 2 2 0
0 12 15 30 0 0 0
0 12 15 31 0 1 0
0 12 15 32 0 2 0.982763
0 12 16 30 1 0 0
0 12 16 31 1 1 0.991703
0 12 16 32 1 2 0
0 12 17 30 2 0 0.988532
0 12 17 31 2 1 0
0 12 17 32 2 2 0
0 13 30 39 0 0 0.984151
0 13 30 40 0 1 0
0 13 30 41 0 2 0
0 13 31 39 1 0 0
0 13 31 40 1 1 0.95108
0 13 31 41 1 2 0
0 13 32 39 2 0 0
0 13 32 40 2 1 0
0 13 32 41 2 2 0.977217
0 14 15 26 0 0 0.98718
0 14 15 27 0 1 0
0 14 16 26 1 0 0
0 14 16 27 1 1 0.99031
0 14 17 26 2 0 0
0 14 17 27 2 1 0
0 15 3 11 0 0 0
0 15 3 12 0 1 0
0 15 4 11 1 0 0
0 15 4 12 1 1 0.979612
0 15 5 11 2 0 0.993655
0 15 5 12 2 1 0
0 16 35 42 0 0 0.987093
0 16 35 43 0 1 0
0 16 36 42 1 0 0
0 16 36 43 1 1 0.957799
0 16 37 42 2 0 0
0 16 37 43 2 1 0
0 17 33 44 0 0 0
0 17 33 45 0 1 0.956565
0 17 34 44 1 0 0
0 17 34 45 1 1 0
1 0 49 46 0 0 0
1 0 49 47 0 1 0.970536
1 0 49 48 0 2 0
1 0 50 46 1 0 0
1 0 50 47 1 1 0
1 0 50 48 1 2 0.987244
1 0 51 46 2 0 0.996615
1 0 51 47 2 1 0
1 0 51 48 2 2 0
1 1 52 68 0 0 0.990499
1 1 52 69 0 1 0
1 1 52 70 0 2 0
1 1 53 68 1 0 0
1 1 53 69 1 1 0.941242
1 1 53 70 1 2 0
1 1 54 68 2 0 0
1 1 54 69 2 1 0
1 1 54 70 2 2 0.986068
1 2 68 84 0 0 0.998137
1 2 68 85 0 1 0
1 2 68 86 0 2 0
1 2 69 84 1 0 0
1 2 69 85 1 1 0.988993
1 2 69 86 1 2 0
1 2 70 84 2 0 0
1 2 70 85 2 1 0
1 2 70 86 2 2 0.978436
1 3 46 52 0 0 0.972957
1 3 46 53 0 1 0
1 3 46 54 0 2 0
1 3 47 52 1 0 0
1 3 47 53 1 1 0.886823
1 3 47 54 1 2 0
1 3 48 52 2 0 0
1 3 48 53 2 1 0
1 3 48 54 2 2 0.909737
1 4 46 55 0 0 0.970427
1 4 46 56 0 1 0
1 4 46 57 0 2 0
1 4 47 55 1 0 0
1 4 47 56 1 1 0.88858
1 4 47 57 1 2 0
1 4 48 55 2 0 0
1 4 48 56 2 1 0
1 4 48 57 2 2 0.901488
1 5 55 71 0 0 0.992454
1 5 55 72 0 1 0
1 5 55 73 0 2 0
1 5 56 71 1 0 0
1 5 56 72 1 1 0.977542
1 5 56 73 1 2 0
1 5 57 71 2 0 0
1 5 57 72 2 1 0
1 5 57 73 2 2 0.989289
1 6 71 87 0 0 0.523836
1 6 71 88 0 1 0.251228
1 6 71 89 0 2 0
1 6 72 87 1 0 0
1 6 72 88 1 1 0.523552
1 6 72 89 1 2 0
1 6 73 87 2 0 0
1 6 73 88 2 1 0
1 6 73 89 2 2 0.992129
1 7 49 62 0 0 0
1 7 49 63 0 1 0.989684
1 7 49 64 0 2 0
1 7 50 62 1 0 0.989175
1 7 50 63 1 1 0
1 7 50 64 1 2 0
1 7 51 62 2 0 0
1 7 51 63 2 1 0
1 7 51 64 2 2 0.992316
1 8 62 78 0 0 0
1 8 62 79 0 1 0
1 8 62 80 0 2 0.839339
1 8 63 78 1 0 0
1 8 63 79 1 1 0.935224
1 8 63 80 1 2 0
1 8 64 78 2 0 0.974671
1 8 64 79 2 1 0
1 8 64 80 2 2 0
1 9 78 90 0 0 0.986882
1 9 79 90 1 0 0
1 9 80 90 2 0 0
1 10 62 74 0 0 0
1 10 63 74 1 0 0
1 10 64 74 2 0 0
1 11 49 65 0 0 0
1 11 49 66 0 1 0.992864
1 11 49 67 0 2 0
1 11 50 65 1 0 0.991637
1 11 50 66 1 1 0
1 11 50 67 1 2 0
1 11 51 65 2 0 0
1 11 51 66 2 1 0
1 11 51 67 2 2 0.996106
1 12 65 81 0 0 0
1 12 65 82 0 1 0.990392
1 12 65 83 0 2 0
1 12 66 81 1 0 0.249725
1 12 66 82 1 1 0
1 12 66 83 1 2 0.271685
1 12 67 81 2 0 0.271359
1 12 67 82 2 1 0
1 12 67 83 2 2 0.250816
1 13 81 91 0 0 0.284249
1 13 81 92 0 1 0
1 13 81 93 0 2 0.255875
1 13 82 91 1 0 0
1 13 82 92 1 1 0.961692
1 13 82 93 1 2 0
1 13 83 91 2 0 0.254612
1 13 83 92 2 1 0
1 13 83 93 2 2 0.283756
1 14 65 75 0 0 0.989597
1 14 65 76 0 1 0
1 14 65 77 0 2 0
1 14 66 75 1 0 0
1 14 66 76 1 1 0.97895
1 14 66 77 1 2 0
1 14 67 75 2 0 0
1 14 67 76 2 1 0
1 14 67 77 2 2 0.990303
1 15 49 58 0 0 0
1 15 49 59 0 1 0
1 15 49 60 0 2 0.996216
1 15 49 61 0 3 0
1 15 50 58 1 0 0.988832
1 15 50 59 1 1 0
1 15 50 60 1 2 0
1 15 50 61 1 3 0
1 15 51 58 2 0 0
1 15 51 59 2 1 0
1 15 51 60 2 2 0
1 15 51 61 2 3 0.986128
1 16 87 94 0 0 0.981293
1 16 87 95 0 1 0
1 16 87 96 0 2 0
1 16 88 94 1 0 0
1 16 88 95 1 1 0.950147
1 16 88 96 1 2 0
1 16 89 94 2 0 0
1 16 89 95 2 1 0
1 16 89 96 2 2 0.982118
1 17 84 97 0 0 0.967484
1 17 84 98 0 1 0
1 17 84 99 0 2 0
1 17 85 97 1 0 0
1 17 85 98 1 1 0.963009
1 17 85 99 1 2 0
1 17 86 97 2 0 0
1 17 86 98 2 1 0
1 17 86 99 2 2 0.82662
2 0 103 100 0 0 0.997326
2 0 103 101 0 1 0
2 0 103 102 0 2 0
2 0 104 100 1 0 0
2 0 104 101 1 1 0.981007
2 0 104 102 1 2 0
2 0 105 100 2 0 0
2 0 105 101 2 1 0
2 0 105 102 2 2 0.970766
2 0 106 100 3 0 0
2 0 106 101 3 1 0
2 0 106 102 3 2 0
2 1 107 124 0 0 0.993217
2 1 107 125 0 1 0
2 1 107 126 0 2 0
2 1 108 124 1 0 0
2 1 108 125 1 1 0.986639
2 1 108 126 1 2 0
2 1 109 124 2 0 0
2 1 109 125 2 1 0
2 1 109 126 2 2 0.975447
2 2 124 144 0 0 0.997271
2 2 124 145 0 1 0
2 2 125 144 1 0 0
2 2 125 145 1 1 0.986109
2 2 126 144 2 0 0
2 2 126 145 2 1 0
2 3 100 107 0 0 0.933091
2 3 100 108 0 1 0
2 3 100 109 0 2 0
2 3 101 107 1 0 0
2 3 101 108 1 1 0.962951
2 3 101 109 1 2 0
2 3 102 107 2 0 0
2 3 102 108 2 1 0
2 3 102 109 2 2 0.903908
2 4 100 110 0 0 0.943261
2 4 100 111 0 1 0
2 4 100 112 0 2 0
2 4 101 110 1 0 0
2 4 101 111 1 1 0.971376
2 4 101 112 1 2 0
2 4 102 110 2 0 0
2 4 102 111 2 1 0
2 4 102 112 2 2 0.882371
2 5 110 127 0 0 0.997951
2 5 110 128 0 1 0
2 5 110 129 0 2 0
2 5 111 127 1 0 0
2 5 111 128 1 1 0.974587
2 5 111 129 1 2 0
2 5 112 127 2 0 0
2 5 112 128 2 1 0
2 5 112 129 2 2 0.928811
2 6 127 146 0 0 0.995702
2 6 127 147 0 1 0
2 6 128 146 1 0 0
2 6 128 147 1 1 0.991575
2 6 129 146 2 0 0
2 6 129 147 2 1 0
2 7 103 116 0 0 0.991193
2 7 103 117 0 1 0
2 7 103 118 0 2 0
2 7 103 119 0 3 0
2 7 104 116 1 0 0
2 7 104 117 1 1 0.989819
2 7 104 118 1 2 0
2 7 104 119 1 3 0
2 7 105 116 2 0 0
2 7 105 117 2 1 0
2 7 105 118 2 2 0.976765
2 7 105 119 2 3 0
2 7 106 116 3 0 0
2 7 106 117 3 1 0
2 7 106 118 3 2 0
2 7 106 119 3 3 0.900471
2 8 116 136 0 0 0.972603
2 8 116 137 0 1 0
2 8 116 138 0 2 0
2 8 116 139 0 3 0
2 8 117 136 1 0 0
2 8 117 137 1 1 0.930677
2 8 117 138 1 2 0
2 8 117 139 1 3 0
2 8 118 136 2 0 0
2 8 118 137 2 1 0
2 8 118 138 2 2 0.973578
2 8 118 139 2 3 0
2 8 119 136 3 0 0
2 8 119 137 3 1 0
2 8 119 138 3 2 0
2 8 119 139 3 3 0.885378
2 9 136 148 0 0 0.987053
2 9 136 149 0 1 0
2 9 136 150 0 2 0
2 9 137 148 1 0 0
2 9 137 149 1 1 0.949616
2 9 137 150 1 2 0
2 9 138 148 2 0 0
2 9 138 149 2 1 0
2 9 138 150 2 2 0.982158
2 9 139 148 3 0 0
2 9 139 149 3 1 0
2 9 139 150 3 2 0
2 10 116 130 0 0 0.966457
2 10 116 131 0 1 0
2 10 116 132 0 2 0
2 10 117 130 1 0 0
2 10 117 131 1 1 0
2 10 117 132 1 2 0
2 10 118 130 2 0 0
2 10 118 131 2 1 0.968248
2 10 118 132 2 2 0
2 10 119 130 3 0 0
2 10 119 131 3 1 0
2 10 119 132 3 2 0.907465
2 11 103 120 0 0 0.979369
2 11 103 121 0 1 0
2 11 103 122 0 2 0
2 11 103 123 0 3 0
2 11 104 120 1 0 0
2 11 104 121 1 1 0.997497
2 11 104 122 1 2 0
2 11 104 123 1 3 0
2 11 105 120 2 0 0
2 11 105 121 2 1 0
2 11 105 122 2 2 0.974699
2 11 105 123 2 3 0
2 11 106 120 3 0 0
2 11 106 121 3 1 0
2 11 106 122 3 2 0
2 11 106 123 3 3 0.901757
2 12 120 140 0 0 0.993047
2 12 120 141 0 1 0
2 12 120 142 0 2 0
2 12 120 143 0 3 0
2 12 121 140 1 0 0
2 12 121 141 1 1 0.996819
2 12 121 142 1 2 0
2 12 121 143 1 3 0
2 12 122 140 2 0 0
2 12 122 141 2 1 0
2 12 122 142 2 2 0
2 12 122 143 2 3 0
2 12 123 140 3 0 0
2 12 123 141 3 1 0
2 12 123 142 3 2 0
2 12 123 143 3 3 0.954632
2 13 140 151 0 0 0.994187
2 13 140 152 0 1 0
2 13 140 153 0 2 0
2 13 140 154 0 3 0
2 13 141 151 1 0 0
2 13 141 152 1 1 0.973728
2 13 141 153 1 2 0
2 13 141 154 1 3 0
2 13 142 151 2 0 0
2 13 142 152 2 1 0
2 13 142 153 2 2 0
2 13 142 154 2 3 0
2 13 143 151 3 0 0
2 13 143 152 3 1 0
2 13 143 153 3 2 0
2 13 143 154 3 3 0.994908
2 14 120 133 0 0 0.798464
2 14 120 134 0 1 0
2 14 120 135 0 2 0
2 14 121 133 1 0 0
2 14 121 134 1 1 0.997663
2 14 121 135 1 2 0
2 14 122 133 2 0 0
2 14 122 134 2 1 0
2 14 122 135 2 2 0.861166
2 14 123 133 3 0 0
2 14 123 134 3 1 0
2 14 123 135 3 2 0
2 15 103 113 0 0 0.993832
2 15 103 114 0 1 0
2 15 103 115 0 2 0
2 15 104 113 1 0 0
2 15 104 114 1 1 0.999218
2 15 104 115 1 2 0
2 15 105 113 2 0 0
2 15 105 114 2 1 0
2 15 105 115 2 2 0
2 15 106 113 3 0 0
2 15 106 114 3 1 0
2 15 106 115 3 2 0.979201
2 16 146 155 0 0 0.971583
2 16 146 156 0 1 0
2 16 147 155 1 0 0
2 16 147 156 1 1 0.814235
2 17 144 157 0 0 0.971338
2 17 144 158 0 1 0
2 17 145 157 1 0 0
2 17 145 158 1 1 0.977791
3 0 163 159 0 0 0
3 0 163 160 0 1 0
3 0 163 161 0 2 0.986953
3 0 163 162 0 3 0
3 0 164 159 1 0 0
3 0 164 160 1 1 0.962216
3 0 164 161 1 2 0
3 0 164 162 1 3 0
3 0 165 159 2 0 0.961741
3 0 165 160 2 1 0
3 0 165 161 2 2 0
3 0 165 162 2 3 0
3 1 166 183 0 0 0.971399
3 1 166 184 0 1 0
3 1 166 185 0 2 0
3 1 166 186 0 3 0
3 1 167 183 1 0 0
3 1 167 184 1 1 0.967707
3 1 167 185 1 2 0
3 1 167 186 1 3 0
3 1 168 183 2 0 0
3 1 168 184 2 1 0
3 1 168 185 2 2 0
3 1 168 186 2 3 0.970245
3 1 169 183 3 0 0
3 1 169 184 3 1 0
3 1 169 185 3 2 0.806348
3 1 169 186 3 3 0
3 2 183 200 0 0 0.989831
3 2 183 201 0 1 0
3 2 183 202 0 2 0
3 2 184 200 1 0 0
3 2 184 201 1 1 0.991807
3 2 184 202 1 2 0
3 2 185 200 2 0 0
3 2 185 201 2 1 0
3 2 185 202 2 2 0.797864
3 2 186 200 3 0 0
3 2 186 201 3 1 0
3 2 186 202 3 2 0
3 3 159 166 0 0 0.922078
3 3 159 167 0 1 0
3 3 159 168 0 2 0
3 3 159 169 0 3 0
3 3 160 166 1 0 0
3 3 160 167 1 1 0.919937
3 3 160 168 1 2 0
3 3 160 169 1 3 0
3 3 161 166 2 0 0
3 3 161 167 2 1 0
3 3 161 168 2 2 0.830018
3 3 161 169 2 3 0
3 3 162 166 3 0 0
3 3 162 167 3 1 0
3 3 162 168 3 2 0
3 3 162 169 3 3 0.684255
3 4 159 170 0 0 0.918914
3 4 159 171 0 1 0
3 4 159 172 0 2 0
3 4 159 173 0 3 0
3 4 159 174 0 4 0
3 4 160 170 1 0 0
3 4 160 171 1 1 0.915958
3 4 160 172 1 2 0
3 4 160 173 1 3 0
3 4 160 174 1 4 0
3 4 161 170 2 0 0
3 4 161 171 2 1 0
3 4 161 172 2 2 0
3 4 161 173 2 3 0
3 4 161 174 2 4 0.827697
3 4 162 170 3 0 0
3 4 162 171 3 1 0
3 4 162 172 3 2 0.567093
3 4 162 173 3 3 0.432907
3 4 162 174 3 4 0
3 5 170 187 0 0 0.26136
3 5 170 188 0 1 0
3 5 170 189 0 2 0
3 5 170 190 0 3 0.266735
3 5 171 187 1 0 0
3 5 171 188 1 1 0.97312
3 5 171 189 1 2 0
3 5 171 190 1 3 0
3 5 172 187 2 0 0
3 5 172 188 2 1 0
3 5 172 189 2 2 0.495682
3 5 172 190 2 3 0
3 5 173 187 3 0 0
3 5 173 188 3 1 0
3 5 173 189 3 2 0.504318
3 5 173 190 3 3 0
3 5 174 187 4 0 0.266691
3 5 174 188 4 1 0
3 5 174 189 4 2 0
3 5 174 190 4 3 0.26151
3 6 187 203 0 0 0.808349
3 6 187 204 0 1 0
3 6 187 205 0 2 0
3 6 188 203 1 0 0
3 6 188 204 1 1 0.97286
3 6 188 205 1 2 0
3 6 189 203 2 0 0
3 6 189 204 2 1 0
3 6 189 205 2 2 0.875113
3 6 190 203 3 0 0
3 6 190 204 3 1 0
3 6 190 205 3 2 0
3 7 163 177 0 0 0.968562
3 7 163 178 0 1 0
3 7 163 179 0 2 0
3 7 164 177 1 0 0
3 7 164 178 1 1 0.955229
3 7 164 179 1 2 0
3 7 165 177 2 0 0
3 7 165 178 2 1 0
3 7 165 179 2 2 0.990755
3 8 177 196 0 0 0
3 8 177 197 0 1 0
3 8 177 198 0 2 0.973993
3 8 178 196 1 0 0.967666
3 8 178 197 1 1 0
3 8 178 198 1 2 0
3 8 179 196 2 0 0
3 8 179 197 2 1 0.990811
3 8 179 198 2 2 0
3 9 196 206 0 0 0.986842
3 9 196 207 0 1 0
3 9 196 208 0 2 0
3 9 197 206 1 0 0
3 9 197 207 1 1 0.994147
3 9 197 208 1 2 0
3 9 198 206 2 0 0
3 9 198 207 2 1 0
3 9 198 208 2 2 0.845799
3 10 177 191 0 0 0.901713
3 10 177 192 0 1 0
3 10 177 193 0 2 0
3 10 178 191 1 0 0
3 10 178 192 1 1 0.98452
3 10 178 193 1 2 0
3 10 179 191 2 0 0
3 10 179 192 2 1 0
3 10 179 193 2 2 0.790898
3 11 163 180 0 0 0
3 11 163 181 0 1 0.520416
3 11 163 182 0 2 0
3 11 164 180 1 0 0.940766
3 11 164 181 1 1 0
3 11 164 182 1 2 0
3 11 165 180 2 0 0
3 11 165 181 2 1 0.479584
3 11 165 182 2 2 0
3 12 180 199 0 0 0
3 12 181 199 1 0 0.965167
3 12 182 199 2 0 0
3 13 199 209 0 0 0.920974
3 14 180 194 0 0 0
3 14 180 195 0 1 0
3 14 181 194 1 0 0.506752
3 14 181 195 1 1 0.493248
3 14 182 194 2 0 0
3 14 182 195 2 1 0
3 15 163 175 0 0 0
3 15 163 176 0 1 0
3 15 164 175 1 0 0.958887
3 15 164 176 1 1 0
3 15 165 175 2 0 0
3 15 165 176 2 1 0.98979
3 16 203 210 0 0 0
3 16 203 211 0 1 0
3 16 204 210 1 0 0.992819
3 16 204 211 1 1 0
3 16 205 210 2 0 0
3 16 205 211 2 1 0.775422
3 17 200 212 0 0 0.975137
3 17 200 213 0 1 0
3 17 200 214 0 2 0
3 17 201 212 1 0 0
3 17 201 213 1 1 0.982443
3 17 201 214 1 2 0
3 17 202 212 2 0 0
3 17 202 213 2 1 0
3 17 202 214 2 2 0.696784
4 0 218 215 0 0 0
4 0 218 216 0 1 0.279457
4 0 218 217 0 2 0.30567
4 0 219 215 1 0 0
4 0 219 216 1 1 0.307922
4 0 219 217 1 2 0.279736
4 0 220 215 2 0 0.976839
4 0 220 216 2 1 0
4 0 220 217 2 2 0
4 1 221 232 0 0 0.984425
4 1 221 233 0 1 0
4 1 221 234 0 2 0
4 1 222 232 1 0 0
4 1 222 233 1 1 0.887253
4 1 222 234 1 2 0
4 1 223 232 2 0 0
4 1 223 233 2 1 0
4 1 223 234 2 2 0.97181
4 2 232 248 0 0 0.961786
4 2 232 249 0 1 0
4 2 232 250 0 2 0
4 2 233 248 1 0 0
4 2 233 249 1 1 0.815644
4 2 233 250 1 2 0
4 2 234 248 2 0 0
4 2 234 249 2 1 0
4 2 234 250 2 2 0.99207
4 3 215 221 0 0 0.936084
4 3 215 222 0 1 0
4 3 215 223 0 2 0
4 3 216 221 1 0 0
4 3 216 222 1 1 0.46827
4 3 216 223 1 2 0.320238
4 3 217 221 2 0 0
4 3 217 222 2 1 0
4 3 217 223 2 2 0.529218
4 4 215 224 0 0 0.941285
4 4 215 225 0 1 0
4 4 216 224 1 0 0
4 4 216 225 1 1 0
4 4 217 224 2 0 0
4 4 217 225 2 1 0.875311
4 5 224 235 0 0 0.987041
4 5 224 236 0 1 0
4 5 224 237 0 2 0
4 5 225 235 1 0 0
4 5 225 236 1 1 0.479037
4 5 225 237 1 2 0.520963
4 6 235 251 0 0 0.997276
4 6 235 252 0 1 0
4 6 236 251 1 0 0
4 6 236 252 1 1 0.456362
4 6 237 251 2 0 0
4 6 237 252 2 1 0.543638
4 7 218 227 0 0 0.989804
4 7 218 228 0 1 0
4 7 218 229 0 2 0
4 7 219 227 1 0 0
4 7 219 228 1 1 0.840983
4 7 219 229 1 2 0
4 7 220 227 2 0 0
4 7 220 228 2 1 0
4 7 220 229 2 2 0.984152
4 8 227 243 0 0 0.991104
4 8 227 244 0 1 0
4 8 227 245 0 2 0
4 8 228 243 1 0 0
4 8 228 244 1 1 0
4 8 228 245 1 2 0.925134
4 8 229 243 2 0 0
4 8 229 244 2 1 0.992225
4 8 229 245 2 2 0
4 9 243 253 0 0 0
4 9 243 254 0 1 0.968494
4 9 243 255 0 2 0
4 9 244 253 1 0 0.995745
4 9 244 254 1 1 0
4 9 244 255 1 2 0
4 9 245 253 2 0 0
4 9 245 254 2 1 0
4 9 245 255 2 2 0.994036
4 10 227 238 0 0 0.997855
4 10 227 239 0 1 0
4 10 227 240 0 2 0
4 10 228 238 1 0 0
4 10 228 239 1 1 0.954264
4 10 228 240 1 2 0
4 10 229 238 2 0 0
4 10 229 239 2 1 0
4 10 229 240 2 2 0.9962
4 11 218 230 0 0 0.955091
4 11 218 231 0 1 0
4 11 219 230 1 0 0
4 11 219 231 1 1 0
4 11 220 230 2 0 0
4 11 220 231 2 1 0.984817
4 12 230 246 0 0 0
4 12 230 247 0 1 0.875401
4 12 231 246 1 0 0.989157
4 12 231 247 1 1 0
4 13 246 256 0 0 0.995408
4 13 246 257 0 1 0
4 13 247 256 1 0 0
4 13 247 257 1 1 0.84183
4 14 230 241 0 0 0.799807
4 14 230 242 0 1 0
4 14 231 241 1 0 0
4 14 231 242 1 1 0.95516
4 15 218 226 0 0 0
4 15 219 226 1 0 0.754884
4 15 220 226 2 0 0
4 16 251 258 0 0 0.945846
4 16 251 259 0 1 0
4 16 252 258 1 0 0
4 16 252 259 1 1 0.684255
4 17 248 260 0 0 0
4 17 249 260 1 0 0
4 17 250 260 2 0 0.920367
E jointIdx viewA viewB aOverAllIdx bOverallIdx score
0 0 1 0 46 0.305933
0 0 1 0 47 -1
0 0 1 0 48 -1
0 0 1 1 46 0.637325
0 0 1 1 47 0.218172
0 0 1 1 48 -1
0 0 1 2 46 0.0530559
0 0 1 2 47 0.867461
0 0 1 2 48 0.0495249
0 0 2 0 100 -1
0 0 2 0 101 -1
0 0 2 0 102 0.548254
0 0 2 1 100 0.910351
0 0 2 1 101 -1
0 0 2 1 102 -1
0 0 2 2 100 -1
0 0 2 2 101 0.96808
0 0 2 2 102 -1
0 0 3 0 159 -1
0 0 3 0 160 -1
0 0 3 0 161 0.889334
0 0 3 0 162 -1
0 0 3 1 159 -1
0 0 3 1 160 0.886422
0 0 3 1 161 -1
0 0 3 1 162 -1
0 0 3 2 159 0.882297
0 0 3 2 160 -1
0 0 3 2 161 -1
0 0 3 2 162 -1
0 0 4 0 215 0.875041
0 0 4 0 216 -1
0 0 4 0 217 -1
0 0 4 1 215 -1
0 0 4 1 216 0.795634
0 0 4 1 217 0.917021
0 0 4 2 215 -1
0 0 4 2 216 0.8044
0 0 4 2 217 0.587642
0 1 2 46 100 0.955439
0 1 2 46 101 -1
0 1 2 46 102 -1
0 1 2 47 100 -1
0 1 2 47 101 0.749381
0 1 2 47 102 -1
0 1 2 48 100 -1
0 1 2 48 101 -1
0 1 2 48 102 0.736339
0 1 3 46 159 0.701905
0 1 3 46 160 0.919433
0 1 3 46 161 -1
0 1 3 46 162 -1
0 1 3 47 159 0.772082
0 1 3 47 160 0.946788
0 1 3 47 161 -1
0 1 3 47 162 -1
0 1 3 48 159 -1
0 1 3 48 160 -1
0 1 3 48 161 -1
0 1 3 48 162 0.868047
0 1 4 46 215 -1
0 1 4 46 216 -1
0 1 4 46 217 0.757123
0 1 4 47 215 -1
0 1 4 47 216 0.611582
0 1 4 47 217 -1
0 1 4 48 215 0.870679
0 1 4 48 216 -1
0 1 4 48 217 -1
0 2 3 100 159 -1
0 2 3 100 160 0.960193
0 2 3 100 161 -1
0 2 3 100 162 -1
0 2 3 101 159 0.911833
0 2 3 101 160 -1
0 2 3 101 161 -1
0 2 3 101 162 -1
0 2 3 102 159 -1
0 2 3 102 160 -1
0 2 3 102 161 0.424302
0 2 3 102 162 -1
0 2 4 100 215 -1
0 2 4 100 216 -1
0 2 4 100 217 0.77682
0 2 4 101 215 -1
0 2 4 101 216 0.863553
0 2 4 101 217 -1
0 2 4 102 215 -1
0 2 4 102 216 -1
0 2 4 102 217 -1
0 3 4 159 215 0.0870223
0 3 4 159 216 0.366167
0 3 4 159 217 -1
0 3 4 160 215 0.297938
0 3 4 160 216 0.0092779
0 3 4 160 217 0.56343
0 3 4 161 215 0.0852558
0 3 4 161 216 -1
0 3 4 161 217 0.19172
0 3 4 162 215 0.377271
0 3 4 162 216 -1
0 3 4 162 217 0.888186
1 0 1 3 49 0.189469
1 0 1 3 50 0.123893
1 0 1 3 51 0.133986
1 0 1 4 49 0.150452
1 0 1 4 50 0.154157
1 0 1 4 51 0.1392
1 0 1 5 49 0.106967
1 0 1 5 50 0.162254
1 0 1 5 51 0.169109
1 0 2 3 103 -1
1 0 2 3 104 0.882321
1 0 2 3 105 -1
1 0 2 3 106 -1
1 0 2 4 103 -1
1 0 2 4 104 -1
1 0 2 4 105 0.981659
1 0 2 4 106 -1
1 0 2 5 103 0.888895
1 0 2 5 104 -1
1 0 2 5 105 -1
1 0 2 5 106 -1
1 0 3 3 163 -1
1 0 3 3 164 0.264179
1 0 3 3 165 0.407051
1 0 3 4 163 0.385579
1 0 3 4 164 0.133959
1 0 3 4 165 0.140212
1 0 3 5 163 -1
1 0 3 5 164 0.467166
1 0 3 5 165 0.311754
1 0 4 3 218 0.222721
1 0 4 3 219 0.223008
1 0 4 3 220 0.0780389
1 0 4 4 218 0.0830641
1 0 4 4 219 0.166985
1 0 4 4 220 0.463902
1 0 4 5 218 0.247195
1 0 4 5 219 0.197
1 0 4 5 220 0.0925956
1 1 2 49 103 -1
1 1 2 49 104 0.747452
1 1 2 49 105 -1
1 1 2 49 106 -1
1 1 2 50 103 -1
1 1 2 50 104 -1
1 1 2 50 105 0.925546
1 1 2 50 106 0.693039
1 1 2 51 103 0.991939
1 1 2 51 104 -1
1 1 2 51 105 -1
1 1 2 51 106 -1
1 1 3 49 163 0.203217
1 1 3 49 164 0.120036
1 1 3 49 165 0.174636
1 1 3 50 163 0.199005
1 1 3 50 164 0.150375
1 1 3 50 165 0.149922
1 1 3 51 163 0.0743992
1 1 3 51 164 0.21421
1 1 3 51 165 0.164513
1 1 4 49 218 -1
1 1 4 49 219 0.935299
1 1 4 49 220 -1
1 1 4 50 218 -1
1 1 4 50 219 -1
1 1 4 50 220 0.963136
1 1 4 51 218 0.891791
1 1 4 51 219 0.377766
1 1 4 51 220 -1
1 2 3 103 163 -1
1 2 3 103 164 0.997053
1 2 3 103 165 -1
1 2 3 104 163 -1
1 2 3 104 164 -1
1 2 3 104 165 0.878815
1 2 3 105 163 0.941376
1 2 3 105 164 -1
1 2 3 105 165 0.395618
1 2 3 106 163 -1
1 2 3 106 164 -1
1 2 3 106 165 -1
1 2 4 103 218 0.878528
1 2 4 103 219 0.479446
1 2 4 103 220 -1
1 2 4 104 218 0.670014
1 2 4 104 219 0.772647
1 2 4 104 220 -1
1 2 4 105 218 -1
1 2 4 105 219 -1
1 2 4 105 220 -1
1 2 4 106 218 -1
1 2 4 106 219 -1
1 2 4 106 220 0.822963
1 3 4 163 218 0.20611
1 3 4 163 219 0.159855
1 3 4 163 220 0.108394
1 3 4 164 218 0.181492
1 3 4 164 219 0.15633
1 3 4 164 220 0.15789
1 3 4 165 218 0.111881
1 3 4 165 219 0.184178
1 3 4 165 220 0.231315
2 0 1 6 52 0.990161
2 0 1 6 53 0.186936
2 0 1 6 54 -1
2 0 1 7 52 -1
2 0 1 7 53 0.813064
2 0 1 7 54 -1
2 0 2 6 107 0.768242
2 0 2 6 108 -1
2 0 2 6 109 -1
2 0 2 7 107 -1
2 0 2 7 108 0.782377
2 0 2 7 109 -1
2 0 3 6 166 -1
2 0 3 6 167 0.687167
2 0 3 6 168 -1
2 0 3 6 169 -1
2 0 3 7 166 0.842908
2 0 3 7 167 -1
2 0 3 7 168 -1
2 0 3 7 169 -1
2 0 4 6 221 -1
2 0 4 6 222 0.525432
2 0 4 6 223 0.540185
2 0 4 7 221 -1
2 0 4 7 222 0.474568
2 0 4 7 223 0.459815
2 1 2 52 107 0.851061
2 1 2 52 108 -1
2 1 2 52 109 -1
2 1 2 53 107 -1
2 1 2 53 108 0.406827
2 1 2 53 109 -1
2 1 2 54 107 -1
2 1 2 54 108 -1
2 1 2 54 109 -1
2 1 3 52 166 0.515177
2 1 3 52 167 0.77245
2 1 3 52 168 -1
2 1 3 52 169 -1
2 1 3 53 166 0.796019
2 1 3 53 167 0.789012
2 1 3 53 168 -1
2 1 3 53 169 -1
2 1 3 54 166 -1
2 1 3 54 167 -1
2 1 3 54 168 -1
2 1 3 54 169 0.782274
2 1 4 52 221 -1
2 1 4 52 222 -1
2 1 4 52 223 0.885843
2 1 4 53 221 -1
2 1 4 53 222 0.127594
2 1 4 53 223 -1
2 1 4 54 221 0.87204
2 1 4 54 222 -1
2 1 4 54 223 -1
2 2 3 107 166 -1
2 2 3 107 167 0.86443
2 2 3 107 168 -1
2 2 3 107 169 -1
2 2 3 108 166 0.681735
2 2 3 108 167 -1
2 2 3 108 168 -1
2 2 3 108 169 -1
2 2 3 109 166 -1
2 2 3 109 167 -1
2 2 3 109 168 0.75385
2 2 3 109 169 -1
2 2 4 107 221 -1
2 2 4 107 222 -1
2 2 4 107 223 0.918229
2 2 4 108 221 -1
2 2 4 108 222 0.72529
2 2 4 108 223 -1
2 2 4 109 221 -1
2 2 4 109 222 -1
2 2 4 109 223 -1
2 3 4 166 221 0.0338293
2 3 4 166 222 0.353711
2 3 4 166 223 -0.586755
2 3 4 167 221 0.211468
2 3 4 167 222 0.00903973
2 3 4 167 223 0.33396
2 3 4 168 221 0.278249
2 3 4 168 222 -1
2 3 4 168 223 0.519188
2 3 4 169 221 0.334837
2 3 4 169 222 -1
2 3 4 169 223 0.50996
3 0 1 8 55 0.279327
3 0 1 8 56 -1
3 0 1 8 57 -1
3 0 1 9 55 0.588826
3 0 1 9 56 0.226936
3 0 1 9 57 -1
3 0 1 10 55 0.0911368
3 0 1 10 56 0.629906
3 0 1 10 57 0.222162
3 0 2 8 110 -1
3 0 2 8 111 0.191279
3 0 2 8 112 0.324781
3 0 2 9 110 0.917505
3 0 2 9 111 -1
3 0 2 9 112 -1
3 0 2 10 110 -1
3 0 2 10 111 0.80128
3 0 2 10 112 -1
3 0 3 8 170 -1
3 0 3 8 171 -1
3 0 3 8 172 -1
3 0 3 8 173 -1
3 0 3 8 174 0.916654
3 0 3 9 170 -1
3 0 3 9 171 0.872629
3 0 3 9 172 -1
3 0 3 9 173 -1
3 0 3 9 174 -1
3 0 3 10 170 0.911819
3 0 3 10 171 -1
3 0 3 10 172 -1
3 0 3 10 173 -1
3 0 3 10 174 -1
3 0 4 8 224 0.933478
3 0 4 8 225 -1
3 0 4 9 224 -1
3 0 4 9 225 0.961565
3 0 4 10 224 -1
3 0 4 10 225 0.017454
3 1 2 55 110 0.968747
3 1 2 55 111 0.193106
3 1 2 55 112 -1
3 1 2 56 110 -1
3 1 2 56 111 0.973125
3 1 2 56 112 -1
3 1 2 57 110 -1
3 1 2 57 111 -1
3 1 2 57 112 0.511849
3 1 3 55 170 0.803209
3 1 3 55 171 0.951072
3 1 3 55 172 -1
3 1 3 55 173 -1
3 1 3 55 174 -1
3 1 3 56 170 0.733472
3 1 3 56 171 0.982288
3 1 3 56 172 -1
3 1 3 56 173 -1
3 1 3 56 174 -1
3 1 3 57 170 -1
3 1 3 57 171 -1
3 1 3 57 172 0.790242
3 1 3 57 173 0.673675
3 1 3 57 174 -1
3 1 4 55 224 -1
3 1 4 55 225 0.740162
3 1 4 56 224 -1
3 1 4 56 225 -1
3 1 4 57 224 0.845449
3 1 4 57 225 -1
3 2 3 110 170 -1
3 2 3 110 171 0.952337
3 2 3 110 172 -1
3 2 3 110 173 -1
3 2 3 110 174 -1
3 2 3 111 170 0.807518
3 2 3 111 171 -1
3 2 3 111 172 -1
3 2 3 111 173 -1
3 2 3 111 174 -1
3 2 3 112 170 -1
3 2 3 112 171 -1
3 2 3 112 172 -1
3 2 3 112 173 -1
3 2 3 112 174 0.0667741
3 2 4 110 224 -1
3 2 4 110 225 0.788477
3 2 4 111 224 -1
3 2 4 111 225 -1
3 2 4 112 224 -1
3 2 4 112 225 -1
3 3 4 170 224 0.10448
3 3 4 170 225 -1
3 3 4 171 224 0.428507
3 3 4 171 225 0.571493
3 3 4 172 224 0.374888
3 3 4 172 225 0.625112
3 3 4 173 224 0.373513
3 3 4 173 225 0.626487
3 3 4 174 224 -1
3 3 4 174 225 -1
4 0 1 11 58 0.140542
4 0 1 11 59 0.161989
4 0 1 11 60 0.167818
4 0 1 11 61 0.205159
4 0 1 12 58 0.196007
4 0 1 12 59 0.180275
4 0 1 12 60 0.175999
4 0 1 12 61 0.148608
4 0 2 11 113 0.937178
4 0 2 11 114 0.23702
4 0 2 11 115 -1
4 0 2 12 113 -1
4 0 2 12 114 -1
4 0 2 12 115 -1
4 0 3 11 175 0.92175
4 0 3 11 176 0.07825
4 0 3 12 175 -1
4 0 3 12 176 0.12982
4 0 4 11 226 0.816244
4 0 4 12 226 0.0935463
4 1 2 58 113 -1
4 1 2 58 114 -1
4 1 2 58 115 0.87681
4 1 2 59 113 -1
4 1 2 59 114 -1
4 1 2 59 115 -1
4 1 2 60 113 -1
4 1 2 60 114 0.950496
4 1 2 60 115 -1
4 1 2 61 113 0.959554
4 1 2 61 114 -1
4 1 2 61 115 -1
4 1 3 58 175 -1
4 1 3 58 176 -1
4 1 3 59 175 -1
4 1 3 59 176 0.112376
4 1 3 60 175 0.407967
4 1 3 60 176 0.592033
4 1 3 61 175 0.53002
4 1 3 61 176 0.46998
4 1 4 58 226 -1
4 1 4 59 226 -1
4 1 4 60 226 0.953103
4 1 4 61 226 -1
4 2 3 113 175 0.911573
4 2 3 113 176 -1
4 2 3 114 175 -1
4 2 3 114 176 0.939639
4 2 3 115 175 -1
4 2 3 115 176 -1
4 2 4 113 226 0.990529
4 2 4 114 226 0.903581
4 2 4 115 226 -1
4 3 4 175 226 0.341643
4 3 4 176 226 0.658357
5 0 1 13 62 0.191108
5 0 1 13 63 0.28951
5 0 1 13 64 0.231669
5 0 1 14 62 0.276675
5 0 1 14 63 0.19298
5 0 1 14 64 0.242176
5 0 2 13 116 0.233949
5 0 2 13 117 0.700618
5 0 2 13 118 -1
5 0 2 13 119 -1
5 0 2 14 116 0.766051
5 0 2 14 117 0.150691
5 0 2 14 118 -1
5 0 2 14 119 -1
5 0 3 13 177 -1
5 0 3 13 178 0.428711
5 0 3 13 179 0.525125
5 0 3 14 177 -1
5 0 3 14 178 0.571289
5 0 3 14 179 0.474875
5 0 4 13 227 0.247079
5 0 4 13 228 0.251426
5 0 4 13 229 0.0331534
5 0 4 14 227 0.241115
5 0 4 14 228 0.236973
5 0 4 14 229 0.0728241
5 1 2 62 116 -1
5 1 2 62 117 -1
5 1 2 62 118 0.115069
5 1 2 62 119 0.977144
5 1 2 63 116 -1
5 1 2 63 117 0.49986
5 1 2 63 118 -1
5 1 2 63 119 -1
5 1 2 64 116 0.897854
5 1 2 64 117 -1
5 1 2 64 118 -1
5 1 2 64 119 -1
5 1 3 62 177 0.206484
5 1 3 62 178 0.171648
5 1 3 62 179 0.159449
5 1 3 63 177 0.12418
5 1 3 63 178 0.128804
5 1 3 63 179 0.230048
5 1 3 64 177 -1
5 1 3 64 178 0.429229
5 1 3 64 179 0.336022
5 1 4 62 227 -1
5 1 4 62 228 -1
5 1 4 62 229 0.940126
5 1 4 63 227 -1
5 1 4 63 228 0.902058
5 1 4 63 229 -1
5 1 4 64 227 0.968177
5 1 4 64 228 -1
5 1 4 64 229 -1
5 2 3 116 177 -1
5 2 3 116 178 0.908458
5 2 3 116 179 -1
5 2 3 117 177 -1
5 2 3 117 178 -1
5 2 3 117 179 0.813596
5 2 3 118 177 0.878572
5 2 3 118 178 -1
5 2 3 118 179 -1
5 2 3 119 177 -1
5 2 3 119 178 -1
5 2 3 119 179 -1
5 2 4 116 227 0.998731
5 2 4 116 228 -1
5 2 4 116 229 -1
5 2 4 117 227 -1
5 2 4 117 228 0.82144
5 2 4 117 229 -1
5 2 4 118 227 -1
5 2 4 118 228 -1
5 2 4 118 229 -1
5 2 4 119 227 -1
5 2 4 119 228 -1
5 2 4 119 229 0.721895
5 3 4 177 227 0.267265
5 3 4 177 228 0.133116
5 3 4 177 229 0.0559241
5 3 4 178 227 0.162547
5 3 4 178 228 0.176133
5 3 4 178 229 0.195358
5 3 4 179 227 0.119988
5 3 4 179 228 0.201707
5 3 4 179 229 0.236295
6 0 1 15 65 0.14598
6 0 1 15 66 0.20052
6 0 1 15 67 0.112166
6 0 1 16 65 0.13316
6 0 1 16 66 0.117474
6 0 1 16 67 0.190151
6 0 1 17 65 0.16759
6 0 1 17 66 0.131379
6 0 1 17 67 0.151315
6 0 2 15 120 -1
6 0 2 15 121 0.950601
6 0 2 15 122 -1
6 0 2 15 123 -1
6 0 2 16 120 0.975549
6 0 2 16 121 -1
6 0 2 16 122 -1
6 0 2 16 123 -1
6 0 2 17 120 -1
6 0 2 17 121 -1
6 0 2 17 122 0.9705
6 0 2 17 123 -1
6 0 3 15 180 0.204313
6 0 3 15 181 0.419294
6 0 3 15 182 -1
6 0 3 16 180 0.255923
6 0 3 16 181 0.122067
6 0 3 16 182 0.185664
6 0 3 17 180 0.175752
6 0 3 17 181 0.170611
6 0 3 17 182 0.24969
6 0 4 15 230 0.349277
6 0 4 15 231 0.188819
6 0 4 16 230 0.542256
6 0 4 16 231 0.167433
6 0 4 17 230 0.0332148
6 0 4 17 231 0.620513
6 1 2 65 120 -1
6 1 2 65 121 -1
6 1 2 65 122 0.180815
6 1 2 65 123 0.522748
6 1 2 66 120 -1
6 1 2 66 121 0.903048
6 1 2 66 122 -1
6 1 2 66 123 -1
6 1 2 67 120 0.960858
6 1 2 67 121 0.0483173
6 1 2 67 122 -1
6 1 2 67 123 -1
6 1 3 65 180 0.129914
6 1 3 65 181 0.141853
6 1 3 65 182 0.129995
6 1 3 66 180 0.112614
6 1 3 66 181 0.14924
6 1 3 66 182 0.137296
6 1 3 67 180 0.164164
6 1 3 67 181 0.106463
6 1 3 67 182 0.134928
6 1 4 65 230 -1
6 1 4 65 231 0.968158
6 1 4 66 230 0.676487
6 1 4 66 231 -1
6 1 4 67 230 0.87736
6 1 4 67 231 -1
6 2 3 120 180 0.999883
6 2 3 120 181 -1
6 2 3 120 182 -1
6 2 3 121 180 -1
6 2 3 121 181 0.746781
6 2 3 121 182 -1
6 2 3 122 180 -1
6 2 3 122 181 0.829302
6 2 3 122 182 -1
6 2 3 123 180 -1
6 2 3 123 181 -1
6 2 3 123 182 0.50502
6 2 4 120 230 0.91029
6 2 4 120 231 -1
6 2 4 121 230 0.457515
6 2 4 121 231 -1
6 2 4 122 230 -1
6 2 4 122 231 -1
6 2 4 123 230 -1
6 2 4 123 231 0.56339
6 3 4 180 230 0.678075
6 3 4 180 231 0.164225
6 3 4 181 230 0.515005
6 3 4 181 231 0.247412
6 3 4 182 230 -1
6 3 4 182 231 0.464897
7 0 1 18 68 0.338232
7 0 1 18 69 -1
7 0 1 18 70 -1
7 0 1 19 68 0.98889
7 0 1 19 69 -1
7 0 1 19 70 -1
7 0 1 20 68 -1
7 0 1 20 69 0.890936
7 0 1 20 70 -1
7 0 2 18 124 -1
7 0 2 18 125 -1
7 0 2 18 126 0.967357
7 0 2 19 124 0.927819
7 0 2 19 125 -1
7 0 2 19 126 -1
7 0 2 20 124 -1
7 0 2 20 125 0.983299
7 0 2 20 126 -1
7 0 3 18 183 -1
7 0 3 18 184 -1
7 0 3 18 185 -1
7 0 3 18 186 0.904671
7 0 3 19 183 -1
7 0 3 19 184 0.814878
7 0 3 19 185 -1
7 0 3 19 186 -1
7 0 3 20 183 0.93231
7 0 3 20 184 -1
7 0 3 20 185 -1
7 0 3 20 186 -1
7 0 4 18 232 0.943831
7 0 4 18 233 -1
7 0 4 18 234 -1
7 0 4 19 232 -1
7 0 4 19 233 0.672782
7 0 4 19 234 0.988086
7 0 4 20 232 -1
7 0 4 20 233 0.807579
7 0 4 20 234 0.73237
7 1 2 68 124 0.952788
7 1 2 68 125 -1
7 1 2 68 126 -1
7 1 2 69 124 -1
7 1 2 69 125 0.806467
7 1 2 69 126 -1
7 1 2 70 124 -1
7 1 2 70 125 -1
7 1 2 70 126 -1
7 1 3 68 183 0.946512
7 1 3 68 184 0.76471
7 1 3 68 185 -1
7 1 3 68 186 -1
7 1 3 69 183 0.915381
7 1 3 69 184 0.909459
7 1 3 69 185 -1
7 1 3 69 186 -1
7 1 3 70 183 -1
7 1 3 70 184 -1
7 1 3 70 185 -1
7 1 3 70 186 -1
7 1 4 68 232 -1
7 1 4 68 233 -1
7 1 4 68 234 0.845361
7 1 4 69 232 -1
7 1 4 69 233 0.579983
7 1 4 69 234 -1
7 1 4 70 232 0.78176
7 1 4 70 233 -1
7 1 4 70 234 -1
7 2 3 124 183 -1
7 2 3 124 184 0.903554
7 2 3 124 185 -1
7 2 3 124 186 -1
7 2 3 125 183 0.973064
7 2 3 125 184 -1
7 2 3 125 185 -1
7 2 3 125 186 -1
7 2 3 126 183 -1
7 2 3 126 184 -1
7 2 3 126 185 -1
7 2 3 126 186 0.906723
7 2 4 124 232 -1
7 2 4 124 233 -1
7 2 4 124 234 0.800352
7 2 4 125 232 -1
7 2 4 125 233 0.824511
7 2 4 125 234 -1
7 2 4 126 232 -1
7 2 4 126 233 -1
7 2 4 126 234 -1
7 3 4 183 232 0.217778
7 3 4 183 233 0.806152
7 3 4 183 234 -1
7 3 4 184 232 -1
7 3 4 184 233 -1
7 3 4 184 234 0.605825
7 3 4 185 232 0.99579
7 3 4 185 233 -1
7 3 4 185 234 -1
7 3 4 186 232 -1
7 3 4 186 233 -1
7 3 4 186 234 0.87607
8 0 1 21 71 0.234622
8 0 1 21 72 -1
8 0 1 21 73 -1
8 0 1 22 71 0.924411
8 0 1 22 72 -1
8 0 1 22 73 -1
8 0 1 23 71 -1
8 0 1 23 72 0.837841
8 0 1 23 73 -1
8 0 2 21 127 -1
8 0 2 21 128 0.324799
8 0 2 21 129 0.748591
8 0 2 22 127 0.992864
8 0 2 22 128 -1
8 0 2 22 129 -1
8 0 2 23 127 -1
8 0 2 23 128 0.525753
8 0 2 23 129 0.120923
8 0 3 21 187 0.0133095
8 0 3 21 188 -1
8 0 3 21 189 -1
8 0 3 21 190 0.856
8 0 3 22 187 -1
8 0 3 22 188 0.735525
8 0 3 22 189 -1
8 0 3 22 190 -1
8 0 3 23 187 0.365112
8 0 3 23 188 -1
8 0 3 23 189 -1
8 0 3 23 190 -1
8 0 4 21 235 0.905115
8 0 4 21 236 -1
8 0 4 21 237 -1
8 0 4 22 235 -1
8 0 4 22 236 0.347271
8 0 4 22 237 0.567785
8 0 4 23 235 -1
8 0 4 23 236 0.32636
8 0 4 23 237 -1
8 1 2 71 127 0.957244
8 1 2 71 128 0.536635
8 1 2 71 129 -1
8 1 2 72 127 0.622595
8 1 2 72 128 0.724099
8 1 2 72 129 -1
8 1 2 73 127 -1
8 1 2 73 128 -1
8 1 2 73 129 0.913229
8 1 3 71 187 0.00497401
8 1 3 71 188 0.732825
8 1 3 71 189 -1
8 1 3 71 190 -1
8 1 3 72 187 0.456473
8 1 3 72 188 0.574016
8 1 3 72 189 -1
8 1 3 72 190 -1
8 1 3 73 187 -1
8 1 3 73 188 -1
8 1 3 73 189 0.99814
8 1 3 73 190 0.0708185
8 1 4 71 235 -1
8 1 4 71 236 0.115919
8 1 4 71 237 0.965849
8 1 4 72 235 -1
8 1 4 72 236 0.812056
8 1 4 72 237 -1
8 1 4 73 235 0.70276
8 1 4 73 236 -1
8 1 4 73 237 -1
8 2 3 127 187 -1
8 2 3 127 188 0.750954
8 2 3 127 189 -1
8 2 3 127 190 -1
8 2 3 128 187 -1
8 2 3 128 188 -1
8 2 3 128 189 -1
8 2 3 128 190 -1
8 2 3 129 187 -1
8 2 3 129 188 -1
8 2 3 129 189 -1
8 2 3 129 190 0.824862
8 2 4 127 235 -1
8 2 4 127 236 -1
8 2 4 127 237 0.896979
8 2 4 128 235 -1
8 2 4 128 236 0.340469
8 2 4 128 237 -1
8 2 4 129 235 -1
8 2 4 129 236 -1
8 2 4 129 237 -1
8 3 4 187 235 0.286279
8 3 4 187 236 0.59175
8 3 4 187 237 -1
8 3 4 188 235 0.182715
8 3 4 188 236 -1
8 3 4 188 237 0.944818
8 3 4 189 235 0.910799
8 3 4 189 236 -1
8 3 4 189 237 -1
8 3 4 190 235 -1
8 3 4 190 236 -1
8 3 4 190 237 -1
9 0 1 24 74 0.0630773
9 0 1 25 74 0.936923
9 0 2 24 130 0.693869
9 0 2 24 131 -1
9 0 2 24 132 -1
9 0 2 25 130 -1
9 0 2 25 131 0.930254
9 0 2 25 132 -1
9 0 3 24 191 -1
9 0 3 24 192 -1
9 0 3 24 193 0.917908
9 0 3 25 191 0.718873
9 0 3 25 192 -1
9 0 3 25 193 -1
9 0 4 24 238 0.997757
9 0 4 24 239 0.963817
9 0 4 24 240 -1
9 0 4 25 238 -1
9 0 4 25 239 -1
9 0 4 25 240 0.408974
9 1 2 74 130 -1
9 1 2 74 131 0.842957
9 1 2 74 132 0.0503457
9 1 3 74 191 0.787568
9 1 3 74 192 -1
9 1 3 74 193 0.039075
9 1 4 74 238 -1
9 1 4 74 239 -1
9 1 4 74 240 0.76787
9 2 3 130 191 -1
9 2 3 130 192 0.994771
9 2 3 130 193 -1
9 2 3 131 191 0.924007
9 2 3 131 192 -1
9 2 3 131 193 0.596223
9 2 3 132 191 -1
9 2 3 132 192 -1
9 2 3 132 193 -1
9 2 4 130 238 0.98543
9 2 4 130 239 0.755539
9 2 4 130 240 -1
9 2 4 131 238 -1
9 2 4 131 239 -1
9 2 4 131 240 -1
9 2 4 132 238 -1
9 2 4 132 239 -1
9 2 4 132 240 0.998825
9 3 4 191 238 0.358257
9 3 4 191 239 -1
9 3 4 191 240 -1
9 3 4 192 238 0.322609
9 3 4 192 239 0.215855
9 3 4 192 240 0.165212
9 3 4 193 238 0.0697202
9 3 4 193 239 0.518567
9 3 4 193 240 0.347673
10 0 1 26 75 0.283039
10 0 1 26 76 0.398777
10 0 1 26 77 0.144407
10 0 1 27 75 -1
10 0 1 27 76 0.245725
10 0 1 27 77 0.726858
10 0 2 26 133 -1
10 0 2 26 134 0.913927
10 0 2 26 135 -1
10 0 2 27 133 0.939411
10 0 2 27 134 0.086073
10 0 2 27 135 -1
10 0 3 26 194 -1
10 0 3 26 195 0.881205
10 0 3 27 194 -1
10 0 3 27 195 -1
10 0 4 26 241 0.28313
10 0 4 26 242 -1
10 0 4 27 241 0.71687
10 0 4 27 242 -1
10 1 2 75 133 -1
10 1 2 75 134 -1
10 1 2 75 135 0.686064
10 1 2 76 133 -1
10 1 2 76 134 0.99154
10 1 2 76 135 -1
10 1 2 77 133 0.909783
10 1 2 77 134 -1
10 1 2 77 135 -1
10 1 3 75 194 0.39516
10 1 3 75 195 -1
10 1 3 76 194 -1
10 1 3 76 195 0.905652
10 1 3 77 194 -1
10 1 3 77 195 0.532602
10 1 4 75 241 -1
10 1 4 75 242 0.758478
10 1 4 76 241 -1
10 1 4 76 242 -1
10 1 4 77 241 0.914535
10 1 4 77 242 -1
10 2 3 133 194 -1
10 2 3 133 195 -1
10 2 3 134 194 0.128967
10 2 3 134 195 0.871033
10 2 3 135 194 0.604197
10 2 3 135 195 0.395803
10 2 4 133 241 0.946843
10 2 4 133 242 -1
10 2 4 134 241 0.534516
10 2 4 134 242 -1
10 2 4 135 241 -1
10 2 4 135 242 -1
10 3 4 194 241 0.434423
10 3 4 194 242 -1
10 3 4 195 241 0.226323
10 3 4 195 242 0.773677
11 0 1 28 78 0.426307
11 0 1 28 79 0.305324
11 0 1 28 80 0.143254
11 0 1 29 78 -1
11 0 1 29 79 0.594846
11 0 1 29 80 -1
11 0 2 28 136 0.618251
11 0 2 28 137 -1
11 0 2 28 138 -1
11 0 2 28 139 -1
11 0 2 29 136 -1
11 0 2 29 137 0.835447
11 0 2 29 138 -1
11 0 2 29 139 -1
11 0 3 28 196 0.489777
11 0 3 28 197 0.192863
11 0 3 28 198 -1
11 0 3 29 196 -1
11 0 3 29 197 0.807137
11 0 3 29 198 -1
11 0 4 28 243 0.323698
11 0 4 28 244 0.204657
11 0 4 28 245 0.308536
11 0 4 29 243 -1
11 0 4 29 244 -1
11 0 4 29 245 0.512769
11 1 2 78 136 0.891417
11 1 2 78 137 -1
11 1 2 78 138 -1
11 1 2 78 139 -1
11 1 2 79 136 -1
11 1 2 79 137 0.701754
11 1 2 79 138 -1
11 1 2 79 139 -1
11 1 2 80 136 -1
11 1 2 80 137 -1
11 1 2 80 138 0.448096
11 1 2 80 139 0.88834
11 1 3 78 196 0.878877
11 1 3 78 197 0.79589
11 1 3 78 198 -1
11 1 3 79 196 0.731315
11 1 3 79 197 0.810312
11 1 3 79 198 -1
11 1 3 80 196 -1
11 1 3 80 197 -1
11 1 3 80 198 -1
11 1 4 78 243 0.95479
11 1 4 78 244 0.450165
11 1 4 78 245 -1
11 1 4 79 243 -1
11 1 4 79 244 -1
11 1 4 79 245 0.972125
11 1 4 80 243 0.135289
11 1 4 80 244 0.967593
11 1 4 80 245 -1
11 2 3 136 196 0.994412
11 2 3 136 197 -1
11 2 3 136 198 -1
11 2 3 137 196 -1
11 2 3 137 197 0.959942
11 2 3 137 198 -1
11 2 3 138 196 -1
11 2 3 138 197 -1
11 2 3 138 198 0.796377
11 2 3 139 196 -1
11 2 3 139 197 -1
11 2 3 139 198 -1
11 2 4 136 243 0.90988
11 2 4 136 244 -1
11 2 4 136 245 -1
11 2 4 137 243 -1
11 2 4 137 244 -1
11 2 4 137 245 0.78596
11 2 4 138 243 -1
11 2 4 138 244 -1
11 2 4 138 245 -1
11 2 4 139 243 -1
11 2 4 139 244 0.960164
11 2 4 139 245 -1
11 3 4 196 243 0.160986
11 3 4 196 244 0.135276
11 3 4 196 245 0.370672
11 3 4 197 243 0.170626
11 3 4 197 244 0.118499
11 3 4 197 245 0.377727
11 3 4 198 243 0.248568
11 3 4 198 244 0.422517
11 3 4 198 245 -1
12 0 1 30 81 0.28551
12 0 1 30 82 0.182102
12 0 1 30 83 0.141051
12 0 1 31 81 0.446185
12 0 1 31 82 -1
12 0 1 31 83 0.0753773
12 0 1 32 81 0.0747724
12 0 1 32 82 0.245965
12 0 1 32 83 0.422634
12 0 2 30 140 -1
12 0 2 30 141 0.97228
12 0 2 30 142 0.0804457
12 0 2 30 143 -1
12 0 2 31 140 0.868016
12 0 2 31 141 -1
12 0 2 31 142 -1
12 0 2 31 143 -1
12 0 2 32 140 -1
12 0 2 32 141 0.886378
12 0 2 32 142 0.112392
12 0 2 32 143 -1
12 0 3 30 199 0.872146
12 0 3 31 199 -1
12 0 3 32 199 0.705915
12 0 4 30 246 0.507261
12 0 4 30 247 0.00221159
12 0 4 31 246 0.297406
12 0 4 31 247 0.394935
12 0 4 32 246 0.0833962
12 0 4 32 247 0.454208
12 1 2 81 140 0.915715
12 1 2 81 141 0.950957
12 1 2 81 142 -1
12 1 2 81 143 -1
12 1 2 82 140 -1
12 1 2 82 141 -1
12 1 2 82 142 0.851368
12 1 2 82 143 0.675268
12 1 2 83 140 0.86952
12 1 2 83 141 0.922626
12 1 2 83 142 -1
12 1 2 83 143 -1
12 1 3 81 199 -1
12 1 3 82 199 0.212698
12 1 3 83 199 0.413847
12 1 4 81 246 -1
12 1 4 81 247 0.804242
12 1 4 82 246 0.904631
12 1 4 82 247 -1
12 1 4 83 246 -1
12 1 4 83 247 0.651578
12 2 3 140 199 -1
12 2 3 141 199 0.262867
12 2 3 142 199 0.142654
12 2 3 143 199 -1
12 2 4 140 246 -1
12 2 4 140 247 0.931894
12 2 4 141 246 -1
12 2 4 141 247 0.0804574
12 2 4 142 246 -1
12 2 4 142 247 -1
12 2 4 143 246 0.939228
12 2 4 143 247 -1
12 3 4 199 246 0.803702
12 3 4 199 247 0.196298
13 0 1 33 84 0.990382
13 0 1 33 85 -1
13 0 1 33 86 -1
13 0 1 34 84 -1
13 0 1 34 85 0.635962
13 0 1 34 86 -1
13 0 2 33 144 0.893538
13 0 2 33 145 -1
13 0 2 34 144 -1
13 0 2 34 145 0.73807
13 0 3 33 200 -1
13 0 3 33 201 0.984357
13 0 3 33 202 -1
13 0 3 34 200 0.657637
13 0 3 34 201 -1
13 0 3 34 202 -1
13 0 4 33 248 -1
13 0 4 33 249 0.400391
13 0 4 33 250 0.927185
13 0 4 34 248 -1
13 0 4 34 249 0.599609
13 0 4 34 250 -1
13 1 2 84 144 0.835851
13 1 2 84 145 -1
13 1 2 85 144 -1
13 1 2 85 145 0.895438
13 1 2 86 144 -1
13 1 2 86 145 -1
13 1 3 84 200 0.728972
13 1 3 84 201 0.906437
13 1 3 84 202 -1
13 1 3 85 200 0.833525
13 1 3 85 201 0.913664
13 1 3 85 202 -1
13 1 3 86 200 -1
13 1 3 86 201 -1
13 1 3 86 202 -1
13 1 4 84 248 -1
13 1 4 84 249 -1
13 1 4 84 250 0.846126
13 1 4 85 248 -1
13 1 4 85 249 0.79561
13 1 4 85 250 -1
13 1 4 86 248 0.676533
13 1 4 86 249 -1
13 1 4 86 250 -1
13 2 3 144 200 -1
13 2 3 144 201 0.911645
13 2 3 144 202 -1
13 2 3 145 200 0.789518
13 2 3 145 201 -1
13 2 3 145 202 -1
13 2 4 144 248 -1
13 2 4 144 249 -1
13 2 4 144 250 0.907838
13 2 4 145 248 -1
13 2 4 145 249 0.68163
13 2 4 145 250 -1
13 3 4 200 248 0.132436
13 3 4 200 249 0.997602
13 3 4 200 250 -1
13 3 4 201 248 -1
13 3 4 201 249 -1
13 3 4 201 250 0.874908
13 3 4 202 248 0.612884
13 3 4 202 249 -1
13 3 4 202 250 -1
14 0 1 35 87 0.22137
14 0 1 35 88 -1
14 0 1 35 89 -1
14 0 1 36 87 0.901653
14 0 1 36 88 -1
14 0 1 36 89 -1
14 0 1 37 87 -1
14 0 1 37 88 0.281109
14 0 1 37 89 -1
14 0 2 35 146 -1
14 0 2 35 147 0.83602
14 0 2 36 146 0.783375
14 0 2 36 147 -1
14 0 2 37 146 -1
14 0 2 37 147 0.766817
14 0 3 35 203 -1
14 0 3 35 204 -1
14 0 3 35 205 -1
14 0 3 36 203 -1
14 0 3 36 204 0.78967
14 0 3 36 205 -1
14 0 3 37 203 0.162858
14 0 3 37 204 -1
14 0 3 37 205 -1
14 0 4 35 251 0.829933
14 0 4 35 252 -1
14 0 4 36 251 -1
14 0 4 36 252 0.95701
14 0 4 37 251 -1
14 0 4 37 252 -1
14 1 2 87 146 0.46514
14 1 2 87 147 0.53486
14 1 2 88 146 0.600747
14 1 2 88 147 0.399253
14 1 2 89 146 -1
14 1 2 89 147 -1
14 1 3 87 203 -1
14 1 3 87 204 0.757345
14 1 3 87 205 -1
14 1 3 88 203 0.63132
14 1 3 88 204 -1
14 1 3 88 205 -1
14 1 3 89 203 -1
14 1 3 89 204 -1
14 1 3 89 205 0.925117
14 1 4 87 251 -1
14 1 4 87 252 0.945901
14 1 4 88 251 -1
14 1 4 88 252 -1
14 1 4 89 251 0.598087
14 1 4 89 252 -1
14 2 3 146 203 -1
14 2 3 146 204 0.99174
14 2 3 146 205 -1
14 2 3 147 203 0.165886
14 2 3 147 204 -1
14 2 3 147 205 -1
14 2 4 146 251 -1
14 2 4 146 252 0.94063
14 2 4 147 251 -1
14 2 4 147 252 -1
14 3 4 203 251 -1
14 3 4 203 252 -1
14 3 4 204 251 0.192319
14 3 4 204 252 0.807681
14 3 4 205 251 0.959606
14 3 4 205 252 -1
15 0 1 38 90 -1
15 0 2 38 148 -1
15 0 2 38 149 0.85037
15 0 2 38 150 -1
15 0 3 38 206 -1
15 0 3 38 207 0.887074
15 0 3 38 208 -1
15 0 4 38 253 -1
15 0 4 38 254 -1
15 0 4 38 255 0.85195
15 1 2 90 148 0.915345
15 1 2 90 149 -1
15 1 2 90 150 -1
15 1 3 90 206 0.919253
15 1 3 90 207 0.41255
15 1 3 90 208 -1
15 1 4 90 253 -1
15 1 4 90 254 0.89695
15 1 4 90 255 -1
15 2 3 148 206 0.89416
15 2 3 148 207 -1
15 2 3 148 208 -1
15 2 3 149 206 -1
15 2 3 149 207 0.730701
15 2 3 149 208 -1
15 2 3 150 206 -1
15 2 3 150 207 -1
15 2 3 150 208 0.88331
15 2 4 148 253 -1
15 2 4 148 254 0.935898
15 2 4 148 255 -1
15 2 4 149 253 -1
15 2 4 149 254 -1
15 2 4 149 255 0.633411
15 2 4 150 253 -1
15 2 4 150 254 -1
15 2 4 150 255 -1
15 3 4 206 253 0.20259
15 3 4 206 254 0.194448
15 3 4 206 255 0.324289
15 3 4 207 253 0.0672773
15 3 4 207 254 0.15254
15 3 4 207 255 0.575197
15 3 4 208 253 0.449292
15 3 4 208 254 0.319975
15 3 4 208 255 -1
16 0 1 39 91 0.579664
16 0 1 39 92 -1
16 0 1 39 93 -1
16 0 1 40 91 0.989113
16 0 1 40 92 -1
16 0 1 40 93 -1
16 0 1 41 91 -1
16 0 1 41 92 -1
16 0 1 41 93 0.979786
16 0 2 39 151 -1
16 0 2 39 152 0.534286
16 0 2 39 153 0.67035
16 0 2 39 154 -1
16 0 2 40 151 0.924058
16 0 2 40 152 -1
16 0 2 40 153 -1
16 0 2 40 154 -1
16 0 2 41 151 -1
16 0 2 41 152 0.826537
16 0 2 41 153 -1
16 0 2 41 154 -1
16 0 3 39 209 0.935918
16 0 3 40 209 -1
16 0 3 41 209 0.0859271
16 0 4 39 256 0.467117
16 0 4 39 257 -1
16 0 4 40 256 -1
16 0 4 40 257 0.731382
16 0 4 41 256 -1
16 0 4 41 257 0.458117
16 1 2 91 151 0.839294
16 1 2 91 152 0.58501
16 1 2 91 153 -1
16 1 2 91 154 -1
16 1 2 92 151 -1
16 1 2 92 152 -1
16 1 2 92 153 -1
16 1 2 92 154 0.905455
16 1 2 93 151 0.0876014
16 1 2 93 152 0.928989
16 1 2 93 153 -1
16 1 2 93 154 -1
16 1 3 91 209 -1
16 1 3 92 209 -1
16 1 3 93 209 0.594652
16 1 4 91 256 -1
16 1 4 91 257 0.831032
16 1 4 92 256 0.842049
16 1 4 92 257 -1
16 1 4 93 256 -1
16 1 4 93 257 0.146472
16 2 3 151 209 -1
16 2 3 152 209 0.380492
16 2 3 153 209 0.731261
16 2 3 154 209 -1
16 2 4 151 256 -1
16 2 4 151 257 0.973335
16 2 4 152 256 -1
16 2 4 152 257 0.237858
16 2 4 153 256 -1
16 2 4 153 257 -1
16 2 4 154 256 0.600658
16 2 4 154 257 -1
16 3 4 209 256 0.659002
16 3 4 209 257 0.166037
17 0 1 42 94 0.0138112
17 0 1 42 95 -1
17 0 1 42 96 -1
17 0 1 43 94 0.942334
17 0 1 43 95 -1
17 0 1 43 96 -1
17 0 2 42 155 -1
17 0 2 42 156 0.228389
17 0 2 43 155 0.811146
17 0 2 43 156 -1
17 0 3 42 210 -1
17 0 3 42 211 -1
17 0 3 43 210 0.802381
17 0 3 43 211 -1
17 0 4 42 258 0.837918
17 0 4 42 259 -1
17 0 4 43 258 -1
17 0 4 43 259 0.63461
17 1 2 94 155 0.501475
17 1 2 94 156 0.498525
17 1 2 95 155 0.216409
17 1 2 95 156 0.396567
17 1 2 96 155 -1
17 1 2 96 156 -1
17 1 3 94 210 0.9335
17 1 3 94 211 -1
17 1 3 95 210 -1
17 1 3 95 211 -1
17 1 3 96 210 -1
17 1 3 96 211 0.861314
17 1 4 94 258 -1
17 1 4 94 259 0.899609
17 1 4 95 258 -1
17 1 4 95 259 0.635301
17 1 4 96 258 0.737342
17 1 4 96 259 -1
17 2 3 155 210 0.98664
17 2 3 155 211 -1
17 2 3 156 210 -1
17 2 3 156 211 -1
17 2 4 155 258 -1
17 2 4 155 259 0.872898
17 2 4 156 258 -1
17 2 4 156 259 -1
17 3 4 210 258 0.176231
17 3 4 210 259 0.720262
17 3 4 211 258 0.823769
17 3 4 211 259 -1
18 0 1 44 97 0.27561
18 0 1 44 98 -1
18 0 1 44 99 -1
18 0 1 45 97 0.72439
18 0 1 45 98 -1
18 0 1 45 99 -1
18 0 2 44 157 -1
18 0 2 44 158 -1
18 0 2 45 157 0.934396
18 0 2 45 158 -1
18 0 3 44 212 -1
18 0 3 44 213 -1
18 0 3 44 214 -1
18 0 3 45 212 -1
18 0 3 45 213 0.875312
18 0 3 45 214 -1
18 0 4 44 260 -1
18 0 4 45 260 0.939067
18 1 2 97 157 0.993931
18 1 2 97 158 -1
18 1 2 98 157 -1
18 1 2 98 158 0.983889
18 1 2 99 157 -1
18 1 2 99 158 -1
18 1 3 97 212 0.952614
18 1 3 97 213 0.891817
18 1 3 97 214 -1
18 1 3 98 212 0.762281
18 1 3 98 213 0.511774
18 1 3 98 214 -1
18 1 3 99 212 -1
18 1 3 99 213 -1
18 1 3 99 214 -1
18 1 4 97 260 0.797979
18 1 4 98 260 -1
18 1 4 99 260 -1
18 2 3 157 212 -1
18 2 3 157 213 0.815033
18 2 3 157 214 -1
18 2 3 158 212 0.797115
18 2 3 158 213 -1
18 2 3 158 214 -1
18 2 4 157 260 0.853092
18 2 4 158 260 -1
18 3 4 212 260 -1
18 3 4 213 260 0.880128
18 3 4 214 260 -1
end of Frame 151
