J OverallIdx viewIdx joint种类0-18(jointIdx) 该joint在图中的顺序(candidix) x y score
0 0 0 0 350.616 364.842 0.298347
1 0 0 1 729.226 398.581 0.709574
2 0 0 2 213.157 415.435 0.566399
3 0 0 3 471.144 489.204 0.437331
4 0 1 0 213.019 198.244 0.770457
5 0 1 1 456.978 193.929 0.817493
6 0 1 2 350.49 202.459 0.384912
7 0 1 3 751.446 215.148 0.88265
8 0 2 0 325.349 364.805 0.293217
9 0 2 1 687.055 398.523 0.6775
10 0 2 2 190.723 417.527 0.561992
11 0 2 3 527.137 482.912 0.451233
12 0 3 0 378.555 366.912 0.280065
13 0 3 1 773.909 400.651 0.701822
14 0 3 2 235.611 413.343 0.482242
15 0 3 3 417.929 491.32 0.428166
16 0 4 0 277.522 141.198 0.859692
17 0 4 1 370.243 134.926 0.848433
18 0 4 2 709.642 149.72 0.851858
19 0 5 0 527.107 193.89 0.753685
20 0 5 1 187.96 198.28 0.807097
21 0 5 2 325.302 204.523 0.788096
22 0 5 3 687.069 215.06 0.804746
23 0 6 0 235.467 198.212 0.714575
24 0 6 1 386.939 194.029 0.791889
25 0 6 2 813.263 217.176 0.796793
26 0 7 0 353.355 525.042 0.525316
27 0 7 1 689.91 535.644 0.638654
28 0 7 2 235.515 577.717 0.669863
29 0 7 3 597.269 678.969 0.659988
30 0 8 0 347.754 518.791 0.457713
31 0 8 1 754.497 544.052 0.731564
32 0 8 2 199.134 575.691 0.576246
33 0 8 3 443.133 687.403 0.694971
34 0 9 0 527.273 94.9219 0.911447
35 0 9 1 213.023 124.394 0.925787
36 0 9 2 325.256 141.337 0.87981
37 0 10 0 459.974 92.763 0.159549
38 0 10 1 771.096 141.276 0.924657
39 0 11 0 286.071 295.179 0.631897
40 0 11 1 123.36 309.887 0.897676
41 0 11 2 667.437 309.984 0.37554
42 0 11 3 616.829 343.635 0.753311
43 0 12 0 824.556 314.244 0.798817
44 0 12 1 328.206 326.764 0.730587
45 0 13 0 361.783 651.634 0.664288
46 0 13 1 687.147 668.492 0.510914
47 0 13 2 196.326 746.45 0.600527
48 0 14 0 280.415 611.511 0.626182
49 0 14 1 743.138 672.716 0.708628
50 0 14 2 187.921 733.848 0.391252
51 0 15 0 642.227 314.241 0.403668
52 0 15 1 213.121 377.373 0.832123
53 0 15 2 650.584 379.582 0.560476
54 0 15 3 277.683 379.601 0.531648
55 0 15 4 333.709 409.076 0.288942
56 0 16 0 344.931 400.677 0.348831
57 0 16 1 824.436 400.692 0.825833
58 0 17 0 305.759 657.931 0.590155
59 0 17 1 793.585 721.151 0.780929
60 0 18 0 389.723 666.267 0.266771
61 0 18 1 280.499 748.63 0.485319
62 1 0 0 706.598 373.223 0.710334
63 1 0 1 468.372 375.329 0.461398
64 1 0 2 507.629 396.418 0.667643
65 1 0 3 855.304 400.692 0.622724
66 1 1 0 459.989 227.834 0.884395
67 1 1 1 524.309 227.695 0.830055
68 1 1 2 846.953 242.458 0.851357
69 1 1 3 709.602 253.064 0.829125
70 1 2 0 485.17 366.94 0.311279
71 1 2 1 681.335 369.052 0.655073
72 1 2 2 546.908 396.48 0.684942
73 1 2 3 886.333 402.734 0.680596
74 1 3 0 729.214 375.296 0.740716
75 1 3 1 451.511 379.549 0.621117
76 1 3 2 818.846 402.764 0.667184
77 1 4 0 507.515 177.113 0.658746
78 1 4 1 580.511 177.048 0.856254
79 1 4 2 703.757 206.626 0.762706
80 1 5 0 552.53 225.689 0.832239
81 1 5 1 496.389 227.763 0.687743
82 1 5 2 664.764 248.891 0.766362
83 1 5 3 905.667 244.514 0.862955
84 1 6 0 482.445 227.785 0.805798
85 1 6 1 420.752 229.871 0.789796
86 1 6 2 796.447 240.426 0.767669
87 1 6 3 754.485 257.219 0.747072
88 1 7 0 681.506 463.919 0.629392
89 1 7 1 459.918 489.207 0.246241
90 1 7 2 571.961 529.207 0.804466
91 1 7 3 886.187 527.145 0.823588
92 1 8 0 726.233 463.959 0.620657
93 1 8 1 459.877 482.884 0.531988
94 1 8 2 496.391 531.305 0.744101
95 1 8 3 818.81 537.699 0.782015
96 1 9 0 549.721 162.463 0.909566
97 1 9 1 863.598 179.185 0.855468
98 1 9 2 479.423 179.2 0.880411
99 1 10 0 807.691 179.268 0.862418
100 1 10 1 734.742 204.557 0.783388
101 1 11 0 563.644 309.877 0.839434
102 1 11 1 650.553 312.021 0.782873
103 1 11 2 908.562 326.852 0.782368
104 1 12 0 395.502 303.65 0.767057
105 1 12 1 751.419 316.298 0.891685
106 1 12 2 459.865 324.725 0.905068
107 1 13 0 678.697 552.515 0.47592
108 1 13 1 420.644 579.873 0.210327
109 1 13 2 903.031 634.761 0.799485
110 1 13 3 571.996 662.096 0.807406
111 1 14 0 709.46 556.702 0.462342
112 1 14 1 417.919 579.809 0.536776
113 1 14 2 504.817 651.582 0.815686
114 1 14 3 830.054 664.237 0.8009
115 1 15 0 650.603 362.715 0.776026
116 1 15 1 591.725 362.646 0.853543
117 1 16 0 706.621 293.124 0.244031
118 1 16 1 504.66 375.355 0.617924
119 1 16 2 768.364 377.367 0.82548
120 1 16 3 387.007 379.46 0.823645
121 1 17 0 706.716 577.744 0.287613
122 1 17 1 437.428 615.74 0.485777
123 1 17 2 532.875 649.504 0.360263
124 1 17 3 793.531 662.105 0.731033
125 1 18 0 681.493 577.799 0.292544
126 1 18 1 417.934 613.607 0.215802
127 1 18 2 891.784 632.657 0.410471
128 1 18 3 600.193 651.568 0.62502
129 2 0 0 485.162 196.066 0.382854
130 2 0 1 818.763 318.392 0.628756
131 2 0 2 437.432 375.342 0.718672
132 2 0 3 659.067 434.413 0.72065
133 2 1 0 490.775 73.7718 0.707624
134 2 1 1 858.142 181.335 0.835571
135 2 1 2 437.53 204.564 0.887252
136 2 1 3 667.407 269.938 0.837231
137 2 2 0 462.762 193.971 0.293449
138 2 2 1 832.897 314.205 0.528772
139 2 2 2 476.674 375.342 0.652038
140 2 2 3 698.225 436.495 0.683986
141 2 3 0 504.887 196.176 0.505705
142 2 3 1 799.325 324.684 0.703545
143 2 3 2 398.28 375.358 0.655191
144 2 3 3 619.717 434.417 0.69885
145 2 4 0 527.256 33.7128 0.877886
146 2 4 1 796.315 130.748 0.751067
147 2 5 0 462.795 75.9369 0.700346
148 2 5 1 874.964 170.808 0.770863
149 2 5 2 501.927 206.673 0.824123
150 2 5 3 732.011 269.918 0.846753
151 2 6 0 521.582 65.3667 0.669014
152 2 6 1 838.577 193.998 0.844601
153 2 6 2 375.755 202.408 0.809601
154 2 6 3 608.493 267.821 0.806825
155 2 7 0 776.746 402.755 0.199934
156 2 7 1 459.74 466.008 0.89604
157 2 7 2 661.858 527.192 0.829102
158 2 8 0 776.895 417.508 0.766506
159 2 8 1 392.759 463.881 0.860799
160 2 8 2 614.042 541.904 0.80035
161 2 9 0 493.526 16.918 0.823912
162 2 9 1 485.117 134.981 0.786457
163 2 9 2 703.855 191.927 0.849531
164 2 10 0 414.933 126.538 0.734334
165 2 10 1 821.783 126.502 0.91827
166 2 10 2 633.72 189.809 0.764317
167 2 11 0 821.755 212.941 0.757027
168 2 11 1 510.419 303.625 0.783034
169 2 11 2 754.356 375.358 0.892396
170 2 12 0 507.677 137.064 0.580243
171 2 12 1 815.99 280.475 0.854348
172 2 12 2 367.413 310.014 0.826683
173 2 12 3 577.776 379.625 0.823084
174 2 13 0 437.639 548.288 0.820019
175 2 13 1 661.684 626.292 0.799502
176 2 14 0 776.92 499.827 0.828844
177 2 14 1 423.416 575.703 0.668895
178 2 14 2 602.96 638.915 0.731753
179 2 15 0 771.229 187.628 0.869494
180 2 15 1 687.11 362.688 0.7121
181 2 15 2 524.345 375.282 0.802008
182 2 16 0 527.12 181.326 0.835412
183 2 16 1 740.297 250.946 0.778965
184 2 16 2 356.144 411.212 0.812342
185 2 16 3 594.531 413.259 0.565047
186 2 17 0 734.696 499.826 0.79836
187 2 17 1 417.788 596.709 0.483402
188 2 17 2 608.549 636.836 0.457481
189 2 18 0 437.429 575.68 0.271533
190 2 18 1 656.208 628.364 0.486829
191 3 0 0 572.051 322.596 0.606592
192 3 0 1 224.355 347.951 0.487281
193 3 0 2 644.994 356.365 0.648323
194 3 0 3 457.158 371.113 0.614215
195 3 1 0 213.141 183.456 0.673719
196 3 1 1 457.012 177.185 0.840408
197 3 1 2 639.54 187.662 0.820586
198 3 1 3 572.011 193.951 0.630445
199 3 2 0 552.478 320.537 0.585685
200 3 2 1 224.33 347.988 0.663151
201 3 2 2 661.766 352.144 0.56313
202 3 2 3 482.395 366.907 0.584673
203 3 3 0 591.664 324.716 0.609521
204 3 3 1 221.552 347.964 0.418675
205 3 3 2 639.255 360.522 0.66938
206 3 3 3 434.607 377.465 0.665699
207 3 4 0 258.068 143.268 0.927543
208 3 4 1 527.371 160.284 0.804555
209 3 5 0 485.132 177.087 0.772874
210 3 5 1 664.666 181.396 0.787817
211 3 5 2 210.316 187.669 0.818805
212 3 5 3 549.656 193.986 0.550879
213 3 6 0 216.036 179.285 0.577213
214 3 6 1 417.855 179.242 0.814341
215 3 6 2 611.384 191.861 0.863088
216 3 7 0 549.719 421.728 0.617881
217 3 7 1 235.677 470.214 0.778333
218 3 7 2 636.489 485.046 0.58484
219 3 7 3 459.82 510.312 0.778308
220 3 8 0 577.764 425.986 0.739023
221 3 8 1 241.151 463.912 0.451442
222 3 8 2 639.503 491.284 0.75839
223 3 8 3 401.005 518.751 0.792845
224 3 9 0 479.437 109.66 0.405286
225 3 9 1 213.252 130.763 0.897537
226 3 9 2 639.424 126.434 0.176655
227 3 10 0 412.118 109.64 0.786262
228 3 10 1 591.692 128.591 0.889025
229 3 11 0 706.655 263.594 0.837043
230 3 11 1 210.224 274.127 0.844764
231 3 11 2 518.812 293.062 0.210328
232 3 12 0 639.495 293.146 0.851942
233 3 12 1 448.712 295.263 0.689297
234 3 13 0 555.224 495.595 0.683342
235 3 13 1 235.649 573.576 0.697423
236 3 13 2 642.231 582.085 0.725711
237 3 13 3 451.535 647.403 0.751
238 3 14 0 594.41 512.463 0.851755
239 3 14 1 235.533 565.079 0.379555
240 3 14 2 658.946 607.318 0.753632
241 3 14 3 507.532 624.156 0.753984
242 3 15 0 580.476 244.717 0.193619
243 3 15 1 661.91 307.821 0.353506
244 3 15 2 252.381 343.641 0.856066
245 3 15 3 485.242 381.66 0.192708
246 3 16 0 569.332 244.527 0.540062
247 3 16 1 594.677 352.143 0.812663
248 3 16 2 462.76 402.768 0.771474
249 3 17 0 555.243 533.481 0.717502
250 3 17 1 294.449 582.011 0.219913
251 3 17 2 597.443 611.51 0.804487
252 3 17 3 485.175 683.186 0.664015
253 3 18 0 521.543 510.263 0.482069
254 3 18 1 600.154 584.13 0.752313
255 3 18 2 299.948 586.183 0.648235
256 3 18 3 406.65 649.474 0.686238
257 4 0 0 437.418 263.628 0.613339
258 4 0 1 706.54 276.23 0.657116
259 4 0 2 762.739 307.847 0.633282
260 4 0 3 372.922 347.93 0.576498
261 4 1 0 787.988 113.89 0.808555
262 4 1 1 347.743 126.503 0.907884
263 4 1 2 709.588 128.618 0.873769
264 4 1 3 440.373 143.28 0.75048
265 4 2 0 401.056 263.573 0.508016
266 4 2 1 681.471 272.04 0.682655
267 4 2 2 729.269 303.627 0.678106
268 4 2 3 417.781 343.733 0.565378
269 4 3 0 476.649 263.65 0.647188
270 4 3 1 729.016 278.341 0.628846
271 4 3 2 796.34 312.03 0.674662
272 4 3 3 325.441 350.03 0.594001
273 4 4 0 726.3 40.0842 0.885489
274 4 4 1 664.615 80.1003 0.885741
275 4 4 2 431.896 107.474 0.804671
276 4 5 0 731.968 120.15 0.740543
277 4 5 1 412.266 126.561 0.852681
278 4 5 2 681.439 128.613 0.824301
279 4 6 0 838.508 111.757 0.823258
280 4 6 1 280.464 128.73 0.863001
281 4 6 2 751.469 128.585 0.816771
282 4 6 3 485.102 143.321 0.901013
283 4 7 0 661.994 392.215 0.844168
284 4 7 1 745.871 444.92 0.758254
285 4 7 2 417.808 520.856 0.747193
286 4 8 0 729.006 398.504 0.756799
287 4 8 1 785.199 446.943 0.804552
288 4 8 2 367.442 522.975 0.774222
289 4 9 0 378.569 42.1557 0.832512
290 4 9 1 412.214 88.5463 0.35323
291 4 10 0 771.156 35.8205 0.85481
292 4 10 1 319.677 42.1816 0.156194
293 4 10 2 709.461 75.786 0.936144
294 4 10 3 459.803 90.7004 0.899352
295 4 11 0 684.365 193.941 0.73226
296 4 11 1 726.297 221.387 0.388103
297 4 11 2 459.786 242.547 0.930174
298 4 12 0 510.465 210.913 0.584383
299 4 12 1 866.629 213.069 0.779875
300 4 12 2 274.777 257.263 0.818095
301 4 13 0 670.27 493.45 0.798337
302 4 13 1 751.592 579.839 0.826288
303 4 13 2 417.979 662.089 0.734449
304 4 14 0 729.157 495.482 0.717446
305 4 14 1 818.995 535.584 0.834003
306 4 14 2 384.237 657.943 0.686344
307 4 15 0 659.095 240.353 0.805408
308 4 15 1 706.653 299.416 0.426189
309 4 15 2 487.929 326.853 0.850971
310 4 16 0 888.939 309.974 0.856849
311 4 16 1 277.616 350.025 0.814562
312 4 17 0 684.272 527.119 0.470512
313 4 17 1 799.279 579.906 0.868346
314 4 17 2 328.098 662.138 0.689916
315 4 18 0 636.644 518.749 0.774763
316 4 18 1 712.349 611.558 0.733587
317 4 18 2 457.147 649.548 0.468045
P viewIdx, pafIdx, aOverAllIdx, bOverAllIdx, CandidAIdx, CandidBIdx, score
0 0 4 0 0 0 0
0 0 4 1 0 1 0
0 0 4 2 0 2 0.957241
0 0 4 3 0 3 0
0 0 5 0 1 0 0
0 0 5 1 1 1 0
0 0 5 2 1 2 0
0 0 5 3 1 3 0.982697
0 0 6 0 2 0 0.806741
0 0 6 1 2 1 0
0 0 6 2 2 2 0
0 0 6 3 2 3 0
0 0 7 0 3 0 0
0 0 7 1 3 1 0.984504
0 0 7 2 3 2 0
0 0 7 3 3 3 0
0 1 8 26 0 0 0.32161
0 1 8 27 0 1 0
0 1 8 28 0 2 0.276937
0 1 8 29 0 3 0
0 1 9 26 1 0 0
0 1 9 27 1 1 0.971317
0 1 9 28 1 2 0
0 1 9 29 1 3 0
0 1 10 26 2 0 0.276573
0 1 10 27 2 1 0
0 1 10 28 2 2 0.317833
0 1 10 29 2 3 0
0 1 11 26 3 0 0
0 1 11 27 3 1 0
0 1 11 28 3 2 0
0 1 11 29 3 3 0.982725
0 2 26 45 0 0 0.953448
0 2 26 46 0 1 0
0 2 26 47 0 2 0
0 2 27 45 1 0 0
0 2 27 46 1 1 0.925544
0 2 27 47 1 2 0
0 2 28 45 2 0 0
0 2 28 46 2 1 0
0 2 28 47 2 2 0.966868
0 2 29 45 3 0 0
0 2 29 46 3 1 0
0 2 29 47 3 2 0
0 3 0 8 0 0 0.767899
0 3 0 9 0 1 0
0 3 0 10 0 2 0
0 3 0 11 0 3 0
0 3 1 8 1 0 0
0 3 1 9 1 1 0.922064
0 3 1 10 1 2 0
0 3 1 11 1 3 0
0 3 2 8 2 0 0
0 3 2 9 2 1 0
0 3 2 10 2 2 0.882892
0 3 2 11 2 3 0
0 3 3 8 3 0 0
0 3 3 9 3 1 0
0 3 3 10 3 2 0
0 3 3 11 3 3 0.834881
0 4 0 12 0 0 0.752834
0 4 0 13 0 1 0
0 4 0 14 0 2 0
0 4 0 15 0 3 0
0 4 1 12 1 0 0
0 4 1 13 1 1 0.919595
0 4 1 14 1 2 0
0 4 1 15 1 3 0
0 4 2 12 2 0 0
0 4 2 13 2 1 0
0 4 2 14 2 2 0.873877
0 4 2 15 2 3 0
0 4 3 12 3 0 0
0 4 3 13 3 1 0
0 4 3 14 3 2 0
0 4 3 15 3 3 0.84496
0 5 12 30 0 0 0.213955
0 5 12 31 0 1 0
0 5 12 32 0 2 0.188766
0 5 12 33 0 3 0.19443
0 5 13 30 1 0 0
0 5 13 31 1 1 0.961537
0 5 13 32 1 2 0
0 5 13 33 1 3 0
0 5 14 30 2 0 0
0 5 14 31 2 1 0
0 5 14 32 2 2 0.541349
0 5 14 33 2 3 0
0 5 15 30 3 0 0.284008
0 5 15 31 3 1 0
0 5 15 32 3 2 0
0 5 15 33 3 3 0.312069
0 6 30 48 0 0 0.895327
0 6 30 49 0 1 0
0 6 30 50 0 2 0
0 6 31 48 1 0 0
0 6 31 49 1 1 0.975778
0 6 31 50 1 2 0
0 6 32 48 2 0 0
0 6 32 49 2 1 0
0 6 32 50 2 2 0.944089
0 6 33 48 3 0 0
0 6 33 49 3 1 0
0 6 33 50 3 2 0
0 7 4 19 0 0 0
0 7 4 20 0 1 0.948535
0 7 4 21 0 2 0
0 7 4 22 0 3 0
0 7 5 19 1 0 0.987455
0 7 5 20 1 1 0
0 7 5 21 1 2 0
0 7 5 22 1 3 0
0 7 6 19 2 0 0
0 7 6 20 2 1 0
0 7 6 21 2 2 0.884502
0 7 6 22 2 3 0
0 7 7 19 3 0 0
0 7 7 20 3 1 0
0 7 7 21 3 2 0
0 7 7 22 3 3 0.983766
0 8 19 39 0 0 0
0 8 19 40 0 1 0
0 8 19 41 0 2 0
0 8 19 42 0 3 0.5512
0 8 20 39 1 0 0
0 8 20 40 1 1 0.975645
0 8 20 41 1 2 0
0 8 20 42 1 3 0
0 8 21 39 2 0 0.923818
0 8 21 40 2 1 0
0 8 21 41 2 2 0
0 8 21 42 2 3 0
0 8 22 39 3 0 0
0 8 22 40 3 1 0
0 8 22 41 3 2 0.529254
0 8 22 42 3 3 0.26042
0 9 39 51 0 0 0
0 9 39 52 0 1 0
0 9 39 53 0 2 0
0 9 39 54 0 3 0.284576
0 9 39 55 0 4 0.276785
0 9 40 51 1 0 0
0 9 40 52 1 1 0.362666
0 9 40 53 1 2 0
0 9 40 54 1 3 0.176433
0 9 40 55 1 4 0.181532
0 9 41 51 2 0 0
0 9 41 52 2 1 0
0 9 41 53 2 2 0.812269
0 9 41 54 2 3 0
0 9 41 55 2 4 0
0 9 42 51 3 0 0.808888
0 9 42 52 3 1 0
0 9 42 53 3 2 0
0 9 42 54 3 3 0
0 9 42 55 3 4 0
0 10 19 34 0 0 0.991383
0 10 19 35 0 1 0
0 10 19 36 0 2 0
0 10 20 34 1 0 0
0 10 20 35 1 1 0.985709
0 10 20 36 1 2 0
0 10 21 34 2 0 0
0 10 21 35 2 1 0
0 10 21 36 2 2 0.982321
0 10 22 34 3 0 0
0 10 22 35 3 1 0
0 10 22 36 3 2 0
0 11 4 23 0 0 0.951851
0 11 4 24 0 1 0
0 11 4 25 0 2 0
0 11 5 23 1 0 0
0 11 5 24 1 1 0.973602
0 11 5 25 1 2 0
0 11 6 23 2 0 0
0 11 6 24 2 1 0
0 11 6 25 2 2 0
0 11 7 23 3 0 0
0 11 7 24 3 1 0
0 11 7 25 3 2 0.979568
0 12 23 43 0 0 0
0 12 23 44 0 1 0
0 12 24 43 1 0 0
0 12 24 44 1 1 0.962627
0 12 25 43 2 0 0.997513
0 12 25 44 2 1 0
0 13 43 56 0 0 0
0 13 43 57 0 1 0.997534
0 13 44 56 1 0 0.76918
0 13 44 57 1 1 0
0 14 23 37 0 0 0
0 14 23 38 0 1 0
0 14 24 37 1 0 0.691845
0 14 24 38 1 1 0
0 14 25 37 2 0 0
0 14 25 38 2 1 0.988909
0 15 4 16 0 0 0.971391
0 15 4 17 0 1 0
0 15 4 18 0 2 0
0 15 5 16 1 0 0
0 15 5 17 1 1 0
0 15 5 18 1 2 0
0 15 6 16 2 0 0
0 15 6 17 2 1 0.838539
0 15 6 18 2 2 0
0 15 7 16 3 0 0
0 15 7 17 3 1 0
0 15 7 18 3 2 0.995913
0 16 48 58 0 0 0.869259
0 16 48 59 0 1 0
0 16 49 58 1 0 0
0 16 49 59 1 1 0.994969
0 16 50 58 2 0 0
0 16 50 59 2 1 0
0 17 45 60 0 0 0.818617
0 17 45 61 0 1 0
0 17 46 60 1 0 0
0 17 46 61 1 1 0
0 17 47 60 2 0 0
0 17 47 61 2 1 0.920787
1 0 66 62 0 0 0
1 0 66 63 0 1 0.275328
1 0 66 64 0 2 0.264915
1 0 66 65 0 3 0
1 0 67 62 1 0 0
1 0 67 63 1 1 0.264897
1 0 67 64 1 2 0.275119
1 0 67 65 1 3 0
1 0 68 62 2 0 0
1 0 68 63 2 1 0
1 0 68 64 2 2 0
1 0 68 65 2 3 0.976491
1 0 69 62 3 0 0.988258
1 0 69 63 3 1 0
1 0 69 64 3 2 0
1 0 69 65 3 3 0
1 1 70 88 0 0 0
1 1 70 89 0 1 0.769602
1 1 70 90 0 2 0
1 1 70 91 0 3 0
1 1 71 88 1 0 0.954126
1 1 71 89 1 1 0
1 1 71 90 1 2 0
1 1 71 91 1 3 0
1 1 72 88 2 0 0
1 1 72 89 2 1 0
1 1 72 90 2 2 0.985888
1 1 72 91 2 3 0
1 1 73 88 3 0 0
1 1 73 89 3 1 0
1 1 73 90 3 2 0
1 1 73 91 3 3 0.990764
1 2 88 107 0 0 0.912753
1 2 88 108 0 1 0
1 2 88 109 0 2 0
1 2 88 110 0 3 0
1 2 89 107 1 0 0
1 2 89 108 1 1 0.777525
1 2 89 109 1 2 0
1 2 89 110 1 3 0
1 2 90 107 2 0 0
1 2 90 108 2 1 0
1 2 90 109 2 2 0
1 2 90 110 2 3 0.998675
1 2 91 107 3 0 0
1 2 91 108 3 1 0
1 2 91 109 3 2 0.999481
1 2 91 110 3 3 0
1 3 62 70 0 0 0
1 3 62 71 0 1 0.930459
1 3 62 72 0 2 0
1 3 62 73 0 3 0
1 3 63 70 1 0 0.477515
1 3 63 71 1 1 0
1 3 63 72 1 2 0.287096
1 3 63 73 1 3 0
1 3 64 70 2 0 0
1 3 64 71 2 1 0
1 3 64 72 2 2 0.513343
1 3 64 73 2 3 0
1 3 65 70 3 0 0
1 3 65 71 3 1 0
1 3 65 72 3 2 0
1 3 65 73 3 3 0.896929
1 4 62 74 0 0 0.944126
1 4 62 75 0 1 0
1 4 62 76 0 2 0
1 4 63 74 1 0 0
1 4 63 75 1 1 0.493252
1 4 63 76 1 2 0
1 4 64 74 2 0 0
1 4 64 75 2 1 0.506748
1 4 64 76 2 2 0
1 4 65 74 3 0 0
1 4 65 75 3 1 0
1 4 65 76 3 2 0.901109
1 5 74 92 0 0 0.958858
1 5 74 93 0 1 0
1 5 74 94 0 2 0
1 5 74 95 0 3 0
1 5 75 92 1 0 0
1 5 75 93 1 1 0.48892
1 5 75 94 1 2 0.51108
1 5 75 95 1 3 0
1 5 76 92 2 0 0
1 5 76 93 2 1 0
1 5 76 94 2 2 0
1 5 76 95 2 3 0.990435
1 6 92 111 0 0 0.898358
1 6 92 112 0 1 0
1 6 92 113 0 2 0
1 6 92 114 0 3 0
1 6 93 111 1 0 0
1 6 93 112 1 1 0.286557
1 6 93 113 1 2 0.267904
1 6 93 114 1 3 0
1 6 94 111 2 0 0
1 6 94 112 2 1 0.267211
1 6 94 113 2 2 0.28543
1 6 94 114 2 3 0
1 6 95 111 3 0 0
1 6 95 112 3 1 0
1 6 95 113 3 2 0
1 6 95 114 3 3 0.998991
1 7 66 80 0 0 0.250908
1 7 66 81 0 1 0.499956
1 7 66 82 0 2 0
1 7 66 83 0 3 0
1 7 67 80 1 0 0.499802
1 7 67 81 1 1 0
1 7 67 82 1 2 0
1 7 67 83 1 3 0
1 7 68 80 2 0 0
1 7 68 81 2 1 0
1 7 68 82 2 2 0
1 7 68 83 2 3 0.99829
1 7 69 80 3 0 0
1 7 69 81 3 1 0
1 7 69 82 3 2 0.966458
1 7 69 83 3 3 0
1 8 80 101 0 0 0.976852
1 8 80 102 0 1 0
1 8 80 103 0 2 0
1 8 81 101 1 0 0
1 8 81 102 1 1 0
1 8 81 103 1 2 0
1 8 82 101 2 0 0
1 8 82 102 2 1 0.953983
1 8 82 103 2 2 0
1 8 83 101 3 0 0
1 8 83 102 3 1 0
1 8 83 103 3 2 0.982056
1 9 101 115 0 0 0.252172
1 9 101 116 0 1 0.524953
1 9 102 115 1 0 0.51963
1 9 102 116 1 1 0
1 9 103 115 2 0 0
1 9 103 116 2 1 0
1 10 80 96 0 0 0.529143
1 10 80 97 0 1 0
1 10 80 98 0 2 0.257133
1 10 81 96 1 0 0
1 10 81 97 1 1 0
1 10 81 98 1 2 0.519736
1 10 82 96 2 0 0
1 10 82 97 2 1 0
1 10 82 98 2 2 0
1 10 83 96 3 0 0
1 10 83 97 3 1 0.988374
1 10 83 98 3 2 0
1 11 66 84 0 0 0
1 11 66 85 0 1 0.499552
1 11 66 86 0 2 0
1 11 66 87 0 3 0
1 11 67 84 1 0 0.497846
1 11 67 85 1 1 0.252845
1 11 67 86 1 2 0
1 11 67 87 1 3 0
1 11 68 84 2 0 0
1 11 68 85 2 1 0
1 11 68 86 2 2 0.995565
1 11 68 87 2 3 0
1 11 69 84 3 0 0
1 11 69 85 3 1 0
1 11 69 86 3 2 0
1 11 69 87 3 3 0.984621
1 12 84 104 0 0 0.258859
1 12 84 105 0 1 0
1 12 84 106 0 2 0.272328
1 12 85 104 1 0 0.272541
1 12 85 105 1 1 0
1 12 85 106 1 2 0.258842
1 12 86 104 2 0 0
1 12 86 105 2 1 0.5151
1 12 86 106 2 2 0
1 12 87 104 3 0 0
1 12 87 105 3 1 0.4849
1 12 87 106 3 2 0
1 13 104 117 0 0 0
1 13 104 118 0 1 0.254041
1 13 104 119 0 2 0
1 13 104 120 0 3 0.523333
1 13 105 117 1 0 0
1 13 105 118 1 1 0
1 13 105 119 1 2 0.973442
1 13 105 120 1 3 0
1 13 106 117 2 0 0
1 13 106 118 2 1 0.52256
1 13 106 119 2 2 0
1 13 106 120 2 3 0
1 14 84 99 0 0 0
1 14 84 100 0 1 0
1 14 85 99 1 0 0
1 14 85 100 1 1 0
1 14 86 99 2 0 0.277133
1 14 86 100 2 1 0.256036
1 14 87 99 3 0 0.255928
1 14 87 100 3 1 0.277151
1 15 66 77 0 0 0.302107
1 15 66 78 0 1 0.282044
1 15 66 79 0 2 0
1 15 67 77 1 0 0.281323
1 15 67 78 1 1 0.300041
1 15 67 79 1 2 0
1 15 68 77 2 0 0
1 15 68 78 2 1 0
1 15 68 79 2 2 0
1 15 69 77 3 0 0
1 15 69 78 3 1 0
1 15 69 79 3 2 0.981757
1 16 111 121 0 0 0.77966
1 16 111 122 0 1 0
1 16 111 123 0 2 0
1 16 111 124 0 3 0
1 16 112 121 1 0 0
1 16 112 122 1 1 0.8343
1 16 112 123 1 2 0
1 16 112 124 1 3 0
1 16 113 121 2 0 0
1 16 113 122 2 1 0
1 16 113 123 2 2 0.861517
1 16 113 124 2 3 0
1 16 114 121 3 0 0
1 16 114 122 3 1 0
1 16 114 123 3 2 0
1 16 114 124 3 3 0.977888
1 17 107 125 0 0 0.812835
1 17 107 126 0 1 0
1 17 107 127 0 2 0
1 17 107 128 0 3 0
1 17 108 125 1 0 0
1 17 108 126 1 1 0.711267
1 17 108 127 1 2 0
1 17 108 128 1 3 0
1 17 109 125 2 0 0
1 17 109 126 2 1 0
1 17 109 127 2 2 0.803764
1 17 109 128 2 3 0
1 17 110 125 3 0 0
1 17 110 126 3 1 0
1 17 110 127 3 2 0
1 17 110 128 3 3 0.897953
2 0 133 129 0 0 0.492789
2 0 133 130 0 1 0
2 0 133 131 0 2 0.26403
2 0 133 132 0 3 0
2 0 134 129 1 0 0
2 0 134 130 1 1 0.968604
2 0 134 131 1 2 0
2 0 134 132 1 3 0
2 0 135 129 2 0 0
2 0 135 130 2 1 0
2 0 135 131 2 2 0.517212
2 0 135 132 2 3 0
2 0 136 129 3 0 0
2 0 136 130 3 1 0
2 0 136 131 3 2 0
2 0 136 132 3 3 0.998879
2 1 137 155 0 0 0
2 1 137 156 0 1 0
2 1 137 157 0 2 0
2 1 138 155 1 0 0.82836
2 1 138 156 1 1 0
2 1 138 157 1 2 0
2 1 139 155 2 0 0
2 1 139 156 2 1 0.995832
2 1 139 157 2 2 0
2 1 140 155 3 0 0
2 1 140 156 3 1 0
2 1 140 157 3 2 0.973682
2 2 155 174 0 0 0
2 2 155 175 0 1 0
2 2 156 174 1 0 0.972838
2 2 156 175 1 1 0
2 2 157 174 2 0 0
2 2 157 175 2 1 0.992741
2 3 129 137 0 0 0.77388
2 3 129 138 0 1 0
2 3 129 139 0 2 0
2 3 129 140 0 3 0
2 3 130 137 1 0 0
2 3 130 138 1 1 0.877263
2 3 130 139 1 2 0
2 3 130 140 1 3 0
2 3 131 137 2 0 0
2 3 131 138 2 1 0
2 3 131 139 2 2 0.920881
2 3 131 140 2 3 0
2 3 132 137 3 0 0
2 3 132 138 3 1 0
2 3 132 139 3 2 0
2 3 132 140 3 3 0.917244
2 4 129 141 0 0 0.789344
2 4 129 142 0 1 0
2 4 129 143 0 2 0
2 4 129 144 0 3 0
2 4 130 141 1 0 0
2 4 130 142 1 1 0.894267
2 4 130 143 1 2 0
2 4 130 144 1 3 0
2 4 131 141 2 0 0
2 4 131 142 2 1 0
2 4 131 143 2 2 0.924637
2 4 131 144 2 3 0
2 4 132 141 3 0 0
2 4 132 142 3 1 0
2 4 132 143 3 2 0
2 4 132 144 3 3 0.92549
2 5 141 158 0 0 0
2 5 141 159 0 1 0
2 5 141 160 0 2 0
2 5 142 158 1 0 0.945072
2 5 142 159 1 1 0
2 5 142 160 1 2 0
2 5 143 158 2 0 0
2 5 143 159 2 1 0.968136
2 5 143 160 2 2 0
2 5 144 158 3 0 0
2 5 144 159 3 1 0
2 5 144 160 3 2 0.990237
2 6 158 176 0 0 0.992955
2 6 158 177 0 1 0
2 6 158 178 0 2 0
2 6 159 176 1 0 0
2 6 159 177 1 1 0.986076
2 6 159 178 1 2 0
2 6 160 176 2 0 0
2 6 160 177 2 1 0
2 6 160 178 2 2 0.979353
2 7 133 147 0 0 0.944377
2 7 133 148 0 1 0
2 7 133 149 0 2 0
2 7 133 150 0 3 0
2 7 134 147 1 0 0
2 7 134 148 1 1 0.978755
2 7 134 149 1 2 0
2 7 134 150 1 3 0
2 7 135 147 2 0 0
2 7 135 148 2 1 0
2 7 135 149 2 2 0.980374
2 7 135 150 2 3 0
2 7 136 147 3 0 0
2 7 136 148 3 1 0
2 7 136 149 3 2 0
2 7 136 150 3 3 0.981263
2 8 147 167 0 0 0
2 8 147 168 0 1 0
2 8 147 169 0 2 0
2 8 148 167 1 0 0.882039
2 8 148 168 1 1 0
2 8 148 169 1 2 0
2 8 149 167 2 0 0
2 8 149 168 2 1 0.998969
2 8 149 169 2 2 0
2 8 150 167 3 0 0
2 8 150 168 3 1 0
2 8 150 169 3 2 0.992859
2 9 167 179 0 0 0.982221
2 9 167 180 0 1 0
2 9 167 181 0 2 0
2 9 168 179 1 0 0
2 9 168 180 1 1 0
2 9 168 181 1 2 0.984857
2 9 169 179 2 0 0
2 9 169 180 2 1 0.966452
2 9 169 181 2 2 0
2 10 147 161 0 0 0.50328
2 10 147 162 0 1 0
2 10 147 163 0 2 0
2 10 148 161 1 0 0
2 10 148 162 1 1 0
2 10 148 163 1 2 0
2 10 149 161 2 0 0.257127
2 10 149 162 2 1 0.509515
2 10 149 163 2 2 0
2 10 150 161 3 0 0
2 10 150 162 3 1 0
2 10 150 163 3 2 0.99005
2 11 133 151 0 0 0.95158
2 11 133 152 0 1 0
2 11 133 153 0 2 0
2 11 133 154 0 3 0
2 11 134 151 1 0 0
2 11 134 152 1 1 0.97382
2 11 134 153 1 2 0
2 11 134 154 1 3 0
2 11 135 151 2 0 0
2 11 135 152 2 1 0
2 11 135 153 2 2 0.984265
2 11 135 154 2 3 0
2 11 136 151 3 0 0
2 11 136 152 3 1 0
2 11 136 153 3 2 0
2 11 136 154 3 3 0.976466
2 12 151 170 0 0 0.915908
2 12 151 171 0 1 0
2 12 151 172 0 2 0
2 12 151 173 0 3 0
2 12 152 170 1 0 0
2 12 152 171 1 1 0.987862
2 12 152 172 1 2 0
2 12 152 173 1 3 0
2 12 153 170 2 0 0
2 12 153 171 2 1 0
2 12 153 172 2 2 0.984942
2 12 153 173 2 3 0
2 12 154 170 3 0 0
2 12 154 171 3 1 0
2 12 154 172 3 2 0
2 12 154 173 3 3 0.962522
2 13 170 182 0 0 0.919767
2 13 170 183 0 1 0
2 13 170 184 0 2 0
2 13 170 185 0 3 0
2 13 171 182 1 0 0
2 13 171 183 1 1 0.995419
2 13 171 184 1 2 0
2 13 171 185 1 3 0
2 13 172 182 2 0 0
2 13 172 183 2 1 0
2 13 172 184 2 2 0.983242
2 13 172 185 2 3 0
2 13 173 182 3 0 0
2 13 173 183 3 1 0
2 13 173 184 3 2 0
2 13 173 185 3 3 0.973543
2 14 151 164 0 0 0
2 14 151 165 0 1 0
2 14 151 166 0 2 0
2 14 152 164 1 0 0
2 14 152 165 1 1 0.993284
2 14 152 166 1 2 0
2 14 153 164 2 0 0.92543
2 14 153 165 2 1 0
2 14 153 166 2 2 0
2 14 154 164 3 0 0
2 14 154 165 3 1 0
2 14 154 166 3 2 0.974283
2 15 133 145 0 0 0.958222
2 15 133 146 0 1 0
2 15 134 145 1 0 0
2 15 134 146 1 1 0.994895
2 15 135 145 2 0 0
2 15 135 146 2 1 0
2 15 136 145 3 0 0
2 15 136 146 3 1 0
2 16 176 186 0 0 0.980776
2 16 176 187 0 1 0
2 16 176 188 0 2 0
2 16 177 186 1 0 0
2 16 177 187 1 1 0.786889
2 16 177 188 1 2 0
2 16 178 186 2 0 0
2 16 178 187 2 1 0
2 16 178 188 2 2 0.684255
2 17 174 189 0 0 0.785457
2 17 174 190 0 1 0
2 17 175 189 1 0 0
2 17 175 190 1 1 0.729263
3 0 195 191 0 0 0
3 0 195 192 0 1 0.902604
3 0 195 193 0 2 0
3 0 195 194 0 3 0
3 0 196 191 1 0 0
3 0 196 192 1 1 0
3 0 196 193 1 2 0
3 0 196 194 1 3 0.966803
3 0 197 191 2 0 0
3 0 197 192 2 1 0
3 0 197 193 2 2 0.535375
3 0 197 194 2 3 0
3 0 198 191 3 0 0.518212
3 0 198 192 3 1 0
3 0 198 193 3 2 0.265627
3 0 198 194 3 3 0
3 1 199 216 0 0 0.206407
3 1 199 217 0 1 0
3 1 199 218 0 2 0.18012
3 1 199 219 0 3 0.18147
3 1 200 216 1 0 0
3 1 200 217 1 1 0.968674
3 1 200 218 1 2 0
3 1 200 219 1 3 0
3 1 201 216 2 0 0
3 1 201 217 2 1 0
3 1 201 218 2 2 0.52255
3 1 201 219 2 3 0
3 1 202 216 3 0 0.259811
3 1 202 217 3 1 0
3 1 202 218 3 2 0
3 1 202 219 3 3 0.297734
3 2 216 234 0 0 0.527674
3 2 216 235 0 1 0
3 2 216 236 0 2 0.262114
3 2 216 237 0 3 0
3 2 217 234 1 0 0
3 2 217 235 1 1 0.980488
3 2 217 236 1 2 0
3 2 217 237 1 3 0
3 2 218 234 2 0 0
3 2 218 235 2 1 0
3 2 218 236 2 2 0.534778
3 2 218 237 2 3 0
3 2 219 234 3 0 0
3 2 219 235 3 1 0
3 2 219 236 3 2 0
3 2 219 237 3 3 0.961043
3 3 191 199 0 0 0.896447
3 3 191 200 0 1 0
3 3 191 201 0 2 0
3 3 191 202 0 3 0
3 3 192 199 1 0 0
3 3 192 200 1 1 0.661057
3 3 192 201 1 2 0
3 3 192 202 1 3 0
3 3 193 199 2 0 0
3 3 193 200 2 1 0
3 3 193 201 2 2 0.879764
3 3 193 202 2 3 0
3 3 194 199 3 0 0
3 3 194 200 3 1 0
3 3 194 201 3 2 0
3 3 194 202 3 3 0.8987
3 4 191 203 0 0 0.885095
3 4 191 204 0 1 0
3 4 191 205 0 2 0
3 4 191 206 0 3 0
3 4 192 203 1 0 0
3 4 192 204 1 1 0.684255
3 4 192 205 1 2 0
3 4 192 206 1 3 0
3 4 193 203 2 0 0
3 4 193 204 2 1 0
3 4 193 205 2 2 0.852275
3 4 193 206 2 3 0
3 4 194 203 3 0 0
3 4 194 204 3 1 0
3 4 194 205 3 2 0
3 4 194 206 3 3 0.911068
3 5 203 220 0 0 0.273418
3 5 203 221 0 1 0
3 5 203 222 0 2 0.256719
3 5 203 223 0 3 0
3 5 204 220 1 0 0
3 5 204 221 1 1 0.871349
3 5 204 222 1 2 0
3 5 204 223 1 3 0
3 5 205 220 2 0 0.256702
3 5 205 221 2 1 0
3 5 205 222 2 2 0.273181
3 5 205 223 2 3 0
3 5 206 220 3 0 0
3 5 206 221 3 1 0
3 5 206 222 3 2 0
3 5 206 223 3 3 0.970727
3 6 220 238 0 0 0.29533
3 6 220 239 0 1 0
3 6 220 240 0 2 0.253703
3 6 220 241 0 3 0
3 6 221 238 1 0 0
3 6 221 239 1 1 0.868743
3 6 221 240 1 2 0
3 6 221 241 1 3 0
3 6 222 238 2 0 0.249861
3 6 222 239 2 1 0
3 6 222 240 2 2 0.294622
3 6 222 241 2 3 0
3 6 223 238 3 0 0
3 6 223 239 3 1 0
3 6 223 240 3 2 0
3 6 223 241 3 3 0.989148
3 7 195 209 0 0 0
3 7 195 210 0 1 0
3 7 195 211 0 2 0.824766
3 7 195 212 0 3 0
3 7 196 209 1 0 0.980882
3 7 196 210 1 1 0
3 7 196 211 1 2 0
3 7 196 212 1 3 0
3 7 197 209 2 0 0
3 7 197 210 2 1 0.958046
3 7 197 211 2 2 0
3 7 197 212 2 3 0
3 7 198 209 3 0 0
3 7 198 210 3 1 0
3 7 198 211 3 2 0
3 7 198 212 3 3 0.89595
3 8 209 229 0 0 0
3 8 209 230 0 1 0
3 8 209 231 0 2 0.525102
3 8 210 229 1 0 0.99588
3 8 210 230 1 1 0
3 8 210 231 1 2 0
3 8 211 229 2 0 0
3 8 211 230 2 1 0.990861
3 8 211 231 2 2 0
3 8 212 229 3 0 0
3 8 212 230 3 1 0
3 8 212 231 3 2 0.474898
3 9 229 242 0 0 0
3 9 229 243 0 1 0.907889
3 9 229 244 0 2 0
3 9 229 245 0 3 0
3 9 230 242 1 0 0
3 9 230 243 1 1 0
3 9 230 244 1 2 0.991676
3 9 230 245 1 3 0
3 9 231 242 2 0 0
3 9 231 243 2 1 0
3 9 231 244 2 2 0
3 9 231 245 2 3 0.801609
3 10 209 224 0 0 0.861014
3 10 209 225 0 1 0
3 10 209 226 0 2 0
3 10 210 224 1 0 0
3 10 210 225 1 1 0
3 10 210 226 1 2 0.735613
3 10 211 224 2 0 0
3 10 211 225 2 1 0.996066
3 10 211 226 2 2 0
3 10 212 224 3 0 0
3 10 212 225 3 1 0
3 10 212 226 3 2 0
3 11 195 213 0 0 0.805405
3 11 195 214 0 1 0
3 11 195 215 0 2 0
3 11 196 213 1 0 0
3 11 196 214 1 1 0.984561
3 11 196 215 1 2 0
3 11 197 213 2 0 0
3 11 197 214 2 1 0
3 11 197 215 2 2 0.944227
3 11 198 213 3 0 0
3 11 198 214 3 1 0
3 11 198 215 3 2 0
3 12 213 232 0 0 0
3 12 213 233 0 1 0
3 12 214 232 1 0 0
3 12 214 233 1 1 0.977826
3 12 215 232 2 0 0.990361
3 12 215 233 2 1 0
3 13 232 246 0 0 0
3 13 232 247 0 1 0.956105
3 13 232 248 0 2 0
3 13 233 246 1 0 0
3 13 233 247 1 1 0
3 13 233 248 1 2 0.978774
3 14 213 227 0 0 0
3 14 213 228 0 1 0
3 14 214 227 1 0 0.984523
3 14 214 228 1 1 0
3 14 215 227 2 0 0
3 14 215 228 2 1 0.997392
3 15 195 207 0 0 0.927531
3 15 195 208 0 1 0
3 15 196 207 1 0 0
3 15 196 208 1 1 0
3 15 197 207 2 0 0
3 15 197 208 2 1 0.464027
3 15 198 207 3 0 0
3 15 198 208 3 1 0.535973
3 16 238 249 0 0 0.909841
3 16 238 250 0 1 0
3 16 238 251 0 2 0
3 16 238 252 0 3 0
3 16 239 249 1 0 0
3 16 239 250 1 1 0.75987
3 16 239 251 1 2 0
3 16 239 252 1 3 0
3 16 240 249 2 0 0
3 16 240 250 2 1 0
3 16 240 251 2 2 0.983445
3 16 240 252 2 3 0
3 16 241 249 3 0 0
3 16 241 250 3 1 0
3 16 241 251 3 2 0
3 16 241 252 3 3 0.906868
3 17 234 253 0 0 0.919162
3 17 234 254 0 1 0
3 17 234 255 0 2 0
3 17 234 256 0 3 0
3 17 235 253 1 0 0
3 17 235 254 1 1 0
3 17 235 255 1 2 0.910126
3 17 235 256 1 3 0
3 17 236 253 2 0 0
3 17 236 254 2 1 0.948786
3 17 236 255 2 2 0
3 17 236 256 2 3 0
3 17 237 253 3 0 0
3 17 237 254 3 1 0
3 17 237 255 3 2 0
3 17 237 256 3 3 0.967655
4 0 261 257 0 0 0
4 0 261 258 0 1 0.254672
4 0 261 259 0 2 0.281208
4 0 261 260 0 3 0
4 0 262 257 1 0 0
4 0 262 258 1 1 0
4 0 262 259 1 2 0
4 0 262 260 1 3 0.98762
4 0 263 257 2 0 0
4 0 263 258 2 1 0.281337
4 0 263 259 2 2 0.254847
4 0 263 260 2 3 0
4 0 264 257 3 0 0.938192
4 0 264 258 3 1 0
4 0 264 259 3 2 0
4 0 264 260 3 3 0
4 1 265 283 0 0 0
4 1 265 284 0 1 0
4 1 265 285 0 2 0.48252
4 1 266 283 1 0 0.27415
4 1 266 284 1 1 0.251201
4 1 266 285 1 2 0
4 1 267 283 2 0 0.251281
4 1 267 284 2 1 0.274114
4 1 267 285 2 2 0
4 1 268 283 3 0 0
4 1 268 284 3 1 0
4 1 268 285 3 2 0.51748
4 2 283 301 0 0 0.995847
4 2 283 302 0 1 0
4 2 283 303 0 2 0
4 2 284 301 1 0 0
4 2 284 302 1 1 0.993758
4 2 284 303 1 2 0
4 2 285 301 2 0 0
4 2 285 302 2 1 0
4 2 285 303 2 2 0.996256
4 3 257 265 0 0 0.872999
4 3 257 266 0 1 0
4 3 257 267 0 2 0
4 3 257 268 0 3 0
4 3 258 265 1 0 0
4 3 258 266 1 1 0.506776
4 3 258 267 1 2 0
4 3 258 268 1 3 0
4 3 259 265 2 0 0
4 3 259 266 2 1 0.271404
4 3 259 267 2 2 0.505098
4 3 259 268 2 3 0
4 3 260 265 3 0 0
4 3 260 266 3 1 0
4 3 260 267 3 2 0
4 3 260 268 3 3 0.857599
4 4 257 269 0 0 0.892042
4 4 257 270 0 1 0
4 4 257 271 0 2 0
4 4 257 272 0 3 0
4 4 258 269 1 0 0
4 4 258 270 1 1 0.50626
4 4 258 271 1 2 0.271001
4 4 258 272 1 3 0
4 4 259 269 2 0 0
4 4 259 270 2 1 0
4 4 259 271 2 2 0.510363
4 4 259 272 2 3 0
4 4 260 269 3 0 0
4 4 260 270 3 1 0
4 4 260 271 3 2 0
4 4 260 272 3 3 0.865494
4 5 269 286 0 0 0
4 5 269 287 0 1 0
4 5 269 288 0 2 0
4 5 270 286 1 0 0.283588
4 5 270 287 1 1 0.257207
4 5 270 288 1 2 0
4 5 271 286 2 0 0.256705
4 5 271 287 2 1 0.283101
4 5 271 288 2 2 0
4 5 272 286 3 0 0
4 5 272 287 3 1 0
4 5 272 288 3 2 0.983144
4 6 286 304 0 0 0.275741
4 6 286 305 0 1 0.253608
4 6 286 306 0 2 0
4 6 287 304 1 0 0.25245
4 6 287 305 1 1 0.275352
4 6 287 306 1 2 0
4 6 288 304 2 0 0
4 6 288 305 2 1 0
4 6 288 306 2 2 0.998122
4 7 261 276 0 0 0.497686
4 7 261 277 0 1 0
4 7 261 278 0 2 0.254355
4 7 262 276 1 0 0
4 7 262 277 1 1 0.961463
4 7 262 278 1 2 0
4 7 263 276 2 0 0
4 7 263 277 2 1 0
4 7 263 278 2 2 0.504718
4 7 264 276 3 0 0
4 7 264 277 3 1 0
4 7 264 278 3 2 0
4 8 276 295 0 0 0.266322
4 8 276 296 0 1 0.283808
4 8 276 297 0 2 0
4 8 277 295 1 0 0
4 8 277 296 1 1 0
4 8 277 297 1 2 0.999428
4 8 278 295 2 0 0.283313
4 8 278 296 2 1 0.266489
4 8 278 297 2 2 0
4 9 295 307 0 0 0.296212
4 9 295 308 0 1 0.279912
4 9 295 309 0 2 0
4 9 296 307 1 0 0.279706
4 9 296 308 1 1 0.29726
4 9 296 309 1 2 0
4 9 297 307 2 0 0
4 9 297 308 2 1 0
4 9 297 309 2 2 0.987243
4 10 276 289 0 0 0
4 10 276 290 0 1 0
4 10 277 289 1 0 0.498117
4 10 277 290 1 1 0.501883
4 10 278 289 2 0 0
4 10 278 290 2 1 0
4 11 261 279 0 0 0.501623
4 11 261 280 0 1 0
4 11 261 281 0 2 0
4 11 261 282 0 3 0
4 11 262 279 1 0 0
4 11 262 280 1 1 0.982302
4 11 262 281 1 2 0
4 11 262 282 1 3 0
4 11 263 279 2 0 0.253477
4 11 263 280 2 1 0
4 11 263 281 2 2 0.500646
4 11 263 282 2 3 0
4 11 264 279 3 0 0
4 11 264 280 3 1 0
4 11 264 281 3 2 0
4 11 264 282 3 3 0.970584
4 12 279 298 0 0 0
4 12 279 299 0 1 0.995164
4 12 279 300 0 2 0
4 12 280 298 1 0 0
4 12 280 299 1 1 0
4 12 280 300 1 2 0.989519
4 12 281 298 2 0 0
4 12 281 299 2 1 0
4 12 281 300 2 2 0
4 12 282 298 3 0 0.962664
4 12 282 299 3 1 0
4 12 282 300 3 2 0
4 13 298 310 0 0 0
4 13 298 311 0 1 0
4 13 299 310 1 0 0.989519
4 13 299 311 1 1 0
4 13 300 310 2 0 0
4 13 300 311 2 1 0.992302
4 14 279 291 0 0 0.283792
4 14 279 292 0 1 0
4 14 279 293 0 2 0.249216
4 14 279 294 0 3 0
4 14 280 291 1 0 0
4 14 280 292 1 1 0.675004
4 14 280 293 1 2 0
4 14 280 294 1 3 0
4 14 281 291 2 0 0.2493
4 14 281 292 2 1 0
4 14 281 293 2 2 0.283968
4 14 281 294 2 3 0
4 14 282 291 3 0 0
4 14 282 292 3 1 0
4 14 282 293 3 2 0
4 14 282 294 3 3 0.988375
4 15 261 273 0 0 0.993155
4 15 261 274 0 1 0
4 15 261 275 0 2 0
4 15 262 273 1 0 0
4 15 262 274 1 1 0
4 15 262 275 1 2 0
4 15 263 273 2 0 0
4 15 263 274 2 1 0.997373
4 15 263 275 2 2 0
4 15 264 273 3 0 0
4 15 264 274 3 1 0
4 15 264 275 3 2 0.966412
4 16 304 312 0 0 0.836919
4 16 304 313 0 1 0
4 16 304 314 0 2 0
4 16 305 312 1 0 0
4 16 305 313 1 1 0.956657
4 16 305 314 1 2 0
4 16 306 312 2 0 0
4 16 306 313 2 1 0
4 16 306 314 2 2 0.891169
4 17 301 315 0 0 0.96684
4 17 301 316 0 1 0
4 17 301 317 0 2 0
4 17 302 315 1 0 0
4 17 302 316 1 1 0.949523
4 17 302 317 1 2 0
4 17 303 315 2 0 0
4 17 303 316 2 1 0
4 17 303 317 2 2 0.710059
E jointIdx viewA viewB aOverAllIdx bOverallIdx score
0 0 1 0 62 0.367153
0 0 1 0 63 0.68065
0 0 1 0 64 0.111829
0 0 1 0 65 -1
0 0 1 1 62 0.371887
0 0 1 1 63 0.0787316
0 0 1 1 64 0.423622
0 0 1 1 65 0.0318318
0 0 1 2 62 0.262156
0 0 1 2 63 0.154384
0 0 1 2 64 0.364184
0 0 1 2 65 0.153063
0 0 1 3 62 -0.798359
0 0 1 3 63 -1
0 0 1 3 64 -1
0 0 1 3 65 0.736809
0 0 2 0 129 -1
0 0 2 0 130 0.613559
0 0 2 0 131 0.31102
0 0 2 0 132 -1
0 0 2 1 129 0.759681
0 0 2 1 130 -1
0 0 2 1 131 -1
0 0 2 1 132 -1
0 0 2 2 129 -1
0 0 2 2 130 -1
0 0 2 2 131 -1
0 0 2 2 132 0.626352
0 0 2 3 129 -1
0 0 2 3 130 0.924935
0 0 2 3 131 0.96629
0 0 2 3 132 -1
0 0 3 0 191 0.418333
0 0 3 0 192 -1
0 0 3 0 193 -1
0 0 3 0 194 0.570285
0 0 3 1 191 -1
0 0 3 1 192 0.95183
0 0 3 1 193 -1
0 0 3 1 194 -1
0 0 3 2 191 -1
0 0 3 2 192 -1
0 0 3 2 193 0.731194
0 0 3 2 194 -1
0 0 3 3 191 0.830883
0 0 3 3 192 -1
0 0 3 3 193 -1
0 0 3 3 194 0.376005
0 0 4 0 257 -1
0 0 4 0 258 0.893487
0 0 4 0 259 0.526072
0 0 4 0 260 -1
0 0 4 1 257 -1
0 0 4 1 258 -1
0 0 4 1 259 -1
0 0 4 1 260 0.838262
0 0 4 2 257 -1
0 0 4 2 258 0.845671
0 0 4 2 259 0.753258
0 0 4 2 260 -1
0 0 4 3 257 0.452235
0 0 4 3 258 -1
0 0 4 3 259 -1
0 0 4 3 260 -1
0 1 2 62 129 0.949318
0 1 2 62 130 0.114534
0 1 2 62 131 -1
0 1 2 62 132 -1
0 1 2 63 129 -1
0 1 2 63 130 -1
0 1 2 63 131 0.733276
0 1 2 63 132 0.643223
0 1 2 64 129 -1
0 1 2 64 130 -1
0 1 2 64 131 0.495787
0 1 2 64 132 0.805328
0 1 2 65 129 -1
0 1 2 65 130 0.731991
0 1 2 65 131 -1
0 1 2 65 132 -1
0 1 3 62 191 0.384284
0 1 3 62 192 0.825752
0 1 3 62 193 -1
0 1 3 62 194 -1
0 1 3 63 191 0.0818109
0 1 3 63 192 0.02045
0 1 3 63 193 0.367266
0 1 3 63 194 0.453934
0 1 3 64 191 0.0137906
0 1 3 64 192 -1
0 1 3 64 193 0.929858
0 1 3 64 194 0.684212
0 1 3 65 191 0.422353
0 1 3 65 192 0.943988
0 1 3 65 193 -1
0 1 3 65 194 -1
0 1 4 62 257 0.129795
0 1 4 62 258 -1
0 1 4 62 259 -1
0 1 4 62 260 0.957155
0 1 4 63 257 -1
0 1 4 63 258 -1
0 1 4 63 259 0.758177
0 1 4 63 260 -1
0 1 4 64 257 -1
0 1 4 64 258 0.625133
0 1 4 64 259 0.171993
0 1 4 64 260 -1
0 1 4 65 257 0.730597
0 1 4 65 258 -1
0 1 4 65 259 -1
0 1 4 65 260 -1
0 2 3 129 191 -1
0 2 3 129 192 0.763759
0 2 3 129 193 -1
0 2 3 129 194 -1
0 2 3 130 191 0.90153
0 2 3 130 192 -1
0 2 3 130 193 -1
0 2 3 130 194 -1
0 2 3 131 191 0.661499
0 2 3 131 192 -1
0 2 3 131 193 -1
0 2 3 131 194 0.775523
0 2 3 132 191 -1
0 2 3 132 192 -1
0 2 3 132 193 0.870758
0 2 3 132 194 -1
0 2 4 129 257 0.451539
0 2 4 129 258 -1
0 2 4 129 259 -1
0 2 4 129 260 0.901463
0 2 4 130 257 0.526345
0 2 4 130 258 -1
0 2 4 130 259 -1
0 2 4 130 260 0.496795
0 2 4 131 257 -1
0 2 4 131 258 -1
0 2 4 131 259 0.756099
0 2 4 131 260 -1
0 2 4 132 257 -1
0 2 4 132 258 0.954708
0 2 4 132 259 -1
0 2 4 132 260 -1
0 3 4 191 257 0.487101
0 3 4 191 258 0.200841
0 3 4 191 259 -1
0 3 4 191 260 -1
0 3 4 192 257 -0.815762
0 3 4 192 258 0.187926
0 3 4 192 259 0.673777
0 3 4 192 260 0.707513
0 3 4 193 257 -1
0 3 4 193 258 0.407194
0 3 4 193 259 0.149189
0 3 4 193 260 0.307557
0 3 4 194 257 -1
0 3 4 194 258 0.161596
0 3 4 194 259 0.821813
0 3 4 194 260 0.767165
1 0 1 4 66 0.0909055
1 0 1 4 67 0.0932965
1 0 1 4 68 0.0773625
1 0 1 4 69 0.0633764
1 0 1 5 66 0.0920974
1 0 1 5 67 0.0957511
1 0 1 5 68 0.0780939
1 0 1 5 69 0.0586287
1 0 1 6 66 0.0928742
1 0 1 6 67 0.0845282
1 0 1 6 68 0.0801184
1 0 1 6 69 0.0673012
1 0 1 7 66 0.02648
1 0 1 7 67 0.031048
1 0 1 7 68 0.0951989
1 0 1 7 69 0.173941
1 0 2 4 133 -1
1 0 2 4 134 -1
1 0 2 4 135 0.0715502
1 0 2 4 136 0.740532
1 0 2 5 133 -1
1 0 2 5 134 0.97265
1 0 2 5 135 -1
1 0 2 5 136 -1
1 0 2 6 133 -1
1 0 2 6 134 0.353379
1 0 2 6 135 0.776931
1 0 2 6 136 -1
1 0 2 7 133 0.84953
1 0 2 7 134 -1
1 0 2 7 135 -1
1 0 2 7 136 -1
1 0 3 4 195 0.0569339
1 0 3 4 196 0.0876567
1 0 3 4 197 0.124738
1 0 3 4 198 0.0765522
1 0 3 5 195 0.0757952
1 0 3 5 196 0.101428
1 0 3 5 197 0.0806708
1 0 3 5 198 0.0900254
1 0 3 6 195 0.0845946
1 0 3 6 196 0.0978462
1 0 3 6 197 0.0795179
1 0 3 6 198 0.0879763
1 0 3 7 195 0.144279
1 0 3 7 196 0.0544293
1 0 3 7 197 0.0656548
1 0 3 7 198 0.0970638
1 0 4 4 261 0.232701
1 0 4 4 262 -0.63206
1 0 4 4 263 0.2362
1 0 4 4 264 0.149679
1 0 4 5 261 0.0930528
1 0 4 5 262 0.0651475
1 0 4 5 263 0.0906007
1 0 4 5 264 0.15624
1 0 4 6 261 0.227715
1 0 4 6 262 -0.676358
1 0 4 6 263 0.223717
1 0 4 6 264 0.178533
1 0 4 7 261 0.0541366
1 0 4 7 262 0.440329
1 0 4 7 263 0.0569446
1 0 4 7 264 0.0927888
1 1 2 66 133 -1
1 1 2 66 134 -1
1 1 2 66 135 0.975295
1 1 2 66 136 0.310211
1 1 2 67 133 -1
1 1 2 67 134 -1
1 1 2 67 135 0.0294297
1 1 2 67 136 0.958333
1 1 2 68 133 -1
1 1 2 68 134 0.89511
1 1 2 68 135 -1
1 1 2 68 136 -1
1 1 2 69 133 0.884751
1 1 2 69 134 -1
1 1 2 69 135 -1
1 1 2 69 136 -1
1 1 3 66 195 0.0662528
1 1 3 66 196 0.0933402
1 1 3 66 197 0.0884437
1 1 3 66 198 0.0706167
1 1 3 67 195 0.0635162
1 1 3 67 196 0.0947289
1 1 3 67 197 0.089834
1 1 3 67 198 0.0703266
1 1 3 68 195 0.0892646
1 1 3 68 196 0.0683623
1 1 3 68 197 0.0709379
1 1 3 68 198 0.0912629
1 1 3 69 195 0.108197
1 1 3 69 196 0.0565313
1 1 3 69 197 0.0664714
1 1 3 69 198 0.0902783
1 1 4 66 261 0.950733
1 1 4 66 262 -1
1 1 4 66 263 -1
1 1 4 66 264 -1
1 1 4 67 261 -1
1 1 4 67 262 -1
1 1 4 67 263 0.957838
1 1 4 67 264 -1
1 1 4 68 261 -1
1 1 4 68 262 0.762207
1 1 4 68 263 -1
1 1 4 68 264 0.948412
1 1 4 69 261 -1
1 1 4 69 262 0.888106
1 1 4 69 263 -1
1 1 4 69 264 0.983537
1 2 3 133 195 0.762583
1 2 3 133 196 -1
1 2 3 133 197 -1
1 2 3 133 198 -1
1 2 3 134 195 -1
1 2 3 134 196 -1
1 2 3 134 197 0.203067
1 2 3 134 198 0.943317
1 2 3 135 195 -1
1 2 3 135 196 0.959478
1 2 3 135 197 -1
1 2 3 135 198 -1
1 2 3 136 195 -1
1 2 3 136 196 -1
1 2 3 136 197 0.984473
1 2 3 136 198 0.238195
1 2 4 133 261 -1
1 2 4 133 262 0.699403
1 2 4 133 263 -1
1 2 4 133 264 0.483963
1 2 4 134 261 -1
1 2 4 134 262 -1
1 2 4 134 263 -1
1 2 4 134 264 0.930348
1 2 4 135 261 0.964172
1 2 4 135 262 -1
1 2 4 135 263 0.444131
1 2 4 135 264 -1
1 2 4 136 261 0.352754
1 2 4 136 262 -1
1 2 4 136 263 0.971345
1 2 4 136 264 -1
1 3 4 195 261 0.0877881
1 3 4 195 262 0.103547
1 3 4 195 263 0.0684974
1 3 4 195 264 0.0636379
1 3 4 196 261 0.0901674
1 3 4 196 262 0.109059
1 3 4 196 263 0.0666637
1 3 4 196 264 0.0579005
1 3 4 197 261 0.0730233
1 3 4 197 262 0.0576057
1 3 4 197 263 0.0939769
1 3 4 197 264 0.0948435
1 3 4 198 261 0.070341
1 3 4 198 262 0.0507347
1 3 4 198 263 0.0925324
1 3 4 198 264 0.105764
2 0 1 8 70 0.861286
2 0 1 8 71 0.545349
2 0 1 8 72 0.0893299
2 0 1 8 73 -1
2 0 1 9 70 -1
2 0 1 9 71 0.731487
2 0 1 9 72 0.729639
2 0 1 9 73 -1
2 0 1 10 70 0.105827
2 0 1 10 71 0.292251
2 0 1 10 72 0.434876
2 0 1 10 73 0.151029
2 0 1 11 70 -1
2 0 1 11 71 -0.94804
2 0 1 11 72 -1
2 0 1 11 73 0.930242
2 0 2 8 137 -1
2 0 2 8 138 0.848054
2 0 2 8 139 0.504016
2 0 2 8 140 -1
2 0 2 9 137 0.35841
2 0 2 9 138 -1
2 0 2 9 139 -1
2 0 2 9 140 -1
2 0 2 10 137 -1
2 0 2 10 138 -1
2 0 2 10 139 -1
2 0 2 10 140 0.650506
2 0 2 11 137 -1
2 0 2 11 138 0.687444
2 0 2 11 139 0.165661
2 0 2 11 140 -1
2 0 3 8 199 0.836654
2 0 3 8 200 -1
2 0 3 8 201 -1
2 0 3 8 202 0.644154
2 0 3 9 199 -1
2 0 3 9 200 0.845323
2 0 3 9 201 -1
2 0 3 9 202 -1
2 0 3 10 199 -1
2 0 3 10 200 -1
2 0 3 10 201 0.790986
2 0 3 10 202 -1
2 0 3 11 199 0.913104
2 0 3 11 200 -1
2 0 3 11 201 -1
2 0 3 11 202 0.892513
2 0 4 8 265 -1
2 0 4 8 266 0.752713
2 0 4 8 267 0.320658
2 0 4 8 268 -1
2 0 4 9 265 0.230034
2 0 4 9 266 -1
2 0 4 9 267 -1
2 0 4 9 268 0.847843
2 0 4 10 265 -1
2 0 4 10 266 0.94672
2 0 4 10 267 0.587626
2 0 4 10 268 -1
2 0 4 11 265 0.655546
2 0 4 11 266 -1
2 0 4 11 267 -1
2 0 4 11 268 0.00696838
2 1 2 70 137 -1
2 1 2 70 138 -1
2 1 2 70 139 0.631967
2 1 2 70 140 0.741327
2 1 2 71 137 0.845833
2 1 2 71 138 -1
2 1 2 71 139 -1
2 1 2 71 140 -1
2 1 2 72 137 -1
2 1 2 72 138 -1
2 1 2 72 139 0.203687
2 1 2 72 140 0.959248
2 1 2 73 137 -1
2 1 2 73 138 0.665
2 1 2 73 139 -1
2 1 2 73 140 -1
2 1 3 70 199 0.102356
2 1 3 70 200 0.156655
2 1 3 70 201 0.272265
2 1 3 70 202 0.331619
2 1 3 71 199 0.363394
2 1 3 71 200 0.790061
2 1 3 71 201 -1
2 1 3 71 202 -1
2 1 3 72 199 0.034166
2 1 3 72 200 -0.964011
2 1 3 72 201 0.939099
2 1 3 72 202 0.860165
2 1 3 73 199 0.376546
2 1 3 73 200 0.828222
2 1 3 73 201 -1
2 1 3 73 202 -1
2 1 4 70 265 -1
2 1 4 70 266 -1
2 1 4 70 267 0.536648
2 1 4 70 268 -1
2 1 4 71 265 -1
2 1 4 71 266 -1
2 1 4 71 267 -1
2 1 4 71 268 0.904521
2 1 4 72 265 -1
2 1 4 72 266 0.817767
2 1 4 72 267 -1
2 1 4 72 268 -1
2 1 4 73 265 0.595005
2 1 4 73 266 -1
2 1 4 73 267 -1
2 1 4 73 268 -1
2 2 3 137 199 -1
2 2 3 137 200 0.554235
2 2 3 137 201 -1
2 2 3 137 202 -1
2 2 3 138 199 0.539379
2 2 3 138 200 -1
2 2 3 138 201 -1
2 2 3 138 202 0.282521
2 2 3 139 199 0.949376
2 2 3 139 200 -1
2 2 3 139 201 -1
2 2 3 139 202 0.830136
2 2 3 140 199 -1
2 2 3 140 200 -1
2 2 3 140 201 0.858993
2 2 3 140 202 -1
2 2 4 137 265 -1
2 2 4 137 266 -1
2 2 4 137 267 -1
2 2 4 137 268 0.739645
2 2 4 138 265 0.258516
2 2 4 138 266 -1
2 2 4 138 267 -1
2 2 4 138 268 -1
2 2 4 139 265 -1
2 2 4 139 266 -1
2 2 4 139 267 0.702551
2 2 4 139 268 -1
2 2 4 140 265 -1
2 2 4 140 266 0.844928
2 2 4 140 267 -1
2 2 4 140 268 -1
2 3 4 199 265 0.408645
2 3 4 199 266 0.274629
2 3 4 199 267 -0.935834
2 3 4 199 268 -0.991165
2 3 4 200 265 -0.777048
2 3 4 200 266 0.141624
2 3 4 200 267 0.70847
2 3 4 200 268 0.701207
2 3 4 201 265 -1
2 3 4 201 266 0.396293
2 3 4 201 267 0.204582
2 3 4 201 268 0.0982646
2 3 4 202 265 -0.834008
2 3 4 202 266 0.122447
2 3 4 202 267 0.683474
2 3 4 202 268 0.826086
3 0 1 12 74 0.305159
3 0 1 12 75 0.639983
3 0 1 12 76 -1
3 0 1 13 74 0.631709
3 0 1 13 75 0.0715029
3 0 1 13 76 0.0588242
3 0 1 14 74 0.382576
3 0 1 14 75 0.262346
3 0 1 14 76 0.210963
3 0 1 15 74 -0.726376
3 0 1 15 75 -1
3 0 1 15 76 0.661886
3 0 2 12 141 -1
3 0 2 12 142 0.339556
3 0 2 12 143 0.101925
3 0 2 12 144 -1
3 0 2 13 141 0.920669
3 0 2 13 142 -1
3 0 2 13 143 -1
3 0 2 13 144 -1
3 0 2 14 141 -1
3 0 2 14 142 0.0659842
3 0 2 14 143 -1
3 0 2 14 144 0.542604
3 0 2 15 141 -1
3 0 2 15 142 0.59708
3 0 2 15 143 0.164337
3 0 2 15 144 -1
3 0 3 12 203 0.00717026
3 0 3 12 204 -1
3 0 3 12 205 -1
3 0 3 12 206 0.449106
3 0 3 13 203 -1
3 0 3 13 204 0.800641
3 0 3 13 205 -1
3 0 3 13 206 -1
3 0 3 14 203 0.22824
3 0 3 14 204 -1
3 0 3 14 205 0.484369
3 0 3 14 206 -1
3 0 3 15 203 0.804151
3 0 3 15 204 -1
3 0 3 15 205 -1
3 0 3 15 206 -1
3 0 4 12 269 0.0698779
3 0 4 12 270 0.873548
3 0 4 12 271 0.798586
3 0 4 12 272 -1
3 0 4 13 269 -1
3 0 4 13 270 -1
3 0 4 13 271 -1
3 0 4 13 272 0.886041
3 0 4 14 269 0.0671087
3 0 4 14 270 0.708209
3 0 4 14 271 0.921778
3 0 4 14 272 -1
3 0 4 15 269 0.270798
3 0 4 15 270 -1
3 0 4 15 271 -1
3 0 4 15 272 -1
3 1 2 74 141 0.965203
3 1 2 74 142 0.617983
3 1 2 74 143 -1
3 1 2 74 144 -1
3 1 2 75 141 -1
3 1 2 75 142 -1
3 1 2 75 143 0.773237
3 1 2 75 144 0.633238
3 1 2 76 141 0.108253
3 1 2 76 142 0.842693
3 1 2 76 143 -1
3 1 2 76 144 -1
3 1 3 74 203 0.348284
3 1 3 74 204 0.787634
3 1 3 74 205 -1
3 1 3 74 206 -1
3 1 3 75 203 0.147533
3 1 3 75 204 -0.943872
3 1 3 75 205 0.854372
3 1 3 75 206 0.827744
3 1 3 76 203 0.49541
3 1 3 76 204 0.820051
3 1 3 76 205 -1
3 1 3 76 206 -1
3 1 4 74 269 0.608152
3 1 4 74 270 -1
3 1 4 74 271 -1
3 1 4 74 272 0.960545
3 1 4 75 269 -1
3 1 4 75 270 -1
3 1 4 75 271 0.956972
3 1 4 75 272 -1
3 1 4 76 269 0.791528
3 1 4 76 270 -1
3 1 4 76 271 -1
3 1 4 76 272 0.720854
3 2 3 141 203 -1
3 2 3 141 204 0.94987
3 2 3 141 205 -1
3 2 3 141 206 -1
3 2 3 142 203 0.782646
3 2 3 142 204 -1
3 2 3 142 205 -1
3 2 3 142 206 -1
3 2 3 143 203 0.306656
3 2 3 143 204 -1
3 2 3 143 205 -1
3 2 3 143 206 0.794334
3 2 3 144 203 -1
3 2 3 144 204 -1
3 2 3 144 205 0.995586
3 2 3 144 206 -1
3 2 4 141 269 0.98483
3 2 4 141 270 -1
3 2 4 141 271 -1
3 2 4 141 272 0.901172
3 2 4 142 269 0.747588
3 2 4 142 270 -1
3 2 4 142 271 -1
3 2 4 142 272 0.586098
3 2 4 143 269 -1
3 2 4 143 270 -1
3 2 4 143 271 0.788297
3 2 4 143 272 -1
3 2 4 144 269 -1
3 2 4 144 270 0.932959
3 2 4 144 271 -1
3 2 4 144 272 -1
3 3 4 203 269 0.575605
3 3 4 203 270 0.163197
3 3 4 203 271 -1
3 3 4 203 272 -1
3 3 4 204 269 -0.927606
3 3 4 204 270 0.250077
3 3 4 204 271 0.63599
3 3 4 204 272 0.718406
3 3 4 205 269 -1
3 3 4 205 270 0.422252
3 3 4 205 271 0.0562763
3 3 4 205 272 0.565845
3 3 4 206 269 -1
3 3 4 206 270 0.144958
3 3 4 206 271 0.805219
3 3 4 206 272 0.416833
4 0 1 16 77 0.168194
4 0 1 16 78 0.172185
4 0 1 16 79 0.127011
4 0 1 17 77 0.176899
4 0 1 17 78 0.179446
4 0 1 17 79 0.113409
4 0 1 18 77 0.0905365
4 0 1 18 78 0.0793494
4 0 1 18 79 0.270344
4 0 2 16 145 -1
4 0 2 16 146 -1
4 0 2 17 145 -1
4 0 2 17 146 0.400109
4 0 2 18 145 0.768099
4 0 2 18 146 0.231901
4 0 3 16 207 -1
4 0 3 16 208 0.200612
4 0 3 17 207 -1
4 0 3 17 208 0.397609
4 0 3 18 207 0.645492
4 0 3 18 208 0.270804
4 0 4 16 273 0.260887
4 0 4 16 274 0.566622
4 0 4 16 275 0.172491
4 0 4 17 273 0.44251
4 0 4 17 274 0.290862
4 0 4 17 275 0.266627
4 0 4 18 273 -1
4 0 4 18 274 -1
4 0 4 18 275 0.00745314
4 1 2 77 145 -1
4 1 2 77 146 -1
4 1 2 78 145 0.0436185
4 1 2 78 146 -1
4 1 2 79 145 0.909416
4 1 2 79 146 -1
4 1 3 77 207 -1
4 1 3 77 208 0.151377
4 1 3 78 207 0.0276726
4 1 3 78 208 0.178902
4 1 3 79 207 0.476497
4 1 3 79 208 0.356699
4 1 4 77 273 0.943402
4 1 4 77 274 -1
4 1 4 77 275 -1
4 1 4 78 273 -1
4 1 4 78 274 0.910033
4 1 4 78 275 -1
4 1 4 79 273 -1
4 1 4 79 274 -1
4 1 4 79 275 0.36998
4 2 3 145 207 0.908081
4 2 3 145 208 -1
4 2 3 146 207 -1
4 2 3 146 208 0.974169
4 2 4 145 273 -1
4 2 4 145 274 -1
4 2 4 145 275 0.0326755
4 2 4 146 273 -1
4 2 4 146 274 -1
4 2 4 146 275 0.967324
4 3 4 207 273 0.359616
4 3 4 207 274 0.334896
4 3 4 207 275 0.146041
4 3 4 208 273 -1
4 3 4 208 274 0.431286
4 3 4 208 275 0.751997
5 0 1 19 80 0.0884192
5 0 1 19 81 0.0920617
5 0 1 19 82 0.0601381
5 0 1 19 83 0.0764801
5 0 1 20 80 0.096683
5 0 1 20 81 0.0852487
5 0 1 20 82 0.0628113
5 0 1 20 83 0.0733888
5 0 1 21 80 0.0800587
5 0 1 21 81 0.0840121
5 0 1 21 82 0.0735021
5 0 1 21 83 0.0793252
5 0 1 22 80 0.0368576
5 0 1 22 81 0.0428933
5 0 1 22 82 0.143589
5 0 1 22 83 0.0927686
5 0 2 19 147 0.206397
5 0 2 19 148 0.980468
5 0 2 19 149 -1
5 0 2 19 150 -1
5 0 2 20 147 -1
5 0 2 20 148 -1
5 0 2 20 149 -1
5 0 2 20 150 0.900804
5 0 2 21 147 -1
5 0 2 21 148 -1
5 0 2 21 149 0.957149
5 0 2 21 150 -1
5 0 2 22 147 0.895773
5 0 2 22 148 0.54579
5 0 2 22 149 -1
5 0 2 22 150 -1
5 0 3 19 209 0.108286
5 0 3 19 210 0.0779788
5 0 3 19 211 0.0870292
5 0 3 19 212 0.109608
5 0 3 20 209 0.104525
5 0 3 20 210 0.178912
5 0 3 20 211 0.0506932
5 0 3 20 212 0.0756004
5 0 3 21 209 0.112208
5 0 3 21 210 0.0884368
5 0 3 21 211 0.0897752
5 0 3 21 212 0.097465
5 0 3 22 209 0.0598301
5 0 3 22 210 0.0477293
5 0 3 22 211 0.171327
5 0 3 22 212 0.10805
5 0 4 19 276 0.0970224
5 0 4 19 277 0.258921
5 0 4 19 278 0.0949554
5 0 4 20 276 0.165633
5 0 4 20 277 0.0322223
5 0 4 20 278 0.175371
5 0 4 21 276 0.167437
5 0 4 21 277 0.052611
5 0 4 21 278 0.160052
5 0 4 22 276 0.0966056
5 0 4 22 277 0.258405
5 0 4 22 278 0.0957191
5 1 2 80 147 -1
5 1 2 80 148 -1
5 1 2 80 149 0.147952
5 1 2 80 150 0.869653
5 1 2 81 147 -1
5 1 2 81 148 -1
5 1 2 81 149 0.966269
5 1 2 81 150 0.240549
5 1 2 82 147 0.92135
5 1 2 82 148 -1
5 1 2 82 149 -1
5 1 2 82 150 0.278058
5 1 2 83 147 -1
5 1 2 83 148 0.968929
5 1 2 83 149 -1
5 1 2 83 150 -1
5 1 3 80 209 0.103834
5 1 3 80 210 0.109116
5 1 3 80 211 0.0551847
5 1 3 80 212 0.0703979
5 1 3 81 209 0.101439
5 1 3 81 210 0.0997484
5 1 3 81 211 0.063983
5 1 3 81 212 0.0732513
5 1 3 82 209 0.0595933
5 1 3 82 210 0.0590165
5 1 3 82 211 0.129535
5 1 3 82 212 0.0925439
5 1 3 83 209 0.0698887
5 1 3 83 210 0.0667817
5 1 3 83 211 0.095583
5 1 3 83 212 0.104448
5 1 4 80 276 -1
5 1 4 80 277 -1
5 1 4 80 278 0.892373
5 1 4 81 276 0.858993
5 1 4 81 277 -1
5 1 4 81 278 -1
5 1 4 82 276 -1
5 1 4 82 277 0.934629
5 1 4 82 278 -1
5 1 4 83 276 -1
5 1 4 83 277 0.437751
5 1 4 83 278 -1
5 2 3 147 209 -1
5 2 3 147 210 -1
5 2 3 147 211 0.986656
5 2 3 147 212 -1
5 2 3 148 209 -1
5 2 3 148 210 -1
5 2 3 148 211 -1
5 2 3 148 212 0.716488
5 2 3 149 209 0.953263
5 2 3 149 210 -1
5 2 3 149 211 -1
5 2 3 149 212 0.125154
5 2 3 150 209 -1
5 2 3 150 210 0.919766
5 2 3 150 211 -1
5 2 3 150 212 -1
5 2 4 147 276 -1
5 2 4 147 277 0.902595
5 2 4 147 278 -1
5 2 4 148 276 -1
5 2 4 148 277 0.719233
5 2 4 148 278 -1
5 2 4 149 276 0.98646
5 2 4 149 277 -1
5 2 4 149 278 0.599603
5 2 4 150 276 0.510194
5 2 4 150 277 -1
5 2 4 150 278 0.952298
5 3 4 209 276 0.0976233
5 3 4 209 277 0.116311
5 3 4 209 278 0.0860002
5 3 4 210 276 0.10445
5 3 4 210 277 0.0901608
5 3 4 210 278 0.104238
5 3 4 211 276 0.0968995
5 3 4 211 277 0.113156
5 3 4 211 278 0.0898221
5 3 4 212 276 0.100204
5 3 4 212 277 0.0764307
5 3 4 212 278 0.122019
6 0 1 23 84 0.285554
6 0 1 23 85 0.253191
6 0 1 23 86 0.119712
6 0 1 23 87 0.0857521
6 0 1 24 84 0.290277
6 0 1 24 85 0.250264
6 0 1 24 86 0.122668
6 0 1 24 87 0.0814634
6 0 1 25 84 -1
6 0 1 25 85 -1
6 0 1 25 86 0.230439
6 0 1 25 87 0.46871
6 0 2 23 151 -1
6 0 2 23 152 0.0430979
6 0 2 23 153 0.23995
6 0 2 23 154 0.61266
6 0 2 24 151 -1
6 0 2 24 152 0.923853
6 0 2 24 153 0.25657
6 0 2 24 154 -1
6 0 2 25 151 0.853573
6 0 2 25 152 -1
6 0 2 25 153 -1
6 0 2 25 154 -1
6 0 3 23 213 0.141953
6 0 3 23 214 0.178223
6 0 3 23 215 0.180346
6 0 3 24 213 0.14495
6 0 3 24 214 0.184666
6 0 3 24 215 0.173318
6 0 3 25 213 0.238976
6 0 3 25 214 0.135989
6 0 3 25 215 0.150343
6 0 4 23 279 0.364074
6 0 4 23 280 -0.638646
6 0 4 23 281 0.362651
6 0 4 23 282 0.28409
6 0 4 24 279 0.358304
6 0 4 24 280 -1
6 0 4 24 281 0.351383
6 0 4 24 282 0.456543
6 0 4 25 279 0.0537932
6 0 4 25 280 0.684749
6 0 4 25 281 0.0606652
6 0 4 25 282 0.0740721
6 1 2 84 151 -1
6 1 2 84 152 -1
6 1 2 84 153 0.147299
6 1 2 84 154 0.975842
6 1 2 85 151 -1
6 1 2 85 152 -1
6 1 2 85 153 0.870086
6 1 2 85 154 0.20623
6 1 2 86 151 -1
6 1 2 86 152 0.879163
6 1 2 86 153 -1
6 1 2 86 154 -1
6 1 2 87 151 0.885237
6 1 2 87 152 0.18303
6 1 2 87 153 -1
6 1 2 87 154 -1
6 1 3 84 213 0.0952525
6 1 3 84 214 0.116378
6 1 3 84 215 0.105531
6 1 3 85 213 0.0987052
6 1 3 85 214 0.11487
6 1 3 85 215 0.103826
6 1 3 86 213 0.114342
6 1 3 86 214 0.0992344
6 1 3 86 215 0.10443
6 1 3 87 213 0.120346
6 1 3 87 214 0.0851266
6 1 3 87 215 0.112325
6 1 4 84 279 0.06963
6 1 4 84 280 -1
6 1 4 84 281 0.943524
6 1 4 84 282 -1
6 1 4 85 279 0.989687
6 1 4 85 280 -1
6 1 4 85 281 0.265497
6 1 4 85 282 -1
6 1 4 86 279 -1
6 1 4 86 280 0.874576
6 1 4 86 281 -1
6 1 4 86 282 0.99399
6 1 4 87 279 -1
6 1 4 87 280 0.766969
6 1 4 87 281 -1
6 1 4 87 282 0.732186
6 2 3 151 213 0.646029
6 2 3 151 214 -1
6 2 3 151 215 -1
6 2 3 152 213 -1
6 2 3 152 214 -1
6 2 3 152 215 0.67237
6 2 3 153 213 -1
6 2 3 153 214 0.941166
6 2 3 153 215 -1
6 2 3 154 213 -1
6 2 3 154 214 -1
6 2 3 154 215 0.992243
6 2 4 151 279 -1
6 2 4 151 280 0.679855
6 2 4 151 281 -1
6 2 4 151 282 -1
6 2 4 152 279 -1
6 2 4 152 280 -1
6 2 4 152 281 -1
6 2 4 152 282 0.834778
6 2 4 153 279 0.916221
6 2 4 153 280 -1
6 2 4 153 281 0.407922
6 2 4 153 282 -1
6 2 4 154 279 0.122367
6 2 4 154 280 -1
6 2 4 154 281 0.889763
6 2 4 154 282 -1
6 3 4 213 279 0.121776
6 3 4 213 280 0.134782
6 3 4 213 281 0.0975748
6 3 4 213 282 0.0889089
6 3 4 214 279 0.119307
6 3 4 214 280 0.141677
6 3 4 214 281 0.0949619
6 3 4 214 282 0.087405
6 3 4 215 279 0.0940071
6 3 4 215 280 0.0589366
6 3 4 215 281 0.141198
6 3 4 215 282 0.156883
7 0 1 26 88 0.874672
7 0 1 26 89 0.827046
7 0 1 26 90 -1
7 0 1 26 91 -1
7 0 1 27 88 0.727143
7 0 1 27 89 0.257483
7 0 1 27 90 -1
7 0 1 27 91 -1
7 0 1 28 88 0.327952
7 0 1 28 89 -1
7 0 1 28 90 0.759412
7 0 1 28 91 -1
7 0 1 29 88 -0.929767
7 0 1 29 89 -1
7 0 1 29 90 -1
7 0 1 29 91 0.831717
7 0 2 26 155 0.621389
7 0 2 26 156 0.901119
7 0 2 26 157 -1
7 0 2 27 155 -1
7 0 2 27 156 -1
7 0 2 27 157 -1
7 0 2 28 155 -1
7 0 2 28 156 -1
7 0 2 28 157 0.463484
7 0 2 29 155 0.165018
7 0 2 29 156 0.241807
7 0 2 29 157 -1
7 0 3 26 216 0.954277
7 0 3 26 217 -1
7 0 3 26 218 -1
7 0 3 26 219 0.947029
7 0 3 27 216 -1
7 0 3 27 217 0.990867
7 0 3 27 218 -1
7 0 3 27 219 -1
7 0 3 28 216 -1
7 0 3 28 217 -1
7 0 3 28 218 0.529173
7 0 3 28 219 -1
7 0 3 29 216 0.330665
7 0 3 29 217 -1
7 0 3 29 218 -1
7 0 3 29 219 0.136367
7 0 4 26 283 0.9524
7 0 4 26 284 0.91377
7 0 4 26 285 -1
7 0 4 27 283 -1
7 0 4 27 284 -1
7 0 4 27 285 0.591314
7 0 4 28 283 0.830786
7 0 4 28 284 0.650245
7 0 4 28 285 -1
7 0 4 29 283 -1
7 0 4 29 284 -1
7 0 4 29 285 0.189755
7 1 2 88 155 0.305063
7 1 2 88 156 -1
7 1 2 88 157 -1
7 1 2 89 155 -1
7 1 2 89 156 0.595907
7 1 2 89 157 0.366692
7 1 2 90 155 -1
7 1 2 90 156 0.236514
7 1 2 90 157 0.73007
7 1 2 91 155 0.229964
7 1 2 91 156 -1
7 1 2 91 157 -1
7 1 3 88 216 0.476513
7 1 3 88 217 0.618184
7 1 3 88 218 -1
7 1 3 88 219 -1
7 1 3 89 216 -1
7 1 3 89 217 -1
7 1 3 89 218 0.711883
7 1 3 89 219 0.853835
7 1 3 90 216 -1
7 1 3 90 217 -1
7 1 3 90 218 0.666597
7 1 3 90 219 0.845472
7 1 3 91 216 0.635469
7 1 3 91 217 0.873116
7 1 3 91 218 -1
7 1 3 91 219 -1
7 1 4 88 283 -1
7 1 4 88 284 -1
7 1 4 88 285 0.727055
7 1 4 89 283 -1
7 1 4 89 284 0.334687
7 1 4 89 285 -1
7 1 4 90 283 0.976385
7 1 4 90 284 -1
7 1 4 90 285 -1
7 1 4 91 283 -1
7 1 4 91 284 -1
7 1 4 91 285 -1
7 2 3 155 216 0.823762
7 2 3 155 217 -1
7 2 3 155 218 -1
7 2 3 155 219 0.827055
7 2 3 156 216 0.754168
7 2 3 156 217 -1
7 2 3 156 218 -1
7 2 3 156 219 0.958628
7 2 3 157 216 -1
7 2 3 157 217 -1
7 2 3 157 218 0.984197
7 2 3 157 219 -1
7 2 4 155 283 -1
7 2 4 155 284 -1
7 2 4 155 285 -1
7 2 4 156 283 -1
7 2 4 156 284 0.835045
7 2 4 156 285 -1
7 2 4 157 283 0.755611
7 2 4 157 284 -1
7 2 4 157 285 -1
7 3 4 216 283 0.170227
7 3 4 216 284 -1
7 3 4 216 285 -1
7 3 4 217 283 -1
7 3 4 217 284 0.922417
7 3 4 217 285 0.955734
7 3 4 218 283 0.705815
7 3 4 218 284 -1
7 3 4 218 285 -1
7 3 4 219 283 -1
7 3 4 219 284 0.869349
7 3 4 219 285 0.89447
8 0 1 30 92 0.644349
8 0 1 30 93 0.800928
8 0 1 30 94 -1
8 0 1 30 95 -1
8 0 1 31 92 0.746333
8 0 1 31 93 -1
8 0 1 31 94 0.128986
8 0 1 31 95 -1
8 0 1 32 92 0.519965
8 0 1 32 93 -1
8 0 1 32 94 0.969637
8 0 1 32 95 -1
8 0 1 33 92 -0.910647
8 0 1 33 93 -1
8 0 1 33 94 -1
8 0 1 33 95 0.944677
8 0 2 30 158 0.280626
8 0 2 30 159 0.740058
8 0 2 30 160 -1
8 0 2 31 158 -1
8 0 2 31 159 -1
8 0 2 31 160 -1
8 0 2 32 158 -1
8 0 2 32 159 -1
8 0 2 32 160 0.915978
8 0 2 33 158 0.851743
8 0 2 33 159 -1
8 0 2 33 160 -1
8 0 3 30 220 0.405748
8 0 3 30 221 -1
8 0 3 30 222 -1
8 0 3 30 223 0.402522
8 0 3 31 220 -1
8 0 3 31 221 0.688327
8 0 3 31 222 -1
8 0 3 31 223 -1
8 0 3 32 220 -1
8 0 3 32 221 -1
8 0 3 32 222 0.91936
8 0 3 32 223 -1
8 0 3 33 220 0.906805
8 0 3 33 221 -1
8 0 3 33 222 -1
8 0 3 33 223 -1
8 0 4 30 286 0.562036
8 0 4 30 287 0.920868
8 0 4 30 288 -1
8 0 4 31 286 -1
8 0 4 31 287 -1
8 0 4 31 288 0.956508
8 0 4 32 286 0.903163
8 0 4 32 287 0.652138
8 0 4 32 288 -1
8 0 4 33 286 -1
8 0 4 33 287 -1
8 0 4 33 288 -1
8 1 2 92 158 0.868201
8 1 2 92 159 -1
8 1 2 92 160 -1
8 1 2 93 158 -1
8 1 2 93 159 0.820426
8 1 2 93 160 0.955341
8 1 2 94 158 -1
8 1 2 94 159 0.901282
8 1 2 94 160 0.817042
8 1 2 95 158 0.946662
8 1 2 95 159 -1
8 1 2 95 160 -1
8 1 3 92 220 -1
8 1 3 92 221 0.414459
8 1 3 92 222 -1
8 1 3 92 223 -1
8 1 3 93 220 -1
8 1 3 93 221 -1
8 1 3 93 222 0.446917
8 1 3 93 223 0.87181
8 1 3 94 220 -1
8 1 3 94 221 -1
8 1 3 94 222 0.866682
8 1 3 94 223 -1
8 1 3 95 220 0.97645
8 1 3 95 221 0.164542
8 1 3 95 222 -1
8 1 3 95 223 -1
8 1 4 92 286 -1
8 1 4 92 287 -1
8 1 4 92 288 0.361323
8 1 4 93 286 0.0861074
8 1 4 93 287 0.95417
8 1 4 93 288 -1
8 1 4 94 286 0.989351
8 1 4 94 287 -1
8 1 4 94 288 -1
8 1 4 95 286 -1
8 1 4 95 287 -1
8 1 4 95 288 0.0696631
8 2 3 158 220 0.954343
8 2 3 158 221 -1
8 2 3 158 222 -1
8 2 3 158 223 -1
8 2 3 159 220 0.617143
8 2 3 159 221 -1
8 2 3 159 222 -1
8 2 3 159 223 0.668744
8 2 3 160 220 -1
8 2 3 160 221 -1
8 2 3 160 222 0.986681
8 2 3 160 223 -1
8 2 4 158 286 -1
8 2 4 158 287 -1
8 2 4 158 288 -1
8 2 4 159 286 -1
8 2 4 159 287 0.808373
8 2 4 159 288 -1
8 2 4 160 286 0.833047
8 2 4 160 287 -1
8 2 4 160 288 -1
8 3 4 220 286 -1
8 3 4 220 287 -1
8 3 4 220 288 -1
8 3 4 221 286 0.205121
8 3 4 221 287 0.311277
8 3 4 221 288 0.483602
8 3 4 222 286 0.934113
8 3 4 222 287 -1
8 3 4 222 288 -1
8 3 4 223 286 -1
8 3 4 223 287 0.971942
8 3 4 223 288 0.36887
9 0 1 34 96 0.207912
9 0 1 34 97 0.248916
9 0 1 34 98 0.0184541
9 0 1 35 96 0.180747
9 0 1 35 97 0.151102
9 0 1 35 98 0.174385
9 0 1 36 96 0.119026
9 0 1 36 97 0.116734
9 0 1 36 98 0.293756
9 0 2 34 161 0.755139
9 0 2 34 162 -1
9 0 2 34 163 -1
9 0 2 35 161 -1
9 0 2 35 162 0.265075
9 0 2 35 163 0.941926
9 0 2 36 161 -1
9 0 2 36 162 0.800423
9 0 2 36 163 0.564918
9 0 3 34 224 0.412543
9 0 3 34 225 -1
9 0 3 34 226 -1
9 0 3 35 224 0.0511081
9 0 3 35 225 -1
9 0 3 35 226 0.8862
9 0 3 36 224 0.536349
9 0 3 36 225 -1
9 0 3 36 226 0.0250699
9 0 4 34 289 -1
9 0 4 34 290 0.99276
9 0 4 35 289 -1
9 0 4 35 290 -1
9 0 4 36 289 -1
9 0 4 36 290 -1
9 1 2 96 161 0.0218266
9 1 2 96 162 -1
9 1 2 96 163 0.973488
9 1 2 97 161 -1
9 1 2 97 162 -1
9 1 2 97 163 -1
9 1 2 98 161 -1
9 1 2 98 162 0.764092
9 1 2 98 163 -1
9 1 3 96 224 0.382902
9 1 3 96 225 -1
9 1 3 96 226 0.409155
9 1 3 97 224 0.147307
9 1 3 97 225 0.362123
9 1 3 97 226 0.155621
9 1 3 98 224 0.225349
9 1 3 98 225 0.0900094
9 1 3 98 226 0.207316
9 1 4 96 289 -1
9 1 4 96 290 -1
9 1 4 97 289 0.158882
9 1 4 97 290 0.841118
9 1 4 98 289 -1
9 1 4 98 290 -1
9 2 3 161 224 -1
9 2 3 161 225 0.986184
9 2 3 161 226 -1
9 2 3 162 224 0.830108
9 2 3 162 225 -1
9 2 3 162 226 -1
9 2 3 163 224 -1
9 2 3 163 225 -1
9 2 3 163 226 0.875844
9 2 4 161 289 0.835941
9 2 4 161 290 0.164059
9 2 4 162 289 -1
9 2 4 162 290 -1
9 2 4 163 289 -1
9 2 4 163 290 -1
9 3 4 224 289 0.464993
9 3 4 224 290 0.0763972
9 3 4 225 289 0.382585
9 3 4 225 290 0.223166
9 3 4 226 289 0.0419509
9 3 4 226 290 0.637879
10 0 1 37 99 0.733438
10 0 1 37 100 0.156017
10 0 1 38 99 0.150132
10 0 1 38 100 0.708252
10 0 2 37 164 -1
10 0 2 37 165 0.806232
10 0 2 37 166 -1
10 0 2 38 164 -1
10 0 2 38 165 0.193768
10 0 2 38 166 -1
10 0 3 37 227 0.524067
10 0 3 37 228 0.475933
10 0 3 38 227 -1
10 0 3 38 228 -1
10 0 4 37 291 -1
10 0 4 37 292 -1
10 0 4 37 293 -1
10 0 4 37 294 0.792976
10 0 4 38 291 -1
10 0 4 38 292 0.878658
10 0 4 38 293 -1
10 0 4 38 294 -1
10 1 2 99 164 -1
10 1 2 99 165 0.906818
10 1 2 99 166 -1
10 1 2 100 164 -1
10 1 2 100 165 -1
10 1 2 100 166 -1
10 1 3 99 227 0.489938
10 1 3 99 228 0.510062
10 1 3 100 227 0.078782
10 1 3 100 228 0.182579
10 1 4 99 291 -1
10 1 4 99 292 0.514516
10 1 4 99 293 -1
10 1 4 99 294 0.484547
10 1 4 100 291 -1
10 1 4 100 292 0.485484
10 1 4 100 293 -1
10 1 4 100 294 0.515453
10 2 3 164 227 0.932103
10 2 3 164 228 -1
10 2 3 165 227 -1
10 2 3 165 228 0.843384
10 2 3 166 227 -1
10 2 3 166 228 0.971615
10 2 4 164 291 0.809068
10 2 4 164 292 -1
10 2 4 164 293 0.916432
10 2 4 164 294 -1
10 2 4 165 291 -1
10 2 4 165 292 -1
10 2 4 165 293 -1
10 2 4 165 294 0.953956
10 2 4 166 291 0.909321
10 2 4 166 292 -1
10 2 4 166 293 0.945708
10 2 4 166 294 -1
10 3 4 227 291 0.358252
10 3 4 227 292 0.405128
10 3 4 227 293 0.131349
10 3 4 227 294 1.23873e-05
10 3 4 228 291 0.11102
10 3 4 228 292 0.0581886
10 3 4 228 293 0.366751
10 3 4 228 294 0.329383
11 0 1 39 101 0.27697
11 0 1 39 102 0.135029
11 0 1 39 103 0.082233
11 0 1 40 101 0.26328
11 0 1 40 102 0.135162
11 0 1 40 103 0.0899801
11 0 1 41 101 0.214668
11 0 1 41 102 0.145522
11 0 1 41 103 0.106826
11 0 1 42 101 -0.672275
11 0 1 42 102 0.08131
11 0 1 42 103 0.382892
11 0 2 39 167 -1
11 0 2 39 168 0.888757
11 0 2 39 169 -1
11 0 2 40 167 -1
11 0 2 40 168 -1
11 0 2 40 169 0.904657
11 0 2 41 167 0.481741
11 0 2 41 168 -1
11 0 2 41 169 -1
11 0 2 42 167 0.88359
11 0 2 42 168 -1
11 0 2 42 169 -1
11 0 3 39 229 -1
11 0 3 39 230 0.00670952
11 0 3 39 231 0.683675
11 0 3 40 229 0.968693
11 0 3 40 230 -1
11 0 3 40 231 -1
11 0 3 41 229 -1
11 0 3 41 230 0.859312
11 0 3 41 231 -1
11 0 3 42 229 -1
11 0 3 42 230 0.0170171
11 0 3 42 231 0.0705703
11 0 4 39 295 0.886649
11 0 4 39 296 0.579644
11 0 4 39 297 -1
11 0 4 40 295 0.873443
11 0 4 40 296 0.520903
11 0 4 40 297 -1
11 0 4 41 295 -1
11 0 4 41 296 -1
11 0 4 41 297 0.946844
11 0 4 42 295 -1
11 0 4 42 296 -1
11 0 4 42 297 0.702954
11 1 2 101 167 -1
11 1 2 101 168 -1
11 1 2 101 169 0.877476
11 1 2 102 167 -1
11 1 2 102 168 -1
11 1 2 102 169 -1
11 1 2 103 167 0.991562
11 1 2 103 168 -1
11 1 2 103 169 -1
11 1 3 101 229 0.162024
11 1 3 101 230 0.141297
11 1 3 101 231 0.22489
11 1 3 102 229 0.155587
11 1 3 102 230 0.176145
11 1 3 102 231 0.153552
11 1 3 103 229 0.2734
11 1 3 103 230 0.276974
11 1 3 103 231 -1
11 1 4 101 295 0.553741
11 1 4 101 296 -1
11 1 4 101 297 0.204067
11 1 4 102 295 0.309287
11 1 4 102 296 -1
11 1 4 102 297 0.789769
11 1 4 103 295 0.136972
11 1 4 103 296 -1
11 1 4 103 297 0.00616356
11 2 3 167 229 -1
11 2 3 167 230 -1
11 2 3 167 231 0.153999
11 2 3 168 229 -1
11 2 3 168 230 -1
11 2 3 168 231 0.659941
11 2 3 169 229 0.929684
11 2 3 169 230 -1
11 2 3 169 231 -1
11 2 4 167 295 -1
11 2 4 167 296 -1
11 2 4 167 297 -1
11 2 4 168 295 0.0135704
11 2 4 168 296 0.98977
11 2 4 168 297 -1
11 2 4 169 295 0.859262
11 2 4 169 296 -1
11 2 4 169 297 -1
11 3 4 229 295 0.351728
11 3 4 229 296 0.0983884
11 3 4 229 297 0.0798793
11 3 4 230 295 0.132618
11 3 4 230 296 0.16907
11 3 4 230 297 0.197562
11 3 4 231 295 0.0746346
11 3 4 231 296 0.21814
11 3 4 231 297 0.196003
12 0 1 43 104 -1
12 0 1 43 105 0.502902
12 0 1 43 106 0.478606
12 0 1 44 104 0.106332
12 0 1 44 105 0.252261
12 0 1 44 106 0.264591
12 0 2 43 170 0.59365
12 0 2 43 171 -1
12 0 2 43 172 -1
12 0 2 43 173 -1
12 0 2 44 170 -1
12 0 2 44 171 0.837789
12 0 2 44 172 0.677748
12 0 2 44 173 -1
12 0 3 43 232 -1
12 0 3 43 233 -1
12 0 3 44 232 0.00603896
12 0 3 44 233 0.597557
12 0 4 43 298 -1
12 0 4 43 299 -1
12 0 4 43 300 0.96198
12 0 4 44 298 0.899199
12 0 4 44 299 0.281812
12 0 4 44 300 -1
12 1 2 104 170 -1
12 1 2 104 171 -1
12 1 2 104 172 0.865441
12 1 2 104 173 0.546005
12 1 2 105 170 0.598408
12 1 2 105 171 0.881249
12 1 2 105 172 -1
12 1 2 105 173 -1
12 1 2 106 170 -1
12 1 2 106 171 -1
12 1 2 106 172 0.512846
12 1 2 106 173 0.964038
12 1 3 104 232 0.251374
12 1 3 104 233 0.297882
12 1 3 105 232 0.0469526
12 1 3 105 233 0.0830558
12 1 3 106 232 0.306924
12 1 3 106 233 0.242619
12 1 4 104 298 -1
12 1 4 104 299 0.857859
12 1 4 104 300 -1
12 1 4 105 298 0.92908
12 1 4 105 299 -1
12 1 4 105 300 0.89513
12 1 4 106 298 -1
12 1 4 106 299 -1
12 1 4 106 300 -1
12 2 3 170 232 -1
12 2 3 170 233 -1
12 2 3 171 232 -1
12 2 3 171 233 -1
12 2 3 172 232 -1
12 2 3 172 233 0.859254
12 2 3 173 232 0.907754
12 2 3 173 233 -1
12 2 4 170 298 0.210128
12 2 4 170 299 -1
12 2 4 170 300 0.660797
12 2 4 171 298 0.923668
12 2 4 171 299 -1
12 2 4 171 300 -1
12 2 4 172 298 -1
12 2 4 172 299 0.911913
12 2 4 172 300 -1
12 2 4 173 298 -1
12 2 4 173 299 -1
12 2 4 173 300 -1
12 3 4 232 298 0.108938
12 3 4 232 299 0.260764
12 3 4 232 300 0.323129
12 3 4 233 298 0.0799895
12 3 4 233 299 0.323748
12 3 4 233 300 0.255961
13 0 1 45 107 0.958336
13 0 1 45 108 0.206258
13 0 1 45 109 -1
13 0 1 45 110 -1
13 0 1 46 107 0.67424
13 0 1 46 108 -1
13 0 1 46 109 -1
13 0 1 46 110 -1
13 0 1 47 107 -1
13 0 1 47 108 -1
13 0 1 47 109 -1
13 0 1 47 110 0.718519
13 0 2 45 174 0.957985
13 0 2 45 175 -1
13 0 2 46 174 -1
13 0 2 46 175 -1
13 0 2 47 174 -1
13 0 2 47 175 0.683984
13 0 3 45 234 0.986424
13 0 3 45 235 -1
13 0 3 45 236 -1
13 0 3 45 237 0.858291
13 0 3 46 234 -1
13 0 3 46 235 0.744089
13 0 3 46 236 -1
13 0 3 46 237 -1
13 0 3 47 234 -1
13 0 3 47 235 -1
13 0 3 47 236 0.774895
13 0 3 47 237 -1
13 0 4 45 301 0.724589
13 0 4 45 302 0.922033
13 0 4 45 303 -1
13 0 4 46 301 -1
13 0 4 46 302 -1
13 0 4 46 303 0.517306
13 0 4 47 301 0.734325
13 0 4 47 302 0.241101
13 0 4 47 303 -1
13 1 2 107 174 -1
13 1 2 107 175 -1
13 1 2 108 174 0.170977
13 1 2 108 175 0.337377
13 1 2 109 174 -1
13 1 2 109 175 -1
13 1 2 110 174 0.462747
13 1 2 110 175 0.537253
13 1 3 107 234 0.58747
13 1 3 107 235 0.682327
13 1 3 107 236 -1
13 1 3 107 237 -1
13 1 3 108 234 -1
13 1 3 108 235 -1
13 1 3 108 236 0.987315
13 1 3 108 237 0.816956
13 1 3 109 234 0.607331
13 1 3 109 235 0.73597
13 1 3 109 236 -1
13 1 3 109 237 -1
13 1 3 110 234 -1
13 1 3 110 235 -1
13 1 3 110 236 0.934052
13 1 3 110 237 0.682128
13 1 4 107 301 -1
13 1 4 107 302 -1
13 1 4 107 303 0.888402
13 1 4 108 301 -1
13 1 4 108 302 -1
13 1 4 108 303 -1
13 1 4 109 301 -1
13 1 4 109 302 -1
13 1 4 109 303 -1
13 1 4 110 301 0.814951
13 1 4 110 302 -1
13 1 4 110 303 -1
13 2 3 174 234 0.346327
13 2 3 174 235 -1
13 2 3 174 236 -1
13 2 3 174 237 0.801385
13 2 3 175 234 -1
13 2 3 175 235 -1
13 2 3 175 236 0.581613
13 2 3 175 237 -1
13 2 4 174 301 -1
13 2 4 174 302 0.773348
13 2 4 174 303 -1
13 2 4 175 301 0.933728
13 2 4 175 302 -1
13 2 4 175 303 -1
13 3 4 234 301 -1
13 3 4 234 302 -1
13 3 4 234 303 -1
13 3 4 235 301 -1
13 3 4 235 302 0.675808
13 3 4 235 303 0.978397
13 3 4 236 301 0.947662
13 3 4 236 302 -1
13 3 4 236 303 -1
13 3 4 237 301 -1
13 3 4 237 302 0.903653
13 3 4 237 303 0.553092
14 0 1 48 111 0.139597
14 0 1 48 112 0.911958
14 0 1 48 113 -1
14 0 1 48 114 -1
14 0 1 49 111 0.681885
14 0 1 49 112 -1
14 0 1 49 113 -1
14 0 1 49 114 -1
14 0 1 50 111 0.178519
14 0 1 50 112 -1
14 0 1 50 113 0.897634
14 0 1 50 114 -1
14 0 2 48 176 0.0575851
14 0 2 48 177 0.923457
14 0 2 48 178 -1
14 0 2 49 176 -1
14 0 2 49 177 -1
14 0 2 49 178 -1
14 0 2 50 176 0.00866961
14 0 2 50 177 -1
14 0 2 50 178 0.994339
14 0 3 48 238 0.702353
14 0 3 48 239 -1
14 0 3 48 240 -1
14 0 3 48 241 0.956207
14 0 3 49 238 -1
14 0 3 49 239 0.892098
14 0 3 49 240 -1
14 0 3 49 241 -1
14 0 3 50 238 -1
14 0 3 50 239 -1
14 0 3 50 240 0.770474
14 0 3 50 241 -1
14 0 4 48 304 0.467185
14 0 4 48 305 0.775264
14 0 4 48 306 -1
14 0 4 49 304 -1
14 0 4 49 305 -1
14 0 4 49 306 0.932934
14 0 4 50 304 0.696595
14 0 4 50 305 0.256883
14 0 4 50 306 -1
14 1 2 111 176 0.866374
14 1 2 111 177 -1
14 1 2 111 178 -1
14 1 2 112 176 -1
14 1 2 112 177 0.78355
14 1 2 112 178 0.872456
14 1 2 113 176 -1
14 1 2 113 177 0.914039
14 1 2 113 178 0.871872
14 1 2 114 176 0.99524
14 1 2 114 177 -1
14 1 2 114 178 -1
14 1 3 111 238 -1
14 1 3 111 239 0.700642
14 1 3 111 240 -1
14 1 3 111 241 -1
14 1 3 112 238 -1
14 1 3 112 239 -1
14 1 3 112 240 0.437699
14 1 3 112 241 0.77302
14 1 3 113 238 -1
14 1 3 113 239 -1
14 1 3 113 240 0.871356
14 1 3 113 241 0.179643
14 1 3 114 238 0.968313
14 1 3 114 239 -1
14 1 3 114 240 -1
14 1 3 114 241 -1
14 1 4 111 304 -1
14 1 4 111 305 -1
14 1 4 111 306 0.715893
14 1 4 112 304 -1
14 1 4 112 305 0.887906
14 1 4 112 306 -1
14 1 4 113 304 0.760281
14 1 4 113 305 -1
14 1 4 113 306 -1
14 1 4 114 304 -1
14 1 4 114 305 -1
14 1 4 114 306 -1
14 2 3 176 238 0.880362
14 2 3 176 239 -1
14 2 3 176 240 -1
14 2 3 176 241 -1
14 2 3 177 238 0.57102
14 2 3 177 239 -1
14 2 3 177 240 -1
14 2 3 177 241 0.987978
14 2 3 178 238 -1
14 2 3 178 239 -1
14 2 3 178 240 0.907409
14 2 3 178 241 -1
14 2 4 176 304 -1
14 2 4 176 305 -1
14 2 4 176 306 -1
14 2 4 177 304 -1
14 2 4 177 305 0.795565
14 2 4 177 306 -1
14 2 4 178 304 0.995912
14 2 4 178 305 -1
14 2 4 178 306 -1
14 3 4 238 304 -1
14 3 4 238 305 -1
14 3 4 238 306 -1
14 3 4 239 304 0.0242855
14 3 4 239 305 0.475498
14 3 4 239 306 0.500216
14 3 4 240 304 0.995931
14 3 4 240 305 -1
14 3 4 240 306 -1
14 3 4 241 304 -1
14 3 4 241 305 0.637924
14 3 4 241 306 0.751894
15 0 1 51 115 -0.425072
15 0 1 51 116 -0.467575
15 0 1 52 115 0.203474
15 0 1 52 116 0.243756
15 0 1 53 115 0.230674
15 0 1 53 116 0.213836
15 0 1 54 115 0.214171
15 0 1 54 116 0.231989
15 0 1 55 115 0.23981
15 0 1 55 116 0.199552
15 0 2 51 179 0.825579
15 0 2 51 180 -1
15 0 2 51 181 -1
15 0 2 52 179 -1
15 0 2 52 180 0.59317
15 0 2 52 181 0.219285
15 0 2 53 179 0.0799102
15 0 2 53 180 -1
15 0 2 53 181 -1
15 0 2 54 179 -1
15 0 2 54 180 0.841822
15 0 2 54 181 0.874041
15 0 2 55 179 -1
15 0 2 55 180 0.707078
15 0 2 55 181 0.979477
15 0 3 51 242 0.714368
15 0 3 51 243 -1
15 0 3 51 244 -1
15 0 3 51 245 -1
15 0 3 52 242 -1
15 0 3 52 243 0.813423
15 0 3 52 244 -1
15 0 3 52 245 0.194181
15 0 3 53 242 0.682528
15 0 3 53 243 -1
15 0 3 53 244 0.895135
15 0 3 53 245 -1
15 0 3 54 242 -1
15 0 3 54 243 0.305434
15 0 3 54 244 -1
15 0 3 54 245 0.887165
15 0 3 55 242 -1
15 0 3 55 243 0.214382
15 0 3 55 244 -1
15 0 3 55 245 0.944992
15 0 4 51 307 0.233
15 0 4 51 308 0.774669
15 0 4 51 309 -1
15 0 4 52 307 0.844147
15 0 4 52 308 -1
15 0 4 52 309 -1
15 0 4 53 307 -1
15 0 4 53 308 -1
15 0 4 53 309 0.917734
15 0 4 54 307 0.592503
15 0 4 54 308 0.329647
15 0 4 54 309 -1
15 0 4 55 307 -1
15 0 4 55 308 0.851411
15 0 4 55 309 -1
15 1 2 115 179 -1
15 1 2 115 180 0.256178
15 1 2 115 181 -1
15 1 2 116 179 -1
15 1 2 116 180 0.743822
15 1 2 116 181 -1
15 1 3 115 242 -1
15 1 3 115 243 0.487115
15 1 3 115 244 0.472576
15 1 3 115 245 -1
15 1 3 116 242 -1
15 1 3 116 243 0.512885
15 1 3 116 244 0.527424
15 1 3 116 245 -1
15 1 4 115 307 0.202811
15 1 4 115 308 -1
15 1 4 115 309 0.837929
15 1 4 116 307 0.797189
15 1 4 116 308 -1
15 1 4 116 309 0.135154
15 2 3 179 242 -1
15 2 3 179 243 -1
15 2 3 179 244 -1
15 2 3 179 245 -1
15 2 3 180 242 -1
15 2 3 180 243 0.450368
15 2 3 180 244 -1
15 2 3 180 245 0.332756
15 2 3 181 242 -1
15 2 3 181 243 0.191206
15 2 3 181 244 -1
15 2 3 181 245 0.885723
15 2 4 179 307 -1
15 2 4 179 308 -1
15 2 4 179 309 -1
15 2 4 180 307 0.939206
15 2 4 180 308 -1
15 2 4 180 309 0.31353
15 2 4 181 307 -1
15 2 4 181 308 0.878039
15 2 4 181 309 -1
15 3 4 242 307 -1
15 3 4 242 308 -1
15 3 4 242 309 -1
15 3 4 243 307 0.987366
15 3 4 243 308 -1
15 3 4 243 309 -1
15 3 4 244 307 -1
15 3 4 244 308 0.966283
15 3 4 244 309 0.957143
15 3 4 245 307 -1
15 3 4 245 308 0.672805
15 3 4 245 309 0.490035
16 0 1 56 117 -1
16 0 1 56 118 0.665147
16 0 1 56 119 0.47966
16 0 1 56 120 0.478624
16 0 1 57 117 -1
16 0 1 57 118 0.0873241
16 0 1 57 119 0.52034
16 0 1 57 120 -1
16 0 2 56 182 -1
16 0 2 56 183 -1
16 0 2 56 184 0.491526
16 0 2 56 185 -1
16 0 2 57 182 0.952466
16 0 2 57 183 -1
16 0 2 57 184 -1
16 0 2 57 185 -1
16 0 3 56 246 -1
16 0 3 56 247 0.0747778
16 0 3 56 248 0.676658
16 0 3 57 246 0.744636
16 0 3 57 247 -1
16 0 3 57 248 -1
16 0 4 56 310 0.233557
16 0 4 56 311 -1
16 0 4 57 310 -1
16 0 4 57 311 0.966432
16 1 2 117 182 0.0317292
16 1 2 117 183 0.995393
16 1 2 117 184 -1
16 1 2 117 185 -1
16 1 2 118 182 -1
16 1 2 118 183 -1
16 1 2 118 184 -1
16 1 2 118 185 0.762479
16 1 2 119 182 0.982441
16 1 2 119 183 0.138814
16 1 2 119 184 -1
16 1 2 119 185 -1
16 1 2 120 182 -1
16 1 2 120 183 -1
16 1 2 120 184 0.870791
16 1 2 120 185 -1
16 1 3 117 246 0.920719
16 1 3 117 247 -1
16 1 3 117 248 -1
16 1 3 118 246 -1
16 1 3 118 247 0.860207
16 1 3 118 248 0.175727
16 1 3 119 246 -1
16 1 3 119 247 -1
16 1 3 119 248 -1
16 1 3 120 246 -1
16 1 3 120 247 0.521536
16 1 3 120 248 0.949382
16 1 4 117 310 -1
16 1 4 117 311 -1
16 1 4 118 310 -1
16 1 4 118 311 -1
16 1 4 119 310 -1
16 1 4 119 311 0.966472
16 1 4 120 310 0.963216
16 1 4 120 311 -1
16 2 3 182 246 -1
16 2 3 182 247 -1
16 2 3 182 248 -1
16 2 3 183 246 0.888337
16 2 3 183 247 -1
16 2 3 183 248 -1
16 2 3 184 246 0.0193693
16 2 3 184 247 0.28802
16 2 3 184 248 0.692611
16 2 3 185 246 -1
16 2 3 185 247 0.77138
16 2 3 185 248 -1
16 2 4 182 310 -1
16 2 4 182 311 0.922815
16 2 4 183 310 -1
16 2 4 183 311 0.710935
16 2 4 184 310 0.97335
16 2 4 184 311 -1
16 2 4 185 310 -1
16 2 4 185 311 -1
16 3 4 246 310 -1
16 3 4 246 311 -1
16 3 4 247 310 -1
16 3 4 247 311 0.601809
16 3 4 248 310 0.951957
16 3 4 248 311 -1
17 0 1 58 121 0.409729
17 0 1 58 122 0.902703
17 0 1 58 123 -1
17 0 1 58 124 -1
17 0 1 59 121 0.533688
17 0 1 59 122 -1
17 0 1 59 123 0.694359
17 0 1 59 124 -1
17 0 2 58 186 0.577446
17 0 2 58 187 0.997759
17 0 2 58 188 -1
17 0 2 59 186 -1
17 0 2 59 187 -1
17 0 2 59 188 -1
17 0 3 58 249 0.717101
17 0 3 58 250 -1
17 0 3 58 251 -1
17 0 3 58 252 0.906817
17 0 3 59 249 -1
17 0 3 59 250 -1
17 0 3 59 251 -1
17 0 3 59 252 -1
17 0 4 58 312 0.295363
17 0 4 58 313 0.880126
17 0 4 58 314 -1
17 0 4 59 312 -1
17 0 4 59 313 -1
17 0 4 59 314 0.838082
17 1 2 121 186 0.844367
17 1 2 121 187 -1
17 1 2 121 188 -1
17 1 2 122 186 -1
17 1 2 122 187 0.994006
17 1 2 122 188 0.574251
17 1 2 123 186 -1
17 1 2 123 187 -1
17 1 2 123 188 0.496373
17 1 2 124 186 0.962874
17 1 2 124 187 -1
17 1 2 124 188 -1
17 1 3 121 249 -1
17 1 3 121 250 0.510581
17 1 3 121 251 -1
17 1 3 121 252 -1
17 1 3 122 249 -1
17 1 3 122 250 -1
17 1 3 122 251 0.685797
17 1 3 122 252 0.899666
17 1 3 123 249 -1
17 1 3 123 250 -1
17 1 3 123 251 0.984322
17 1 3 123 252 0.484207
17 1 3 124 249 0.981703
17 1 3 124 250 0.125749
17 1 3 124 251 -1
17 1 3 124 252 -1
17 1 4 121 312 -1
17 1 4 121 313 -1
17 1 4 121 314 0.0944908
17 1 4 122 312 -1
17 1 4 122 313 0.981827
17 1 4 122 314 -1
17 1 4 123 312 0.822882
17 1 4 123 313 -1
17 1 4 123 314 -1
17 1 4 124 312 -1
17 1 4 124 313 -1
17 1 4 124 314 0.637977
17 2 3 186 249 0.992952
17 2 3 186 250 -1
17 2 3 186 251 -1
17 2 3 186 252 -1
17 2 3 187 249 -1
17 2 3 187 250 -1
17 2 3 187 251 0.483937
17 2 3 187 252 0.877599
17 2 3 188 249 -1
17 2 3 188 250 -1
17 2 3 188 251 0.246072
17 2 3 188 252 -1
17 2 4 186 312 -1
17 2 4 186 313 -1
17 2 4 186 314 0.363819
17 2 4 187 312 -1
17 2 4 187 313 0.959949
17 2 4 187 314 -1
17 2 4 188 312 0.750725
17 2 4 188 313 -1
17 2 4 188 314 -1
17 3 4 249 312 -1
17 3 4 249 313 -1
17 3 4 249 314 -1
17 3 4 250 312 0.210713
17 3 4 250 313 0.241143
17 3 4 250 314 0.548145
17 3 4 251 312 0.932719
17 3 4 251 313 -1
17 3 4 251 314 -1
17 3 4 252 312 -1
17 3 4 252 313 0.913441
17 3 4 252 314 -1
18 0 1 60 125 0.625188
18 0 1 60 126 0.721694
18 0 1 60 127 -1
18 0 1 60 128 -1
18 0 1 61 125 0.226626
18 0 1 61 126 -1
18 0 1 61 127 -1
18 0 1 61 128 0.792982
18 0 2 60 189 0.256977
18 0 2 60 190 -1
18 0 2 61 189 -1
18 0 2 61 190 -1
18 0 3 60 253 0.777177
18 0 3 60 254 -1
18 0 3 60 255 -1
18 0 3 60 256 0.681856
18 0 3 61 253 -1
18 0 3 61 254 0.911528
18 0 3 61 255 -1
18 0 3 61 256 -1
18 0 4 60 315 0.583284
18 0 4 60 316 0.526846
18 0 4 60 317 -1
18 0 4 61 315 0.416716
18 0 4 61 316 0.18132
18 0 4 61 317 -1
18 1 2 125 189 -1
18 1 2 125 190 -1
18 1 2 126 189 0.119828
18 1 2 126 190 -1
18 1 2 127 189 -1
18 1 2 127 190 -1
18 1 2 128 189 -1
18 1 2 128 190 0.0580148
18 1 3 125 253 0.96972
18 1 3 125 254 -1
18 1 3 125 255 0.630906
18 1 3 125 256 -1
18 1 3 126 253 -1
18 1 3 126 254 0.0524729
18 1 3 126 255 -1
18 1 3 126 256 -1
18 1 3 127 253 0.478438
18 1 3 127 254 -1
18 1 3 127 255 -1
18 1 3 127 256 -1
18 1 3 128 253 -1
18 1 3 128 254 0.912201
18 1 3 128 255 -1
18 1 3 128 256 0.904025
18 1 4 125 315 -1
18 1 4 125 316 -1
18 1 4 125 317 0.696487
18 1 4 126 315 -1
18 1 4 126 316 -1
18 1 4 126 317 -1
18 1 4 127 315 -1
18 1 4 127 316 -1
18 1 4 127 317 -1
18 1 4 128 315 0.849149
18 1 4 128 316 -1
18 1 4 128 317 -1
18 2 3 189 253 -1
18 2 3 189 254 0.440299
18 2 3 189 255 -1
18 2 3 189 256 -1
18 2 3 190 253 -1
18 2 3 190 254 -1
18 2 3 190 255 -1
18 2 3 190 256 -1
18 2 4 189 315 -1
18 2 4 189 316 0.508263
18 2 4 189 317 -1
18 2 4 190 315 0.592567
18 2 4 190 316 -1
18 2 4 190 317 -1
18 3 4 253 315 -1
18 3 4 253 316 -1
18 3 4 253 317 -1
18 3 4 254 315 0.802739
18 3 4 254 316 -1
18 3 4 254 317 -1
18 3 4 255 315 -1
18 3 4 255 316 0.239307
18 3 4 255 317 0.919478
18 3 4 256 315 -1
18 3 4 256 316 0.839235
18 3 4 256 317 0.226086
end of Frame 239
