J OverallIdx viewIdx joint种类0-18(jointIdx) 该joint在图中的顺序(candidix) x y score
0 0 0 0 114.952 362.59 0.784734
1 0 0 1 687.17 396.433 0.570559
2 0 0 2 325.308 432.273 0.590686
3 0 1 0 687.184 191.894 0.61098
4 0 1 1 328.15 210.878 0.893485
5 0 1 2 112.177 259.293 0.75483
6 0 1 3 30.8029 377.446 0.273346
7 0 2 0 98.2043 360.569 0.803139
8 0 2 1 698.253 396.403 0.453468
9 0 2 2 372.957 434.413 0.555127
10 0 3 0 126.25 362.647 0.799718
11 0 3 1 684.34 396.484 0.606388
12 0 3 2 280.33 430.142 0.592233
13 0 4 0 628.134 134.946 0.673838
14 0 4 1 78.5453 227.657 0.907883
15 0 4 2 33.5575 362.645 0.163894
16 0 5 0 689.88 187.7 0.432217
17 0 5 1 409.383 212.981 0.805046
18 0 5 2 98.2006 259.377 0.719159
19 0 6 0 687.104 193.987 0.847011
20 0 6 1 257.957 208.723 0.841163
21 0 6 2 126.143 257.234 0.865933
22 0 6 3 50.4449 377.384 0.217435
23 0 7 0 58.9003 419.655 0.859756
24 0 7 1 703.794 552.486 0.605218
25 0 7 2 350.502 624.197 0.648883
26 0 8 0 126.193 434.421 0.818181
27 0 8 1 684.24 560.894 0.667685
28 0 8 2 260.762 603.058 0.680987
29 0 9 0 392.554 128.68 0.897999
30 0 10 0 322.366 122.315 0.844787
31 0 10 1 661.744 128.586 0.894609
32 0 10 2 103.704 213.088 0.855213
33 0 11 0 437.436 347.905 0.8764
34 0 12 0 717.889 276.275 0.864561
35 0 12 1 129.077 303.623 0.824322
36 0 12 2 221.57 331.039 0.794296
37 0 13 0 56.1477 495.523 0.819697
38 0 13 1 712.276 697.906 0.655647
39 0 13 2 328.083 765.481 0.339459
40 0 14 0 142.968 508.19 0.729046
41 0 14 1 692.722 717.029 0.720286
42 0 14 2 235.492 765.526 0.365671
43 0 15 0 415.037 430.237 0.666536
44 0 16 0 89.7588 333.172 0.811836
45 0 16 1 658.997 345.759 0.859884
46 0 16 2 255.22 415.415 0.678237
47 0 17 0 123.311 520.843 0.390183
48 0 17 1 614.188 733.818 0.807074
49 0 18 0 30.9228 501.911 0.514637
50 0 18 1 661.705 683.19 0.34433
51 1 0 0 684.181 396.497 0.710864
52 1 1 0 684.327 236.139 0.878904
53 1 2 0 709.447 396.415 0.691479
54 1 3 0 656.185 398.511 0.662204
55 1 4 0 625.355 187.648 0.774666
56 1 5 0 726.216 242.436 0.812355
57 1 6 0 642.214 227.83 0.891463
58 1 6 1 734.768 240.399 0.3285
59 1 7 0 692.669 518.73 0.475598
60 1 8 0 27.9811 436.515 0.696672
61 1 8 1 720.723 480.782 0.286871
62 1 8 2 614.194 529.266 0.791009
63 1 10 0 656.238 177.046 0.922327
64 1 11 0 748.749 333.16 0.796084
65 1 12 0 773.991 295.232 0.778028
66 1 12 1 47.6561 316.337 0.797905
67 1 12 2 636.52 328.912 0.908728
68 1 13 0 726.243 577.764 0.380315
69 1 13 1 681.468 651.578 0.802217
70 1 14 0 19.6034 504.014 0.577387
71 1 14 1 729.111 575.704 0.403939
72 1 14 2 611.294 657.888 0.749746
73 1 15 0 703.93 379.496 0.750558
74 1 16 0 740.396 326.81 0.52887
75 1 16 1 56.2314 366.975 0.801134
76 1 16 2 614.22 396.502 0.831323
77 1 17 0 729.056 596.782 0.156216
78 1 17 1 549.655 662.089 0.766545
79 1 18 0 647.82 647.319 0.338488
80 2 0 0 518.846 227.744 0.785588
81 2 0 1 717.87 369.054 0.649387
82 2 1 0 529.969 80.1515 0.895588
83 2 1 1 740.35 221.448 0.727713
84 2 2 0 487.913 227.685 0.784902
85 2 2 1 715.155 364.838 0.56221
86 2 3 0 546.919 227.826 0.799985
87 2 3 1 715.111 377.373 0.718128
88 2 4 0 507.675 42.2849 0.928612
89 2 4 1 686.997 160.231 0.922294
90 2 5 0 482.417 75.8752 0.923123
91 2 5 1 729.07 210.91 0.665963
92 2 6 0 574.992 90.6073 0.864049
93 2 6 1 751.568 231.926 0.857619
94 2 7 0 490.729 318.4 0.820055
95 2 7 1 703.856 478.664 0.669569
96 2 8 0 549.534 324.742 0.854422
97 2 8 1 684.273 482.897 0.739499
98 2 10 0 549.825 39.9787 0.893981
99 2 10 1 737.604 158.195 0.900618
100 2 11 0 437.555 109.764 0.962285
101 2 12 0 619.729 143.407 0.943237
102 2 12 1 754.361 339.467 0.835207
103 2 13 0 496.33 392.18 0.829738
104 2 13 1 687 550.408 0.732992
105 2 14 0 549.657 400.65 0.865266
106 2 14 1 681.412 594.676 0.772257
107 2 15 0 462.845 170.791 0.878705
108 2 16 0 580.528 193.998 0.897161
109 2 16 1 703.831 383.816 0.829176
110 2 17 0 546.886 436.492 0.791756
111 2 17 1 630.993 615.762 0.761459
112 2 18 0 465.616 417.575 0.762496
113 2 18 1 639.339 552.475 0.834711
114 3 0 0 580.54 345.809 0.760417
115 3 0 1 297.264 345.825 0.781072
116 3 1 0 266.403 193.919 0.674039
117 3 1 1 580.475 194.078 0.880903
118 3 2 0 260.837 347.902 0.76219
119 3 2 1 555.341 345.815 0.739183
120 3 3 0 325.387 343.752 0.785586
121 3 3 1 605.732 345.81 0.735264
122 3 4 0 549.783 143.343 0.982677
123 3 5 0 215.935 196.146 0.602398
124 3 5 1 546.829 196.139 0.876337
125 3 6 0 316.887 183.486 0.677655
126 3 6 1 617.107 193.9 0.888965
127 3 7 0 269.218 463.918 0.79126
128 3 7 1 580.492 455.471 0.757446
129 3 8 0 328.106 457.606 0.805923
130 3 8 1 616.919 459.664 0.819488
131 3 10 0 591.747 128.727 0.892137
132 3 11 0 546.874 267.781 0.814538
133 3 11 1 199.081 276.215 0.312689
134 3 12 0 347.902 238.268 0.856769
135 3 12 1 653.44 276.143 0.849484
136 3 13 0 600.099 550.399 0.842576
137 3 13 1 274.76 560.885 0.781289
138 3 14 0 330.997 550.321 0.839415
139 3 14 1 639.532 565.068 0.824863
140 3 15 0 235.694 301.547 0.767072
141 3 15 1 538.434 326.767 0.802675
142 3 16 0 350.558 280.557 0.888923
143 3 16 1 616.975 335.324 0.844967
144 3 17 0 373.089 573.555 0.826732
145 3 17 1 636.536 603.138 0.773246
146 3 18 0 566.503 581.924 0.881196
147 3 18 1 280.547 594.657 0.833623
148 4 0 0 588.915 290.975 0.738644
149 4 0 1 420.701 324.735 0.425147
150 4 1 0 406.644 109.6 0.467044
151 4 1 1 572.185 143.275 0.941411
152 4 2 0 555.219 291.033 0.735208
153 4 2 1 423.45 324.761 0.553288
154 4 3 0 616.91 288.867 0.759408
155 4 3 1 420.715 324.735 0.326196
156 4 4 0 482.256 48.487 0.655592
157 4 4 1 605.706 84.3171 0.827369
158 4 5 0 409.447 109.719 0.791129
159 4 5 1 530.02 143.514 0.890334
160 4 6 0 401.04 107.542 0.302484
161 4 6 1 616.961 137.104 0.863378
162 4 7 0 566.506 396.538 0.805813
163 4 7 1 415.152 499.762 0.604421
164 4 8 0 639.238 392.23 0.832812
165 4 8 1 420.686 489.22 0.295709
166 4 9 0 423.515 42.174 0.881316
167 4 9 1 558.029 80.1779 0.867493
168 4 11 0 392.736 208.797 0.895921
169 4 11 1 501.984 223.555 0.898153
170 4 12 0 622.623 212.936 0.856364
171 4 13 0 572.173 495.589 0.867391
172 4 13 1 409.452 647.34 0.764437
173 4 14 0 639.312 493.415 0.861323
174 4 14 1 414.973 596.787 0.553152
175 4 15 0 434.683 276.268 0.857899
176 4 15 1 541.263 282.545 0.835682
177 4 16 0 633.752 274.072 0.802679
178 4 17 0 684.122 512.459 0.931616
179 4 17 1 462.736 598.843 0.685366
180 4 18 0 597.342 520.85 0.832081
181 4 18 1 482.464 657.9 0.78419
P viewIdx, pafIdx, aOverAllIdx, bOverAllIdx, CandidAIdx, CandidBIdx, score
0 0 3 0 0 0 0
0 0 3 1 0 1 0.892823
0 0 3 2 0 2 0
0 0 4 0 1 0 0
0 0 4 1 1 1 0
0 0 4 2 1 2 0.993165
0 0 5 0 2 0 0.954108
0 0 5 1 2 1 0
0 0 5 2 2 2 0
0 0 6 0 3 0 0
0 0 6 1 3 1 0
0 0 6 2 3 2 0
0 1 7 23 0 0 0.963914
0 1 7 24 0 1 0
0 1 7 25 0 2 0
0 1 8 23 1 0 0
0 1 8 24 1 1 0.940078
0 1 8 25 1 2 0
0 1 9 23 2 0 0
0 1 9 24 2 1 0
0 1 9 25 2 2 0.94212
0 2 23 37 0 0 0.990833
0 2 23 38 0 1 0
0 2 23 39 0 2 0
0 2 24 37 1 0 0
0 2 24 38 1 1 0.9636
0 2 24 39 1 2 0
0 2 25 37 2 0 0
0 2 25 38 2 1 0
0 2 25 39 2 2 0.965246
0 3 0 7 0 0 0.983635
0 3 0 8 0 1 0
0 3 0 9 0 2 0
0 3 1 7 1 0 0
0 3 1 8 1 1 0.711601
0 3 1 9 1 2 0
0 3 2 7 2 0 0
0 3 2 8 2 1 0
0 3 2 9 2 2 0.869379
0 4 0 10 0 0 0.982654
0 4 0 11 0 1 0
0 4 0 12 0 2 0
0 4 1 10 1 0 0
0 4 1 11 1 1 0.68675
0 4 1 12 1 2 0
0 4 2 10 2 0 0
0 4 2 11 2 1 0
0 4 2 12 2 2 0.875968
0 5 10 26 0 0 0.990889
0 5 10 27 0 1 0
0 5 10 28 0 2 0
0 5 11 26 1 0 0
0 5 11 27 1 1 0.974811
0 5 11 28 1 2 0
0 5 12 26 2 0 0
0 5 12 27 2 1 0
0 5 12 28 2 2 0.95935
0 6 26 40 0 0 0.983414
0 6 26 41 0 1 0
0 6 26 42 0 2 0
0 6 27 40 1 0 0
0 6 27 41 1 1 0.982924
0 6 27 42 1 2 0
0 6 28 40 2 0 0
0 6 28 41 2 1 0
0 6 28 42 2 2 0.959753
0 7 3 16 0 0 0.701032
0 7 3 17 0 1 0
0 7 3 18 0 2 0
0 7 4 16 1 0 0
0 7 4 17 1 1 0.993092
0 7 4 18 1 2 0
0 7 5 16 2 0 0
0 7 5 17 2 1 0
0 7 5 18 2 2 0.97239
0 7 6 16 3 0 0
0 7 6 17 3 1 0
0 7 6 18 3 2 0
0 8 16 33 0 0 0
0 8 17 33 1 0 0.994825
0 8 18 33 2 0 0
0 9 33 43 0 0 0.95812
0 10 16 29 0 0 0
0 10 17 29 1 0 0.997429
0 10 18 29 2 0 0
0 11 3 19 0 0 0.722235
0 11 3 20 0 1 0
0 11 3 21 0 2 0
0 11 3 22 0 3 0
0 11 4 19 1 0 0
0 11 4 20 1 1 0.994761
0 11 4 21 1 2 0
0 11 4 22 1 3 0
0 11 5 19 2 0 0
0 11 5 20 2 1 0
0 11 5 21 2 2 0.969877
0 11 5 22 2 3 0
0 11 6 19 3 0 0
0 11 6 20 3 1 0
0 11 6 21 3 2 0
0 11 6 22 3 3 0.765098
0 12 19 34 0 0 0.995996
0 12 19 35 0 1 0
0 12 19 36 0 2 0
0 12 20 34 1 0 0
0 12 20 35 1 1 0
0 12 20 36 1 2 0.958094
0 12 21 34 2 0 0
0 12 21 35 2 1 0.989818
0 12 21 36 2 2 0
0 12 22 34 3 0 0
0 12 22 35 3 1 0
0 12 22 36 3 2 0
0 13 34 44 0 0 0
0 13 34 45 0 1 0.977097
0 13 34 46 0 2 0
0 13 35 44 1 0 0.941646
0 13 35 45 1 1 0
0 13 35 46 1 2 0
0 13 36 44 2 0 0
0 13 36 45 2 1 0
0 13 36 46 2 2 0.963644
0 14 19 30 0 0 0
0 14 19 31 0 1 0.996801
0 14 19 32 0 2 0
0 14 20 30 1 0 0.989329
0 14 20 31 1 1 0
0 14 20 32 1 2 0
0 14 21 30 2 0 0
0 14 21 31 2 1 0
0 14 21 32 2 2 0.997828
0 14 22 30 3 0 0
0 14 22 31 3 1 0
0 14 22 32 3 2 0
0 15 3 13 0 0 0.922562
0 15 3 14 0 1 0
0 15 3 15 0 2 0
0 15 4 13 1 0 0
0 15 4 14 1 1 0
0 15 4 15 1 2 0
0 15 5 13 2 0 0
0 15 5 14 2 1 0.979537
0 15 5 15 2 2 0
0 15 6 13 3 0 0
0 15 6 14 3 1 0
0 15 6 15 3 2 0.658902
0 16 40 47 0 0 0.852211
0 16 40 48 0 1 0
0 16 41 47 1 0 0
0 16 41 48 1 1 0.952795
0 16 42 47 2 0 0
0 16 42 48 2 1 0
0 17 37 49 0 0 0.895594
0 17 37 50 0 1 0
0 17 38 49 1 0 0
0 17 38 50 1 1 0.751866
0 17 39 49 2 0 0
0 17 39 50 2 1 0
1 0 52 51 0 0 0.996055
1 1 53 59 0 0 0.958737
1 2 59 68 0 0 0.491304
1 2 59 69 0 1 0.508696
1 3 51 53 0 0 0.913268
1 4 51 54 0 0 0.907586
1 5 54 60 0 0 0
1 5 54 61 0 1 0
1 5 54 62 0 2 0.980679
1 6 60 70 0 0 0.954745
1 6 60 71 0 1 0
1 6 60 72 0 2 0
1 6 61 70 1 0 0
1 6 61 71 1 1 0.812898
1 6 61 72 1 2 0
1 6 62 70 2 0 0
1 6 62 71 2 1 0
1 6 62 72 2 2 0.984704
1 7 52 56 0 0 0.987279
1 8 56 64 0 0 0.99387
1 9 64 73 0 0 0.981752
1 11 52 57 0 0 0.984478
1 11 52 58 0 1 0
1 12 57 65 0 0 0
1 12 57 66 0 1 0
1 12 57 67 0 2 0.987992
1 12 58 65 1 0 0.932169
1 12 58 66 1 1 0
1 12 58 67 1 2 0
1 13 65 74 0 0 0.856794
1 13 65 75 0 1 0
1 13 65 76 0 2 0
1 13 66 74 1 0 0
1 13 66 75 1 1 0.980887
1 13 66 76 1 2 0
1 13 67 74 2 0 0
1 13 67 75 2 1 0
1 13 67 76 2 2 0.989286
1 14 57 63 0 0 0.976497
1 14 58 63 1 0 0
1 15 52 55 0 0 0.998811
1 16 70 77 0 0 0
1 16 70 78 0 1 0
1 16 71 77 1 0 0.696974
1 16 71 78 1 1 0
1 16 72 77 2 0 0
1 16 72 78 2 1 0.971036
1 17 68 79 0 0 0
1 17 69 79 1 0 0.843046
2 0 82 80 0 0 0.985006
2 0 82 81 0 1 0
2 0 83 80 1 0 0
2 0 83 81 1 1 0.964519
2 1 84 94 0 0 0.994807
2 1 84 95 0 1 0
2 1 85 94 1 0 0
2 1 85 95 1 1 0.916741
2 2 94 103 0 0 0.996346
2 2 94 104 0 1 0
2 2 95 103 1 0 0
2 2 95 104 1 1 0.940922
2 3 80 84 0 0 0.967869
2 3 80 85 0 1 0
2 3 81 84 1 0 0
2 3 81 85 1 1 0.779119
2 4 80 86 0 0 0.962861
2 4 80 87 0 1 0
2 4 81 86 1 0 0
2 4 81 87 1 1 0.771648
2 5 86 96 0 0 0.994512
2 5 86 97 0 1 0
2 5 87 96 1 0 0
2 5 87 97 1 1 0.969035
2 6 96 105 0 0 0.994775
2 6 96 106 0 1 0
2 6 97 105 1 0 0
2 6 97 106 1 1 0.979868
2 7 82 90 0 0 0.994798
2 7 82 91 0 1 0
2 7 83 90 1 0 0
2 7 83 91 1 1 0.931771
2 8 90 100 0 0 0.981789
2 8 91 100 1 0 0
2 9 100 107 0 0 0.989231
2 11 82 92 0 0 0.997127
2 11 82 93 0 1 0
2 11 83 92 1 0 0
2 11 83 93 1 1 0.958029
2 12 92 101 0 0 0.995883
2 12 92 102 0 1 0
2 12 93 101 1 0 0
2 12 93 102 1 1 0.999524
2 13 101 108 0 0 0.970307
2 13 101 109 0 1 0
2 13 102 108 1 0 0
2 13 102 109 1 1 0.971639
2 14 92 98 0 0 0.990537
2 14 92 99 0 1 0
2 14 93 98 1 0 0
2 14 93 99 1 1 0.980284
2 15 82 88 0 0 0.990361
2 15 82 89 0 1 0
2 15 83 88 1 0 0
2 15 83 89 1 1 0.991182
2 16 105 110 0 0 0.990662
2 16 105 111 0 1 0
2 16 106 110 1 0 0
2 16 106 111 1 1 0.961327
2 17 103 112 0 0 0.955724
2 17 103 113 0 1 0
2 17 104 112 1 0 0
2 17 104 113 1 1 0.905137
3 0 116 114 0 0 0
3 0 116 115 0 1 0.977716
3 0 117 114 1 0 0.974142
3 0 117 115 1 1 0
3 1 118 127 0 0 0.976089
3 1 118 128 0 1 0
3 1 119 127 1 0 0
3 1 119 128 1 1 0.984472
3 2 127 136 0 0 0
3 2 127 137 0 1 0.988889
3 2 128 136 1 0 0.988133
3 2 128 137 1 1 0
3 3 114 118 0 0 0
3 3 114 119 0 1 0.954912
3 3 115 118 1 0 0.951601
3 3 115 119 1 1 0
3 4 114 120 0 0 0
3 4 114 121 0 1 0.957578
3 4 115 120 1 0 0.952982
3 4 115 121 1 1 0
3 5 120 129 0 0 0.99991
3 5 120 130 0 1 0
3 5 121 129 1 0 0
3 5 121 130 1 1 0.977522
3 6 129 138 0 0 0.997568
3 6 129 139 0 1 0
3 6 130 138 1 0 0
3 6 130 139 1 1 0.994467
3 7 116 123 0 0 0.917231
3 7 116 124 0 1 0
3 7 117 123 1 0 0
3 7 117 124 1 1 0.997277
3 8 123 132 0 0 0
3 8 123 133 0 1 0.811556
3 8 124 132 1 0 0.994958
3 8 124 133 1 1 0
3 9 132 140 0 0 0
3 9 132 141 0 1 0.981105
3 9 133 140 1 0 0.852372
3 9 133 141 1 1 0
3 11 116 125 0 0 0.935112
3 11 116 126 0 1 0
3 11 117 125 1 0 0
3 11 117 126 1 1 0.9982
3 12 125 134 0 0 0.992444
3 12 125 135 0 1 0
3 12 126 134 1 0 0
3 12 126 135 1 1 0.999409
3 13 134 142 0 0 0.99623
3 13 134 143 0 1 0
3 13 135 142 1 0 0
3 13 135 143 1 1 0.984437
3 14 125 131 0 0 0
3 14 126 131 1 0 0.997147
3 15 116 122 0 0 0
3 15 117 122 1 0 0.993358
3 16 138 144 0 0 0.977934
3 16 138 145 0 1 0
3 16 139 144 1 0 0
3 16 139 145 1 1 0.97654
3 17 136 146 0 0 0.969717
3 17 136 147 0 1 0
3 17 137 146 1 0 0
3 17 137 147 1 1 0.978183
4 0 150 148 0 0 0
4 0 150 149 0 1 0.868392
4 0 151 148 1 0 0.999792
4 0 151 149 1 1 0
4 1 152 162 0 0 0.985979
4 1 152 163 0 1 0
4 1 153 162 1 0 0
4 1 153 163 1 1 0.941012
4 2 162 171 0 0 0.991924
4 2 162 172 0 1 0
4 2 163 171 1 0 0
4 2 163 172 1 1 0.976477
4 3 148 152 0 0 0.956938
4 3 148 153 0 1 0
4 3 149 152 1 0 0
4 3 149 153 1 1 0.684255
4 4 148 154 0 0 0.945126
4 4 148 155 0 1 0
4 4 149 154 1 0 0
4 4 149 155 1 1 0.684255
4 5 154 164 0 0 0.998816
4 5 154 165 0 1 0
4 5 155 164 1 0 0
4 5 155 165 1 1 0.815742
4 6 164 173 0 0 0.999371
4 6 164 174 0 1 0
4 6 165 173 1 0 0
4 6 165 174 1 1 0.87977
4 7 150 158 0 0 0.612883
4 7 150 159 0 1 0
4 7 151 158 1 0 0
4 7 151 159 1 1 0.999569
4 8 158 168 0 0 0.983357
4 8 158 169 0 1 0
4 8 159 168 1 0 0
4 8 159 169 1 1 0.98319
4 9 168 175 0 0 0.994783
4 9 168 176 0 1 0
4 9 169 175 1 0 0
4 9 169 176 1 1 0.989674
4 10 158 166 0 0 0.988972
4 10 158 167 0 1 0
4 10 159 166 1 0 0
4 10 159 167 1 1 0.970111
4 11 150 160 0 0 0.632332
4 11 150 161 0 1 0
4 11 151 160 1 0 0
4 11 151 161 1 1 0.996266
4 12 160 170 0 0 0
4 12 161 170 1 0 0.997206
4 13 170 177 0 0 0.99233
4 15 150 156 0 0 0.806104
4 15 150 157 0 1 0
4 15 151 156 1 0 0
4 15 151 157 1 1 0.974752
4 16 173 178 0 0 0.981104
4 16 173 179 0 1 0
4 16 174 178 1 0 0
4 16 174 179 1 1 0.921822
4 17 171 180 0 0 0.981402
4 17 171 181 0 1 0
4 17 172 180 1 0 0
4 17 172 181 1 1 0.992104
E jointIdx viewA viewB aOverAllIdx bOverallIdx score
0 0 1 0 51 0.0307837
0 0 1 1 51 0.276936
0 0 1 2 51 0.692281
0 0 2 0 80 -1
0 0 2 0 81 0.125373
0 0 2 1 80 0.77068
0 0 2 1 81 -1
0 0 2 2 80 -1
0 0 2 2 81 0.824164
0 0 3 0 114 -1
0 0 3 0 115 -1
0 0 3 1 114 -1
0 0 3 1 115 0.712639
0 0 3 2 114 0.961741
0 0 3 2 115 -1
0 0 4 0 148 -1
0 0 4 0 149 -1
0 0 4 1 148 -1
0 0 4 1 149 0.897934
0 0 4 2 148 0.873794
0 0 4 2 149 -1
0 1 2 51 80 0.382085
0 1 2 51 81 0.617915
0 1 3 51 114 0.582648
0 1 3 51 115 0.417352
0 1 4 51 148 0.414768
0 1 4 51 149 0.192253
0 2 3 80 114 -1
0 2 3 80 115 0.864122
0 2 3 81 114 0.849832
0 2 3 81 115 -1
0 2 4 80 148 -1
0 2 4 80 149 0.789141
0 2 4 81 148 0.778189
0 2 4 81 149 -1
0 3 4 114 148 0.380104
0 3 4 114 149 0.285044
0 3 4 115 148 0.283277
0 3 4 115 149 0.391813
1 0 1 3 52 0.822427
1 0 1 4 52 0.730561
1 0 1 5 52 0.286572
1 0 1 6 52 -0.839559
1 0 2 3 82 0.869478
1 0 2 3 83 -1
1 0 2 4 82 -1
1 0 2 4 83 0.980022
1 0 2 5 82 -1
1 0 2 5 83 -1
1 0 2 6 82 -1
1 0 2 6 83 -1
1 0 3 3 116 0.374191
1 0 3 3 117 0.625809
1 0 3 4 116 0.432591
1 0 3 4 117 0.567409
1 0 3 5 116 -1
1 0 3 5 117 0.0588923
1 0 3 6 116 -1
1 0 3 6 117 -1
1 0 4 3 150 0.95152
1 0 4 3 151 -1
1 0 4 4 150 -1
1 0 4 4 151 0.956191
1 0 4 5 150 -1
1 0 4 5 151 0.300353
1 0 4 6 150 -1
1 0 4 6 151 -1
1 1 2 52 82 0.531522
1 1 2 52 83 0.468478
1 1 3 52 116 0.386649
1 1 3 52 117 0.613352
1 1 4 52 150 0.509965
1 1 4 52 151 0.490035
1 2 3 82 116 0.86416
1 2 3 82 117 -1
1 2 3 83 116 -1
1 2 3 83 117 0.886128
1 2 4 82 150 0.821341
1 2 4 82 151 -1
1 2 4 83 150 -1
1 2 4 83 151 0.99711
1 3 4 116 150 0.418467
1 3 4 116 151 0.34844
1 3 4 117 150 0.0881103
1 3 4 117 151 0.540514
2 0 1 7 53 0.00767819
2 0 1 8 53 0.262835
2 0 1 9 53 0.729486
2 0 2 7 84 -1
2 0 2 7 85 -1
2 0 2 8 84 0.65278
2 0 2 8 85 -1
2 0 2 9 84 -1
2 0 2 9 85 0.530543
2 0 3 7 118 -1
2 0 3 7 119 -1
2 0 3 8 118 0.839918
2 0 3 8 119 -1
2 0 3 9 118 -1
2 0 3 9 119 0.928053
2 0 4 7 152 -1
2 0 4 7 153 -1
2 0 4 8 152 -1
2 0 4 8 153 0.71573
2 0 4 9 152 0.903122
2 0 4 9 153 -1
2 1 2 53 84 0.689023
2 1 2 53 85 0.310977
2 1 3 53 118 0.462186
2 1 3 53 119 0.537814
2 1 4 53 152 0.510994
2 1 4 53 153 0.489006
2 2 3 84 118 0.907149
2 2 3 84 119 -1
2 2 3 85 118 -1
2 2 3 85 119 0.565001
2 2 4 84 152 0.387516
2 2 4 84 153 0.42974
2 2 4 85 152 0.544288
2 2 4 85 153 -1
2 3 4 118 152 0.293622
2 3 4 118 153 0.443466
2 3 4 119 152 0.421348
2 3 4 119 153 0.317624
3 0 1 10 54 0.0152764
3 0 1 11 54 0.282232
3 0 1 12 54 0.702492
3 0 2 10 86 -1
3 0 2 10 87 0.366174
3 0 2 11 86 0.810383
3 0 2 11 87 -1
3 0 2 12 86 -1
3 0 2 12 87 0.961559
3 0 3 10 120 -1
3 0 3 10 121 0.119864
3 0 3 11 120 0.591216
3 0 3 11 121 -1
3 0 3 12 120 -1
3 0 3 12 121 0.982936
3 0 4 10 154 -1
3 0 4 10 155 -1
3 0 4 11 154 -1
3 0 4 11 155 0.934424
3 0 4 12 154 0.859209
3 0 4 12 155 -1
3 1 2 54 86 -1
3 1 2 54 87 0.848788
3 1 3 54 120 0.312897
3 1 3 54 121 0.687103
3 1 4 54 154 0.406508
3 1 4 54 155 -1
3 2 3 86 120 0.710509
3 2 3 86 121 -1
3 2 3 87 120 -1
3 2 3 87 121 0.937692
3 2 4 86 154 -1
3 2 4 86 155 0.932209
3 2 4 87 154 0.600263
3 2 4 87 155 -1
3 3 4 120 154 0.284397
3 3 4 120 155 0.371667
3 3 4 121 154 0.372171
3 3 4 121 155 0.275128
4 0 1 13 55 0.891994
4 0 1 14 55 -1
4 0 1 15 55 -1
4 0 2 13 88 0.950573
4 0 2 13 89 -1
4 0 2 14 88 -1
4 0 2 14 89 -1
4 0 2 15 88 -1
4 0 2 15 89 -1
4 0 3 13 122 0.25175
4 0 3 14 122 0.590542
4 0 3 15 122 -1
4 0 4 13 156 0.886669
4 0 4 13 157 -1
4 0 4 14 156 -1
4 0 4 14 157 -1
4 0 4 15 156 -1
4 0 4 15 157 -1
4 1 2 55 88 0.413327
4 1 2 55 89 0.586673
4 1 3 55 122 0.934189
4 1 4 55 156 0.233582
4 1 4 55 157 0.766418
4 2 3 88 122 -1
4 2 3 89 122 0.983657
4 2 4 88 156 0.942914
4 2 4 88 157 -1
4 2 4 89 156 -1
4 2 4 89 157 0.99253
4 3 4 122 156 0.0998205
4 3 4 122 157 0.90018
5 0 1 16 56 0.358923
5 0 1 17 56 0.423767
5 0 1 18 56 0.21731
5 0 2 16 90 0.665646
5 0 2 16 91 -1
5 0 2 17 90 -1
5 0 2 17 91 0.678487
5 0 2 18 90 -1
5 0 2 18 91 -1
5 0 3 16 123 0.293967
5 0 3 16 124 0.373146
5 0 3 17 123 0.442519
5 0 3 17 124 0.294634
5 0 3 18 123 -1
5 0 3 18 124 0.0195482
5 0 4 16 158 0.939038
5 0 4 16 159 -1
5 0 4 17 158 -1
5 0 4 17 159 0.998922
5 0 4 18 158 -1
5 0 4 18 159 0.266822
5 1 2 56 90 0.225019
5 1 2 56 91 0.456175
5 1 3 56 123 0.393319
5 1 3 56 124 0.606681
5 1 4 56 158 0.413624
5 1 4 56 159 0.586376
5 2 3 90 123 0.945304
5 2 3 90 124 -1
5 2 3 91 123 -1
5 2 3 91 124 0.729479
5 2 4 90 158 0.731727
5 2 4 90 159 -1
5 2 4 91 158 -1
5 2 4 91 159 0.697266
5 3 4 123 158 0.410146
5 3 4 123 159 0.32991
5 3 4 124 158 0.0908603
5 3 4 124 159 0.508489
6 0 1 19 57 0.449133
6 0 1 19 58 0.399408
6 0 1 20 57 0.443734
6 0 1 20 58 0.403323
6 0 1 21 57 0.193763
6 0 1 21 58 0.322249
6 0 1 22 57 -1
6 0 1 22 58 -0.725053
6 0 2 19 92 0.862726
6 0 2 19 93 -1
6 0 2 20 92 -1
6 0 2 20 93 0.773688
6 0 2 21 92 -1
6 0 2 21 93 -1
6 0 2 22 92 -1
6 0 2 22 93 -1
6 0 3 19 125 0.52057
6 0 3 19 126 0.47943
6 0 3 20 125 0.440987
6 0 3 20 126 0.559013
6 0 3 21 125 -1
6 0 3 21 126 0.149388
6 0 3 22 125 -1
6 0 3 22 126 -1
6 0 4 19 160 0.845768
6 0 4 19 161 -1
6 0 4 20 160 -1
6 0 4 20 161 0.968932
6 0 4 21 160 -1
6 0 4 21 161 0.209763
6 0 4 22 160 -1
6 0 4 22 161 -1
6 1 2 57 92 0.167484
6 1 2 57 93 0.697375
6 1 2 58 92 0.747354
6 1 2 58 93 0.151991
6 1 3 57 125 0.278527
6 1 3 57 126 0.309664
6 1 3 58 125 0.307073
6 1 3 58 126 0.283337
6 1 4 57 160 0.280368
6 1 4 57 161 0.492562
6 1 4 58 160 0.530179
6 1 4 58 161 0.29728
6 2 3 92 125 0.974662
6 2 3 92 126 -1
6 2 3 93 125 -1
6 2 3 93 126 0.878337
6 2 4 92 160 0.705254
6 2 4 92 161 -1
6 2 4 93 160 -1
6 2 4 93 161 0.757529
6 3 4 125 160 0.51453
6 3 4 125 161 0.295934
6 3 4 126 160 -1
6 3 4 126 161 0.602273
7 0 1 23 59 -1
7 0 1 24 59 -1
7 0 1 25 59 0.803587
7 0 2 23 94 -1
7 0 2 23 95 0.763988
7 0 2 24 94 0.849421
7 0 2 24 95 -1
7 0 2 25 94 -1
7 0 2 25 95 0.473075
7 0 3 23 127 -1
7 0 3 23 128 -1
7 0 3 24 127 0.946965
7 0 3 24 128 -1
7 0 3 25 127 -1
7 0 3 25 128 0.948956
7 0 4 23 162 -1
7 0 4 23 163 -1
7 0 4 24 162 -1
7 0 4 24 163 0.902302
7 0 4 25 162 0.871424
7 0 4 25 163 -1
7 1 2 59 94 0.222935
7 1 2 59 95 0.237747
7 1 3 59 127 -1
7 1 3 59 128 0.604511
7 1 4 59 162 0.630395
7 1 4 59 163 0.206102
7 2 3 94 127 0.936947
7 2 3 94 128 -1
7 2 3 95 127 -1
7 2 3 95 128 0.533731
7 2 4 94 162 0.345473
7 2 4 94 163 0.489959
7 2 4 95 162 0.429026
7 2 4 95 163 0.0699385
7 3 4 127 162 -1
7 3 4 127 163 0.96536
7 3 4 128 162 0.855566
7 3 4 128 163 -1
8 0 1 26 60 0.33907
8 0 1 26 61 -1
8 0 1 26 62 -1
8 0 1 27 60 -1
8 0 1 27 61 0.97014
8 0 1 27 62 0.137053
8 0 1 28 60 -1
8 0 1 28 61 0.491109
8 0 1 28 62 0.989621
8 0 2 26 96 -1
8 0 2 26 97 0.736007
8 0 2 27 96 0.865769
8 0 2 27 97 -1
8 0 2 28 96 -1
8 0 2 28 97 0.794704
8 0 3 26 129 -1
8 0 3 26 130 0.46289
8 0 3 27 129 0.703334
8 0 3 27 130 -1
8 0 3 28 129 -1
8 0 3 28 130 0.937247
8 0 4 26 164 -1
8 0 4 26 165 -1
8 0 4 27 164 -1
8 0 4 27 165 0.993308
8 0 4 28 164 0.875766
8 0 4 28 165 -1
8 1 2 60 96 -1
8 1 2 60 97 -1
8 1 2 61 96 0.939483
8 1 2 61 97 -1
8 1 2 62 96 -1
8 1 2 62 97 0.777579
8 1 3 60 129 -1
8 1 3 60 130 -1
8 1 3 61 129 0.704099
8 1 3 61 130 -1
8 1 3 62 129 -1
8 1 3 62 130 0.953665
8 1 4 60 164 -1
8 1 4 60 165 -1
8 1 4 61 164 -1
8 1 4 61 165 0.575661
8 1 4 62 164 0.702767
8 1 4 62 165 -1
8 2 3 96 129 0.852729
8 2 3 96 130 -1
8 2 3 97 129 -1
8 2 3 97 130 0.835464
8 2 4 96 164 -1
8 2 4 96 165 0.601362
8 2 4 97 164 0.568762
8 2 4 97 165 -1
8 3 4 129 164 0.229352
8 3 4 129 165 0.727195
8 3 4 130 164 0.748135
8 3 4 130 165 -1
9 0 4 29 166 -1
9 0 4 29 167 0.968931
10 0 1 30 63 0.962416
10 0 1 31 63 0.641795
10 0 1 32 63 -1
10 0 2 30 98 -1
10 0 2 30 99 0.983747
10 0 2 31 98 0.912721
10 0 2 31 99 -1
10 0 2 32 98 -1
10 0 2 32 99 -1
10 0 3 30 131 0.751755
10 0 3 31 131 -1
10 0 3 32 131 0.571243
10 1 2 63 98 0.461462
10 1 2 63 99 0.538538
10 1 3 63 131 0.848116
10 2 3 98 131 -1
10 2 3 99 131 0.988434
11 0 1 33 64 0.954175
11 0 2 33 100 -1
11 0 3 33 132 0.808708
11 0 3 33 133 -1
11 0 4 33 168 0.512632
11 0 4 33 169 0.487368
11 1 2 64 100 0.805312
11 1 3 64 132 0.544316
11 1 3 64 133 0.455684
11 1 4 64 168 0.141791
11 1 4 64 169 0.858209
11 2 3 100 132 -1
11 2 3 100 133 0.0481035
11 2 4 100 168 0.970289
11 2 4 100 169 0.0297106
11 3 4 132 168 0.355025
11 3 4 132 169 0.396747
11 3 4 133 168 0.297762
11 3 4 133 169 0.431971
12 0 1 34 65 0.392974
12 0 1 34 66 -1
12 0 1 34 67 -1
12 0 1 35 65 0.160209
12 0 1 35 66 0.398215
12 0 1 35 67 0.227205
12 0 1 36 65 0.22642
12 0 1 36 66 -1
12 0 1 36 67 0.939727
12 0 2 34 101 0.90557
12 0 2 34 102 -1
12 0 2 35 101 -1
12 0 2 35 102 0.57304
12 0 2 36 101 -1
12 0 2 36 102 0.975351
12 0 3 34 134 0.954495
12 0 3 34 135 -1
12 0 3 35 134 -1
12 0 3 35 135 0.709006
12 0 3 36 134 -1
12 0 3 36 135 0.909163
12 0 4 34 170 0.29003
12 0 4 35 170 0.230085
12 0 4 36 170 0.479885
12 1 2 65 101 0.978025
12 1 2 65 102 -1
12 1 2 66 101 -1
12 1 2 66 102 -1
12 1 2 67 101 -1
12 1 2 67 102 0.963508
12 1 3 65 134 0.947906
12 1 3 65 135 0.0520939
12 1 3 66 134 -1
12 1 3 66 135 -1
12 1 3 67 134 -1
12 1 3 67 135 0.998582
12 1 4 65 170 -1
12 1 4 66 170 -1
12 1 4 67 170 0.997842
12 2 3 101 134 0.966199
12 2 3 101 135 -1
12 2 3 102 134 -1
12 2 3 102 135 0.922976
12 2 4 101 170 -1
12 2 4 102 170 0.992324
12 3 4 134 170 0.297162
12 3 4 135 170 0.702838
13 0 1 37 68 -1
13 0 1 37 69 -1
13 0 1 38 68 0.856637
13 0 1 38 69 -1
13 0 1 39 68 0.25361
13 0 1 39 69 0.567072
13 0 2 37 103 -1
13 0 2 37 104 0.974051
13 0 2 38 103 0.974576
13 0 2 38 104 -1
13 0 2 39 103 -1
13 0 2 39 104 0.721129
13 0 3 37 136 -1
13 0 3 37 137 -1
13 0 3 38 136 -1
13 0 3 38 137 0.844921
13 0 3 39 136 0.731741
13 0 3 39 137 -1
13 0 4 37 171 -1
13 0 4 37 172 -1
13 0 4 38 171 -1
13 0 4 38 172 0.905691
13 0 4 39 171 0.720129
13 0 4 39 172 -1
13 1 2 68 103 0.61434
13 1 2 68 104 -1
13 1 2 69 103 -1
13 1 2 69 104 0.82238
13 1 3 68 136 -1
13 1 3 68 137 0.972405
13 1 3 69 136 0.938495
13 1 3 69 137 -1
13 1 4 68 171 -1
13 1 4 68 172 0.384718
13 1 4 69 171 0.860805
13 1 4 69 172 -1
13 2 3 103 136 -1
13 2 3 103 137 0.875021
13 2 3 104 136 0.995171
13 2 3 104 137 -1
13 2 4 103 171 0.275401
13 2 4 103 172 0.332236
13 2 4 104 171 0.33186
13 2 4 104 172 0.272333
13 3 4 136 171 0.951803
13 3 4 136 172 -1
13 3 4 137 171 -1
13 3 4 137 172 0.770951
14 0 1 40 70 -1
14 0 1 40 71 -1
14 0 1 40 72 -1
14 0 1 41 70 -1
14 0 1 41 71 0.776693
14 0 1 41 72 -1
14 0 1 42 70 -1
14 0 1 42 71 0.281973
14 0 1 42 72 0.859649
14 0 2 40 105 -1
14 0 2 40 106 -1
14 0 2 41 105 0.990716
14 0 2 41 106 -1
14 0 2 42 105 -1
14 0 2 42 106 0.848894
14 0 3 40 138 -1
14 0 3 40 139 0.817495
14 0 3 41 138 0.997194
14 0 3 41 139 -1
14 0 3 42 138 -1
14 0 3 42 139 0.953701
14 0 4 40 173 -1
14 0 4 40 174 -1
14 0 4 41 173 -1
14 0 4 41 174 0.738123
14 0 4 42 173 0.890069
14 0 4 42 174 -1
14 1 2 70 105 -1
14 1 2 70 106 -1
14 1 2 71 105 0.917164
14 1 2 71 106 -1
14 1 2 72 105 -1
14 1 2 72 106 0.909162
14 1 3 70 138 -1
14 1 3 70 139 -1
14 1 3 71 138 0.78516
14 1 3 71 139 -1
14 1 3 72 138 -1
14 1 3 72 139 0.983272
14 1 4 70 173 -1
14 1 4 70 174 -1
14 1 4 71 173 -1
14 1 4 71 174 0.772573
14 1 4 72 173 0.748077
14 1 4 72 174 -1
14 2 3 105 138 0.988439
14 2 3 105 139 -1
14 2 3 106 138 -1
14 2 3 106 139 0.906578
14 2 4 105 173 -1
14 2 4 105 174 0.834865
14 2 4 106 173 0.812709
14 2 4 106 174 -1
14 3 4 138 173 0.183913
14 3 4 138 174 0.816086
14 3 4 139 173 0.762787
14 3 4 139 174 -1
15 0 1 43 73 0.689785
15 0 2 43 107 -1
15 0 3 43 140 -1
15 0 3 43 141 0.833434
15 0 4 43 175 0.256505
15 0 4 43 176 0.743495
15 1 2 73 107 0.404538
15 1 3 73 140 -1
15 1 3 73 141 0.858344
15 1 4 73 175 0.157338
15 1 4 73 176 0.691602
15 2 3 107 140 0.74826
15 2 3 107 141 -1
15 2 4 107 175 0.996967
15 2 4 107 176 -1
15 3 4 140 175 0.348963
15 3 4 140 176 0.273554
15 3 4 141 175 0.267203
15 3 4 141 176 0.349939
16 0 1 44 74 0.552283
16 0 1 44 75 0.555039
16 0 1 44 76 -1
16 0 1 45 74 0.44627
16 0 1 45 75 0.290625
16 0 1 45 76 -1
16 0 1 46 74 0.00144702
16 0 1 46 75 -1
16 0 1 46 76 0.855359
16 0 2 44 108 -1
16 0 2 44 109 0.449331
16 0 2 45 108 0.928287
16 0 2 45 109 -1
16 0 2 46 108 -1
16 0 2 46 109 0.99279
16 0 3 44 142 -1
16 0 3 44 143 0.0396866
16 0 3 45 142 0.808161
16 0 3 45 143 -1
16 0 3 46 142 -1
16 0 3 46 143 0.938095
16 0 4 44 177 -1
16 0 4 45 177 -1
16 0 4 46 177 0.972112
16 1 2 74 108 0.638235
16 1 2 74 109 -1
16 1 2 75 108 -1
16 1 2 75 109 -1
16 1 2 76 108 -1
16 1 2 76 109 0.88123
16 1 3 74 142 0.887006
16 1 3 74 143 -1
16 1 3 75 142 -1
16 1 3 75 143 -1
16 1 3 76 142 -1
16 1 3 76 143 0.835075
16 1 4 74 177 -1
16 1 4 75 177 -1
16 1 4 76 177 0.955791
16 2 3 108 142 0.955188
16 2 3 108 143 -1
16 2 3 109 142 -1
16 2 3 109 143 0.947201
16 2 4 108 177 -1
16 2 4 109 177 0.870792
16 3 4 142 177 0.129795
16 3 4 143 177 0.870205
17 0 1 47 77 -1
17 0 1 47 78 -1
17 0 1 48 77 0.6482
17 0 1 48 78 0.3518
17 0 2 47 110 -1
17 0 2 47 111 -1
17 0 2 48 110 0.871396
17 0 2 48 111 -1
17 0 3 47 144 -1
17 0 3 47 145 0.877718
17 0 3 48 144 0.952862
17 0 3 48 145 -1
17 0 4 47 178 -1
17 0 4 47 179 -1
17 0 4 48 178 -1
17 0 4 48 179 0.936549
17 1 2 77 110 0.39098
17 1 2 77 111 -1
17 1 2 78 110 -1
17 1 2 78 111 0.963967
17 1 3 77 144 0.451965
17 1 3 77 145 -1
17 1 3 78 144 -1
17 1 3 78 145 0.890842
17 1 4 77 178 -1
17 1 4 77 179 0.260355
17 1 4 78 178 0.876514
17 1 4 78 179 -1
17 2 3 110 144 0.823032
17 2 3 110 145 -1
17 2 3 111 144 -1
17 2 3 111 145 0.859397
17 2 4 110 178 -1
17 2 4 110 179 0.996841
17 2 4 111 178 0.784317
17 2 4 111 179 -1
17 3 4 144 178 0.254278
17 3 4 144 179 0.602751
17 3 4 145 178 0.605518
17 3 4 145 179 0.144066
18 0 1 49 79 -1
18 0 1 50 79 -1
18 0 2 49 112 -1
18 0 2 49 113 0.354736
18 0 2 50 112 0.81118
18 0 2 50 113 -1
18 0 3 49 146 -1
18 0 3 49 147 -1
18 0 3 50 146 -1
18 0 3 50 147 0.72806
18 0 4 49 180 -1
18 0 4 49 181 -1
18 0 4 50 180 -1
18 0 4 50 181 0.763166
18 1 2 79 112 -1
18 1 2 79 113 0.780199
18 1 3 79 146 0.701446
18 1 3 79 147 -1
18 1 4 79 180 0.6931
18 1 4 79 181 0.128671
18 2 3 112 146 -1
18 2 3 112 147 0.915893
18 2 3 113 146 0.883095
18 2 3 113 147 -1
18 2 4 112 180 0.266268
18 2 4 112 181 0.303429
18 2 4 113 180 0.302213
18 2 4 113 181 0.262109
18 3 4 146 180 0.883333
18 3 4 146 181 -1
18 3 4 147 180 -1
18 3 4 147 181 0.951632
end of Frame 82
