J OverallIdx viewIdx joint种类0-18(jointIdx) 该joint在图中的顺序(candidix) x y score
0 0 0 0 33.7728 373.225 0.75079
1 0 0 1 681.476 396.407 0.58371
2 0 0 2 325.267 434.392 0.599131
3 0 1 0 667.448 194.031 0.801417
4 0 1 1 325.454 210.795 0.897967
5 0 1 2 72.928 229.874 0.681186
6 0 2 0 692.632 394.31 0.446699
7 0 2 1 372.925 436.519 0.567736
8 0 3 0 64.5254 364.866 0.70803
9 0 3 1 670.26 398.526 0.575235
10 0 3 2 280.288 432.265 0.587252
11 0 4 0 588.863 132.88 0.765204
12 0 4 1 56.0589 194.047 0.827742
13 0 5 0 689.858 193.946 0.711196
14 0 5 1 403.856 210.959 0.802674
15 0 5 2 30.8988 231.952 0.55373
16 0 6 0 647.819 194.112 0.821065
17 0 6 1 255.231 204.572 0.808348
18 0 6 2 100.941 229.923 0.84075
19 0 6 3 55.9884 242.414 0.836512
20 0 7 0 678.674 558.776 0.476815
21 0 7 1 347.775 630.493 0.765213
22 0 8 0 98.0167 451.238 0.832091
23 0 8 1 675.804 565.177 0.587296
24 0 8 2 260.738 611.474 0.731794
25 0 9 0 387.024 128.621 0.866482
26 0 10 0 308.435 120.207 0.834326
27 0 10 1 622.609 128.614 0.872447
28 0 10 2 78.5737 191.817 0.666312
29 0 11 0 729.139 259.336 0.412452
30 0 11 1 437.376 347.925 0.881582
31 0 12 0 673 286.763 0.806595
32 0 12 1 120.643 288.87 0.564636
33 0 12 2 78.4178 299.446 0.822051
34 0 12 3 221.598 339.468 0.792451
35 0 13 0 706.683 685.305 0.546661
36 0 13 1 328.191 765.532 0.316192
37 0 14 0 47.64 525.099 0.582582
38 0 14 1 692.691 716.898 0.702342
39 0 14 2 232.791 765.538 0.405078
40 0 15 0 415.072 430.169 0.683099
41 0 16 0 103.863 350.03 0.873629
42 0 16 1 628.132 362.643 0.814044
43 0 16 2 255.239 411.189 0.701724
44 0 17 0 56.0805 556.679 0.453525
45 0 17 1 614.176 733.872 0.765922
46 0 18 0 30.9227 590.441 0.699622
47 0 18 1 658.905 681.035 0.307385
48 1 0 0 684.159 402.73 0.678834
49 1 1 0 686.995 236.143 0.8625
50 1 2 0 712.27 398.51 0.709314
51 1 3 0 33.8091 385.908 0.711633
52 1 3 1 729.273 383.806 0.331016
53 1 3 2 647.847 402.738 0.626989
54 1 4 0 30.8443 177.131 0.916145
55 1 4 1 622.607 191.942 0.85672
56 1 5 0 729.149 242.485 0.858621
57 1 6 0 642.256 227.836 0.882544
58 1 7 0 687.007 529.227 0.72624
59 1 8 0 75.6689 472.363 0.850806
60 1 8 1 723.519 489.211 0.497732
61 1 8 2 614.232 529.237 0.800391
62 1 10 0 658.96 177.088 0.939427
63 1 11 0 774.037 297.428 0.549199
64 1 11 1 748.823 337.371 0.768137
65 1 12 0 773.994 297.407 0.316911
66 1 12 1 30.8438 312.135 0.822899
67 1 12 2 633.786 328.948 0.899091
68 1 13 0 723.527 581.914 0.300862
69 1 13 1 681.469 649.563 0.82287
70 1 14 0 729.063 579.934 0.616622
71 1 14 1 611.299 655.808 0.756694
72 1 15 0 703.81 381.628 0.718343
73 1 16 0 745.945 324.744 0.17468
74 1 16 1 75.7364 364.848 0.907586
75 1 16 2 614.129 398.599 0.833594
76 1 17 0 717.893 596.753 0.183591
77 1 17 1 33.6913 634.77 0.419568
78 1 17 2 549.623 662.102 0.769764
79 1 18 0 36.5368 632.639 0.528769
80 1 18 1 647.77 645.27 0.353916
81 2 0 0 530.056 234.06 0.802786
82 2 0 1 712.323 368.997 0.653104
83 2 1 0 555.348 92.798 0.8878
84 2 1 1 745.98 225.554 0.768254
85 2 2 0 504.723 229.805 0.824272
86 2 2 1 712.295 364.829 0.572773
87 2 3 0 563.665 240.391 0.745025
88 2 3 1 712.311 375.361 0.721878
89 2 4 0 549.825 56.9464 0.938485
90 2 4 1 689.9 170.781 0.825062
91 2 5 0 510.388 78.0897 0.85337
92 2 5 1 729.263 210.949 0.667335
93 2 6 0 605.774 107.466 0.817528
94 2 6 1 751.712 234.104 0.828596
95 2 7 0 485.108 322.65 0.867331
96 2 7 1 703.75 478.591 0.652781
97 2 8 0 552.514 328.939 0.873355
98 2 8 1 684.273 480.817 0.772251
99 2 10 0 594.45 56.8338 0.858067
100 2 10 1 748.769 160.221 0.962215
101 2 11 0 462.792 105.434 0.880373
102 2 12 0 645.014 162.418 0.901885
103 2 12 1 751.652 343.613 0.863257
104 2 13 0 485.074 390.14 0.869731
105 2 13 1 687.042 550.38 0.751418
106 2 14 0 549.506 402.791 0.876663
107 2 14 1 681.529 592.561 0.773765
108 2 15 0 485.164 166.551 0.880125
109 2 16 0 597.301 210.828 0.929355
110 2 16 1 701.064 383.767 0.804209
111 2 17 0 549.523 436.542 0.843876
112 2 17 1 633.687 615.718 0.770714
113 2 18 0 459.828 417.574 0.825624
114 2 18 1 639.339 550.468 0.850603
115 3 1 0 457.068 225.653 0.391929
116 3 1 1 821.692 242.519 0.650769
117 3 2 0 813.236 611.521 0.167296
118 3 5 0 726.342 257.246 0.188396
119 3 5 1 936.642 261.521 0.592651
120 3 6 0 204.709 221.41 0.185215
121 3 6 1 692.7 219.311 0.396877
122 3 9 0 891.776 92.753 0.172786
123 3 10 0 771.245 82.2188 0.782184
124 3 11 0 953.511 476.567 0.779799
125 3 15 0 866.533 582.002 0.506953
126 4 0 0 591.589 286.788 0.732686
127 4 0 1 426.268 314.181 0.517749
128 4 1 0 437.319 109.682 0.67472
129 4 1 1 572.139 141.319 0.953428
130 4 2 0 555.302 288.863 0.702156
131 4 2 1 417.953 314.219 0.586002
132 4 3 0 616.943 284.694 0.757512
133 4 3 1 434.627 314.206 0.427382
134 4 4 0 501.926 46.3679 0.784727
135 4 4 1 614.019 90.5964 0.876509
136 4 5 0 420.662 109.605 0.813422
137 4 5 1 527.36 143.462 0.901789
138 4 6 0 448.699 109.706 0.595713
139 4 6 1 616.928 137.07 0.869187
140 4 7 0 569.285 396.525 0.8245
141 4 7 1 437.442 484.969 0.718702
142 4 8 0 639.215 394.249 0.836096
143 4 8 1 415.153 476.555 0.616093
144 4 9 0 451.481 46.3806 0.847006
145 4 9 1 566.405 78.1106 0.865295
146 4 11 0 392.676 179.256 0.938792
147 4 11 1 502.013 223.547 0.899747
148 4 12 0 625.341 210.933 0.847607
149 4 13 0 572.191 497.556 0.871552
150 4 13 1 415.092 641.082 0.752622
151 4 14 0 639.284 493.408 0.857939
152 4 14 1 414.997 598.934 0.669441
153 4 15 0 426.234 255.159 0.798946
154 4 15 1 535.625 280.505 0.859249
155 4 16 0 636.51 274.11 0.820309
156 4 17 0 684.179 512.459 0.926593
157 4 17 1 462.813 600.954 0.777764
158 4 18 0 597.328 520.871 0.837143
159 4 18 1 490.775 664.224 0.780658
P viewIdx, pafIdx, aOverAllIdx, bOverAllIdx, CandidAIdx, CandidBIdx, score
0 0 3 0 0 0 0
0 0 3 1 0 1 0.950531
0 0 3 2 0 2 0
0 0 4 0 1 0 0
0 0 4 1 1 1 0
0 0 4 2 1 2 0.992275
0 0 5 0 2 0 0.885063
0 0 5 1 2 1 0
0 0 5 2 2 2 0
0 1 6 20 0 0 0.909341
0 1 6 21 0 1 0
0 1 7 20 1 0 0
0 1 7 21 1 1 0.956954
0 2 20 35 0 0 0.94589
0 2 20 36 0 1 0
0 2 21 35 1 0 0
0 2 21 36 1 1 0.963124
0 3 0 6 0 0 0
0 3 0 7 0 1 0
0 3 1 6 1 0 0.796821
0 3 1 7 1 1 0
0 3 2 6 2 0 0
0 3 2 7 2 1 0.877974
0 4 0 8 0 0 0.927489
0 4 0 9 0 1 0
0 4 0 10 0 2 0
0 4 1 8 1 0 0
0 4 1 9 1 1 0.791057
0 4 1 10 1 2 0
0 4 2 8 2 0 0
0 4 2 9 2 1 0
0 4 2 10 2 2 0.875685
0 5 8 22 0 0 0.999194
0 5 8 23 0 1 0
0 5 8 24 0 2 0
0 5 9 22 1 0 0
0 5 9 23 1 1 0.958333
0 5 9 24 1 2 0
0 5 10 22 2 0 0
0 5 10 23 2 1 0
0 5 10 24 2 2 0.965606
0 6 22 37 0 0 0.954371
0 6 22 38 0 1 0
0 6 22 39 0 2 0
0 6 23 37 1 0 0
0 6 23 38 1 1 0.970294
0 6 23 39 1 2 0
0 6 24 37 2 0 0
0 6 24 38 2 1 0
0 6 24 39 2 2 0.963107
0 7 3 13 0 0 0.968394
0 7 3 14 0 1 0
0 7 3 15 0 2 0
0 7 4 13 1 0 0
0 7 4 14 1 1 0.995036
0 7 4 15 1 2 0
0 7 5 13 2 0 0
0 7 5 14 2 1 0
0 7 5 15 2 2 0.91525
0 8 13 29 0 0 0.88553
0 8 13 30 0 1 0
0 8 14 29 1 0 0
0 8 14 30 1 1 0.992855
0 8 15 29 2 0 0
0 8 15 30 2 1 0
0 9 29 40 0 0 0
0 9 30 40 1 0 0.961989
0 10 13 25 0 0 0
0 10 14 25 1 0 0.999977
0 10 15 25 2 0 0
0 11 3 16 0 0 0.968821
0 11 3 17 0 1 0
0 11 3 18 0 2 0
0 11 3 19 0 3 0
0 11 4 16 1 0 0
0 11 4 17 1 1 0.987996
0 11 4 18 1 2 0
0 11 4 19 1 3 0
0 11 5 16 2 0 0
0 11 5 17 2 1 0
0 11 5 18 2 2 0.959227
0 11 5 19 2 3 0
0 12 16 31 0 0 0.994197
0 12 16 32 0 1 0
0 12 16 33 0 2 0
0 12 16 34 0 3 0
0 12 17 31 1 0 0
0 12 17 32 1 1 0
0 12 17 33 1 2 0
0 12 17 34 1 3 0.970931
0 12 18 31 2 0 0
0 12 18 32 2 1 0.268999
0 12 18 33 2 2 0.257035
0 12 18 34 2 3 0
0 12 19 31 3 0 0
0 12 19 32 3 1 0.256861
0 12 19 33 3 2 0.26865
0 12 19 34 3 3 0
0 13 31 41 0 0 0
0 13 31 42 0 1 0.976037
0 13 31 43 0 2 0
0 13 32 41 1 0 0.480387
0 13 32 42 1 1 0
0 13 32 43 1 2 0
0 13 33 41 2 0 0.517246
0 13 33 42 2 1 0
0 13 33 43 2 2 0
0 13 34 41 3 0 0
0 13 34 42 3 1 0
0 13 34 43 3 2 0.976909
0 14 16 26 0 0 0
0 14 16 27 0 1 0.996424
0 14 16 28 0 2 0
0 14 17 26 1 0 0.979532
0 14 17 27 1 1 0
0 14 17 28 1 2 0
0 14 18 26 2 0 0
0 14 18 27 2 1 0
0 14 18 28 2 2 0.925525
0 14 19 26 3 0 0
0 14 19 27 3 1 0
0 14 19 28 3 2 0
0 15 3 11 0 0 0.988187
0 15 3 12 0 1 0
0 15 4 11 1 0 0
0 15 4 12 1 1 0
0 15 5 11 2 0 0
0 15 5 12 2 1 0.951635
0 16 37 44 0 0 0.875659
0 16 37 45 0 1 0
0 16 38 44 1 0 0
0 16 38 45 1 1 0.942315
0 16 39 44 2 0 0
0 16 39 45 2 1 0
0 17 35 46 0 0 0
0 17 35 47 0 1 0.722717
0 17 36 46 1 0 0
0 17 36 47 1 1 0
1 0 49 48 0 0 0.997638
1 1 50 58 0 0 0.969726
1 2 58 68 0 0 0.486951
1 2 58 69 0 1 0.513049
1 3 48 50 0 0 0.882631
1 4 48 51 0 0 0
1 4 48 52 0 1 0
1 4 48 53 0 2 0.907267
1 5 51 59 0 0 0.997621
1 5 51 60 0 1 0
1 5 51 61 0 2 0
1 5 52 59 1 0 0
1 5 52 60 1 1 0.897229
1 5 52 61 1 2 0
1 5 53 59 2 0 0
1 5 53 60 2 1 0
1 5 53 61 2 2 0.966713
1 6 59 70 0 0 0
1 6 59 71 0 1 0
1 6 60 70 1 0 0.898717
1 6 60 71 1 1 0
1 6 61 70 2 0 0
1 6 61 71 2 1 0.982815
1 7 49 56 0 0 0.994459
1 8 56 63 0 0 0.499811
1 8 56 64 0 1 0.500189
1 9 63 72 0 0 0.488279
1 9 64 72 1 0 0.511721
1 11 49 57 0 0 0.986009
1 12 57 65 0 0 0
1 12 57 66 0 1 0
1 12 57 67 0 2 0.979624
1 13 65 73 0 0 0.666314
1 13 65 74 0 1 0
1 13 65 75 0 2 0
1 13 66 73 1 0 0
1 13 66 74 1 1 0.997859
1 13 66 75 1 2 0
1 13 67 73 2 0 0
1 13 67 74 2 1 0
1 13 67 75 2 2 0.995597
1 14 57 62 0 0 0.965778
1 15 49 54 0 0 0
1 15 49 55 0 1 0.993314
1 16 70 76 0 0 0.74624
1 16 70 77 0 1 0
1 16 70 78 0 2 0
1 16 71 76 1 0 0
1 16 71 77 1 1 0
1 16 71 78 1 2 0.962742
1 17 68 79 0 0 0
1 17 68 80 0 1 0
1 17 69 79 1 0 0
1 17 69 80 1 1 0.858708
2 0 83 81 0 0 0.963263
2 0 83 82 0 1 0
2 0 84 81 1 0 0
2 0 84 82 1 1 0.964083
2 1 85 95 0 0 0.981207
2 1 85 96 0 1 0
2 1 86 95 1 0 0
2 1 86 96 1 1 0.926378
2 2 95 104 0 0 0.991013
2 2 95 105 0 1 0
2 2 96 104 1 0 0
2 2 96 105 1 1 0.939419
2 3 81 85 0 0 0.962551
2 3 81 86 0 1 0
2 3 82 85 1 0 0
2 3 82 86 1 1 0.78794
2 4 81 87 0 0 0.96658
2 4 81 88 0 1 0
2 4 82 87 1 0 0
2 4 82 88 1 1 0.792864
2 5 87 97 0 0 0.995692
2 5 87 98 0 1 0
2 5 88 97 1 0 0
2 5 88 98 1 1 0.963999
2 6 97 106 0 0 0.994744
2 6 97 107 0 1 0
2 6 98 106 1 0 0
2 6 98 107 1 1 0.98118
2 7 83 91 0 0 0.9972
2 7 83 92 0 1 0
2 7 84 91 1 0 0
2 7 84 92 1 1 0.948889
2 8 91 101 0 0 0.964567
2 8 92 101 1 0 0
2 9 101 108 0 0 0.99592
2 11 83 93 0 0 0.989664
2 11 83 94 0 1 0
2 11 84 93 1 0 0
2 11 84 94 1 1 0.956076
2 12 93 102 0 0 0.991893
2 12 93 103 0 1 0
2 12 94 102 1 0 0
2 12 94 103 1 1 0.990792
2 13 102 109 0 0 0.956744
2 13 102 110 0 1 0
2 13 103 109 1 0 0
2 13 103 110 1 1 0.976414
2 14 93 99 0 0 0.994823
2 14 93 100 0 1 0
2 14 94 99 1 0 0
2 14 94 100 1 1 0.992201
2 15 83 89 0 0 0.997393
2 15 83 90 0 1 0
2 15 84 89 1 0 0
2 15 84 90 1 1 0.990789
2 16 106 111 0 0 0.981762
2 16 106 112 0 1 0
2 16 107 111 1 0 0
2 16 107 112 1 1 0.958807
2 17 104 113 0 0 0.984813
2 17 104 114 0 1 0
2 17 105 113 1 0 0
2 17 105 114 1 1 0.914522
3 7 115 118 0 0 0.496621
3 7 115 119 0 1 0.276974
3 7 116 118 1 0 0
3 7 116 119 1 1 0.521244
3 8 118 124 0 0 0
3 8 119 124 1 0 0.966254
3 9 124 125 0 0 0.930875
3 10 118 122 0 0 0
3 10 119 122 1 0 0.75868
3 11 115 120 0 0 0.83699
3 11 115 121 0 1 0
3 11 116 120 1 0 0
3 11 116 121 1 1 0.950368
3 14 120 123 0 0 0
3 14 121 123 1 0 0.930584
4 0 128 126 0 0 0
4 0 128 127 0 1 0.898705
4 0 129 126 1 0 0.996386
4 0 129 127 1 1 0
4 1 130 140 0 0 0.980455
4 1 130 141 0 1 0
4 1 131 140 1 0 0
4 1 131 141 1 1 0.950194
4 2 140 149 0 0 0.996427
4 2 140 150 0 1 0
4 2 141 149 1 0 0
4 2 141 150 1 1 0.97494
4 3 126 130 0 0 0.938336
4 3 126 131 0 1 0
4 3 127 130 1 0 0
4 3 127 131 1 1 0.748425
4 4 126 132 0 0 0.925653
4 4 126 133 0 1 0
4 4 127 132 1 0 0
4 4 127 133 1 1 0.742596
4 5 132 142 0 0 0.997899
4 5 132 143 0 1 0
4 5 133 142 1 0 0
4 5 133 143 1 1 0.920238
4 6 142 151 0 0 0.999043
4 6 142 152 0 1 0
4 6 143 151 1 0 0
4 6 143 152 1 1 0.975871
4 7 128 136 0 0 0.926223
4 7 128 137 0 1 0
4 7 129 136 1 0 0
4 7 129 137 1 1 0.999556
4 8 136 146 0 0 0.966395
4 8 136 147 0 1 0
4 8 137 146 1 0 0
4 8 137 147 1 1 0.98078
4 9 146 153 0 0 0.993597
4 9 146 154 0 1 0
4 9 147 153 1 0 0
4 9 147 154 1 1 0.988907
4 10 136 144 0 0 0.972525
4 10 136 145 0 1 0
4 10 137 144 1 0 0
4 10 137 145 1 1 0.971864
4 11 128 138 0 0 0.913571
4 11 128 139 0 1 0
4 11 129 138 1 0 0
4 11 129 139 1 1 0.994604
4 12 138 148 0 0 0
4 12 139 148 1 0 0.990291
4 13 148 155 0 0 0.99553
4 15 128 134 0 0 0.916252
4 15 128 135 0 1 0
4 15 129 134 1 0 0
4 15 129 135 1 1 0.982879
4 16 151 156 0 0 0.982122
4 16 151 157 0 1 0
4 16 152 156 1 0 0
4 16 152 157 1 1 0.890746
4 17 149 158 0 0 0.979092
4 17 149 159 0 1 0
4 17 150 158 1 0 0
4 17 150 159 1 1 0.973941
E jointIdx viewA viewB aOverAllIdx bOverallIdx score
0 0 1 0 48 0.0782761
0 0 1 1 48 0.181712
0 0 1 2 48 0.740012
0 0 2 0 81 -1
0 0 2 0 82 -1
0 0 2 1 81 0.664546
0 0 2 1 82 -1
0 0 2 2 81 -1
0 0 2 2 82 0.872913
0 0 4 0 126 -1
0 0 4 0 127 -1
0 0 4 1 126 -1
0 0 4 1 127 0.761013
0 0 4 2 126 0.980845
0 0 4 2 127 -1
0 1 2 48 81 0.282502
0 1 2 48 82 0.702251
0 1 4 48 126 0.555105
0 1 4 48 127 -1
0 2 4 81 126 0.0510253
0 2 4 81 127 0.645667
0 2 4 82 126 0.875308
0 2 4 82 127 -1
1 0 1 3 49 0.380846
1 0 1 4 49 0.33631
1 0 1 5 49 0.282844
1 0 2 3 83 0.848052
1 0 2 3 84 -1
1 0 2 4 83 -1
1 0 2 4 84 0.918783
1 0 2 5 83 -1
1 0 2 5 84 -1
1 0 3 3 115 0.00737751
1 0 3 3 116 -1
1 0 3 4 115 0.231961
1 0 3 4 116 -1
1 0 3 5 115 0.760661
1 0 3 5 116 -1
1 0 4 3 128 0.941252
1 0 4 3 129 0.0357874
1 0 4 4 128 -1
1 0 4 4 129 0.607453
1 0 4 5 128 -1
1 0 4 5 129 0.355144
1 1 2 49 83 0.548857
1 1 2 49 84 0.451143
1 1 3 49 115 0.051025
1 1 3 49 116 0.0441551
1 1 4 49 128 0.511921
1 1 4 49 129 0.488079
1 2 3 83 115 -1
1 2 3 83 116 -1
1 2 3 84 115 -1
1 2 3 84 116 -1
1 2 4 83 128 0.851604
1 2 4 83 129 -1
1 2 4 84 128 -1
1 2 4 84 129 0.918523
1 3 4 115 128 -1
1 3 4 115 129 0.417558
1 3 4 116 128 -1
1 3 4 116 129 -1
2 0 1 6 50 0.207927
2 0 1 7 50 0.792073
2 0 2 6 85 0.624364
2 0 2 6 86 -1
2 0 2 7 85 -1
2 0 2 7 86 0.566544
2 0 3 6 117 -1
2 0 3 7 117 -1
2 0 4 6 130 -1
2 0 4 6 131 0.748653
2 0 4 7 130 0.981418
2 0 4 7 131 -1
2 1 2 50 85 0.73936
2 1 2 50 86 0.26064
2 1 3 50 117 -1
2 1 4 50 130 0.6356
2 1 4 50 131 0.319423
2 2 3 85 117 -1
2 2 3 86 117 -1
2 2 4 85 130 0.440415
2 2 4 85 131 0.41388
2 2 4 86 130 0.559585
2 2 4 86 131 -1
2 3 4 117 130 -1
2 3 4 117 131 -1
3 0 1 8 51 0.769935
3 0 1 8 52 0.123559
3 0 1 8 53 0.00143419
3 0 1 9 51 -1
3 0 1 9 52 0.380441
3 0 1 9 53 0.258626
3 0 1 10 51 -1
3 0 1 10 52 0.466964
3 0 1 10 53 0.739602
3 0 2 8 87 -1
3 0 2 8 88 -1
3 0 2 9 87 0.64957
3 0 2 9 88 -1
3 0 2 10 87 -1
3 0 2 10 88 0.882215
3 0 4 8 132 -1
3 0 4 8 133 -1
3 0 4 9 132 -1
3 0 4 9 133 0.771111
3 0 4 10 132 0.986545
3 0 4 10 133 -1
3 1 2 51 87 -1
3 1 2 51 88 -1
3 1 2 52 87 0.83182
3 1 2 52 88 -1
3 1 2 53 87 -1
3 1 2 53 88 0.961415
3 1 4 51 132 -1
3 1 4 51 133 -1
3 1 4 52 132 -1
3 1 4 52 133 0.980948
3 1 4 53 132 0.660514
3 1 4 53 133 -1
3 2 4 87 132 -1
3 2 4 87 133 0.915158
3 2 4 88 132 0.671871
3 2 4 88 133 -1
4 0 1 11 54 -1
4 0 1 11 55 0.67643
4 0 1 12 54 0.510191
4 0 1 12 55 0.32357
4 0 2 11 89 0.974019
4 0 2 11 90 -1
4 0 2 12 89 -1
4 0 2 12 90 -1
4 0 4 11 134 0.95871
4 0 4 11 135 -1
4 0 4 12 134 -1
4 0 4 12 135 -1
4 1 2 54 89 -1
4 1 2 54 90 -1
4 1 2 55 89 0.29458
4 1 2 55 90 0.70542
4 1 4 54 134 -1
4 1 4 54 135 -1
4 1 4 55 134 0.352148
4 1 4 55 135 0.647852
4 2 4 89 134 0.96284
4 2 4 89 135 -1
4 2 4 90 134 -1
4 2 4 90 135 0.981182
5 0 1 13 56 0.334131
5 0 1 14 56 0.356232
5 0 1 15 56 0.309637
5 0 2 13 91 0.850366
5 0 2 13 92 -1
5 0 2 14 91 -1
5 0 2 14 92 0.686342
5 0 2 15 91 -1
5 0 2 15 92 -1
5 0 3 13 118 -1
5 0 3 13 119 -1
5 0 3 14 118 -1
5 0 3 14 119 -1
5 0 3 15 118 0.547586
5 0 3 15 119 0.452414
5 0 4 13 136 0.935516
5 0 4 13 137 0.040877
5 0 4 14 136 -1
5 0 4 14 137 0.623319
5 0 4 15 136 -1
5 0 4 15 137 0.333846
5 1 2 56 91 0.487053
5 1 2 56 92 0.425068
5 1 3 56 118 -1
5 1 3 56 119 -1
5 1 4 56 136 0.394653
5 1 4 56 137 0.605347
5 2 3 91 118 -1
5 2 3 91 119 -1
5 2 3 92 118 -1
5 2 3 92 119 -1
5 2 4 91 136 0.871317
5 2 4 91 137 -1
5 2 4 92 136 -1
5 2 4 92 137 0.668962
5 3 4 118 136 -1
5 3 4 118 137 -1
5 3 4 119 136 -1
5 3 4 119 137 -1
6 0 1 16 57 0.299977
6 0 1 17 57 0.317525
6 0 1 18 57 0.216546
6 0 1 19 57 0.165952
6 0 2 16 93 0.840899
6 0 2 16 94 -1
6 0 2 17 93 -1
6 0 2 17 94 0.851277
6 0 2 18 93 -1
6 0 2 18 94 -1
6 0 2 19 93 -1
6 0 2 19 94 -1
6 0 3 16 120 -1
6 0 3 16 121 0.189214
6 0 3 17 120 0.184779
6 0 3 17 121 0.186364
6 0 3 18 120 0.538487
6 0 3 18 121 0.182006
6 0 3 19 120 0.418573
6 0 3 19 121 0.229296
6 0 4 16 138 0.925534
6 0 4 16 139 0.0373953
6 0 4 17 138 -1
6 0 4 17 139 0.488445
6 0 4 18 138 -1
6 0 4 18 139 0.281531
6 0 4 19 138 -1
6 0 4 19 139 0.191981
6 1 2 57 93 0.19851
6 1 2 57 94 0.80149
6 1 3 57 120 -1
6 1 3 57 121 0.322401
6 1 4 57 138 0.370495
6 1 4 57 139 0.629505
6 2 3 93 120 -1
6 2 3 93 121 -1
6 2 3 94 120 -1
6 2 3 94 121 -1
6 2 4 93 138 0.837964
6 2 4 93 139 -1
6 2 4 94 138 -1
6 2 4 94 139 0.796383
6 3 4 120 138 0.0560259
6 3 4 120 139 0.639352
6 3 4 121 138 -1
6 3 4 121 139 0.360648
7 0 1 20 58 -1
7 0 1 21 58 0.905602
7 0 2 20 95 0.8864
7 0 2 20 96 -1
7 0 2 21 95 -1
7 0 2 21 96 0.570224
7 0 4 20 140 -1
7 0 4 20 141 0.791743
7 0 4 21 140 0.780492
7 0 4 21 141 -1
7 1 2 58 95 0.0490378
7 1 2 58 96 0.487868
7 1 4 58 140 0.802608
7 1 4 58 141 0.0547248
7 2 4 95 140 0.354935
7 2 4 95 141 0.414919
7 2 4 96 140 0.411936
7 2 4 96 141 0.160084
8 0 1 22 59 0.957464
8 0 1 22 60 -1
8 0 1 22 61 -1
8 0 1 23 59 -1
8 0 1 23 60 0.865783
8 0 1 23 61 0.239603
8 0 1 24 59 -1
8 0 1 24 60 0.556188
8 0 1 24 61 0.881202
8 0 2 22 97 -1
8 0 2 22 98 0.738299
8 0 2 23 97 0.892237
8 0 2 23 98 -1
8 0 2 24 97 -1
8 0 2 24 98 0.660481
8 0 4 22 142 -1
8 0 4 22 143 -1
8 0 4 23 142 -1
8 0 4 23 143 0.922293
8 0 4 24 142 0.80474
8 0 4 24 143 -1
8 1 2 59 97 -1
8 1 2 59 98 -1
8 1 2 60 97 0.992393
8 1 2 60 98 -1
8 1 2 61 97 -1
8 1 2 61 98 0.735943
8 1 4 59 142 -1
8 1 4 59 143 -1
8 1 4 60 142 -1
8 1 4 60 143 0.931607
8 1 4 61 142 0.6834
8 1 4 61 143 -1
8 2 4 97 142 -1
8 2 4 97 143 0.920436
8 2 4 98 142 0.495286
8 2 4 98 143 -1
9 0 3 25 122 -1
9 0 4 25 144 -1
9 0 4 25 145 0.958124
9 3 4 122 144 0.518056
9 3 4 122 145 0.480785
10 0 1 26 62 0.541765
10 0 1 27 62 0.365348
10 0 1 28 62 0.0928864
10 0 2 26 99 -1
10 0 2 26 100 0.946424
10 0 2 27 99 0.983663
10 0 2 27 100 -1
10 0 2 28 99 -1
10 0 2 28 100 -1
10 0 3 26 123 -1
10 0 3 27 123 -1
10 0 3 28 123 -1
10 1 2 62 99 0.430523
10 1 2 62 100 0.569477
10 1 3 62 123 -1
10 2 3 99 123 -1
10 2 3 100 123 -1
11 0 1 29 63 0.579246
11 0 1 29 64 -1
11 0 1 30 63 0.184796
11 0 1 30 64 0.815204
11 0 2 29 101 0.93665
11 0 2 30 101 -1
11 0 3 29 124 -1
11 0 3 30 124 -1
11 0 4 29 146 0.462445
11 0 4 29 147 0.288118
11 0 4 30 146 0.223989
11 0 4 30 147 0.463915
11 1 2 63 101 -1
11 1 2 64 101 0.641731
11 1 3 63 124 -1
11 1 3 64 124 -1
11 1 4 63 146 0.554293
11 1 4 63 147 0.181084
11 1 4 64 146 -1
11 1 4 64 147 0.818916
11 2 3 101 124 -1
11 2 4 101 146 0.841247
11 2 4 101 147 -1
11 3 4 124 146 -1
11 3 4 124 147 -1
12 0 1 31 65 0.145518
12 0 1 31 66 0.270333
12 0 1 31 67 0.0425442
12 0 1 32 65 0.135723
12 0 1 32 66 0.235777
12 0 1 32 67 0.0883145
12 0 1 33 65 0.120854
12 0 1 33 66 0.249306
12 0 1 33 67 0.102895
12 0 1 34 65 0.1403
12 0 1 34 66 -0.625347
12 0 1 34 67 0.486379
12 0 2 31 102 0.958376
12 0 2 31 103 -1
12 0 2 32 102 -1
12 0 2 32 103 0.745498
12 0 2 33 102 -1
12 0 2 33 103 0.25104
12 0 2 34 102 -1
12 0 2 34 103 0.995887
12 0 4 31 148 0.24239
12 0 4 32 148 0.157194
12 0 4 33 148 0.201479
12 0 4 34 148 0.398937
12 1 2 65 102 0.966643
12 1 2 65 103 -1
12 1 2 66 102 -1
12 1 2 66 103 -1
12 1 2 67 102 -1
12 1 2 67 103 0.898743
12 1 4 65 148 -1
12 1 4 66 148 -1
12 1 4 67 148 0.956803
12 2 4 102 148 -1
12 2 4 103 148 0.892923
13 0 1 35 68 0.537649
13 0 1 35 69 -1
13 0 1 36 68 0.316103
13 0 1 36 69 0.607836
13 0 2 35 104 0.998658
13 0 2 35 105 -1
13 0 2 36 104 -1
13 0 2 36 105 0.720724
13 0 4 35 149 -1
13 0 4 35 150 0.941845
13 0 4 36 149 0.687065
13 0 4 36 150 -1
13 1 2 68 104 0.678869
13 1 2 68 105 -1
13 1 2 69 104 -1
13 1 2 69 105 0.791215
13 1 4 68 149 -1
13 1 4 68 150 0.492395
13 1 4 69 149 0.821467
13 1 4 69 150 -1
13 2 4 104 149 0.264138
13 2 4 104 150 0.31383
13 2 4 105 149 0.313855
13 2 4 105 150 0.258136
14 0 1 37 70 -1
14 0 1 37 71 -1
14 0 1 38 70 0.888446
14 0 1 38 71 -1
14 0 1 39 70 0.285511
14 0 1 39 71 0.714489
14 0 2 37 106 -1
14 0 2 37 107 0.708625
14 0 2 38 106 0.948066
14 0 2 38 107 -1
14 0 2 39 106 -1
14 0 2 39 107 0.920133
14 0 4 37 151 -1
14 0 4 37 152 -1
14 0 4 38 151 -1
14 0 4 38 152 0.753334
14 0 4 39 151 0.861722
14 0 4 39 152 -1
14 1 2 70 106 0.949842
14 1 2 70 107 -1
14 1 2 71 106 -1
14 1 2 71 107 0.924162
14 1 4 70 151 -1
14 1 4 70 152 0.814549
14 1 4 71 151 0.738033
14 1 4 71 152 -1
14 2 4 106 151 -1
14 2 4 106 152 0.855357
14 2 4 107 151 0.774289
14 2 4 107 152 -1
15 0 1 40 72 0.737946
15 0 2 40 108 -1
15 0 3 40 125 -1
15 0 4 40 153 0.457877
15 0 4 40 154 0.542123
15 1 2 72 108 -1
15 1 3 72 125 -1
15 1 4 72 153 -1
15 1 4 72 154 0.84116
15 2 3 108 125 -1
15 2 4 108 153 0.917673
15 2 4 108 154 -1
15 3 4 125 153 -1
15 3 4 125 154 -1
16 0 1 41 73 0.655236
16 0 1 41 74 0.960212
16 0 1 41 75 -1
16 0 1 42 73 0.322675
16 0 1 42 74 -1
16 0 1 42 75 -1
16 0 1 43 73 0.022089
16 0 1 43 74 -1
16 0 1 43 75 0.745798
16 0 2 41 109 -1
16 0 2 41 110 0.362582
16 0 2 42 109 0.825726
16 0 2 42 110 -1
16 0 2 43 109 -1
16 0 2 43 110 0.968049
16 0 4 41 155 -1
16 0 4 42 155 -1
16 0 4 43 155 0.924021
16 1 2 73 109 0.352822
16 1 2 73 110 -1
16 1 2 74 109 -1
16 1 2 74 110 -1
16 1 2 75 109 -1
16 1 2 75 110 0.867548
16 1 4 73 155 -1
16 1 4 74 155 -1
16 1 4 75 155 0.932277
16 2 4 109 155 -1
16 2 4 110 155 0.855815
17 0 1 44 76 -1
17 0 1 44 77 0.024543
17 0 1 44 78 -1
17 0 1 45 76 0.95952
17 0 1 45 77 -1
17 0 1 45 78 0.523231
17 0 2 44 111 -1
17 0 2 44 112 0.926784
17 0 2 45 111 0.889063
17 0 2 45 112 -1
17 0 4 44 156 -1
17 0 4 44 157 -1
17 0 4 45 156 -1
17 0 4 45 157 0.918912
17 1 2 76 111 0.616837
17 1 2 76 112 -1
17 1 2 77 111 -1
17 1 2 77 112 -1
17 1 2 78 111 -1
17 1 2 78 112 0.942598
17 1 4 76 156 -1
17 1 4 76 157 0.485734
17 1 4 77 156 -1
17 1 4 77 157 -1
17 1 4 78 156 0.875858
17 1 4 78 157 -1
17 2 4 111 156 -1
17 2 4 111 157 0.922302
17 2 4 112 156 0.741486
17 2 4 112 157 -1
18 0 1 46 79 0.932866
18 0 1 46 80 -1
18 0 1 47 79 -1
18 0 1 47 80 -1
18 0 2 46 113 -1
18 0 2 46 114 -1
18 0 2 47 113 0.839755
18 0 2 47 114 -1
18 0 4 46 158 -1
18 0 4 46 159 -1
18 0 4 47 158 -1
18 0 4 47 159 0.743697
18 1 2 79 113 -1
18 1 2 79 114 -1
18 1 2 80 113 -1
18 1 2 80 114 0.79301
18 1 4 79 158 -1
18 1 4 79 159 -1
18 1 4 80 158 0.65719
18 1 4 80 159 0.34281
18 2 4 113 158 0.284893
18 2 4 113 159 0.394188
18 2 4 114 158 0.386009
18 2 4 114 159 0.254047
end of Frame 112
