J OverallIdx viewIdx joint种类0-18(jointIdx) 该joint在图中的顺序(candidix) x y score
0 0 0 0 687.085 404.853 0.639181
1 0 0 1 241.156 415.442 0.637695
2 0 1 0 723.57 200.352 0.780949
3 0 1 1 238.443 206.667 0.82515
4 0 2 0 706.669 402.763 0.584618
5 0 2 1 272.021 417.544 0.603152
6 0 3 0 673.085 406.976 0.600697
7 0 3 1 213.224 413.345 0.621667
8 0 5 0 277.621 204.51 0.812356
9 0 5 1 740.37 204.557 0.688473
10 0 6 0 703.951 196.181 0.844937
11 0 6 1 210.3 208.732 0.81966
12 0 7 0 703.8 550.345 0.674719
13 0 7 1 283.333 584.089 0.590169
14 0 8 0 678.625 560.91 0.665759
15 0 8 1 235.42 567.225 0.636803
16 0 9 0 300.091 130.761 0.839658
17 0 10 0 238.443 128.631 0.292117
18 0 10 1 689.942 128.669 0.820435
19 0 11 0 762.782 286.75 0.484644
20 0 11 1 260.864 307.809 0.86762
21 0 12 0 703.948 286.745 0.863711
22 0 12 1 185.07 331.07 0.671705
23 0 13 0 712.374 695.845 0.611422
24 0 13 1 241.248 735.953 0.641205
25 0 14 0 216.022 723.303 0.443558
26 0 14 1 689.958 716.978 0.721989
27 0 15 0 726.257 328.925 0.185977
28 0 15 1 319.648 383.78 0.804015
29 0 16 0 644.976 345.753 0.849511
30 0 17 0 614.145 733.822 0.774942
31 0 18 0 661.736 681.134 0.252275
32 0 18 1 308.473 738.027 0.597445
33 1 0 0 689.925 379.622 0.777298
34 1 0 1 571.926 396.396 0.760787
35 1 1 0 555.297 236.183 0.846688
36 1 1 1 726.265 244.698 0.846817
37 1 2 0 681.338 379.575 0.770063
38 1 2 1 597.426 394.35 0.702321
39 1 3 0 19.5929 379.665 0.761387
40 1 3 1 706.759 379.67 0.832253
41 1 3 2 532.909 396.436 0.699111
42 1 4 0 687.122 191.888 0.89444
43 1 5 0 611.384 229.907 0.858532
44 1 5 1 706.792 244.681 0.813674
45 1 6 0 504.856 242.394 0.895799
46 1 6 1 734.799 244.709 0.867487
47 1 6 2 33.7846 284.704 0.842828
48 1 7 0 684.414 480.772 0.819404
49 1 7 1 614.172 522.96 0.771905
50 1 8 0 25.1711 453.348 0.742561
51 1 8 1 706.861 480.832 0.864057
52 1 8 2 549.518 531.371 0.813314
53 1 9 0 580.533 177.172 0.841446
54 1 10 0 527.28 179.342 0.906571
55 1 10 1 726.197 194.034 0.930422
56 1 10 2 33.5035 246.691 0.158681
57 1 11 0 650.655 311.995 0.910697
58 1 12 0 774.152 297.371 0.926164
59 1 12 1 53.1467 329.072 0.827813
60 1 12 2 499.079 333.138 0.817233
61 1 13 0 703.876 567.285 0.836068
62 1 13 1 622.547 660.049 0.769981
63 1 14 0 729.16 581.943 0.856378
64 1 14 1 555.298 657.881 0.768461
65 1 15 0 636.541 366.911 0.842068
66 1 16 0 723.524 333.152 0.870662
67 1 16 1 53.3645 377.384 0.82704
68 1 16 2 524.344 387.987 0.753987
69 1 17 0 692.702 601.031 0.77978
70 1 17 1 555.28 651.604 0.435077
71 1 18 0 661.862 582.002 0.951492
72 1 18 1 633.711 651.614 0.444934
73 2 0 0 513.212 227.647 0.776648
74 2 0 1 661.92 411.156 0.766849
75 2 1 0 532.896 82.2653 0.840202
76 2 1 1 673.049 248.89 0.791587
77 2 2 0 485.105 225.579 0.804264
78 2 2 1 687.076 402.764 0.706037
79 2 3 0 546.745 227.727 0.79424
80 2 3 1 639.342 413.344 0.752477
81 2 4 0 507.73 21.1101 0.874975
82 2 4 1 597.419 185.583 0.829339
83 2 5 0 487.996 75.9536 0.878243
84 2 5 1 709.444 229.796 0.877144
85 2 6 0 580.477 92.6614 0.84753
86 2 6 1 633.831 272.035 0.794331
87 2 7 0 485.242 318.382 0.829848
88 2 7 1 670.286 499.837 0.775675
89 2 8 0 546.755 324.685 0.801487
90 2 8 1 633.757 512.376 0.811793
91 2 10 0 552.552 25.3769 0.932873
92 2 10 1 639.264 191.85 0.900286
93 2 11 0 443.152 111.792 0.899703
94 2 11 1 751.522 312.037 0.958268
95 2 12 0 616.836 151.812 0.762405
96 2 12 1 617.045 381.627 0.886111
97 2 13 0 496.32 390.079 0.824119
98 2 13 1 684.373 598.855 0.867947
99 2 14 0 549.564 398.576 0.885315
100 2 14 1 628.166 603.1 0.790237
101 2 15 0 462.822 166.61 0.880849
102 2 15 1 687.05 341.546 0.68008
103 2 16 0 580.464 194.009 0.930038
104 2 16 1 586.081 411.119 0.737299
105 2 16 2 39.28 489.217 0.22679
106 2 17 0 546.767 434.407 0.726498
107 2 17 1 594.511 579.878 0.79736
108 2 18 0 462.827 417.512 0.758438
109 2 18 1 675.813 594.624 0.258534
110 3 0 0 597.36 347.999 0.676899
111 3 0 1 297.183 345.738 0.780119
112 3 1 0 272.035 194.031 0.900207
113 3 1 1 597.43 194.022 0.77463
114 3 2 0 258.13 345.859 0.81156
115 3 2 1 588.848 347.922 0.612655
116 3 3 0 325.403 341.639 0.786488
117 3 3 1 614.119 352.176 0.696781
118 3 4 0 258.014 124.384 0.95065
119 3 4 1 546.913 141.335 0.923707
120 3 5 0 588.859 191.92 0.672799
121 3 5 1 221.502 196.155 0.849746
122 3 6 0 322.376 191.896 0.874692
123 3 6 1 616.96 196.167 0.885083
124 3 7 0 269.196 463.953 0.799955
125 3 7 1 594.534 468.137 0.765526
126 3 8 0 328.053 459.712 0.830559
127 3 8 1 614.204 476.55 0.759285
128 3 9 0 235.713 130.774 0.396223
129 3 10 0 288.87 124.394 0.838392
130 3 10 1 594.621 132.847 0.898279
131 3 11 0 168.164 257.275 0.916213
132 3 12 0 361.72 242.499 0.902839
133 3 12 1 639.295 295.23 0.914542
134 3 13 0 274.827 562.944 0.800148
135 3 13 1 633.81 567.202 0.720248
136 3 14 0 333.673 550.329 0.835021
137 3 14 1 636.51 586.19 0.766838
138 3 15 0 216.036 297.427 0.894761
139 3 16 0 350.62 284.646 0.860669
140 3 16 1 594.532 358.478 0.810694
141 3 17 0 373.06 573.57 0.8245
142 3 17 1 572.128 603.091 0.768343
143 3 18 0 588.876 573.587 0.590714
144 3 18 1 280.589 594.681 0.829785
145 4 0 0 661.952 288.885 0.793804
146 4 0 1 437.457 326.86 0.519027
147 4 1 0 389.717 118.125 0.65803
148 4 1 1 684.153 139.199 0.930454
149 4 2 0 636.553 284.645 0.76443
150 4 2 1 429.025 331.09 0.564043
151 4 3 0 692.693 293.028 0.722084
152 4 3 1 454.331 322.633 0.393527
153 4 4 0 420.687 29.5407 0.655795
154 4 4 1 692.705 82.2374 0.851513
155 4 5 0 370.153 124.362 0.817718
156 4 5 1 636.542 132.826 0.851837
157 4 6 0 406.584 111.836 0.566953
158 4 6 1 729.187 141.331 0.904469
159 4 7 0 628.187 398.565 0.806016
160 4 7 1 426.21 499.726 0.618307
161 4 8 0 687.031 409.082 0.849684
162 4 8 1 429.086 480.787 0.266273
163 4 9 0 367.281 48.4846 0.842037
164 4 9 1 661.693 73.805 0.927243
165 4 10 0 720.709 76.0141 0.246952
166 4 11 0 602.982 198.186 0.849117
167 4 11 1 367.404 227.652 0.890356
168 4 12 0 743.163 219.28 0.812012
169 4 13 0 622.539 493.425 0.841132
170 4 13 1 412.095 647.286 0.758326
171 4 14 0 678.633 501.913 0.802665
172 4 14 1 415.059 598.84 0.466194
173 4 15 0 611.358 257.211 0.844151
174 4 15 1 417.886 280.492 0.871585
175 4 16 0 712.302 280.456 0.859588
176 4 17 0 661.7 533.499 0.865466
177 4 17 1 462.715 598.907 0.625225
178 4 18 0 602.979 518.796 0.804562
179 4 18 1 482.378 659.968 0.782925
P viewIdx, pafIdx, aOverAllIdx, bOverAllIdx, CandidAIdx, CandidBIdx, score
0 0 2 0 0 0 0.954348
0 0 2 1 0 1 0
0 0 3 0 1 0 0
0 0 3 1 1 1 0.985316
0 1 4 12 0 0 0.973077
0 1 4 13 0 1 0
0 1 5 12 1 0 0
0 1 5 13 1 1 0.958183
0 2 12 23 0 0 0.96695
0 2 12 24 0 1 0
0 2 13 23 1 0 0
0 2 13 24 1 1 0.930192
0 3 0 4 0 0 0.881023
0 3 0 5 0 1 0
0 3 1 4 1 0 0
0 3 1 5 1 1 0.907548
0 4 0 6 0 0 0.881631
0 4 0 7 0 1 0
0 4 1 6 1 0 0
0 4 1 7 1 1 0.911361
0 5 6 14 0 0 0.974854
0 5 6 15 0 1 0
0 5 7 14 1 0 0
0 5 7 15 1 1 0.962706
0 6 14 25 0 0 0
0 6 14 26 0 1 0.978388
0 6 15 25 1 0 0.95603
0 6 15 26 1 1 0
0 7 2 8 0 0 0
0 7 2 9 0 1 0.96532
0 7 3 8 1 0 0.9868
0 7 3 9 1 1 0
0 8 8 19 0 0 0
0 8 8 20 0 1 0.979638
0 8 9 19 1 0 0.90171
0 8 9 20 1 1 0
0 9 19 27 0 0 0.77307
0 9 19 28 0 1 0
0 9 20 27 1 0 0
0 9 20 28 1 1 0.999569
0 10 8 16 0 0 0.980916
0 10 9 16 1 0 0
0 11 2 10 0 0 0.972533
0 11 2 11 0 1 0
0 11 3 10 1 0 0
0 11 3 11 1 1 0.980365
0 12 10 21 0 0 0.990095
0 12 10 22 0 1 0
0 12 11 21 1 0 0
0 12 11 22 1 1 0.971543
0 13 21 29 0 0 0.965961
0 13 22 29 1 0 0
0 14 10 17 0 0 0
0 14 10 18 0 1 0.983051
0 14 11 17 1 0 0.77459
0 14 11 18 1 1 0
0 16 25 30 0 0 0
0 16 26 30 1 0 0.945971
0 17 23 31 0 0 0.694695
0 17 23 32 0 1 0
0 17 24 31 1 0 0
0 17 24 32 1 1 0.885518
1 0 35 33 0 0 0
1 0 35 34 0 1 0.984208
1 0 36 33 1 0 0.963753
1 0 36 34 1 1 0
1 1 37 48 0 0 0.9883
1 1 37 49 0 1 0
1 1 38 48 1 0 0
1 1 38 49 1 1 0.967382
1 2 48 61 0 0 0.987183
1 2 48 62 0 1 0
1 2 49 61 1 0 0
1 2 49 62 1 1 0.996216
1 3 33 37 0 0 0.961814
1 3 33 38 0 1 0
1 3 34 37 1 0 0
1 3 34 38 1 1 0.931029
1 4 33 39 0 0 0
1 4 33 40 0 1 0.968744
1 4 33 41 0 2 0
1 4 34 39 1 0 0
1 4 34 40 1 1 0
1 4 34 41 1 2 0.936498
1 5 39 50 0 0 0.973185
1 5 39 51 0 1 0
1 5 39 52 0 2 0
1 5 40 50 1 0 0
1 5 40 51 1 1 0.996212
1 5 40 52 1 2 0
1 5 41 50 2 0 0
1 5 41 51 2 1 0
1 5 41 52 2 2 0.971517
1 6 50 63 0 0 0
1 6 50 64 0 1 0
1 6 51 63 1 0 0.992925
1 6 51 64 1 1 0
1 6 52 63 2 0 0
1 6 52 64 2 1 0.995248
1 7 35 43 0 0 0.986886
1 7 35 44 0 1 0
1 7 36 43 1 0 0
1 7 36 44 1 1 0.981592
1 8 43 57 0 0 0.992808
1 8 44 57 1 0 0
1 9 57 65 0 0 0.989848
1 10 43 53 0 0 0.991127
1 10 44 53 1 0 0
1 11 35 45 0 0 0.984607
1 11 35 46 0 1 0
1 11 35 47 0 2 0
1 11 36 45 1 0 0
1 11 36 46 1 1 0.980855
1 11 36 47 1 2 0
1 12 45 58 0 0 0
1 12 45 59 0 1 0
1 12 45 60 0 2 0.989476
1 12 46 58 1 0 0.99405
1 12 46 59 1 1 0
1 12 46 60 1 2 0
1 12 47 58 2 0 0
1 12 47 59 2 1 0.998927
1 12 47 60 2 2 0
1 13 58 66 0 0 0.973665
1 13 58 67 0 1 0
1 13 58 68 0 2 0
1 13 59 66 1 0 0
1 13 59 67 1 1 0.979649
1 13 59 68 1 2 0
1 13 60 66 2 0 0
1 13 60 67 2 1 0
1 13 60 68 2 2 0.997517
1 14 45 54 0 0 0.979117
1 14 45 55 0 1 0
1 14 45 56 0 2 0
1 14 46 54 1 0 0
1 14 46 55 1 1 0.998526
1 14 46 56 1 2 0
1 14 47 54 2 0 0
1 14 47 55 2 1 0
1 14 47 56 2 2 0.750419
1 15 35 42 0 0 0
1 15 36 42 1 0 0.988641
1 16 63 69 0 0 0.945631
1 16 63 70 0 1 0
1 16 64 69 1 0 0
1 16 64 70 1 1 0.613759
1 17 61 71 0 0 0.981544
1 17 61 72 0 1 0
1 17 62 71 1 0 0
1 17 62 72 1 1 0.684255
2 0 75 73 0 0 0.970009
2 0 75 74 0 1 0
2 0 76 73 1 0 0
2 0 76 74 1 1 0.99394
2 1 77 87 0 0 0.999634
2 1 77 88 0 1 0
2 1 78 87 1 0 0
2 1 78 88 1 1 0.961744
2 2 87 97 0 0 0.997095
2 2 87 98 0 1 0
2 2 88 97 1 0 0
2 2 88 98 1 1 0.969263
2 3 73 77 0 0 0.980482
2 3 73 78 0 1 0
2 3 74 77 1 0 0
2 3 74 78 1 1 0.938757
2 4 73 79 0 0 0.978294
2 4 73 80 0 1 0
2 4 74 79 1 0 0
2 4 74 80 1 1 0.950043
2 5 79 89 0 0 0.999003
2 5 79 90 0 1 0
2 5 80 89 1 0 0
2 5 80 90 1 1 0.985636
2 6 89 99 0 0 0.998911
2 6 89 100 0 1 0
2 6 90 99 1 0 0
2 6 90 100 1 1 0.980244
2 7 75 83 0 0 0.990378
2 7 75 84 0 1 0
2 7 76 83 1 0 0
2 7 76 84 1 1 0.960302
2 8 83 93 0 0 0.936321
2 8 83 94 0 1 0
2 8 84 93 1 0 0
2 8 84 94 1 1 0.998179
2 9 93 101 0 0 0.99944
2 9 93 102 0 1 0
2 9 94 101 1 0 0
2 9 94 102 1 1 0.965224
2 11 75 85 0 0 0.998715
2 11 75 86 0 1 0
2 11 76 85 1 0 0
2 11 76 86 1 1 0.955832
2 12 85 95 0 0 0.995358
2 12 85 96 0 1 0
2 12 86 95 1 0 0
2 12 86 96 1 1 0.976144
2 13 95 103 0 0 0.959448
2 13 95 104 0 1 0
2 13 95 105 0 2 0
2 13 96 103 1 0 0
2 13 96 104 1 1 0.967887
2 13 96 105 1 2 0
2 14 85 91 0 0 0.997076
2 14 85 92 0 1 0
2 14 86 91 1 0 0
2 14 86 92 1 1 0.990303
2 15 75 81 0 0 0.987458
2 15 75 82 0 1 0
2 15 76 81 1 0 0
2 15 76 82 1 1 0.999552
2 16 99 106 0 0 0.960792
2 16 99 107 0 1 0
2 16 100 106 1 0 0
2 16 100 107 1 1 0.983496
2 17 97 108 0 0 0.957957
2 17 97 109 0 1 0
2 17 98 108 1 0 0
2 17 98 109 1 1 0.79268
3 0 112 110 0 0 0
3 0 112 111 0 1 0.997025
3 0 113 110 1 0 0.936844
3 0 113 111 1 1 0
3 1 114 124 0 0 0.988502
3 1 114 125 0 1 0
3 1 115 124 1 0 0
3 1 115 125 1 1 0.964497
3 2 124 134 0 0 0.986915
3 2 124 135 0 1 0
3 2 125 134 1 0 0
3 2 125 135 1 1 0.987457
3 3 110 114 0 0 0
3 3 110 115 0 1 0.895931
3 3 111 114 1 0 0.959653
3 3 111 115 1 1 0
3 4 110 116 0 0 0
3 4 110 117 0 1 0.902784
3 4 111 116 1 0 0.956307
3 4 111 117 1 1 0
3 5 116 126 0 0 0.998455
3 5 116 127 0 1 0
3 5 117 126 1 0 0
3 5 117 127 1 1 0.984106
3 6 126 136 0 0 0.992072
3 6 126 137 0 1 0
3 6 127 136 1 0 0
3 6 127 137 1 1 0.991791
3 7 112 120 0 0 0
3 7 112 121 0 1 0.993568
3 7 113 120 1 0 0.947154
3 7 113 121 1 1 0
3 8 120 131 0 0 0
3 8 121 131 1 0 0.983048
3 9 131 138 0 0 0.985811
3 10 120 128 0 0 0
3 10 121 128 1 0 0.842178
3 11 112 122 0 0 0.999775
3 11 112 123 0 1 0
3 11 113 122 1 0 0
3 11 113 123 1 1 0.961809
3 12 122 132 0 0 0.985704
3 12 122 133 0 1 0
3 12 123 132 1 0 0
3 12 123 133 1 1 0.994533
3 13 132 139 0 0 0.98856
3 13 132 140 0 1 0
3 13 133 139 1 0 0
3 13 133 140 1 1 0.979173
3 14 122 129 0 0 0.998176
3 14 122 130 0 1 0
3 14 123 129 1 0 0
3 14 123 130 1 1 0.998965
3 15 112 118 0 0 0.991364
3 15 112 119 0 1 0
3 15 113 118 1 0 0
3 15 113 119 1 1 0.990747
3 16 136 141 0 0 0.98255
3 16 136 142 0 1 0
3 16 137 141 1 0 0
3 16 137 142 1 1 0.970743
3 17 134 143 0 0 0
3 17 134 144 0 1 0.980819
3 17 135 143 1 0 0.92088
3 17 135 144 1 1 0
4 0 147 145 0 0 0
4 0 147 146 0 1 0.927353
4 0 148 145 1 0 0.984393
4 0 148 146 1 1 0
4 1 149 159 0 0 0.978692
4 1 149 160 0 1 0
4 1 150 159 1 0 0
4 1 150 160 1 1 0.937155
4 2 159 169 0 0 0.99677
4 2 159 170 0 1 0
4 2 160 169 1 0 0
4 2 160 170 1 1 0.983011
4 3 145 149 0 0 0.946621
4 3 145 150 0 1 0
4 3 146 149 1 0 0
4 3 146 150 1 1 0.829556
4 4 145 151 0 0 0.956158
4 4 145 152 0 1 0
4 4 146 151 1 0 0
4 4 146 152 1 1 0.818297
4 5 151 161 0 0 0.996501
4 5 151 162 0 1 0
4 5 152 161 1 0 0
4 5 152 162 1 1 0.826061
4 6 161 171 0 0 0.994064
4 6 161 172 0 1 0
4 6 162 171 1 0 0
4 6 162 172 1 1 0.837975
4 7 147 155 0 0 0.919873
4 7 147 156 0 1 0
4 7 148 155 1 0 0
4 7 148 156 1 1 0.996775
4 8 155 166 0 0 0
4 8 155 167 0 1 0.988976
4 8 156 166 1 0 0.971153
4 8 156 167 1 1 0
4 9 166 173 0 0 0.998279
4 9 166 174 0 1 0
4 9 167 173 1 0 0
4 9 167 174 1 1 0.99357
4 10 155 163 0 0 0.995511
4 10 155 164 0 1 0
4 10 156 163 1 0 0
4 10 156 164 1 1 0.989044
4 11 147 157 0 0 0.902635
4 11 147 158 0 1 0
4 11 148 157 1 0 0
4 11 148 158 1 1 0.996722
4 12 157 168 0 0 0
4 12 158 168 1 0 0.998596
4 13 168 175 0 0 0.972691
4 14 157 165 0 0 0
4 14 158 165 1 0 0.739996
4 15 147 153 0 0 0.851716
4 15 147 154 0 1 0
4 15 148 153 1 0 0
4 15 148 154 1 1 0.999183
4 16 171 176 0 0 0.977727
4 16 171 177 0 1 0
4 16 172 176 1 0 0
4 16 172 177 1 1 0.871449
4 17 169 178 0 0 0.961602
4 17 169 179 0 1 0
4 17 170 178 1 0 0
4 17 170 179 1 1 0.990353
E jointIdx viewA viewB aOverAllIdx bOverallIdx score
0 0 1 0 33 0.282183
0 0 1 0 34 0.261019
0 0 1 1 33 0.262303
0 0 1 1 34 0.282608
0 0 2 0 73 0.913546
0 0 2 0 74 -1
0 0 2 1 73 -1
0 0 2 1 74 0.780506
0 0 3 0 110 -1
0 0 3 0 111 0.867331
0 0 3 1 110 0.719044
0 0 3 1 111 -1
0 0 4 0 145 -1
0 0 4 0 146 0.608154
0 0 4 1 145 0.737073
0 0 4 1 146 -1
0 1 2 33 73 0.93836
0 1 2 33 74 -1
0 1 2 34 73 -1
0 1 2 34 74 0.795833
0 1 3 33 110 0.184557
0 1 3 33 111 0.769101
0 1 3 34 110 0.768979
0 1 3 34 111 0.0372713
0 1 4 33 145 -1
0 1 4 33 146 0.864961
0 1 4 34 145 0.94665
0 1 4 34 146 -1
0 2 3 73 110 -1
0 2 3 73 111 0.827378
0 2 3 74 110 0.506482
0 2 3 74 111 -1
0 2 4 73 145 -1
0 2 4 73 146 0.93355
0 2 4 74 145 0.92179
0 2 4 74 146 -1
0 3 4 110 145 0.375119
0 3 4 110 146 0.290164
0 3 4 111 145 0.301467
0 3 4 111 146 0.371704
1 0 1 2 35 0.263187
1 0 1 2 36 0.273022
1 0 1 3 35 0.273061
1 0 1 3 36 0.262965
1 0 2 2 75 0.756332
1 0 2 2 76 -1
1 0 2 3 75 -1
1 0 2 3 76 0.961072
1 0 3 2 112 0.367723
1 0 3 2 113 0.303815
1 0 3 3 112 0.292179
1 0 3 3 113 0.360445
1 0 4 2 147 0.937071
1 0 4 2 148 -1
1 0 4 3 147 -1
1 0 4 3 148 0.821883
1 1 2 35 75 -1
1 1 2 35 76 0.870243
1 1 2 36 75 0.768432
1 1 2 36 76 -1
1 1 3 35 112 0.279816
1 1 3 35 113 0.315109
1 1 3 36 112 0.319034
1 1 3 36 113 0.284368
1 1 4 35 147 -1
1 1 4 35 148 0.895705
1 1 4 36 147 0.837063
1 1 4 36 148 0.104295
1 2 3 75 112 0.864242
1 2 3 75 113 -1
1 2 3 76 112 -1
1 2 3 76 113 0.920748
1 2 4 75 147 0.812872
1 2 4 75 148 -1
1 2 4 76 147 -1
1 2 4 76 148 0.736374
1 3 4 112 147 0.467954
1 3 4 112 148 0.321679
1 3 4 113 147 0.217326
1 3 4 113 148 0.47321
2 0 1 4 37 0.298385
2 0 1 4 38 0.252873
2 0 1 5 37 0.255461
2 0 1 5 38 0.298686
2 0 2 4 77 0.741389
2 0 2 4 78 -1
2 0 2 5 77 -1
2 0 2 5 78 0.562705
2 0 3 4 114 0.982612
2 0 3 4 115 -1
2 0 3 5 114 -1
2 0 3 5 115 0.886678
2 0 4 4 149 -1
2 0 4 4 150 0.523017
2 0 4 5 149 0.855914
2 0 4 5 150 -1
2 1 2 37 77 0.927281
2 1 2 37 78 -1
2 1 2 38 77 -1
2 1 2 38 78 0.798835
2 1 3 37 114 0.729604
2 1 3 37 115 0.202871
2 1 3 38 114 0.100131
2 1 3 38 115 0.69028
2 1 4 37 149 -1
2 1 4 37 150 0.738239
2 1 4 38 149 0.994236
2 1 4 38 150 -1
2 2 3 77 114 0.903988
2 2 3 77 115 -1
2 2 3 78 114 -1
2 2 3 78 115 0.441045
2 2 4 77 149 -1
2 2 4 77 150 0.672535
2 2 4 78 149 0.866647
2 2 4 78 150 -1
2 3 4 114 149 0.261183
2 3 4 114 150 0.444304
2 3 4 115 149 0.426351
2 3 4 115 150 0.250384
3 0 1 6 39 -1
3 0 1 6 40 0.497215
3 0 1 6 41 0.506013
3 0 1 7 39 -1
3 0 1 7 40 0.502785
3 0 1 7 41 0.493987
3 0 2 6 79 0.922244
3 0 2 6 80 -1
3 0 2 7 79 -1
3 0 2 7 80 0.905036
3 0 3 6 116 0.878268
3 0 3 6 117 -1
3 0 3 7 116 -1
3 0 3 7 117 0.747033
3 0 4 6 151 -1
3 0 4 6 152 0.504209
3 0 4 7 151 0.659317
3 0 4 7 152 -1
3 1 2 39 79 -1
3 1 2 39 80 -1
3 1 2 40 79 0.823536
3 1 2 40 80 -1
3 1 2 41 79 -1
3 1 2 41 80 0.911583
3 1 3 39 116 -1
3 1 3 39 117 -1
3 1 3 40 116 0.93672
3 1 3 40 117 0.06328
3 1 3 41 116 -1
3 1 3 41 117 0.863008
3 1 4 39 151 -1
3 1 4 39 152 -1
3 1 4 40 151 -1
3 1 4 40 152 0.827617
3 1 4 41 151 0.916605
3 1 4 41 152 -1
3 2 3 79 116 0.749162
3 2 3 79 117 -1
3 2 3 80 116 -1
3 2 3 80 117 0.858932
3 2 4 79 151 -1
3 2 4 79 152 0.622804
3 2 4 80 151 0.812327
3 2 4 80 152 -1
3 3 4 116 151 0.304296
3 3 4 116 152 0.304728
3 3 4 117 151 0.304827
3 3 4 117 152 0.304212
4 1 2 42 81 0.986951
4 1 2 42 82 -1
4 1 3 42 118 0.505116
4 1 3 42 119 0.494884
4 1 4 42 153 0.968063
4 1 4 42 154 -1
4 2 3 81 118 0.852085
4 2 3 81 119 -1
4 2 3 82 118 -1
4 2 3 82 119 0.929593
4 2 4 81 153 0.902797
4 2 4 81 154 -1
4 2 4 82 153 -1
4 2 4 82 154 0.88049
4 3 4 118 153 0.678191
4 3 4 118 154 0.233583
4 3 4 119 153 -1
4 3 4 119 154 0.721123
5 0 1 8 43 0.347123
5 0 1 8 44 0.266245
5 0 1 9 43 0.251023
5 0 1 9 44 0.343207
5 0 2 8 83 -1
5 0 2 8 84 0.930809
5 0 2 9 83 0.665406
5 0 2 9 84 -1
5 0 3 8 120 0.397422
5 0 3 8 121 0.276171
5 0 3 9 120 0.297205
5 0 3 9 121 0.415915
5 0 4 8 155 -1
5 0 4 8 156 0.960378
5 0 4 9 155 0.928638
5 0 4 9 156 0.0396224
5 1 2 43 83 0.263233
5 1 2 43 84 0.628092
5 1 2 44 83 0.642937
5 1 2 44 84 0.154419
5 1 3 43 120 0.409885
5 1 3 43 121 0.278433
5 1 3 44 120 0.319181
5 1 3 44 121 0.423092
5 1 4 43 155 -1
5 1 4 43 156 0.776421
5 1 4 44 155 0.766773
5 1 4 44 156 0.183411
5 2 3 83 120 -1
5 2 3 83 121 0.927238
5 2 3 84 120 0.952709
5 2 3 84 121 -1
5 2 4 83 155 0.735738
5 2 4 83 156 -1
5 2 4 84 155 -1
5 2 4 84 156 0.843877
5 3 4 120 155 0.259492
5 3 4 120 156 0.362749
5 3 4 121 155 0.375184
5 3 4 121 156 0.288502
6 0 1 10 45 0.448982
6 0 1 10 46 0.488884
6 0 1 10 47 -1
6 0 1 11 45 0.551018
6 0 1 11 46 0.511116
6 0 1 11 47 -1
6 0 2 10 85 0.77741
6 0 2 10 86 -1
6 0 2 11 85 -1
6 0 2 11 86 0.899448
6 0 3 10 122 0.331519
6 0 3 10 123 0.300108
6 0 3 11 122 0.294869
6 0 3 11 123 0.328787
6 0 4 10 157 0.981952
6 0 4 10 158 -1
6 0 4 11 157 -1
6 0 4 11 158 0.744185
6 1 2 45 85 -1
6 1 2 45 86 0.85637
6 1 2 46 85 0.998595
6 1 2 46 86 -1
6 1 2 47 85 -1
6 1 2 47 86 -1
6 1 3 45 122 0.51586
6 1 3 45 123 0.48414
6 1 3 46 122 0.486601
6 1 3 46 123 0.513399
6 1 3 47 122 -1
6 1 3 47 123 -1
6 1 4 45 157 -1
6 1 4 45 158 0.984418
6 1 4 46 157 0.644106
6 1 4 46 158 -1
6 1 4 47 157 -1
6 1 4 47 158 -1
6 2 3 85 122 0.875832
6 2 3 85 123 -1
6 2 3 86 122 -1
6 2 3 86 123 0.960213
6 2 4 85 157 0.791539
6 2 4 85 158 -1
6 2 4 86 157 -1
6 2 4 86 158 0.809918
6 3 4 122 157 0.456051
6 3 4 122 158 0.357219
6 3 4 123 157 0.0238216
6 3 4 123 158 0.555212
7 0 1 12 48 0.590786
7 0 1 12 49 0.0732919
7 0 1 13 48 0.263762
7 0 1 13 49 0.586262
7 0 2 12 87 0.826019
7 0 2 12 88 -1
7 0 2 13 87 -1
7 0 2 13 88 0.509404
7 0 3 12 124 0.908853
7 0 3 12 125 -1
7 0 3 13 124 -1
7 0 3 13 125 0.944994
7 0 4 12 159 -1
7 0 4 12 160 0.741108
7 0 4 13 159 0.787033
7 0 4 13 160 -1
7 1 2 48 87 0.982417
7 1 2 48 88 -1
7 1 2 49 87 -1
7 1 2 49 88 0.656266
7 1 3 48 124 0.924487
7 1 3 48 125 -1
7 1 3 49 124 -1
7 1 3 49 125 0.854161
7 1 4 48 159 -1
7 1 4 48 160 0.87868
7 1 4 49 159 0.840614
7 1 4 49 160 -1
7 2 3 87 124 0.97333
7 2 3 87 125 -1
7 2 3 88 124 -1
7 2 3 88 125 0.643509
7 2 4 87 159 0.120367
7 2 4 87 160 0.86065
7 2 4 88 159 0.879439
7 2 4 88 160 -1
7 3 4 124 159 0.0703549
7 3 4 124 160 0.928327
7 3 4 125 159 0.924872
7 3 4 125 160 -1
8 0 1 14 50 -1
8 0 1 14 51 0.49606
8 0 1 14 52 0.380368
8 0 1 15 50 -1
8 0 1 15 51 0.50394
8 0 1 15 52 0.619632
8 0 2 14 89 0.929521
8 0 2 14 90 -1
8 0 2 15 89 -1
8 0 2 15 90 0.840453
8 0 3 14 126 0.705191
8 0 3 14 127 -1
8 0 3 15 126 -1
8 0 3 15 127 0.964509
8 0 4 14 161 -1
8 0 4 14 162 0.872603
8 0 4 15 161 0.592292
8 0 4 15 162 -1
8 1 2 50 89 -1
8 1 2 50 90 -1
8 1 2 51 89 0.86269
8 1 2 51 90 -1
8 1 2 52 89 -1
8 1 2 52 90 0.847194
8 1 3 50 126 -1
8 1 3 50 127 -1
8 1 3 51 126 0.752748
8 1 3 51 127 -1
8 1 3 52 126 -1
8 1 3 52 127 0.807865
8 1 4 50 161 -1
8 1 4 50 162 -1
8 1 4 51 161 -1
8 1 4 51 162 0.852334
8 1 4 52 161 0.835117
8 1 4 52 162 -1
8 2 3 89 126 0.792396
8 2 3 89 127 -1
8 2 3 90 126 -1
8 2 3 90 127 0.938553
8 2 4 89 161 -1
8 2 4 89 162 0.664381
8 2 4 90 161 0.63865
8 2 4 90 162 -1
8 3 4 126 161 0.309144
8 3 4 126 162 0.535087
8 3 4 127 161 0.465306
8 3 4 127 162 0.0745139
9 0 1 16 53 0.96953
9 0 3 16 128 -1
9 0 4 16 163 -1
9 0 4 16 164 0.940942
9 1 3 53 128 0.229821
9 1 4 53 163 -1
9 1 4 53 164 0.88187
9 3 4 128 163 0.617335
9 3 4 128 164 0.382665
10 0 1 17 54 0.470544
10 0 1 17 55 0.474155
10 0 1 17 56 -1
10 0 1 18 54 0.529456
10 0 1 18 55 0.525845
10 0 1 18 56 -1
10 0 2 17 91 -1
10 0 2 17 92 0.871337
10 0 2 18 91 0.903714
10 0 2 18 92 -1
10 0 3 17 129 -1
10 0 3 17 130 0.801985
10 0 3 18 129 0.93042
10 0 3 18 130 -1
10 0 4 17 165 0.767796
10 0 4 18 165 -1
10 1 2 54 91 -1
10 1 2 54 92 0.957711
10 1 2 55 91 0.951873
10 1 2 55 92 -1
10 1 2 56 91 -1
10 1 2 56 92 -1
10 1 3 54 129 0.208395
10 1 3 54 130 0.433587
10 1 3 55 129 0.410581
10 1 3 55 130 0.225204
10 1 3 56 129 0.106183
10 1 3 56 130 0.0499729
10 1 4 54 165 0.734645
10 1 4 55 165 -1
10 1 4 56 165 -1
10 2 3 91 129 0.942086
10 2 3 91 130 -1
10 2 3 92 129 -1
10 2 3 92 130 0.9862
10 2 4 91 165 -1
10 2 4 92 165 0.829354
10 3 4 129 165 0.346868
10 3 4 130 165 0.653132
11 0 1 19 57 0.418293
11 0 1 20 57 0.581707
11 0 2 19 93 0.976593
11 0 2 19 94 -1
11 0 2 20 93 -1
11 0 2 20 94 0.917366
11 0 3 19 131 0.943809
11 0 3 20 131 -1
11 0 4 19 166 -1
11 0 4 19 167 0.924548
11 0 4 20 166 0.940407
11 0 4 20 167 -1
11 1 2 57 93 0.109437
11 1 2 57 94 0.890563
11 1 3 57 131 0.618523
11 1 4 57 166 0.645995
11 1 4 57 167 0.354005
11 2 3 93 131 0.844806
11 2 3 94 131 -1
11 2 4 93 166 -1
11 2 4 93 167 0.936926
11 2 4 94 166 0.899279
11 2 4 94 167 -1
11 3 4 131 166 0.463029
11 3 4 131 167 0.536971
12 0 1 21 58 0.622578
12 0 1 21 59 -1
12 0 1 21 60 -1
12 0 1 22 58 0.190844
12 0 1 22 59 0.220746
12 0 1 22 60 0.482321
12 0 2 21 95 0.941472
12 0 2 21 96 -1
12 0 2 22 95 -1
12 0 2 22 96 0.957229
12 0 3 21 132 0.989324
12 0 3 21 133 -1
12 0 3 22 132 -1
12 0 3 22 133 0.984128
12 0 4 21 168 0.23281
12 0 4 22 168 0.76719
12 1 2 58 95 0.854344
12 1 2 58 96 -1
12 1 2 59 95 -1
12 1 2 59 96 -1
12 1 2 60 95 -1
12 1 2 60 96 0.851028
12 1 3 58 132 0.990035
12 1 3 58 133 -1
12 1 3 59 132 -1
12 1 3 59 133 -1
12 1 3 60 132 -1
12 1 3 60 133 0.953351
12 1 4 58 168 -1
12 1 4 59 168 -1
12 1 4 60 168 0.729554
12 2 3 95 132 0.932475
12 2 3 95 133 -1
12 2 3 96 132 -1
12 2 3 96 133 0.945079
12 2 4 95 168 -1
12 2 4 96 168 0.920431
12 3 4 132 168 0.186252
12 3 4 133 168 0.813748
13 0 1 23 61 0.680593
13 0 1 23 62 -1
13 0 1 24 61 0.319407
13 0 1 24 62 0.322779
13 0 2 23 97 0.947721
13 0 2 23 98 -1
13 0 2 24 97 -1
13 0 2 24 98 0.395136
13 0 3 23 134 0.922526
13 0 3 23 135 -1
13 0 3 24 134 -1
13 0 3 24 135 0.816279
13 0 4 23 169 -1
13 0 4 23 170 0.868078
13 0 4 24 169 0.327739
13 0 4 24 170 -1
13 1 2 61 97 0.854918
13 1 2 61 98 -1
13 1 2 62 97 -1
13 1 2 62 98 0.714131
13 1 3 61 134 0.852694
13 1 3 61 135 -1
13 1 3 62 134 -1
13 1 3 62 135 0.955638
13 1 4 61 169 -1
13 1 4 61 170 0.718433
13 1 4 62 169 0.935788
13 1 4 62 170 -1
13 2 3 97 134 0.977107
13 2 3 97 135 -1
13 2 3 98 134 -1
13 2 3 98 135 0.747934
13 2 4 97 169 0.0889339
13 2 4 97 170 0.816066
13 2 4 98 169 0.844946
13 2 4 98 170 -1
13 3 4 134 169 -1
13 3 4 134 170 0.807263
13 3 4 135 169 0.941786
13 3 4 135 170 -1
14 0 1 25 63 0.341303
14 0 1 25 64 0.365861
14 0 1 26 63 0.464017
14 0 1 26 64 0.137859
14 0 2 25 99 -1
14 0 2 25 100 0.993107
14 0 2 26 99 0.903037
14 0 2 26 100 -1
14 0 3 25 136 -1
14 0 3 25 137 0.904373
14 0 3 26 136 0.982486
14 0 3 26 137 -1
14 0 4 25 171 0.592076
14 0 4 25 172 -1
14 0 4 26 171 -1
14 0 4 26 172 0.797444
14 1 2 63 99 0.897951
14 1 2 63 100 -1
14 1 2 64 99 -1
14 1 2 64 100 0.863352
14 1 3 63 136 0.928064
14 1 3 63 137 -1
14 1 3 64 136 -1
14 1 3 64 137 0.889781
14 1 4 63 171 -1
14 1 4 63 172 0.844
14 1 4 64 171 0.913808
14 1 4 64 172 -1
14 2 3 99 136 0.885135
14 2 3 99 137 -1
14 2 3 100 136 -1
14 2 3 100 137 0.852957
14 2 4 99 171 -1
14 2 4 99 172 0.756684
14 2 4 100 171 0.883432
14 2 4 100 172 -1
14 3 4 136 171 0.265685
14 3 4 136 172 0.631541
14 3 4 137 171 0.584651
14 3 4 137 172 -1
15 0 1 27 65 -1
15 0 1 28 65 0.969133
15 0 2 27 101 0.726539
15 0 2 27 102 -1
15 0 2 28 101 -1
15 0 2 28 102 0.951648
15 0 3 27 138 0.814852
15 0 3 28 138 -1
15 0 4 27 173 -1
15 0 4 27 174 0.871556
15 0 4 28 173 0.975903
15 0 4 28 174 -1
15 1 2 65 101 -1
15 1 2 65 102 0.970005
15 1 3 65 138 -1
15 1 4 65 173 0.863352
15 1 4 65 174 -1
15 2 3 101 138 0.964843
15 2 3 102 138 -1
15 2 4 101 173 -1
15 2 4 101 174 0.979588
15 2 4 102 173 0.8979
15 2 4 102 174 -1
15 3 4 138 173 0.504482
15 3 4 138 174 0.495518
16 0 1 29 66 0.875617
16 0 1 29 67 0.733235
16 0 1 29 68 -1
16 0 2 29 103 0.823755
16 0 2 29 104 -1
16 0 2 29 105 -1
16 0 3 29 139 0.862981
16 0 3 29 140 -1
16 0 4 29 175 -1
16 1 2 66 103 0.981084
16 1 2 66 104 -1
16 1 2 66 105 -1
16 1 2 67 103 -1
16 1 2 67 104 -1
16 1 2 67 105 -1
16 1 2 68 103 -1
16 1 2 68 104 0.672281
16 1 2 68 105 -1
16 1 3 66 139 0.999962
16 1 3 66 140 -1
16 1 3 67 139 -1
16 1 3 67 140 -1
16 1 3 68 139 -1
16 1 3 68 140 0.917015
16 1 4 66 175 -1
16 1 4 67 175 -1
16 1 4 68 175 0.86307
16 2 3 103 139 0.962314
16 2 3 103 140 -1
16 2 3 104 139 -1
16 2 3 104 140 0.944715
16 2 3 105 139 -1
16 2 3 105 140 0.672062
16 2 4 103 175 -1
16 2 4 104 175 0.732376
16 2 4 105 175 -1
16 3 4 139 175 -1
16 3 4 140 175 0.936551
17 0 1 30 69 0.529855
17 0 1 30 70 0.470145
17 0 2 30 106 0.813667
17 0 2 30 107 -1
17 0 3 30 141 0.953625
17 0 3 30 142 -1
17 0 4 30 176 -1
17 0 4 30 177 0.934897
17 1 2 69 106 0.833761
17 1 2 69 107 -1
17 1 2 70 106 -1
17 1 2 70 107 0.710385
17 1 3 69 141 0.910887
17 1 3 69 142 -1
17 1 3 70 141 -1
17 1 3 70 142 0.816475
17 1 4 69 176 -1
17 1 4 69 177 0.854966
17 1 4 70 176 0.815371
17 1 4 70 177 -1
17 2 3 106 141 0.76533
17 2 3 106 142 -1
17 2 3 107 141 -1
17 2 3 107 142 0.951936
17 2 4 106 176 -1
17 2 4 106 177 0.951789
17 2 4 107 176 0.824723
17 2 4 107 177 -1
17 3 4 141 176 0.278859
17 3 4 141 177 0.357125
17 3 4 142 176 0.35874
17 3 4 142 177 0.270739
18 0 1 31 71 0.731143
18 0 1 31 72 -1
18 0 1 32 71 0.268857
18 0 1 32 72 0.436043
18 0 2 31 108 0.79347
18 0 2 31 109 -1
18 0 2 32 108 -1
18 0 2 32 109 -1
18 0 3 31 143 -1
18 0 3 31 144 0.693236
18 0 3 32 143 0.78484
18 0 3 32 144 -1
18 0 4 31 178 -1
18 0 4 31 179 0.795386
18 0 4 32 178 0.296153
18 0 4 32 179 -1
18 1 2 71 108 0.863572
18 1 2 71 109 -1
18 1 2 72 108 -1
18 1 2 72 109 0.444404
18 1 3 71 143 -1
18 1 3 71 144 0.873297
18 1 3 72 143 0.925072
18 1 3 72 144 -1
18 1 4 71 178 -1
18 1 4 71 179 0.748875
18 1 4 72 178 0.910224
18 1 4 72 179 -1
18 2 3 108 143 -1
18 2 3 108 144 0.898191
18 2 3 109 143 0.221397
18 2 3 109 144 -1
18 2 4 108 178 0.277429
18 2 4 108 179 0.265259
18 2 4 109 178 0.264803
18 2 4 109 179 0.277242
18 3 4 143 178 0.819956
18 3 4 143 179 -1
18 3 4 144 178 -1
18 3 4 144 179 0.916774
end of Frame 54
