J OverallIdx viewIdx joint种类0-18(jointIdx) 该joint在图中的顺序(candidix) x y score
0 0 0 0 706.792 394.357 0.57531
1 0 0 1 258.099 415.428 0.641376
2 0 1 0 701.022 191.908 0.728246
3 0 1 1 255.056 210.835 0.886343
4 0 2 0 726.24 392.245 0.46936
5 0 2 1 297.212 417.5 0.596516
6 0 3 0 698.249 396.469 0.553753
7 0 3 1 227.126 413.328 0.572741
8 0 4 0 636.451 141.285 0.19813
9 0 5 0 712.275 191.934 0.606083
10 0 5 1 300.093 208.712 0.864997
11 0 6 0 684.165 191.868 0.860096
12 0 6 1 201.888 212.924 0.825677
13 0 7 0 715.08 558.828 0.617914
14 0 7 1 314.044 586.194 0.677369
15 0 8 0 692.675 563.045 0.639434
16 0 8 1 238.449 586.204 0.736169
17 0 9 0 305.66 137.035 0.833114
18 0 10 0 243.958 130.801 0.745353
19 0 10 1 653.412 132.861 0.810236
20 0 11 0 751.488 288.875 0.160296
21 0 11 1 300.131 305.785 0.865917
22 0 12 0 706.537 261.506 0.917849
23 0 12 1 185.117 316.324 0.63392
24 0 13 0 715.079 695.841 0.547865
25 0 13 1 283.344 750.74 0.592067
26 0 14 0 695.509 716.95 0.678035
27 0 14 1 227.148 761.22 0.506713
28 0 15 0 344.951 379.644 0.867952
29 0 16 0 661.905 343.727 0.756801
30 0 16 1 215.878 377.461 0.655961
31 0 17 0 616.851 733.79 0.778889
32 0 18 0 661.88 681.06 0.430577
33 1 0 0 706.706 379.524 0.827931
34 1 0 1 583.26 396.448 0.714949
35 1 1 0 572.094 234.097 0.905767
36 1 1 1 706.661 244.563 0.899784
37 1 2 0 687.083 379.539 0.792715
38 1 2 1 616.903 396.385 0.761962
39 1 3 0 726.359 379.514 0.810111
40 1 3 1 549.62 398.512 0.733691
41 1 4 0 659.062 196.139 0.897862
42 1 5 0 619.806 231.951 0.862287
43 1 5 1 687.076 244.637 0.788375
44 1 6 0 726.322 242.529 0.884597
45 1 6 1 524.341 238.264 0.835724
46 1 6 2 25.2297 263.654 0.827861
47 1 7 0 698.25 480.876 0.784968
48 1 7 1 622.592 516.715 0.779752
49 1 8 0 33.502 442.768 0.698034
50 1 8 1 723.548 480.838 0.821076
51 1 8 2 549.812 531.385 0.837515
52 1 9 0 586.07 177.18 0.512884
53 1 10 0 532.824 179.18 0.919012
54 1 10 1 689.888 194.108 0.895299
55 1 10 2 27.9275 238.237 0.208617
56 1 11 0 661.993 312.096 0.967356
57 1 12 0 78.4595 282.552 0.884511
58 1 12 1 774.071 286.771 0.907366
59 1 12 2 504.914 333.148 0.891743
60 1 13 0 706.682 567.264 0.840488
61 1 13 1 645.049 647.362 0.769362
62 1 14 0 30.6816 501.908 0.536964
63 1 14 1 729.183 581.936 0.823876
64 1 14 2 555.282 655.812 0.781094
65 1 15 0 636.649 364.802 0.864986
66 1 16 0 75.5741 244.533 0.839734
67 1 16 1 729.283 331.049 0.941269
68 1 16 2 529.99 390.136 0.73748
69 1 17 0 695.524 600.962 0.775928
70 1 17 1 558.092 651.627 0.474034
71 1 18 0 673.078 581.961 0.760974
72 1 18 1 645.005 659.979 0.517691
73 2 0 0 524.385 223.53 0.796891
74 2 0 1 664.635 398.597 0.736021
75 2 1 0 527.18 82.2141 0.890044
76 2 1 1 681.432 244.504 0.867529
77 2 2 0 493.607 223.467 0.74003
78 2 2 1 684.302 396.386 0.702439
79 2 3 0 549.706 225.601 0.809368
80 2 3 1 645.034 409.037 0.669473
81 2 4 0 496.338 42.1071 0.892838
82 2 4 1 600.162 193.944 0.87383
83 2 5 0 482.248 76.0075 0.912922
84 2 5 1 706.589 223.521 0.82938
85 2 6 0 572.178 88.5377 0.85405
86 2 6 1 653.355 261.484 0.78276
87 2 7 0 496.329 312.146 0.847579
88 2 7 1 661.767 478.655 0.771423
89 2 8 0 549.624 322.614 0.852397
90 2 8 1 625.343 499.841 0.764551
91 2 10 0 544.044 39.9965 0.87985
92 2 10 1 642.168 191.82 0.911843
93 2 11 0 437.575 109.651 0.969118
94 2 11 1 745.925 295.29 0.898657
95 2 12 0 617.063 141.27 0.818027
96 2 12 1 639.398 377.507 0.827288
97 2 13 0 493.531 388.005 0.80694
98 2 13 1 695.428 565.16 0.820869
99 2 14 0 549.674 396.47 0.897929
100 2 14 1 633.784 605.186 0.798228
101 2 15 0 468.31 166.603 0.852992
102 2 15 1 675.824 329.009 0.684415
103 2 16 0 575.005 191.908 0.933038
104 2 16 1 597.398 402.785 0.815598
105 2 17 0 546.755 430.237 0.702809
106 2 17 1 594.557 579.906 0.802114
107 2 18 0 465.52 415.429 0.792425
108 2 18 1 661.684 565.062 0.530913
109 3 0 0 286.101 341.61 0.768657
110 3 0 1 586.106 354.259 0.692561
111 3 1 0 277.544 191.866 0.913373
112 3 1 1 594.674 194.014 0.827191
113 3 2 0 257.979 343.733 0.82039
114 3 2 1 569.323 352.132 0.703188
115 3 3 0 322.535 339.465 0.76993
116 3 3 1 600.108 358.424 0.697919
117 3 4 0 272.051 128.721 0.878993
118 3 4 1 549.669 147.594 0.915407
119 3 5 0 572.144 191.881 0.729869
120 3 5 1 221.58 193.993 0.839385
121 3 6 0 325.252 185.592 0.866479
122 3 6 1 619.836 196.166 0.861737
123 3 7 0 260.839 461.738 0.816012
124 3 7 1 574.901 466.077 0.788838
125 3 8 0 325.441 449.165 0.844756
126 3 8 1 605.788 476.534 0.763492
127 3 9 0 241.233 126.537 0.787063
128 3 10 0 302.759 126.456 0.92148
129 3 10 1 594.524 134.927 0.889625
130 3 11 0 168.173 248.841 0.90922
131 3 12 0 356.142 229.944 0.833048
132 3 12 1 644.989 293.03 0.861948
133 3 13 0 272.054 558.825 0.778522
134 3 13 1 614.198 560.87 0.758394
135 3 14 0 333.685 548.357 0.831151
136 3 14 1 633.701 584.17 0.769379
137 3 15 0 218.712 297.414 0.886563
138 3 16 0 347.699 280.512 0.925207
139 3 16 1 597.26 352.178 0.823515
140 3 17 0 373.075 571.499 0.807326
141 3 17 1 572.063 603.076 0.83655
142 3 18 0 572.123 579.83 0.733946
143 3 18 1 280.495 592.55 0.807742
144 4 0 0 659.072 282.59 0.783328
145 4 0 1 403.812 331.04 0.507928
146 4 1 0 412.271 113.88 0.594658
147 4 1 1 675.808 137.058 0.827953
148 4 2 0 622.647 280.487 0.738215
149 4 2 1 398.212 333.153 0.604338
150 4 3 0 687.078 286.773 0.749352
151 4 3 1 409.44 329.014 0.384644
152 4 4 0 482.34 44.2926 0.824546
153 4 4 1 701.054 90.7276 0.897723
154 4 5 0 400.977 115.955 0.743737
155 4 5 1 625.32 130.762 0.828236
156 4 6 0 426.218 111.815 0.528466
157 4 6 1 723.546 141.272 0.860028
158 4 7 0 616.828 398.494 0.871456
159 4 7 1 409.356 501.9 0.55377
160 4 8 0 684.174 406.979 0.847729
161 4 8 1 409.382 495.508 0.297567
162 4 9 0 417.892 42.2249 0.913144
163 4 9 1 661.673 75.9388 0.935007
164 4 11 0 591.722 198.2 0.891188
165 4 11 1 375.773 210.841 0.882324
166 4 12 0 729.118 219.277 0.874919
167 4 13 0 600.08 491.334 0.817665
168 4 13 1 409.397 647.331 0.765285
169 4 14 0 678.646 503.964 0.794674
170 4 14 1 412.282 594.638 0.56844
171 4 15 0 597.318 257.2 0.869532
172 4 15 1 412.228 278.392 0.898152
173 4 16 0 706.845 278.376 0.87821
174 4 17 0 661.739 533.48 0.848604
175 4 17 1 468.312 598.783 0.659221
176 4 18 0 605.715 522.952 0.83239
177 4 18 1 482.393 655.774 0.785095
P viewIdx, pafIdx, aOverAllIdx, bOverAllIdx, CandidAIdx, CandidBIdx, score
0 0 2 0 0 0 0.943416
0 0 2 1 0 1 0
0 0 3 0 1 0 0
0 0 3 1 1 1 0.985697
0 1 4 13 0 0 0.929467
0 1 4 14 0 1 0
0 1 5 13 1 0 0
0 1 5 14 1 1 0.972946
0 2 13 24 0 0 0.932205
0 2 13 25 0 1 0
0 2 14 24 1 0 0
0 2 14 25 1 1 0.957536
0 3 0 4 0 0 0.819304
0 3 0 5 0 1 0
0 3 1 4 1 0 0
0 3 1 5 1 1 0.895419
0 4 0 6 0 0 0.815998
0 4 0 7 0 1 0
0 4 1 6 1 0 0
0 4 1 7 1 1 0.904517
0 5 6 15 0 0 0.95549
0 5 6 16 0 1 0
0 5 7 15 1 0 0
0 5 7 16 1 1 0.976029
0 6 15 26 0 0 0.955598
0 6 15 27 0 1 0
0 6 16 26 1 0 0
0 6 16 27 1 1 0.96872
0 7 2 9 0 0 0.937578
0 7 2 10 0 1 0
0 7 3 9 1 0 0
0 7 3 10 1 1 0.990674
0 8 9 20 0 0 0.744046
0 8 9 21 0 1 0
0 8 10 20 1 0 0
0 8 10 21 1 1 0.990033
0 9 20 28 0 0 0
0 9 21 28 1 0 0.995379
0 10 9 17 0 0 0
0 10 10 17 1 0 0.99067
0 11 2 11 0 0 0.949633
0 11 2 12 0 1 0
0 11 3 11 1 0 0
0 11 3 12 1 1 0.99747
0 12 11 22 0 0 0.995097
0 12 11 23 0 1 0
0 12 12 22 1 0 0
0 12 12 23 1 1 0.975698
0 13 22 29 0 0 0.960483
0 13 22 30 0 1 0
0 13 23 29 1 0 0
0 13 23 30 1 1 0.968783
0 14 11 18 0 0 0
0 14 11 19 0 1 0.998788
0 14 12 18 1 0 0.943114
0 14 12 19 1 1 0
0 15 2 8 0 0 0.737255
0 15 3 8 1 0 0
0 16 26 31 0 0 0.950124
0 16 27 31 1 0 0
0 17 24 32 0 0 0.743156
0 17 25 32 1 0 0
1 0 35 33 0 0 0
1 0 35 34 0 1 0.994278
1 0 36 33 1 0 0.98409
1 0 36 34 1 1 0
1 1 37 47 0 0 0.526003
1 1 37 48 0 1 0
1 1 38 47 1 0 0.25082
1 1 38 48 1 1 0.527323
1 2 47 60 0 0 0.284148
1 2 47 61 0 1 0.254845
1 2 48 60 1 0 0.254271
1 2 48 61 1 1 0.284332
1 3 33 37 0 0 0.971807
1 3 33 38 0 1 0
1 3 34 37 1 0 0
1 3 34 38 1 1 0.931933
1 4 33 39 0 0 0.972841
1 4 33 40 0 1 0
1 4 34 39 1 0 0
1 4 34 40 1 1 0.927363
1 5 39 49 0 0 0
1 5 39 50 0 1 0.989098
1 5 39 51 0 2 0
1 5 40 49 1 0 0
1 5 40 50 1 1 0
1 5 40 51 1 2 0.993184
1 6 49 62 0 0 0.967764
1 6 49 63 0 1 0
1 6 49 64 0 2 0
1 6 50 62 1 0 0
1 6 50 63 1 1 0.988107
1 6 50 64 1 2 0
1 6 51 62 2 0 0
1 6 51 63 2 1 0
1 6 51 64 2 2 0.998395
1 7 35 42 0 0 0.980872
1 7 35 43 0 1 0
1 7 36 42 1 0 0
1 7 36 43 1 1 0.986983
1 8 42 56 0 0 0.537818
1 8 43 56 1 0 0.462182
1 9 56 65 0 0 0.974262
1 10 42 52 0 0 0.880627
1 10 43 52 1 0 0
1 11 35 44 0 0 0
1 11 35 45 0 1 0.975004
1 11 35 46 0 2 0
1 11 36 44 1 0 0.98951
1 11 36 45 1 1 0
1 11 36 46 1 2 0
1 12 44 57 0 0 0
1 12 44 58 0 1 0.988851
1 12 44 59 0 2 0
1 12 45 57 1 0 0
1 12 45 58 1 1 0
1 12 45 59 1 2 0.988621
1 12 46 57 2 0 0.989795
1 12 46 58 2 1 0
1 12 46 59 2 2 0
1 13 57 66 0 0 0.987409
1 13 57 67 0 1 0
1 13 57 68 0 2 0
1 13 58 66 1 0 0
1 13 58 67 1 1 0.959808
1 13 58 68 1 2 0
1 13 59 66 2 0 0
1 13 59 67 2 1 0
1 13 59 68 2 2 0.998989
1 14 44 53 0 0 0
1 14 44 54 0 1 0.988782
1 14 44 55 0 2 0
1 14 45 53 1 0 0.996342
1 14 45 54 1 1 0
1 14 45 55 1 2 0
1 14 46 53 2 0 0
1 14 46 54 2 1 0
1 14 46 55 2 2 0.780608
1 15 35 41 0 0 0
1 15 36 41 1 0 0.999477
1 16 62 69 0 0 0
1 16 62 70 0 1 0
1 16 63 69 1 0 0.931765
1 16 63 70 1 1 0
1 16 64 69 2 0 0
1 16 64 70 2 1 0.57984
1 17 60 71 0 0 0.536682
1 17 60 72 0 1 0.294165
1 17 61 71 1 0 0
1 17 61 72 1 1 0.463634
2 0 75 73 0 0 0.992363
2 0 75 74 0 1 0
2 0 76 73 1 0 0
2 0 76 74 1 1 0.981602
2 1 77 87 0 0 0.982775
2 1 77 88 0 1 0
2 1 78 87 1 0 0
2 1 78 88 1 1 0.980366
2 2 87 97 0 0 0.990221
2 2 87 98 0 1 0
2 2 88 97 1 0 0
2 2 88 98 1 1 0.999094
2 3 73 77 0 0 0.967036
2 3 73 78 0 1 0
2 3 74 77 1 0 0
2 3 74 78 1 1 0.913037
2 4 73 79 0 0 0.960532
2 4 73 80 0 1 0
2 4 74 79 1 0 0
2 4 74 80 1 1 0.907488
2 5 79 89 0 0 0.998589
2 5 79 90 0 1 0
2 5 80 89 1 0 0
2 5 80 90 1 1 0.968012
2 6 89 99 0 0 0.995241
2 6 89 100 0 1 0
2 6 90 99 1 0 0
2 6 90 100 1 1 0.986585
2 7 75 83 0 0 0.999007
2 7 75 84 0 1 0
2 7 76 83 1 0 0
2 7 76 84 1 1 0.986511
2 8 83 93 0 0 0.982929
2 8 83 94 0 1 0
2 8 84 93 1 0 0
2 8 84 94 1 1 0.99554
2 9 93 101 0 0 0.991017
2 9 93 102 0 1 0
2 9 94 101 1 0 0
2 9 94 102 1 1 0.939012
2 11 75 85 0 0 0.993659
2 11 75 86 0 1 0
2 11 76 85 1 0 0
2 11 76 86 1 1 0.982844
2 12 85 95 0 0 0.999906
2 12 85 96 0 1 0
2 12 86 95 1 0 0
2 12 86 96 1 1 0.987541
2 13 95 103 0 0 0.947624
2 13 95 104 0 1 0
2 13 96 103 1 0 0
2 13 96 104 1 1 0.961887
2 14 85 91 0 0 0.996436
2 14 85 92 0 1 0
2 14 86 91 1 0 0
2 14 86 92 1 1 0.990293
2 15 75 81 0 0 0.98939
2 15 75 82 0 1 0
2 15 76 81 1 0 0
2 15 76 82 1 1 0.991478
2 16 99 105 0 0 0.962403
2 16 99 106 0 1 0
2 16 100 105 1 0 0
2 16 100 106 1 1 0.979486
2 17 97 107 0 0 0.955358
2 17 97 108 0 1 0
2 17 98 107 1 0 0
2 17 98 108 1 1 0.913068
3 0 111 109 0 0 0.998584
3 0 111 110 0 1 0
3 0 112 109 1 0 0
3 0 112 110 1 1 0.966928
3 1 113 123 0 0 0.99697
3 1 113 124 0 1 0
3 1 114 123 1 0 0
3 1 114 124 1 1 0.988931
3 2 123 133 0 0 0.997702
3 2 123 134 0 1 0
3 2 124 133 1 0 0
3 2 124 134 1 1 0.993697
3 3 109 113 0 0 0.953334
3 3 109 114 0 1 0
3 3 110 113 1 0 0
3 3 110 114 1 1 0.931006
3 4 109 115 0 0 0.95609
3 4 109 116 0 1 0
3 4 110 115 1 0 0
3 4 110 116 1 1 0.93871
3 5 115 125 0 0 0.997339
3 5 115 126 0 1 0
3 5 116 125 1 0 0
3 5 116 126 1 1 0.969789
3 6 125 135 0 0 0.994335
3 6 125 136 0 1 0
3 6 126 135 1 0 0
3 6 126 136 1 1 0.998653
3 7 111 119 0 0 0
3 7 111 120 0 1 0.99836
3 7 112 119 1 0 0.973839
3 7 112 120 1 1 0
3 8 119 130 0 0 0
3 8 120 130 1 0 0.978164
3 9 130 137 0 0 0.983185
3 10 119 127 0 0 0
3 10 120 127 1 0 0.947954
3 11 111 121 0 0 0.98335
3 11 111 122 0 1 0
3 11 112 121 1 0 0
3 11 112 122 1 1 0.980498
3 12 121 131 0 0 0.992093
3 12 121 132 0 1 0
3 12 122 131 1 0 0
3 12 122 132 1 1 0.987716
3 13 131 138 0 0 0.997151
3 13 131 139 0 1 0
3 13 132 138 1 0 0
3 13 132 139 1 1 0.967678
3 14 121 128 0 0 0.994833
3 14 121 129 0 1 0
3 14 122 128 1 0 0
3 14 122 129 1 1 0.997816
3 15 111 117 0 0 0.991431
3 15 111 118 0 1 0
3 15 112 117 1 0 0
3 15 112 118 1 1 0.998994
3 16 135 140 0 0 0.988125
3 16 135 141 0 1 0
3 16 136 140 1 0 0
3 16 136 141 1 1 0.980636
3 17 133 142 0 0 0
3 17 133 143 0 1 0.980901
3 17 134 142 1 0 0.975966
3 17 134 143 1 1 0
4 0 146 144 0 0 0
4 0 146 145 0 1 0.893758
4 0 147 144 1 0 0.998761
4 0 147 145 1 1 0
4 1 148 158 0 0 0.992254
4 1 148 159 0 1 0
4 1 149 158 1 0 0
4 1 149 159 1 1 0.93961
4 2 158 167 0 0 0.985128
4 2 158 168 0 1 0
4 2 159 167 1 0 0
4 2 159 168 1 1 0.978485
4 3 144 148 0 0 0.941441
4 3 144 149 0 1 0
4 3 145 148 1 0 0
4 3 145 149 1 1 0.727267
4 4 144 150 0 0 0.935318
4 4 144 151 0 1 0
4 4 145 150 1 0 0
4 4 145 151 1 1 0.720267
4 5 150 160 0 0 0.997422
4 5 150 161 0 1 0
4 5 151 160 1 0 0
4 5 151 161 1 1 0.851302
4 6 160 169 0 0 0.98953
4 6 160 170 0 1 0
4 6 161 169 1 0 0
4 6 161 170 1 1 0.899954
4 7 146 154 0 0 0.856052
4 7 146 155 0 1 0
4 7 147 154 1 0 0
4 7 147 155 1 1 0.995379
4 8 154 164 0 0 0
4 8 154 165 0 1 0.965137
4 8 155 164 1 0 0.978168
4 8 155 165 1 1 0
4 9 164 171 0 0 0.993259
4 9 164 172 0 1 0
4 9 165 171 1 0 0
4 9 165 172 1 1 0.995184
4 10 154 162 0 0 0.970748
4 10 154 163 0 1 0
4 10 155 162 1 0 0
4 10 155 163 1 1 0.977346
4 11 146 156 0 0 0.853153
4 11 146 157 0 1 0
4 11 147 156 1 0 0
4 11 147 157 1 1 0.999982
4 12 156 166 0 0 0
4 12 157 166 1 0 0.989546
4 13 166 173 0 0 0.975213
4 15 146 152 0 0 0.848336
4 15 146 153 0 1 0
4 15 147 152 1 0 0
4 15 147 153 1 1 0.989949
4 16 169 174 0 0 0.975475
4 16 169 175 0 1 0
4 16 170 174 1 0 0
4 16 170 175 1 1 0.927588
4 17 167 176 0 0 0.997146
4 17 167 177 0 1 0
4 17 168 176 1 0 0
4 17 168 177 1 1 0.985138
E jointIdx viewA viewB aOverAllIdx bOverallIdx score
0 0 1 0 33 0.338299
0 0 1 0 34 0.278038
0 0 1 1 33 0.291717
0 0 1 1 34 0.334427
0 0 2 0 73 0.680001
0 0 2 0 74 -1
0 0 2 1 73 -1
0 0 2 1 74 0.849803
0 0 3 0 109 0.752199
0 0 3 0 110 -1
0 0 3 1 109 -1
0 0 3 1 110 0.841297
0 0 4 0 144 -1
0 0 4 0 145 0.947113
0 0 4 1 144 0.942824
0 0 4 1 145 -1
0 1 2 33 73 0.984197
0 1 2 33 74 -1
0 1 2 34 73 -1
0 1 2 34 74 0.902574
0 1 3 33 109 0.931132
0 1 3 33 110 0.067248
0 1 3 34 109 -1
0 1 3 34 110 0.92994
0 1 4 33 144 -1
0 1 4 33 145 0.866258
0 1 4 34 144 0.863487
0 1 4 34 145 -1
0 2 3 73 109 0.96803
0 2 3 73 110 -1
0 2 3 74 109 -1
0 2 3 74 110 0.695685
0 2 4 73 144 -1
0 2 4 73 145 0.874031
0 2 4 74 144 0.989291
0 2 4 74 145 -1
0 3 4 109 144 0.271
0 3 4 109 145 0.33207
0 3 4 110 144 0.333323
0 3 4 110 145 0.272393
1 0 1 2 35 0.294596
1 0 1 2 36 0.26539
1 0 1 3 35 0.267736
1 0 1 3 36 0.294285
1 0 2 2 75 0.725099
1 0 2 2 76 -1
1 0 2 3 75 -1
1 0 2 3 76 0.950429
1 0 3 2 111 0.30848
1 0 3 2 112 0.309958
1 0 3 3 111 0.310129
1 0 3 3 112 0.308794
1 0 4 2 146 0.858761
1 0 4 2 147 -1
1 0 4 3 146 -1
1 0 4 3 147 0.940235
1 1 2 35 75 -1
1 1 2 35 76 0.958392
1 1 2 36 75 0.975228
1 1 2 36 76 -1
1 1 3 35 111 0.275205
1 1 3 35 112 0.321247
1 1 3 36 111 0.323063
1 1 3 36 112 0.281468
1 1 4 35 146 -1
1 1 4 35 147 0.871334
1 1 4 36 146 0.793957
1 1 4 36 147 0.128666
1 2 3 75 111 0.798202
1 2 3 75 112 -1
1 2 3 76 111 -1
1 2 3 76 112 0.926512
1 2 4 75 146 0.865636
1 2 4 75 147 -1
1 2 4 76 146 -1
1 2 4 76 147 0.745906
1 3 4 111 146 0.463171
1 3 4 111 147 0.313922
1 3 4 112 146 0.160526
1 3 4 112 147 0.490901
2 0 1 4 37 0.388798
2 0 1 4 38 0.262468
2 0 1 5 37 0.295773
2 0 1 5 38 0.382047
2 0 2 4 77 0.445711
2 0 2 4 78 -1
2 0 2 5 77 -1
2 0 2 5 78 0.461087
2 0 3 4 113 0.744893
2 0 3 4 114 -1
2 0 3 5 113 -1
2 0 3 5 114 0.941324
2 0 4 4 148 -1
2 0 4 4 149 0.78289
2 0 4 5 148 0.98255
2 0 4 5 149 -1
2 1 2 37 77 0.978478
2 1 2 37 78 -1
2 1 2 38 77 -1
2 1 2 38 78 0.674898
2 1 3 37 113 0.783838
2 1 3 37 114 0.189467
2 1 3 38 113 0.0914052
2 1 3 38 114 0.788645
2 1 4 37 148 -1
2 1 4 37 149 0.591856
2 1 4 38 148 0.99066
2 1 4 38 149 -1
2 2 3 77 113 0.851964
2 2 3 77 114 -1
2 2 3 78 113 -1
2 2 3 78 114 0.367226
2 2 4 77 148 -1
2 2 4 77 149 0.542423
2 2 4 78 148 0.668667
2 2 4 78 149 -1
2 3 4 113 148 0.299211
2 3 4 113 149 0.399435
2 3 4 114 148 0.405987
2 3 4 114 149 0.312238
3 0 1 6 39 0.324154
3 0 1 6 40 0.288787
3 0 1 7 39 0.295724
3 0 1 7 40 0.322211
3 0 2 6 79 0.753444
3 0 2 6 80 -1
3 0 2 7 79 -1
3 0 2 7 80 0.989117
3 0 3 6 115 0.647229
3 0 3 6 116 -1
3 0 3 7 115 -1
3 0 3 7 116 0.793843
3 0 4 6 150 -1
3 0 4 6 151 0.943551
3 0 4 7 150 0.83413
3 0 4 7 151 -1
3 1 2 39 79 0.955418
3 1 2 39 80 -1
3 1 2 40 79 -1
3 1 2 40 80 0.974261
3 1 3 39 115 0.92057
3 1 3 39 116 -1
3 1 3 40 115 -1
3 1 3 40 116 0.98496
3 1 4 39 150 -1
3 1 4 39 151 0.874273
3 1 4 40 150 0.900701
3 1 4 40 151 -1
3 2 3 79 115 0.798924
3 2 3 79 116 -1
3 2 3 80 115 -1
3 2 3 80 116 0.834157
3 2 4 79 150 -1
3 2 4 79 151 0.897831
3 2 4 80 150 0.876259
3 2 4 80 151 -1
3 3 4 115 150 0.254991
3 3 4 115 151 0.270814
3 3 4 116 150 0.27067
3 3 4 116 151 0.254304
4 0 1 8 41 0.938861
4 0 2 8 81 0.965516
4 0 2 8 82 -1
4 0 3 8 117 0.77921
4 0 3 8 118 0.22079
4 0 4 8 152 0.980835
4 0 4 8 153 -1
4 1 2 41 81 0.939722
4 1 2 41 82 -1
4 1 3 41 117 0.494627
4 1 3 41 118 0.505373
4 1 4 41 152 0.982653
4 1 4 41 153 -1
4 2 3 81 117 0.966475
4 2 3 81 118 -1
4 2 3 82 117 -1
4 2 3 82 118 0.904032
4 2 4 81 152 0.960411
4 2 4 81 153 -1
4 2 4 82 152 -1
4 2 4 82 153 0.996277
4 3 4 117 152 0.730916
4 3 4 117 153 0.208033
4 3 4 118 152 -1
4 3 4 118 153 0.736659
5 0 1 9 42 0.308388
5 0 1 9 43 0.265776
5 0 1 10 42 0.268466
5 0 1 10 43 0.309187
5 0 2 9 83 0.592185
5 0 2 9 84 -1
5 0 2 10 83 -1
5 0 2 10 84 0.912627
5 0 3 9 119 0.336455
5 0 3 9 120 0.324378
5 0 3 10 119 0.327838
5 0 3 10 120 0.338334
5 0 4 9 154 0.824192
5 0 4 9 155 -1
5 0 4 10 154 -1
5 0 4 10 155 0.889066
5 1 2 42 83 0.245656
5 1 2 42 84 0.457609
5 1 2 43 83 0.474044
5 1 2 43 84 0.247696
5 1 3 42 119 0.376269
5 1 3 42 120 0.278317
5 1 3 43 119 0.302118
5 1 3 43 120 0.383179
5 1 4 42 154 0.178105
5 1 4 42 155 0.590399
5 1 4 43 154 0.593878
5 1 4 43 155 0.210255
5 2 3 83 119 -1
5 2 3 83 120 0.923728
5 2 3 84 119 0.86587
5 2 3 84 120 -1
5 2 4 83 154 0.769155
5 2 4 83 155 -1
5 2 4 84 154 -1
5 2 4 84 155 0.915192
5 3 4 119 154 0.246925
5 3 4 119 155 0.407987
5 3 4 120 154 0.429931
5 3 4 120 155 0.307593
6 0 1 11 44 0.459759
6 0 1 11 45 0.421533
6 0 1 11 46 -1
6 0 1 12 44 0.540241
6 0 1 12 45 0.578467
6 0 1 12 46 -1
6 0 2 11 85 0.880014
6 0 2 11 86 -1
6 0 2 12 85 -1
6 0 2 12 86 0.794387
6 0 3 11 121 0.290817
6 0 3 11 122 0.278012
6 0 3 12 121 0.277136
6 0 3 12 122 0.289868
6 0 4 11 156 0.91109
6 0 4 11 157 -1
6 0 4 12 156 -1
6 0 4 12 157 0.833571
6 1 2 44 85 0.951094
6 1 2 44 86 -1
6 1 2 45 85 -1
6 1 2 45 86 0.837072
6 1 2 46 85 -1
6 1 2 46 86 -1
6 1 3 44 121 0.243129
6 1 3 44 122 0.231126
6 1 3 45 121 0.237425
6 1 3 45 122 0.236618
6 1 3 46 121 0.0617561
6 1 3 46 122 0.0867446
6 1 4 44 156 0.679623
6 1 4 44 157 -1
6 1 4 45 156 -1
6 1 4 45 157 0.746706
6 1 4 46 156 -1
6 1 4 46 157 -1
6 2 3 85 121 0.816024
6 2 3 85 122 -1
6 2 3 86 121 -1
6 2 3 86 122 0.905274
6 2 4 85 156 0.980578
6 2 4 85 157 -1
6 2 4 86 156 -1
6 2 4 86 157 0.570709
6 3 4 121 156 0.562392
6 3 4 121 157 0.308398
6 3 4 122 156 0.0520394
6 3 4 122 157 0.601364
7 0 1 13 47 0.453901
7 0 1 13 48 0.232976
7 0 1 14 47 0.257923
7 0 1 14 48 0.44318
7 0 2 13 87 0.999999
7 0 2 13 88 -1
7 0 2 14 87 -1
7 0 2 14 88 0.711331
7 0 3 13 123 0.893935
7 0 3 13 124 -1
7 0 3 14 123 -1
7 0 3 14 124 0.972249
7 0 4 13 158 -1
7 0 4 13 159 0.767895
7 0 4 14 158 0.946848
7 0 4 14 159 -1
7 1 2 47 87 0.974985
7 1 2 47 88 -1
7 1 2 48 87 -1
7 1 2 48 88 0.793623
7 1 3 47 123 0.931857
7 1 3 47 124 -1
7 1 3 48 123 -1
7 1 3 48 124 0.821498
7 1 4 47 158 -1
7 1 4 47 159 0.974216
7 1 4 48 158 0.865128
7 1 4 48 159 -1
7 2 3 87 123 0.901829
7 2 3 87 124 -1
7 2 3 88 123 -1
7 2 3 88 124 0.802131
7 2 4 87 158 -1
7 2 4 87 159 0.999193
7 2 4 88 158 0.969198
7 2 4 88 159 -1
7 3 4 123 158 0.0504293
7 3 4 123 159 0.949571
7 3 4 124 158 0.870338
7 3 4 124 159 -1
8 0 1 15 49 -1
8 0 1 15 50 0.563806
8 0 1 15 51 0.314726
8 0 1 16 49 -1
8 0 1 16 50 0.436194
8 0 1 16 51 0.685274
8 0 2 15 89 0.874484
8 0 2 15 90 -1
8 0 2 16 89 -1
8 0 2 16 90 0.660605
8 0 3 15 125 0.889038
8 0 3 15 126 -1
8 0 3 16 125 -1
8 0 3 16 126 0.753707
8 0 4 15 160 -1
8 0 4 15 161 0.925704
8 0 4 16 160 0.913878
8 0 4 16 161 -1
8 1 2 49 89 -1
8 1 2 49 90 -1
8 1 2 50 89 0.947368
8 1 2 50 90 -1
8 1 2 51 89 -1
8 1 2 51 90 0.664385
8 1 3 49 125 -1
8 1 3 49 126 -1
8 1 3 50 125 0.908323
8 1 3 50 126 -1
8 1 3 51 125 -1
8 1 3 51 126 0.759116
8 1 4 49 160 -1
8 1 4 49 161 -1
8 1 4 50 160 -1
8 1 4 50 161 0.588227
8 1 4 51 160 0.903324
8 1 4 51 161 -1
8 2 3 89 125 0.990304
8 2 3 89 126 -1
8 2 3 90 125 -1
8 2 3 90 126 0.892591
8 2 4 89 160 -1
8 2 4 89 161 0.59191
8 2 4 90 160 0.620145
8 2 4 90 161 -1
8 3 4 125 160 0.382715
8 3 4 125 161 0.366815
8 3 4 126 160 0.451368
8 3 4 126 161 -1
9 0 1 17 52 0.855963
9 0 3 17 127 -1
9 0 4 17 162 -1
9 0 4 17 163 0.980743
9 1 3 52 127 0.328806
9 1 4 52 162 -1
9 1 4 52 163 0.814707
9 3 4 127 162 0.666291
9 3 4 127 163 0.333709
10 0 1 18 53 0.51203
10 0 1 18 54 0.46227
10 0 1 18 55 -1
10 0 1 19 53 0.48797
10 0 1 19 54 0.53773
10 0 1 19 55 -1
10 0 2 18 91 -1
10 0 2 18 92 0.869482
10 0 2 19 91 0.999974
10 0 2 19 92 -1
10 0 3 18 128 -1
10 0 3 18 129 0.83115
10 0 3 19 128 0.946759
10 0 3 19 129 -1
10 1 2 53 91 -1
10 1 2 53 92 0.999062
10 1 2 54 91 0.953156
10 1 2 54 92 -1
10 1 2 55 91 -1
10 1 2 55 92 -1
10 1 3 53 128 0.179451
10 1 3 53 129 0.364796
10 1 3 54 128 0.336183
10 1 3 54 129 0.203823
10 1 3 55 128 0.218894
10 1 3 55 129 0.169854
10 2 3 91 128 0.985512
10 2 3 91 129 -1
10 2 3 92 128 -1
10 2 3 92 129 0.966183
11 0 1 20 56 0.439179
11 0 1 21 56 0.560821
11 0 2 20 93 0.861472
11 0 2 20 94 -1
11 0 2 21 93 -1
11 0 2 21 94 0.930697
11 0 3 20 130 0.800262
11 0 3 21 130 -1
11 0 4 20 164 0.00254333
11 0 4 20 165 0.703239
11 0 4 21 164 0.826286
11 0 4 21 165 0.173714
11 1 2 56 93 0.252268
11 1 2 56 94 0.747732
11 1 3 56 130 0.453451
11 1 4 56 164 0.720549
11 1 4 56 165 0.279451
11 2 3 93 130 0.909607
11 2 3 94 130 -1
11 2 4 93 164 -1
11 2 4 93 165 0.903794
11 2 4 94 164 0.97865
11 2 4 94 165 -1
11 3 4 130 164 0.51208
11 3 4 130 165 0.48792
12 0 1 22 57 0.533862
12 0 1 22 58 0.611667
12 0 1 22 59 -1
12 0 1 23 57 -1
12 0 1 23 58 0.388333
12 0 1 23 59 0.697967
12 0 2 22 95 0.793199
12 0 2 22 96 -1
12 0 2 23 95 -1
12 0 2 23 96 0.756529
12 0 3 22 131 0.921649
12 0 3 22 132 -1
12 0 3 23 131 -1
12 0 3 23 132 0.774644
12 0 4 22 166 0.55453
12 0 4 23 166 0.44547
12 1 2 57 95 -1
12 1 2 57 96 -1
12 1 2 58 95 0.846978
12 1 2 58 96 -1
12 1 2 59 95 -1
12 1 2 59 96 0.980761
12 1 3 57 131 0.0216708
12 1 3 57 132 0.763694
12 1 3 58 131 0.967971
12 1 3 58 132 -1
12 1 3 59 131 -1
12 1 3 59 132 0.933205
12 1 4 57 166 -1
12 1 4 58 166 -1
12 1 4 59 166 0.933112
12 2 3 95 131 0.975157
12 2 3 95 132 -1
12 2 3 96 131 -1
12 2 3 96 132 0.974649
12 2 4 95 166 -1
12 2 4 96 166 0.987515
12 3 4 131 166 0.00541568
12 3 4 132 166 0.985532
13 0 1 24 60 0.75725
13 0 1 24 61 -1
13 0 1 25 60 0.1482
13 0 1 25 61 0.654311
13 0 2 24 97 0.90459
13 0 2 24 98 -1
13 0 2 25 97 -1
13 0 2 25 98 0.661774
13 0 3 24 133 0.824846
13 0 3 24 134 -1
13 0 3 25 133 -1
13 0 3 25 134 0.806941
13 0 4 24 167 -1
13 0 4 24 168 0.865591
13 0 4 25 167 0.622324
13 0 4 25 168 -1
13 1 2 60 97 0.825556
13 1 2 60 98 -1
13 1 2 61 97 -1
13 1 2 61 98 0.97716
13 1 3 60 133 0.943908
13 1 3 60 134 -1
13 1 3 61 133 -1
13 1 3 61 134 0.820328
13 1 4 60 167 -1
13 1 4 60 168 0.690425
13 1 4 61 167 0.948356
13 1 4 61 168 -1
13 2 3 97 133 0.927042
13 2 3 97 134 -1
13 2 3 98 133 -1
13 2 3 98 134 0.939942
13 2 4 97 167 0.267081
13 2 4 97 168 0.491915
13 2 4 98 167 0.496174
13 2 4 98 168 0.279865
13 3 4 133 167 -1
13 3 4 133 168 0.739032
13 3 4 134 167 0.926166
13 3 4 134 168 -1
14 0 1 26 62 -1
14 0 1 26 63 0.675509
14 0 1 26 64 0.202927
14 0 1 27 62 -1
14 0 1 27 63 0.324491
14 0 1 27 64 0.797073
14 0 2 26 99 0.903491
14 0 2 26 100 -1
14 0 2 27 99 -1
14 0 2 27 100 0.836786
14 0 3 26 135 0.963278
14 0 3 26 136 -1
14 0 3 27 135 -1
14 0 3 27 136 0.972267
14 0 4 26 169 -1
14 0 4 26 170 0.727407
14 0 4 27 169 0.836519
14 0 4 27 170 -1
14 1 2 62 99 -1
14 1 2 62 100 -1
14 1 2 63 99 0.841829
14 1 2 63 100 -1
14 1 2 64 99 -1
14 1 2 64 100 0.897317
14 1 3 62 135 -1
14 1 3 62 136 -1
14 1 3 63 135 0.977165
14 1 3 63 136 -1
14 1 3 64 135 -1
14 1 3 64 136 0.861749
14 1 4 62 169 -1
14 1 4 62 170 -1
14 1 4 63 169 -1
14 1 4 63 170 0.938453
14 1 4 64 169 0.901648
14 1 4 64 170 -1
14 2 3 99 135 0.866721
14 2 3 99 136 -1
14 2 3 100 135 -1
14 2 3 100 136 0.98687
14 2 4 99 169 -1
14 2 4 99 170 0.805152
14 2 4 100 169 0.801102
14 2 4 100 170 -1
14 3 4 135 169 0.295901
14 3 4 135 170 0.57367
14 3 4 136 169 0.528411
14 3 4 136 170 0.0857194
15 0 1 28 65 0.956304
15 0 2 28 101 -1
15 0 2 28 102 0.969001
15 0 3 28 137 -1
15 0 4 28 171 0.99102
15 0 4 28 172 -1
15 1 2 65 101 -1
15 1 2 65 102 0.935027
15 1 3 65 137 -1
15 1 4 65 171 0.980169
15 1 4 65 172 -1
15 2 3 101 137 0.973257
15 2 3 102 137 -1
15 2 4 101 171 -1
15 2 4 101 172 0.992414
15 2 4 102 171 0.954858
15 2 4 102 172 -1
15 3 4 137 171 0.500309
15 3 4 137 172 0.499691
16 0 1 29 66 -1
16 0 1 29 67 0.597853
16 0 1 29 68 -1
16 0 1 30 66 -1
16 0 1 30 67 0.402147
16 0 1 30 68 0.499693
16 0 2 29 103 0.938453
16 0 2 29 104 -1
16 0 2 30 103 -1
16 0 2 30 104 0.963005
16 0 3 29 138 0.837926
16 0 3 29 139 -1
16 0 3 30 138 -1
16 0 3 30 139 0.977498
16 0 4 29 173 -1
16 0 4 30 173 0.489683
16 1 2 66 103 -1
16 1 2 66 104 -1
16 1 2 67 103 0.872824
16 1 2 67 104 -1
16 1 2 68 103 -1
16 1 2 68 104 0.875508
16 1 3 66 138 0.539305
16 1 3 66 139 -1
16 1 3 67 138 0.967352
16 1 3 67 139 -1
16 1 3 68 138 -1
16 1 3 68 139 0.93739
16 1 4 66 173 -1
16 1 4 67 173 -1
16 1 4 68 173 0.877975
16 2 3 103 138 0.998415
16 2 3 103 139 -1
16 2 3 104 138 -1
16 2 3 104 139 0.997575
16 2 4 103 173 -1
16 2 4 104 173 0.875558
16 3 4 138 173 -1
16 3 4 139 173 0.991888
17 0 1 31 69 0.542848
17 0 1 31 70 0.457152
17 0 2 31 105 0.730928
17 0 2 31 106 -1
17 0 3 31 140 0.960066
17 0 3 31 141 -1
17 0 4 31 174 -1
17 0 4 31 175 0.916929
17 1 2 69 105 0.776374
17 1 2 69 106 -1
17 1 2 70 105 -1
17 1 2 70 106 0.753671
17 1 3 69 140 0.931789
17 1 3 69 141 -1
17 1 3 70 140 -1
17 1 3 70 141 0.843466
17 1 4 69 174 -1
17 1 4 69 175 0.98147
17 1 4 70 174 0.879144
17 1 4 70 175 -1
17 2 3 105 140 0.691726
17 2 3 105 141 -1
17 2 3 106 140 -1
17 2 3 106 141 0.953966
17 2 4 105 174 -1
17 2 4 105 175 0.780931
17 2 4 106 174 0.824098
17 2 4 106 175 -1
17 3 4 140 174 0.267329
17 3 4 140 175 0.351618
17 3 4 141 174 0.358014
17 3 4 141 175 0.25391
18 0 1 32 71 0.790917
18 0 1 32 72 -1
18 0 2 32 107 0.835154
18 0 2 32 108 -1
18 0 3 32 142 -1
18 0 3 32 143 0.733004
18 0 4 32 176 -1
18 0 4 32 177 0.761561
18 1 2 71 107 0.733873
18 1 2 71 108 -1
18 1 2 72 107 -1
18 1 2 72 108 0.93781
18 1 3 71 142 -1
18 1 3 71 143 0.806812
18 1 3 72 142 0.981965
18 1 3 72 143 -1
18 1 4 71 176 -1
18 1 4 71 177 0.495611
18 1 4 72 176 0.634262
18 1 4 72 177 -1
18 2 3 107 142 -1
18 2 3 107 143 0.896661
18 2 3 108 142 0.800659
18 2 3 108 143 -1
18 2 4 107 176 0.317957
18 2 4 107 177 0.325586
18 2 4 108 176 0.326832
18 2 4 108 177 0.316473
18 3 4 142 176 0.938006
18 3 4 142 177 -1
18 3 4 143 176 -1
18 3 4 143 177 0.941186
end of Frame 64
