J OverallIdx viewIdx joint种类0-18(jointIdx) 该joint在图中的顺序(candidix) x y score
0 0 0 0 549.578 390.128 0.716815
1 0 0 1 325.262 436.5 0.591954
2 0 1 0 333.708 206.646 0.823665
3 0 1 1 558.092 210.892 0.811096
4 0 2 0 527.212 390.073 0.694937
5 0 2 1 373.04 440.718 0.5614
6 0 3 0 50.4542 364.822 0.687412
7 0 3 1 571.99 392.185 0.688134
8 0 3 2 277.509 432.268 0.560985
9 0 4 0 501.83 156.056 0.87504
10 0 4 1 33.6666 168.724 0.873142
11 0 5 0 414.935 210.779 0.859319
12 0 5 1 530.044 210.853 0.749511
13 0 6 0 257.975 196.21 0.838341
14 0 6 1 588.92 210.921 0.830659
15 0 6 2 56.2279 227.727 0.876792
16 0 7 0 510.38 514.479 0.749793
17 0 7 1 347.616 632.63 0.764161
18 0 8 0 58.8204 480.766 0.800387
19 0 8 1 572.181 527.14 0.75683
20 0 8 2 249.588 613.658 0.682773
21 0 9 0 373.081 126.481 0.903046
22 0 10 0 302.924 124.419 0.923431
23 0 10 1 549.489 145.526 0.920529
24 0 11 0 535.643 297.359 0.185669
25 0 11 1 457.142 341.564 0.85598
26 0 12 0 653.428 290.939 0.807855
27 0 12 1 75.6785 299.46 0.751561
28 0 12 2 221.513 331.155 0.822093
29 0 13 0 507.662 628.419 0.803571
30 0 13 1 328.21 765.529 0.3478
31 0 14 0 75.6845 598.82 0.819051
32 0 14 1 588.881 659.986 0.727047
33 0 14 2 232.683 765.533 0.32845
34 0 15 0 507.562 328.956 0.333284
35 0 15 1 414.996 415.441 0.774421
36 0 16 0 591.632 343.711 0.881832
37 0 16 1 89.791 364.77 0.766752
38 0 16 2 241.192 411.245 0.702037
39 0 17 0 78.5274 624.147 0.75204
40 0 17 1 521.581 683.221 0.606698
41 0 18 0 451.459 641.037 0.723795
42 1 0 0 56.1741 377.464 0.654506
43 1 0 1 586.048 379.511 0.795078
44 1 0 2 684.313 396.509 0.690989
45 1 0 3 145.99 413.293 0.708822
46 1 1 0 156.995 229.856 0.851528
47 1 1 1 58.8964 227.715 0.860297
48 1 1 2 684.289 229.805 0.897203
49 1 1 3 594.475 244.523 0.95057
50 1 2 0 552.53 377.492 0.821252
51 1 2 1 709.449 396.476 0.670679
52 1 2 2 106.605 413.274 0.668598
53 1 3 0 100.797 377.464 0.653249
54 1 3 1 614.183 379.627 0.785363
55 1 3 2 661.756 396.462 0.652774
56 1 3 3 190.61 413.322 0.70795
57 1 4 0 120.586 172.894 0.890622
58 1 4 1 614.213 191.951 0.75896
59 1 4 2 574.993 198.282 0.853623
60 1 5 0 98.14 225.681 0.875644
61 1 5 1 709.54 231.929 0.81852
62 1 5 2 552.412 242.47 0.919293
63 1 6 0 103.841 227.679 0.698891
64 1 6 1 656.157 229.882 0.846534
65 1 6 2 213.262 240.333 0.824862
66 1 7 0 535.623 476.552 0.791831
67 1 7 1 692.673 531.347 0.790555
68 1 7 2 120.498 560.862 0.80359
69 1 8 0 95.3735 470.223 0.210823
70 1 8 1 619.709 512.398 0.744156
71 1 8 2 193.492 552.525 0.801894
72 1 9 0 58.8882 168.685 0.86673
73 1 10 0 185.101 158.183 0.919723
74 1 10 1 650.548 177.215 0.813247
75 1 10 2 614.178 196.11 0.769578
76 1 11 0 507.674 278.449 0.934914
77 1 11 1 78.4609 314.284 0.819577
78 1 11 2 748.729 328.853 0.912861
79 1 12 0 661.814 322.66 0.859306
80 1 12 1 255.136 328.979 0.903747
81 1 13 0 524.447 565.189 0.895578
82 1 13 1 137.371 649.403 0.785832
83 1 13 2 681.501 651.587 0.819655
84 1 14 0 602.97 579.91 0.475478
85 1 14 1 619.688 660.028 0.790775
86 1 14 2 207.504 683.232 0.777804
87 1 15 0 532.806 328.913 0.920784
88 1 15 1 706.668 375.319 0.541046
89 1 15 2 56.0496 394.337 0.875046
90 1 16 0 633.704 345.736 0.488433
91 1 16 1 625.345 392.24 0.745307
92 1 16 2 277.654 413.336 0.906947
93 1 17 0 597.324 594.621 0.154675
94 1 17 1 25.1812 649.454 0.260067
95 1 17 2 571.963 657.88 0.74589
96 1 17 3 199.118 725.383 0.714962
97 1 18 0 490.719 581.979 0.747272
98 1 18 1 647.77 645.254 0.298211
99 1 18 2 159.846 681.147 0.802128
100 2 0 0 434.551 271.981 0.76679
101 2 0 1 720.703 362.644 0.66423
102 2 0 2 549.594 765.352 0.395654
103 2 1 0 440.389 115.989 0.849581
104 2 1 1 751.547 221.422 0.819101
105 2 1 2 22.4143 516.667 0.596689
106 2 1 3 538.439 567.255 0.678913
107 2 2 0 400.989 272.032 0.726441
108 2 2 1 703.939 356.388 0.633945
109 2 2 2 524.356 765.394 0.296664
110 2 3 0 459.871 269.877 0.786993
111 2 3 1 731.957 366.926 0.707964
112 2 3 2 577.728 763.309 0.348663
113 2 4 0 476.66 90.5902 0.864572
114 2 4 1 687.051 177.059 0.918215
115 2 4 2 142.923 379.618 0.565685
116 2 4 3 664.712 550.442 0.85215
117 2 5 0 392.67 115.972 0.815512
118 2 5 1 729.228 208.792 0.692514
119 2 5 2 89.7056 550.411 0.61543
120 2 5 3 490.813 598.901 0.666101
121 2 6 0 490.783 113.873 0.83196
122 2 6 1 773.873 234.067 0.819158
123 2 6 2 580.458 531.41 0.478106
124 2 7 0 387.042 375.363 0.799784
125 2 7 1 695.501 461.841 0.315797
126 2 7 2 173.897 746.465 0.153884
127 2 8 0 454.257 366.92 0.804869
128 2 8 1 706.581 478.644 0.764767
129 2 8 2 185.047 738.068 0.283708
130 2 9 0 437.621 65.4126 0.832046
131 2 9 1 98.228 421.748 0.754583
132 2 9 2 591.741 503.997 0.862396
133 2 10 0 743.102 162.43 0.880529
134 2 11 0 322.523 164.477 0.847875
135 2 11 1 417.872 699.981 0.873642
136 2 11 2 123.299 719.07 0.793156
137 2 12 0 504.627 160.26 0.871138
138 2 12 1 787.999 333.141 0.84254
139 2 12 2 614.179 586.202 0.692177
140 2 13 0 370.099 466.014 0.830335
141 2 14 0 443.17 444.941 0.833988
142 2 14 1 687.211 590.412 0.759956
143 2 15 0 370.175 227.685 0.926094
144 2 15 1 210.267 685.277 0.796519
145 2 15 2 440.237 765.545 0.197443
146 2 16 0 490.731 212.989 0.855538
147 2 16 1 726.267 381.687 0.868467
148 2 16 2 661.776 655.802 0.853136
149 2 17 0 459.973 478.61 0.792819
150 2 17 1 664.767 601.02 0.338535
151 2 18 0 372.989 514.455 0.676662
152 3 0 0 594.555 341.622 0.780418
153 3 0 1 286.091 360.558 0.686516
154 3 0 2 978.656 438.625 0.478788
155 3 0 3 807.679 512.406 0.414139
156 3 1 0 280.464 179.333 0.829187
157 3 1 1 810.412 191.875 0.771208
158 3 1 2 583.285 193.998 0.883196
159 3 1 3 970.286 194.033 0.789998
160 3 2 0 569.336 343.646 0.748446
161 3 2 1 272.054 360.616 0.683878
162 3 2 2 1009.61 442.835 0.439376
163 3 2 3 1029.2 442.842 0.440511
164 3 2 4 883.325 501.859 0.414279
165 3 3 0 619.819 339.524 0.713977
166 3 3 1 305.669 360.536 0.643275
167 3 3 2 947.905 434.398 0.41885
168 3 3 3 729.246 508.208 0.435605
169 3 4 0 342.181 132.856 0.8561
170 3 4 1 563.637 147.633 0.844484
171 3 5 0 258.065 179.195 0.866001
172 3 5 1 911.504 181.411 0.692309
173 3 5 2 541.278 196.07 0.843159
174 3 5 3 1029.2 200.328 0.721466
175 3 5 4 1006.84 198.245 0.730895
176 3 6 0 302.868 181.368 0.728979
177 3 6 1 622.641 191.934 0.84396
178 3 6 2 928.188 189.775 0.536189
179 3 6 3 701.093 194.005 0.747866
180 3 7 0 588.89 447.135 0.819956
181 3 7 1 280.377 501.858 0.7716
182 3 7 2 995.545 592.546 0.620709
183 3 7 3 880.58 727.489 0.52244
184 3 8 0 636.587 447.019 0.813332
185 3 8 1 305.701 497.587 0.823548
186 3 8 2 950.595 596.709 0.408893
187 3 8 3 717.901 698.024 0.73958
188 3 9 0 844.088 71.6451 0.65069
189 3 9 1 1029.2 111.704 0.87119
190 3 9 2 286.058 124.371 0.880512
191 3 10 0 729.171 73.7999 0.776371
192 3 10 1 594.624 137.06 0.859398
193 3 11 0 201.919 244.62 0.885268
194 3 11 1 530.055 274.063 0.864351
195 3 11 2 998.263 328.884 0.729545
196 3 12 0 661.783 265.702 0.856289
197 3 12 1 678.615 377.436 0.622996
198 3 13 0 594.622 544.075 0.753199
199 3 13 1 277.494 641.012 0.740532
200 3 13 2 930.972 710.603 0.437115
201 3 14 0 642.143 548.232 0.614715
202 3 14 1 302.904 603.151 0.848548
203 3 14 2 928.166 700.11 0.29078
204 3 15 0 255.186 309.971 0.901096
205 3 15 1 541.255 328.934 0.835642
206 3 15 2 1029.21 432.281 0.414648
207 3 16 0 633.787 329.05 0.801819
208 3 16 1 658.922 480.843 0.363019
209 3 17 0 614.17 590.417 0.272163
210 3 17 1 364.526 617.844 0.861508
211 3 18 0 572 579.938 0.611736
212 3 18 1 325.425 666.412 0.768724
213 3 18 2 950.66 725.386 0.150311
214 4 0 0 998.255 278.289 0.731833
215 4 0 1 594.464 328.989 0.568493
216 4 1 0 577.739 115.962 0.811625
217 4 1 1 1001.1 134.96 0.842673
218 4 2 0 1029.21 278.374 0.624006
219 4 2 1 636.579 331.07 0.550414
220 4 3 0 961.912 276.268 0.68981
221 4 3 1 552.431 328.932 0.556318
222 4 5 0 642.159 107.588 0.853621
223 4 5 1 1029.21 130.785 0.220458
224 4 6 0 521.536 126.497 0.804782
225 4 6 1 953.573 141.196 0.878237
226 4 7 0 1001.14 364.904 0.804663
227 4 7 1 670.251 512.408 0.75276
228 4 8 0 953.33 377.367 0.855816
229 4 8 1 563.68 501.896 0.69984
230 4 9 0 622.545 37.9534 0.814422
231 4 9 1 1004.07 75.8996 0.768973
232 4 10 0 552.512 42.1966 0.444151
233 4 10 1 956.4 78.0493 0.789553
234 4 11 0 717.962 179.296 0.820337
235 4 12 0 922.679 210.919 0.884884
236 4 12 1 462.722 219.346 0.843925
237 4 13 0 1029.21 463.942 0.709214
238 4 13 1 692.657 655.794 0.730355
239 4 14 0 942.208 468.139 0.795856
240 4 14 1 563.657 634.762 0.741522
241 4 15 0 684.319 261.583 0.888434
242 4 16 0 530.156 274.124 0.800086
243 4 16 1 888.972 269.915 0.862655
244 4 17 0 914.209 463.913 0.68645
245 4 17 1 594.565 626.251 0.672861
246 4 18 0 995.528 495.451 0.577808
247 4 18 1 743.192 636.823 0.734214
P viewIdx, pafIdx, aOverAllIdx, bOverAllIdx, CandidAIdx, CandidBIdx, score
0 0 2 0 0 0 0
0 0 2 1 0 1 0.997128
0 0 3 0 1 0 0.97625
0 0 3 1 1 1 0
0 1 4 16 0 0 0.963468
0 1 4 17 0 1 0
0 1 5 16 1 0 0
0 1 5 17 1 1 0.960316
0 2 16 29 0 0 0.992782
0 2 16 30 0 1 0
0 2 17 29 1 0 0
0 2 17 30 1 1 0.971373
0 3 0 4 0 0 0.935349
0 3 0 5 0 1 0
0 3 1 4 1 0 0
0 3 1 5 1 1 0.8776
0 4 0 6 0 0 0
0 4 0 7 0 1 0.9337
0 4 0 8 0 2 0
0 4 1 6 1 0 0
0 4 1 7 1 1 0
0 4 1 8 1 2 0.875823
0 5 6 18 0 0 0.992992
0 5 6 19 0 1 0
0 5 6 20 0 2 0
0 5 7 18 1 0 0
0 5 7 19 1 1 0.990274
0 5 7 20 1 2 0
0 5 8 18 2 0 0
0 5 8 19 2 1 0
0 5 8 20 2 2 0.978171
0 6 18 31 0 0 0.999009
0 6 18 32 0 1 0
0 6 18 33 0 2 0
0 6 19 31 1 0 0
0 6 19 32 1 1 0.995805
0 6 19 33 1 2 0
0 6 20 31 2 0 0
0 6 20 32 2 1 0
0 6 20 33 2 2 0.983587
0 7 2 11 0 0 0.995573
0 7 2 12 0 1 0
0 7 3 11 1 0 0
0 7 3 12 1 1 0.975526
0 8 11 24 0 0 0
0 8 11 25 0 1 0.997107
0 8 12 24 1 0 0.757863
0 8 12 25 1 1 0
0 9 24 34 0 0 0.460386
0 9 24 35 0 1 0.288063
0 9 25 34 1 0 0
0 9 25 35 1 1 0.519715
0 10 11 21 0 0 0.995694
0 10 12 21 1 0 0
0 11 2 13 0 0 0.977672
0 11 2 14 0 1 0
0 11 2 15 0 2 0
0 11 3 13 1 0 0
0 11 3 14 1 1 0.986632
0 11 3 15 1 2 0
0 12 13 26 0 0 0
0 12 13 27 0 1 0
0 12 13 28 0 2 0.961376
0 12 14 26 1 0 0.993201
0 12 14 27 1 1 0
0 12 14 28 1 2 0
0 12 15 26 2 0 0
0 12 15 27 2 1 0.989939
0 12 15 28 2 2 0
0 13 26 36 0 0 0.988359
0 13 26 37 0 1 0
0 13 26 38 0 2 0
0 13 27 36 1 0 0
0 13 27 37 1 1 0.993895
0 13 27 38 1 2 0
0 13 28 36 2 0 0
0 13 28 37 2 1 0
0 13 28 38 2 2 0.972693
0 14 13 22 0 0 0.973736
0 14 13 23 0 1 0
0 14 14 22 1 0 0
0 14 14 23 1 1 0.992211
0 14 15 22 2 0 0
0 14 15 23 2 1 0
0 15 2 9 0 0 0
0 15 2 10 0 1 0
0 15 3 9 1 0 0.999027
0 15 3 10 1 1 0
0 16 31 39 0 0 0.981127
0 16 31 40 0 1 0
0 16 32 39 1 0 0
0 16 32 40 1 1 0.926611
0 16 33 39 2 0 0
0 16 33 40 2 1 0
0 17 29 41 0 0 0.949953
0 17 30 41 1 0 0
1 0 46 42 0 0 0
1 0 46 43 0 1 0
1 0 46 44 0 2 0
1 0 46 45 0 3 0.995655
1 0 47 42 1 0 0.951441
1 0 47 43 1 1 0
1 0 47 44 1 2 0
1 0 47 45 1 3 0
1 0 48 42 2 0 0
1 0 48 43 2 1 0
1 0 48 44 2 2 0.985777
1 0 48 45 2 3 0
1 0 49 42 3 0 0
1 0 49 43 3 1 0.984372
1 0 49 44 3 2 0
1 0 49 45 3 3 0
1 1 50 66 0 0 0.963406
1 1 50 67 0 1 0
1 1 50 68 0 2 0
1 1 51 66 1 0 0
1 1 51 67 1 1 0.961576
1 1 51 68 1 2 0
1 1 52 66 2 0 0
1 1 52 67 2 1 0
1 1 52 68 2 2 0.979372
1 2 66 81 0 0 0.999913
1 2 66 82 0 1 0
1 2 66 83 0 2 0
1 2 67 81 1 0 0
1 2 67 82 1 1 0
1 2 67 83 1 2 0.99354
1 2 68 81 2 0 0
1 2 68 82 2 1 0.995735
1 2 68 83 2 2 0
1 3 42 50 0 0 0
1 3 42 51 0 1 0
1 3 42 52 0 2 0
1 3 43 50 1 0 0.979802
1 3 43 51 1 1 0
1 3 43 52 1 2 0
1 3 44 50 2 0 0
1 3 44 51 2 1 0.914732
1 3 44 52 2 2 0
1 3 45 50 3 0 0
1 3 45 51 3 1 0
1 3 45 52 3 2 0.918914
1 4 42 53 0 0 0.514997
1 4 42 54 0 1 0
1 4 42 55 0 2 0
1 4 42 56 0 3 0.272463
1 4 43 53 1 0 0
1 4 43 54 1 1 0.977085
1 4 43 55 1 2 0
1 4 43 56 1 3 0
1 4 44 53 2 0 0
1 4 44 54 2 1 0
1 4 44 55 2 2 0.918168
1 4 44 56 2 3 0
1 4 45 53 3 0 0
1 4 45 54 3 1 0
1 4 45 55 3 2 0
1 4 45 56 3 3 0.513988
1 5 53 69 0 0 0.845061
1 5 53 70 0 1 0
1 5 53 71 0 2 0
1 5 54 69 1 0 0
1 5 54 70 1 1 0.500207
1 5 54 71 1 2 0
1 5 55 69 2 0 0
1 5 55 70 2 1 0.499793
1 5 55 71 2 2 0
1 5 56 69 3 0 0
1 5 56 70 3 1 0
1 5 56 71 3 2 0.99746
1 6 69 84 0 0 0
1 6 69 85 0 1 0
1 6 69 86 0 2 0
1 6 70 84 1 0 0.487256
1 6 70 85 1 1 0.509132
1 6 70 86 1 2 0
1 6 71 84 2 0 0
1 6 71 85 2 1 0
1 6 71 86 2 2 0.996095
1 7 46 60 0 0 0.992161
1 7 46 61 0 1 0
1 7 46 62 0 2 0
1 7 47 60 1 0 0
1 7 47 61 1 1 0
1 7 47 62 1 2 0
1 7 48 60 2 0 0
1 7 48 61 2 1 0.998915
1 7 48 62 2 2 0
1 7 49 60 3 0 0
1 7 49 61 3 1 0
1 7 49 62 3 2 0.994461
1 8 60 76 0 0 0
1 8 60 77 0 1 0.990987
1 8 60 78 0 2 0
1 8 61 76 1 0 0
1 8 61 77 1 1 0
1 8 61 78 1 2 0.999557
1 8 62 76 2 0 0.974988
1 8 62 77 2 1 0
1 8 62 78 2 2 0
1 9 76 87 0 0 0.995786
1 9 76 88 0 1 0
1 9 76 89 0 2 0
1 9 77 87 1 0 0
1 9 77 88 1 1 0
1 9 77 89 1 2 0.997896
1 9 78 87 2 0 0
1 9 78 88 2 1 0.93806
1 9 78 89 2 2 0
1 10 60 72 0 0 0
1 10 61 72 1 0 0
1 10 62 72 2 0 0
1 11 46 63 0 0 0
1 11 46 64 0 1 0
1 11 46 65 0 2 0.50264
1 11 47 63 1 0 0.499839
1 11 47 64 1 1 0
1 11 47 65 1 2 0.251737
1 11 48 63 2 0 0
1 11 48 64 2 1 0.993071
1 11 48 65 2 2 0
1 11 49 63 3 0 0
1 11 49 64 3 1 0
1 11 49 65 3 2 0
1 12 63 79 0 0 0
1 12 63 80 0 1 0
1 12 64 79 1 0 0.994268
1 12 64 80 1 1 0
1 12 65 79 2 0 0
1 12 65 80 2 1 0.995396
1 13 79 90 0 0 0.48942
1 13 79 91 0 1 0.51058
1 13 79 92 0 2 0
1 13 80 90 1 0 0
1 13 80 91 1 1 0
1 13 80 92 1 2 0.993932
1 14 63 73 0 0 0
1 14 63 74 0 1 0
1 14 63 75 0 2 0
1 14 64 73 1 0 0
1 14 64 74 1 1 0.506428
1 14 64 75 1 2 0.493345
1 14 65 73 2 0 0.997647
1 14 65 74 2 1 0
1 14 65 75 2 2 0
1 15 46 57 0 0 0.503563
1 15 46 58 0 1 0
1 15 46 59 0 2 0
1 15 47 57 1 0 0.496437
1 15 47 58 1 1 0
1 15 47 59 1 2 0
1 15 48 57 2 0 0
1 15 48 58 2 1 0.26844
1 15 48 59 2 2 0.24926
1 15 49 57 3 0 0
1 15 49 58 3 1 0.248902
1 15 49 59 3 2 0.26841
1 16 84 93 0 0 0.642604
1 16 84 94 0 1 0
1 16 84 95 0 2 0
1 16 84 96 0 3 0
1 16 85 93 1 0 0
1 16 85 94 1 1 0
1 16 85 95 1 2 0.972951
1 16 85 96 1 3 0
1 16 86 93 2 0 0
1 16 86 94 2 1 0
1 16 86 95 2 2 0
1 16 86 96 2 3 0.985172
1 17 81 97 0 0 0.94389
1 17 81 98 0 1 0
1 17 81 99 0 2 0
1 17 82 97 1 0 0
1 17 82 98 1 1 0
1 17 82 99 1 2 0.998817
1 17 83 97 2 0 0
1 17 83 98 2 1 0.815225
1 17 83 99 2 2 0
2 0 103 100 0 0 0.996565
2 0 103 101 0 1 0
2 0 103 102 0 2 0
2 0 104 100 1 0 0
2 0 104 101 1 1 0.971962
2 0 104 102 1 2 0
2 0 105 100 2 0 0
2 0 105 101 2 1 0
2 0 105 102 2 2 0
2 0 106 100 3 0 0
2 0 106 101 3 1 0
2 0 106 102 3 2 0.966972
2 1 107 124 0 0 0.987087
2 1 107 125 0 1 0
2 1 107 126 0 2 0
2 1 108 124 1 0 0
2 1 108 125 1 1 0.874592
2 1 108 126 1 2 0
2 1 109 124 2 0 0
2 1 109 125 2 1 0
2 1 109 126 2 2 0
2 2 124 140 0 0 0.999592
2 2 125 140 1 0 0
2 2 126 140 2 0 0
2 3 100 107 0 0 0.953595
2 3 100 108 0 1 0
2 3 100 109 0 2 0
2 3 101 107 1 0 0
2 3 101 108 1 1 0.933412
2 3 101 109 1 2 0
2 3 102 107 2 0 0
2 3 102 108 2 1 0
2 3 102 109 2 2 0.77085
2 4 100 110 0 0 0.9481
2 4 100 111 0 1 0
2 4 100 112 0 2 0
2 4 101 110 1 0 0
2 4 101 111 1 1 0.936901
2 4 101 112 1 2 0
2 4 102 110 2 0 0
2 4 102 111 2 1 0
2 4 102 112 2 2 0.784112
2 5 110 127 0 0 0.990792
2 5 110 128 0 1 0
2 5 110 129 0 2 0
2 5 111 127 1 0 0
2 5 111 128 1 1 0.964032
2 5 111 129 1 2 0
2 5 112 127 2 0 0
2 5 112 128 2 1 0
2 5 112 129 2 2 0
2 6 127 141 0 0 0.983566
2 6 127 142 0 1 0
2 6 128 141 1 0 0
2 6 128 142 1 1 0.972261
2 6 129 141 2 0 0
2 6 129 142 2 1 0
2 7 103 117 0 0 0.981066
2 7 103 118 0 1 0
2 7 103 119 0 2 0
2 7 103 120 0 3 0
2 7 104 117 1 0 0
2 7 104 118 1 1 0.964307
2 7 104 119 1 2 0
2 7 104 120 1 3 0
2 7 105 117 2 0 0
2 7 105 118 2 1 0
2 7 105 119 2 2 0.959643
2 7 105 120 2 3 0
2 7 106 117 3 0 0
2 7 106 118 3 1 0
2 7 106 119 3 2 0
2 7 106 120 3 3 0.922797
2 8 117 134 0 0 0.973596
2 8 117 135 0 1 0
2 8 117 136 0 2 0
2 8 118 134 1 0 0
2 8 118 135 1 1 0
2 8 118 136 1 2 0
2 8 119 134 2 0 0
2 8 119 135 2 1 0
2 8 119 136 2 2 0.981517
2 8 120 134 3 0 0
2 8 120 135 3 1 0.960373
2 8 120 136 3 2 0
2 9 134 143 0 0 0.986125
2 9 134 144 0 1 0
2 9 134 145 0 2 0
2 9 135 143 1 0 0
2 9 135 144 1 1 0
2 9 135 145 1 2 0.992981
2 9 136 143 2 0 0
2 9 136 144 2 1 0.96707
2 9 136 145 2 2 0
2 10 117 130 0 0 0.937386
2 10 117 131 0 1 0
2 10 117 132 0 2 0
2 10 118 130 1 0 0
2 10 118 131 1 1 0
2 10 118 132 1 2 0
2 10 119 130 2 0 0
2 10 119 131 2 1 0.94701
2 10 119 132 2 2 0
2 10 120 130 3 0 0
2 10 120 131 3 1 0
2 10 120 132 3 2 0.934168
2 11 103 121 0 0 0.983718
2 11 103 122 0 1 0
2 11 103 123 0 2 0
2 11 104 121 1 0 0
2 11 104 122 1 1 0.987307
2 11 104 123 1 2 0
2 11 105 121 2 0 0
2 11 105 122 2 1 0
2 11 105 123 2 2 0
2 11 106 121 3 0 0
2 11 106 122 3 1 0
2 11 106 123 3 2 0.898508
2 12 121 137 0 0 0.989238
2 12 121 138 0 1 0
2 12 121 139 0 2 0
2 12 122 137 1 0 0
2 12 122 138 1 1 0.99303
2 12 122 139 1 2 0
2 12 123 137 2 0 0
2 12 123 138 2 1 0
2 12 123 139 2 2 0.95491
2 13 137 146 0 0 0.970642
2 13 137 147 0 1 0
2 13 137 148 0 2 0
2 13 138 146 1 0 0
2 13 138 147 1 1 0.974342
2 13 138 148 1 2 0
2 13 139 146 2 0 0
2 13 139 147 2 1 0
2 13 139 148 2 2 0.999244
2 14 121 133 0 0 0
2 14 122 133 1 0 0.994653
2 14 123 133 2 0 0
2 15 103 113 0 0 0.969023
2 15 103 114 0 1 0
2 15 103 115 0 2 0
2 15 103 116 0 3 0
2 15 104 113 1 0 0
2 15 104 114 1 1 0.999912
2 15 104 115 1 2 0
2 15 104 116 1 3 0
2 15 105 113 2 0 0
2 15 105 114 2 1 0
2 15 105 115 2 2 0.710886
2 15 105 116 2 3 0
2 15 106 113 3 0 0
2 15 106 114 3 1 0
2 15 106 115 3 2 0
2 15 106 116 3 3 0.939374
2 16 141 149 0 0 0.990024
2 16 141 150 0 1 0
2 16 142 149 1 0 0
2 16 142 150 1 1 0.891881
2 17 140 151 0 0 0.936598
3 0 156 152 0 0 0
3 0 156 153 0 1 0.978648
3 0 156 154 0 2 0
3 0 156 155 0 3 0
3 0 157 152 1 0 0
3 0 157 153 1 1 0
3 0 157 154 1 2 0
3 0 157 155 1 3 0.972239
3 0 158 152 2 0 0.979916
3 0 158 153 2 1 0
3 0 158 154 2 2 0
3 0 158 155 2 3 0
3 0 159 152 3 0 0
3 0 159 153 3 1 0
3 0 159 154 3 2 0.975233
3 0 159 155 3 3 0
3 1 160 180 0 0 0.995145
3 1 160 181 0 1 0
3 1 160 182 0 2 0
3 1 160 183 0 3 0
3 1 161 180 1 0 0
3 1 161 181 1 1 0.975232
3 1 161 182 1 2 0
3 1 161 183 1 3 0
3 1 162 180 2 0 0
3 1 162 181 2 1 0
3 1 162 182 2 2 0.499141
3 1 162 183 2 3 0
3 1 163 180 3 0 0
3 1 163 181 3 1 0
3 1 163 182 3 2 0.500859
3 1 163 183 3 3 0
3 1 164 180 4 0 0
3 1 164 181 4 1 0
3 1 164 182 4 2 0
3 1 164 183 4 3 0.966406
3 2 180 198 0 0 0.985211
3 2 180 199 0 1 0
3 2 180 200 0 2 0
3 2 181 198 1 0 0
3 2 181 199 1 1 0.990661
3 2 181 200 1 2 0
3 2 182 198 2 0 0
3 2 182 199 2 1 0
3 2 182 200 2 2 0.95377
3 2 183 198 3 0 0
3 2 183 199 3 1 0
3 2 183 200 3 2 0
3 3 152 160 0 0 0.950457
3 3 152 161 0 1 0
3 3 152 162 0 2 0
3 3 152 163 0 3 0
3 3 152 164 0 4 0
3 3 153 160 1 0 0
3 3 153 161 1 1 0.923059
3 3 153 162 1 2 0
3 3 153 163 1 3 0
3 3 153 164 1 4 0
3 3 154 160 2 0 0
3 3 154 161 2 1 0
3 3 154 162 2 2 0.501995
3 3 154 163 2 3 0.498005
3 3 154 164 2 4 0
3 3 155 160 3 0 0
3 3 155 161 3 1 0
3 3 155 162 3 2 0
3 3 155 163 3 3 0
3 3 155 164 3 4 0.840108
3 4 152 165 0 0 0.943626
3 4 152 166 0 1 0
3 4 152 167 0 2 0
3 4 152 168 0 3 0
3 4 153 165 1 0 0
3 4 153 166 1 1 0.927042
3 4 153 167 1 2 0
3 4 153 168 1 3 0
3 4 154 165 2 0 0
3 4 154 166 2 1 0
3 4 154 167 2 2 0.854234
3 4 154 168 2 3 0
3 4 155 165 3 0 0
3 4 155 166 3 1 0
3 4 155 167 3 2 0
3 4 155 168 3 3 0.834417
3 5 165 184 0 0 0.97742
3 5 165 185 0 1 0
3 5 165 186 0 2 0
3 5 165 187 0 3 0
3 5 166 184 1 0 0
3 5 166 185 1 1 0.977457
3 5 166 186 1 2 0
3 5 166 187 1 3 0
3 5 167 184 2 0 0
3 5 167 185 2 1 0
3 5 167 186 2 2 0.888277
3 5 167 187 2 3 0
3 5 168 184 3 0 0
3 5 168 185 3 1 0
3 5 168 186 3 2 0
3 5 168 187 3 3 0.96122
3 6 184 201 0 0 0.978221
3 6 184 202 0 1 0
3 6 184 203 0 2 0
3 6 185 201 1 0 0
3 6 185 202 1 1 0.999403
3 6 185 203 1 2 0
3 6 186 201 2 0 0
3 6 186 202 2 1 0
3 6 186 203 2 2 0.842787
3 6 187 201 3 0 0
3 6 187 202 3 1 0
3 6 187 203 3 2 0
3 7 156 171 0 0 0.978725
3 7 156 172 0 1 0
3 7 156 173 0 2 0
3 7 156 174 0 3 0
3 7 156 175 0 4 0
3 7 157 171 1 0 0
3 7 157 172 1 1 0.330783
3 7 157 173 1 2 0
3 7 157 174 1 3 0.174105
3 7 157 175 1 4 0.172972
3 7 158 171 2 0 0
3 7 158 172 2 1 0
3 7 158 173 2 2 0.998747
3 7 158 174 2 3 0
3 7 158 175 2 4 0
3 7 159 171 3 0 0
3 7 159 172 3 1 0
3 7 159 173 3 2 0
3 7 159 174 3 3 0.258457
3 7 159 175 3 4 0.260157
3 8 171 193 0 0 0.962958
3 8 171 194 0 1 0
3 8 171 195 0 2 0
3 8 172 193 1 0 0
3 8 172 194 1 1 0
3 8 172 195 1 2 0.316771
3 8 173 193 2 0 0
3 8 173 194 2 1 0.987723
3 8 173 195 2 2 0
3 8 174 193 3 0 0
3 8 174 194 3 1 0
3 8 174 195 3 2 0.344242
3 8 175 193 4 0 0
3 8 175 194 4 1 0
3 8 175 195 4 2 0.338987
3 9 193 204 0 0 0.986371
3 9 193 205 0 1 0
3 9 193 206 0 2 0
3 9 194 204 1 0 0
3 9 194 205 1 1 0.998638
3 9 194 206 1 2 0
3 9 195 204 2 0 0
3 9 195 205 2 1 0
3 9 195 206 2 2 0.944374
3 10 171 188 0 0 0
3 10 171 189 0 1 0
3 10 171 190 0 2 0.974825
3 10 172 188 1 0 0.97143
3 10 172 189 1 1 0
3 10 172 190 1 2 0
3 10 173 188 2 0 0
3 10 173 189 2 1 0
3 10 173 190 2 2 0
3 10 174 188 3 0 0
3 10 174 189 3 1 0.506738
3 10 174 190 3 2 0
3 10 175 188 4 0 0
3 10 175 189 4 1 0.493262
3 10 175 190 4 2 0
3 11 156 176 0 0 0.964854
3 11 156 177 0 1 0
3 11 156 178 0 2 0
3 11 156 179 0 3 0
3 11 157 176 1 0 0
3 11 157 177 1 1 0
3 11 157 178 1 2 0
3 11 157 179 1 3 0.977453
3 11 158 176 2 0 0
3 11 158 177 2 1 0.997557
3 11 158 178 2 2 0
3 11 158 179 2 3 0
3 11 159 176 3 0 0
3 11 159 177 3 1 0
3 11 159 178 3 2 0.957119
3 11 159 179 3 3 0
3 12 176 196 0 0 0
3 12 176 197 0 1 0
3 12 177 196 1 0 0.526081
3 12 177 197 1 1 0
3 12 178 196 2 0 0
3 12 178 197 2 1 0
3 12 179 196 3 0 0.257125
3 12 179 197 3 1 0.514739
3 13 196 207 0 0 0.519709
3 13 196 208 0 1 0.262976
3 13 197 207 1 0 0
3 13 197 208 1 1 0.508358
3 14 176 191 0 0 0
3 14 176 192 0 1 0
3 14 177 191 1 0 0
3 14 177 192 1 1 0.995979
3 14 178 191 2 0 0
3 14 178 192 2 1 0
3 14 179 191 3 0 0.974832
3 14 179 192 3 1 0
3 15 156 169 0 0 0.97091
3 15 156 170 0 1 0
3 15 157 169 1 0 0
3 15 157 170 1 1 0
3 15 158 169 2 0 0
3 15 158 170 2 1 0.989045
3 15 159 169 3 0 0
3 15 159 170 3 1 0
3 16 201 209 0 0 0.839214
3 16 201 210 0 1 0
3 16 202 209 1 0 0
3 16 202 210 1 1 0.989676
3 16 203 209 2 0 0
3 16 203 210 2 1 0
3 17 198 211 0 0 0.919194
3 17 198 212 0 1 0
3 17 198 213 0 2 0
3 17 199 211 1 0 0
3 17 199 212 1 1 0.978989
3 17 199 213 1 2 0
3 17 200 211 2 0 0
3 17 200 212 2 1 0
3 17 200 213 2 2 0.741319
4 0 216 214 0 0 0
4 0 216 215 0 1 0.974975
4 0 217 214 1 0 0.995233
4 0 217 215 1 1 0
4 1 218 226 0 0 0.947448
4 1 218 227 0 1 0
4 1 219 226 1 0 0
4 1 219 227 1 1 0.986025
4 2 226 237 0 0 0.977806
4 2 226 238 0 1 0
4 2 227 237 1 0 0
4 2 227 238 1 1 0.983918
4 3 214 218 0 0 0.930466
4 3 214 219 0 1 0
4 3 215 218 1 0 0
4 3 215 219 1 1 0.87893
4 4 214 220 0 0 0.931232
4 4 214 221 0 1 0
4 4 215 220 1 0 0
4 4 215 221 1 1 0.877703
4 5 220 228 0 0 0.989676
4 5 220 229 0 1 0
4 5 221 228 1 0 0
4 5 221 229 1 1 0.971079
4 6 228 239 0 0 0.986135
4 6 228 240 0 1 0
4 6 229 239 1 0 0
4 6 229 240 1 1 0.982457
4 7 216 222 0 0 0.986526
4 7 216 223 0 1 0
4 7 217 222 1 0 0
4 7 217 223 1 1 0.96642
4 8 222 234 0 0 0.993007
4 8 223 234 1 0 0
4 9 234 241 0 0 0.950579
4 10 222 230 0 0 0.985162
4 10 222 231 0 1 0
4 10 223 230 1 0 0
4 10 223 231 1 1 0.891793
4 11 216 224 0 0 0.964272
4 11 216 225 0 1 0
4 11 217 224 1 0 0
4 11 217 225 1 1 0.982782
4 12 224 235 0 0 0
4 12 224 236 0 1 0.977877
4 12 225 235 1 0 0.973998
4 12 225 236 1 1 0
4 13 235 242 0 0 0
4 13 235 243 0 1 0.970121
4 13 236 242 1 0 0.993416
4 13 236 243 1 1 0
4 14 224 232 0 0 0.851113
4 14 224 233 0 1 0
4 14 225 232 1 0 0
4 14 225 233 1 1 0.981368
4 16 239 244 0 0 0.934237
4 16 239 245 0 1 0
4 16 240 244 1 0 0
4 16 240 245 1 1 0.854865
4 17 237 246 0 0 0.843974
4 17 237 247 0 1 0
4 17 238 246 1 0 0
4 17 238 247 1 1 0.882473
E jointIdx viewA viewB aOverAllIdx bOverallIdx score
0 0 1 0 42 -0.845701
0 0 1 0 43 0.622511
0 0 1 0 44 0.208354
0 0 1 0 45 0.793123
0 0 1 1 42 -1
0 0 1 1 43 0.263912
0 0 1 1 44 0.753632
0 0 1 1 45 -1
0 0 2 0 100 0.868632
0 0 2 0 101 -1
0 0 2 0 102 -1
0 0 2 1 100 -1
0 0 2 1 101 0.999477
0 0 2 1 102 -1
0 0 3 0 152 -1
0 0 3 0 153 0.907316
0 0 3 0 154 -1
0 0 3 0 155 -1
0 0 3 1 152 0.89494
0 0 3 1 153 -1
0 0 3 1 154 -1
0 0 3 1 155 -1
0 0 4 0 214 -1
0 0 4 0 215 0.873533
0 0 4 1 214 -1
0 0 4 1 215 0.126467
0 1 2 42 100 -1
0 1 2 42 101 -1
0 1 2 42 102 0.561276
0 1 2 43 100 0.932795
0 1 2 43 101 0.296281
0 1 2 43 102 -1
0 1 2 44 100 -1
0 1 2 44 101 0.797477
0 1 2 44 102 -1
0 1 2 45 100 -1
0 1 2 45 101 -1
0 1 2 45 102 0.655126
0 1 3 42 152 -1
0 1 3 42 153 -1
0 1 3 42 154 0.839489
0 1 3 42 155 0.734739
0 1 3 43 152 0.833644
0 1 3 43 153 0.851257
0 1 3 43 154 -1
0 1 3 43 155 -1
0 1 3 44 152 0.804691
0 1 3 44 153 0.851795
0 1 3 44 154 -1
0 1 3 44 155 -1
0 1 3 45 152 -1
0 1 3 45 153 -1
0 1 3 45 154 0.710789
0 1 3 45 155 0.560277
0 1 4 42 214 -1
0 1 4 42 215 -1
0 1 4 43 214 -1
0 1 4 43 215 0.874989
0 1 4 44 214 -1
0 1 4 44 215 -1
0 1 4 45 214 0.865397
0 1 4 45 215 -1
0 2 3 100 152 -1
0 2 3 100 153 0.774733
0 2 3 100 154 -1
0 2 3 100 155 -1
0 2 3 101 152 0.894043
0 2 3 101 153 -1
0 2 3 101 154 -1
0 2 3 101 155 -1
0 2 3 102 152 -1
0 2 3 102 153 -1
0 2 3 102 154 0.935552
0 2 3 102 155 -1
0 2 4 100 214 -1
0 2 4 100 215 0.789402
0 2 4 101 214 -1
0 2 4 101 215 -1
0 2 4 102 214 0.864244
0 2 4 102 215 -1
0 3 4 152 214 0.0477107
0 3 4 152 215 -1
0 3 4 153 214 0.462193
0 3 4 153 215 0.537807
0 3 4 154 214 0.595644
0 3 4 154 215 0.404355
0 3 4 155 214 -1
0 3 4 155 215 -1
1 0 1 2 46 0.15281
1 0 1 2 47 0.147747
1 0 1 2 48 0.184324
1 0 1 2 49 0.146047
1 0 1 3 46 0.159979
1 0 1 3 47 0.164814
1 0 1 3 48 0.129887
1 0 1 3 49 0.166437
1 0 2 2 103 -1
1 0 2 2 104 0.894639
1 0 2 2 105 -1
1 0 2 2 106 -1
1 0 2 3 103 0.990132
1 0 2 3 104 -1
1 0 2 3 105 -1
1 0 2 3 106 -1
1 0 3 2 156 0.506024
1 0 3 2 157 0.147957
1 0 3 2 158 0.550661
1 0 3 2 159 -1
1 0 3 3 156 0.493976
1 0 3 3 157 0.271566
1 0 3 3 158 0.449339
1 0 3 3 159 -1
1 0 4 2 216 0.361997
1 0 4 2 217 0.292137
1 0 4 3 216 0.591651
1 0 4 3 217 0.170823
1 1 2 46 103 -1
1 1 2 46 104 -1
1 1 2 46 105 -1
1 1 2 46 106 0.686501
1 1 2 47 103 -1
1 1 2 47 104 -1
1 1 2 47 105 0.618392
1 1 2 47 106 0.130102
1 1 2 48 103 -1
1 1 2 48 104 0.737947
1 1 2 48 105 -1
1 1 2 48 106 -1
1 1 2 49 103 0.98283
1 1 2 49 104 0.0584163
1 1 2 49 105 -1
1 1 2 49 106 -1
1 1 3 46 156 0.0775017
1 1 3 46 157 0.0749789
1 1 3 46 158 0.0752359
1 1 3 46 159 0.0767913
1 1 3 47 156 0.0742282
1 1 3 47 157 0.0777066
1 1 3 47 158 0.0722601
1 1 3 47 159 0.0812178
1 1 3 48 156 0.0699111
1 1 3 48 157 0.0841694
1 1 3 48 158 0.0716332
1 1 3 48 159 0.0796839
1 1 3 49 156 0.0835719
1 1 3 49 157 0.0665624
1 1 3 49 158 0.0870337
1 1 3 49 159 0.064743
1 1 4 46 216 -1
1 1 4 46 217 0.943504
1 1 4 47 216 -1
1 1 4 47 217 0.901656
1 1 4 48 216 0.593229
1 1 4 48 217 -1
1 1 4 49 216 0.934558
1 1 4 49 217 -1
1 2 3 103 156 0.92166
1 2 3 103 157 -1
1 2 3 103 158 -1
1 2 3 103 159 -1
1 2 3 104 156 -1
1 2 3 104 157 -1
1 2 3 104 158 0.866609
1 2 3 104 159 -1
1 2 3 105 156 -1
1 2 3 105 157 0.955672
1 2 3 105 158 -1
1 2 3 105 159 -1
1 2 3 106 156 -1
1 2 3 106 157 -1
1 2 3 106 158 -1
1 2 3 106 159 0.774457
1 2 4 103 216 0.853465
1 2 4 103 217 -1
1 2 4 104 216 0.562654
1 2 4 104 217 -1
1 2 4 105 216 -1
1 2 4 105 217 -1
1 2 4 106 216 -1
1 2 4 106 217 0.836042
1 3 4 156 216 0.685066
1 3 4 156 217 0.122402
1 3 4 157 216 0.268328
1 3 4 157 217 0.271314
1 3 4 158 216 0.409393
1 3 4 158 217 0.229545
1 3 4 159 216 -1
1 3 4 159 217 0.294075
2 0 1 4 50 0.435146
2 0 1 4 51 0.108269
2 0 1 4 52 0.428907
2 0 1 5 50 0.0627957
2 0 1 5 51 0.766813
2 0 1 5 52 -1
2 0 2 4 107 0.875255
2 0 2 4 108 -1
2 0 2 4 109 -1
2 0 2 5 107 -1
2 0 2 5 108 0.830969
2 0 2 5 109 -1
2 0 3 4 160 -1
2 0 3 4 161 0.68111
2 0 3 4 162 -1
2 0 3 4 163 -1
2 0 3 4 164 -1
2 0 3 5 160 0.867777
2 0 3 5 161 -1
2 0 3 5 162 -1
2 0 3 5 163 -1
2 0 3 5 164 -1
2 0 4 4 218 -1
2 0 4 4 219 0.511337
2 0 4 5 218 -1
2 0 4 5 219 0.488663
2 1 2 50 107 0.876764
2 1 2 50 108 -1
2 1 2 50 109 -1
2 1 2 51 107 -1
2 1 2 51 108 0.431819
2 1 2 51 109 -1
2 1 2 52 107 -1
2 1 2 52 108 -1
2 1 2 52 109 0.907042
2 1 3 50 160 0.943302
2 1 3 50 161 0.716551
2 1 3 50 162 -1
2 1 3 50 163 -1
2 1 3 50 164 -1
2 1 3 51 160 0.720927
2 1 3 51 161 0.93923
2 1 3 51 162 -1
2 1 3 51 163 -1
2 1 3 51 164 -1
2 1 3 52 160 -1
2 1 3 52 161 -1
2 1 3 52 162 0.795947
2 1 3 52 163 0.685978
2 1 3 52 164 0.692541
2 1 4 50 218 -1
2 1 4 50 219 0.763299
2 1 4 51 218 -1
2 1 4 51 219 -1
2 1 4 52 218 0.863057
2 1 4 52 219 -1
2 2 3 107 160 -1
2 2 3 107 161 0.822984
2 2 3 107 162 -1
2 2 3 107 163 -1
2 2 3 107 164 -1
2 2 3 108 160 0.974047
2 2 3 108 161 -1
2 2 3 108 162 -1
2 2 3 108 163 -1
2 2 3 108 164 -1
2 2 3 109 160 -1
2 2 3 109 161 -1
2 2 3 109 162 0.688048
2 2 3 109 163 0.489554
2 2 3 109 164 0.543951
2 2 4 107 218 -1
2 2 4 107 219 0.883306
2 2 4 108 218 -1
2 2 4 108 219 -1
2 2 4 109 218 0.504391
2 2 4 109 219 -1
2 3 4 160 218 0.0192253
2 3 4 160 219 -1
2 3 4 161 218 0.182215
2 3 4 161 219 0.540197
2 3 4 162 218 0.186771
2 3 4 162 219 0.5287
2 3 4 163 218 0.177383
2 3 4 163 219 0.552389
2 3 4 164 218 0.048299
2 3 4 164 219 -1
3 0 1 6 53 0.57567
3 0 1 6 54 0.144504
3 0 1 6 55 0.0454393
3 0 1 6 56 0.078398
3 0 1 7 53 -0.849953
3 0 1 7 54 0.414433
3 0 1 7 55 0.218528
3 0 1 7 56 0.685926
3 0 1 8 53 -1
3 0 1 8 54 0.273674
3 0 1 8 55 0.667825
3 0 1 8 56 0.0634651
3 0 2 6 110 -1
3 0 2 6 111 -1
3 0 2 6 112 -1
3 0 2 7 110 0.715405
3 0 2 7 111 -1
3 0 2 7 112 -1
3 0 2 8 110 -1
3 0 2 8 111 0.768413
3 0 2 8 112 -1
3 0 3 6 165 -1
3 0 3 6 166 -1
3 0 3 6 167 -1
3 0 3 6 168 0.844195
3 0 3 7 165 -1
3 0 3 7 166 0.868706
3 0 3 7 167 -1
3 0 3 7 168 -1
3 0 3 8 165 0.929194
3 0 3 8 166 -1
3 0 3 8 167 -1
3 0 3 8 168 -1
3 0 4 6 220 0.618772
3 0 4 6 221 -1
3 0 4 7 220 -1
3 0 4 7 221 0.99433
3 0 4 8 220 -1
3 0 4 8 221 -1
3 1 2 53 110 -1
3 1 2 53 111 -1
3 1 2 53 112 0.983881
3 1 2 54 110 0.770895
3 1 2 54 111 0.613367
3 1 2 54 112 -1
3 1 2 55 110 0.336449
3 1 2 55 111 0.901252
3 1 2 55 112 -1
3 1 2 56 110 -1
3 1 2 56 111 -1
3 1 2 56 112 0.189278
3 1 3 53 165 -1
3 1 3 53 166 -1
3 1 3 53 167 0.670404
3 1 3 53 168 0.659149
3 1 3 54 165 0.711604
3 1 3 54 166 0.973572
3 1 3 54 167 -1
3 1 3 54 168 -1
3 1 3 55 165 0.875001
3 1 3 55 166 0.794973
3 1 3 55 167 -1
3 1 3 55 168 -1
3 1 3 56 165 -1
3 1 3 56 166 -1
3 1 3 56 167 0.598912
3 1 3 56 168 0.569526
3 1 4 53 220 -1
3 1 4 53 221 -1
3 1 4 54 220 -1
3 1 4 54 221 0.889147
3 1 4 55 220 -1
3 1 4 55 221 0.59355
3 1 4 56 220 0.897028
3 1 4 56 221 -1
3 2 3 110 165 -1
3 2 3 110 166 0.902196
3 2 3 110 167 -1
3 2 3 110 168 -1
3 2 3 111 165 0.695935
3 2 3 111 166 -1
3 2 3 111 167 -1
3 2 3 111 168 -1
3 2 3 112 165 -1
3 2 3 112 166 -1
3 2 3 112 167 0.557
3 2 3 112 168 -1
3 2 4 110 220 -1
3 2 4 110 221 0.658547
3 2 4 111 220 -1
3 2 4 111 221 0.364226
3 2 4 112 220 0.677373
3 2 4 112 221 -1
3 3 4 165 220 0.0969414
3 3 4 165 221 -1
3 3 4 166 220 0.509712
3 3 4 166 221 0.490288
3 3 4 167 220 0.688308
3 3 4 167 221 0.311692
3 3 4 168 220 -1
3 3 4 168 221 -1
4 0 1 9 57 0.192559
4 0 1 9 58 0.185342
4 0 1 9 59 0.194352
4 0 1 10 57 0.189782
4 0 1 10 58 0.196608
4 0 1 10 59 0.188085
4 0 2 9 113 0.987977
4 0 2 9 114 -1
4 0 2 9 115 -1
4 0 2 9 116 -1
4 0 2 10 113 -1
4 0 2 10 114 -1
4 0 2 10 115 0.953778
4 0 2 10 116 -1
4 0 3 9 169 0.742989
4 0 3 9 170 0.25701
4 0 3 10 169 -1
4 0 3 10 170 -1
4 1 2 57 113 -1
4 1 2 57 114 -1
4 1 2 57 115 0.813426
4 1 2 57 116 0.882695
4 1 2 58 113 0.35967
4 1 2 58 114 0.945944
4 1 2 58 115 -1
4 1 2 58 116 -1
4 1 2 59 113 0.956202
4 1 2 59 114 0.51108
4 1 2 59 115 -1
4 1 2 59 116 -1
4 1 3 57 169 -1
4 1 3 57 170 0.0301475
4 1 3 58 169 0.463479
4 1 3 58 170 0.274865
4 1 3 59 169 0.505578
4 1 3 59 170 0.253297
4 2 3 113 169 0.975998
4 2 3 113 170 -1
4 2 3 114 169 -1
4 2 3 114 170 0.923509
4 2 3 115 169 -1
4 2 3 115 170 0.29796
4 2 3 116 169 -1
4 2 3 116 170 -1
5 0 1 11 60 0.213427
5 0 1 11 61 0.202986
5 0 1 11 62 0.187436
5 0 1 12 60 0.186428
5 0 1 12 61 0.197722
5 0 1 12 62 0.214542
5 0 2 11 117 -1
5 0 2 11 118 0.657256
5 0 2 11 119 -1
5 0 2 11 120 -1
5 0 2 12 117 0.916563
5 0 2 12 118 -1
5 0 2 12 119 -1
5 0 2 12 120 -1
5 0 3 11 171 0.529138
5 0 3 11 172 -1
5 0 3 11 173 0.516179
5 0 3 11 174 -1
5 0 3 11 175 -1
5 0 3 12 171 0.470862
5 0 3 12 172 -1
5 0 3 12 173 0.483821
5 0 3 12 174 -1
5 0 3 12 175 -1
5 0 4 11 222 0.409273
5 0 4 11 223 0.349474
5 0 4 12 222 0.541888
5 0 4 12 223 0.213714
5 1 2 60 117 -1
5 1 2 60 118 -1
5 1 2 60 119 -1
5 1 2 60 120 0.840791
5 1 2 61 117 -1
5 1 2 61 118 0.491822
5 1 2 61 119 -1
5 1 2 61 120 -1
5 1 2 62 117 0.904921
5 1 2 62 118 -1
5 1 2 62 119 -1
5 1 2 62 120 -1
5 1 3 60 171 0.0803467
5 1 3 60 172 0.115764
5 1 3 60 173 0.0767888
5 1 3 60 174 0.0929817
5 1 3 60 175 0.0943501
5 1 3 61 171 0.089942
5 1 3 61 172 0.0852635
5 1 3 61 173 0.0832543
5 1 3 61 174 0.0954646
5 1 3 61 175 0.0950482
5 1 3 62 171 0.101782
5 1 3 62 172 0.0628252
5 1 3 62 173 0.112917
5 1 3 62 174 0.0806279
5 1 3 62 175 0.0793606
5 1 4 60 222 -1
5 1 4 60 223 0.990024
5 1 4 61 222 -1
5 1 4 61 223 -1
5 1 4 62 222 0.969166
5 1 4 62 223 -1
5 2 3 117 171 0.976025
5 2 3 117 172 -1
5 2 3 117 173 -1
5 2 3 117 174 -1
5 2 3 117 175 -1
5 2 3 118 171 -1
5 2 3 118 172 -1
5 2 3 118 173 0.692392
5 2 3 118 174 -1
5 2 3 118 175 -1
5 2 3 119 171 -1
5 2 3 119 172 0.883199
5 2 3 119 173 -1
5 2 3 119 174 -1
5 2 3 119 175 0.116019
5 2 3 120 171 -1
5 2 3 120 172 -1
5 2 3 120 173 -1
5 2 3 120 174 0.898427
5 2 3 120 175 0.871954
5 2 4 117 222 0.91929
5 2 4 117 223 -1
5 2 4 118 222 0.818567
5 2 4 118 223 -1
5 2 4 119 222 -1
5 2 4 119 223 -1
5 2 4 120 222 -1
5 2 4 120 223 0.632293
5 3 4 171 222 0.674978
5 3 4 171 223 0.0878123
5 3 4 172 222 0.27467
5 3 4 172 223 0.171925
5 3 4 173 222 0.328116
5 3 4 173 223 0.181525
5 3 4 174 222 -1
5 3 4 174 223 0.250356
5 3 4 175 222 -1
5 3 4 175 223 0.241209
6 0 1 13 63 0.130508
6 0 1 13 64 0.267601
6 0 1 13 65 0.0751338
6 0 1 14 63 0.181965
6 0 1 14 64 0.125506
6 0 1 14 65 0.186604
6 0 1 15 63 0.16915
6 0 1 15 64 0.122207
6 0 1 15 65 0.203281
6 0 2 13 121 -1
6 0 2 13 122 0.977717
6 0 2 13 123 -1
6 0 2 14 121 0.957499
6 0 2 14 122 -1
6 0 2 14 123 -1
6 0 2 15 121 -1
6 0 2 15 122 -1
6 0 2 15 123 -1
6 0 3 13 176 0.172948
6 0 3 13 177 0.292897
6 0 3 13 178 -0.815471
6 0 3 13 179 0.306521
6 0 3 14 176 0.333655
6 0 3 14 177 0.249448
6 0 3 14 178 -0.90633
6 0 3 14 179 0.236481
6 0 3 15 176 0.118366
6 0 3 15 177 0.103089
6 0 3 15 178 0.24503
6 0 3 15 179 0.102412
6 0 4 13 224 0.361026
6 0 4 13 225 0.0726611
6 0 4 14 224 0.521911
6 0 4 14 225 0.108963
6 0 4 15 224 0.0550805
6 0 4 15 225 0.805435
6 1 2 63 121 -1
6 1 2 63 122 -1
6 1 2 63 123 0.112816
6 1 2 64 121 0.317143
6 1 2 64 122 0.963856
6 1 2 64 123 -1
6 1 2 65 121 -1
6 1 2 65 122 -1
6 1 2 65 123 0.731577
6 1 3 63 176 0.101055
6 1 3 63 177 0.0996754
6 1 3 63 178 0.109655
6 1 3 63 179 0.0997926
6 1 3 64 176 0.0936281
6 1 3 64 177 0.104684
6 1 3 64 178 0.10116
6 1 3 64 179 0.108135
6 1 3 65 176 0.112996
6 1 3 65 177 0.102352
6 1 3 65 178 0.0938115
6 1 3 65 179 0.0983435
6 1 4 63 224 -1
6 1 4 63 225 0.995862
6 1 4 64 224 0.709877
6 1 4 64 225 -1
6 1 4 65 224 -1
6 1 4 65 225 0.992761
6 2 3 121 176 0.886111
6 2 3 121 177 -1
6 2 3 121 178 -1
6 2 3 121 179 -1
6 2 3 122 176 -1
6 2 3 122 177 0.983371
6 2 3 122 178 -1
6 2 3 122 179 -1
6 2 3 123 176 -1
6 2 3 123 177 -1
6 2 3 123 178 0.663599
6 2 3 123 179 -1
6 2 4 121 224 0.935218
6 2 4 121 225 -1
6 2 4 122 224 0.0560824
6 2 4 122 225 -1
6 2 4 123 224 -1
6 2 4 123 225 0.759859
6 3 4 176 224 0.284037
6 3 4 176 225 0.144484
6 3 4 177 224 0.220577
6 3 4 177 225 0.215577
6 3 4 178 224 0.159901
6 3 4 178 225 0.269244
6 3 4 179 224 0.190858
6 3 4 179 225 0.248871
7 0 1 16 66 0.973289
7 0 1 16 67 -1
7 0 1 16 68 0.0225664
7 0 1 17 66 -1
7 0 1 17 67 0.945163
7 0 1 17 68 -1
7 0 2 16 124 0.814132
7 0 2 16 125 -1
7 0 2 16 126 -1
7 0 2 17 124 -1
7 0 2 17 125 0.977376
7 0 2 17 126 -1
7 0 3 16 180 -1
7 0 3 16 181 0.766573
7 0 3 16 182 -1
7 0 3 16 183 -1
7 0 3 17 180 0.984753
7 0 3 17 181 -1
7 0 3 17 182 -1
7 0 3 17 183 -1
7 0 4 16 226 -1
7 0 4 16 227 0.612337
7 0 4 17 226 -1
7 0 4 17 227 0.387663
7 1 2 66 124 0.806126
7 1 2 66 125 0.103788
7 1 2 66 126 -1
7 1 2 67 124 -1
7 1 2 67 125 0.721145
7 1 2 67 126 -1
7 1 2 68 124 -1
7 1 2 68 125 -1
7 1 2 68 126 0.189364
7 1 3 66 180 0.914925
7 1 3 66 181 0.773666
7 1 3 66 182 -1
7 1 3 66 183 -1
7 1 3 67 180 0.979263
7 1 3 67 181 0.56814
7 1 3 67 182 -1
7 1 3 67 183 -1
7 1 3 68 180 -1
7 1 3 68 181 -1
7 1 3 68 182 0.888206
7 1 3 68 183 0.282097
7 1 4 66 226 -1
7 1 4 66 227 0.991054
7 1 4 67 226 -1
7 1 4 67 227 -1
7 1 4 68 226 0.821716
7 1 4 68 227 -1
7 2 3 124 180 -1
7 2 3 124 181 0.953178
7 2 3 124 182 -1
7 2 3 124 183 -1
7 2 3 125 180 0.92916
7 2 3 125 181 -1
7 2 3 125 182 -1
7 2 3 125 183 -1
7 2 3 126 180 -1
7 2 3 126 181 -1
7 2 3 126 182 -1
7 2 3 126 183 -1
7 2 4 124 226 -1
7 2 4 124 227 0.669252
7 2 4 125 226 -1
7 2 4 125 227 -1
7 2 4 126 226 -1
7 2 4 126 227 -1
7 3 4 180 226 -1
7 3 4 180 227 -1
7 3 4 181 226 0.421599
7 3 4 181 227 0.545938
7 3 4 182 226 0.939683
7 3 4 182 227 -1
7 3 4 183 226 -1
7 3 4 183 227 -1
8 0 1 18 69 0.253087
8 0 1 18 70 -1
8 0 1 18 71 -1
8 0 1 19 69 -1
8 0 1 19 70 -1
8 0 1 19 71 0.525443
8 0 1 20 69 -1
8 0 1 20 70 0.532519
8 0 1 20 71 -1
8 0 2 18 127 -1
8 0 2 18 128 0.125776
8 0 2 18 129 0.79938
8 0 2 19 127 0.66689
8 0 2 19 128 -1
8 0 2 19 129 -1
8 0 2 20 127 -1
8 0 2 20 128 0.650635
8 0 2 20 129 0.108104
8 0 3 18 184 -1
8 0 3 18 185 -1
8 0 3 18 186 -1
8 0 3 18 187 0.862512
8 0 3 19 184 -1
8 0 3 19 185 0.608034
8 0 3 19 186 -1
8 0 3 19 187 -1
8 0 3 20 184 0.978355
8 0 3 20 185 -1
8 0 3 20 186 -1
8 0 3 20 187 -1
8 0 4 18 228 0.688728
8 0 4 18 229 -1
8 0 4 19 228 -1
8 0 4 19 229 0.778031
8 0 4 20 228 -1
8 0 4 20 229 -1
8 1 2 69 127 -1
8 1 2 69 128 -1
8 1 2 69 129 0.816672
8 1 2 70 127 0.693938
8 1 2 70 128 0.852523
8 1 2 70 129 -1
8 1 2 71 127 -1
8 1 2 71 128 -1
8 1 2 71 129 0.557024
8 1 3 69 184 -1
8 1 3 69 185 -1
8 1 3 69 186 0.214514
8 1 3 69 187 0.554164
8 1 3 70 184 0.852087
8 1 3 70 185 0.524805
8 1 3 70 186 -1
8 1 3 70 187 -1
8 1 3 71 184 -1
8 1 3 71 185 -1
8 1 3 71 186 0.294834
8 1 3 71 187 0.735916
8 1 4 69 228 -1
8 1 4 69 229 -1
8 1 4 70 228 -1
8 1 4 70 229 0.943249
8 1 4 71 228 0.914598
8 1 4 71 229 -1
8 2 3 127 184 -1
8 2 3 127 185 0.952548
8 2 3 127 186 -1
8 2 3 127 187 -1
8 2 3 128 184 0.739254
8 2 3 128 185 -1
8 2 3 128 186 -1
8 2 3 128 187 -1
8 2 3 129 184 -1
8 2 3 129 185 -1
8 2 3 129 186 -1
8 2 3 129 187 0.584593
8 2 4 127 228 -1
8 2 4 127 229 0.944367
8 2 4 128 228 -1
8 2 4 128 229 -1
8 2 4 129 228 -1
8 2 4 129 229 -1
8 3 4 184 228 -1
8 3 4 184 229 -1
8 3 4 185 228 0.361283
8 3 4 185 229 0.638717
8 3 4 186 228 0.777115
8 3 4 186 229 0.14086
8 3 4 187 228 -1
8 3 4 187 229 -1
9 0 1 21 72 -1
9 0 2 21 130 0.305624
9 0 2 21 131 -1
9 0 2 21 132 -1
9 0 3 21 188 -1
9 0 3 21 189 -1
9 0 3 21 190 -1
9 0 4 21 230 0.483058
9 0 4 21 231 -1
9 1 2 72 130 -1
9 1 2 72 131 0.957716
9 1 2 72 132 0.033626
9 1 3 72 188 0.873864
9 1 3 72 189 0.821579
9 1 3 72 190 -1
9 1 4 72 230 -1
9 1 4 72 231 0.33361
9 2 3 130 188 -1
9 2 3 130 189 -1
9 2 3 130 190 0.935438
9 2 3 131 188 0.853691
9 2 3 131 189 -1
9 2 3 131 190 -1
9 2 3 132 188 -1
9 2 3 132 189 0.910569
9 2 3 132 190 -1
9 2 4 130 230 0.996135
9 2 4 130 231 -1
9 2 4 131 230 -1
9 2 4 131 231 -1
9 2 4 132 230 -1
9 2 4 132 231 0.927428
9 3 4 188 230 0.759748
9 3 4 188 231 0.130329
9 3 4 189 230 -1
9 3 4 189 231 0.531558
9 3 4 190 230 0.607148
9 3 4 190 231 0.21311
10 0 1 22 73 0.25321
10 0 1 22 74 0.33113
10 0 1 22 75 0.180665
10 0 1 23 73 0.250644
10 0 1 23 74 0.166141
10 0 1 23 75 0.329317
10 0 2 22 133 0.909793
10 0 2 23 133 0.0284134
10 0 3 22 191 -1
10 0 3 22 192 0.968886
10 0 3 23 191 -1
10 0 3 23 192 -1
10 0 4 22 232 -1
10 0 4 22 233 -1
10 0 4 23 232 0.762932
10 0 4 23 233 -1
10 1 2 73 133 -1
10 1 2 74 133 0.961059
10 1 2 75 133 0.252563
10 1 3 73 191 0.953975
10 1 3 73 192 -1
10 1 3 74 191 -1
10 1 3 74 192 0.973344
10 1 3 75 191 -1
10 1 3 75 192 0.668645
10 1 4 73 232 -1
10 1 4 73 233 0.821662
10 1 4 74 232 0.838271
10 1 4 74 233 -1
10 1 4 75 232 0.995814
10 1 4 75 233 -1
10 2 3 133 191 0.330146
10 2 3 133 192 0.669854
10 2 4 133 232 -1
10 2 4 133 233 -1
10 3 4 191 232 0.749846
10 3 4 191 233 0.136094
10 3 4 192 232 0.0602707
10 3 4 192 233 0.82594
11 0 1 24 76 0.0672158
11 0 1 24 77 0.579847
11 0 1 24 78 0.261495
11 0 1 25 76 -1
11 0 1 25 77 -1
11 0 1 25 78 0.699518
11 0 2 24 134 0.369428
11 0 2 24 135 -1
11 0 2 24 136 -1
11 0 2 25 134 -1
11 0 2 25 135 -1
11 0 2 25 136 -1
11 0 3 24 193 0.205684
11 0 3 24 194 0.1268
11 0 3 24 195 -1
11 0 3 25 193 -1
11 0 3 25 194 0.8732
11 0 3 25 195 -1
11 0 4 24 234 0.0989183
11 0 4 25 234 -1
11 1 2 76 134 0.946556
11 1 2 76 135 -1
11 1 2 76 136 -1
11 1 2 77 134 -1
11 1 2 77 135 0.779984
11 1 2 77 136 -1
11 1 2 78 134 -1
11 1 2 78 135 -1
11 1 2 78 136 -1
11 1 3 76 193 0.950852
11 1 3 76 194 0.332001
11 1 3 76 195 -1
11 1 3 77 193 -1
11 1 3 77 194 -1
11 1 3 77 195 0.940778
11 1 3 78 193 0.0564681
11 1 3 78 194 0.917208
11 1 3 78 195 -1
11 1 4 76 234 0.429502
11 1 4 77 234 0.259355
11 1 4 78 234 0.311143
11 2 3 134 193 0.969978
11 2 3 134 194 -1
11 2 3 134 195 -1
11 2 3 135 193 -1
11 2 3 135 194 -1
11 2 3 135 195 0.962596
11 2 3 136 193 -1
11 2 3 136 194 -1
11 2 3 136 195 0.972315
11 2 4 134 234 0.997609
11 2 4 135 234 -1
11 2 4 136 234 -1
11 3 4 193 234 0.963213
11 3 4 194 234 0.420399
11 3 4 195 234 -1
12 0 1 26 79 0.222871
12 0 1 26 80 0.0870133
12 0 1 27 79 0.2602
12 0 1 27 80 0.357978
12 0 1 28 79 0.293748
12 0 1 28 80 0.308284
12 0 2 26 137 0.878645
12 0 2 26 138 -1
12 0 2 26 139 -1
12 0 2 27 137 -1
12 0 2 27 138 0.181161
12 0 2 27 139 -1
12 0 2 28 137 -1
12 0 2 28 138 0.997994
12 0 2 28 139 -1
12 0 3 26 196 -1
12 0 3 26 197 -1
12 0 3 27 196 0.117014
12 0 3 27 197 0.786085
12 0 3 28 196 0.971581
12 0 3 28 197 -1
12 0 4 26 235 0.0936119
12 0 4 26 236 0.88818
12 0 4 27 235 0.632751
12 0 4 27 236 -1
12 0 4 28 235 0.261969
12 0 4 28 236 0.358369
12 1 2 79 137 0.429757
12 1 2 79 138 0.986985
12 1 2 79 139 -1
12 1 2 80 137 -1
12 1 2 80 138 -1
12 1 2 80 139 0.835047
12 1 3 79 196 0.942623
12 1 3 79 197 -1
12 1 3 80 196 -1
12 1 3 80 197 0.39674
12 1 4 79 235 -1
12 1 4 79 236 0.434413
12 1 4 80 235 0.990138
12 1 4 80 236 -1
12 2 3 137 196 -1
12 2 3 137 197 -1
12 2 3 138 196 0.994317
12 2 3 138 197 -1
12 2 3 139 196 -1
12 2 3 139 197 -1
12 2 4 137 235 -1
12 2 4 137 236 0.984253
12 2 4 138 235 -1
12 2 4 138 236 -1
12 2 4 139 235 0.949093
12 2 4 139 236 -1
12 3 4 196 235 0.24418
12 3 4 196 236 0.75582
12 3 4 197 235 -1
12 3 4 197 236 -1
13 0 1 29 81 0.891204
13 0 1 29 82 0.775543
13 0 1 29 83 -1
13 0 1 30 81 -1
13 0 1 30 82 -1
13 0 1 30 83 0.567346
13 0 2 29 140 0.911963
13 0 2 30 140 -1
13 0 3 29 198 -1
13 0 3 29 199 0.951355
13 0 3 29 200 -1
13 0 3 30 198 0.923236
13 0 3 30 199 -1
13 0 3 30 200 -1
13 0 4 29 237 -1
13 0 4 29 238 0.951485
13 0 4 30 237 -1
13 0 4 30 238 0.0485154
13 1 2 81 140 0.988007
13 1 2 82 140 -1
13 1 2 83 140 -1
13 1 3 81 198 0.792517
13 1 3 81 199 0.942651
13 1 3 81 200 -1
13 1 3 82 198 -1
13 1 3 82 199 -1
13 1 3 82 200 0.969056
13 1 3 83 198 0.866661
13 1 3 83 199 0.565279
13 1 3 83 200 -1
13 1 4 81 237 -1
13 1 4 81 238 0.875544
13 1 4 82 237 0.722659
13 1 4 82 238 -1
13 1 4 83 237 -1
13 1 4 83 238 -1
13 2 3 140 198 -1
13 2 3 140 199 0.959066
13 2 3 140 200 -1
13 2 4 140 237 -1
13 2 4 140 238 0.753169
13 3 4 198 237 -1
13 3 4 198 238 -1
13 3 4 199 237 0.0806063
13 3 4 199 238 0.798981
13 3 4 200 237 0.46261
13 3 4 200 238 -1
14 0 1 31 84 0.0334412
14 0 1 31 85 -1
14 0 1 31 86 -1
14 0 1 32 84 0.888704
14 0 1 32 85 -1
14 0 1 32 86 0.368698
14 0 1 33 84 -1
14 0 1 33 85 0.770715
14 0 1 33 86 -1
14 0 2 31 141 -1
14 0 2 31 142 0.912696
14 0 2 32 141 0.698658
14 0 2 32 142 -1
14 0 2 33 141 -1
14 0 2 33 142 0.907995
14 0 3 31 201 -1
14 0 3 31 202 -1
14 0 3 31 203 -1
14 0 3 32 201 -1
14 0 3 32 202 0.752319
14 0 3 32 203 -1
14 0 3 33 201 0.931256
14 0 3 33 202 -1
14 0 3 33 203 -1
14 0 4 31 239 0.963564
14 0 4 31 240 -1
14 0 4 32 239 -1
14 0 4 32 240 0.800878
14 0 4 33 239 -1
14 0 4 33 240 -1
14 1 2 84 141 0.979203
14 1 2 84 142 0.0128183
14 1 2 85 141 -1
14 1 2 85 142 0.959653
14 1 2 86 141 -1
14 1 2 86 142 -1
14 1 3 84 201 -1
14 1 3 84 202 0.910585
14 1 3 84 203 -1
14 1 3 85 201 0.665244
14 1 3 85 202 -1
14 1 3 85 203 -1
14 1 3 86 201 -1
14 1 3 86 202 -1
14 1 3 86 203 0.662399
14 1 4 84 239 -1
14 1 4 84 240 0.918884
14 1 4 85 239 -1
14 1 4 85 240 0.712952
14 1 4 86 239 0.947575
14 1 4 86 240 -1
14 2 3 141 201 -1
14 2 3 141 202 0.943554
14 2 3 141 203 -1
14 2 3 142 201 0.739664
14 2 3 142 202 -1
14 2 3 142 203 -1
14 2 4 141 239 -1
14 2 4 141 240 0.948191
14 2 4 142 239 -1
14 2 4 142 240 -1
14 3 4 201 239 -1
14 3 4 201 240 -1
14 3 4 202 239 0.252987
14 3 4 202 240 0.747013
14 3 4 203 239 0.793355
14 3 4 203 240 -1
15 0 1 34 87 0.882502
15 0 1 34 88 -1
15 0 1 34 89 -1
15 0 1 35 87 -1
15 0 1 35 88 0.82734
15 0 1 35 89 -1
15 0 2 34 143 0.825995
15 0 2 34 144 -1
15 0 2 34 145 -1
15 0 2 35 143 -1
15 0 2 35 144 -1
15 0 2 35 145 -1
15 0 3 34 204 0.809089
15 0 3 34 205 -1
15 0 3 34 206 -1
15 0 3 35 204 -1
15 0 3 35 205 0.886358
15 0 3 35 206 -1
15 0 4 34 241 0.865634
15 0 4 35 241 -1
15 1 2 87 143 0.990757
15 1 2 87 144 -1
15 1 2 87 145 -1
15 1 2 88 143 -1
15 1 2 88 144 -1
15 1 2 88 145 -1
15 1 2 89 143 -1
15 1 2 89 144 0.391172
15 1 2 89 145 0.69713
15 1 3 87 204 0.954615
15 1 3 87 205 0.292846
15 1 3 87 206 -1
15 1 3 88 204 0.260304
15 1 3 88 205 0.697166
15 1 3 88 206 -1
15 1 3 89 204 -1
15 1 3 89 205 -1
15 1 3 89 206 0.950327
15 1 4 87 241 0.956877
15 1 4 88 241 -1
15 1 4 89 241 -1
15 2 3 143 204 0.971056
15 2 3 143 205 -1
15 2 3 143 206 -1
15 2 3 144 204 -1
15 2 3 144 205 -1
15 2 3 144 206 -1
15 2 3 145 204 -1
15 2 3 145 205 -1
15 2 3 145 206 0.589701
15 2 4 143 241 0.999872
15 2 4 144 241 -1
15 2 4 145 241 -1
15 3 4 204 241 0.98406
15 3 4 205 241 0.978867
15 3 4 206 241 -1
16 0 1 36 90 0.427448
16 0 1 36 91 -1
16 0 1 36 92 -1
16 0 1 37 90 0.395733
16 0 1 37 91 0.168343
16 0 1 37 92 0.0383082
16 0 1 38 90 0.0509264
16 0 1 38 91 0.431987
16 0 1 38 92 0.465918
16 0 2 36 146 0.960894
16 0 2 36 147 -1
16 0 2 36 148 -1
16 0 2 37 146 -1
16 0 2 37 147 0.133632
16 0 2 37 148 -1
16 0 2 38 146 -1
16 0 2 38 147 0.968141
16 0 2 38 148 -1
16 0 3 36 207 -1
16 0 3 36 208 -1
16 0 3 37 207 -1
16 0 3 37 208 0.869841
16 0 3 38 207 0.999429
16 0 3 38 208 -1
16 0 4 36 242 0.973303
16 0 4 36 243 -1
16 0 4 37 242 -1
16 0 4 37 243 0.674213
16 0 4 38 242 0.178192
16 0 4 38 243 -1
16 1 2 90 146 0.750117
16 1 2 90 147 0.27362
16 1 2 90 148 -1
16 1 2 91 146 -1
16 1 2 91 147 0.856641
16 1 2 91 148 -1
16 1 2 92 146 -1
16 1 2 92 147 -1
16 1 2 92 148 0.886582
16 1 3 90 207 0.155313
16 1 3 90 208 -1
16 1 3 91 207 0.866242
16 1 3 91 208 -1
16 1 3 92 207 -1
16 1 3 92 208 0.533451
16 1 4 90 242 0.905034
16 1 4 90 243 -1
16 1 4 91 242 -1
16 1 4 91 243 -1
16 1 4 92 242 -1
16 1 4 92 243 0.957558
16 2 3 146 207 -1
16 2 3 146 208 -1
16 2 3 147 207 0.966746
16 2 3 147 208 -1
16 2 3 148 207 -1
16 2 3 148 208 -1
16 2 4 146 242 0.840032
16 2 4 146 243 -1
16 2 4 147 242 -1
16 2 4 147 243 -1
16 2 4 148 242 -1
16 2 4 148 243 0.926732
16 3 4 207 242 0.825357
16 3 4 207 243 0.174643
16 3 4 208 242 -1
16 3 4 208 243 -1
17 0 1 39 93 0.121044
17 0 1 39 94 0.50908
17 0 1 39 95 -1
17 0 1 39 96 -1
17 0 1 40 93 0.878956
17 0 1 40 94 -1
17 0 1 40 95 -1
17 0 1 40 96 -1
17 0 2 39 149 -1
17 0 2 39 150 0.689045
17 0 2 40 149 0.940371
17 0 2 40 150 -1
17 0 3 39 209 -1
17 0 3 39 210 -1
17 0 3 40 209 -1
17 0 3 40 210 0.781699
17 0 4 39 244 0.646047
17 0 4 39 245 -1
17 0 4 40 244 -1
17 0 4 40 245 0.883496
17 1 2 93 149 0.756292
17 1 2 93 150 -1
17 1 2 94 149 -1
17 1 2 94 150 -1
17 1 2 95 149 -1
17 1 2 95 150 0.791305
17 1 2 96 149 -1
17 1 2 96 150 -1
17 1 3 93 209 -1
17 1 3 93 210 0.776022
17 1 3 94 209 -1
17 1 3 94 210 -1
17 1 3 95 209 0.948807
17 1 3 95 210 -1
17 1 3 96 209 -1
17 1 3 96 210 -1
17 1 4 93 244 -1
17 1 4 93 245 0.835515
17 1 4 94 244 -1
17 1 4 94 245 -1
17 1 4 95 244 -1
17 1 4 95 245 0.125124
17 1 4 96 244 0.839754
17 1 4 96 245 -1
17 2 3 149 209 -1
17 2 3 149 210 0.865069
17 2 3 150 209 0.828223
17 2 3 150 210 -1
17 2 4 149 244 -1
17 2 4 149 245 0.932978
17 2 4 150 244 -1
17 2 4 150 245 -1
17 3 4 209 244 0.496049
17 3 4 209 245 -1
17 3 4 210 244 0.0955743
17 3 4 210 245 0.87302
18 0 1 41 97 0.882588
18 0 1 41 98 -1
18 0 1 41 99 0.224763
18 0 2 41 151 0.869291
18 0 3 41 211 -1
18 0 3 41 212 0.976608
18 0 3 41 213 -1
18 0 4 41 246 -1
18 0 4 41 247 0.863113
18 1 2 97 151 0.888833
18 1 2 98 151 -1
18 1 2 99 151 -1
18 1 3 97 211 0.888629
18 1 3 97 212 0.952846
18 1 3 97 213 -1
18 1 3 98 211 0.661357
18 1 3 98 212 0.681525
18 1 3 98 213 -1
18 1 3 99 211 -1
18 1 3 99 212 -1
18 1 3 99 213 0.700373
18 1 4 97 246 -1
18 1 4 97 247 0.939696
18 1 4 98 246 -1
18 1 4 98 247 -1
18 1 4 99 246 0.925723
18 1 4 99 247 -1
18 2 3 151 211 -1
18 2 3 151 212 0.850779
18 2 3 151 213 -1
18 2 4 151 246 -1
18 2 4 151 247 0.94192
18 3 4 211 246 -1
18 3 4 211 247 -1
18 3 4 212 246 0.166873
18 3 4 212 247 0.833127
18 3 4 213 246 0.0671011
18 3 4 213 247 -1
end of Frame 145
