J OverallIdx viewIdx joint种类0-18(jointIdx) 该joint在图中的顺序(candidix) x y score
0 0 0 0 33.5306 383.796 0.769532
1 0 0 1 673.064 392.227 0.558638
2 0 0 2 325.197 432.313 0.599036
3 0 1 0 661.717 194.048 0.812007
4 0 1 1 325.365 210.765 0.905128
5 0 1 2 22.3716 244.531 0.789725
6 0 2 0 684.217 388.026 0.471886
7 0 2 1 370.258 436.503 0.581079
8 0 3 0 64.4591 381.691 0.724974
9 0 3 1 664.586 394.352 0.609526
10 0 3 2 280.284 430.223 0.584844
11 0 4 0 586.103 141.299 0.727016
12 0 4 1 36.5734 187.641 0.805326
13 0 5 0 678.592 191.935 0.688974
14 0 5 1 401.056 210.951 0.80572
15 0 6 0 642.272 196.143 0.839219
16 0 6 1 255.166 204.535 0.798268
17 0 6 2 75.7275 242.54 0.866029
18 0 7 0 664.737 556.688 0.508114
19 0 7 1 347.764 628.409 0.751133
20 0 8 0 72.9216 480.865 0.807642
21 0 8 1 675.813 565.091 0.593947
22 0 8 2 260.797 611.468 0.727883
23 0 9 0 384.204 126.632 0.844306
24 0 10 0 305.799 122.254 0.839153
25 0 10 1 619.812 132.86 0.851722
26 0 10 2 58.9732 179.299 0.288211
27 0 11 0 434.739 345.893 0.879269
28 0 12 0 667.441 284.696 0.8244
29 0 12 1 84.2043 312.075 0.883213
30 0 12 2 216.051 339.504 0.83418
31 0 13 0 678.656 662.117 0.70128
32 0 13 1 328.172 765.522 0.332815
33 0 14 0 78.4439 582.07 0.84747
34 0 14 1 695.458 719.046 0.744647
35 0 14 2 232.819 765.532 0.426178
36 0 15 0 415.01 430.228 0.663401
37 0 16 0 625.33 360.566 0.794333
38 0 16 1 103.777 375.278 0.874018
39 0 16 2 258.078 411.192 0.691096
40 0 17 0 86.9138 603.132 0.759775
41 0 17 1 617.031 733.8 0.799444
42 0 18 0 30.8385 598.8 0.577083
43 0 18 1 636.477 664.253 0.813112
44 1 0 0 47.686 400.684 0.701644
45 1 0 1 356.164 396.431 0.154682
46 1 0 2 681.496 402.735 0.691465
47 1 1 0 684.244 236.211 0.880643
48 1 2 0 350.55 396.463 0.169241
49 1 2 1 709.459 400.652 0.694347
50 1 3 0 78.4776 398.542 0.740628
51 1 3 1 647.828 402.767 0.638406
52 1 4 0 75.6528 191.829 0.906008
53 1 4 1 622.639 191.802 0.841088
54 1 5 0 726.349 244.506 0.880086
55 1 6 0 642.124 229.84 0.88778
56 1 6 1 58.9522 255.135 0.799357
57 1 7 0 692.687 529.312 0.627794
58 1 8 0 103.713 497.657 0.883752
59 1 8 1 616.79 529.284 0.816374
60 1 9 0 28.022 189.807 0.843878
61 1 10 0 658.958 177.077 0.946238
62 1 11 0 751.534 329.01 0.913647
63 1 12 0 78.6282 328.87 0.873221
64 1 12 1 633.695 328.93 0.884819
65 1 13 0 729.131 579.92 0.412834
66 1 13 1 681.446 651.545 0.809845
67 1 14 0 126.145 609.396 0.820389
68 1 14 1 611.281 657.924 0.751302
69 1 15 0 709.503 381.683 0.749544
70 1 16 0 109.338 385.932 0.79959
71 1 16 1 614.124 398.545 0.842948
72 1 17 0 173.924 617.814 0.690001
73 1 17 1 549.615 662.13 0.779467
74 1 18 0 726.318 596.723 0.287365
75 1 18 1 39.3093 632.58 0.747857
76 1 18 2 645.057 645.258 0.3623
77 2 0 0 518.853 234.091 0.755489
78 2 0 1 715.083 371.152 0.646285
79 2 1 0 541.26 92.8104 0.886894
80 2 1 1 748.65 225.604 0.772538
81 2 2 0 485.275 229.874 0.787904
82 2 2 1 717.943 366.908 0.566752
83 2 3 0 549.495 240.407 0.785762
84 2 3 1 709.594 377.432 0.730354
85 2 4 0 532.835 56.93 0.906561
86 2 4 1 692.694 168.722 0.821087
87 2 5 0 490.754 80.181 0.82207
88 2 5 1 731.976 212.943 0.647553
89 2 6 0 591.656 105.458 0.846857
90 2 6 1 751.702 236.204 0.821755
91 2 7 0 468.306 320.537 0.81318
92 2 7 1 703.919 478.626 0.706977
93 2 8 0 549.471 328.959 0.880245
94 2 8 1 684.235 480.841 0.768461
95 2 9 0 518.754 42.1663 0.178693
96 2 10 0 572.091 54.756 0.811692
97 2 10 1 748.807 160.223 0.967162
98 2 11 0 440.411 109.548 0.907534
99 2 12 0 630.949 162.373 0.876055
100 2 12 1 754.325 341.546 0.842336
101 2 12 2 100.909 721.194 0.152914
102 2 13 0 454.31 394.363 0.88967
103 2 13 1 687.068 550.418 0.750994
104 2 14 0 549.471 407.016 0.862028
105 2 14 1 681.471 594.609 0.770119
106 2 15 0 465.6 174.931 0.872491
107 2 16 0 583.311 208.784 0.872239
108 2 16 1 701.071 381.719 0.820229
109 2 17 0 546.911 438.611 0.811819
110 2 17 1 630.997 615.754 0.772248
111 2 18 0 423.441 423.847 0.74314
112 2 18 1 639.323 552.469 0.850731
113 3 0 0 316.911 339.488 0.578668
114 3 1 0 305.723 191.784 0.884597
115 3 1 1 636.62 206.671 0.569034
116 3 2 0 280.419 339.467 0.672063
117 3 3 0 350.57 339.524 0.539444
118 3 4 0 328.237 126.617 0.941066
119 3 5 0 257.933 185.581 0.833662
120 3 5 1 886.226 194.019 0.417777
121 3 6 0 358.927 191.933 0.792439
122 3 6 1 392.647 227.689 0.40325
123 3 7 0 263.683 463.938 0.654157
124 3 8 0 328.204 459.695 0.202622
125 3 9 0 731.863 44.3379 0.698445
126 3 9 1 852.571 78.0648 0.18652
127 3 9 2 754.424 88.5043 0.233361
128 3 9 3 291.679 126.462 0.873575
129 3 10 0 552.453 42.23 0.383357
130 3 11 0 190.688 236.138 0.887347
131 3 11 1 975.937 476.55 0.183336
132 3 12 0 342.172 495.557 0.21722
133 3 12 1 330.928 660.033 0.18815
134 3 13 0 252.336 573.563 0.554267
135 3 14 0 316.875 586.201 0.189138
136 3 15 0 235.708 295.149 0.961155
137 4 0 0 588.936 288.868 0.73097
138 4 0 1 434.693 312.118 0.493037
139 4 1 0 454.25 109.736 0.663472
140 4 1 1 572.153 141.317 0.952495
141 4 2 0 555.217 288.916 0.7189
142 4 2 1 434.664 312.11 0.571701
143 4 3 0 616.935 286.767 0.757666
144 4 3 1 434.654 314.21 0.364983
145 4 4 0 507.7 48.4721 0.792883
146 4 4 1 611.367 88.575 0.861183
147 4 5 0 437.581 111.751 0.829903
148 4 5 1 529.956 143.442 0.905651
149 4 6 0 462.768 109.625 0.612961
150 4 6 1 616.948 139.123 0.881539
151 4 7 0 569.14 396.475 0.807958
152 4 7 1 451.544 495.589 0.724339
153 4 8 0 639.234 392.21 0.841021
154 4 8 1 417.938 480.785 0.69702
155 4 9 0 462.75 46.4201 0.894426
156 4 9 1 566.393 78.0951 0.888712
157 4 11 0 415.191 189.721 0.870132
158 4 11 1 502.015 223.506 0.903708
159 4 12 0 625.421 210.958 0.852893
160 4 13 0 572.185 497.562 0.881068
161 4 13 1 459.794 659.993 0.753284
162 4 14 0 639.281 493.403 0.858608
163 4 14 1 409.42 613.572 0.745112
164 4 15 0 443.168 261.391 0.845274
165 4 15 1 535.677 280.516 0.84379
166 4 16 0 636.512 274.15 0.832624
167 4 17 0 684.194 512.455 0.933795
168 4 17 1 476.713 603.12 0.202906
169 4 18 0 597.35 520.84 0.827994
170 4 18 1 532.876 681.055 0.761026
P viewIdx, pafIdx, aOverAllIdx, bOverAllIdx, CandidAIdx, CandidBIdx, score
0 0 3 0 0 0 0
0 0 3 1 0 1 0.95526
0 0 3 2 0 2 0
0 0 4 0 1 0 0
0 0 4 1 1 1 0
0 0 4 2 1 2 0.993676
0 0 5 0 2 0 0.985575
0 0 5 1 2 1 0
0 0 5 2 2 2 0
0 1 6 18 0 0 0.904527
0 1 6 19 0 1 0
0 1 7 18 1 0 0
0 1 7 19 1 1 0.951407
0 2 18 31 0 0 0.95429
0 2 18 32 0 1 0
0 2 19 31 1 0 0
0 2 19 32 1 1 0.965141
0 3 0 6 0 0 0
0 3 0 7 0 1 0
0 3 1 6 1 0 0.797331
0 3 1 7 1 1 0
0 3 2 6 2 0 0
0 3 2 7 2 1 0.881835
0 4 0 8 0 0 0.932333
0 4 0 9 0 1 0
0 4 0 10 0 2 0
0 4 1 8 1 0 0
0 4 1 9 1 1 0.790511
0 4 1 10 1 2 0
0 4 2 8 2 0 0
0 4 2 9 2 1 0
0 4 2 10 2 2 0.877081
0 5 8 20 0 0 0.988348
0 5 8 21 0 1 0
0 5 8 22 0 2 0
0 5 9 20 1 0 0
0 5 9 21 1 1 0.967635
0 5 9 22 1 2 0
0 5 10 20 2 0 0
0 5 10 21 2 1 0
0 5 10 22 2 2 0.961885
0 6 20 33 0 0 0.993664
0 6 20 34 0 1 0
0 6 20 35 0 2 0
0 6 21 33 1 0 0
0 6 21 34 1 1 0.98412
0 6 21 35 1 2 0
0 6 22 33 2 0 0
0 6 22 34 2 1 0
0 6 22 35 2 2 0.959366
0 7 3 13 0 0 0.951824
0 7 3 14 0 1 0
0 7 4 13 1 0 0
0 7 4 14 1 1 0.996492
0 7 5 13 2 0 0
0 7 5 14 2 1 0
0 8 13 27 0 0 0
0 8 14 27 1 0 0.991182
0 9 27 36 0 0 0.962466
0 10 13 23 0 0 0
0 10 14 23 1 0 0.995527
0 11 3 15 0 0 0.944961
0 11 3 16 0 1 0
0 11 3 17 0 2 0
0 11 4 15 1 0 0
0 11 4 16 1 1 0.991315
0 11 4 17 1 2 0
0 11 5 15 2 0 0
0 11 5 16 2 1 0
0 11 5 17 2 2 0.987997
0 12 15 28 0 0 0.98817
0 12 15 29 0 1 0
0 12 15 30 0 2 0
0 12 16 28 1 0 0
0 12 16 29 1 1 0
0 12 16 30 1 2 0.969527
0 12 17 28 2 0 0
0 12 17 29 2 1 0.994816
0 12 17 30 2 2 0
0 13 28 37 0 0 0.954639
0 13 28 38 0 1 0
0 13 28 39 0 2 0
0 13 29 37 1 0 0
0 13 29 38 1 1 0.991542
0 13 29 39 1 2 0
0 13 30 37 2 0 0
0 13 30 38 2 1 0
0 13 30 39 2 2 0.979756
0 14 15 24 0 0 0
0 14 15 25 0 1 0.993833
0 14 15 26 0 2 0
0 14 16 24 1 0 0.980291
0 14 16 25 1 1 0
0 14 16 26 1 2 0
0 14 17 24 2 0 0
0 14 17 25 2 1 0
0 14 17 26 2 2 0.77771
0 15 3 11 0 0 0.971082
0 15 3 12 0 1 0
0 15 4 11 1 0 0
0 15 4 12 1 1 0
0 15 5 11 2 0 0
0 15 5 12 2 1 0.958912
0 16 33 40 0 0 0.986996
0 16 33 41 0 1 0
0 16 34 40 1 0 0
0 16 34 41 1 1 0.960339
0 16 35 40 2 0 0
0 16 35 41 2 1 0
0 17 31 42 0 0 0
0 17 31 43 0 1 0.961521
0 17 32 42 1 0 0
0 17 32 43 1 1 0
1 0 47 44 0 0 0
1 0 47 45 0 1 0
1 0 47 46 0 2 0.988795
1 1 48 57 0 0 0
1 1 49 57 1 0 0.951422
1 2 57 65 0 0 0.484001
1 2 57 66 0 1 0.515999
1 3 44 48 0 0 0
1 3 44 49 0 1 0
1 3 45 48 1 0 0.606708
1 3 45 49 1 1 0
1 3 46 48 2 0 0
1 3 46 49 2 1 0.914682
1 4 44 50 0 0 0.927571
1 4 44 51 0 1 0
1 4 45 50 1 0 0
1 4 45 51 1 1 0
1 4 46 50 2 0 0
1 4 46 51 2 1 0.908983
1 5 50 58 0 0 0.996842
1 5 50 59 0 1 0
1 5 51 58 1 0 0
1 5 51 59 1 1 0.977796
1 6 58 67 0 0 0.993493
1 6 58 68 0 1 0
1 6 59 67 1 0 0
1 6 59 68 1 1 0.990314
1 7 47 54 0 0 0.998968
1 8 54 62 0 0 0.995105
1 9 62 69 0 0 0.956604
1 10 54 60 0 0 0
1 11 47 55 0 0 0.985069
1 11 47 56 0 1 0
1 12 55 63 0 0 0
1 12 55 64 0 1 0.986043
1 12 56 63 1 0 0.982041
1 12 56 64 1 1 0
1 13 63 70 0 0 0.996757
1 13 63 71 0 1 0
1 13 64 70 1 0 0
1 13 64 71 1 1 0.999642
1 14 55 61 0 0 0.974859
1 14 56 61 1 0 0
1 15 47 52 0 0 0
1 15 47 53 0 1 0.992095
1 16 67 72 0 0 0.999393
1 16 67 73 0 1 0
1 16 68 72 1 0 0
1 16 68 73 1 1 0.965122
1 17 65 74 0 0 0.741254
1 17 65 75 0 1 0
1 17 65 76 0 2 0
1 17 66 74 1 0 0
1 17 66 75 1 1 0
1 17 66 76 1 2 0.853201
2 0 79 77 0 0 0.983872
2 0 79 78 0 1 0
2 0 80 77 1 0 0
2 0 80 78 1 1 0.968403
2 1 81 91 0 0 0.96083
2 1 81 92 0 1 0
2 1 82 91 1 0 0
2 1 82 92 1 1 0.928923
2 2 91 102 0 0 0.996082
2 2 91 103 0 1 0
2 2 92 102 1 0 0
2 2 92 103 1 1 0.937751
2 3 77 81 0 0 0.962942
2 3 77 82 0 1 0
2 3 78 81 1 0 0
2 3 78 82 1 1 0.75366
2 4 77 83 0 0 0.961217
2 4 77 84 0 1 0
2 4 78 83 1 0 0
2 4 78 84 1 1 0.761082
2 5 83 93 0 0 0.999646
2 5 83 94 0 1 0
2 5 84 93 1 0 0
2 5 84 94 1 1 0.970364
2 6 93 104 0 0 0.997359
2 6 93 105 0 1 0
2 6 94 104 1 0 0
2 6 94 105 1 1 0.982216
2 7 79 87 0 0 0.997884
2 7 79 88 0 1 0
2 7 80 87 1 0 0
2 7 80 88 1 1 0.942829
2 8 87 98 0 0 0.966573
2 8 88 98 1 0 0
2 9 98 106 0 0 0.992362
2 10 87 95 0 0 0.725188
2 10 88 95 1 0 0
2 11 79 89 0 0 0.994146
2 11 79 90 0 1 0
2 11 80 89 1 0 0
2 11 80 90 1 1 0.940683
2 12 89 99 0 0 0.98852
2 12 89 100 0 1 0
2 12 89 101 0 2 0
2 12 90 99 1 0 0
2 12 90 100 1 1 0.99518
2 12 90 101 1 2 0
2 13 99 107 0 0 0.985873
2 13 99 108 0 1 0
2 13 100 107 1 0 0
2 13 100 108 1 1 0.963998
2 13 101 107 2 0 0
2 13 101 108 2 1 0
2 14 89 96 0 0 0.990684
2 14 89 97 0 1 0
2 14 90 96 1 0 0
2 14 90 97 1 1 0.991536
2 15 79 85 0 0 0.999924
2 15 79 86 0 1 0
2 15 80 85 1 0 0
2 15 80 86 1 1 0.993323
2 16 104 109 0 0 0.986438
2 16 104 110 0 1 0
2 16 105 109 1 0 0
2 16 105 110 1 1 0.964891
2 17 102 111 0 0 0.958985
2 17 102 112 0 1 0
2 17 103 111 1 0 0
2 17 103 112 1 1 0.915546
3 0 114 113 0 0 0.973728
3 0 115 113 1 0 0
3 1 116 123 0 0 0.948129
3 2 123 134 0 0 0.957254
3 3 113 116 0 0 0.905386
3 4 113 117 0 0 0.902747
3 5 117 124 0 0 0.76063
3 6 124 135 0 0 0.780454
3 7 114 119 0 0 0.986419
3 7 114 120 0 1 0
3 7 115 119 1 0 0
3 7 115 120 1 1 0.917893
3 8 119 130 0 0 0.980928
3 8 119 131 0 1 0
3 8 120 130 1 0 0
3 8 120 131 1 1 0.877407
3 9 130 136 0 0 0.988025
3 9 131 136 1 0 0
3 10 119 125 0 0 0
3 10 119 126 0 1 0
3 10 119 127 0 2 0
3 10 119 128 0 3 0.977635
3 10 120 125 1 0 0.354833
3 10 120 126 1 1 0.289688
3 10 120 127 1 2 0.355479
3 10 120 128 1 3 0
3 11 114 121 0 0 0.998897
3 11 114 122 0 1 0
3 11 115 121 1 0 0
3 11 115 122 1 1 0.915178
3 12 121 132 0 0 0.309849
3 12 121 133 0 1 0.310388
3 12 122 132 1 0 0.310348
3 12 122 133 1 1 0.309867
3 14 121 129 0 0 0
3 14 122 129 1 0 0.837411
3 15 114 118 0 0 0.957505
3 15 115 118 1 0 0
4 0 139 137 0 0 0
4 0 139 138 0 1 0.894655
4 0 140 137 1 0 0.998874
4 0 140 138 1 1 0
4 1 141 151 0 0 0.98836
4 1 141 152 0 1 0
4 1 142 151 1 0 0
4 1 142 152 1 1 0.973681
4 2 151 160 0 0 0.997559
4 2 151 161 0 1 0
4 2 152 160 1 0 0
4 2 152 161 1 1 0.987156
4 3 137 141 0 0 0.943778
4 3 137 142 0 1 0
4 3 138 141 1 0 0
4 3 138 142 1 1 0.684255
4 4 137 143 0 0 0.933984
4 4 137 144 0 1 0
4 4 138 143 1 0 0
4 4 138 144 1 1 0.684255
4 5 143 153 0 0 0.998895
4 5 143 154 0 1 0
4 5 144 153 1 0 0
4 5 144 154 1 1 0.915838
4 6 153 162 0 0 0.998604
4 6 153 163 0 1 0
4 6 154 162 1 0 0
4 6 154 163 1 1 0.979438
4 7 139 147 0 0 0.900761
4 7 139 148 0 1 0
4 7 140 147 1 0 0
4 7 140 148 1 1 0.999029
4 8 147 157 0 0 0.959843
4 8 147 158 0 1 0
4 8 148 157 1 0 0
4 8 148 158 1 1 0.989831
4 9 157 164 0 0 0.295617
4 9 157 165 0 1 0.249568
4 9 158 164 1 0 0.245447
4 9 158 165 1 1 0.295117
4 10 147 155 0 0 0.955813
4 10 147 156 0 1 0
4 10 148 155 1 0 0
4 10 148 156 1 1 0.981427
4 11 139 149 0 0 0.90509
4 11 139 150 0 1 0
4 11 140 149 1 0 0
4 11 140 150 1 1 0.99964
4 12 149 159 0 0 0
4 12 150 159 1 0 0.99227
4 13 159 166 0 0 0.990834
4 15 139 145 0 0 0.909215
4 15 139 146 0 1 0
4 15 140 145 1 0 0
4 15 140 146 1 1 0.975916
4 16 162 167 0 0 0.98104
4 16 162 168 0 1 0
4 16 163 167 1 0 0
4 16 163 168 1 1 0
4 17 160 169 0 0 0.983033
4 17 160 170 0 1 0
4 17 161 169 1 0 0
4 17 161 170 1 1 0.98438
E jointIdx viewA viewB aOverAllIdx bOverallIdx score
0 0 1 0 44 0.506714
0 0 1 0 45 0.220511
0 0 1 0 46 0.0983363
0 0 1 1 44 -1
0 0 1 1 45 0.51813
0 0 1 1 46 0.116181
0 0 1 2 44 -1
0 0 1 2 45 0.0691962
0 0 1 2 46 0.699789
0 0 2 0 77 -1
0 0 2 0 78 -1
0 0 2 1 77 0.660527
0 0 2 1 78 -1
0 0 2 2 77 -1
0 0 2 2 78 0.791916
0 0 3 0 113 -1
0 0 3 1 113 0.726866
0 0 3 2 113 -1
0 0 4 0 137 -1
0 0 4 0 138 -1
0 0 4 1 137 -1
0 0 4 1 138 0.795359
0 0 4 2 137 0.921439
0 0 4 2 138 -1
0 1 2 44 77 -1
0 1 2 44 78 -1
0 1 2 45 77 -1
0 1 2 45 78 -1
0 1 2 46 77 0.333828
0 1 2 46 78 0.666172
0 1 3 44 113 -1
0 1 3 45 113 -1
0 1 3 46 113 0.250061
0 1 4 44 137 -1
0 1 4 44 138 -1
0 1 4 45 137 -1
0 1 4 45 138 -1
0 1 4 46 137 0.589523
0 1 4 46 138 -1
0 2 3 77 113 0.879856
0 2 3 78 113 -1
0 2 4 77 137 0.154029
0 2 4 77 138 0.587659
0 2 4 78 137 0.845971
0 2 4 78 138 -1
0 3 4 113 137 0.49248
0 3 4 113 138 0.50752
1 0 1 3 47 0.405638
1 0 1 4 47 0.357106
1 0 1 5 47 0.237257
1 0 2 3 79 0.825431
1 0 2 3 80 -1
1 0 2 4 79 -1
1 0 2 4 80 0.919385
1 0 2 5 79 -1
1 0 2 5 80 -1
1 0 3 3 114 0.246688
1 0 3 3 115 0.266276
1 0 3 4 114 0.259852
1 0 3 4 115 0.25403
1 0 3 5 114 0.219162
1 0 3 5 115 0.199567
1 0 4 3 139 0.9225
1 0 4 3 140 0.0523869
1 0 4 4 139 -1
1 0 4 4 140 0.674298
1 0 4 5 139 -1
1 0 4 5 140 0.271387
1 1 2 47 79 0.561265
1 1 2 47 80 0.438735
1 1 3 47 114 0.493207
1 1 3 47 115 0.506793
1 1 4 47 139 0.502819
1 1 4 47 140 0.497181
1 2 3 79 114 0.802516
1 2 3 79 115 -1
1 2 3 80 114 -1
1 2 3 80 115 0.257848
1 2 4 79 139 0.903773
1 2 4 79 140 -1
1 2 4 80 139 -1
1 2 4 80 140 0.933517
1 3 4 114 139 0.434188
1 3 4 114 140 0.377294
1 3 4 115 139 -1
1 3 4 115 140 0.485587
2 0 1 6 48 0.924267
2 0 1 6 49 0.0757332
2 0 1 7 48 -1
2 0 1 7 49 0.913172
2 0 2 6 81 0.574191
2 0 2 6 82 -1
2 0 2 7 81 -1
2 0 2 7 82 0.524676
2 0 3 6 116 0.826176
2 0 3 7 116 -1
2 0 4 6 141 -1
2 0 4 6 142 0.71792
2 0 4 7 141 0.963736
2 0 4 7 142 -1
2 1 2 48 81 -1
2 1 2 48 82 -1
2 1 2 49 81 0.660554
2 1 2 49 82 0.339446
2 1 3 48 116 -1
2 1 3 49 116 0.329432
2 1 4 48 141 -1
2 1 4 48 142 -1
2 1 4 49 141 0.665804
2 1 4 49 142 0.334196
2 2 3 81 116 0.967671
2 2 3 82 116 -1
2 2 4 81 141 0.452146
2 2 4 81 142 0.311981
2 2 4 82 141 0.490096
2 2 4 82 142 -1
2 3 4 116 141 0.46217
2 3 4 116 142 0.53783
3 0 1 8 50 0.816172
3 0 1 8 51 0.136356
3 0 1 9 50 -1
3 0 1 9 51 0.175382
3 0 1 10 50 -1
3 0 1 10 51 0.659892
3 0 2 8 83 -1
3 0 2 8 84 -1
3 0 2 9 83 0.62405
3 0 2 9 84 -1
3 0 2 10 83 -1
3 0 2 10 84 0.93779
3 0 3 8 117 -1
3 0 3 9 117 0.579211
3 0 3 10 117 -1
3 0 4 8 143 -1
3 0 4 8 144 -1
3 0 4 9 143 -1
3 0 4 9 144 0.898086
3 0 4 10 143 0.908566
3 0 4 10 144 -1
3 1 2 50 83 -1
3 1 2 50 84 -1
3 1 2 51 83 -1
3 1 2 51 84 0.97499
3 1 3 50 117 -1
3 1 3 51 117 0.198161
3 1 4 50 143 -1
3 1 4 50 144 -1
3 1 4 51 143 0.624266
3 1 4 51 144 -1
3 2 3 83 117 0.773482
3 2 3 84 117 -1
3 2 4 83 143 -1
3 2 4 83 144 0.776085
3 2 4 84 143 0.696375
3 2 4 84 144 -1
3 3 4 117 143 0.489262
3 3 4 117 144 0.510739
4 0 1 11 52 -1
4 0 1 11 53 0.630335
4 0 1 12 52 0.648045
4 0 1 12 53 0.243233
4 0 2 11 85 0.887559
4 0 2 11 86 -1
4 0 2 12 85 -1
4 0 2 12 86 -1
4 0 3 11 118 0.888428
4 0 3 12 118 -1
4 0 4 11 145 0.874223
4 0 4 11 146 -1
4 0 4 12 145 -1
4 0 4 12 146 -1
4 1 2 52 85 -1
4 1 2 52 86 -1
4 1 2 53 85 0.37507
4 1 2 53 86 0.62493
4 1 3 52 118 0.308757
4 1 3 53 118 0.691243
4 1 4 52 145 -1
4 1 4 52 146 -1
4 1 4 53 145 0.358876
4 1 4 53 146 0.641124
4 2 3 85 118 0.962393
4 2 3 86 118 -1
4 2 4 85 145 0.977553
4 2 4 85 146 -1
4 2 4 86 145 -1
4 2 4 86 146 0.995951
4 3 4 118 145 0.71723
4 3 4 118 146 0.28277
5 0 1 13 54 0.443769
5 0 1 14 54 0.556231
5 0 2 13 87 0.754633
5 0 2 13 88 -1
5 0 2 14 87 -1
5 0 2 14 88 0.666753
5 0 3 13 119 0.448027
5 0 3 13 120 0.0364737
5 0 3 14 119 0.551973
5 0 3 14 120 -1
5 0 4 13 147 0.881598
5 0 4 13 148 0.0547701
5 0 4 14 147 -1
5 0 4 14 148 0.94523
5 1 2 54 87 0.287681
5 1 2 54 88 0.48686
5 1 3 54 119 0.612902
5 1 3 54 120 0.387098
5 1 4 54 147 0.379351
5 1 4 54 148 0.620649
5 2 3 87 119 0.829671
5 2 3 87 120 -1
5 2 3 88 119 -1
5 2 3 88 120 -1
5 2 4 87 147 0.874516
5 2 4 87 148 0.0209646
5 2 4 88 147 -1
5 2 4 88 148 0.672032
5 3 4 119 147 0.569013
5 3 4 119 148 0.289889
5 3 4 120 147 -1
5 3 4 120 148 0.588279
6 0 1 15 55 0.377519
6 0 1 15 56 -1
6 0 1 16 55 0.409005
6 0 1 16 56 -1
6 0 1 17 55 0.155123
6 0 1 17 56 0.662704
6 0 2 15 89 0.895377
6 0 2 15 90 -1
6 0 2 16 89 -1
6 0 2 16 90 0.891096
6 0 2 17 89 -1
6 0 2 17 90 -1
6 0 3 15 121 0.418402
6 0 3 15 122 -1
6 0 3 16 121 0.325863
6 0 3 16 122 0.141063
6 0 3 17 121 0.235755
6 0 3 17 122 0.564119
6 0 4 15 149 0.892636
6 0 4 15 150 0.072592
6 0 4 16 149 -1
6 0 4 16 150 0.624837
6 0 4 17 149 -1
6 0 4 17 150 0.298047
6 1 2 55 89 0.233223
6 1 2 55 90 0.766777
6 1 2 56 89 -1
6 1 2 56 90 -1
6 1 3 55 121 0.582835
6 1 3 55 122 -1
6 1 3 56 121 0.371036
6 1 3 56 122 0.628295
6 1 4 55 149 0.418248
6 1 4 55 150 0.581752
6 1 4 56 149 -1
6 1 4 56 150 -1
6 2 3 89 121 0.78151
6 2 3 89 122 -1
6 2 3 90 121 -1
6 2 3 90 122 -1
6 2 4 89 149 0.919136
6 2 4 89 150 -1
6 2 4 90 149 -1
6 2 4 90 150 0.790555
6 3 4 121 149 0.396825
6 3 4 121 150 0.485042
6 3 4 122 149 -1
6 3 4 122 150 0.35281
7 0 1 18 57 -1
7 0 1 19 57 0.963819
7 0 2 18 91 0.671895
7 0 2 18 92 -1
7 0 2 19 91 -1
7 0 2 19 92 0.546078
7 0 3 18 123 0.580058
7 0 3 19 123 -1
7 0 4 18 151 -1
7 0 4 18 152 0.916798
7 0 4 19 151 0.806744
7 0 4 19 152 -1
7 1 2 57 91 0.273656
7 1 2 57 92 0.411605
7 1 3 57 123 -1
7 1 4 57 151 0.572305
7 1 4 57 152 0.427695
7 2 3 91 123 0.947391
7 2 3 92 123 -1
7 2 4 91 151 0.335662
7 2 4 91 152 0.348278
7 2 4 92 151 0.349581
7 2 4 92 152 0.33303
7 3 4 123 151 -1
7 3 4 123 152 0.984744
8 0 1 20 58 0.905344
8 0 1 20 59 -1
8 0 1 21 58 -1
8 0 1 21 59 0.22447
8 0 1 22 58 -1
8 0 1 22 59 0.893374
8 0 2 20 93 -1
8 0 2 20 94 0.150086
8 0 2 21 93 0.898674
8 0 2 21 94 -1
8 0 2 22 93 -1
8 0 2 22 94 0.661355
8 0 3 20 124 -1
8 0 3 21 124 0.795558
8 0 3 22 124 -1
8 0 4 20 153 -1
8 0 4 20 154 -1
8 0 4 21 153 -1
8 0 4 21 154 0.930248
8 0 4 22 153 0.760776
8 0 4 22 154 -1
8 1 2 58 93 -1
8 1 2 58 94 -1
8 1 2 59 93 -1
8 1 2 59 94 0.770708
8 1 3 58 124 -1
8 1 3 59 124 -1
8 1 4 58 153 -1
8 1 4 58 154 -1
8 1 4 59 153 0.652618
8 1 4 59 154 -1
8 2 3 93 124 0.920694
8 2 3 94 124 -1
8 2 4 93 153 -1
8 2 4 93 154 0.863289
8 2 4 94 153 0.532793
8 2 4 94 154 -1
8 3 4 124 153 0.207499
8 3 4 124 154 0.792501
9 0 1 23 60 -1
9 0 2 23 95 -1
9 0 3 23 125 -1
9 0 3 23 126 -1
9 0 3 23 127 -1
9 0 3 23 128 -1
9 0 4 23 155 -1
9 0 4 23 156 0.976385
9 1 2 60 95 -1
9 1 3 60 125 0.231724
9 1 3 60 126 0.260406
9 1 3 60 127 0.381517
9 1 3 60 128 0.126353
9 1 4 60 155 -1
9 1 4 60 156 -1
9 2 3 95 125 -1
9 2 3 95 126 -1
9 2 3 95 127 -1
9 2 3 95 128 0.964548
9 2 4 95 155 0.953058
9 2 4 95 156 -1
9 3 4 125 155 -0.523657
9 3 4 125 156 -1
9 3 4 126 155 0.488627
9 3 4 126 156 0.0668934
9 3 4 127 155 0.432643
9 3 4 127 156 0.173804
9 3 4 128 155 0.345546
9 3 4 128 156 0.340129
10 0 1 24 61 0.507484
10 0 1 25 61 0.311654
10 0 1 26 61 0.180862
10 0 2 24 96 -1
10 0 2 24 97 0.903306
10 0 2 25 96 0.995679
10 0 2 25 97 -1
10 0 2 26 96 -1
10 0 2 26 97 -1
10 0 3 24 129 -1
10 0 3 25 129 -1
10 0 3 26 129 0.4699
10 1 2 61 96 0.488442
10 1 2 61 97 0.511558
10 1 3 61 129 -1
10 2 3 96 129 0.35419
10 2 3 97 129 -1
11 0 1 27 62 0.896314
11 0 2 27 98 -1
11 0 3 27 130 -1
11 0 3 27 131 -1
11 0 4 27 157 0.356694
11 0 4 27 158 0.643306
11 1 2 62 98 0.689027
11 1 3 62 130 -1
11 1 3 62 131 -1
11 1 4 62 157 -1
11 1 4 62 158 0.938921
11 2 3 98 130 0.911532
11 2 3 98 131 -1
11 2 4 98 157 0.900803
11 2 4 98 158 0.00322986
11 3 4 130 157 0.690841
11 3 4 130 158 0.309159
11 3 4 131 157 -1
11 3 4 131 158 -1
12 0 1 28 63 -1
12 0 1 28 64 0.0723504
12 0 1 29 63 0.584644
12 0 1 29 64 0.242325
12 0 1 30 63 0.151575
12 0 1 30 64 0.494984
12 0 2 28 99 0.928792
12 0 2 28 100 -1
12 0 2 28 101 -1
12 0 2 29 99 -1
12 0 2 29 100 0.123454
12 0 2 29 101 -1
12 0 2 30 99 -1
12 0 2 30 100 0.917066
12 0 2 30 101 -1
12 0 3 28 132 -1
12 0 3 28 133 -1
12 0 3 29 132 -1
12 0 3 29 133 0.391039
12 0 3 30 132 0.798114
12 0 3 30 133 -1
12 0 4 28 159 0.287956
12 0 4 29 159 0.295386
12 0 4 30 159 0.416658
12 1 2 63 99 -1
12 1 2 63 100 -1
12 1 2 63 101 -1
12 1 2 64 99 -1
12 1 2 64 100 0.959372
12 1 2 64 101 -1
12 1 3 63 132 0.897574
12 1 3 63 133 -1
12 1 3 64 132 -1
12 1 3 64 133 -1
12 1 4 63 159 -1
12 1 4 64 159 0.957806
12 2 3 99 132 -1
12 2 3 99 133 -1
12 2 3 100 132 0.358652
12 2 3 100 133 -1
12 2 3 101 132 -1
12 2 3 101 133 -1
12 2 4 99 159 -1
12 2 4 100 159 0.952634
12 2 4 101 159 -1
12 3 4 132 159 -1
12 3 4 133 159 -1
13 0 1 31 65 0.156752
13 0 1 31 66 -1
13 0 1 32 65 0.312799
13 0 1 32 66 0.568414
13 0 2 31 102 0.970749
13 0 2 31 103 -1
13 0 2 32 102 -1
13 0 2 32 103 0.719767
13 0 3 31 134 0.992534
13 0 3 32 134 -1
13 0 4 31 160 -1
13 0 4 31 161 0.987386
13 0 4 32 160 0.686542
13 0 4 32 161 -1
13 1 2 65 102 0.0159378
13 1 2 65 103 -1
13 1 2 66 102 -1
13 1 2 66 103 0.82258
13 1 3 65 134 0.833343
13 1 3 66 134 -1
13 1 4 65 160 -1
13 1 4 65 161 -1
13 1 4 66 160 0.622704
13 1 4 66 161 0.377296
13 2 3 102 134 0.969734
13 2 3 103 134 -1
13 2 4 102 160 0.258705
13 2 4 102 161 0.573983
13 2 4 103 160 0.554585
13 2 4 103 161 0.15796
13 3 4 134 160 -1
13 3 4 134 161 0.735564
14 0 1 33 67 0.878267
14 0 1 33 68 -1
14 0 1 34 67 -1
14 0 1 34 68 -1
14 0 1 35 67 -1
14 0 1 35 68 0.859211
14 0 2 33 104 -1
14 0 2 33 105 0.874335
14 0 2 34 104 0.830139
14 0 2 34 105 -1
14 0 2 35 104 -1
14 0 2 35 105 0.879119
14 0 3 33 135 -1
14 0 3 34 135 0.494889
14 0 3 35 135 -1
14 0 4 33 162 -1
14 0 4 33 163 -1
14 0 4 34 162 -1
14 0 4 34 163 0.893664
14 0 4 35 162 0.861995
14 0 4 35 163 -1
14 1 2 67 104 -1
14 1 2 67 105 -1
14 1 2 68 104 -1
14 1 2 68 105 0.911776
14 1 3 67 135 -1
14 1 3 68 135 -1
14 1 4 67 162 -1
14 1 4 67 163 -1
14 1 4 68 162 0.749344
14 1 4 68 163 -1
14 2 3 104 135 0.648836
14 2 3 105 135 -1
14 2 4 104 162 -1
14 2 4 104 163 0.816494
14 2 4 105 162 0.811455
14 2 4 105 163 -1
14 3 4 135 162 -1
14 3 4 135 163 0.251731
15 0 1 36 69 0.752272
15 0 2 36 106 -1
15 0 3 36 136 -1
15 0 4 36 164 0.465633
15 0 4 36 165 0.534367
15 1 2 69 106 0.510346
15 1 3 69 136 -1
15 1 4 69 164 -1
15 1 4 69 165 0.779041
15 2 3 106 136 0.985156
15 2 4 106 164 0.789784
15 2 4 106 165 0.11246
15 3 4 136 164 0.551632
15 3 4 136 165 0.448368
16 0 1 37 70 0.987552
16 0 1 37 71 -1
16 0 1 38 70 0.789309
16 0 1 38 71 0.210691
16 0 1 39 70 -1
16 0 1 39 71 0.747191
16 0 2 37 107 0.796108
16 0 2 37 108 -1
16 0 2 38 107 -1
16 0 2 38 108 0.0173422
16 0 2 39 107 -1
16 0 2 39 108 0.982859
16 0 4 37 166 -1
16 0 4 38 166 -1
16 0 4 39 166 0.935644
16 1 2 70 107 -1
16 1 2 70 108 -1
16 1 2 71 107 -1
16 1 2 71 108 0.829905
16 1 4 70 166 -1
16 1 4 71 166 0.930976
16 2 4 107 166 -1
16 2 4 108 166 0.818224
17 0 1 40 72 0.97012
17 0 1 40 73 -1
17 0 1 41 72 -1
17 0 1 41 73 0.519525
17 0 2 40 109 -1
17 0 2 40 110 0.949184
17 0 2 41 109 0.96081
17 0 2 41 110 -1
17 0 4 40 167 -1
17 0 4 40 168 -1
17 0 4 41 167 -1
17 0 4 41 168 0.79962
17 1 2 72 109 -1
17 1 2 72 110 -1
17 1 2 73 109 -1
17 1 2 73 110 0.962575
17 1 4 72 167 -1
17 1 4 72 168 -1
17 1 4 73 167 0.87571
17 1 4 73 168 -1
17 2 4 109 167 -1
17 2 4 109 168 0.778986
17 2 4 110 167 0.782844
17 2 4 110 168 -1
18 0 1 42 74 -1
18 0 1 42 75 0.869692
18 0 1 42 76 -1
18 0 1 43 74 -1
18 0 1 43 75 -1
18 0 1 43 76 -1
18 0 2 42 111 -1
18 0 2 42 112 -1
18 0 2 43 111 0.847995
18 0 2 43 112 -1
18 0 4 42 169 -1
18 0 4 42 170 -1
18 0 4 43 169 -1
18 0 4 43 170 0.779663
18 1 2 74 111 -1
18 1 2 74 112 -1
18 1 2 75 111 -1
18 1 2 75 112 -1
18 1 2 76 111 -1
18 1 2 76 112 0.788643
18 1 4 74 169 -1
18 1 4 74 170 -1
18 1 4 75 169 -1
18 1 4 75 170 -1
18 1 4 76 169 0.477552
18 1 4 76 170 0.522448
18 2 4 111 169 0.117054
18 2 4 111 170 0.86822
18 2 4 112 169 0.882946
18 2 4 112 170 -1
end of Frame 117
