J OverallIdx viewIdx joint种类0-18(jointIdx) 该joint在图中的顺序(candidix) x y score
0 0 0 0 499.191 385.861 0.68677
1 0 0 1 325.332 430.222 0.602925
2 0 1 0 325.153 210.762 0.909541
3 0 1 1 507.67 210.911 0.863983
4 0 2 0 479.559 385.869 0.671223
5 0 2 1 370.291 430.167 0.618296
6 0 3 0 518.8 383.824 0.660779
7 0 3 1 280.299 432.27 0.58454
8 0 4 0 459.806 149.686 0.913253
9 0 5 0 482.224 210.949 0.807101
10 0 5 1 392.541 210.903 0.880637
11 0 6 0 255.241 206.596 0.820336
12 0 6 1 544.071 210.866 0.855038
13 0 7 0 496.416 516.689 0.72361
14 0 7 1 367.359 601.014 0.739741
15 0 8 0 527.226 520.863 0.764804
16 0 8 1 260.867 603.127 0.730014
17 0 9 0 350.611 126.605 0.916322
18 0 10 0 280.582 128.676 0.894295
19 0 10 1 504.869 143.472 0.954356
20 0 11 0 479.471 284.656 0.233991
21 0 11 1 434.718 329.067 0.908279
22 0 12 0 602.894 280.425 0.871404
23 0 12 1 235.489 333.145 0.871229
24 0 13 0 507.573 632.501 0.835411
25 0 13 1 353.364 757.004 0.567021
26 0 14 0 549.584 649.553 0.778958
27 0 14 1 252.424 763.278 0.61048
28 0 15 0 392.548 404.855 0.707846
29 0 16 0 549.541 333.152 0.852252
30 0 16 1 232.777 430.17 0.746065
31 0 17 0 515.951 687.411 0.740646
32 0 18 0 448.718 649.486 0.801814
33 0 18 1 311.296 761.268 0.163531
34 1 0 0 199.122 383.815 0.655622
35 1 0 1 546.774 379.525 0.835388
36 1 0 2 639.288 398.564 0.709162
37 1 1 0 210.354 194.07 0.916537
38 1 1 1 636.545 227.717 0.776223
39 1 1 2 546.709 244.685 0.905795
40 1 2 0 513.252 379.527 0.783998
41 1 2 1 162.625 383.771 0.641935
42 1 2 2 647.858 398.554 0.6078
43 1 3 0 572.12 379.55 0.828698
44 1 3 1 238.439 385.883 0.67383
45 1 3 2 625.33 398.554 0.638546
46 1 4 0 182.246 124.331 0.864512
47 1 4 1 529.97 193.998 0.978267
48 1 5 0 148.603 191.897 0.874113
49 1 5 1 647.827 225.673 0.68349
50 1 5 2 504.631 246.687 0.901939
51 1 6 0 269.192 198.212 0.803298
52 1 6 1 617.026 227.873 0.816179
53 1 6 2 577.787 244.538 0.803863
54 1 7 0 524.442 482.85 0.864306
55 1 7 1 656.128 525.084 0.715421
56 1 7 2 165.536 531.462 0.805897
57 1 8 0 572.195 480.793 0.757231
58 1 8 1 591.691 512.394 0.605366
59 1 8 2 238.315 531.474 0.804023
60 1 9 0 636.605 177.048 0.247907
61 1 9 1 510.442 193.953 0.467228
62 1 10 0 235.596 111.861 0.89492
63 1 10 1 572.107 185.583 0.820469
64 1 11 0 123.238 278.313 0.870887
65 1 11 1 459.881 295.109 0.972041
66 1 12 0 300.112 293.137 0.829736
67 1 12 1 594.406 295.188 0.638114
68 1 12 2 639.476 326.872 0.894781
69 1 13 0 527.22 569.405 0.850074
70 1 13 1 659.068 636.881 0.76687
71 1 13 2 190.693 641.03 0.808204
72 1 14 0 580.474 577.785 0.523743
73 1 14 1 580.465 649.399 0.763779
74 1 14 2 243.992 685.35 0.729565
75 1 15 0 487.952 333.232 0.865481
76 1 15 1 98.219 350.04 0.838582
77 1 16 0 586.14 331.176 0.776337
78 1 16 1 325.153 371.113 0.805202
79 1 16 2 597.258 392.149 0.810562
80 1 17 0 527.099 649.424 0.842716
81 1 17 1 238.381 733.798 0.73065
82 1 18 0 490.722 594.6 0.78787
83 1 18 1 616.933 643.112 0.462084
84 1 18 2 199.161 683.2 0.78016
85 2 0 0 412.133 288.899 0.76806
86 2 0 1 681.479 358.486 0.455752
87 2 0 2 594.426 691.651 0.411964
88 2 1 0 392.736 130.704 0.891951
89 2 1 1 698.275 225.552 0.808404
90 2 1 2 600.167 480.791 0.667625
91 2 2 0 378.564 293.071 0.739553
92 2 2 1 658.95 350.029 0.446999
93 2 2 2 560.841 700.106 0.397585
94 2 3 0 437.457 282.582 0.780503
95 2 3 1 706.629 364.789 0.454496
96 2 3 2 625.409 678.998 0.352191
97 2 4 0 426.234 92.7491 0.889092
98 2 4 1 636.561 164.516 0.87433
99 2 4 2 709.502 459.696 0.859475
100 2 5 0 347.695 143.331 0.838842
101 2 5 1 661.707 208.722 0.821618
102 2 5 2 552.575 512.433 0.618223
103 2 6 0 440.212 124.327 0.876637
104 2 6 1 734.71 242.485 0.821377
105 2 6 2 647.794 453.35 0.427351
106 2 7 0 372.911 394.296 0.848568
107 2 8 0 434.645 381.713 0.842228
108 2 9 0 375.831 78.1238 0.835836
109 2 9 1 630.972 417.573 0.799275
110 2 10 0 684.268 172.886 0.883605
111 2 11 0 280.578 210.801 0.917334
112 2 11 1 642.339 267.772 0.806955
113 2 11 2 507.531 649.469 0.797522
114 2 12 0 460.021 164.476 0.846361
115 2 12 1 754.292 333.207 0.864571
116 2 12 2 645.008 548.164 0.667175
117 2 13 0 370.135 478.694 0.873622
118 2 14 0 431.82 457.585 0.788641
119 2 15 0 344.855 261.387 0.911956
120 2 15 1 633.739 329.028 0.80151
121 2 15 2 597.283 765.323 0.5882
122 2 16 0 465.475 225.643 0.890864
123 2 16 1 701.109 375.308 0.280228
124 2 16 2 698.291 598.961 0.813213
125 2 17 0 468.343 482.939 0.756712
126 2 18 0 375.834 516.628 0.753346
127 3 0 0 577.714 345.804 0.755834
128 3 0 1 302.872 369.027 0.693472
129 3 0 2 908.67 381.711 0.61512
130 3 1 0 911.482 158.119 0.822585
131 3 1 1 280.433 187.632 0.782784
132 3 1 2 572.144 193.979 0.947432
133 3 2 0 549.632 345.855 0.763159
134 3 2 1 286.027 373.206 0.651929
135 3 2 2 947.874 387.972 0.564709
136 3 3 0 614.028 345.774 0.741714
137 3 3 1 322.422 366.918 0.620555
138 3 3 2 869.428 379.548 0.566171
139 3 4 0 1029.21 80.1802 0.433246
140 3 4 1 333.778 124.307 0.836256
141 3 4 2 532.848 143.323 0.911388
142 3 5 0 972.987 156.047 0.753982
143 3 5 1 258.15 191.86 0.80648
144 3 5 2 527.121 194.052 0.903388
145 3 6 0 860.898 158.161 0.766401
146 3 6 1 300.087 179.317 0.688803
147 3 6 2 619.761 193.95 0.891324
148 3 7 0 555.284 465.99 0.824346
149 3 7 1 294.396 514.492 0.692618
150 3 7 2 959.093 546.194 0.765844
151 3 8 0 616.829 468.138 0.816848
152 3 8 1 305.797 510.273 0.735684
153 3 8 2 908.747 531.305 0.812001
154 3 9 0 973.106 71.6413 0.810166
155 3 9 1 283.236 120.151 0.867636
156 3 10 0 583.305 130.798 0.848192
157 3 11 0 221.53 265.749 0.817734
158 3 11 1 504.752 276.174 0.901724
159 3 11 2 976.012 284.704 0.774965
160 3 12 0 642.262 269.939 0.847187
161 3 12 1 838.537 276.263 0.510566
162 3 13 0 572.227 563.01 0.846048
163 3 13 1 277.665 649.559 0.806329
164 3 13 2 866.596 689.545 0.608194
165 3 14 0 619.806 581.964 0.778364
166 3 14 1 305.664 615.753 0.850311
167 3 14 2 891.829 668.494 0.505796
168 3 15 0 277.576 326.887 0.897016
169 3 15 1 521.612 339.524 0.822908
170 3 15 2 1029.21 350.057 0.217268
171 3 16 0 628.197 337.385 0.797807
172 3 17 0 370.045 617.841 0.900525
173 3 17 1 614.016 615.707 0.67896
174 3 17 2 947.838 683.278 0.605909
175 3 18 0 583.285 596.732 0.766191
176 3 18 1 342.163 676.864 0.78176
177 3 18 2 928.161 685.362 0.24945
178 3 18 3 883.362 746.496 0.464174
179 4 0 0 953.515 248.844 0.742464
180 4 0 1 658.956 331.085 0.546699
181 4 1 0 959.108 107.597 0.875435
182 4 1 1 667.474 113.884 0.822787
183 4 2 0 984.356 248.851 0.682065
184 4 2 1 706.574 335.28 0.555299
185 4 3 0 925.381 248.822 0.681554
186 4 3 1 608.537 326.85 0.49992
187 4 4 0 639.289 78.0307 0.474222
188 4 5 0 1029.2 107.485 0.792212
189 4 5 1 1006.86 107.505 0.805134
190 4 5 2 731.979 111.864 0.80834
191 4 6 0 600.171 113.9 0.807907
192 4 6 1 911.429 109.58 0.910391
193 4 7 0 975.849 356.394 0.84788
194 4 7 1 695.46 514.612 0.770343
195 4 8 0 911.401 358.472 0.80949
196 4 8 1 588.879 415.439 0.330428
197 4 8 2 617.009 510.308 0.731617
198 4 9 0 709.547 42.2151 0.757896
199 4 9 1 975.842 46.3722 0.695137
200 4 9 2 608.548 73.7801 0.666197
201 4 10 0 650.617 44.297 0.47913
202 4 10 1 928.191 50.606 0.749417
203 4 11 0 1029.21 183.452 0.755259
204 4 11 1 818.757 210.759 0.913532
205 4 12 0 891.797 189.735 0.834734
206 4 12 1 530.155 210.807 0.907882
207 4 13 0 981.515 461.781 0.770605
208 4 13 1 689.905 657.909 0.763698
209 4 14 0 908.577 463.978 0.872333
210 4 14 1 577.754 514.585 0.592508
211 4 14 2 600.178 641.023 0.736261
212 4 15 0 992.692 227.688 0.531947
213 4 15 1 757.205 276.141 0.849493
214 4 16 0 860.943 242.466 0.879728
215 4 16 1 588.957 267.812 0.816541
216 4 17 0 888.946 459.671 0.599253
217 4 17 1 611.344 643.138 0.41663
218 4 18 0 959.097 482.965 0.750014
219 4 18 1 737.589 647.403 0.725441
P viewIdx, pafIdx, aOverAllIdx, bOverAllIdx, CandidAIdx, CandidBIdx, score
0 0 2 0 0 0 0
0 0 2 1 0 1 0.992508
0 0 3 0 1 0 0.981371
0 0 3 1 1 1 0
0 1 4 13 0 0 0.986993
0 1 4 14 0 1 0
0 1 5 13 1 0 0
0 1 5 14 1 1 0.980591
0 2 13 24 0 0 0.984971
0 2 13 25 0 1 0
0 2 14 24 1 0 0
0 2 14 25 1 1 0.959798
0 3 0 4 0 0 0.921534
0 3 0 5 0 1 0
0 3 1 4 1 0 0
0 3 1 5 1 1 0.874867
0 4 0 6 0 0 0.915604
0 4 0 7 0 1 0
0 4 1 6 1 0 0
0 4 1 7 1 1 0.87572
0 5 6 15 0 0 0.982056
0 5 6 16 0 1 0
0 5 7 15 1 0 0
0 5 7 16 1 1 0.962327
0 6 15 26 0 0 0.999427
0 6 15 27 0 1 0
0 6 16 26 1 0 0
0 6 16 27 1 1 0.978082
0 7 2 9 0 0 0
0 7 2 10 0 1 0.999545
0 7 3 9 1 0 0.980303
0 7 3 10 1 1 0
0 8 9 20 0 0 0.296164
0 8 9 21 0 1 0.274892
0 8 10 20 1 0 0.275254
0 8 10 21 1 1 0.294005
0 9 20 28 0 0 0.490121
0 9 21 28 1 0 0.509879
0 10 9 17 0 0 0
0 10 10 17 1 0 0.997759
0 11 2 11 0 0 0.996531
0 11 2 12 0 1 0
0 11 3 11 1 0 0
0 11 3 12 1 1 0.994261
0 12 11 22 0 0 0
0 12 11 23 0 1 0.982114
0 12 12 22 1 0 0.991049
0 12 12 23 1 1 0
0 13 22 29 0 0 0.965297
0 13 22 30 0 1 0
0 13 23 29 1 0 0
0 13 23 30 1 1 0.987392
0 14 11 18 0 0 0.977275
0 14 11 19 0 1 0
0 14 12 18 1 0 0
0 14 12 19 1 1 0.993809
0 15 2 8 0 0 0
0 15 3 8 1 0 0.991499
0 16 26 31 0 0 0.950215
0 16 27 31 1 0 0
0 17 24 32 0 0 0.968165
0 17 24 33 0 1 0
0 17 25 32 1 0 0
0 17 25 33 1 1 0.71757
1 0 37 34 0 0 0.968202
1 0 37 35 0 1 0
1 0 37 36 0 2 0
1 0 38 34 1 0 0
1 0 38 35 1 1 0
1 0 38 36 1 2 0.958619
1 0 39 34 2 0 0
1 0 39 35 2 1 0.997028
1 0 39 36 2 2 0
1 1 40 54 0 0 0.98304
1 1 40 55 0 1 0
1 1 40 56 0 2 0
1 1 41 54 1 0 0
1 1 41 55 1 1 0
1 1 41 56 1 2 0.984384
1 1 42 54 2 0 0
1 1 42 55 2 1 0.967721
1 1 42 56 2 2 0
1 2 54 69 0 0 0.997635
1 2 54 70 0 1 0
1 2 54 71 0 2 0
1 2 55 69 1 0 0
1 2 55 70 1 1 0.985032
1 2 55 71 1 2 0
1 2 56 69 2 0 0
1 2 56 70 2 1 0
1 2 56 71 2 2 0.998125
1 3 34 40 0 0 0
1 3 34 41 0 1 0.905308
1 3 34 42 0 2 0
1 3 35 40 1 0 0.973131
1 3 35 41 1 1 0
1 3 35 42 1 2 0
1 3 36 40 2 0 0
1 3 36 41 2 1 0
1 3 36 42 2 2 0.89039
1 4 34 43 0 0 0
1 4 34 44 0 1 0.912033
1 4 34 45 0 2 0
1 4 35 43 1 0 0.973812
1 4 35 44 1 1 0
1 4 35 45 1 2 0
1 4 36 43 2 0 0
1 4 36 44 2 1 0
1 4 36 45 2 2 0.899754
1 5 43 57 0 0 0.257223
1 5 43 58 0 1 0.254524
1 5 43 59 0 2 0
1 5 44 57 1 0 0
1 5 44 58 1 1 0
1 5 44 59 1 2 0.994939
1 5 45 57 2 0 0.254476
1 5 45 58 2 1 0.257242
1 5 45 59 2 2 0
1 6 57 72 0 0 0.254231
1 6 57 73 0 1 0.253303
1 6 57 74 0 2 0
1 6 58 72 1 0 0.253328
1 6 58 73 1 1 0.254221
1 6 58 74 1 2 0
1 6 59 72 2 0 0
1 6 59 73 2 1 0
1 6 59 74 2 2 0.994803
1 7 37 48 0 0 0.998774
1 7 37 49 0 1 0
1 7 37 50 0 2 0
1 7 38 48 1 0 0
1 7 38 49 1 1 0.956455
1 7 38 50 1 2 0
1 7 39 48 2 0 0
1 7 39 49 2 1 0
1 7 39 50 2 2 0.992628
1 8 48 64 0 0 0.987662
1 8 48 65 0 1 0
1 8 49 64 1 0 0
1 8 49 65 1 1 0
1 8 50 64 2 0 0
1 8 50 65 2 1 0.993867
1 9 64 75 0 0 0
1 9 64 76 0 1 0.990311
1 9 65 75 1 0 0.988129
1 9 65 76 1 1 0
1 10 48 60 0 0 0
1 10 48 61 0 1 0
1 10 49 60 1 0 0.790232
1 10 49 61 1 1 0
1 10 50 60 2 0 0
1 10 50 61 2 1 0.874751
1 11 37 51 0 0 0.996604
1 11 37 52 0 1 0
1 11 37 53 0 2 0
1 11 38 51 1 0 0
1 11 38 52 1 1 0.95836
1 11 38 53 1 2 0
1 11 39 51 2 0 0
1 11 39 52 2 1 0
1 11 39 53 2 2 0.9999
1 12 51 66 0 0 0.997696
1 12 51 67 0 1 0
1 12 51 68 0 2 0
1 12 52 66 1 0 0
1 12 52 67 1 1 0.265485
1 12 52 68 1 2 0.271994
1 12 53 66 2 0 0
1 12 53 67 2 1 0.27227
1 12 53 68 2 2 0.265399
1 13 66 77 0 0 0
1 13 66 78 0 1 0.993965
1 13 66 79 0 2 0
1 13 67 77 1 0 0.306072
1 13 67 78 1 1 0
1 13 67 79 1 2 0.264075
1 13 68 77 2 0 0.260236
1 13 68 78 2 1 0
1 13 68 79 2 2 0.304069
1 14 51 62 0 0 0.999198
1 14 51 63 0 1 0
1 14 52 62 1 0 0
1 14 52 63 1 1 0.505426
1 14 53 62 2 0 0
1 14 53 63 2 1 0.49406
1 15 37 46 0 0 0.996438
1 15 37 47 0 1 0
1 15 38 46 1 0 0
1 15 38 47 1 1 0
1 15 39 46 2 0 0
1 15 39 47 2 1 0.988382
1 16 72 80 0 0 0
1 16 72 81 0 1 0
1 16 73 80 1 0 0.990518
1 16 73 81 1 1 0
1 16 74 80 2 0 0
1 16 74 81 2 1 0.956358
1 17 69 82 0 0 0.96546
1 17 69 83 0 1 0
1 17 69 84 0 2 0
1 17 70 82 1 0 0
1 17 70 83 1 1 0.867375
1 17 70 84 1 2 0
1 17 71 82 2 0 0
1 17 71 83 2 1 0
1 17 71 84 2 2 0.976493
2 0 88 85 0 0 0.994608
2 0 88 86 0 1 0
2 0 88 87 0 2 0
2 0 89 85 1 0 0
2 0 89 86 1 1 0.941409
2 0 89 87 1 2 0
2 0 90 85 2 0 0
2 0 90 86 2 1 0
2 0 90 87 2 2 0.944922
2 1 91 106 0 0 0.987974
2 1 92 106 1 0 0
2 1 93 106 2 0 0
2 2 106 117 0 0 0.997068
2 3 85 91 0 0 0.954633
2 3 85 92 0 1 0
2 3 85 93 0 2 0
2 3 86 91 1 0 0
2 3 86 92 1 1 0.850221
2 3 86 93 1 2 0
2 3 87 91 2 0 0
2 3 87 92 2 1 0
2 3 87 93 2 2 0.824533
2 4 85 94 0 0 0.929499
2 4 85 95 0 1 0
2 4 85 96 0 2 0
2 4 86 94 1 0 0
2 4 86 95 1 1 0.845086
2 4 86 96 1 2 0
2 4 87 94 2 0 0
2 4 87 95 2 1 0
2 4 87 96 2 2 0.818247
2 5 94 107 0 0 0.994522
2 5 95 107 1 0 0
2 5 96 107 2 0 0
2 6 107 118 0 0 0.992727
2 7 88 100 0 0 0.969976
2 7 88 101 0 1 0
2 7 88 102 0 2 0
2 7 89 100 1 0 0
2 7 89 101 1 1 0.999722
2 7 89 102 1 2 0
2 7 90 100 2 0 0
2 7 90 101 2 1 0
2 7 90 102 2 2 0.90693
2 8 100 111 0 0 0.976217
2 8 100 112 0 1 0
2 8 100 113 0 2 0
2 8 101 111 1 0 0
2 8 101 112 1 1 0.959599
2 8 101 113 1 2 0
2 8 102 111 2 0 0
2 8 102 112 2 1 0
2 8 102 113 2 2 0.961296
2 9 111 119 0 0 0.986753
2 9 111 120 0 1 0
2 9 111 121 0 2 0
2 9 112 119 1 0 0
2 9 112 120 1 1 0.982353
2 9 112 121 1 2 0
2 9 113 119 2 0 0
2 9 113 120 2 1 0
2 9 113 121 2 2 0.9984
2 10 100 108 0 0 0.965447
2 10 100 109 0 1 0
2 10 101 108 1 0 0
2 10 101 109 1 1 0
2 10 102 108 2 0 0
2 10 102 109 2 1 0.933454
2 11 88 103 0 0 0.99226
2 11 88 104 0 1 0
2 11 88 105 0 2 0
2 11 89 103 1 0 0
2 11 89 104 1 1 0.996268
2 11 89 105 1 2 0
2 11 90 103 2 0 0
2 11 90 104 2 1 0
2 11 90 105 2 2 0.902999
2 12 103 114 0 0 0.998451
2 12 103 115 0 1 0
2 12 103 116 0 2 0
2 12 104 114 1 0 0
2 12 104 115 1 1 0.985285
2 12 104 116 1 2 0
2 12 105 114 2 0 0
2 12 105 115 2 1 0
2 12 105 116 2 2 0.909574
2 13 114 122 0 0 0.994744
2 13 114 123 0 1 0
2 13 114 124 0 2 0
2 13 115 122 1 0 0
2 13 115 123 1 1 0.847538
2 13 115 124 1 2 0
2 13 116 122 2 0 0
2 13 116 123 2 1 0
2 13 116 124 2 2 0.997001
2 14 103 110 0 0 0
2 14 104 110 1 0 0.996517
2 14 105 110 2 0 0
2 15 88 97 0 0 0.965905
2 15 88 98 0 1 0
2 15 88 99 0 2 0
2 15 89 97 1 0 0
2 15 89 98 1 1 0.995737
2 15 89 99 1 2 0
2 15 90 97 2 0 0
2 15 90 98 2 1 0
2 15 90 99 2 2 0.961921
2 16 118 125 0 0 0.983022
2 17 117 126 0 0 0.962227
3 0 130 127 0 0 0
3 0 130 128 0 1 0
3 0 130 129 0 2 0.986103
3 0 131 127 1 0 0
3 0 131 128 1 1 0.961529
3 0 131 129 1 2 0
3 0 132 127 2 0 0.999427
3 0 132 128 2 1 0
3 0 132 129 2 2 0
3 1 133 148 0 0 0.998513
3 1 133 149 0 1 0
3 1 133 150 0 2 0
3 1 134 148 1 0 0
3 1 134 149 1 1 0.949112
3 1 134 150 1 2 0
3 1 135 148 2 0 0
3 1 135 149 2 1 0
3 1 135 150 2 2 0.973879
3 2 148 162 0 0 0.979216
3 2 148 163 0 1 0
3 2 148 164 0 2 0
3 2 149 162 1 0 0
3 2 149 163 1 1 0.990935
3 2 149 164 1 2 0
3 2 150 162 2 0 0
3 2 150 163 2 1 0
3 2 150 164 2 2 0.943596
3 3 127 133 0 0 0.935769
3 3 127 134 0 1 0
3 3 127 135 0 2 0
3 3 128 133 1 0 0
3 3 128 134 1 1 0.899646
3 3 128 135 1 2 0
3 3 129 133 2 0 0
3 3 129 134 2 1 0
3 3 129 135 2 2 0.891486
3 4 127 136 0 0 0.95031
3 4 127 137 0 1 0
3 4 127 138 0 2 0
3 4 128 136 1 0 0
3 4 128 137 1 1 0.890606
3 4 128 138 1 2 0
3 4 129 136 2 0 0
3 4 129 137 2 1 0
3 4 129 138 2 2 0.896076
3 5 136 151 0 0 0.994421
3 5 136 152 0 1 0
3 5 136 153 0 2 0
3 5 137 151 1 0 0
3 5 137 152 1 1 0.950562
3 5 137 153 1 2 0
3 5 138 151 2 0 0
3 5 138 152 2 1 0
3 5 138 153 2 2 0.965341
3 6 151 165 0 0 0.997075
3 6 151 166 0 1 0
3 6 151 167 0 2 0
3 6 152 165 1 0 0
3 6 152 166 1 1 0.991153
3 6 152 167 1 2 0
3 6 153 165 2 0 0
3 6 153 166 2 1 0
3 6 153 167 2 2 0.94417
3 7 130 142 0 0 0.985152
3 7 130 143 0 1 0
3 7 130 144 0 2 0
3 7 131 142 1 0 0
3 7 131 143 1 1 0.961834
3 7 131 144 1 2 0
3 7 132 142 2 0 0
3 7 132 143 2 1 0
3 7 132 144 2 2 0.999357
3 8 142 157 0 0 0
3 8 142 158 0 1 0
3 8 142 159 0 2 0.988554
3 8 143 157 1 0 0.953737
3 8 143 158 1 1 0
3 8 143 159 1 2 0
3 8 144 157 2 0 0
3 8 144 158 2 1 0.995413
3 8 144 159 2 2 0
3 9 157 168 0 0 0.98613
3 9 157 169 0 1 0
3 9 157 170 0 2 0
3 9 158 168 1 0 0
3 9 158 169 1 1 0.991944
3 9 158 170 1 2 0
3 9 159 168 2 0 0
3 9 159 169 2 1 0
3 9 159 170 2 2 0.978483
3 10 142 154 0 0 0.986877
3 10 142 155 0 1 0
3 10 143 154 1 0 0
3 10 143 155 1 1 0.969953
3 10 144 154 2 0 0
3 10 144 155 2 1 0
3 11 130 145 0 0 0.988446
3 11 130 146 0 1 0
3 11 130 147 0 2 0
3 11 131 145 1 0 0
3 11 131 146 1 1 0.934521
3 11 131 147 1 2 0
3 11 132 145 2 0 0
3 11 132 146 2 1 0
3 11 132 147 2 2 0.998719
3 12 145 160 0 0 0
3 12 145 161 0 1 0.923774
3 12 146 160 1 0 0
3 12 146 161 1 1 0
3 12 147 160 2 0 0.987615
3 12 147 161 2 1 0
3 13 160 171 0 0 0.972758
3 13 161 171 1 0 0
3 14 145 156 0 0 0
3 14 146 156 1 0 0
3 14 147 156 2 0 0.991824
3 15 130 139 0 0 0.836537
3 15 130 140 0 1 0
3 15 130 141 0 2 0
3 15 131 139 1 0 0
3 15 131 140 1 1 0.958126
3 15 131 141 1 2 0
3 15 132 139 2 0 0
3 15 132 140 2 1 0
3 15 132 141 2 2 0.993259
3 16 165 172 0 0 0
3 16 165 173 0 1 0.938195
3 16 165 174 0 2 0
3 16 166 172 1 0 0.990745
3 16 166 173 1 1 0
3 16 166 174 1 2 0
3 16 167 172 2 0 0
3 16 167 173 2 1 0
3 16 167 174 2 2 0.871614
3 17 162 175 0 0 0.99998
3 17 162 176 0 1 0
3 17 162 177 0 2 0
3 17 162 178 0 3 0
3 17 163 175 1 0 0
3 17 163 176 1 1 0.976746
3 17 163 177 1 2 0
3 17 163 178 1 3 0
3 17 164 175 2 0 0
3 17 164 176 2 1 0
3 17 164 177 2 2 0.455253
3 17 164 178 2 3 0.544747
4 0 181 179 0 0 0.996442
4 0 181 180 0 1 0
4 0 182 179 1 0 0
4 0 182 180 1 1 0.993774
4 1 183 193 0 0 0.991718
4 1 183 194 0 1 0
4 1 184 193 1 0 0
4 1 184 194 1 1 0.968602
4 2 193 207 0 0 0.996489
4 2 193 208 0 1 0
4 2 194 207 1 0 0
4 2 194 208 1 1 0.990391
4 3 179 183 0 0 0.919011
4 3 179 184 0 1 0
4 3 180 183 1 0 0
4 3 180 184 1 1 0.875143
4 4 179 185 0 0 0.914155
4 4 179 186 0 1 0
4 4 180 185 1 0 0
4 4 180 186 1 1 0.872218
4 5 185 195 0 0 0.978198
4 5 185 196 0 1 0
4 5 185 197 0 2 0
4 5 186 195 1 0 0
4 5 186 196 1 1 0.490666
4 5 186 197 1 2 0.509334
4 6 195 209 0 0 0.997797
4 6 195 210 0 1 0
4 6 195 211 0 2 0
4 6 196 209 1 0 0
4 6 196 210 1 1 0.337727
4 6 196 211 1 2 0.273693
4 6 197 209 2 0 0
4 6 197 210 2 1 0.264806
4 6 197 211 2 2 0.333665
4 7 181 188 0 0 0.499527
4 7 181 189 0 1 0.500473
4 7 181 190 0 2 0
4 7 182 188 1 0 0
4 7 182 189 1 1 0
4 7 182 190 1 2 0.972408
4 8 188 203 0 0 0.506129
4 8 188 204 0 1 0
4 8 189 203 1 0 0.493871
4 8 189 204 1 1 0
4 8 190 203 2 0 0
4 8 190 204 2 1 0.992028
4 9 203 212 0 0 0.898597
4 9 203 213 0 1 0
4 9 204 212 1 0 0
4 9 204 213 1 1 0.989636
4 10 188 198 0 0 0
4 10 188 199 0 1 0.499998
4 10 188 200 0 2 0
4 10 189 198 1 0 0
4 10 189 199 1 1 0.500002
4 10 189 200 1 2 0
4 10 190 198 2 0 0.980387
4 10 190 199 2 1 0
4 10 190 200 2 2 0
4 11 181 191 0 0 0
4 11 181 192 0 1 0.996012
4 11 182 191 1 0 0.968207
4 11 182 192 1 1 0
4 12 191 205 0 0 0
4 12 191 206 0 1 0.962932
4 12 192 205 1 0 0.965131
4 12 192 206 1 1 0
4 13 205 214 0 0 0.97855
4 13 205 215 0 1 0
4 13 206 214 1 0 0
4 13 206 215 1 1 0.993324
4 14 191 201 0 0 0.880617
4 14 191 202 0 1 0
4 14 192 201 1 0 0
4 14 192 202 1 1 0.965341
4 15 181 187 0 0 0
4 15 182 187 1 0 0
4 16 209 216 0 0 0.90733
4 16 209 217 0 1 0
4 16 210 216 1 0 0
4 16 210 217 1 1 0
4 16 211 216 2 0 0
4 16 211 217 2 1 0.684255
4 17 207 218 0 0 0.910695
4 17 207 219 0 1 0
4 17 208 218 1 0 0
4 17 208 219 1 1 0.912876
E jointIdx viewA viewB aOverAllIdx bOverallIdx score
0 0 1 0 34 0.151497
0 0 1 0 35 0.5318
0 0 1 0 36 0.149851
0 0 1 1 34 -1
0 0 1 1 35 0.268504
0 0 1 1 36 0.793878
0 0 2 0 85 0.942023
0 0 2 0 86 -1
0 0 2 0 87 -1
0 0 2 1 85 -1
0 0 2 1 86 0.838521
0 0 2 1 87 -1
0 0 3 0 127 -1
0 0 3 0 128 0.948487
0 0 3 0 129 -1
0 0 3 1 127 0.974405
0 0 3 1 128 -1
0 0 3 1 129 -1
0 0 4 0 179 -1
0 0 4 0 180 0.661229
0 0 4 1 179 -1
0 0 4 1 180 0.338771
0 1 2 34 85 -1
0 1 2 34 86 -1
0 1 2 34 87 0.744348
0 1 2 35 85 0.984434
0 1 2 35 86 0.0564694
0 1 2 35 87 -1
0 1 2 36 85 -1
0 1 2 36 86 0.879838
0 1 2 36 87 -1
0 1 3 34 127 -1
0 1 3 34 128 -1
0 1 3 34 129 0.960406
0 1 3 35 127 0.94555
0 1 3 35 128 0.874016
0 1 3 35 129 -1
0 1 3 36 127 0.975151
0 1 3 36 128 0.815487
0 1 3 36 129 -1
0 1 4 34 179 0.997103
0 1 4 34 180 -1
0 1 4 35 179 -1
0 1 4 35 180 0.954845
0 1 4 36 179 -1
0 1 4 36 180 -1
0 2 3 85 127 -1
0 2 3 85 128 0.879191
0 2 3 85 129 -1
0 2 3 86 127 0.812551
0 2 3 86 128 -1
0 2 3 86 129 -1
0 2 3 87 127 -1
0 2 3 87 128 -1
0 2 3 87 129 0.493375
0 2 4 85 179 -1
0 2 4 85 180 0.949911
0 2 4 86 179 -1
0 2 4 86 180 -1
0 2 4 87 179 0.961321
0 2 4 87 180 -1
0 3 4 127 179 0.366862
0 3 4 127 180 -1
0 3 4 128 179 0.142091
0 3 4 128 180 0.674729
0 3 4 129 179 0.431313
0 3 4 129 180 -1
1 0 1 2 37 -1
1 0 1 2 38 0.549789
1 0 1 2 39 0.480387
1 0 1 3 37 -1
1 0 1 3 38 0.450211
1 0 1 3 39 0.519613
1 0 2 2 88 -1
1 0 2 2 89 0.895889
1 0 2 2 90 -1
1 0 2 3 88 0.961414
1 0 2 3 89 -1
1 0 2 3 90 -1
1 0 3 2 130 -1
1 0 3 2 131 0.458978
1 0 3 2 132 0.534162
1 0 3 3 130 -1
1 0 3 3 131 0.541022
1 0 3 3 132 0.465838
1 0 4 2 181 0.389491
1 0 4 2 182 0.25724
1 0 4 3 181 0.255792
1 0 4 3 182 0.384421
1 1 2 37 88 -1
1 1 2 37 89 -1
1 1 2 37 90 0.846236
1 1 2 38 88 -1
1 1 2 38 89 0.652984
1 1 2 38 90 -1
1 1 2 39 88 0.956677
1 1 2 39 89 0.0437941
1 1 2 39 90 -1
1 1 3 37 130 0.93169
1 1 3 37 131 -1
1 1 3 37 132 0.0430751
1 1 3 38 130 0.00539939
1 1 3 38 131 0.415135
1 1 3 38 132 0.346201
1 1 3 39 130 -1
1 1 3 39 131 0.951256
1 1 3 39 132 0.51258
1 1 4 37 181 0.947041
1 1 4 37 182 -1
1 1 4 38 181 -1
1 1 4 38 182 0.079248
1 1 4 39 181 -1
1 1 4 39 182 0.852372
1 2 3 88 130 -1
1 2 3 88 131 0.910225
1 2 3 88 132 -1
1 2 3 89 130 -1
1 2 3 89 131 -1
1 2 3 89 132 0.907394
1 2 3 90 130 0.714817
1 2 3 90 131 -1
1 2 3 90 132 -1
1 2 4 88 181 -1
1 2 4 88 182 0.915267
1 2 4 89 181 -1
1 2 4 89 182 0.877076
1 2 4 90 181 0.966596
1 2 4 90 182 -1
1 3 4 130 181 0.181984
1 3 4 130 182 0.21296
1 3 4 131 181 0.197391
1 3 4 131 182 0.196389
1 3 4 132 181 0.217539
1 3 4 132 182 0.174718
2 0 1 4 40 0.634597
2 0 1 4 41 0.069895
2 0 1 4 42 0.153641
2 0 1 5 40 0.163761
2 0 1 5 41 -1
2 0 1 5 42 0.79754
2 0 2 4 91 0.899572
2 0 2 4 92 -1
2 0 2 4 93 -1
2 0 2 5 91 -1
2 0 2 5 92 0.987249
2 0 2 5 93 -1
2 0 3 4 133 -1
2 0 3 4 134 0.780851
2 0 3 4 135 -1
2 0 3 5 133 0.964369
2 0 3 5 134 -1
2 0 3 5 135 -1
2 0 4 4 183 -1
2 0 4 4 184 0.507156
2 0 4 5 183 -1
2 0 4 5 184 0.492844
2 1 2 40 91 0.812222
2 1 2 40 92 -1
2 1 2 40 93 -1
2 1 2 41 91 -1
2 1 2 41 92 -1
2 1 2 41 93 0.975559
2 1 2 42 91 -1
2 1 2 42 92 0.964446
2 1 2 42 93 -1
2 1 3 40 133 0.843618
2 1 3 40 134 0.749135
2 1 3 40 135 -1
2 1 3 41 133 -1
2 1 3 41 134 -1
2 1 3 41 135 0.994547
2 1 3 42 133 0.98507
2 1 3 42 134 0.909205
2 1 3 42 135 -1
2 1 4 40 183 -1
2 1 4 40 184 0.890049
2 1 4 41 183 0.98357
2 1 4 41 184 -1
2 1 4 42 183 -1
2 1 4 42 184 -1
2 2 3 91 133 -1
2 2 3 91 134 0.863499
2 2 3 91 135 -1
2 2 3 92 133 0.937207
2 2 3 92 134 -1
2 2 3 92 135 -1
2 2 3 93 133 -1
2 2 3 93 134 -1
2 2 3 93 135 0.9278
2 2 4 91 183 -1
2 2 4 91 184 0.939149
2 2 4 92 183 -1
2 2 4 92 184 -1
2 2 4 93 183 0.846046
2 2 4 93 184 -1
2 3 4 133 183 0.35911
2 3 4 133 184 -1
2 3 4 134 183 0.156341
2 3 4 134 184 0.653546
2 3 4 135 183 0.432358
2 3 4 135 184 -1
3 0 1 6 43 0.432491
3 0 1 6 44 0.320522
3 0 1 6 45 0.12708
3 0 1 7 43 0.330212
3 0 1 7 44 -1
3 0 1 7 45 0.803195
3 0 2 6 94 0.819619
3 0 2 6 95 -1
3 0 2 6 96 -1
3 0 2 7 94 -1
3 0 2 7 95 0.640219
3 0 2 7 96 -1
3 0 3 6 136 -1
3 0 3 6 137 0.790713
3 0 3 6 138 -1
3 0 3 7 136 0.882383
3 0 3 7 137 -1
3 0 3 7 138 -1
3 0 4 6 185 -1
3 0 4 6 186 0.823848
3 0 4 7 185 -1
3 0 4 7 186 -1
3 1 2 43 94 0.968528
3 1 2 43 95 0.280393
3 1 2 43 96 -1
3 1 2 44 94 -1
3 1 2 44 95 -1
3 1 2 44 96 0.56288
3 1 2 45 94 0.479507
3 1 2 45 95 0.601764
3 1 2 45 96 -1
3 1 3 43 136 0.751868
3 1 3 43 137 0.99933
3 1 3 43 138 -1
3 1 3 44 136 -1
3 1 3 44 137 -1
3 1 3 44 138 0.965667
3 1 3 45 136 0.93253
3 1 3 45 137 0.751476
3 1 3 45 138 -1
3 1 4 43 185 -1
3 1 4 43 186 0.743229
3 1 4 44 185 0.949954
3 1 4 44 186 -1
3 1 4 45 185 -1
3 1 4 45 186 0.445697
3 2 3 94 136 -1
3 2 3 94 137 0.934386
3 2 3 94 138 -1
3 2 3 95 136 0.525197
3 2 3 95 137 -1
3 2 3 95 138 -1
3 2 3 96 136 -1
3 2 3 96 137 -1
3 2 3 96 138 0.125913
3 2 4 94 185 -1
3 2 4 94 186 0.738579
3 2 4 95 185 -1
3 2 4 95 186 -1
3 2 4 96 185 0.839358
3 2 4 96 186 -1
3 3 4 136 185 0.397636
3 3 4 136 186 -1
3 3 4 137 185 0.149445
3 3 4 137 186 0.673137
3 3 4 138 185 0.401082
3 3 4 138 186 0.0937654
4 0 1 8 46 -1
4 0 1 8 47 0.969142
4 0 2 8 97 0.993661
4 0 2 8 98 0.19774
4 0 2 8 99 -1
4 0 3 8 139 -1
4 0 3 8 140 0.939057
4 0 3 8 141 0.57338
4 0 4 8 187 0.692948
4 1 2 46 97 -1
4 1 2 46 98 -1
4 1 2 46 99 0.986814
4 1 2 47 97 0.941326
4 1 2 47 98 0.317618
4 1 2 47 99 -1
4 1 3 46 139 0.67715
4 1 3 46 140 -1
4 1 3 46 141 -1
4 1 3 47 139 -1
4 1 3 47 140 0.954699
4 1 3 47 141 0.958529
4 1 4 46 187 -1
4 1 4 47 187 -1
4 2 3 97 139 -1
4 2 3 97 140 0.911287
4 2 3 97 141 -1
4 2 3 98 139 -1
4 2 3 98 140 -1
4 2 3 98 141 0.970949
4 2 3 99 139 0.976277
4 2 3 99 140 -1
4 2 3 99 141 -1
4 2 4 97 187 0.874372
4 2 4 98 187 0.860663
4 2 4 99 187 -1
4 3 4 139 187 0.21867
4 3 4 140 187 0.29318
4 3 4 141 187 0.48815
5 0 1 9 48 -1
5 0 1 9 49 0.471064
5 0 1 9 50 0.509064
5 0 1 10 48 -1
5 0 1 10 49 0.528936
5 0 1 10 50 0.490936
5 0 2 9 100 0.682058
5 0 2 9 101 0.0999463
5 0 2 9 102 -1
5 0 2 10 100 0.317942
5 0 2 10 101 0.72419
5 0 2 10 102 -1
5 0 3 9 142 -1
5 0 3 9 143 0.51721
5 0 3 9 144 0.484763
5 0 3 10 142 -1
5 0 3 10 143 0.48279
5 0 3 10 144 0.515237
5 0 4 9 188 0.207749
5 0 4 9 189 0.208281
5 0 4 9 190 0.250118
5 0 4 10 188 0.241884
5 0 4 10 189 0.241386
5 0 4 10 190 0.202218
5 1 2 48 100 -1
5 1 2 48 101 -1
5 1 2 48 102 0.981535
5 1 2 49 100 -1
5 1 2 49 101 0.415136
5 1 2 49 102 -1
5 1 2 50 100 0.999423
5 1 2 50 101 -1
5 1 2 50 102 -1
5 1 3 48 142 0.909447
5 1 3 48 143 -1
5 1 3 48 144 -1
5 1 3 49 142 -1
5 1 3 49 143 0.351401
5 1 3 49 144 0.637498
5 1 3 50 142 -1
5 1 3 50 143 0.963885
5 1 3 50 144 0.830554
5 1 4 48 188 0.788909
5 1 4 48 189 0.902967
5 1 4 48 190 -1
5 1 4 49 188 -1
5 1 4 49 189 -1
5 1 4 49 190 -1
5 1 4 50 188 -1
5 1 4 50 189 -1
5 1 4 50 190 0.962079
5 2 3 100 142 -1
5 2 3 100 143 0.998003
5 2 3 100 144 -1
5 2 3 101 142 -1
5 2 3 101 143 -1
5 2 3 101 144 0.839341
5 2 3 102 142 0.987454
5 2 3 102 143 -1
5 2 3 102 144 -1
5 2 4 100 188 -1
5 2 4 100 189 -1
5 2 4 100 190 0.852677
5 2 4 101 188 -1
5 2 4 101 189 -1
5 2 4 101 190 0.147604
5 2 4 102 188 0.476359
5 2 4 102 189 0.872726
5 2 4 102 190 -1
5 3 4 142 188 0.118607
5 3 4 142 189 0.12158
5 3 4 142 190 0.147534
5 3 4 143 188 0.131144
5 3 4 143 189 0.130254
5 3 4 143 190 0.124687
5 3 4 144 188 0.13788
5 3 4 144 189 0.135484
5 3 4 144 190 0.111801
6 0 1 11 51 0.160679
6 0 1 11 52 0.307838
6 0 1 11 53 0.232949
6 0 1 12 51 -1
6 0 1 12 52 0.404836
6 0 1 12 53 0.549623
6 0 2 11 103 -1
6 0 2 11 104 0.98144
6 0 2 11 105 -1
6 0 2 12 103 0.919227
6 0 2 12 104 -1
6 0 2 12 105 -1
6 0 3 11 145 -1
6 0 3 11 146 0.480409
6 0 3 11 147 0.56362
6 0 3 12 145 -1
6 0 3 12 146 0.519591
6 0 3 12 147 0.43638
6 0 4 11 191 0.231647
6 0 4 11 192 0.45484
6 0 4 12 191 0.465883
6 0 4 12 192 0.257324
6 1 2 51 103 -1
6 1 2 51 104 -1
6 1 2 51 105 0.784268
6 1 2 52 103 0.0982328
6 1 2 52 104 0.927803
6 1 2 52 105 -1
6 1 2 53 103 0.930562
6 1 2 53 104 0.36107
6 1 2 53 105 -1
6 1 3 51 145 0.754715
6 1 3 51 146 0.0365492
6 1 3 51 147 0.100348
6 1 3 52 145 0.0531649
6 1 3 52 146 0.282744
6 1 3 52 147 0.265181
6 1 3 53 145 -1
6 1 3 53 146 0.492894
6 1 3 53 147 0.447511
6 1 4 51 191 -1
6 1 4 51 192 0.996776
6 1 4 52 191 0.935427
6 1 4 52 192 -1
6 1 4 53 191 0.950438
6 1 4 53 192 -1
6 2 3 103 145 -1
6 2 3 103 146 0.960496
6 2 3 103 147 -1
6 2 3 104 145 -1
6 2 3 104 146 -1
6 2 3 104 147 0.961492
6 2 3 105 145 0.411515
6 2 3 105 146 -1
6 2 3 105 147 -1
6 2 4 103 191 0.819892
6 2 4 103 192 -1
6 2 4 104 191 0.287335
6 2 4 104 192 -1
6 2 4 105 191 -1
6 2 4 105 192 0.847196
6 3 4 145 191 0.226057
6 3 4 145 192 0.189981
6 3 4 146 191 0.220449
6 3 4 146 192 0.195455
6 3 4 147 191 0.157492
6 3 4 147 192 0.256906
7 0 1 13 54 0.943126
7 0 1 13 55 -1
7 0 1 13 56 0.804451
7 0 1 14 54 -1
7 0 1 14 55 0.880107
7 0 1 14 56 -1
7 0 2 13 106 0.991296
7 0 2 14 106 -1
7 0 3 13 148 -1
7 0 3 13 149 0.94455
7 0 3 13 150 -1
7 0 3 14 148 0.843253
7 0 3 14 149 -1
7 0 3 14 150 -1
7 0 4 13 193 -1
7 0 4 13 194 0.610693
7 0 4 14 193 -1
7 0 4 14 194 0.389307
7 1 2 54 106 0.976629
7 1 2 55 106 -1
7 1 2 56 106 -1
7 1 3 54 148 0.898007
7 1 3 54 149 0.828916
7 1 3 54 150 -1
7 1 3 55 148 0.87404
7 1 3 55 149 0.811569
7 1 3 55 150 -1
7 1 3 56 148 -1
7 1 3 56 149 -1
7 1 3 56 150 0.91665
7 1 4 54 193 -1
7 1 4 54 194 0.89596
7 1 4 55 193 -1
7 1 4 55 194 -1
7 1 4 56 193 0.968034
7 1 4 56 194 -1
7 2 3 106 148 -1
7 2 3 106 149 0.958239
7 2 3 106 150 -1
7 2 4 106 193 -1
7 2 4 106 194 0.886737
7 3 4 148 193 0.413238
7 3 4 148 194 -1
7 3 4 149 193 0.0153131
7 3 4 149 194 0.586757
7 3 4 150 193 0.571448
7 3 4 150 194 -1
8 0 1 15 57 0.894996
8 0 1 15 58 -1
8 0 1 15 59 0.903873
8 0 1 16 57 -1
8 0 1 16 58 0.561212
8 0 1 16 59 -1
8 0 2 15 107 0.776359
8 0 2 16 107 -1
8 0 3 15 151 -1
8 0 3 15 152 0.733097
8 0 3 15 153 -1
8 0 3 16 151 0.964294
8 0 3 16 152 -1
8 0 3 16 153 -1
8 0 4 15 195 -1
8 0 4 15 196 0.407674
8 0 4 15 197 0.560602
8 0 4 16 195 -1
8 0 4 16 196 -1
8 0 4 16 197 -1
8 1 2 57 107 0.928635
8 1 2 58 107 0.744853
8 1 2 59 107 -1
8 1 3 57 151 0.167128
8 1 3 57 152 0.747899
8 1 3 57 153 -1
8 1 3 58 151 0.672827
8 1 3 58 152 0.575503
8 1 3 58 153 -1
8 1 3 59 151 -1
8 1 3 59 152 -1
8 1 3 59 153 0.809326
8 1 4 57 195 -1
8 1 4 57 196 -1
8 1 4 57 197 0.891881
8 1 4 58 195 -1
8 1 4 58 196 0.115334
8 1 4 58 197 0.629636
8 1 4 59 195 0.826344
8 1 4 59 196 -1
8 1 4 59 197 -1
8 2 3 107 151 -1
8 2 3 107 152 0.988749
8 2 3 107 153 -1
8 2 4 107 195 -1
8 2 4 107 196 -1
8 2 4 107 197 0.741911
8 3 4 151 195 0.649191
8 3 4 151 196 0.758351
8 3 4 151 197 -1
8 3 4 152 195 -1
8 3 4 152 196 -1
8 3 4 152 197 0.869985
8 3 4 153 195 0.953163
8 3 4 153 196 0.727279
8 3 4 153 197 -1
9 0 1 17 60 0.66963
9 0 1 17 61 0.33037
9 0 2 17 108 0.516155
9 0 2 17 109 -1
9 0 3 17 154 -1
9 0 3 17 155 -1
9 0 4 17 198 0.96103
9 0 4 17 199 -1
9 0 4 17 200 0.985812
9 1 2 60 108 -1
9 1 2 60 109 -1
9 1 2 61 108 0.870615
9 1 2 61 109 -1
9 1 3 60 154 -1
9 1 3 60 155 0.391412
9 1 3 61 154 -1
9 1 3 61 155 0.608588
9 1 4 60 198 -1
9 1 4 60 199 -1
9 1 4 60 200 0.864181
9 1 4 61 198 0.744347
9 1 4 61 199 -1
9 1 4 61 200 -1
9 2 3 108 154 -1
9 2 3 108 155 0.848892
9 2 3 109 154 0.996341
9 2 3 109 155 -1
9 2 4 108 198 0.894264
9 2 4 108 199 -1
9 2 4 108 200 0.886064
9 2 4 109 198 -1
9 2 4 109 199 0.989414
9 2 4 109 200 -1
9 3 4 154 198 0.232375
9 3 4 154 199 0.252025
9 3 4 154 200 0.116736
9 3 4 155 198 0.23099
9 3 4 155 199 0.215066
9 3 4 155 200 0.188021
10 0 1 18 62 -1
10 0 1 18 63 0.485972
10 0 1 19 62 -1
10 0 1 19 63 0.514028
10 0 2 18 110 0.985779
10 0 2 19 110 -1
10 0 3 18 156 0.998989
10 0 3 19 156 -1
10 0 4 18 201 0.288496
10 0 4 18 202 0.234952
10 0 4 19 201 0.711504
10 0 4 19 202 -1
10 1 2 62 110 -1
10 1 2 63 110 0.671379
10 1 3 62 156 -1
10 1 3 63 156 0.832904
10 1 4 62 201 -1
10 1 4 62 202 0.971933
10 1 4 63 201 0.793258
10 1 4 63 202 -1
10 2 3 110 156 0.954349
10 2 4 110 201 0.382926
10 2 4 110 202 -1
10 3 4 156 201 0.331432
10 3 4 156 202 0.583029
11 0 1 20 64 -1
11 0 1 20 65 0.875111
11 0 1 21 64 -1
11 0 1 21 65 -1
11 0 2 20 111 0.89396
11 0 2 20 112 -1
11 0 2 20 113 -1
11 0 2 21 111 -1
11 0 2 21 112 0.879203
11 0 2 21 113 -1
11 0 3 20 157 0.789503
11 0 3 20 158 0.144142
11 0 3 20 159 -1
11 0 3 21 157 -1
11 0 3 21 158 0.855858
11 0 3 21 159 -1
11 0 4 20 203 0.292908
11 0 4 20 204 0.707092
11 0 4 21 203 -1
11 0 4 21 204 -1
11 1 2 64 111 -1
11 1 2 64 112 -1
11 1 2 64 113 0.651544
11 1 2 65 111 0.984512
11 1 2 65 112 -1
11 1 2 65 113 -1
11 1 3 64 157 0.183827
11 1 3 64 158 0.234865
11 1 3 64 159 0.361646
11 1 3 65 157 0.322913
11 1 3 65 158 0.26997
11 1 3 65 159 0.138457
11 1 4 64 203 0.681451
11 1 4 64 204 -1
11 1 4 65 203 0.231596
11 1 4 65 204 0.768404
11 2 3 111 157 0.889297
11 2 3 111 158 -1
11 2 3 111 159 -1
11 2 3 112 157 -1
11 2 3 112 158 0.965978
11 2 3 112 159 -1
11 2 3 113 157 -1
11 2 3 113 158 -1
11 2 3 113 159 0.835479
11 2 4 111 203 -1
11 2 4 111 204 0.930202
11 2 4 112 203 -1
11 2 4 112 204 -1
11 2 4 113 203 0.926817
11 2 4 113 204 -1
11 3 4 157 203 0.197597
11 3 4 157 204 0.21135
11 3 4 158 203 0.200434
11 3 4 158 204 0.207827
11 3 4 159 203 0.214693
11 3 4 159 204 0.190118
12 0 1 22 66 0.379718
12 0 1 22 67 0.435715
12 0 1 22 68 0.0638271
12 0 1 23 66 -1
12 0 1 23 67 0.22572
12 0 1 23 68 0.886577
12 0 2 22 114 0.900223
12 0 2 22 115 -1
12 0 2 22 116 -1
12 0 2 23 114 -1
12 0 2 23 115 0.992263
12 0 2 23 116 -1
12 0 3 22 160 -1
12 0 3 22 161 -1
12 0 3 23 160 0.903474
12 0 3 23 161 -1
12 0 4 22 205 0.296068
12 0 4 22 206 0.392452
12 0 4 23 205 -1
12 0 4 23 206 0.480334
12 1 2 66 114 -1
12 1 2 66 115 -1
12 1 2 66 116 0.468299
12 1 2 67 114 0.608486
12 1 2 67 115 0.990515
12 1 2 67 116 -1
12 1 2 68 114 0.555337
12 1 2 68 115 0.994849
12 1 2 68 116 -1
12 1 3 66 160 0.211824
12 1 3 66 161 0.261991
12 1 3 67 160 0.244001
12 1 3 67 161 0.165371
12 1 3 68 160 0.237307
12 1 3 68 161 0.2324
12 1 4 66 205 0.842929
12 1 4 66 206 -1
12 1 4 67 205 -1
12 1 4 67 206 0.893534
12 1 4 68 205 -1
12 1 4 68 206 0.336937
12 2 3 114 160 -1
12 2 3 114 161 -1
12 2 3 115 160 0.926808
12 2 3 115 161 -1
12 2 3 116 160 -1
12 2 3 116 161 0.341251
12 2 4 114 205 -1
12 2 4 114 206 0.986716
12 2 4 115 205 -1
12 2 4 115 206 -1
12 2 4 116 205 0.83827
12 2 4 116 206 -1
12 3 4 160 205 0.283532
12 3 4 160 206 0.303944
12 3 4 161 205 0.30283
12 3 4 161 206 0.281562
13 0 1 24 69 0.935806
13 0 1 24 70 -1
13 0 1 24 71 0.765911
13 0 1 25 69 -1
13 0 1 25 70 0.869557
13 0 1 25 71 -1
13 0 2 24 117 0.840992
13 0 2 25 117 -1
13 0 3 24 162 -1
13 0 3 24 163 0.984554
13 0 3 24 164 -1
13 0 3 25 162 0.79496
13 0 3 25 163 -1
13 0 3 25 164 -1
13 0 4 24 207 -1
13 0 4 24 208 0.807018
13 0 4 25 207 -1
13 0 4 25 208 0.192982
13 1 2 69 117 0.742244
13 1 2 70 117 -1
13 1 2 71 117 -1
13 1 3 69 162 0.618576
13 1 3 69 163 0.85248
13 1 3 69 164 -1
13 1 3 70 162 0.77736
13 1 3 70 163 0.897755
13 1 3 70 164 -1
13 1 3 71 162 -1
13 1 3 71 163 -1
13 1 3 71 164 0.957435
13 1 4 69 207 -1
13 1 4 69 208 0.846154
13 1 4 70 207 -1
13 1 4 70 208 -1
13 1 4 71 207 0.86392
13 1 4 71 208 -1
13 2 3 117 162 -1
13 2 3 117 163 0.85834
13 2 3 117 164 -1
13 2 4 117 207 -1
13 2 4 117 208 0.984071
13 3 4 162 207 -1
13 3 4 162 208 -1
13 3 4 163 207 -1
13 3 4 163 208 0.94147
13 3 4 164 207 0.756066
13 3 4 164 208 -1
14 0 1 26 72 0.872696
14 0 1 26 73 -1
14 0 1 26 74 -1
14 0 1 27 72 -1
14 0 1 27 73 0.822025
14 0 1 27 74 -1
14 0 2 26 118 0.758031
14 0 2 27 118 -1
14 0 3 26 165 -1
14 0 3 26 166 0.833174
14 0 3 26 167 -1
14 0 3 27 165 0.999005
14 0 3 27 166 -1
14 0 3 27 167 -1
14 0 4 26 209 -1
14 0 4 26 210 -1
14 0 4 26 211 0.872721
14 0 4 27 209 -1
14 0 4 27 210 -1
14 0 4 27 211 -1
14 1 2 72 118 0.974951
14 1 2 73 118 -1
14 1 2 74 118 -1
14 1 3 72 165 -1
14 1 3 72 166 0.98334
14 1 3 72 167 -1
14 1 3 73 165 0.941698
14 1 3 73 166 -1
14 1 3 73 167 -1
14 1 3 74 165 -1
14 1 3 74 166 -1
14 1 3 74 167 0.963494
14 1 4 72 209 -1
14 1 4 72 210 -1
14 1 4 72 211 0.999844
14 1 4 73 209 -1
14 1 4 73 210 -1
14 1 4 73 211 0.571707
14 1 4 74 209 0.994494
14 1 4 74 210 -1
14 1 4 74 211 -1
14 2 3 118 165 -1
14 2 3 118 166 0.928084
14 2 3 118 167 -1
14 2 4 118 209 -1
14 2 4 118 210 -1
14 2 4 118 211 0.915291
14 3 4 165 209 0.358295
14 3 4 165 210 0.873967
14 3 4 165 211 -1
14 3 4 166 209 -1
14 3 4 166 210 -1
14 3 4 166 211 0.890769
14 3 4 167 209 0.738717
14 3 4 167 210 0.0224556
14 3 4 167 211 -1
15 0 1 28 75 -1
15 0 1 28 76 -1
15 0 2 28 119 -1
15 0 2 28 120 0.996988
15 0 2 28 121 -1
15 0 3 28 168 -1
15 0 3 28 169 0.886001
15 0 3 28 170 -1
15 0 4 28 212 -1
15 0 4 28 213 -1
15 1 2 75 119 0.943233
15 1 2 75 120 -1
15 1 2 75 121 -1
15 1 2 76 119 -1
15 1 2 76 120 -1
15 1 2 76 121 0.768434
15 1 3 75 168 0.98299
15 1 3 75 169 0.381144
15 1 3 75 170 -1
15 1 3 76 168 -1
15 1 3 76 169 -1
15 1 3 76 170 0.935592
15 1 4 75 212 -1
15 1 4 75 213 0.966038
15 1 4 76 212 0.717936
15 1 4 76 213 -1
15 2 3 119 168 0.924647
15 2 3 119 169 -1
15 2 3 119 170 -1
15 2 3 120 168 -1
15 2 3 120 169 0.885271
15 2 3 120 170 -1
15 2 3 121 168 -1
15 2 3 121 169 -1
15 2 3 121 170 0.559076
15 2 4 119 212 -1
15 2 4 119 213 0.938724
15 2 4 120 212 -1
15 2 4 120 213 -1
15 2 4 121 212 0.831949
15 2 4 121 213 -1
15 3 4 168 212 0.194624
15 3 4 168 213 0.291565
15 3 4 169 212 0.214287
15 3 4 169 213 0.263447
15 3 4 170 212 0.313815
15 3 4 170 213 0.0664353
16 0 1 29 77 0.905795
16 0 1 29 78 0.0637295
16 0 1 29 79 -1
16 0 1 30 77 -1
16 0 1 30 78 -1
16 0 1 30 79 0.796112
16 0 2 29 122 0.918876
16 0 2 29 123 -1
16 0 2 29 124 -1
16 0 2 30 122 -1
16 0 2 30 123 0.424312
16 0 2 30 124 -1
16 0 3 29 171 -1
16 0 3 30 171 0.754254
16 0 4 29 214 -1
16 0 4 29 215 0.504576
16 0 4 30 214 -1
16 0 4 30 215 0.495424
16 1 2 77 122 0.858554
16 1 2 77 123 0.508691
16 1 2 77 124 -1
16 1 2 78 122 -1
16 1 2 78 123 -1
16 1 2 78 124 0.766049
16 1 2 79 122 -1
16 1 2 79 123 0.608878
16 1 2 79 124 -1
16 1 3 77 171 -1
16 1 3 78 171 0.26132
16 1 3 79 171 0.936234
16 1 4 77 214 -1
16 1 4 77 215 0.996884
16 1 4 78 214 0.964156
16 1 4 78 215 -1
16 1 4 79 214 -1
16 1 4 79 215 -1
16 2 3 122 171 -1
16 2 3 123 171 0.674688
16 2 3 124 171 -1
16 2 4 122 214 -1
16 2 4 122 215 0.853817
16 2 4 123 214 -1
16 2 4 123 215 0.491406
16 2 4 124 214 0.907759
16 2 4 124 215 -1
16 3 4 171 214 0.56248
16 3 4 171 215 0.43752
17 0 1 31 80 0.0584751
17 0 1 31 81 -1
17 0 2 31 125 0.910666
17 0 3 31 172 0.828577
17 0 3 31 173 -1
17 0 3 31 174 -1
17 0 4 31 216 -1
17 0 4 31 217 0.899359
17 1 2 80 125 -1
17 1 2 81 125 -1
17 1 3 80 172 -1
17 1 3 80 173 0.81811
17 1 3 80 174 -1
17 1 3 81 172 -1
17 1 3 81 173 -1
17 1 3 81 174 0.906425
17 1 4 80 216 -1
17 1 4 80 217 -1
17 1 4 81 216 0.982788
17 1 4 81 217 -1
17 2 3 125 172 0.931397
17 2 3 125 173 -1
17 2 3 125 174 -1
17 2 4 125 216 -1
17 2 4 125 217 0.544452
17 3 4 172 216 -1
17 3 4 172 217 0.430942
17 3 4 173 216 0.84125
17 3 4 173 217 -1
17 3 4 174 216 0.979442
17 3 4 174 217 -1
18 0 1 32 82 0.962783
18 0 1 32 83 -1
18 0 1 32 84 0.171619
18 0 1 33 82 -1
18 0 1 33 83 0.939383
18 0 1 33 84 -1
18 0 2 32 126 0.978114
18 0 2 33 126 -1
18 0 3 32 175 -1
18 0 3 32 176 0.802574
18 0 3 32 177 -1
18 0 3 32 178 -1
18 0 3 33 175 0.796228
18 0 3 33 176 -1
18 0 3 33 177 -1
18 0 3 33 178 -1
18 0 4 32 218 -1
18 0 4 32 219 0.632929
18 0 4 33 218 -1
18 0 4 33 219 0.367071
18 1 2 82 126 0.893346
18 1 2 83 126 -1
18 1 2 84 126 -1
18 1 3 82 175 0.735726
18 1 3 82 176 0.951042
18 1 3 82 177 -1
18 1 3 82 178 -1
18 1 3 83 175 0.446955
18 1 3 83 176 0.628488
18 1 3 83 177 -1
18 1 3 83 178 -1
18 1 3 84 175 -1
18 1 3 84 176 -1
18 1 3 84 177 0.949447
18 1 3 84 178 0.626065
18 1 4 82 218 -1
18 1 4 82 219 0.972821
18 1 4 83 218 -1
18 1 4 83 219 -1
18 1 4 84 218 0.955813
18 1 4 84 219 -1
18 2 3 126 175 -1
18 2 3 126 176 0.831602
18 2 3 126 177 -1
18 2 3 126 178 -1
18 2 4 126 218 -1
18 2 4 126 219 0.90374
18 3 4 175 218 0.106533
18 3 4 175 219 -1
18 3 4 176 218 -1
18 3 4 176 219 0.952298
18 3 4 177 218 0.0658733
18 3 4 177 219 -1
18 3 4 178 218 0.750705
18 3 4 178 219 -1
end of Frame 177
