J OverallIdx viewIdx joint种类0-18(jointIdx) 该joint在图中的顺序(candidix) x y score
0 0 0 0 384.204 381.669 0.422574
1 0 0 1 729.181 394.273 0.681305
2 0 0 2 207.519 417.567 0.557383
3 0 0 3 504.749 482.912 0.485254
4 0 1 0 201.897 198.207 0.707832
5 0 1 1 504.793 196.117 0.8632
6 0 1 2 367.387 202.438 0.544351
7 0 1 3 745.891 213.066 0.851394
8 0 2 0 356.188 381.712 0.500353
9 0 2 1 687.159 392.197 0.641745
10 0 2 2 185.121 421.725 0.564245
11 0 2 3 569.181 482.908 0.473079
12 0 3 0 412.182 379.625 0.37168
13 0 3 1 771.176 394.321 0.657093
14 0 3 2 229.942 415.458 0.494461
15 0 3 3 445.875 487.098 0.428124
16 0 4 0 381.436 130.757 0.828292
17 0 4 1 266.445 141.176 0.822612
18 0 4 2 703.965 151.837 0.87194
19 0 5 0 185.037 200.293 0.777849
20 0 5 1 333.729 206.655 0.746709
21 0 5 2 591.625 202.429 0.73136
22 0 5 3 684.292 213.055 0.824104
23 0 6 0 221.573 196.14 0.692575
24 0 6 1 423.445 194.009 0.778257
25 0 6 2 799.288 213.038 0.845446
26 0 7 0 364.613 520.883 0.667955
27 0 7 1 698.297 533.561 0.660403
28 0 7 2 215.877 575.685 0.639826
29 0 7 3 619.712 672.695 0.62959
30 0 8 0 386.944 520.83 0.445412
31 0 8 1 754.384 539.851 0.732639
32 0 8 2 215.883 575.679 0.514771
33 0 8 3 459.811 676.862 0.639555
34 0 9 0 572.094 109.569 0.925621
35 0 9 1 210.179 122.325 0.855116
36 0 9 2 339.283 141.206 0.816401
37 0 10 0 499.159 109.585 0.634781
38 0 10 1 754.462 141.285 0.912672
39 0 11 0 120.488 310.003 0.889729
40 0 11 1 325.35 310.003 0.684767
41 0 11 2 647.864 312.077 0.736482
42 0 12 0 821.756 311.995 0.827858
43 0 12 1 353.303 326.888 0.805079
44 0 13 0 358.966 651.602 0.645
45 0 13 1 703.882 666.384 0.470123
46 0 13 2 157.024 735.91 0.628839
47 0 14 0 342.163 626.258 0.584544
48 0 14 1 745.889 672.676 0.686551
49 0 14 2 193.517 721.167 0.696127
50 0 15 0 210.228 379.493 0.858194
51 0 15 1 656.163 381.624 0.794513
52 0 15 2 347.828 398.521 0.801663
53 0 16 0 423.452 303.674 0.177428
54 0 16 1 821.611 398.619 0.863339
55 0 17 0 790.859 721.207 0.756645
56 0 17 1 263.681 738.084 0.742746
57 0 18 0 389.784 670.599 0.492248
58 0 18 1 218.711 752.784 0.321119
59 1 0 0 706.631 373.261 0.734502
60 1 0 1 518.753 394.358 0.696797
61 1 0 2 849.725 413.274 0.649348
62 1 1 0 527.066 227.685 0.900407
63 1 1 1 465.546 227.818 0.617002
64 1 1 2 858.114 242.521 0.84654
65 1 1 3 706.797 248.873 0.891562
66 1 2 0 487.943 366.951 0.266325
67 1 2 1 681.429 373.205 0.708518
68 1 2 2 549.614 396.431 0.687312
69 1 2 3 883.426 413.276 0.680342
70 1 3 0 729.213 375.294 0.725762
71 1 3 1 482.317 392.165 0.646781
72 1 3 2 818.889 413.297 0.653029
73 1 4 0 516.016 177.082 0.569369
74 1 4 1 588.879 177.193 0.829024
75 1 4 2 698.32 208.773 0.854861
76 1 5 0 566.502 225.681 0.847353
77 1 5 1 440.426 240.369 0.583907
78 1 5 2 900.167 244.663 0.816752
79 1 5 3 667.398 248.841 0.817071
80 1 6 0 485.194 227.69 0.807842
81 1 6 1 815.99 238.258 0.78845
82 1 6 2 748.804 248.856 0.847372
83 1 7 0 681.523 466.061 0.742121
84 1 7 1 476.75 491.345 0.185387
85 1 7 2 874.904 529.221 0.785702
86 1 7 3 572.03 531.322 0.814764
87 1 8 0 726.3 466.072 0.703396
88 1 8 1 496.327 516.631 0.576298
89 1 8 2 818.853 535.605 0.799551
90 1 9 0 555.304 162.458 0.851883
91 1 9 1 482.238 177.175 0.937664
92 1 9 2 863.584 191.785 0.363042
93 1 10 0 815.936 189.811 0.881456
94 1 10 1 729.092 206.641 0.803394
95 1 11 0 650.581 312.067 0.83637
96 1 11 1 417.858 312.164 0.565879
97 1 11 2 569.265 312.061 0.925716
98 1 11 3 908.516 328.973 0.285237
99 1 12 0 457.133 318.39 0.846729
100 1 12 1 757.221 312.134 0.897175
101 1 13 0 678.638 563.03 0.683543
102 1 13 1 454.335 582.009 0.183521
103 1 13 2 880.525 626.272 0.77295
104 1 13 3 566.464 666.43 0.766989
105 1 14 0 709.581 563.031 0.639382
106 1 14 1 451.533 582.107 0.500379
107 1 14 2 504.781 655.809 0.781505
108 1 14 3 827.303 664.222 0.775796
109 1 15 0 594.613 362.761 0.846811
110 1 15 1 639.333 364.873 0.769857
111 1 15 2 426.288 385.936 0.74009
112 1 16 0 706.809 301.531 0.810505
113 1 16 1 493.536 366.918 0.600837
114 1 16 2 771.185 377.354 0.810164
115 1 17 0 706.689 579.838 0.311399
116 1 17 1 465.601 598.866 0.211851
117 1 17 2 527.284 653.661 0.274567
118 1 17 3 793.667 662.146 0.767078
119 1 18 0 681.368 581.984 0.49251
120 1 18 1 849.741 619.947 0.321174
121 1 18 2 600.186 666.299 0.648118
122 2 0 0 482.216 187.697 0.506704
123 2 0 1 796.38 324.73 0.588179
124 2 0 2 434.609 362.647 0.704615
125 2 0 3 661.847 440.725 0.725409
126 2 1 0 490.786 71.6974 0.755368
127 2 1 1 838.475 174.967 0.781431
128 2 1 2 437.352 194.021 0.914101
129 2 1 3 684.19 274.099 0.886479
130 2 2 0 457.022 183.477 0.413386
131 2 2 1 799.304 324.697 0.409756
132 2 2 2 468.274 362.718 0.675996
133 2 2 3 703.796 442.835 0.711618
134 2 3 0 504.746 191.825 0.590997
135 2 3 1 793.606 326.799 0.731891
136 2 3 2 395.348 360.574 0.677492
137 2 3 3 622.592 440.676 0.666154
138 2 4 0 524.487 37.9599 0.90025
139 2 4 1 774.069 130.74 0.852876
140 2 5 0 457.143 73.8095 0.725498
141 2 5 1 841.342 160.282 0.69631
142 2 5 2 490.792 196.132 0.816431
143 2 5 3 748.711 274.131 0.886267
144 2 6 0 527.225 65.3463 0.746944
145 2 6 1 832.869 183.501 0.765188
146 2 6 2 372.985 191.79 0.851532
147 2 6 3 619.747 271.979 0.829722
148 2 7 0 743.197 411.218 0.622979
149 2 7 1 457.111 463.933 0.879506
150 2 7 2 684.099 535.664 0.813144
151 2 8 0 774.047 417.504 0.798915
152 2 8 1 395.386 453.398 0.814792
153 2 8 2 614.174 546.118 0.856397
154 2 9 0 485.277 19.0175 0.865832
155 2 9 1 485.077 124.442 0.822257
156 2 9 2 720.696 193.925 0.740695
157 2 10 0 414.898 115.946 0.715604
158 2 10 1 813.29 124.321 0.880851
159 2 10 2 644.995 191.905 0.667608
160 2 11 0 414.988 122.291 0.159125
161 2 11 1 796.349 210.841 0.593587
162 2 11 2 510.464 295.216 0.817043
163 2 11 3 771.077 377.367 0.885346
164 2 12 0 516.037 126.529 0.654173
165 2 12 1 807.652 274.147 0.831941
166 2 12 2 350.613 293.047 0.831111
167 2 12 3 594.451 381.713 0.847732
168 2 13 0 748.756 478.688 0.529139
169 2 13 1 437.578 560.863 0.800991
170 2 13 2 684.222 643.123 0.793134
171 2 14 0 779.573 499.805 0.810718
172 2 14 1 398.199 558.779 0.743468
173 2 14 2 608.556 643.159 0.757051
174 2 15 0 743.165 187.662 0.651815
175 2 15 1 518.807 364.833 0.744374
176 2 15 2 712.307 369.031 0.611112
177 2 16 0 527.316 177.241 0.872499
178 2 16 1 731.89 259.299 0.756257
179 2 16 2 356.213 377.419 0.836339
180 2 16 3 597.39 411.192 0.434532
181 2 17 0 737.578 503.978 0.768216
182 2 17 1 398.251 565.056 0.526926
183 2 17 2 603.001 634.733 0.400128
184 2 18 0 731.983 495.586 0.21124
185 2 18 1 431.849 562.97 0.446421
186 2 18 2 681.398 638.915 0.380346
187 3 0 0 546.783 322.624 0.668483
188 3 0 1 229.921 345.9 0.477966
189 3 0 2 658.896 354.262 0.670172
190 3 0 3 451.519 373.228 0.59719
191 3 1 0 213.08 183.467 0.682776
192 3 1 1 437.489 177.143 0.927911
193 3 1 2 653.395 185.592 0.779673
194 3 1 3 549.577 194.06 0.879302
195 3 2 0 521.53 322.657 0.620241
196 3 2 1 221.524 350.013 0.631717
197 3 2 2 670.261 350.051 0.57216
198 3 2 3 482.344 371.106 0.56008
199 3 3 0 569.329 320.524 0.697176
200 3 3 1 232.799 345.834 0.372714
201 3 3 2 639.43 358.476 0.718036
202 3 3 3 417.784 377.448 0.639866
203 3 4 0 588.916 132.827 0.386622
204 3 4 1 258.061 141.341 0.927456
205 3 4 2 507.526 162.452 0.777145
206 3 5 0 485.289 177.21 0.794908
207 3 5 1 678.584 183.442 0.77927
208 3 5 2 207.51 187.707 0.793689
209 3 5 3 521.51 196.081 0.762595
210 3 6 0 218.705 179.275 0.596842
211 3 6 1 387.025 177.172 0.861101
212 3 6 2 630.958 189.752 0.780949
213 3 6 3 574.882 191.937 0.833764
214 3 7 0 524.293 417.549 0.557913
215 3 7 1 647.81 470.233 0.652994
216 3 7 2 235.696 470.209 0.772076
217 3 7 3 459.797 514.524 0.840144
218 3 8 0 572.139 425.975 0.811676
219 3 8 1 241.131 466.033 0.455104
220 3 8 2 639.413 480.832 0.778652
221 3 8 3 381.429 514.454 0.823736
222 3 9 0 460.007 109.647 0.703609
223 3 9 1 213.211 130.744 0.900619
224 3 10 0 392.66 107.48 0.790482
225 3 10 1 608.504 126.49 0.888041
226 3 10 2 532.913 153.913 0.635832
227 3 11 0 709.536 265.731 0.803044
228 3 11 1 502.003 269.89 0.150611
229 3 11 2 193.622 278.237 0.866653
230 3 12 0 600.181 246.752 0.810237
231 3 12 1 398.291 290.949 0.710759
232 3 12 2 647.781 293.024 0.793961
233 3 13 0 532.865 497.748 0.559174
234 3 13 1 235.663 577.778 0.705894
235 3 13 2 687.131 584.155 0.79551
236 3 13 3 457.014 632.633 0.65123
237 3 14 0 594.495 514.416 0.861244
238 3 14 1 235.628 569.346 0.380941
239 3 14 2 653.384 605.207 0.763578
240 3 14 3 440.274 655.818 0.695872
241 3 15 0 664.749 303.679 0.348762
242 3 15 1 235.68 348.025 0.87269
243 3 16 0 566.468 246.798 0.843326
244 3 16 1 608.567 345.922 0.839744
245 3 16 2 401.086 396.489 0.74119
246 3 17 0 558.057 533.569 0.715927
247 3 17 1 297.198 584.124 0.258715
248 3 17 2 594.637 613.558 0.849212
249 3 17 3 395.437 681.055 0.61556
250 3 18 0 510.365 516.63 0.433743
251 3 18 1 297.3 586.219 0.598435
252 3 18 2 409.443 647.404 0.24468
253 4 0 0 703.889 274.104 0.623583
254 4 0 1 751.548 301.564 0.659752
255 4 0 2 373.007 358.481 0.56899
256 4 1 0 774.055 111.766 0.860008
257 4 1 1 356.194 126.618 0.84697
258 4 1 2 706.68 128.631 0.925328
259 4 2 0 681.386 269.939 0.67508
260 4 2 1 728.995 297.379 0.66003
261 4 2 2 417.926 356.393 0.56648
262 4 3 0 726.3 274.128 0.569988
263 4 3 1 776.791 307.878 0.631805
264 4 3 2 328.092 358.467 0.5642
265 4 4 0 709.437 37.9542 0.845402
266 4 4 1 661.845 80.1492 0.896351
267 4 4 2 437.628 92.7762 0.197547
268 4 5 0 731.99 111.804 0.807734
269 4 5 1 429.099 126.53 0.775906
270 4 5 2 670.297 128.63 0.82318
271 4 6 0 816.12 109.767 0.814359
272 4 6 1 283.327 128.645 0.838936
273 4 6 2 745.933 128.603 0.772854
274 4 7 0 661.963 381.754 0.814395
275 4 7 1 734.735 444.965 0.756822
276 4 7 2 417.858 525.094 0.763248
277 4 8 0 715.153 383.779 0.461215
278 4 8 1 751.675 446.978 0.803656
279 4 8 2 370.014 525.086 0.784417
280 4 9 0 392.682 40.0888 0.887027
281 4 9 1 431.801 90.5708 0.509796
282 4 10 0 751.57 31.6427 0.864791
283 4 10 1 328.149 40.0874 0.263044
284 4 10 2 706.597 75.8119 0.944805
285 4 11 0 684.209 193.976 0.770614
286 4 11 1 731.947 227.693 0.436943
287 4 11 2 459.906 246.697 0.893488
288 4 12 0 841.392 217.209 0.765858
289 4 12 1 277.581 250.909 0.814004
290 4 13 0 681.528 478.721 0.833526
291 4 13 1 751.482 577.795 0.816486
292 4 13 2 420.619 662.153 0.724472
293 4 14 0 729.232 493.41 0.528349
294 4 14 1 796.61 575.693 0.802243
295 4 14 2 386.973 662.08 0.696866
296 4 15 0 656.224 242.411 0.763942
297 4 15 1 703.817 295.176 0.582628
298 4 15 2 499.115 331.162 0.816775
299 4 16 0 838.572 324.699 0.815339
300 4 16 1 280.503 348.005 0.842742
301 4 17 0 687.059 518.735 0.251847
302 4 17 1 771.11 615.782 0.825288
303 4 17 2 328.136 662.139 0.70999
304 4 18 0 645.069 508.205 0.7666
305 4 18 1 709.491 609.424 0.683682
306 4 18 2 459.791 649.507 0.466854
P viewIdx, pafIdx, aOverAllIdx, bOverAllIdx, CandidAIdx, CandidBIdx, score
0 0 4 0 0 0 0
0 0 4 1 0 1 0
0 0 4 2 0 2 0.930338
0 0 4 3 0 3 0
0 0 5 0 1 0 0
0 0 5 1 1 1 0
0 0 5 2 1 2 0
0 0 5 3 1 3 0.989269
0 0 6 0 2 0 0.860545
0 0 6 1 2 1 0
0 0 6 2 2 2 0
0 0 6 3 2 3 0
0 0 7 0 3 0 0
0 0 7 1 3 1 0.993267
0 0 7 2 3 2 0
0 0 7 3 3 3 0
0 1 8 26 0 0 0.943374
0 1 8 27 0 1 0
0 1 8 28 0 2 0
0 1 8 29 0 3 0
0 1 9 26 1 0 0
0 1 9 27 1 1 0.969537
0 1 9 28 1 2 0
0 1 9 29 1 3 0
0 1 10 26 2 0 0
0 1 10 27 2 1 0
0 1 10 28 2 2 0.966778
0 1 10 29 2 3 0
0 1 11 26 3 0 0
0 1 11 27 3 1 0
0 1 11 28 3 2 0
0 1 11 29 3 3 0.983804
0 2 26 44 0 0 0.970667
0 2 26 45 0 1 0
0 2 26 46 0 2 0
0 2 27 44 1 0 0
0 2 27 45 1 1 0.949763
0 2 27 46 1 2 0
0 2 28 44 2 0 0
0 2 28 45 2 1 0
0 2 28 46 2 2 0.952337
0 2 29 44 3 0 0
0 2 29 45 3 1 0
0 2 29 46 3 2 0
0 3 0 8 0 0 0.836786
0 3 0 9 0 1 0
0 3 0 10 0 2 0
0 3 0 11 0 3 0
0 3 1 8 1 0 0
0 3 1 9 1 1 0.925667
0 3 1 10 1 2 0
0 3 1 11 1 3 0
0 3 2 8 2 0 0
0 3 2 9 2 1 0
0 3 2 10 2 2 0.876102
0 3 2 11 2 3 0
0 3 3 8 3 0 0
0 3 3 9 3 1 0
0 3 3 10 3 2 0
0 3 3 11 3 3 0.853857
0 4 0 12 0 0 0.829387
0 4 0 13 0 1 0
0 4 0 14 0 2 0
0 4 0 15 0 3 0
0 4 1 12 1 0 0
0 4 1 13 1 1 0.926317
0 4 1 14 1 2 0
0 4 1 15 1 3 0
0 4 2 12 2 0 0
0 4 2 13 2 1 0
0 4 2 14 2 2 0.875454
0 4 2 15 2 3 0
0 4 3 12 3 0 0
0 4 3 13 3 1 0
0 4 3 14 3 2 0
0 4 3 15 3 3 0.84561
0 5 12 30 0 0 0.3074
0 5 12 31 0 1 0
0 5 12 32 0 2 0
0 5 12 33 0 3 0.281286
0 5 13 30 1 0 0
0 5 13 31 1 1 0.965498
0 5 13 32 1 2 0
0 5 13 33 1 3 0
0 5 14 30 2 0 0
0 5 14 31 2 1 0
0 5 14 32 2 2 0.920809
0 5 14 33 2 3 0
0 5 15 30 3 0 0.279818
0 5 15 31 3 1 0
0 5 15 32 3 2 0
0 5 15 33 3 3 0.305528
0 6 30 47 0 0 0.877045
0 6 30 48 0 1 0
0 6 30 49 0 2 0
0 6 31 47 1 0 0
0 6 31 48 1 1 0.982907
0 6 31 49 1 2 0
0 6 32 47 2 0 0
0 6 32 48 2 1 0
0 6 32 49 2 2 0.969433
0 6 33 47 3 0 0
0 6 33 48 3 1 0
0 6 33 49 3 2 0
0 7 4 19 0 0 0.936053
0 7 4 20 0 1 0
0 7 4 21 0 2 0
0 7 4 22 0 3 0
0 7 5 19 1 0 0
0 7 5 20 1 1 0
0 7 5 21 1 2 0.970238
0 7 5 22 1 3 0
0 7 6 19 2 0 0
0 7 6 20 2 1 0.910764
0 7 6 21 2 2 0
0 7 6 22 2 3 0
0 7 7 19 3 0 0
0 7 7 20 3 1 0
0 7 7 21 3 2 0
0 7 7 22 3 3 0.986327
0 8 19 39 0 0 0.98725
0 8 19 40 0 1 0
0 8 19 41 0 2 0
0 8 20 39 1 0 0
0 8 20 40 1 1 0.967176
0 8 20 41 1 2 0
0 8 21 39 2 0 0
0 8 21 40 2 1 0
0 8 21 41 2 2 0.552189
0 8 22 39 3 0 0
0 8 22 40 3 1 0
0 8 22 41 3 2 0.447811
0 9 39 50 0 0 0.998113
0 9 39 51 0 1 0
0 9 39 52 0 2 0
0 9 40 50 1 0 0
0 9 40 51 1 1 0
0 9 40 52 1 2 0.973453
0 9 41 50 2 0 0
0 9 41 51 2 1 0.963117
0 9 41 52 2 2 0
0 10 19 34 0 0 0
0 10 19 35 0 1 0.996354
0 10 19 36 0 2 0
0 10 20 34 1 0 0
0 10 20 35 1 1 0
0 10 20 36 1 2 0.96786
0 10 21 34 2 0 0.985966
0 10 21 35 2 1 0
0 10 21 36 2 2 0
0 10 22 34 3 0 0
0 10 22 35 3 1 0
0 10 22 36 3 2 0
0 11 4 23 0 0 0.929669
0 11 4 24 0 1 0
0 11 4 25 0 2 0
0 11 5 23 1 0 0
0 11 5 24 1 1 0.977381
0 11 5 25 1 2 0
0 11 6 23 2 0 0
0 11 6 24 2 1 0
0 11 6 25 2 2 0
0 11 7 23 3 0 0
0 11 7 24 3 1 0
0 11 7 25 3 2 0.990105
0 12 23 42 0 0 0
0 12 23 43 0 1 0
0 12 24 42 1 0 0
0 12 24 43 1 1 0.957802
0 12 25 42 2 0 0.983128
0 12 25 43 2 1 0
0 13 42 53 0 0 0
0 13 42 54 0 1 0.992504
0 13 43 53 1 0 0.787946
0 13 43 54 1 1 0
0 14 23 37 0 0 0
0 14 23 38 0 1 0
0 14 24 37 1 0 0.907249
0 14 24 38 1 1 0
0 14 25 37 2 0 0
0 14 25 38 2 1 0.999428
0 15 4 16 0 0 0
0 15 4 17 0 1 0.946916
0 15 4 18 0 2 0
0 15 5 16 1 0 0
0 15 5 17 1 1 0
0 15 5 18 1 2 0
0 15 6 16 2 0 0.911696
0 15 6 17 2 1 0
0 15 6 18 2 2 0
0 15 7 16 3 0 0
0 15 7 17 3 1 0
0 15 7 18 3 2 0.989409
0 16 47 55 0 0 0
0 16 47 56 0 1 0
0 16 48 55 1 0 0.98723
0 16 48 56 1 1 0
0 16 49 55 2 0 0
0 16 49 56 2 1 0.984745
0 17 44 57 0 0 0.9094
0 17 44 58 0 1 0
0 17 45 57 1 0 0
0 17 45 58 1 1 0
0 17 46 57 2 0 0
0 17 46 58 2 1 0.896946
1 0 62 59 0 0 0
1 0 62 60 0 1 0.531401
1 0 62 61 0 2 0
1 0 63 59 1 0 0
1 0 63 60 1 1 0.468599
1 0 63 61 1 2 0
1 0 64 59 2 0 0
1 0 64 60 2 1 0
1 0 64 61 2 2 0.965248
1 0 65 59 3 0 0.992214
1 0 65 60 3 1 0
1 0 65 61 3 2 0
1 1 66 83 0 0 0
1 1 66 84 0 1 0.724063
1 1 66 85 0 2 0
1 1 66 86 0 3 0
1 1 67 83 1 0 0.982704
1 1 67 84 1 1 0
1 1 67 85 1 2 0
1 1 67 86 1 3 0
1 1 68 83 2 0 0
1 1 68 84 2 1 0
1 1 68 85 2 2 0
1 1 68 86 2 3 0.976521
1 1 69 83 3 0 0
1 1 69 84 3 1 0
1 1 69 85 3 2 0.975164
1 1 69 86 3 3 0
1 2 83 101 0 0 0.967241
1 2 83 102 0 1 0
1 2 83 103 0 2 0
1 2 83 104 0 3 0
1 2 84 101 1 0 0
1 2 84 102 1 1 0.756965
1 2 84 103 1 2 0
1 2 84 104 1 3 0
1 2 85 101 2 0 0
1 2 85 102 2 1 0
1 2 85 103 2 2 0.981363
1 2 85 104 2 3 0
1 2 86 101 3 0 0
1 2 86 102 3 1 0
1 2 86 103 3 2 0
1 2 86 104 3 3 0.987371
1 3 59 66 0 0 0
1 3 59 67 0 1 0.941279
1 3 59 68 0 2 0
1 3 59 69 0 3 0
1 3 60 66 1 0 0
1 3 60 67 1 1 0
1 3 60 68 1 2 0.935178
1 3 60 69 1 3 0
1 3 61 66 2 0 0
1 3 61 67 2 1 0
1 3 61 68 2 2 0
1 3 61 69 2 3 0.922059
1 4 59 70 0 0 0.944577
1 4 59 71 0 1 0
1 4 59 72 0 2 0
1 4 60 70 1 0 0
1 4 60 71 1 1 0.950892
1 4 60 72 1 2 0
1 4 61 70 2 0 0
1 4 61 71 2 1 0
1 4 61 72 2 2 0.916573
1 5 70 87 0 0 0.976293
1 5 70 88 0 1 0
1 5 70 89 0 2 0
1 5 71 87 1 0 0
1 5 71 88 1 1 0.993777
1 5 71 89 1 2 0
1 5 72 87 2 0 0
1 5 72 88 2 1 0
1 5 72 89 2 2 0.988309
1 6 87 105 0 0 0.946262
1 6 87 106 0 1 0
1 6 87 107 0 2 0
1 6 87 108 0 3 0
1 6 88 105 1 0 0
1 6 88 106 1 1 0.470234
1 6 88 107 1 2 0.529766
1 6 88 108 1 3 0
1 6 89 105 2 0 0
1 6 89 106 2 1 0
1 6 89 107 2 2 0
1 6 89 108 2 3 0.993802
1 7 62 76 0 0 0.511967
1 7 62 77 0 1 0
1 7 62 78 0 2 0
1 7 62 79 0 3 0
1 7 63 76 1 0 0.488033
1 7 63 77 1 1 0
1 7 63 78 1 2 0
1 7 63 79 1 3 0
1 7 64 76 2 0 0
1 7 64 77 2 1 0
1 7 64 78 2 2 0.989037
1 7 64 79 2 3 0
1 7 65 76 3 0 0
1 7 65 77 3 1 0
1 7 65 78 3 2 0
1 7 65 79 3 3 0.979093
1 8 76 95 0 0 0
1 8 76 96 0 1 0
1 8 76 97 0 2 0.991031
1 8 76 98 0 3 0
1 8 77 95 1 0 0
1 8 77 96 1 1 0.87998
1 8 77 97 1 2 0
1 8 77 98 1 3 0
1 8 78 95 2 0 0
1 8 78 96 2 1 0
1 8 78 97 2 2 0
1 8 78 98 2 3 0.83525
1 8 79 95 3 0 0.965418
1 8 79 96 3 1 0
1 8 79 97 3 2 0
1 8 79 98 3 3 0
1 9 95 109 0 0 0
1 9 95 110 0 1 0.520401
1 9 95 111 0 2 0
1 9 96 109 1 0 0
1 9 96 110 1 1 0
1 9 96 111 1 2 0.93099
1 9 97 109 2 0 0.523076
1 9 97 110 2 1 0.250867
1 9 97 111 2 2 0
1 9 98 109 3 0 0
1 9 98 110 3 1 0
1 9 98 111 3 2 0
1 10 76 90 0 0 0.552426
1 10 76 91 0 1 0.275941
1 10 76 92 0 2 0
1 10 77 90 1 0 0
1 10 77 91 1 1 0.509215
1 10 77 92 1 2 0
1 10 78 90 2 0 0
1 10 78 91 2 1 0
1 10 78 92 2 2 0.863726
1 10 79 90 3 0 0
1 10 79 91 3 1 0
1 10 79 92 3 2 0
1 11 62 80 0 0 0.984137
1 11 62 81 0 1 0
1 11 62 82 0 2 0
1 11 63 80 1 0 0
1 11 63 81 1 1 0
1 11 63 82 1 2 0
1 11 64 80 2 0 0
1 11 64 81 2 1 0.989163
1 11 64 82 2 2 0
1 11 65 80 3 0 0
1 11 65 81 3 1 0
1 11 65 82 3 2 0.985109
1 12 80 99 0 0 0.975651
1 12 80 100 0 1 0
1 12 81 99 1 0 0
1 12 81 100 1 1 0.501713
1 12 82 99 2 0 0
1 12 82 100 2 1 0.498287
1 13 99 112 0 0 0
1 13 99 113 0 1 0.980164
1 13 99 114 0 2 0
1 13 100 112 1 0 0.509936
1 13 100 113 1 1 0
1 13 100 114 1 2 0.490064
1 14 80 93 0 0 0
1 14 80 94 0 1 0
1 14 81 93 1 0 0.997229
1 14 81 94 1 1 0
1 14 82 93 2 0 0
1 14 82 94 2 1 0.976466
1 15 62 73 0 0 0.293578
1 15 62 74 0 1 0.309078
1 15 62 75 0 2 0
1 15 63 73 1 0 0.31136
1 15 63 74 1 1 0.294117
1 15 63 75 1 2 0
1 15 64 73 2 0 0
1 15 64 74 2 1 0
1 15 64 75 2 2 0
1 15 65 73 3 0 0
1 15 65 74 3 1 0
1 15 65 75 3 2 0.979137
1 16 105 115 0 0 0.786743
1 16 105 116 0 1 0
1 16 105 117 0 2 0
1 16 105 118 0 3 0
1 16 106 115 1 0 0
1 16 106 116 1 1 0.691027
1 16 106 117 1 2 0
1 16 106 118 1 3 0
1 16 107 115 2 0 0
1 16 107 116 2 1 0
1 16 107 117 2 2 0.822964
1 16 107 118 2 3 0
1 16 108 115 3 0 0
1 16 108 116 3 1 0
1 16 108 117 3 2 0
1 16 108 118 3 3 0.967481
1 17 101 119 0 0 0.896165
1 17 101 120 0 1 0
1 17 101 121 0 2 0
1 17 102 119 1 0 0
1 17 102 120 1 1 0
1 17 102 121 1 2 0
1 17 103 119 2 0 0
1 17 103 120 2 1 0.834076
1 17 103 121 2 2 0
1 17 104 119 3 0 0
1 17 104 120 3 1 0
1 17 104 121 3 2 0.909355
2 0 126 122 0 0 0.503778
2 0 126 123 0 1 0
2 0 126 124 0 2 0.260525
2 0 126 125 0 3 0
2 0 127 122 1 0 0
2 0 127 123 1 1 0.94391
2 0 127 124 1 2 0
2 0 127 125 1 3 0
2 0 128 122 2 0 0
2 0 128 123 2 1 0
2 0 128 124 2 2 0.519876
2 0 128 125 2 3 0
2 0 129 122 3 0 0
2 0 129 123 3 1 0
2 0 129 124 3 2 0
2 0 129 125 3 3 0.9817
2 1 130 148 0 0 0
2 1 130 149 0 1 0
2 1 130 150 0 2 0
2 1 131 148 1 0 0.486888
2 1 131 149 1 1 0
2 1 131 150 1 2 0.273658
2 1 132 148 2 0 0
2 1 132 149 2 1 0.9908
2 1 132 150 2 2 0
2 1 133 148 3 0 0
2 1 133 149 3 1 0
2 1 133 150 3 2 0.529547
2 2 148 168 0 0 0.514257
2 2 148 169 0 1 0
2 2 148 170 0 2 0.2595
2 2 149 168 1 0 0
2 2 149 169 1 1 0.988419
2 2 149 170 1 2 0
2 2 150 168 2 0 0
2 2 150 169 2 1 0
2 2 150 170 2 2 0.534234
2 3 122 130 0 0 0.818155
2 3 122 131 0 1 0
2 3 122 132 0 2 0
2 3 122 133 0 3 0
2 3 123 130 1 0 0
2 3 123 131 1 1 0.756121
2 3 123 132 1 2 0
2 3 123 133 1 3 0
2 3 124 130 2 0 0
2 3 124 131 2 1 0
2 3 124 132 2 2 0.920529
2 3 124 133 2 3 0
2 3 125 130 3 0 0
2 3 125 131 3 1 0
2 3 125 132 3 2 0
2 3 125 133 3 3 0.935269
2 4 122 134 0 0 0.835823
2 4 122 135 0 1 0
2 4 122 136 0 2 0
2 4 122 137 0 3 0
2 4 123 134 1 0 0
2 4 123 135 1 1 0.785569
2 4 123 136 1 2 0
2 4 123 137 1 3 0
2 4 124 134 2 0 0
2 4 124 135 2 1 0
2 4 124 136 2 2 0.927126
2 4 124 137 2 3 0
2 4 125 134 3 0 0
2 4 125 135 3 1 0
2 4 125 136 3 2 0
2 4 125 137 3 3 0.929891
2 5 134 151 0 0 0
2 5 134 152 0 1 0
2 5 134 153 0 2 0
2 5 135 151 1 0 0.978195
2 5 135 152 1 1 0
2 5 135 153 1 2 0
2 5 136 151 2 0 0
2 5 136 152 2 1 0.996474
2 5 136 153 2 2 0
2 5 137 151 3 0 0
2 5 137 152 3 1 0
2 5 137 153 3 2 0.983871
2 6 151 171 0 0 0.996221
2 6 151 172 0 1 0
2 6 151 173 0 2 0
2 6 152 171 1 0 0
2 6 152 172 1 1 0.998894
2 6 152 173 1 2 0
2 6 153 171 2 0 0
2 6 153 172 2 1 0
2 6 153 173 2 2 0.983049
2 7 126 140 0 0 0.966138
2 7 126 141 0 1 0
2 7 126 142 0 2 0
2 7 126 143 0 3 0
2 7 127 140 1 0 0
2 7 127 141 1 1 0.928172
2 7 127 142 1 2 0
2 7 127 143 1 3 0
2 7 128 140 2 0 0
2 7 128 141 2 1 0
2 7 128 142 2 2 0.992763
2 7 128 143 2 3 0
2 7 129 140 3 0 0
2 7 129 141 3 1 0
2 7 129 142 3 2 0
2 7 129 143 3 3 0.993391
2 8 140 160 0 0 0.464142
2 8 140 161 0 1 0
2 8 140 162 0 2 0.285655
2 8 140 163 0 3 0
2 8 141 160 1 0 0
2 8 141 161 1 1 0.837421
2 8 141 162 1 2 0
2 8 141 163 1 3 0
2 8 142 160 2 0 0
2 8 142 161 2 1 0
2 8 142 162 2 2 0.523217
2 8 142 163 2 3 0
2 8 143 160 3 0 0
2 8 143 161 3 1 0
2 8 143 162 3 2 0
2 8 143 163 3 3 0.994533
2 9 160 174 0 0 0
2 9 160 175 0 1 0
2 9 160 176 0 2 0
2 9 161 174 1 0 0.951964
2 9 161 175 1 1 0
2 9 161 176 1 2 0
2 9 162 174 2 0 0
2 9 162 175 2 1 0.967948
2 9 162 176 2 2 0
2 9 163 174 3 0 0
2 9 163 175 3 1 0
2 9 163 176 3 2 0.951373
2 10 140 154 0 0 0.500754
2 10 140 155 0 1 0
2 10 140 156 0 2 0
2 10 141 154 1 0 0
2 10 141 155 1 1 0
2 10 141 156 1 2 0
2 10 142 154 2 0 0.256677
2 10 142 155 2 1 0.508776
2 10 142 156 2 2 0
2 10 143 154 3 0 0
2 10 143 155 3 1 0
2 10 143 156 3 2 0.980306
2 11 126 144 0 0 0.961941
2 11 126 145 0 1 0
2 11 126 146 0 2 0
2 11 126 147 0 3 0
2 11 127 144 1 0 0
2 11 127 145 1 1 0.937083
2 11 127 146 1 2 0
2 11 127 147 1 3 0
2 11 128 144 2 0 0
2 11 128 145 2 1 0
2 11 128 146 2 2 0.999814
2 11 128 147 2 3 0
2 11 129 144 3 0 0
2 11 129 145 3 1 0
2 11 129 146 3 2 0
2 11 129 147 3 3 0.991032
2 12 144 164 0 0 0.93469
2 12 144 165 0 1 0
2 12 144 166 0 2 0
2 12 144 167 0 3 0
2 12 145 164 1 0 0
2 12 145 165 1 1 0.982621
2 12 145 166 1 2 0
2 12 145 167 1 3 0
2 12 146 164 2 0 0
2 12 146 165 2 1 0
2 12 146 166 2 2 0.969912
2 12 146 167 2 3 0
2 12 147 164 3 0 0
2 12 147 165 3 1 0
2 12 147 166 3 2 0
2 12 147 167 3 3 0.973274
2 13 164 177 0 0 0.943218
2 13 164 178 0 1 0
2 13 164 179 0 2 0
2 13 164 180 0 3 0
2 13 165 177 1 0 0
2 13 165 178 1 1 0.996784
2 13 165 179 1 2 0
2 13 165 180 1 3 0
2 13 166 177 2 0 0
2 13 166 178 2 1 0
2 13 166 179 2 2 0.995198
2 13 166 180 2 3 0
2 13 167 177 3 0 0
2 13 167 178 3 1 0
2 13 167 179 3 2 0
2 13 167 180 3 3 0.95188
2 14 144 157 0 0 0
2 14 144 158 0 1 0
2 14 144 159 0 2 0
2 14 145 157 1 0 0
2 14 145 158 1 1 0.997336
2 14 145 159 1 2 0
2 14 146 157 2 0 0.941625
2 14 146 158 2 1 0
2 14 146 159 2 2 0
2 14 147 157 3 0 0
2 14 147 158 3 1 0
2 14 147 159 3 2 0.940421
2 15 126 138 0 0 0.963581
2 15 126 139 0 1 0
2 15 127 138 1 0 0
2 15 127 139 1 1 0.991333
2 15 128 138 2 0 0
2 15 128 139 2 1 0
2 15 129 138 3 0 0
2 15 129 139 3 1 0
2 16 171 181 0 0 0.958319
2 16 171 182 0 1 0
2 16 171 183 0 2 0
2 16 172 181 1 0 0
2 16 172 182 1 1 0.680533
2 16 172 183 1 2 0
2 16 173 181 2 0 0
2 16 173 182 2 1 0
2 16 173 183 2 2 0.625102
2 17 168 184 0 0 0.766308
2 17 168 185 0 1 0
2 17 168 186 0 2 0
2 17 169 184 1 0 0
2 17 169 185 1 1 0.739661
2 17 169 186 1 2 0
2 17 170 184 2 0 0
2 17 170 185 2 1 0
2 17 170 186 2 2 0.684255
3 0 191 187 0 0 0
3 0 191 188 0 1 0.90475
3 0 191 189 0 2 0
3 0 191 190 0 3 0
3 0 192 187 1 0 0
3 0 192 188 1 1 0
3 0 192 189 1 2 0
3 0 192 190 1 3 0.984835
3 0 193 187 2 0 0
3 0 193 188 2 1 0
3 0 193 189 2 2 0.97795
3 0 193 190 2 3 0
3 0 194 187 3 0 0.955752
3 0 194 188 3 1 0
3 0 194 189 3 2 0
3 0 194 190 3 3 0
3 1 195 214 0 0 0.266923
3 1 195 215 0 1 0
3 1 195 216 0 2 0
3 1 195 217 0 3 0.258619
3 1 196 214 1 0 0
3 1 196 215 1 1 0
3 1 196 216 1 2 0.958135
3 1 196 217 1 3 0
3 1 197 214 2 0 0
3 1 197 215 2 1 0.942422
3 1 197 216 2 2 0
3 1 197 217 2 3 0
3 1 198 214 3 0 0.258268
3 1 198 215 3 1 0
3 1 198 216 3 2 0
3 1 198 217 3 3 0.266891
3 2 214 233 0 0 0.511405
3 2 214 234 0 1 0
3 2 214 235 0 2 0
3 2 214 236 0 3 0.261362
3 2 215 233 1 0 0
3 2 215 234 1 1 0
3 2 215 235 1 2 0.977677
3 2 215 236 1 3 0
3 2 216 233 2 0 0
3 2 216 234 2 1 0.976054
3 2 216 235 2 2 0
3 2 216 236 2 3 0
3 2 217 233 3 0 0
3 2 217 234 3 1 0
3 2 217 235 3 2 0
3 2 217 236 3 3 0.529752
3 3 187 195 0 0 0.925953
3 3 187 196 0 1 0
3 3 187 197 0 2 0
3 3 187 198 0 3 0
3 3 188 195 1 0 0
3 3 188 196 1 1 0.754527
3 3 188 197 1 2 0
3 3 188 198 1 3 0
3 3 189 195 2 0 0
3 3 189 196 2 1 0
3 3 189 197 2 2 0.892317
3 3 189 198 2 3 0
3 3 190 195 3 0 0
3 3 190 196 3 1 0
3 3 190 197 3 2 0
3 3 190 198 3 3 0.892715
3 4 187 199 0 0 0.921482
3 4 187 200 0 1 0
3 4 187 201 0 2 0
3 4 187 202 0 3 0
3 4 188 199 1 0 0
3 4 188 200 1 1 0.735902
3 4 188 201 1 2 0
3 4 188 202 1 3 0
3 4 189 199 2 0 0
3 4 189 200 2 1 0
3 4 189 201 2 2 0.904332
3 4 189 202 2 3 0
3 4 190 199 3 0 0
3 4 190 200 3 1 0
3 4 190 201 3 2 0
3 4 190 202 3 3 0.907513
3 5 199 218 0 0 0.288601
3 5 199 219 0 1 0
3 5 199 220 0 2 0.252184
3 5 199 221 0 3 0
3 5 200 218 1 0 0
3 5 200 219 1 1 0.860518
3 5 200 220 1 2 0
3 5 200 221 1 3 0
3 5 201 218 2 0 0.25144
3 5 201 219 2 1 0
3 5 201 220 2 2 0.2887
3 5 201 221 2 3 0
3 5 202 218 3 0 0
3 5 202 219 3 1 0
3 5 202 220 3 2 0
3 5 202 221 3 3 0.965527
3 6 218 237 0 0 0.283872
3 6 218 238 0 1 0
3 6 218 239 0 2 0.251591
3 6 218 240 0 3 0
3 6 219 237 1 0 0
3 6 219 238 1 1 0.86075
3 6 219 239 1 2 0
3 6 219 240 1 3 0
3 6 220 237 2 0 0.249394
3 6 220 238 2 1 0
3 6 220 239 2 2 0.283479
3 6 220 240 2 3 0
3 6 221 237 3 0 0
3 6 221 238 3 1 0
3 6 221 239 3 2 0
3 6 221 240 3 3 0.994687
3 7 191 206 0 0 0
3 7 191 207 0 1 0
3 7 191 208 0 2 0.871933
3 7 191 209 0 3 0
3 7 192 206 1 0 0.993702
3 7 192 207 1 1 0
3 7 192 208 1 2 0
3 7 192 209 1 3 0
3 7 193 206 2 0 0
3 7 193 207 2 1 0.983698
3 7 193 208 2 2 0
3 7 193 209 2 3 0
3 7 194 206 3 0 0
3 7 194 207 3 1 0
3 7 194 208 3 2 0
3 7 194 209 3 3 0.987351
3 8 206 227 0 0 0
3 8 206 228 0 1 0.491254
3 8 206 229 0 2 0
3 8 207 227 1 0 0.997259
3 8 207 228 1 1 0
3 8 207 229 1 2 0
3 8 208 227 2 0 0
3 8 208 228 2 1 0
3 8 208 229 2 2 0.980349
3 8 209 227 3 0 0
3 8 209 228 3 1 0.508746
3 8 209 229 3 2 0
3 9 227 241 0 0 0.893862
3 9 227 242 0 1 0
3 9 228 241 1 0 0
3 9 228 242 1 1 0
3 9 229 241 2 0 0
3 9 229 242 2 1 0.996862
3 10 206 222 0 0 0.509553
3 10 206 223 0 1 0
3 10 207 222 1 0 0
3 10 207 223 1 1 0
3 10 208 222 2 0 0
3 10 208 223 2 1 0.993895
3 10 209 222 3 0 0.490447
3 10 209 223 3 1 0
3 11 191 210 0 0 0.849176
3 11 191 211 0 1 0
3 11 191 212 0 2 0
3 11 191 213 0 3 0
3 11 192 210 1 0 0
3 11 192 211 1 1 0.989537
3 11 192 212 1 2 0
3 11 192 213 1 3 0
3 11 193 210 2 0 0
3 11 193 211 2 1 0
3 11 193 212 2 2 0.984727
3 11 193 213 2 3 0
3 11 194 210 3 0 0
3 11 194 211 3 1 0
3 11 194 212 3 2 0
3 11 194 213 3 3 0.988971
3 12 210 230 0 0 0
3 12 210 231 0 1 0
3 12 210 232 0 2 0
3 12 211 230 1 0 0
3 12 211 231 1 1 0.979074
3 12 211 232 1 2 0
3 12 212 230 2 0 0.254747
3 12 212 231 2 1 0
3 12 212 232 2 2 0.261241
3 12 213 230 3 0 0.26124
3 12 213 231 3 1 0
3 12 213 232 3 2 0.254866
3 13 230 243 0 0 0.990771
3 13 230 244 0 1 0
3 13 230 245 0 2 0
3 13 231 243 1 0 0
3 13 231 244 1 1 0
3 13 231 245 1 2 0.962812
3 13 232 243 2 0 0
3 13 232 244 2 1 0.980195
3 13 232 245 2 2 0
3 14 210 224 0 0 0
3 14 210 225 0 1 0
3 14 210 226 0 2 0
3 14 211 224 1 0 0.97698
3 14 211 225 1 1 0
3 14 211 226 1 2 0
3 14 212 224 2 0 0
3 14 212 225 2 1 0.530202
3 14 212 226 2 2 0.255142
3 14 213 224 3 0 0
3 14 213 225 3 1 0
3 14 213 226 3 2 0.522263
3 15 191 203 0 0 0
3 15 191 204 0 1 0.931039
3 15 191 205 0 2 0
3 15 192 203 1 0 0
3 15 192 204 1 1 0
3 15 192 205 1 2 0
3 15 193 203 2 0 0.853556
3 15 193 204 2 1 0
3 15 193 205 2 2 0
3 15 194 203 3 0 0
3 15 194 204 3 1 0
3 15 194 205 3 2 0.991896
3 16 237 246 0 0 0.925698
3 16 237 247 0 1 0
3 16 237 248 0 2 0
3 16 237 249 0 3 0
3 16 238 246 1 0 0
3 16 238 247 1 1 0.787561
3 16 238 248 1 2 0
3 16 238 249 1 3 0
3 16 239 246 2 0 0
3 16 239 247 2 1 0
3 16 239 248 2 2 0.989235
3 16 239 249 2 3 0
3 16 240 246 3 0 0
3 16 240 247 3 1 0
3 16 240 248 3 2 0
3 16 240 249 3 3 0.882192
3 17 233 250 0 0 0.851165
3 17 233 251 0 1 0
3 17 233 252 0 2 0
3 17 234 250 1 0 0
3 17 234 251 1 1 0.899
3 17 234 252 1 2 0
3 17 235 250 2 0 0
3 17 235 251 2 1 0
3 17 235 252 2 2 0
3 17 236 250 3 0 0
3 17 236 251 3 1 0
3 17 236 252 3 2 0.730615
4 0 256 253 0 0 0.258341
4 0 256 254 0 1 0.279578
4 0 256 255 0 2 0
4 0 257 253 1 0 0
4 0 257 254 1 1 0
4 0 257 255 1 2 0.971893
4 0 258 253 2 0 0.279243
4 0 258 254 2 1 0.258957
4 0 258 255 2 2 0
4 1 259 274 0 0 0.273221
4 1 259 275 0 1 0.252719
4 1 259 276 0 2 0
4 1 260 274 1 0 0.252916
4 1 260 275 1 1 0.273195
4 1 260 276 1 2 0
4 1 261 274 2 0 0
4 1 261 275 2 1 0
4 1 261 276 2 2 0.974554
4 2 274 290 0 0 0.292263
4 2 274 291 0 1 0.254149
4 2 274 292 0 2 0
4 2 275 290 1 0 0.252115
4 2 275 291 1 1 0.292468
4 2 275 292 1 2 0
4 2 276 290 2 0 0
4 2 276 291 2 1 0
4 2 276 292 2 2 0.997534
4 3 253 259 0 0 0.503035
4 3 253 260 0 1 0
4 3 253 261 0 2 0
4 3 254 259 1 0 0.271893
4 3 254 260 1 1 0.503768
4 3 254 261 1 2 0
4 3 255 259 2 0 0
4 3 255 260 2 1 0
4 3 255 261 2 2 0.866721
4 4 253 262 0 0 0.501811
4 4 253 263 0 1 0.273508
4 4 253 264 0 2 0
4 4 254 262 1 0 0
4 4 254 263 1 1 0.50684
4 4 254 264 1 2 0
4 4 255 262 2 0 0
4 4 255 263 2 1 0
4 4 255 264 2 2 0.86503
4 5 262 277 0 0 0.280679
4 5 262 278 0 1 0.269701
4 5 262 279 0 2 0
4 5 263 277 1 0 0.269399
4 5 263 278 1 1 0.280116
4 5 263 279 1 2 0
4 5 264 277 2 0 0
4 5 264 278 2 1 0
4 5 264 279 2 2 0.989282
4 6 277 293 0 0 0.267036
4 6 277 294 0 1 0.268324
4 6 277 295 0 2 0
4 6 278 293 1 0 0.268362
4 6 278 294 1 1 0.267113
4 6 278 295 1 2 0
4 6 279 293 2 0 0
4 6 279 294 2 1 0
4 6 279 295 2 2 0.997881
4 7 256 268 0 0 0.500755
4 7 256 269 0 1 0
4 7 256 270 0 2 0.251826
4 7 257 268 1 0 0
4 7 257 269 1 1 0.989562
4 7 257 270 1 2 0
4 7 258 268 2 0 0
4 7 258 269 2 1 0
4 7 258 270 2 2 0.504414
4 8 268 285 0 0 0.273704
4 8 268 286 0 1 0.294227
4 8 268 287 0 2 0
4 8 269 285 1 0 0
4 8 269 286 1 1 0
4 8 269 287 1 2 0.985378
4 8 270 285 2 0 0.293355
4 8 270 286 2 1 0.274099
4 8 270 287 2 2 0
4 9 285 296 0 0 0.295955
4 9 285 297 0 1 0.268656
4 9 285 298 0 2 0
4 9 286 296 1 0 0.267433
4 9 286 297 1 1 0.296772
4 9 286 298 1 2 0
4 9 287 296 2 0 0
4 9 287 297 2 1 0
4 9 287 298 2 2 0.99093
4 10 268 280 0 0 0
4 10 268 281 0 1 0
4 10 269 280 1 0 0.502278
4 10 269 281 1 1 0.497722
4 10 270 280 2 0 0
4 10 270 281 2 1 0
4 11 256 271 0 0 0.50158
4 11 256 272 0 1 0
4 11 256 273 0 2 0
4 11 257 271 1 0 0
4 11 257 272 1 1 0.994659
4 11 257 273 1 2 0
4 11 258 271 2 0 0.251709
4 11 258 272 2 1 0
4 11 258 273 2 2 0.502707
4 12 271 288 0 0 0.99107
4 12 271 289 0 1 0
4 12 272 288 1 0 0
4 12 272 289 1 1 0.98762
4 12 273 288 2 0 0
4 12 273 289 2 1 0
4 13 288 299 0 0 0.994639
4 13 288 300 0 1 0
4 13 289 299 1 0 0
4 13 289 300 1 1 0.994049
4 14 271 282 0 0 0.277362
4 14 271 283 0 1 0
4 14 271 284 0 2 0.24912
4 14 272 282 1 0 0
4 14 272 283 1 1 0.74002
4 14 272 284 1 2 0
4 14 273 282 2 0 0.249528
4 14 273 283 2 1 0
4 14 273 284 2 2 0.277509
4 15 256 265 0 0 0.534638
4 15 256 266 0 1 0.248351
4 15 256 267 0 2 0
4 15 257 265 1 0 0
4 15 257 266 1 1 0
4 15 257 267 1 2 0
4 15 258 265 2 0 0
4 15 258 266 2 1 0.535479
4 15 258 267 2 2 0
4 16 293 301 0 0 0.745626
4 16 293 302 0 1 0
4 16 293 303 0 2 0
4 16 294 301 1 0 0
4 16 294 302 1 1 0.957017
4 16 294 303 1 2 0
4 16 295 301 2 0 0
4 16 295 302 2 1 0
4 16 295 303 2 2 0.92578
4 17 290 304 0 0 0.952221
4 17 290 305 0 1 0
4 17 290 306 0 2 0
4 17 291 304 1 0 0
4 17 291 305 1 1 0.928483
4 17 291 306 1 2 0
4 17 292 304 2 0 0
4 17 292 305 2 1 0
4 17 292 306 2 2 0.705102
E jointIdx viewA viewB aOverAllIdx bOverallIdx score
0 0 1 0 59 0.466051
0 0 1 0 60 0.416722
0 0 1 0 61 -1
0 0 1 1 59 0.646288
0 0 1 1 60 0.678186
0 0 1 1 61 -1
0 0 1 2 59 0.28473
0 0 1 2 60 0.408242
0 0 1 2 61 0.106116
0 0 1 3 59 -0.66097
0 0 1 3 60 -0.881527
0 0 1 3 61 0.94755
0 0 2 0 122 -1
0 0 2 0 123 0.467975
0 0 2 0 124 0.480947
0 0 2 0 125 -1
0 0 2 1 122 0.620635
0 0 2 1 123 -1
0 0 2 1 124 -1
0 0 2 1 125 -1
0 0 2 2 122 -1
0 0 2 2 123 -1
0 0 2 2 124 -1
0 0 2 2 125 0.577349
0 0 2 3 122 -1
0 0 2 3 123 0.692562
0 0 2 3 124 0.845882
0 0 2 3 125 -1
0 0 3 0 187 0.693928
0 0 3 0 188 -1
0 0 3 0 189 -1
0 0 3 0 190 0.603142
0 0 3 1 187 -1
0 0 3 1 188 0.884052
0 0 3 1 189 -1
0 0 3 1 190 -1
0 0 3 2 187 -1
0 0 3 2 188 -1
0 0 3 2 189 0.614975
0 0 3 2 190 -1
0 0 3 3 187 0.758738
0 0 3 3 188 -1
0 0 3 3 189 -1
0 0 3 3 190 0.70968
0 0 4 0 253 0.593816
0 0 4 0 254 0.881235
0 0 4 0 255 -1
0 0 4 1 253 -1
0 0 4 1 254 -1
0 0 4 1 255 0.689565
0 0 4 2 253 0.80095
0 0 4 2 254 0.839712
0 0 4 2 255 -1
0 0 4 3 253 -1
0 0 4 3 254 -1
0 0 4 3 255 -1
0 1 2 59 122 0.785173
0 1 2 59 123 0.432122
0 1 2 59 124 -1
0 1 2 59 125 -1
0 1 2 60 122 -1
0 1 2 60 123 -1
0 1 2 60 124 0.495605
0 1 2 60 125 0.927464
0 1 2 61 122 -1
0 1 2 61 123 0.6329
0 1 2 61 124 -1
0 1 2 61 125 -1
0 1 3 59 187 0.47373
0 1 3 59 188 0.865145
0 1 3 59 189 -1
0 1 3 59 190 -1
0 1 3 60 187 0.0282891
0 1 3 60 188 -1
0 1 3 60 189 0.981252
0 1 3 60 190 0.816557
0 1 3 61 187 0.335051
0 1 3 61 188 0.415562
0 1 3 61 189 0.00577365
0 1 3 61 190 0.0164895
0 1 4 59 253 -1
0 1 4 59 254 -1
0 1 4 59 255 0.798437
0 1 4 60 253 0.791201
0 1 4 60 254 0.128884
0 1 4 60 255 -1
0 1 4 61 253 -1
0 1 4 61 254 -1
0 1 4 61 255 0.044605
0 2 3 122 187 -1
0 2 3 122 188 0.501192
0 2 3 122 189 -1
0 2 3 122 190 -1
0 2 3 123 187 0.44052
0 2 3 123 188 -1
0 2 3 123 189 -1
0 2 3 123 190 -1
0 2 3 124 187 0.69174
0 2 3 124 188 -1
0 2 3 124 189 -1
0 2 3 124 190 0.992901
0 2 3 125 187 -1
0 2 3 125 188 -1
0 2 3 125 189 0.896696
0 2 3 125 190 -1
0 2 4 122 253 -1
0 2 4 122 254 -1
0 2 4 122 255 0.576775
0 2 4 123 253 -1
0 2 4 123 254 -1
0 2 4 123 255 0.64009
0 2 4 124 253 -1
0 2 4 124 254 0.687907
0 2 4 124 255 -1
0 2 4 125 253 0.799424
0 2 4 125 254 -1
0 2 4 125 255 -1
0 3 4 187 253 0.241046
0 3 4 187 254 -0.885338
0 3 4 187 255 -1
0 3 4 188 253 0.0994696
0 3 4 188 254 0.343094
0 3 4 188 255 0.382051
0 3 4 189 253 0.409033
0 3 4 189 254 0.226175
0 3 4 189 255 -1
0 3 4 190 253 0.0540491
0 3 4 190 254 0.394275
0 3 4 190 255 0.429458
1 0 1 4 62 0.0902927
1 0 1 4 63 0.0844127
1 0 1 4 64 0.0742839
1 0 1 4 65 0.0644103
1 0 1 5 62 0.0857953
1 0 1 5 63 0.0894601
1 0 1 5 64 0.0752058
1 0 1 5 65 0.0627518
1 0 1 6 62 0.0815386
1 0 1 6 63 0.0855022
1 0 1 6 64 0.0766842
1 0 1 6 65 0.0692123
1 0 1 7 62 0.0400093
1 0 1 7 63 0.0366365
1 0 1 7 64 0.0919411
1 0 1 7 65 0.141523
1 0 2 4 126 -1
1 0 2 4 127 -1
1 0 2 4 128 -1
1 0 2 4 129 0.746667
1 0 2 5 126 -1
1 0 2 5 127 0.913872
1 0 2 5 128 -1
1 0 2 5 129 -1
1 0 2 6 126 -1
1 0 2 6 127 0.335228
1 0 2 6 128 0.823553
1 0 2 6 129 -1
1 0 2 7 126 0.896988
1 0 2 7 127 0.0367127
1 0 2 7 128 -1
1 0 2 7 129 -1
1 0 3 4 191 0.0542538
1 0 3 4 192 0.086934
1 0 3 4 193 0.14939
1 0 3 4 194 0.0736332
1 0 3 5 191 0.0869776
1 0 3 5 192 0.100149
1 0 3 5 193 0.0748463
1 0 3 5 194 0.0957107
1 0 3 6 191 0.0849855
1 0 3 6 192 0.104418
1 0 3 6 193 0.0798627
1 0 3 6 194 0.0893762
1 0 3 7 191 0.13923
1 0 3 7 192 0.0616965
1 0 3 7 193 0.0604594
1 0 3 7 194 0.101557
1 0 4 4 256 0.342586
1 0 4 4 257 -1
1 0 4 4 258 0.395749
1 0 4 5 256 0.169819
1 0 4 5 257 0.217734
1 0 4 5 258 0.14997
1 0 4 6 256 0.211188
1 0 4 6 257 0.006348
1 0 4 6 258 0.195579
1 0 4 7 256 0.0717221
1 0 4 7 257 0.656038
1 0 4 7 258 0.0692571
1 1 2 62 126 -1
1 1 2 62 127 -1
1 1 2 62 128 0.168732
1 1 2 62 129 0.996594
1 1 2 63 126 -1
1 1 2 63 127 -1
1 1 2 63 128 0.931171
1 1 2 63 129 0.315051
1 1 2 64 126 -1
1 1 2 64 127 0.899367
1 1 2 64 128 -1
1 1 2 64 129 -1
1 1 2 65 126 0.867747
1 1 2 65 127 -1
1 1 2 65 128 -1
1 1 2 65 129 -1
1 1 3 62 191 0.0620343
1 1 3 62 192 0.0914621
1 1 3 62 193 0.0928226
1 1 3 62 194 0.0684929
1 1 3 63 191 0.0647134
1 1 3 63 192 0.0904833
1 1 3 63 193 0.0906352
1 1 3 63 194 0.0691219
1 1 3 64 191 0.0877475
1 1 3 64 192 0.0701253
1 1 3 64 193 0.0676274
1 1 3 64 194 0.0900096
1 1 3 65 191 0.104909
1 1 3 65 192 0.0604826
1 1 3 65 193 0.0615666
1 1 3 65 194 0.0896705
1 1 4 62 256 -1
1 1 4 62 257 -1
1 1 4 62 258 0.949074
1 1 4 63 256 0.917605
1 1 4 63 257 -1
1 1 4 63 258 -1
1 1 4 64 256 -1
1 1 4 64 257 0.717057
1 1 4 64 258 -1
1 1 4 65 256 -1
1 1 4 65 257 0.992574
1 1 4 65 258 -1
1 2 3 126 191 0.808044
1 2 3 126 192 -1
1 2 3 126 193 -1
1 2 3 126 194 -1
1 2 3 127 191 -1
1 2 3 127 192 -1
1 2 3 127 193 -1
1 2 3 127 194 0.845717
1 2 3 128 191 -1
1 2 3 128 192 0.967232
1 2 3 128 193 -1
1 2 3 128 194 -1
1 2 3 129 191 -1
1 2 3 129 192 -1
1 2 3 129 193 0.97696
1 2 3 129 194 -1
1 2 4 126 256 -1
1 2 4 126 257 0.799872
1 2 4 126 258 -1
1 2 4 127 256 -1
1 2 4 127 257 -1
1 2 4 127 258 -1
1 2 4 128 256 0.969145
1 2 4 128 257 -1
1 2 4 128 258 0.60739
1 2 4 129 256 0.52251
1 2 4 129 257 -1
1 2 4 129 258 0.979755
1 3 4 191 256 0.112067
1 3 4 191 257 0.122841
1 3 4 191 258 0.0846296
1 3 4 192 256 0.113642
1 3 4 192 257 0.125556
1 3 4 192 258 0.0806504
1 3 4 193 256 0.0983949
1 3 4 193 257 0.0879571
1 3 4 193 258 0.129201
1 3 4 194 256 0.0966404
1 3 4 194 257 0.0798148
1 3 4 194 258 0.13817
2 0 1 8 66 0.792221
2 0 1 8 67 0.507394
2 0 1 8 68 0.386701
2 0 1 8 69 -1
2 0 1 9 66 0.199046
2 0 1 9 67 0.675112
2 0 1 9 68 0.559641
2 0 1 9 69 -1
2 0 1 10 66 0.0884263
2 0 1 10 67 0.24387
2 0 1 10 68 0.454011
2 0 1 10 69 0.101956
2 0 1 11 66 -1
2 0 1 11 67 -0.685784
2 0 1 11 68 -1
2 0 1 11 69 0.862025
2 0 2 8 130 -1
2 0 2 8 131 0.670795
2 0 2 8 132 0.716392
2 0 2 8 133 -1
2 0 2 9 130 0.211425
2 0 2 9 131 -1
2 0 2 9 132 -1
2 0 2 9 133 -1
2 0 2 10 130 -1
2 0 2 10 131 -1
2 0 2 10 132 -1
2 0 2 10 133 0.60748
2 0 2 11 130 -1
2 0 2 11 131 0.228358
2 0 2 11 132 0.0217015
2 0 2 11 133 -1
2 0 3 8 195 0.863391
2 0 3 8 196 -1
2 0 3 8 197 -1
2 0 3 8 198 0.596132
2 0 3 9 195 -1
2 0 3 9 196 0.999835
2 0 3 9 197 -1
2 0 3 9 198 -1
2 0 3 10 195 -1
2 0 3 10 196 -1
2 0 3 10 197 0.774683
2 0 3 10 198 -1
2 0 3 11 195 0.807722
2 0 3 11 196 -1
2 0 3 11 197 -1
2 0 3 11 198 0.506535
2 0 4 8 259 0.76099
2 0 4 8 260 0.927959
2 0 4 8 261 -1
2 0 4 9 259 -1
2 0 4 9 260 -1
2 0 4 9 261 0.612308
2 0 4 10 259 0.855429
2 0 4 10 260 0.772117
2 0 4 10 261 -1
2 0 4 11 259 -1
2 0 4 11 260 -1
2 0 4 11 261 0.215389
2 1 2 66 130 -1
2 1 2 66 131 -1
2 1 2 66 132 0.75336
2 1 2 66 133 0.84024
2 1 2 67 130 0.563618
2 1 2 67 131 0.132806
2 1 2 67 132 -1
2 1 2 67 133 -1
2 1 2 68 130 -1
2 1 2 68 131 -1
2 1 2 68 132 0.331632
2 1 2 68 133 0.856622
2 1 2 69 130 -1
2 1 2 69 131 0.268536
2 1 2 69 132 -1
2 1 2 69 133 -1
2 1 3 66 195 0.0981684
2 1 3 66 196 0.160227
2 1 3 66 197 0.284146
2 1 3 66 198 0.296045
2 1 3 67 195 0.393553
2 1 3 67 196 0.768961
2 1 3 67 197 -1
2 1 3 67 198 -1
2 1 3 68 195 0.0213731
2 1 3 68 196 -0.856719
2 1 3 68 197 0.94703
2 1 3 68 198 0.962409
2 1 3 69 195 0.37388
2 1 3 69 196 0.743055
2 1 3 69 197 -1
2 1 3 69 198 -1
2 1 4 66 259 -1
2 1 4 66 260 0.615394
2 1 4 66 261 -1
2 1 4 67 259 -1
2 1 4 67 260 -1
2 1 4 67 261 0.822243
2 1 4 68 259 0.850139
2 1 4 68 260 -1
2 1 4 68 261 -1
2 1 4 69 259 -1
2 1 4 69 260 -1
2 1 4 69 261 -1
2 2 3 130 195 -1
2 2 3 130 196 0.251052
2 2 3 130 197 -1
2 2 3 130 198 -1
2 2 3 131 195 -1
2 2 3 131 196 -1
2 2 3 131 197 -1
2 2 3 131 198 0.322972
2 2 3 132 195 0.897249
2 2 3 132 196 -1
2 2 3 132 197 -1
2 2 3 132 198 0.816897
2 2 3 133 195 -1
2 2 3 133 196 -1
2 2 3 133 197 0.803366
2 2 3 133 198 -1
2 2 4 130 259 -1
2 2 4 130 260 -1
2 2 4 130 261 0.375029
2 2 4 131 259 -1
2 2 4 131 260 -1
2 2 4 131 261 0.0593221
2 2 4 132 259 -1
2 2 4 132 260 0.721811
2 2 4 132 261 -1
2 2 4 133 259 0.753066
2 2 4 133 260 -1
2 2 4 133 261 -1
2 3 4 195 259 0.346686
2 3 4 195 260 0.0211071
2 3 4 195 261 -1
2 3 4 196 259 0.0710986
2 3 4 196 260 0.192041
2 3 4 196 261 0.435272
2 3 4 197 259 0.411258
2 3 4 197 260 0.143561
2 3 4 197 261 -1
2 3 4 198 259 0.0467032
2 3 4 198 260 0.220404
2 3 4 198 261 0.426599
3 0 1 12 70 0.426231
3 0 1 12 71 0.405915
3 0 1 12 72 -1
3 0 1 13 70 0.622442
3 0 1 13 71 0.748814
3 0 1 13 72 -1
3 0 1 14 70 0.340211
3 0 1 14 71 0.309998
3 0 1 14 72 0.110379
3 0 1 15 70 -0.709043
3 0 1 15 71 -0.756454
3 0 1 15 72 0.923869
3 0 2 12 134 -1
3 0 2 12 135 0.197615
3 0 2 12 136 0.244859
3 0 2 12 137 -1
3 0 2 13 134 0.94926
3 0 2 13 135 -1
3 0 2 13 136 -1
3 0 2 13 137 -1
3 0 2 14 134 -1
3 0 2 14 135 0.0171107
3 0 2 14 136 -1
3 0 2 14 137 0.497381
3 0 2 15 134 -1
3 0 2 15 135 0.873884
3 0 2 15 136 0.220843
3 0 2 15 137 -1
3 0 3 12 199 0.302621
3 0 3 12 200 -1
3 0 3 12 201 -1
3 0 3 12 202 0.5512
3 0 3 13 199 -1
3 0 3 13 200 0.679227
3 0 3 13 201 -1
3 0 3 13 202 -1
3 0 3 14 199 -1
3 0 3 14 200 -1
3 0 3 14 201 0.599836
3 0 3 14 202 -1
3 0 3 15 199 0.606864
3 0 3 15 200 -1
3 0 3 15 201 -1
3 0 3 15 202 -1
3 0 4 12 262 0.378949
3 0 4 12 263 0.744916
3 0 4 12 264 -1
3 0 4 13 262 -1
3 0 4 13 263 -1
3 0 4 13 264 0.778819
3 0 4 14 262 0.618673
3 0 4 14 263 0.915095
3 0 4 14 264 -1
3 0 4 15 262 -1
3 0 4 15 263 -1
3 0 4 15 264 -1
3 1 2 70 134 0.932665
3 1 2 70 135 0.712305
3 1 2 70 136 -1
3 1 2 70 137 -1
3 1 2 71 134 -1
3 1 2 71 135 -1
3 1 2 71 136 0.764225
3 1 2 71 137 0.922372
3 1 2 72 134 0.490191
3 1 2 72 135 0.921262
3 1 2 72 136 -1
3 1 2 72 137 -1
3 1 3 70 199 0.767514
3 1 3 70 200 0.8177
3 1 3 70 201 -1
3 1 3 70 202 -1
3 1 3 71 199 -1
3 1 3 71 200 -1
3 1 3 71 201 0.930647
3 1 3 71 202 0.675658
3 1 3 72 199 0.512513
3 1 3 72 200 0.338163
3 1 3 72 201 0.04542
3 1 3 72 202 0.103904
3 1 4 70 262 -1
3 1 4 70 263 -1
3 1 4 70 264 0.891562
3 1 4 71 262 0.564168
3 1 4 71 263 0.52459
3 1 4 71 264 -1
3 1 4 72 262 -1
3 1 4 72 263 -1
3 1 4 72 264 0.788348
3 2 3 134 199 -1
3 2 3 134 200 0.728173
3 2 3 134 201 -1
3 2 3 134 202 -1
3 2 3 135 199 0.745257
3 2 3 135 200 -1
3 2 3 135 201 -1
3 2 3 135 202 -1
3 2 3 136 199 0.320584
3 2 3 136 200 -1
3 2 3 136 201 -1
3 2 3 136 202 0.912201
3 2 3 137 199 -1
3 2 3 137 200 -1
3 2 3 137 201 0.83696
3 2 3 137 202 -1
3 2 4 134 262 -1
3 2 4 134 263 -1
3 2 4 134 264 0.844775
3 2 4 135 262 -1
3 2 4 135 263 -1
3 2 4 135 264 0.690603
3 2 4 136 262 -1
3 2 4 136 263 0.661693
3 2 4 136 264 -1
3 2 4 137 262 0.746903
3 2 4 137 263 -1
3 2 4 137 264 -1
3 3 4 199 262 0.198167
3 3 4 199 263 -1
3 3 4 199 264 -1
3 3 4 200 262 0.119357
3 3 4 200 263 0.315999
3 3 4 200 264 0.427602
3 3 4 201 262 0.320921
3 3 4 201 263 0.12513
3 3 4 201 264 0.185475
3 3 4 202 262 0.0578891
3 3 4 202 263 0.549806
3 3 4 202 264 0.325838
4 0 1 16 73 0.186051
4 0 1 16 74 0.196387
4 0 1 16 75 0.103756
4 0 1 17 73 0.178473
4 0 1 17 74 0.175309
4 0 1 17 75 0.12835
4 0 1 18 73 0.0790981
4 0 1 18 74 0.066432
4 0 1 18 75 0.311023
4 0 2 16 138 -1
4 0 2 16 139 0.569951
4 0 2 17 138 -1
4 0 2 17 139 -1
4 0 2 18 138 0.817937
4 0 2 18 139 0.182063
4 0 3 16 203 0.486851
4 0 3 16 204 -1
4 0 3 16 205 0.319715
4 0 3 17 203 0.886706
4 0 3 17 204 -1
4 0 3 17 205 0.0698622
4 0 3 18 203 -1
4 0 3 18 204 0.971215
4 0 3 18 205 0.610422
4 0 4 16 265 0.527576
4 0 4 16 266 0.28803
4 0 4 16 267 0.184394
4 0 4 17 265 0.275534
4 0 4 17 266 0.918302
4 0 4 17 267 -1
4 0 4 18 265 -1
4 0 4 18 266 -1
4 0 4 18 267 0.249928
4 1 2 73 138 -1
4 1 2 73 139 -1
4 1 2 74 138 0.237365
4 1 2 74 139 -1
4 1 2 75 138 0.900544
4 1 2 75 139 0.0518858
4 1 3 73 203 0.39514
4 1 3 73 204 0.0316827
4 1 3 73 205 0.105704
4 1 3 74 203 0.377314
4 1 3 74 204 0.0537451
4 1 3 74 205 0.116012
4 1 3 75 203 0.0514927
4 1 3 75 204 0.413791
4 1 3 75 205 0.342066
4 1 4 73 265 0.847843
4 1 4 73 266 -1
4 1 4 73 267 -1
4 1 4 74 265 -1
4 1 4 74 266 0.821729
4 1 4 74 267 -1
4 1 4 75 265 -1
4 1 4 75 266 -1
4 1 4 75 267 0.667995
4 2 3 138 203 -1
4 2 3 138 204 0.986138
4 2 3 138 205 -1
4 2 3 139 203 0.63114
4 2 3 139 204 -1
4 2 3 139 205 0.87189
4 2 4 138 265 -1
4 2 4 138 266 -1
4 2 4 138 267 0.339312
4 2 4 139 265 0.172524
4 2 4 139 266 -1
4 2 4 139 267 0.636072
4 3 4 203 265 0.0984208
4 3 4 203 266 0.232244
4 3 4 203 267 0.203097
4 3 4 204 265 0.327335
4 3 4 204 266 0.175332
4 3 4 204 267 0.149106
4 3 4 205 265 -1
4 3 4 205 266 0.252006
4 3 4 205 267 0.353745
5 0 1 19 76 0.111542
5 0 1 19 77 0.0653853
5 0 1 19 78 0.0806722
5 0 1 19 79 0.0655921
5 0 1 20 76 0.0866961
5 0 1 20 77 0.0781929
5 0 1 20 78 0.0809962
5 0 1 20 79 0.0737763
5 0 1 21 76 0.0778574
5 0 1 21 77 0.0807578
5 0 1 21 78 0.082679
5 0 1 21 79 0.0768038
5 0 1 22 76 0.0386562
5 0 1 22 77 0.0958866
5 0 1 22 78 0.0738237
5 0 1 22 79 0.104989
5 0 2 19 140 -1
5 0 2 19 141 -1
5 0 2 19 142 -1
5 0 2 19 143 0.860841
5 0 2 20 140 -1
5 0 2 20 141 -1
5 0 2 20 142 0.803108
5 0 2 20 143 -1
5 0 2 21 140 0.457024
5 0 2 21 141 0.921505
5 0 2 21 142 -1
5 0 2 21 143 -1
5 0 2 22 140 0.887903
5 0 2 22 141 0.645291
5 0 2 22 142 -1
5 0 2 22 143 -1
5 0 3 19 206 0.117265
5 0 3 19 207 0.176354
5 0 3 19 208 0.0513243
5 0 3 19 209 0.0686353
5 0 3 20 206 0.114973
5 0 3 20 207 0.0897444
5 0 3 20 208 0.0863119
5 0 3 20 209 0.092521
5 0 3 21 206 0.0877035
5 0 3 21 207 0.0679497
5 0 3 21 208 0.105472
5 0 3 21 209 0.111011
5 0 3 22 206 0.062351
5 0 3 22 207 0.0558572
5 0 3 22 208 0.139379
5 0 3 22 209 0.109593
5 0 4 19 268 0.152276
5 0 4 19 269 0.0417049
5 0 4 19 270 0.185539
5 0 4 20 268 0.156275
5 0 4 20 269 0.0577249
5 0 4 20 270 0.169469
5 0 4 21 268 0.115796
5 0 4 21 269 0.212376
5 0 4 21 270 0.087369
5 0 4 22 268 0.104392
5 0 4 22 269 0.230726
5 0 4 22 270 0.0837233
5 1 2 76 140 0.103339
5 1 2 76 141 -1
5 1 2 76 142 0.0223345
5 1 2 76 143 0.948862
5 1 2 77 140 -1
5 1 2 77 141 -1
5 1 2 77 142 -1
5 1 2 77 143 -1
5 1 2 78 140 -1
5 1 2 78 141 0.831833
5 1 2 78 142 -1
5 1 2 78 143 -1
5 1 2 79 140 0.98197
5 1 2 79 141 -1
5 1 2 79 142 -1
5 1 2 79 143 0.338196
5 1 3 76 206 0.117667
5 1 3 76 207 0.120746
5 1 3 76 208 0.047948
5 1 3 76 209 0.0612355
5 1 3 77 206 0.0758234
5 1 3 77 207 0.074837
5 1 3 77 208 0.0933733
5 1 3 77 209 0.089187
5 1 3 78 206 0.0787071
5 1 3 78 207 0.0762296
5 1 3 78 208 0.0853542
5 1 3 78 209 0.0930601
5 1 3 79 206 0.0638651
5 1 3 79 207 0.0642901
5 1 3 79 208 0.109249
5 1 3 79 209 0.0925715
5 1 4 76 268 -1
5 1 4 76 269 -1
5 1 4 76 270 0.919573
5 1 4 77 268 -1
5 1 4 77 269 -1
5 1 4 77 270 -1
5 1 4 78 268 -1
5 1 4 78 269 0.404991
5 1 4 78 270 -1
5 1 4 79 268 -1
5 1 4 79 269 0.982062
5 1 4 79 270 -1
5 2 3 140 206 -1
5 2 3 140 207 -1
5 2 3 140 208 0.95297
5 2 3 140 209 -1
5 2 3 141 206 -1
5 2 3 141 207 -1
5 2 3 141 208 -1
5 2 3 141 209 0.750898
5 2 3 142 206 0.800523
5 2 3 142 207 -1
5 2 3 142 208 -1
5 2 3 142 209 0.141109
5 2 3 143 206 -1
5 2 3 143 207 0.990937
5 2 3 143 208 -1
5 2 3 143 209 -1
5 2 4 140 268 -1
5 2 4 140 269 0.974805
5 2 4 140 270 -1
5 2 4 141 268 -1
5 2 4 141 269 0.946705
5 2 4 141 270 -1
5 2 4 142 268 0.950063
5 2 4 142 269 -1
5 2 4 142 270 0.602224
5 2 4 143 268 0.647581
5 2 4 143 269 -1
5 2 4 143 270 0.946911
5 3 4 206 268 0.113681
5 3 4 206 269 0.112586
5 3 4 206 270 0.0822101
5 3 4 207 268 0.0914458
5 3 4 207 269 0.0943263
5 3 4 207 270 0.120846
5 3 4 208 268 0.11024
5 3 4 208 269 0.111259
5 3 4 208 270 0.0867825
5 3 4 209 268 0.0902728
5 3 4 209 269 0.0869104
5 3 4 209 270 0.128939
6 0 1 23 80 0.180125
6 0 1 23 81 0.150046
6 0 1 23 82 0.121174
6 0 1 24 80 0.183096
6 0 1 24 81 0.150805
6 0 1 24 82 0.117799
6 0 1 25 80 0.042808
6 0 1 25 81 0.144257
6 0 1 25 82 0.244946
6 0 2 23 144 -1
6 0 2 23 145 -1
6 0 2 23 146 -1
6 0 2 23 147 0.622346
6 0 2 24 144 -1
6 0 2 24 145 0.905532
6 0 2 24 146 0.111287
6 0 2 24 147 -1
6 0 2 25 144 0.89383
6 0 2 25 145 -1
6 0 2 25 146 -1
6 0 2 25 147 -1
6 0 3 23 210 0.087599
6 0 3 23 211 0.11893
6 0 3 23 212 0.158472
6 0 3 23 213 0.120677
6 0 3 24 210 0.111679
6 0 3 24 211 0.142271
6 0 3 24 212 0.115786
6 0 3 24 213 0.126371
6 0 3 25 210 0.180757
6 0 3 25 211 0.104243
6 0 3 25 212 0.0992731
6 0 3 25 213 0.12475
6 0 4 23 271 0.613063
6 0 4 23 272 -1
6 0 4 23 273 0.630278
6 0 4 24 271 0.36197
6 0 4 24 272 -1
6 0 4 24 273 0.352455
6 0 4 25 271 0.0249673
6 0 4 25 272 0.788474
6 0 4 25 273 0.017267
6 1 2 80 144 -1
6 1 2 80 145 -1
6 1 2 80 146 0.259261
6 1 2 80 147 0.987994
6 1 2 81 144 -1
6 1 2 81 145 0.981205
6 1 2 81 146 -1
6 1 2 81 147 -1
6 1 2 82 144 0.833241
6 1 2 82 145 0.150074
6 1 2 82 146 -1
6 1 2 82 147 -1
6 1 3 80 210 0.0886771
6 1 3 80 211 0.112814
6 1 3 80 212 0.109411
6 1 3 80 213 0.0947475
6 1 3 81 210 0.100103
6 1 3 81 211 0.101871
6 1 3 81 212 0.099448
6 1 3 81 213 0.104063
6 1 3 82 210 0.117967
6 1 3 82 211 0.0874268
6 1 3 82 212 0.0944651
6 1 3 82 213 0.105867
6 1 4 80 271 0.221959
6 1 4 80 272 -1
6 1 4 80 273 0.995843
6 1 4 81 271 -1
6 1 4 81 272 0.878935
6 1 4 81 273 -1
6 1 4 82 271 -1
6 1 4 82 272 0.978622
6 1 4 82 273 -1
6 2 3 144 210 0.630202
6 2 3 144 211 -1
6 2 3 144 212 -1
6 2 3 144 213 -1
6 2 3 145 210 -1
6 2 3 145 211 -1
6 2 3 145 212 0.211715
6 2 3 145 213 0.962697
6 2 3 146 210 -1
6 2 3 146 211 0.943165
6 2 3 146 212 -1
6 2 3 146 213 -1
6 2 3 147 210 -1
6 2 3 147 211 -1
6 2 3 147 212 0.91892
6 2 3 147 213 0.450251
6 2 4 144 271 -1
6 2 4 144 272 0.717251
6 2 4 144 273 -1
6 2 4 145 271 -1
6 2 4 145 272 -1
6 2 4 145 273 -1
6 2 4 146 271 0.965876
6 2 4 146 272 -1
6 2 4 146 273 0.521084
6 2 4 147 271 0.425349
6 2 4 147 272 -1
6 2 4 147 273 0.943868
6 3 4 210 271 0.120262
6 3 4 210 272 0.136061
6 3 4 210 273 0.0823152
6 3 4 211 271 0.119828
6 3 4 211 272 0.139902
6 3 4 211 273 0.0796594
6 3 4 212 271 0.101519
6 3 4 212 272 0.0792936
6 3 4 212 273 0.146066
6 3 4 213 271 0.100601
6 3 4 213 272 0.0818549
6 3 4 213 273 0.144907
7 0 1 26 83 0.726399
7 0 1 26 84 0.968633
7 0 1 26 85 -1
7 0 1 26 86 -1
7 0 1 27 83 0.767891
7 0 1 27 84 0.516218
7 0 1 27 85 -1
7 0 1 27 86 -1
7 0 1 28 83 0.377528
7 0 1 28 84 0.081064
7 0 1 28 85 -1
7 0 1 28 86 0.683868
7 0 1 29 83 -0.871818
7 0 1 29 84 -1
7 0 1 29 85 0.767179
7 0 1 29 86 -1
7 0 2 26 148 0.465869
7 0 2 26 149 0.754348
7 0 2 26 150 -1
7 0 2 27 148 -1
7 0 2 27 149 -1
7 0 2 27 150 -1
7 0 2 28 148 -1
7 0 2 28 149 -1
7 0 2 28 150 0.329538
7 0 2 29 148 -1
7 0 2 29 149 -1
7 0 2 29 150 -1
7 0 3 26 214 0.744646
7 0 3 26 215 -1
7 0 3 26 216 -1
7 0 3 26 217 0.673344
7 0 3 27 214 -1
7 0 3 27 215 -1
7 0 3 27 216 0.880315
7 0 3 27 217 -1
7 0 3 28 214 -1
7 0 3 28 215 0.710902
7 0 3 28 216 -1
7 0 3 28 217 -1
7 0 3 29 214 0.657949
7 0 3 29 215 -1
7 0 3 29 216 -1
7 0 3 29 217 -1
7 0 4 26 274 0.714459
7 0 4 26 275 0.847597
7 0 4 26 276 -1
7 0 4 27 274 -1
7 0 4 27 275 -1
7 0 4 27 276 0.696264
7 0 4 28 274 0.876194
7 0 4 28 275 0.316639
7 0 4 28 276 -1
7 0 4 29 274 -1
7 0 4 29 275 -1
7 0 4 29 276 0.440912
7 1 2 83 148 0.733843
7 1 2 83 149 -1
7 1 2 83 150 -1
7 1 2 84 148 -1
7 1 2 84 149 0.809262
7 1 2 84 150 0.559735
7 1 2 85 148 -1
7 1 2 85 149 -1
7 1 2 85 150 -1
7 1 2 86 148 -1
7 1 2 86 149 0.297411
7 1 2 86 150 0.774048
7 1 3 83 214 0.730812
7 1 3 83 215 -1
7 1 3 83 216 0.679074
7 1 3 83 217 -1
7 1 3 84 214 -1
7 1 3 84 215 0.860331
7 1 3 84 216 -1
7 1 3 84 217 0.975748
7 1 3 85 214 0.993216
7 1 3 85 215 -1
7 1 3 85 216 0.97987
7 1 3 85 217 -1
7 1 3 86 214 -1
7 1 3 86 215 0.963869
7 1 3 86 216 -1
7 1 3 86 217 0.887052
7 1 4 83 274 -1
7 1 4 83 275 -1
7 1 4 83 276 0.719926
7 1 4 84 274 -1
7 1 4 84 275 0.541394
7 1 4 84 276 -1
7 1 4 85 274 -1
7 1 4 85 275 -1
7 1 4 85 276 -1
7 1 4 86 274 0.897541
7 1 4 86 275 -1
7 1 4 86 276 -1
7 2 3 148 214 0.238664
7 2 3 148 215 -1
7 2 3 148 216 -1
7 2 3 148 217 0.808525
7 2 3 149 214 0.437242
7 2 3 149 215 -1
7 2 3 149 216 -1
7 2 3 149 217 0.920084
7 2 3 150 214 -1
7 2 3 150 215 0.693308
7 2 3 150 216 -1
7 2 3 150 217 -1
7 2 4 148 274 -1
7 2 4 148 275 -1
7 2 4 148 276 -1
7 2 4 149 274 -1
7 2 4 149 275 0.989077
7 2 4 149 276 -1
7 2 4 150 274 0.704061
7 2 4 150 275 -1
7 2 4 150 276 -1
7 3 4 214 274 0.394245
7 3 4 214 275 -1
7 3 4 214 276 -1
7 3 4 215 274 0.819276
7 3 4 215 275 -1
7 3 4 215 276 -1
7 3 4 216 274 -1
7 3 4 216 275 0.963936
7 3 4 216 276 0.883681
7 3 4 217 274 -1
7 3 4 217 275 0.995674
7 3 4 217 276 0.911716
8 0 1 30 87 0.550614
8 0 1 30 88 0.252905
8 0 1 30 89 -1
8 0 1 31 87 0.764825
8 0 1 31 88 0.58717
8 0 1 31 89 -1
8 0 1 32 87 0.481336
8 0 1 32 88 0.712508
8 0 1 32 89 -1
8 0 1 33 87 -0.796775
8 0 1 33 88 -1
8 0 1 33 89 0.967666
8 0 2 30 151 -1
8 0 2 30 152 0.9983
8 0 2 30 153 -1
8 0 2 31 151 -1
8 0 2 31 152 -1
8 0 2 31 153 -1
8 0 2 32 151 -1
8 0 2 32 152 -1
8 0 2 32 153 0.638136
8 0 2 33 151 0.927125
8 0 2 33 152 -1
8 0 2 33 153 -1
8 0 3 30 218 0.10141
8 0 3 30 219 -1
8 0 3 30 220 -1
8 0 3 30 221 0.577673
8 0 3 31 218 -1
8 0 3 31 219 0.565774
8 0 3 31 220 -1
8 0 3 31 221 -1
8 0 3 32 218 -1
8 0 3 32 219 -1
8 0 3 32 220 0.775505
8 0 3 32 221 -1
8 0 3 33 218 0.962192
8 0 3 33 219 -1
8 0 3 33 220 -1
8 0 3 33 221 -1
8 0 4 30 277 0.0208189
8 0 4 30 278 0.785606
8 0 4 30 279 -1
8 0 4 31 277 -1
8 0 4 31 278 -1
8 0 4 31 279 0.950738
8 0 4 32 277 0.596529
8 0 4 32 278 0.455725
8 0 4 32 279 -1
8 0 4 33 277 -1
8 0 4 33 278 -1
8 0 4 33 279 -1
8 1 2 87 151 0.874667
8 1 2 87 152 -1
8 1 2 87 153 -1
8 1 2 88 151 -1
8 1 2 88 152 0.936365
8 1 2 88 153 0.876995
8 1 2 89 151 0.880217
8 1 2 89 152 -1
8 1 2 89 153 -1
8 1 3 87 218 0.0623838
8 1 3 87 219 0.421167
8 1 3 87 220 -1
8 1 3 87 221 -1
8 1 3 88 218 -1
8 1 3 88 219 -1
8 1 3 88 220 0.945471
8 1 3 88 221 0.162879
8 1 3 89 218 0.964568
8 1 3 89 219 0.283497
8 1 3 89 220 -1
8 1 3 89 221 -1
8 1 4 87 277 -1
8 1 4 87 278 -1
8 1 4 87 279 0.346646
8 1 4 88 277 0.653308
8 1 4 88 278 0.580651
8 1 4 88 279 -1
8 1 4 89 277 -1
8 1 4 89 278 -1
8 1 4 89 279 -1
8 2 3 151 218 0.959433
8 2 3 151 219 -1
8 2 3 151 220 -1
8 2 3 151 221 -1
8 2 3 152 218 0.494585
8 2 3 152 219 -1
8 2 3 152 220 -1
8 2 3 152 221 0.579283
8 2 3 153 218 -1
8 2 3 153 219 -1
8 2 3 153 220 0.734163
8 2 3 153 221 -1
8 2 4 151 277 -1
8 2 4 151 278 -1
8 2 4 151 279 -1
8 2 4 152 277 -1
8 2 4 152 278 0.509521
8 2 4 152 279 -1
8 2 4 153 277 0.621145
8 2 4 153 278 -1
8 2 4 153 279 -1
8 3 4 218 277 0.184301
8 3 4 218 278 -1
8 3 4 218 279 -1
8 3 4 219 277 0.0374706
8 3 4 219 278 0.430875
8 3 4 219 279 0.531655
8 3 4 220 277 0.870816
8 3 4 220 278 -1
8 3 4 220 279 -1
8 3 4 221 277 -1
8 3 4 221 278 0.826547
8 3 4 221 279 0.452905
9 0 1 34 90 0.168778
9 0 1 34 91 0.0964131
9 0 1 34 92 0.157666
9 0 1 35 90 0.15528
9 0 1 35 91 0.1299
9 0 1 35 92 0.143039
9 0 1 36 90 0.0999364
9 0 1 36 91 0.210698
9 0 1 36 92 0.126914
9 0 2 34 154 0.816821
9 0 2 34 155 -1
9 0 2 34 156 -1
9 0 2 35 154 -1
9 0 2 35 155 0.116478
9 0 2 35 156 0.968431
9 0 2 36 154 -1
9 0 2 36 155 0.721077
9 0 2 36 156 0.4675
9 0 3 34 222 0.416769
9 0 3 34 223 -1
9 0 3 35 222 -1
9 0 3 35 223 -1
9 0 3 36 222 0.90399
9 0 3 36 223 -1
9 0 4 34 280 -1
9 0 4 34 281 0.679916
9 0 4 35 280 -1
9 0 4 35 281 -1
9 0 4 36 280 -1
9 0 4 36 281 0.0051282
9 1 2 90 154 0.166494
9 1 2 90 155 0.0497649
9 1 2 90 156 0.783741
9 1 2 91 154 -1
9 1 2 91 155 0.676228
9 1 2 91 156 -1
9 1 2 92 154 -1
9 1 2 92 155 -1
9 1 2 92 156 -1
9 1 3 90 222 0.406763
9 1 3 90 223 -1
9 1 3 91 222 0.480581
9 1 3 91 223 0.111623
9 1 3 92 222 0.0584377
9 1 3 92 223 0.780405
9 1 4 90 280 -1
9 1 4 90 281 -1
9 1 4 91 280 -1
9 1 4 91 281 -1
9 1 4 92 280 -1
9 1 4 92 281 0.677976
9 2 3 154 222 -1
9 2 3 154 223 0.992287
9 2 3 155 222 0.839971
9 2 3 155 223 -1
9 2 3 156 222 -1
9 2 3 156 223 -1
9 2 4 154 280 0.874195
9 2 4 154 281 0.125805
9 2 4 155 280 -1
9 2 4 155 281 -1
9 2 4 156 280 -1
9 2 4 156 281 -1
9 3 4 222 280 0.49792
9 3 4 222 281 0.0322333
9 3 4 223 280 0.413151
9 3 4 223 281 0.235356
10 0 1 37 93 0.501316
10 0 1 37 94 0.217043
10 0 1 38 93 0.234592
10 0 1 38 94 0.4989
10 0 2 37 157 -1
10 0 2 37 158 0.772685
10 0 2 37 159 -1
10 0 2 38 157 -1
10 0 2 38 158 0.227315
10 0 2 38 159 -1
10 0 3 37 224 0.946835
10 0 3 37 225 -1
10 0 3 37 226 0.687557
10 0 3 38 224 -1
10 0 3 38 225 -1
10 0 3 38 226 0.312443
10 0 4 37 282 -1
10 0 4 37 283 -1
10 0 4 37 284 -1
10 0 4 38 282 -1
10 0 4 38 283 0.719341
10 0 4 38 284 -1
10 1 2 93 157 -1
10 1 2 93 158 0.967959
10 1 2 93 159 -1
10 1 2 94 157 -1
10 1 2 94 158 -1
10 1 2 94 159 -1
10 1 3 93 224 0.21666
10 1 3 93 225 0.209523
10 1 3 93 226 0.340601
10 1 3 94 224 0.0211511
10 1 3 94 225 0.0657286
10 1 3 94 226 0.502013
10 1 4 93 282 -1
10 1 4 93 283 0.400058
10 1 4 93 284 -1
10 1 4 94 282 -1
10 1 4 94 283 0.599942
10 1 4 94 284 -1
10 2 3 157 224 0.961786
10 2 3 157 225 -1
10 2 3 157 226 -1
10 2 3 158 224 -1
10 2 3 158 225 0.580129
10 2 3 158 226 0.950193
10 2 3 159 224 -1
10 2 3 159 225 0.961917
10 2 3 159 226 0.61199
10 2 4 157 282 0.76593
10 2 4 157 283 -1
10 2 4 157 284 0.908761
10 2 4 158 282 -1
10 2 4 158 283 -1
10 2 4 158 284 -1
10 2 4 159 282 0.64575
10 2 4 159 283 -1
10 2 4 159 284 0.949309
10 3 4 224 282 0.426656
10 3 4 224 283 0.41983
10 3 4 224 284 0.0817426
10 3 4 225 282 0.133757
10 3 4 225 283 0.0700858
10 3 4 225 284 0.423935
10 3 4 226 282 -1
10 3 4 226 283 -1
10 3 4 226 284 0.340075
11 0 1 39 95 0.0999227
11 0 1 39 96 0.124201
11 0 1 39 97 0.108678
11 0 1 39 98 0.0971651
11 0 1 40 95 0.108698
11 0 1 40 96 0.112628
11 0 1 40 97 0.108054
11 0 1 40 98 0.0990849
11 0 1 41 95 0.116908
11 0 1 41 96 0.0795889
11 0 1 41 97 0.10612
11 0 1 41 98 0.133019
11 0 2 39 160 -1
11 0 2 39 161 -1
11 0 2 39 162 -1
11 0 2 39 163 0.832399
11 0 2 40 160 -1
11 0 2 40 161 -1
11 0 2 40 162 0.86767
11 0 2 40 163 -1
11 0 2 41 160 -1
11 0 2 41 161 0.609498
11 0 2 41 162 -1
11 0 2 41 163 -1
11 0 3 39 227 0.918328
11 0 3 39 228 -1
11 0 3 39 229 -1
11 0 3 40 227 -1
11 0 3 40 228 0.715202
11 0 3 40 229 -1
11 0 3 41 227 -1
11 0 3 41 228 0.314974
11 0 3 41 229 0.807741
11 0 4 39 285 0.876482
11 0 4 39 286 0.375435
11 0 4 39 287 -1
11 0 4 40 285 0.561661
11 0 4 40 286 0.82822
11 0 4 40 287 -1
11 0 4 41 285 -1
11 0 4 41 286 -1
11 0 4 41 287 0.88942
11 1 2 95 160 0.659819
11 1 2 95 161 -1
11 1 2 95 162 -1
11 1 2 95 163 0.0265373
11 1 2 96 160 -1
11 1 2 96 161 -1
11 1 2 96 162 -1
11 1 2 96 163 -1
11 1 2 97 160 -1
11 1 2 97 161 -1
11 1 2 97 162 0.0887248
11 1 2 97 163 0.950173
11 1 2 98 160 -1
11 1 2 98 161 0.786915
11 1 2 98 162 -1
11 1 2 98 163 -1
11 1 3 95 227 0.0996434
11 1 3 95 228 0.109678
11 1 3 95 229 0.120249
11 1 3 96 227 0.127033
11 1 3 96 228 0.108455
11 1 3 96 229 0.090937
11 1 3 97 227 0.111349
11 1 3 97 228 0.108444
11 1 3 97 229 0.108485
11 1 3 98 227 0.104967
11 1 3 98 228 0.111477
11 1 3 98 229 0.112366
11 1 4 95 285 0.545589
11 1 4 95 286 -1
11 1 4 95 287 0.92256
11 1 4 96 285 -1
11 1 4 96 286 -1
11 1 4 96 287 -1
11 1 4 97 285 0.994672
11 1 4 97 286 -1
11 1 4 97 287 0.282138
11 1 4 98 285 0.249705
11 1 4 98 286 -1
11 1 4 98 287 -1
11 2 3 160 227 -1
11 2 3 160 228 -1
11 2 3 160 229 0.208133
11 2 3 161 227 -1
11 2 3 161 228 0.781811
11 2 3 161 229 -1
11 2 3 162 227 -1
11 2 3 162 228 0.938433
11 2 3 162 229 -1
11 2 3 163 227 0.911304
11 2 3 163 228 -1
11 2 3 163 229 -1
11 2 4 160 285 -1
11 2 4 160 286 -1
11 2 4 160 287 0.492688
11 2 4 161 285 -1
11 2 4 161 286 -1
11 2 4 161 287 -1
11 2 4 162 285 0.16374
11 2 4 162 286 0.691733
11 2 4 162 287 -1
11 2 4 163 285 0.95684
11 2 4 163 286 -1
11 2 4 163 287 -1
11 3 4 227 285 0.331519
11 3 4 227 286 0.0984138
11 3 4 227 287 0.0827237
11 3 4 228 285 0.196636
11 3 4 228 286 0.172848
11 3 4 228 287 0.183521
11 3 4 229 285 0.100614
11 3 4 229 286 0.240935
11 3 4 229 287 0.241269
12 0 1 42 99 0.32267
12 0 1 42 100 0.361251
12 0 1 43 99 0.36682
12 0 1 43 100 0.330319
12 0 2 42 164 0.879796
12 0 2 42 165 -1
12 0 2 42 166 -1
12 0 2 42 167 -1
12 0 2 43 164 -1
12 0 2 43 165 0.859676
12 0 2 43 166 0.596242
12 0 2 43 167 -1
12 0 3 42 230 0.33616
12 0 3 42 231 -1
12 0 3 42 232 -1
12 0 3 43 230 0.65032
12 0 3 43 231 0.399056
12 0 3 43 232 -1
12 0 4 42 288 -1
12 0 4 42 289 0.953661
12 0 4 43 288 0.331464
12 0 4 43 289 -1
12 1 2 99 164 -1
12 1 2 99 165 -1
12 1 2 99 166 0.599621
12 1 2 99 167 0.982175
12 1 2 100 164 0.755146
12 1 2 100 165 0.981044
12 1 2 100 166 -1
12 1 2 100 167 -1
12 1 3 99 230 0.0919721
12 1 3 99 231 0.428243
12 1 3 99 232 0.479785
12 1 3 100 230 0.823468
12 1 3 100 231 0.170172
12 1 3 100 232 -1
12 1 4 99 288 0.385267
12 1 4 99 289 -1
12 1 4 100 288 -1
12 1 4 100 289 0.838583
12 2 3 164 230 -1
12 2 3 164 231 -1
12 2 3 164 232 -1
12 2 3 165 230 0.802054
12 2 3 165 231 -1
12 2 3 165 232 -1
12 2 3 166 230 -1
12 2 3 166 231 0.972096
12 2 3 166 232 -1
12 2 3 167 230 -1
12 2 3 167 231 -1
12 2 3 167 232 0.905626
12 2 4 164 288 -1
12 2 4 164 289 0.914853
12 2 4 165 288 -1
12 2 4 165 289 -1
12 2 4 166 288 0.879096
12 2 4 166 289 -1
12 2 4 167 288 -1
12 2 4 167 289 -1
12 3 4 230 288 0.0107003
12 3 4 230 289 -1
12 3 4 231 288 0.36688
12 3 4 231 289 0.344678
12 3 4 232 288 0.327517
12 3 4 232 289 0.41499
13 0 1 44 101 0.385806
13 0 1 44 102 0.481349
13 0 1 44 103 -1
13 0 1 44 104 -1
13 0 1 45 101 0.522032
13 0 1 45 102 -1
13 0 1 45 103 -1
13 0 1 45 104 -1
13 0 1 46 101 0.092162
13 0 1 46 102 -1
13 0 1 46 103 -1
13 0 1 46 104 0.516023
13 0 2 44 168 0.352579
13 0 2 44 169 0.800094
13 0 2 44 170 -1
13 0 2 45 168 -1
13 0 2 45 169 -1
13 0 2 45 170 -1
13 0 2 46 168 -1
13 0 2 46 169 -1
13 0 2 46 170 0.499183
13 0 3 44 233 0.579755
13 0 3 44 234 -1
13 0 3 44 235 -1
13 0 3 44 236 0.990005
13 0 3 45 233 -1
13 0 3 45 234 0.947495
13 0 3 45 235 -1
13 0 3 45 236 -1
13 0 3 46 233 -1
13 0 3 46 234 -1
13 0 3 46 235 0.76947
13 0 3 46 236 -1
13 0 4 44 290 0.345114
13 0 4 44 291 0.914323
13 0 4 44 292 -1
13 0 4 45 290 -1
13 0 4 45 291 -1
13 0 4 45 292 0.868671
13 0 4 46 290 0.685566
13 0 4 46 291 -1
13 0 4 46 292 -1
13 1 2 101 168 0.448094
13 1 2 101 169 -1
13 1 2 101 170 -1
13 1 2 102 168 -1
13 1 2 102 169 0.968793
13 1 2 102 170 0.928096
13 1 2 103 168 -1
13 1 2 103 169 -1
13 1 2 103 170 -1
13 1 2 104 168 -1
13 1 2 104 169 0.492491
13 1 2 104 170 0.679337
13 1 3 101 233 0.89988
13 1 3 101 234 0.876318
13 1 3 101 235 -1
13 1 3 101 236 -1
13 1 3 102 233 -1
13 1 3 102 234 -1
13 1 3 102 235 0.329792
13 1 3 102 236 0.917951
13 1 3 103 233 0.701773
13 1 3 103 234 0.599575
13 1 3 103 235 -1
13 1 3 103 236 -1
13 1 3 104 233 -1
13 1 3 104 234 -1
13 1 3 104 235 0.76249
13 1 3 104 236 0.26326
13 1 4 101 290 -1
13 1 4 101 291 -1
13 1 4 101 292 0.990071
13 1 4 102 290 -1
13 1 4 102 291 0.323513
13 1 4 102 292 -1
13 1 4 103 290 -1
13 1 4 103 291 -1
13 1 4 103 292 -1
13 1 4 104 290 0.721285
13 1 4 104 291 -1
13 1 4 104 292 -1
13 2 3 168 233 0.319008
13 2 3 168 234 -1
13 2 3 168 235 -1
13 2 3 168 236 0.0243189
13 2 3 169 233 -1
13 2 3 169 234 -1
13 2 3 169 235 -1
13 2 3 169 236 0.757617
13 2 3 170 233 -1
13 2 3 170 234 -1
13 2 3 170 235 0.919078
13 2 3 170 236 -1
13 2 4 168 290 -1
13 2 4 168 291 -1
13 2 4 168 292 -1
13 2 4 169 290 -1
13 2 4 169 291 0.991759
13 2 4 169 292 -1
13 2 4 170 290 0.95231
13 2 4 170 291 -1
13 2 4 170 292 -1
13 3 4 233 290 -1
13 3 4 233 291 -1
13 3 4 233 292 -1
13 3 4 234 290 -1
13 3 4 234 291 0.784126
13 3 4 234 292 0.895558
13 3 4 235 290 0.920739
13 3 4 235 291 -1
13 3 4 235 292 -1
13 3 4 236 290 -1
13 3 4 236 291 0.630601
13 3 4 236 292 0.999659
14 0 1 47 105 0.144024
14 0 1 47 106 0.997716
14 0 1 47 107 -1
14 0 1 47 108 -1
14 0 1 48 105 0.549968
14 0 1 48 106 -1
14 0 1 48 107 -1
14 0 1 48 108 -1
14 0 1 49 105 0.306008
14 0 1 49 106 -1
14 0 1 49 107 0.809384
14 0 1 49 108 -1
14 0 2 47 171 -1
14 0 2 47 172 0.978655
14 0 2 47 173 -1
14 0 2 48 171 -1
14 0 2 48 172 -1
14 0 2 48 173 -1
14 0 2 49 171 0.188631
14 0 2 49 172 -1
14 0 2 49 173 0.661405
14 0 3 47 237 -1
14 0 3 47 238 -1
14 0 3 47 239 -1
14 0 3 47 240 0.936376
14 0 3 48 237 -1
14 0 3 48 238 0.770565
14 0 3 48 239 -1
14 0 3 48 240 -1
14 0 3 49 237 -1
14 0 3 49 238 -1
14 0 3 49 239 0.751774
14 0 3 49 240 -1
14 0 4 47 293 0.56271
14 0 4 47 294 0.864448
14 0 4 47 295 -1
14 0 4 48 293 -1
14 0 4 48 294 -1
14 0 4 48 295 0.852473
14 0 4 49 293 0.774319
14 0 4 49 294 0.537011
14 0 4 49 295 -1
14 1 2 105 171 0.986548
14 1 2 105 172 -1
14 1 2 105 173 -1
14 1 2 106 171 -1
14 1 2 106 172 0.83845
14 1 2 106 173 0.629689
14 1 2 107 171 -1
14 1 2 107 172 0.806026
14 1 2 107 173 0.886259
14 1 2 108 171 0.931315
14 1 2 108 172 -1
14 1 2 108 173 -1
14 1 3 105 237 -1
14 1 3 105 238 0.771284
14 1 3 105 239 -1
14 1 3 105 240 -1
14 1 3 106 237 -1
14 1 3 106 238 -1
14 1 3 106 239 0.214265
14 1 3 106 240 0.812311
14 1 3 107 237 -1
14 1 3 107 238 -1
14 1 3 107 239 0.962465
14 1 3 107 240 0.144218
14 1 3 108 237 0.93629
14 1 3 108 238 -1
14 1 3 108 239 -1
14 1 3 108 240 -1
14 1 4 105 293 -1
14 1 4 105 294 -1
14 1 4 105 295 0.73527
14 1 4 106 293 -1
14 1 4 106 294 0.873502
14 1 4 106 295 -1
14 1 4 107 293 0.757094
14 1 4 107 294 -1
14 1 4 107 295 -1
14 1 4 108 293 -1
14 1 4 108 294 -1
14 1 4 108 295 -1
14 2 3 171 237 0.845851
14 2 3 171 238 -1
14 2 3 171 239 -1
14 2 3 171 240 0.624101
14 2 3 172 237 0.977608
14 2 3 172 238 -1
14 2 3 172 239 -1
14 2 3 172 240 0.947642
14 2 3 173 237 -1
14 2 3 173 238 -1
14 2 3 173 239 0.877599
14 2 3 173 240 -1
14 2 4 171 293 -1
14 2 4 171 294 -1
14 2 4 171 295 -1
14 2 4 172 293 -1
14 2 4 172 294 0.931757
14 2 4 172 295 -1
14 2 4 173 293 0.992878
14 2 4 173 294 -1
14 2 4 173 295 -1
14 3 4 237 293 -1
14 3 4 237 294 -1
14 3 4 237 295 -1
14 3 4 238 293 -1
14 3 4 238 294 0.451945
14 3 4 238 295 0.91709
14 3 4 239 293 0.974035
14 3 4 239 294 -1
14 3 4 239 295 -1
14 3 4 240 293 -1
14 3 4 240 294 0.923201
14 3 4 240 295 0.0247592
15 0 1 50 109 0.159114
15 0 1 50 110 0.134369
15 0 1 50 111 0.115189
15 0 1 51 109 0.122704
15 0 1 51 110 0.137075
15 0 1 51 111 0.146165
15 0 1 52 109 0.122047
15 0 1 52 110 0.135506
15 0 1 52 111 0.148388
15 0 2 50 174 -1
15 0 2 50 175 -1
15 0 2 50 176 0.762284
15 0 2 51 174 0.100956
15 0 2 51 175 -1
15 0 2 51 176 -1
15 0 2 52 174 -1
15 0 2 52 175 0.898042
15 0 2 52 176 0.232083
15 0 3 50 241 0.890618
15 0 3 50 242 -1
15 0 3 51 241 -1
15 0 3 51 242 0.906339
15 0 3 52 241 0.0810967
15 0 3 52 242 -1
15 0 4 50 296 0.881885
15 0 4 50 297 0.102341
15 0 4 50 298 -1
15 0 4 51 296 -1
15 0 4 51 297 -1
15 0 4 51 298 0.771678
15 0 4 52 296 0.0589035
15 0 4 52 297 0.893418
15 0 4 52 298 -1
15 1 2 109 174 -1
15 1 2 109 175 -1
15 1 2 109 176 0.864893
15 1 2 110 174 -1
15 1 2 110 175 -1
15 1 2 110 176 0.620567
15 1 2 111 174 -1
15 1 2 111 175 -1
15 1 2 111 176 -1
15 1 3 109 241 0.462843
15 1 3 109 242 0.537157
15 1 3 110 241 0.521451
15 1 3 110 242 0.478549
15 1 3 111 241 -1
15 1 3 111 242 -1
15 1 4 109 296 0.919423
15 1 4 109 297 -1
15 1 4 109 298 0.334661
15 1 4 110 296 0.387847
15 1 4 110 297 -1
15 1 4 110 298 0.90186
15 1 4 111 296 -1
15 1 4 111 297 -1
15 1 4 111 298 -1
15 2 3 174 241 -1
15 2 3 174 242 -1
15 2 3 175 241 0.0295689
15 2 3 175 242 -1
15 2 3 176 241 0.687882
15 2 3 176 242 -1
15 2 4 174 296 -1
15 2 4 174 297 -1
15 2 4 174 298 -1
15 2 4 175 296 -1
15 2 4 175 297 0.889568
15 2 4 175 298 -1
15 2 4 176 296 0.82249
15 2 4 176 297 -1
15 2 4 176 298 0.678606
15 3 4 241 296 0.849122
15 3 4 241 297 -1
15 3 4 241 298 -1
15 3 4 242 296 -1
15 3 4 242 297 0.845683
15 3 4 242 298 0.927839
16 0 1 53 112 0.87051
16 0 1 53 113 -1
16 0 1 53 114 -1
16 0 1 54 112 -1
16 0 1 54 113 -1
16 0 1 54 114 0.811682
16 0 2 53 177 -1
16 0 2 53 178 0.756551
16 0 2 53 179 -1
16 0 2 53 180 -1
16 0 2 54 177 0.949104
16 0 2 54 178 -1
16 0 2 54 179 -1
16 0 2 54 180 -1
16 0 3 53 243 0.545743
16 0 3 53 244 -1
16 0 3 53 245 -1
16 0 3 54 243 0.454257
16 0 3 54 244 -1
16 0 3 54 245 -1
16 0 4 53 299 -1
16 0 4 53 300 -1
16 0 4 54 299 -1
16 0 4 54 300 0.97018
16 1 2 112 177 0.303734
16 1 2 112 178 0.909121
16 1 2 112 179 -1
16 1 2 112 180 -1
16 1 2 113 177 -1
16 1 2 113 178 -1
16 1 2 113 179 -1
16 1 2 113 180 0.832127
16 1 2 114 177 0.925387
16 1 2 114 178 0.431103
16 1 2 114 179 -1
16 1 2 114 180 -1
16 1 3 112 243 0.952493
16 1 3 112 244 -1
16 1 3 112 245 -1
16 1 3 113 243 -1
16 1 3 113 244 0.817548
16 1 3 113 245 0.303107
16 1 3 114 243 -1
16 1 3 114 244 -1
16 1 3 114 245 -1
16 1 4 112 299 -1
16 1 4 112 300 -1
16 1 4 113 299 -1
16 1 4 113 300 -1
16 1 4 114 299 -1
16 1 4 114 300 0.949589
16 2 3 177 243 -1
16 2 3 177 244 -1
16 2 3 177 245 -1
16 2 3 178 243 0.985898
16 2 3 178 244 -1
16 2 3 178 245 0.316791
16 2 3 179 243 0.557925
16 2 3 179 244 -1
16 2 3 179 245 0.85595
16 2 3 180 243 -1
16 2 3 180 244 0.882131
16 2 3 180 245 -1
16 2 4 177 299 -1
16 2 4 177 300 0.821618
16 2 4 178 299 -1
16 2 4 178 300 0.991562
16 2 4 179 299 0.946563
16 2 4 179 300 -1
16 2 4 180 299 -1
16 2 4 180 300 -1
16 3 4 243 299 -1
16 3 4 243 300 -1
16 3 4 244 299 -1
16 3 4 244 300 0.403215
16 3 4 245 299 0.853565
16 3 4 245 300 -1
17 0 1 55 115 0.514835
17 0 1 55 116 -1
17 0 1 55 117 0.373678
17 0 1 55 118 -1
17 0 1 56 115 0.485165
17 0 1 56 116 -1
17 0 1 56 117 0.626322
17 0 1 56 118 -1
17 0 2 55 181 -1
17 0 2 55 182 -1
17 0 2 55 183 -1
17 0 2 56 181 0.372143
17 0 2 56 182 -1
17 0 2 56 183 0.184869
17 0 3 55 246 -1
17 0 3 55 247 -1
17 0 3 55 248 -1
17 0 3 55 249 -1
17 0 3 56 246 -1
17 0 3 56 247 -1
17 0 3 56 248 0.931943
17 0 3 56 249 -1
17 0 4 55 301 -1
17 0 4 55 302 -1
17 0 4 55 303 0.887236
17 0 4 56 301 0.889695
17 0 4 56 302 0.598513
17 0 4 56 303 -1
17 1 2 115 181 0.81538
17 1 2 115 182 -1
17 1 2 115 183 -1
17 1 2 116 181 -1
17 1 2 116 182 0.742093
17 1 2 116 183 0.780888
17 1 2 117 181 -1
17 1 2 117 182 0.564976
17 1 2 117 183 0.645639
17 1 2 118 181 0.964945
17 1 2 118 182 -1
17 1 2 118 183 -1
17 1 3 115 246 -1
17 1 3 115 247 0.496432
17 1 3 115 248 -1
17 1 3 115 249 -1
17 1 3 116 246 -1
17 1 3 116 247 -1
17 1 3 116 248 0.672368
17 1 3 116 249 0.893871
17 1 3 117 246 -1
17 1 3 117 247 -1
17 1 3 117 248 0.895825
17 1 3 117 249 0.574057
17 1 3 118 246 0.956041
17 1 3 118 247 0.206361
17 1 3 118 248 -1
17 1 3 118 249 -1
17 1 4 115 301 -1
17 1 4 115 302 -1
17 1 4 115 303 0.0573389
17 1 4 116 301 -1
17 1 4 116 302 0.971887
17 1 4 116 303 -1
17 1 4 117 301 0.739593
17 1 4 117 302 -1
17 1 4 117 303 -1
17 1 4 118 301 -1
17 1 4 118 302 -1
17 1 4 118 303 0.640895
17 2 3 181 246 0.927568
17 2 3 181 247 -1
17 2 3 181 248 -1
17 2 3 181 249 0.95949
17 2 3 182 246 0.686353
17 2 3 182 247 -1
17 2 3 182 248 -1
17 2 3 182 249 0.688051
17 2 3 183 246 -1
17 2 3 183 247 -1
17 2 3 183 248 0.297148
17 2 3 183 249 -1
17 2 4 181 301 -1
17 2 4 181 302 -1
17 2 4 181 303 0.41852
17 2 4 182 301 -1
17 2 4 182 302 0.976459
17 2 4 182 303 -1
17 2 4 183 301 0.625708
17 2 4 183 302 -1
17 2 4 183 303 -1
17 3 4 246 301 -1
17 3 4 246 302 -1
17 3 4 246 303 -1
17 3 4 247 301 0.0932127
17 3 4 247 302 -1
17 3 4 247 303 0.613451
17 3 4 248 301 0.835223
17 3 4 248 302 -1
17 3 4 248 303 0.0191802
17 3 4 249 301 -1
17 3 4 249 302 0.941732
17 3 4 249 303 -1
18 0 1 57 119 0.601635
18 0 1 57 120 -1
18 0 1 57 121 -1
18 0 1 58 119 0.275899
18 0 1 58 120 0.17098
18 0 1 58 121 0.553121
18 0 2 57 184 -1
18 0 2 57 185 0.651374
18 0 2 57 186 -1
18 0 2 58 184 -1
18 0 2 58 185 -1
18 0 2 58 186 0.0442839
18 0 3 57 250 0.615054
18 0 3 57 251 -1
18 0 3 57 252 0.644231
18 0 3 58 250 -1
18 0 3 58 251 -1
18 0 3 58 252 -1
18 0 4 57 304 0.670939
18 0 4 57 305 0.584519
18 0 4 57 306 -1
18 0 4 58 304 0.329061
18 0 4 58 305 -1
18 0 4 58 306 -1
18 1 2 119 184 0.683099
18 1 2 119 185 -1
18 1 2 119 186 -1
18 1 2 120 184 -1
18 1 2 120 185 -1
18 1 2 120 186 -1
18 1 2 121 184 -1
18 1 2 121 185 -1
18 1 2 121 186 0.257389
18 1 3 119 250 0.984221
18 1 3 119 251 0.759423
18 1 3 119 252 -1
18 1 3 120 250 0.442315
18 1 3 120 251 0.0409915
18 1 3 120 252 -1
18 1 3 121 250 -1
18 1 3 121 251 -1
18 1 3 121 252 0.542817
18 1 4 119 304 -1
18 1 4 119 305 -1
18 1 4 119 306 0.713669
18 1 4 120 304 -1
18 1 4 120 305 -1
18 1 4 120 306 -1
18 1 4 121 304 0.784019
18 1 4 121 305 -1
18 1 4 121 306 -1
18 2 3 184 250 -1
18 2 3 184 251 -1
18 2 3 184 252 0.797221
18 2 3 185 250 -1
18 2 3 185 251 -1
18 2 3 185 252 0.293247
18 2 3 186 250 -1
18 2 3 186 251 -1
18 2 3 186 252 -1
18 2 4 184 304 -1
18 2 4 184 305 -1
18 2 4 184 306 -1
18 2 4 185 304 -1
18 2 4 185 305 0.54249
18 2 4 185 306 -1
18 2 4 186 304 0.774126
18 2 4 186 305 -1
18 2 4 186 306 -1
18 3 4 250 304 -1
18 3 4 250 305 -1
18 3 4 250 306 -1
18 3 4 251 304 -1
18 3 4 251 305 0.304926
18 3 4 251 306 0.923208
18 3 4 252 304 -1
18 3 4 252 305 0.839424
18 3 4 252 306 0.312127
end of Frame 241
