J OverallIdx viewIdx joint种类0-18(jointIdx) 该joint在图中的顺序(candidix) x y score
0 0 0 0 502.027 385.871 0.709519
1 0 0 1 330.932 440.739 0.555132
2 0 1 0 325.284 204.552 0.868921
3 0 1 1 518.84 210.926 0.839479
4 0 2 0 482.35 385.873 0.677424
5 0 2 1 378.537 436.49 0.551776
6 0 3 0 33.7251 379.529 0.638329
7 0 3 1 521.647 385.869 0.683099
8 0 3 2 283.293 444.892 0.550209
9 0 4 0 462.74 149.752 0.885114
10 0 5 0 392.599 206.642 0.847309
11 0 5 1 482.492 210.943 0.816035
12 0 6 0 258.076 200.307 0.810778
13 0 6 1 58.8577 210.878 0.823352
14 0 6 2 549.737 210.884 0.862219
15 0 7 0 499.14 518.761 0.73304
16 0 7 1 361.735 611.493 0.715199
17 0 8 0 33.7898 508.206 0.82674
18 0 8 1 527.29 525.059 0.781299
19 0 8 2 277.498 615.776 0.727162
20 0 9 0 347.728 120.156 0.884061
21 0 10 0 274.868 122.287 0.843722
22 0 10 1 510.419 145.489 0.897907
23 0 11 0 471.134 282.589 0.332047
24 0 11 1 434.571 328.849 0.861576
25 0 12 0 611.312 280.529 0.845969
26 0 12 1 81.4241 297.328 0.72485
27 0 12 2 243.933 345.713 0.8251
28 0 13 0 507.607 632.532 0.84612
29 0 13 1 353.339 759.069 0.589143
30 0 14 0 75.7073 613.568 0.804377
31 0 14 1 549.601 651.582 0.781741
32 0 14 2 277.607 765.347 0.397147
33 0 15 0 392.667 396.341 0.642084
34 0 16 0 549.693 333.192 0.860626
35 0 16 1 98.0624 377.459 0.744629
36 0 16 2 238.34 444.888 0.755518
37 0 17 0 56.1495 649.409 0.809539
38 0 17 1 513.235 687.446 0.746749
39 0 18 0 448.648 649.524 0.804133
40 0 18 1 30.7463 664.207 0.445214
41 1 0 0 210.211 383.786 0.697944
42 1 0 1 546.771 379.546 0.824615
43 1 0 2 659.027 396.404 0.604754
44 1 1 0 190.841 215.054 0.895095
45 1 1 1 659.094 227.664 0.744187
46 1 1 2 546.852 244.675 0.935177
47 1 2 0 171.043 385.887 0.675793
48 1 2 1 515.977 379.538 0.781562
49 1 2 2 647.793 394.343 0.489493
50 1 3 0 238.329 381.71 0.705722
51 1 3 1 572.072 379.577 0.830016
52 1 3 2 661.934 398.523 0.742538
53 1 4 0 212.971 158.182 0.916147
54 1 4 1 600.187 179.291 0.846194
55 1 4 2 527.331 193.971 0.982641
56 1 5 0 145.779 212.964 0.867256
57 1 5 1 647.788 225.652 0.632474
58 1 5 2 504.747 244.679 0.932809
59 1 6 0 238.496 219.272 0.788022
60 1 6 1 664.692 227.741 0.896903
61 1 6 2 586.147 244.59 0.896416
62 1 7 0 527.049 482.947 0.861069
63 1 7 1 190.699 514.576 0.830004
64 1 7 2 647.83 527.191 0.612301
65 1 8 0 572.216 482.859 0.868217
66 1 8 1 260.864 508.227 0.84706
67 1 8 2 659.085 529.316 0.795581
68 1 8 3 39.3309 662.143 0.49609
69 1 9 0 173.914 145.577 0.827341
70 1 10 0 238.392 147.591 0.714463
71 1 10 1 639.268 174.976 0.932877
72 1 10 2 563.668 193.874 0.890951
73 1 11 0 459.974 295.124 0.970199
74 1 11 1 103.874 309.929 0.836838
75 1 12 0 622.604 293.146 0.893849
76 1 12 1 252.345 305.771 0.303052
77 1 12 2 687.004 328.991 0.912474
78 1 13 0 527.117 573.542 0.840725
79 1 13 1 207.541 636.834 0.746882
80 1 13 2 661.687 634.714 0.795014
81 1 14 0 580.52 571.474 0.791856
82 1 14 1 224.326 605.193 0.786095
83 1 14 2 689.864 666.275 0.729682
84 1 15 0 490.804 335.253 0.84132
85 1 15 1 123.264 383.822 0.871499
86 1 16 0 597.291 331.169 0.924981
87 1 16 1 291.644 341.629 0.167498
88 1 16 2 636.653 398.515 0.869448
89 1 17 0 586.154 598.94 0.801301
90 1 17 1 238.464 649.476 0.532187
91 1 17 2 628.18 678.94 0.705963
92 1 18 0 499.088 594.625 0.789959
93 1 18 1 602.952 651.55 0.714701
94 1 18 2 232.667 668.514 0.758344
95 2 0 0 415.008 280.498 0.799458
96 2 0 1 701.018 369.039 0.721062
97 2 0 2 412.162 645.284 0.340738
98 2 1 0 392.577 128.582 0.929292
99 2 1 1 734.752 221.415 0.827924
100 2 1 2 378.641 428.087 0.645721
101 2 2 0 384.195 288.876 0.723125
102 2 2 1 667.392 362.694 0.747177
103 2 2 2 392.59 660.022 0.328183
104 2 3 0 443.133 278.278 0.730584
105 2 3 1 728.987 377.463 0.771086
106 2 3 2 434.582 630.505 0.271705
107 2 4 0 415.024 90.5794 0.938971
108 2 4 1 689.884 175.083 0.898606
109 2 4 2 507.626 390.089 0.866849
110 2 5 0 344.987 141.258 0.842829
111 2 5 1 687.043 202.427 0.842901
112 2 5 2 389.827 493.4 0.538997
113 2 6 0 437.555 118.084 0.855942
114 2 6 1 782.427 238.273 0.79376
115 2 6 2 364.565 383.808 0.628474
116 2 7 0 389.846 385.914 0.41922
117 2 7 1 661.677 465.979 0.86985
118 2 7 2 409.433 735.993 0.334337
119 2 8 0 726.308 478.618 0.818054
120 2 9 0 372.918 75.8424 0.939299
121 2 9 1 434.71 375.363 0.869051
122 2 10 0 751.443 172.889 0.911959
123 2 11 0 280.596 210.862 0.956504
124 2 11 1 664.612 263.693 0.893549
125 2 11 2 367.436 632.634 0.63128
126 2 12 0 457.091 164.524 0.809422
127 2 12 1 793.62 329.076 0.922347
128 2 12 2 328.039 482.878 0.520194
129 2 13 0 656.208 546.137 0.881994
130 2 14 0 731.925 565.233 0.863191
131 2 15 0 347.585 261.372 0.954785
132 2 15 1 650.567 331.038 0.830209
133 2 15 2 437.337 719.045 0.825195
134 2 16 0 460.014 223.533 0.879263
135 2 16 1 745.933 383.766 0.848226
136 2 16 2 297.269 571.429 0.650528
137 2 17 0 695.469 594.655 0.803779
138 2 18 0 633.74 575.711 0.834922
139 3 0 0 591.729 339.515 0.764668
140 3 0 1 302.867 369.056 0.686675
141 3 0 2 796.441 413.308 0.580215
142 3 1 0 796.557 172.918 0.845208
143 3 1 1 277.643 189.727 0.75822
144 3 1 2 588.94 193.956 0.907589
145 3 2 0 558.086 339.498 0.687938
146 3 2 1 286.028 373.246 0.651849
147 3 2 2 844.072 413.333 0.550055
148 3 3 0 617.104 339.48 0.750979
149 3 3 1 322.411 366.934 0.609859
150 3 3 2 751.466 413.277 0.604963
151 3 4 0 325.241 124.322 0.911078
152 3 4 1 577.691 141.29 0.913206
153 3 5 0 880.492 168.716 0.727808
154 3 5 1 257.939 191.857 0.828174
155 3 5 2 541.253 193.932 0.850606
156 3 6 0 723.473 174.968 0.777581
157 3 6 1 297.235 181.385 0.661442
158 3 6 2 636.627 193.977 0.922618
159 3 7 0 569.161 461.85 0.821354
160 3 7 1 294.405 514.478 0.682872
161 3 7 2 816.1 592.561 0.765607
162 3 8 0 636.449 449.223 0.793923
163 3 8 1 308.437 510.246 0.721236
164 3 8 2 751.575 560.923 0.792879
165 3 9 0 855.288 84.3683 0.787708
166 3 9 1 266.396 120.154 0.840355
167 3 9 2 555.319 128.631 0.310108
168 3 10 0 774.074 82.2172 0.436642
169 3 10 1 614.213 128.705 0.886665
170 3 11 0 221.602 271.973 0.814376
171 3 11 1 510.34 269.919 0.842055
172 3 11 2 914.196 305.744 0.714363
173 3 12 0 642.25 272.01 0.844338
174 3 12 1 706.68 295.305 0.764169
175 3 13 0 572.195 562.971 0.846855
176 3 13 1 277.679 651.552 0.800374
177 3 13 2 782.367 748.603 0.638122
178 3 14 0 642.246 548.242 0.854696
179 3 14 1 305.691 615.743 0.848543
180 3 14 2 712.364 723.262 0.554353
181 3 15 0 277.661 328.855 0.913384
182 3 15 1 532.859 331.021 0.878526
183 3 15 2 936.618 428 0.736167
184 3 16 0 639.358 331.088 0.909344
185 3 16 1 678.697 428.035 0.626558
186 3 17 0 639.512 579.834 0.80199
187 3 17 1 370.068 617.822 0.896678
188 3 17 2 720.728 750.645 0.295972
189 3 18 0 588.854 592.534 0.813738
190 3 18 1 344.839 674.784 0.780141
191 3 18 2 807.65 740.155 0.252117
192 4 0 0 928.309 242.515 0.81196
193 4 0 1 1029.21 286.785 0.604072
194 4 0 2 658.894 343.711 0.542747
195 4 1 0 661.958 113.89 0.867986
196 4 1 1 1029.21 109.682 0.468919
197 4 1 2 931.114 126.464 0.948916
198 4 2 0 953.34 244.537 0.801148
199 4 2 1 577.75 293.101 0.168123
200 4 2 2 1029.21 293.108 0.184379
201 4 2 3 703.921 345.803 0.546221
202 4 3 0 905.814 242.46 0.788306
203 4 3 1 995.481 282.587 0.61761
204 4 3 2 574.925 295.285 0.213467
205 4 3 3 611.292 341.599 0.469468
206 4 4 0 633.703 80.1794 0.749554
207 4 4 1 975.88 92.6878 0.219207
208 4 5 0 729.284 111.836 0.833331
209 4 5 1 577.665 122.332 0.360973
210 4 5 2 961.859 126.516 0.870296
211 4 6 0 597.27 113.87 0.799014
212 4 6 1 1001.2 122.267 0.748774
213 4 6 2 905.78 126.392 0.901691
214 4 7 0 970.241 320.497 0.665671
215 4 7 1 1029.21 381.754 0.729631
216 4 7 2 583.342 415.423 0.154676
217 4 7 3 695.53 514.618 0.763972
218 4 8 0 905.894 324.727 0.871403
219 4 8 1 953.395 379.49 0.910474
220 4 8 2 583.343 423.861 0.283602
221 4 8 3 614.176 512.379 0.707987
222 4 9 0 706.637 37.9659 0.791003
223 4 9 1 1029.21 48.5404 0.184395
224 4 9 2 591.643 73.8581 0.908957
225 4 9 3 959.178 82.2506 0.756087
226 4 10 0 639.491 40.0815 0.523013
227 4 10 1 978.695 59.0399 0.810049
228 4 11 0 978.773 179.33 0.723169
229 4 11 1 816.112 210.811 0.921256
230 4 12 0 1029.2 202.408 0.239576
231 4 12 1 527.376 212.93 0.903697
232 4 13 0 953.49 398.526 0.425095
233 4 13 1 998.396 491.317 0.578215
234 4 13 2 574.929 504.011 0.278997
235 4 13 3 689.875 660.023 0.770342
236 4 14 0 902.955 398.499 0.799654
237 4 14 1 1001.17 485.033 0.663054
238 4 14 2 577.72 512.392 0.434003
239 4 14 3 600.161 638.951 0.749667
240 4 15 0 754.398 276.178 0.876097
241 4 16 0 591.681 276.175 0.82213
242 4 17 0 908.547 400.626 0.531964
243 4 17 1 970.324 510.268 0.392423
244 4 17 2 586.138 525.104 0.16132
245 4 17 3 608.578 638.917 0.430389
246 4 18 0 930.965 411.12 0.217816
247 4 18 1 953.431 503.955 0.544847
248 4 18 2 737.536 647.412 0.730143
P viewIdx, pafIdx, aOverAllIdx, bOverAllIdx, CandidAIdx, CandidBIdx, score
0 0 2 0 0 0 0
0 0 2 1 0 1 0.989458
0 0 3 0 1 0 0.983788
0 0 3 1 1 1 0
0 1 4 15 0 0 0.983698
0 1 4 16 0 1 0
0 1 5 15 1 0 0
0 1 5 16 1 1 0.974865
0 2 15 28 0 0 0.990377
0 2 15 29 0 1 0
0 2 16 28 1 0 0
0 2 16 29 1 1 0.965893
0 3 0 4 0 0 0.926588
0 3 0 5 0 1 0
0 3 1 4 1 0 0
0 3 1 5 1 1 0.870773
0 4 0 6 0 0 0
0 4 0 7 0 1 0.921437
0 4 0 8 0 2 0
0 4 1 6 1 0 0
0 4 1 7 1 1 0
0 4 1 8 1 2 0.877028
0 5 6 17 0 0 0.994141
0 5 6 18 0 1 0
0 5 6 19 0 2 0
0 5 7 17 1 0 0
0 5 7 18 1 1 0.983967
0 5 7 19 1 2 0
0 5 8 17 2 0 0
0 5 8 18 2 1 0
0 5 8 19 2 2 0.973733
0 6 17 30 0 0 0.998862
0 6 17 31 0 1 0
0 6 17 32 0 2 0
0 6 18 30 1 0 0
0 6 18 31 1 1 0.998491
0 6 18 32 1 2 0
0 6 19 30 2 0 0
0 6 19 31 2 1 0
0 6 19 32 2 2 0.987473
0 7 2 10 0 0 0.986315
0 7 2 11 0 1 0
0 7 3 10 1 0 0
0 7 3 11 1 1 0.982366
0 8 10 23 0 0 0.270855
0 8 10 24 0 1 0.289868
0 8 11 23 1 0 0.291619
0 8 11 24 1 1 0.270556
0 9 23 33 0 0 0.490754
0 9 24 33 1 0 0.509246
0 10 10 20 0 0 0.995934
0 10 11 20 1 0 0
0 11 2 12 0 0 0.981828
0 11 2 13 0 1 0
0 11 2 14 0 2 0
0 11 3 12 1 0 0
0 11 3 13 1 1 0
0 11 3 14 1 2 0.990371
0 12 12 25 0 0 0
0 12 12 26 0 1 0
0 12 12 27 0 2 0.95835
0 12 13 25 1 0 0
0 12 13 26 1 1 0.975593
0 12 13 27 1 2 0
0 12 14 25 2 0 0.991317
0 12 14 26 2 1 0
0 12 14 27 2 2 0
0 13 25 34 0 0 0.969805
0 13 25 35 0 1 0
0 13 25 36 0 2 0
0 13 26 34 1 0 0
0 13 26 35 1 1 0.972797
0 13 26 36 1 2 0
0 13 27 34 2 0 0
0 13 27 35 2 1 0
0 13 27 36 2 2 0.985962
0 14 12 21 0 0 0.992977
0 14 12 22 0 1 0
0 14 13 21 1 0 0
0 14 13 22 1 1 0
0 14 14 21 2 0 0
0 14 14 22 2 1 0.996243
0 15 2 9 0 0 0
0 15 3 9 1 0 0.98792
0 16 30 37 0 0 0.976623
0 16 30 38 0 1 0
0 16 31 37 1 0 0
0 16 31 38 1 1 0.951899
0 16 32 37 2 0 0
0 16 32 38 2 1 0
0 17 28 39 0 0 0.963185
0 17 28 40 0 1 0
0 17 29 39 1 0 0
0 17 29 40 1 1 0
1 0 44 41 0 0 0.997948
1 0 44 42 0 1 0
1 0 44 43 0 2 0
1 0 45 41 1 0 0
1 0 45 42 1 1 0
1 0 45 43 1 2 0.934658
1 0 46 41 2 0 0
1 0 46 42 2 1 0.994101
1 0 46 43 2 2 0
1 1 47 62 0 0 0
1 1 47 63 0 1 0.977719
1 1 47 64 0 2 0
1 1 48 62 1 0 0.989372
1 1 48 63 1 1 0
1 1 48 64 1 2 0
1 1 49 62 2 0 0
1 1 49 63 2 1 0
1 1 49 64 2 2 0.885611
1 2 62 78 0 0 0.997809
1 2 62 79 0 1 0
1 2 62 80 0 2 0
1 2 63 78 1 0 0
1 2 63 79 1 1 0.991821
1 2 63 80 1 2 0
1 2 64 78 2 0 0
1 2 64 79 2 1 0
1 2 64 80 2 2 0.965796
1 3 41 47 0 0 0.916694
1 3 41 48 0 1 0
1 3 41 49 0 2 0
1 3 42 47 1 0 0
1 3 42 48 1 1 0.973036
1 3 42 49 1 2 0
1 3 43 47 2 0 0
1 3 43 48 2 1 0
1 3 43 49 2 2 0.811781
1 4 41 50 0 0 0.917234
1 4 41 51 0 1 0
1 4 41 52 0 2 0
1 4 42 50 1 0 0
1 4 42 51 1 1 0.968832
1 4 42 52 1 2 0
1 4 43 50 2 0 0
1 4 43 51 2 1 0
1 4 43 52 2 2 0.818443
1 5 50 65 0 0 0
1 5 50 66 0 1 0.988417
1 5 50 67 0 2 0
1 5 50 68 0 3 0
1 5 51 65 1 0 0.999996
1 5 51 66 1 1 0
1 5 51 67 1 2 0
1 5 51 68 1 3 0
1 5 52 65 2 0 0
1 5 52 66 2 1 0
1 5 52 67 2 2 0.984352
1 5 52 68 2 3 0
1 6 65 81 0 0 0.995591
1 6 65 82 0 1 0
1 6 65 83 0 2 0
1 6 66 81 1 0 0
1 6 66 82 1 1 0.9808
1 6 66 83 1 2 0
1 6 67 81 2 0 0
1 6 67 82 2 1 0
1 6 67 83 2 2 0.992845
1 6 68 81 3 0 0
1 6 68 82 3 1 0
1 6 68 83 3 2 0
1 7 44 56 0 0 0.998088
1 7 44 57 0 1 0
1 7 44 58 0 2 0
1 7 45 56 1 0 0
1 7 45 57 1 1 0.926931
1 7 45 58 1 2 0
1 7 46 56 2 0 0
1 7 46 57 2 1 0
1 7 46 58 2 2 0.992523
1 8 56 73 0 0 0
1 8 56 74 0 1 0.965179
1 8 57 73 1 0 0
1 8 57 74 1 1 0
1 8 58 73 2 0 0.981482
1 8 58 74 2 1 0
1 9 73 84 0 0 0.986219
1 9 73 85 0 1 0
1 9 74 84 1 0 0
1 9 74 85 1 1 0.993804
1 10 56 69 0 0 0.948413
1 10 57 69 1 0 0
1 10 58 69 2 0 0
1 11 44 59 0 0 0.998909
1 11 44 60 0 1 0
1 11 44 61 0 2 0
1 11 45 59 1 0 0
1 11 45 60 1 1 0.501093
1 11 45 61 1 2 0
1 11 46 59 2 0 0
1 11 46 60 2 1 0.261622
1 11 46 61 2 2 0.524391
1 12 59 75 0 0 0
1 12 59 76 0 1 0.831767
1 12 59 77 0 2 0
1 12 60 75 1 0 0
1 12 60 76 1 1 0
1 12 60 77 1 2 0.508379
1 12 61 75 2 0 0.511937
1 12 61 76 2 1 0
1 12 61 77 2 2 0.251679
1 13 75 86 0 0 0.548095
1 13 75 87 0 1 0
1 13 75 88 0 2 0
1 13 76 86 1 0 0
1 13 76 87 1 1 0.75762
1 13 76 88 1 2 0
1 13 77 86 2 0 0.255675
1 13 77 87 2 1 0
1 13 77 88 2 2 0.548759
1 14 59 70 0 0 0.940389
1 14 59 71 0 1 0
1 14 59 72 0 2 0
1 14 60 70 1 0 0
1 14 60 71 1 1 0.996866
1 14 60 72 1 2 0
1 14 61 70 2 0 0
1 14 61 71 2 1 0
1 14 61 72 2 2 0.996462
1 15 44 53 0 0 0.975264
1 15 44 54 0 1 0
1 15 44 55 0 2 0
1 15 45 53 1 0 0
1 15 45 54 1 1 0.972325
1 15 45 55 1 2 0
1 15 46 53 2 0 0
1 15 46 54 2 1 0
1 15 46 55 2 2 0.993583
1 16 81 89 0 0 0.989774
1 16 81 90 0 1 0
1 16 81 91 0 2 0
1 16 82 89 1 0 0
1 16 82 90 1 1 0.943967
1 16 82 91 1 2 0
1 16 83 89 2 0 0
1 16 83 90 2 1 0
1 16 83 91 2 2 0.982628
1 17 78 92 0 0 0.973643
1 17 78 93 0 1 0
1 17 78 94 0 2 0
1 17 79 92 1 0 0
1 17 79 93 1 1 0
1 17 79 94 1 2 0.989222
1 17 80 92 2 0 0
1 17 80 93 2 1 0.95931
1 17 80 94 2 2 0
2 0 98 95 0 0 0.996934
2 0 98 96 0 1 0
2 0 98 97 0 2 0
2 0 99 95 1 0 0
2 0 99 96 1 1 0.975963
2 0 99 97 1 2 0
2 0 100 95 2 0 0
2 0 100 96 2 1 0
2 0 100 97 2 2 0.936658
2 1 101 116 0 0 0.956432
2 1 101 117 0 1 0
2 1 101 118 0 2 0
2 1 102 116 1 0 0
2 1 102 117 1 1 0.996302
2 1 102 118 1 2 0
2 1 103 116 2 0 0
2 1 103 117 2 1 0
2 1 103 118 2 2 0.867125
2 2 116 129 0 0 0
2 2 117 129 1 0 0.993893
2 2 118 129 2 0 0
2 3 95 101 0 0 0.935265
2 3 95 102 0 1 0
2 3 95 103 0 2 0
2 3 96 101 1 0 0
2 3 96 102 1 1 0.963745
2 3 96 103 1 2 0
2 3 97 101 2 0 0
2 3 97 102 2 1 0
2 3 97 103 2 2 0.772999
2 4 95 104 0 0 0.939417
2 4 95 105 0 1 0
2 4 95 106 0 2 0
2 4 96 104 1 0 0
2 4 96 105 1 1 0.961728
2 4 96 106 1 2 0
2 4 97 104 2 0 0
2 4 97 105 2 1 0
2 4 97 106 2 2 0.774209
2 5 104 119 0 0 0
2 5 105 119 1 0 0.997416
2 5 106 119 2 0 0
2 6 119 130 0 0 0.999233
2 7 98 110 0 0 0.977293
2 7 98 111 0 1 0
2 7 98 112 0 2 0
2 7 99 110 1 0 0
2 7 99 111 1 1 0.994036
2 7 99 112 1 2 0
2 7 100 110 2 0 0
2 7 100 111 2 1 0
2 7 100 112 2 2 0.925022
2 8 110 123 0 0 0.970388
2 8 110 124 0 1 0
2 8 110 125 0 2 0
2 8 111 123 1 0 0
2 8 111 124 1 1 0.958554
2 8 111 125 1 2 0
2 8 112 123 2 0 0
2 8 112 124 2 1 0
2 8 112 125 2 2 0.96095
2 9 123 131 0 0 0.98623
2 9 123 132 0 1 0
2 9 123 133 0 2 0
2 9 124 131 1 0 0
2 9 124 132 1 1 0.974866
2 9 124 133 1 2 0
2 9 125 131 2 0 0
2 9 125 132 2 1 0
2 9 125 133 2 2 0.992452
2 10 110 120 0 0 0.978058
2 10 110 121 0 1 0
2 10 111 120 1 0 0
2 10 111 121 1 1 0
2 10 112 120 2 0 0
2 10 112 121 2 1 0.975611
2 11 98 113 0 0 0.978665
2 11 98 114 0 1 0
2 11 98 115 0 2 0
2 11 99 113 1 0 0
2 11 99 114 1 1 0.989973
2 11 99 115 1 2 0
2 11 100 113 2 0 0
2 11 100 114 2 1 0
2 11 100 115 2 2 0.945052
2 12 113 126 0 0 0.99707
2 12 113 127 0 1 0
2 12 113 128 0 2 0
2 12 114 126 1 0 0
2 12 114 127 1 1 0.980633
2 12 114 128 1 2 0
2 12 115 126 2 0 0
2 12 115 127 2 1 0
2 12 115 128 2 2 0.894496
2 13 126 134 0 0 0.995597
2 13 126 135 0 1 0
2 13 126 136 0 2 0
2 13 127 134 1 0 0
2 13 127 135 1 1 0.984493
2 13 127 136 1 2 0
2 13 128 134 2 0 0
2 13 128 135 2 1 0
2 13 128 136 2 2 0.923287
2 14 113 122 0 0 0
2 14 114 122 1 0 0.996413
2 14 115 122 2 0 0
2 15 98 107 0 0 0.984257
2 15 98 108 0 1 0
2 15 98 109 0 2 0
2 15 99 107 1 0 0
2 15 99 108 1 1 0.995283
2 15 99 109 1 2 0
2 15 100 107 2 0 0
2 15 100 108 2 1 0
2 15 100 109 2 2 0.971701
2 16 130 137 0 0 0.942021
2 17 129 138 0 0 0.994373
3 0 142 139 0 0 0
3 0 142 140 0 1 0
3 0 142 141 0 2 0.989553
3 0 143 139 1 0 0
3 0 143 140 1 1 0.960941
3 0 143 141 1 2 0
3 0 144 139 2 0 0.987219
3 0 144 140 2 1 0
3 0 144 141 2 2 0
3 1 145 159 0 0 0.98545
3 1 145 160 0 1 0
3 1 145 161 0 2 0
3 1 146 159 1 0 0
3 1 146 160 1 1 0.946755
3 1 146 161 1 2 0
3 1 147 159 2 0 0
3 1 147 160 2 1 0
3 1 147 161 2 2 0.971071
3 2 159 175 0 0 0.995988
3 2 159 176 0 1 0
3 2 159 177 0 2 0
3 2 160 175 1 0 0
3 2 160 176 1 1 0.991423
3 2 160 177 1 2 0
3 2 161 175 2 0 0
3 2 161 176 2 1 0
3 2 161 177 2 2 0.970992
3 3 139 145 0 0 0.940649
3 3 139 146 0 1 0
3 3 139 147 0 2 0
3 3 140 145 1 0 0
3 3 140 146 1 1 0.897075
3 3 140 147 1 2 0
3 3 141 145 2 0 0
3 3 141 146 2 1 0
3 3 141 147 2 2 0.861917
3 4 139 148 0 0 0.93771
3 4 139 149 0 1 0
3 4 139 150 0 2 0
3 4 140 148 1 0 0
3 4 140 149 1 1 0.887141
3 4 140 150 1 2 0
3 4 141 148 2 0 0
3 4 141 149 2 1 0
3 4 141 150 2 2 0.869242
3 5 148 162 0 0 0.993093
3 5 148 163 0 1 0
3 5 148 164 0 2 0
3 5 149 162 1 0 0
3 5 149 163 1 1 0.953775
3 5 149 164 1 2 0
3 5 150 162 2 0 0
3 5 150 163 2 1 0
3 5 150 164 2 2 0.987383
3 6 162 178 0 0 0.995911
3 6 162 179 0 1 0
3 6 162 180 0 2 0
3 6 163 178 1 0 0
3 6 163 179 1 1 0.992872
3 6 163 180 1 2 0
3 6 164 178 2 0 0
3 6 164 179 2 1 0
3 6 164 180 2 2 0.961894
3 7 142 153 0 0 0.974091
3 7 142 154 0 1 0
3 7 142 155 0 2 0
3 7 143 153 1 0 0
3 7 143 154 1 1 0.965448
3 7 143 155 1 2 0
3 7 144 153 2 0 0
3 7 144 154 2 1 0
3 7 144 155 2 2 0.994314
3 8 153 170 0 0 0
3 8 153 171 0 1 0
3 8 153 172 0 2 0.980489
3 8 154 170 1 0 0.970321
3 8 154 171 1 1 0
3 8 154 172 1 2 0
3 8 155 170 2 0 0
3 8 155 171 2 1 0.973706
3 8 155 172 2 2 0
3 9 170 181 0 0 0.98936
3 9 170 182 0 1 0
3 9 170 183 0 2 0
3 9 171 181 1 0 0
3 9 171 182 1 1 0.997811
3 9 171 183 1 2 0
3 9 172 181 2 0 0
3 9 172 182 2 1 0
3 9 172 183 2 2 0.975351
3 10 153 165 0 0 0.993577
3 10 153 166 0 1 0
3 10 153 167 0 2 0
3 10 154 165 1 0 0
3 10 154 166 1 1 0.996619
3 10 154 167 1 2 0
3 10 155 165 2 0 0
3 10 155 166 2 1 0
3 10 155 167 2 2 0.792054
3 11 142 156 0 0 0.987462
3 11 142 157 0 1 0
3 11 142 158 0 2 0
3 11 143 156 1 0 0
3 11 143 157 1 1 0.939102
3 11 143 158 1 2 0
3 11 144 156 2 0 0
3 11 144 157 2 1 0
3 11 144 158 2 2 0.996079
3 12 156 173 0 0 0
3 12 156 174 0 1 0.516328
3 12 157 173 1 0 0
3 12 157 174 1 1 0
3 12 158 173 2 0 0.521663
3 12 158 174 2 1 0.252314
3 13 173 184 0 0 0.28031
3 13 173 185 0 1 0.253768
3 13 174 184 1 0 0.252914
3 13 174 185 1 1 0.280889
3 14 156 168 0 0 0.837896
3 14 156 169 0 1 0
3 14 157 168 1 0 0
3 14 157 169 1 1 0
3 14 158 168 2 0 0
3 14 158 169 2 1 0.996605
3 15 142 151 0 0 0
3 15 142 152 0 1 0
3 15 143 151 1 0 0.966894
3 15 143 152 1 1 0
3 15 144 151 2 0 0
3 15 144 152 2 1 0.987577
3 16 178 186 0 0 0.968711
3 16 178 187 0 1 0
3 16 178 188 0 2 0
3 16 179 186 1 0 0
3 16 179 187 1 1 0.992139
3 16 179 188 1 2 0
3 16 180 186 2 0 0
3 16 180 187 2 1 0
3 16 180 188 2 2 0.781515
3 17 175 189 0 0 0.994034
3 17 175 190 0 1 0
3 17 175 191 0 2 0
3 17 176 189 1 0 0
3 17 176 190 1 1 0.979631
3 17 176 191 1 2 0
3 17 177 189 2 0 0
3 17 177 190 2 1 0
3 17 177 191 2 2 0.62675
4 0 195 192 0 0 0
4 0 195 193 0 1 0
4 0 195 194 0 2 0.98893
4 0 196 192 1 0 0
4 0 196 193 1 1 0.763464
4 0 196 194 1 2 0
4 0 197 192 2 0 0.987525
4 0 197 193 2 1 0
4 0 197 194 2 2 0
4 1 198 214 0 0 0.519366
4 1 198 215 0 1 0.27262
4 1 198 216 0 2 0
4 1 198 217 0 3 0
4 1 199 214 1 0 0
4 1 199 215 1 1 0
4 1 199 216 1 2 0.723061
4 1 199 217 1 3 0
4 1 200 214 2 0 0
4 1 200 215 2 1 0.479532
4 1 200 216 2 2 0
4 1 200 217 2 3 0
4 1 201 214 3 0 0
4 1 201 215 3 1 0
4 1 201 216 3 2 0
4 1 201 217 3 3 0.965806
4 2 214 232 0 0 0.510188
4 2 214 233 0 1 0.271065
4 2 214 234 0 2 0
4 2 214 235 0 3 0
4 2 215 232 1 0 0
4 2 215 233 1 1 0.53152
4 2 215 234 1 2 0
4 2 215 235 1 3 0
4 2 216 232 2 0 0
4 2 216 233 2 1 0
4 2 216 234 2 2 0.770993
4 2 216 235 2 3 0
4 2 217 232 3 0 0
4 2 217 233 3 1 0
4 2 217 234 3 2 0
4 2 217 235 3 3 0.990161
4 3 192 198 0 0 0.539444
4 3 192 199 0 1 0
4 3 192 200 0 2 0.319606
4 3 192 201 0 3 0
4 3 193 198 1 0 0
4 3 193 199 1 1 0
4 3 193 200 1 2 0.429897
4 3 193 201 1 3 0
4 3 194 198 2 0 0
4 3 194 199 2 1 0
4 3 194 200 2 2 0
4 3 194 201 2 3 0.868246
4 4 192 202 0 0 0.530378
4 4 192 203 0 1 0
4 4 192 204 0 2 0
4 4 192 205 0 3 0
4 4 193 202 1 0 0.267165
4 4 193 203 1 1 0.512853
4 4 193 204 1 2 0
4 4 193 205 1 3 0
4 4 194 202 2 0 0
4 4 194 203 2 1 0
4 4 194 204 2 2 0.469781
4 4 194 205 2 3 0.530219
4 5 202 218 0 0 0.530445
4 5 202 219 0 1 0.253561
4 5 202 220 0 2 0
4 5 202 221 0 3 0
4 5 203 218 1 0 0
4 5 203 219 1 1 0.525656
4 5 203 220 1 2 0
4 5 203 221 1 3 0
4 5 204 218 2 0 0
4 5 204 219 2 1 0
4 5 204 220 2 2 0.280901
4 5 204 221 2 3 0.287576
4 5 205 218 3 0 0
4 5 205 219 3 1 0
4 5 205 220 3 2 0.287437
4 5 205 221 3 3 0.281613
4 6 218 236 0 0 0.297794
4 6 218 237 0 1 0.253029
4 6 218 238 0 2 0
4 6 218 239 0 3 0
4 6 219 236 1 0 0.248306
4 6 219 237 1 1 0.297783
4 6 219 238 1 2 0
4 6 219 239 1 3 0
4 6 220 236 2 0 0
4 6 220 237 2 1 0
4 6 220 238 2 2 0.496857
4 6 220 239 2 3 0.277124
4 6 221 236 3 0 0
4 6 221 237 3 1 0
4 6 221 238 3 2 0
4 6 221 239 3 3 0.532984
4 7 195 208 0 0 0.978607
4 7 195 209 0 1 0
4 7 195 210 0 2 0
4 7 196 208 1 0 0
4 7 196 209 1 1 0
4 7 196 210 1 2 0
4 7 197 208 2 0 0
4 7 197 209 2 1 0
4 7 197 210 2 2 0.999894
4 8 208 228 0 0 0
4 8 208 229 0 1 0.991763
4 8 209 228 1 0 0
4 8 209 229 1 1 0
4 8 210 228 2 0 0.972215
4 8 210 229 2 1 0
4 9 228 240 0 0 0
4 9 229 240 1 0 0.981157
4 10 208 222 0 0 0.984666
4 10 208 223 0 1 0
4 10 208 224 0 2 0
4 10 208 225 0 3 0
4 10 209 222 1 0 0
4 10 209 223 1 1 0
4 10 209 224 1 2 0.910851
4 10 209 225 1 3 0
4 10 210 222 2 0 0
4 10 210 223 2 1 0
4 10 210 224 2 2 0
4 10 210 225 2 3 0.950112
4 11 195 211 0 0 0.960881
4 11 195 212 0 1 0
4 11 195 213 0 2 0
4 11 196 211 1 0 0
4 11 196 212 1 1 0.50968
4 11 196 213 1 2 0.259992
4 11 197 211 2 0 0
4 11 197 212 2 1 0
4 11 197 213 2 2 0.530251
4 12 211 230 0 0 0
4 12 211 231 0 1 0.96346
4 12 212 230 1 0 0.876929
4 12 212 231 1 1 0
4 12 213 230 2 0 0
4 12 213 231 2 1 0
4 13 230 241 0 0 0
4 13 231 241 1 0 0.987982
4 14 211 226 0 0 0.815807
4 14 211 227 0 1 0
4 14 212 226 1 0 0
4 14 212 227 1 1 0.552033
4 14 213 226 2 0 0
4 14 213 227 2 1 0.447967
4 15 195 206 0 0 0
4 15 195 207 0 1 0
4 15 196 206 1 0 0
4 15 196 207 1 1 0
4 15 197 206 2 0 0
4 15 197 207 2 1 0.711996
4 16 236 242 0 0 0.728352
4 16 236 243 0 1 0
4 16 236 244 0 2 0
4 16 236 245 0 3 0
4 16 237 242 1 0 0
4 16 237 243 1 1 0.835792
4 16 237 244 1 2 0
4 16 237 245 1 3 0
4 16 238 242 2 0 0
4 16 238 243 2 1 0
4 16 238 244 2 2 0.704899
4 16 238 245 2 3 0
4 16 239 242 3 0 0
4 16 239 243 3 1 0
4 16 239 244 3 2 0
4 16 239 245 3 3 0.684255
4 17 232 246 0 0 0.649323
4 17 232 247 0 1 0
4 17 232 248 0 2 0
4 17 233 246 1 0 0
4 17 233 247 1 1 0.867569
4 17 233 248 1 2 0
4 17 234 246 2 0 0
4 17 234 247 2 1 0
4 17 234 248 2 2 0
4 17 235 246 3 0 0
4 17 235 247 3 1 0
4 17 235 248 3 2 0.915553
E jointIdx viewA viewB aOverAllIdx bOverallIdx score
0 0 1 0 41 0.171789
0 0 1 0 42 0.600282
0 0 1 0 43 0.178163
0 0 1 1 41 -1
0 0 1 1 42 0.13306
0 0 1 1 43 0.742694
0 0 2 0 95 0.898667
0 0 2 0 96 -1
0 0 2 0 97 -1
0 0 2 1 95 -1
0 0 2 1 96 0.943206
0 0 2 1 97 -1
0 0 3 0 139 -1
0 0 3 0 140 0.967766
0 0 3 0 141 -1
0 0 3 1 139 0.979742
0 0 3 1 140 -1
0 0 3 1 141 -1
0 0 4 0 192 -1
0 0 4 0 193 -1
0 0 4 0 194 0.637999
0 0 4 1 192 -1
0 0 4 1 193 -1
0 0 4 1 194 0.362001
0 1 2 41 95 -1
0 1 2 41 96 -1
0 1 2 41 97 0.399743
0 1 2 42 95 0.780839
0 1 2 42 96 0.0974044
0 1 2 42 97 -1
0 1 2 43 95 -1
0 1 2 43 96 0.805186
0 1 2 43 97 -1
0 1 3 41 139 -1
0 1 3 41 140 -1
0 1 3 41 141 0.910933
0 1 3 42 139 0.954971
0 1 3 42 140 0.873993
0 1 3 42 141 -1
0 1 3 43 139 0.959222
0 1 3 43 140 0.973343
0 1 3 43 141 -1
0 1 4 41 192 0.996247
0 1 4 41 193 0.846189
0 1 4 41 194 -1
0 1 4 42 192 -1
0 1 4 42 193 -1
0 1 4 42 194 0.967026
0 1 4 43 192 -1
0 1 4 43 193 -1
0 1 4 43 194 -1
0 2 3 95 139 -1
0 2 3 95 140 0.951866
0 2 3 95 141 -1
0 2 3 96 139 0.97191
0 2 3 96 140 -1
0 2 3 96 141 -1
0 2 3 97 139 -1
0 2 3 97 140 -1
0 2 3 97 141 0.54248
0 2 4 95 192 -1
0 2 4 95 193 -1
0 2 4 95 194 0.685442
0 2 4 96 192 -1
0 2 4 96 193 -1
0 2 4 96 194 -1
0 2 4 97 192 -1
0 2 4 97 193 0.681281
0 2 4 97 194 -1
0 3 4 139 192 0.710676
0 3 4 139 193 -1
0 3 4 139 194 -1
0 3 4 140 192 0.128071
0 3 4 140 193 0.410995
0 3 4 140 194 0.423939
0 3 4 141 192 0.0633584
0 3 4 141 193 0.497114
0 3 4 141 194 0.421225
1 0 1 2 44 0.329743
1 0 1 2 45 0.250156
1 0 1 2 46 0.190532
1 0 1 3 44 0.133063
1 0 1 3 45 0.240144
1 0 1 3 46 0.320365
1 0 2 2 98 -1
1 0 2 2 99 0.91147
1 0 2 2 100 -1
1 0 2 3 98 0.912973
1 0 2 3 99 -1
1 0 2 3 100 -1
1 0 3 2 142 -1
1 0 3 2 143 0.406184
1 0 3 2 144 0.54141
1 0 3 3 142 -1
1 0 3 3 143 0.593816
1 0 3 3 144 0.45859
1 0 4 2 195 0.232775
1 0 4 2 196 0.306888
1 0 4 2 197 0.268733
1 0 4 3 195 0.309515
1 0 4 3 196 0.236756
1 0 4 3 197 0.215063
1 1 2 44 98 -1
1 1 2 44 99 -1
1 1 2 44 100 0.962446
1 1 2 45 98 -1
1 1 2 45 99 0.813125
1 1 2 45 100 -1
1 1 2 46 98 0.99262
1 1 2 46 99 -1
1 1 2 46 100 -1
1 1 3 44 142 0.290869
1 1 3 44 143 0.11487
1 1 3 44 144 0.13807
1 1 3 45 142 0.172796
1 1 3 45 143 0.144919
1 1 3 45 144 0.201526
1 1 3 46 142 0.0671415
1 1 3 46 143 0.255305
1 1 3 46 144 0.186513
1 1 4 44 195 -1
1 1 4 44 196 0.973541
1 1 4 44 197 0.918807
1 1 4 45 195 -1
1 1 4 45 196 -1
1 1 4 45 197 -1
1 1 4 46 195 0.907252
1 1 4 46 196 -1
1 1 4 46 197 -1
1 2 3 98 142 -1
1 2 3 98 143 0.861894
1 2 3 98 144 -1
1 2 3 99 142 -1
1 2 3 99 143 -1
1 2 3 99 144 0.973923
1 2 3 100 142 0.998914
1 2 3 100 143 -1
1 2 3 100 144 -1
1 2 4 98 195 0.911701
1 2 4 98 196 -1
1 2 4 98 197 -1
1 2 4 99 195 0.6583
1 2 4 99 196 -1
1 2 4 99 197 -1
1 2 4 100 195 -1
1 2 4 100 196 0.848353
1 2 4 100 197 -1
1 3 4 142 195 0.150077
1 3 4 142 196 0.143923
1 3 4 142 197 0.117164
1 3 4 143 195 0.153908
1 3 4 143 196 0.134344
1 3 4 143 197 0.124867
1 3 4 144 195 0.105109
1 3 4 144 196 0.133601
1 3 4 144 197 0.17224
2 0 1 4 47 0.13766
2 0 1 4 48 0.60999
2 0 1 4 49 0.20089
2 0 1 5 47 -1
2 0 1 5 48 0.0634239
2 0 1 5 49 0.691555
2 0 2 4 101 0.842749
2 0 2 4 102 -1
2 0 2 4 103 -1
2 0 2 5 101 -1
2 0 2 5 102 0.71597
2 0 2 5 103 -1
2 0 3 4 145 -1
2 0 3 4 146 0.800953
2 0 3 4 147 -1
2 0 3 5 145 0.995653
2 0 3 5 146 -1
2 0 3 5 147 -1
2 0 4 4 198 -1
2 0 4 4 199 0.521531
2 0 4 4 200 -1
2 0 4 4 201 0.46797
2 0 4 5 198 -1
2 0 4 5 199 0.478469
2 0 4 5 200 -1
2 0 4 5 201 0.53203
2 1 2 47 101 -1
2 1 2 47 102 -1
2 1 2 47 103 0.729972
2 1 2 48 101 0.72105
2 1 2 48 102 -1
2 1 2 48 103 -1
2 1 2 49 101 -1
2 1 2 49 102 0.72091
2 1 2 49 103 -1
2 1 3 47 145 -1
2 1 3 47 146 -1
2 1 3 47 147 0.967247
2 1 3 48 145 0.745851
2 1 3 48 146 0.763408
2 1 3 48 147 -1
2 1 3 49 145 0.951794
2 1 3 49 146 0.973927
2 1 3 49 147 -1
2 1 4 47 198 0.968827
2 1 4 47 199 -1
2 1 4 47 200 0.465847
2 1 4 47 201 -1
2 1 4 48 198 -1
2 1 4 48 199 -1
2 1 4 48 200 -1
2 1 4 48 201 0.937896
2 1 4 49 198 -1
2 1 4 49 199 0.989864
2 1 4 49 200 -1
2 1 4 49 201 -1
2 2 3 101 145 -1
2 2 3 101 146 0.921656
2 2 3 101 147 -1
2 2 3 102 145 0.76191
2 2 3 102 146 -1
2 2 3 102 147 -1
2 2 3 103 145 -1
2 2 3 103 146 -1
2 2 3 103 147 0.84917
2 2 4 101 198 -1
2 2 4 101 199 -1
2 2 4 101 200 -1
2 2 4 101 201 0.687904
2 2 4 102 198 -1
2 2 4 102 199 0.725622
2 2 4 102 200 -1
2 2 4 102 201 -1
2 2 4 103 198 -1
2 2 4 103 199 -1
2 2 4 103 200 0.971812
2 2 4 103 201 -1
2 3 4 145 198 0.587769
2 3 4 145 199 0.820997
2 3 4 145 200 -1
2 3 4 145 201 -1
2 3 4 146 198 0.122049
2 3 4 146 199 0.0126532
2 3 4 146 200 0.40662
2 3 4 146 201 0.404348
2 3 4 147 198 0.201001
2 3 4 147 199 -1
2 3 4 147 200 0.295334
2 3 4 147 201 0.0711028
3 0 1 6 50 0.489908
3 0 1 6 51 0.211014
3 0 1 6 52 0.106457
3 0 1 7 50 0.180958
3 0 1 7 51 0.371739
3 0 1 7 52 0.127306
3 0 1 8 50 -1
3 0 1 8 51 0.10971
3 0 1 8 52 0.630787
3 0 2 6 104 -1
3 0 2 6 105 -1
3 0 2 6 106 0.227067
3 0 2 7 104 0.9221
3 0 2 7 105 -1
3 0 2 7 106 -1
3 0 2 8 104 -1
3 0 2 8 105 0.876383
3 0 2 8 106 -1
3 0 3 6 148 -1
3 0 3 6 149 -1
3 0 3 6 150 0.939577
3 0 3 7 148 -1
3 0 3 7 149 0.812016
3 0 3 7 150 -1
3 0 3 8 148 0.939016
3 0 3 8 149 -1
3 0 3 8 150 -1
3 0 4 6 202 0.543186
3 0 4 6 203 0.819154
3 0 4 6 204 -1
3 0 4 6 205 -1
3 0 4 7 202 -1
3 0 4 7 203 -1
3 0 4 7 204 0.805599
3 0 4 7 205 0.660041
3 0 4 8 202 -1
3 0 4 8 203 -1
3 0 4 8 204 0.618781
3 0 4 8 205 -1
3 1 2 50 104 -1
3 1 2 50 105 -1
3 1 2 50 106 0.260747
3 1 2 51 104 0.88402
3 1 2 51 105 0.331396
3 1 2 51 106 -1
3 1 2 52 104 -1
3 1 2 52 105 0.903622
3 1 2 52 106 -1
3 1 3 50 148 -1
3 1 3 50 149 -1
3 1 3 50 150 0.848521
3 1 3 51 148 0.882837
3 1 3 51 149 0.999997
3 1 3 51 150 -1
3 1 3 52 148 0.924935
3 1 3 52 149 0.932315
3 1 3 52 150 -1
3 1 4 50 202 0.946047
3 1 4 50 203 0.85509
3 1 4 50 204 -1
3 1 4 50 205 -1
3 1 4 51 202 -1
3 1 4 51 203 -1
3 1 4 51 204 -1
3 1 4 51 205 0.924969
3 1 4 52 202 -1
3 1 4 52 203 -1
3 1 4 52 204 0.87826
3 1 4 52 205 -1
3 2 3 104 148 -1
3 2 3 104 149 0.871032
3 2 3 104 150 -1
3 2 3 105 148 0.943945
3 2 3 105 149 -1
3 2 3 105 150 -1
3 2 3 106 148 -1
3 2 3 106 149 -1
3 2 3 106 150 0.232841
3 2 4 104 202 -1
3 2 4 104 203 -1
3 2 4 104 204 0.0673016
3 2 4 104 205 0.870211
3 2 4 105 202 -1
3 2 4 105 203 -1
3 2 4 105 204 0.944982
3 2 4 105 205 -1
3 2 4 106 202 -1
3 2 4 106 203 0.958946
3 2 4 106 204 -1
3 2 4 106 205 -1
3 3 4 148 202 0.947045
3 3 4 148 203 -1
3 3 4 148 204 0.66927
3 3 4 148 205 -1
3 3 4 149 202 0.130089
3 3 4 149 203 0.377221
3 3 4 149 204 0.109635
3 3 4 149 205 0.383055
3 3 4 150 202 -1
3 3 4 150 203 0.805206
3 3 4 150 204 -1
3 3 4 150 205 0.823724
4 0 1 9 53 0.227472
4 0 1 9 54 0.281281
4 0 1 9 55 0.491247
4 0 2 9 107 0.98211
4 0 2 9 108 0.123497
4 0 2 9 109 -1
4 0 3 9 151 0.779526
4 0 3 9 152 0.220474
4 0 4 9 206 0.670726
4 0 4 9 207 -1
4 1 2 53 107 -1
4 1 2 53 108 -1
4 1 2 53 109 0.907745
4 1 2 54 107 -1
4 1 2 54 108 0.924749
4 1 2 54 109 -1
4 1 2 55 107 0.970222
4 1 2 55 108 0.0362847
4 1 2 55 109 -1
4 1 3 53 151 -1
4 1 3 53 152 -1
4 1 3 54 151 0.427235
4 1 3 54 152 0.572765
4 1 3 55 151 0.504252
4 1 3 55 152 0.495748
4 1 4 53 206 -1
4 1 4 53 207 0.510854
4 1 4 54 206 0.91439
4 1 4 54 207 -1
4 1 4 55 206 -1
4 1 4 55 207 -1
4 2 3 107 151 0.880481
4 2 3 107 152 -1
4 2 3 108 151 -1
4 2 3 108 152 0.996374
4 2 3 109 151 -1
4 2 3 109 152 -1
4 2 4 107 206 0.899036
4 2 4 107 207 -1
4 2 4 108 206 0.92362
4 2 4 108 207 -1
4 2 4 109 206 -1
4 2 4 109 207 0.77659
4 3 4 151 206 0.346352
4 3 4 151 207 0.304163
4 3 4 152 206 0.399858
4 3 4 152 207 0.425666
5 0 1 10 56 0.292895
5 0 1 10 57 0.271544
5 0 1 10 58 0.226651
5 0 1 11 56 0.144579
5 0 1 11 57 0.266482
5 0 1 11 58 0.32143
5 0 2 10 110 0.336591
5 0 2 10 111 0.743022
5 0 2 10 112 -1
5 0 2 11 110 0.663409
5 0 2 11 111 0.256978
5 0 2 11 112 -1
5 0 3 10 153 -1
5 0 3 10 154 0.449443
5 0 3 10 155 0.518639
5 0 3 11 153 -1
5 0 3 11 154 0.550557
5 0 3 11 155 0.481361
5 0 4 10 208 0.232445
5 0 4 10 209 0.226246
5 0 4 10 210 0.199007
5 0 4 11 208 0.231135
5 0 4 11 209 0.236924
5 0 4 11 210 0.184709
5 1 2 56 110 -1
5 1 2 56 111 -1
5 1 2 56 112 0.81967
5 1 2 57 110 -1
5 1 2 57 111 0.769684
5 1 2 57 112 -1
5 1 2 58 110 0.966077
5 1 2 58 111 -1
5 1 2 58 112 -1
5 1 3 56 153 0.398333
5 1 3 56 154 0.123696
5 1 3 56 155 0.146372
5 1 3 57 153 0.192602
5 1 3 57 154 0.156655
5 1 3 57 155 0.244176
5 1 3 58 153 0.0312316
5 1 3 58 154 0.302171
5 1 3 58 155 0.221455
5 1 4 56 208 -1
5 1 4 56 209 -1
5 1 4 56 210 0.967738
5 1 4 57 208 -1
5 1 4 57 209 0.943682
5 1 4 57 210 -1
5 1 4 58 208 0.933129
5 1 4 58 209 -1
5 1 4 58 210 -1
5 2 3 110 153 -1
5 2 3 110 154 0.947255
5 2 3 110 155 -1
5 2 3 111 153 -1
5 2 3 111 154 -1
5 2 3 111 155 0.994321
5 2 3 112 153 0.840757
5 2 3 112 154 -1
5 2 3 112 155 -1
5 2 4 110 208 0.84757
5 2 4 110 209 -1
5 2 4 110 210 -1
5 2 4 111 208 -1
5 2 4 111 209 0.687464
5 2 4 111 210 -1
5 2 4 112 208 -1
5 2 4 112 209 -1
5 2 4 112 210 -1
5 3 4 153 208 0.151458
5 3 4 153 209 0.157004
5 3 4 153 210 0.111284
5 3 4 154 208 0.146209
5 3 4 154 209 0.142827
5 3 4 154 210 0.133061
5 3 4 155 208 0.122743
5 3 4 155 209 0.12062
5 3 4 155 210 0.183023
6 0 1 12 59 0.169354
6 0 1 12 60 0.154052
6 0 1 12 61 0.110153
6 0 1 13 59 0.161012
6 0 1 13 60 0.143009
6 0 1 13 61 0.127737
6 0 1 14 59 0.0832969
6 0 1 14 60 0.129038
6 0 1 14 61 0.210094
6 0 2 12 113 -1
6 0 2 12 114 0.994489
6 0 2 12 115 -1
6 0 2 13 113 -1
6 0 2 13 114 -1
6 0 2 13 115 0.910534
6 0 2 14 113 0.998554
6 0 2 14 114 -1
6 0 2 14 115 -1
6 0 3 12 156 0.102453
6 0 3 12 157 0.174586
6 0 3 12 158 0.241552
6 0 3 13 156 0.427189
6 0 3 13 157 0.131457
6 0 3 13 158 0.137186
6 0 3 14 156 -1
6 0 3 14 157 0.440658
6 0 3 14 158 0.316417
6 0 4 12 211 0.227195
6 0 4 12 212 0.18546
6 0 4 12 213 0.196562
6 0 4 13 211 0.0431909
6 0 4 13 212 0.279243
6 0 4 13 213 0.266495
6 0 4 14 211 0.368069
6 0 4 14 212 0.126558
6 0 4 14 213 0.131611
6 1 2 59 113 -1
6 1 2 59 114 -1
6 1 2 59 115 0.850851
6 1 2 60 113 -1
6 1 2 60 114 0.920503
6 1 2 60 115 -1
6 1 2 61 113 0.960707
6 1 2 61 114 -1
6 1 2 61 115 -1
6 1 3 59 156 0.216687
6 1 3 59 157 0.12797
6 1 3 59 158 0.134034
6 1 3 60 156 0.156484
6 1 3 60 157 0.149186
6 1 3 60 158 0.163518
6 1 3 61 156 0.0886318
6 1 3 61 157 0.197167
6 1 3 61 158 0.174968
6 1 4 59 211 -1
6 1 4 59 212 0.777542
6 1 4 59 213 0.872244
6 1 4 60 211 0.572488
6 1 4 60 212 -1
6 1 4 60 213 -1
6 1 4 61 211 0.873351
6 1 4 61 212 -1
6 1 4 61 213 -1
6 2 3 113 156 -1
6 2 3 113 157 0.894029
6 2 3 113 158 -1
6 2 3 114 156 0.114479
6 2 3 114 157 -1
6 2 3 114 158 0.872682
6 2 3 115 156 0.986344
6 2 3 115 157 -1
6 2 3 115 158 0.452391
6 2 4 113 211 0.908988
6 2 4 113 212 -1
6 2 4 113 213 -1
6 2 4 114 211 0.594698
6 2 4 114 212 -1
6 2 4 114 213 -1
6 2 4 115 211 -1
6 2 4 115 212 0.873112
6 2 4 115 213 -1
6 3 4 156 211 0.163813
6 3 4 156 212 0.142485
6 3 4 156 213 0.14003
6 3 4 157 211 0.202291
6 3 4 157 212 0.124369
6 3 4 157 213 0.122441
6 3 4 158 211 0.0808175
6 3 4 158 212 0.177713
6 3 4 158 213 0.181883
7 0 1 15 62 0.975433
7 0 1 15 63 0.175948
7 0 1 15 64 -1
7 0 1 16 62 -1
7 0 1 16 63 -1
7 0 1 16 64 0.965552
7 0 2 15 116 0.86521
7 0 2 15 117 -1
7 0 2 15 118 -1
7 0 2 16 116 -1
7 0 2 16 117 0.783834
7 0 2 16 118 -1
7 0 3 15 159 -1
7 0 3 15 160 0.93678
7 0 3 15 161 -1
7 0 3 16 159 0.820112
7 0 3 16 160 -1
7 0 3 16 161 -1
7 0 4 15 214 -1
7 0 4 15 215 -1
7 0 4 15 216 0.470476
7 0 4 15 217 0.593173
7 0 4 16 214 -1
7 0 4 16 215 -1
7 0 4 16 216 0.529524
7 0 4 16 217 0.406827
7 1 2 62 116 0.72731
7 1 2 62 117 0.211354
7 1 2 62 118 -1
7 1 2 63 116 -1
7 1 2 63 117 -1
7 1 2 63 118 0.933751
7 1 2 64 116 -1
7 1 2 64 117 0.876089
7 1 2 64 118 -1
7 1 3 62 159 0.89882
7 1 3 62 160 0.848046
7 1 3 62 161 -1
7 1 3 63 159 -1
7 1 3 63 160 -1
7 1 3 63 161 0.799619
7 1 3 64 159 0.995417
7 1 3 64 160 0.684415
7 1 3 64 161 -1
7 1 4 62 214 -1
7 1 4 62 215 -1
7 1 4 62 216 -1
7 1 4 62 217 0.821367
7 1 4 63 214 0.312887
7 1 4 63 215 0.678166
7 1 4 63 216 -1
7 1 4 63 217 -1
7 1 4 64 214 -1
7 1 4 64 215 -1
7 1 4 64 216 0.979891
7 1 4 64 217 -1
7 2 3 116 159 -1
7 2 3 116 160 0.931042
7 2 3 116 161 -1
7 2 3 117 159 0.92238
7 2 3 117 160 -1
7 2 3 117 161 -1
7 2 3 118 159 -1
7 2 3 118 160 -1
7 2 3 118 161 0.713763
7 2 4 116 214 -1
7 2 4 116 215 -1
7 2 4 116 216 -1
7 2 4 116 217 0.45883
7 2 4 117 214 -1
7 2 4 117 215 -1
7 2 4 117 216 0.964386
7 2 4 117 217 -1
7 2 4 118 214 -1
7 2 4 118 215 0.534491
7 2 4 118 216 -1
7 2 4 118 217 -1
7 3 4 159 214 0.796277
7 3 4 159 215 -1
7 3 4 159 216 0.80726
7 3 4 159 217 -1
7 3 4 160 214 -1
7 3 4 160 215 0.659706
7 3 4 160 216 -1
7 3 4 160 217 0.586043
7 3 4 161 214 -1
7 3 4 161 215 0.999766
7 3 4 161 216 -1
7 3 4 161 217 -1
8 0 1 17 65 0.623768
8 0 1 17 66 0.977125
8 0 1 17 67 -1
8 0 1 17 68 -1
8 0 1 18 65 0.92562
8 0 1 18 66 0.146554
8 0 1 18 67 -1
8 0 1 18 68 -1
8 0 1 19 65 -1
8 0 1 19 66 -1
8 0 1 19 67 0.991012
8 0 1 19 68 0.918661
8 0 2 17 119 -1
8 0 2 18 119 -1
8 0 2 19 119 0.94705
8 0 3 17 162 -1
8 0 3 17 163 -1
8 0 3 17 164 0.919198
8 0 3 18 162 -1
8 0 3 18 163 0.778349
8 0 3 18 164 -1
8 0 3 19 162 0.675016
8 0 3 19 163 -1
8 0 3 19 164 -1
8 0 4 17 218 0.0459403
8 0 4 17 219 0.980425
8 0 4 17 220 -1
8 0 4 17 221 -1
8 0 4 18 218 -1
8 0 4 18 219 -1
8 0 4 18 220 0.541889
8 0 4 18 221 0.564401
8 0 4 19 218 -1
8 0 4 19 219 -1
8 0 4 19 220 0.039898
8 0 4 19 221 -1
8 1 2 65 119 0.551887
8 1 2 66 119 -1
8 1 2 67 119 0.929274
8 1 2 68 119 -1
8 1 3 65 162 0.526035
8 1 3 65 163 0.790857
8 1 3 65 164 -1
8 1 3 66 162 -1
8 1 3 66 163 -1
8 1 3 66 164 0.836021
8 1 3 67 162 0.877881
8 1 3 67 163 0.702499
8 1 3 67 164 -1
8 1 3 68 162 -1
8 1 3 68 163 -1
8 1 3 68 164 -1
8 1 4 65 218 -1
8 1 4 65 219 -1
8 1 4 65 220 -1
8 1 4 65 221 0.943743
8 1 4 66 218 0.682541
8 1 4 66 219 0.871099
8 1 4 66 220 -1
8 1 4 66 221 -1
8 1 4 67 218 -1
8 1 4 67 219 -1
8 1 4 67 220 0.681653
8 1 4 67 221 -1
8 1 4 68 218 0.886405
8 1 4 68 219 0.560928
8 1 4 68 220 -1
8 1 4 68 221 -1
8 2 3 119 162 0.759009
8 2 3 119 163 -1
8 2 3 119 164 -1
8 2 4 119 218 -1
8 2 4 119 219 -1
8 2 4 119 220 0.29151
8 2 4 119 221 -1
8 3 4 162 218 0.976986
8 3 4 162 219 -1
8 3 4 162 220 0.0325948
8 3 4 162 221 -1
8 3 4 163 218 -1
8 3 4 163 219 0.401104
8 3 4 163 220 -1
8 3 4 163 221 0.833767
8 3 4 164 218 -1
8 3 4 164 219 0.839673
8 3 4 164 220 -1
8 3 4 164 221 -1
9 0 1 20 69 0.76861
9 0 2 20 120 0.59084
9 0 2 20 121 -1
9 0 3 20 165 -1
9 0 3 20 166 -1
9 0 3 20 167 0.948793
9 0 4 20 222 0.969475
9 0 4 20 223 -1
9 0 4 20 224 0.998384
9 0 4 20 225 -1
9 1 2 69 120 -1
9 1 2 69 121 0.980764
9 1 3 69 165 0.974895
9 1 3 69 166 -1
9 1 3 69 167 -1
9 1 4 69 222 -1
9 1 4 69 223 0.930936
9 1 4 69 224 -1
9 1 4 69 225 0.918041
9 2 3 120 165 -1
9 2 3 120 166 0.937272
9 2 3 120 167 -1
9 2 3 121 165 0.969203
9 2 3 121 166 -1
9 2 3 121 167 -1
9 2 4 120 222 0.947597
9 2 4 120 223 -1
9 2 4 120 224 0.813658
9 2 4 120 225 -1
9 2 4 121 222 -1
9 2 4 121 223 0.957169
9 2 4 121 224 -1
9 2 4 121 225 0.371055
9 3 4 165 222 0.147232
9 3 4 165 223 0.165157
9 3 4 165 224 0.0927576
9 3 4 165 225 0.0999676
9 3 4 166 222 0.186944
9 3 4 166 223 0.136919
9 3 4 166 224 0.0901533
9 3 4 166 225 0.0980059
9 3 4 167 222 0.0622778
9 3 4 167 223 0.0977924
9 3 4 167 224 0.205987
9 3 4 167 225 0.191981
10 0 1 21 70 0.379554
10 0 1 21 71 0.292769
10 0 1 21 72 0.142889
10 0 1 22 70 0.0381195
10 0 1 22 71 0.212113
10 0 1 22 72 0.453533
10 0 2 21 122 0.951557
10 0 2 22 122 0.0421184
10 0 3 21 168 -1
10 0 3 21 169 0.807103
10 0 3 22 168 -1
10 0 3 22 169 -1
10 0 4 21 226 0.214889
10 0 4 21 227 -1
10 0 4 22 226 0.785111
10 0 4 22 227 -1
10 1 2 70 122 -1
10 1 2 71 122 0.975184
10 1 2 72 122 -1
10 1 3 70 168 0.989441
10 1 3 70 169 -1
10 1 3 71 168 -1
10 1 3 71 169 0.857209
10 1 3 72 168 -1
10 1 3 72 169 0.560326
10 1 4 70 226 -1
10 1 4 70 227 0.828234
10 1 4 71 226 -1
10 1 4 71 227 -1
10 1 4 72 226 0.977986
10 1 4 72 227 -1
10 2 3 122 168 0.0179245
10 2 3 122 169 0.962726
10 2 4 122 226 0.466011
10 2 4 122 227 -1
10 3 4 168 226 0.49467
10 3 4 168 227 0.301981
10 3 4 169 226 0.194542
10 3 4 169 227 0.508293
11 0 1 23 73 0.575615
11 0 1 23 74 0.424385
11 0 1 24 73 -1
11 0 1 24 74 -1
11 0 2 23 123 0.937293
11 0 2 23 124 0.0158891
11 0 2 23 125 -1
11 0 2 24 123 -1
11 0 2 24 124 0.950934
11 0 2 24 125 -1
11 0 3 23 170 0.924739
11 0 3 23 171 0.243567
11 0 3 23 172 -1
11 0 3 24 170 -1
11 0 3 24 171 0.756433
11 0 3 24 172 -1
11 0 4 23 228 0.296619
11 0 4 23 229 0.703381
11 0 4 24 228 -1
11 0 4 24 229 -1
11 1 2 73 123 0.982228
11 1 2 73 124 -1
11 1 2 73 125 -1
11 1 2 74 123 -1
11 1 2 74 124 -1
11 1 2 74 125 0.98072
11 1 3 73 170 0.955753
11 1 3 73 171 0.921299
11 1 3 73 172 -1
11 1 3 74 170 -1
11 1 3 74 171 -1
11 1 3 74 172 0.752977
11 1 4 73 228 0.229794
11 1 4 73 229 0.761916
11 1 4 74 228 0.707761
11 1 4 74 229 -1
11 2 3 123 170 0.976947
11 2 3 123 171 -1
11 2 3 123 172 -1
11 2 3 124 170 -1
11 2 3 124 171 0.893754
11 2 3 124 172 -1
11 2 3 125 170 -1
11 2 3 125 171 -1
11 2 3 125 172 0.84255
11 2 4 123 228 -1
11 2 4 123 229 0.95829
11 2 4 124 228 -1
11 2 4 124 229 -1
11 2 4 125 228 -1
11 2 4 125 229 -1
11 3 4 170 228 0.201346
11 3 4 170 229 0.204649
11 3 4 171 228 0.245473
11 3 4 171 229 0.161934
11 3 4 172 228 0.158131
11 3 4 172 229 0.246479
12 0 1 25 75 0.269231
12 0 1 25 76 0.44135
12 0 1 25 77 0.0350201
12 0 1 26 75 0.201838
12 0 1 26 76 0.424451
12 0 1 26 77 0.135616
12 0 1 27 75 0.0432813
12 0 1 27 76 -1
12 0 1 27 77 0.622661
12 0 2 25 126 0.825672
12 0 2 25 127 -1
12 0 2 25 128 -1
12 0 2 26 126 -1
12 0 2 26 127 0.202221
12 0 2 26 128 0.957802
12 0 2 27 126 -1
12 0 2 27 127 0.949546
12 0 2 27 128 -1
12 0 3 25 173 -1
12 0 3 25 174 -1
12 0 3 26 173 0.11654
12 0 3 26 174 0.88346
12 0 3 27 173 0.84049
12 0 3 27 174 -1
12 0 4 25 230 0.311551
12 0 4 25 231 0.333062
12 0 4 26 230 0.845453
12 0 4 26 231 0.0747676
12 0 4 27 230 -1
12 0 4 27 231 0.466672
12 1 2 75 126 0.884296
12 1 2 75 127 0.949388
12 1 2 75 128 -1
12 1 2 76 126 -1
12 1 2 76 127 -1
12 1 2 76 128 0.473627
12 1 2 77 126 0.697416
12 1 2 77 127 0.937045
12 1 2 77 128 -1
12 1 3 75 173 0.219753
12 1 3 75 174 -1
12 1 3 76 173 0.183141
12 1 3 76 174 0.6561
12 1 3 77 173 0.387725
12 1 3 77 174 0.271935
12 1 4 75 230 -1
12 1 4 75 231 0.851879
12 1 4 76 230 0.961853
12 1 4 76 231 -1
12 1 4 77 230 -1
12 1 4 77 231 0.623478
12 2 3 126 173 -1
12 2 3 126 174 -1
12 2 3 127 173 0.881474
12 2 3 127 174 -1
12 2 3 128 173 0.0698362
12 2 3 128 174 0.930164
12 2 4 126 230 -1
12 2 4 126 231 0.96919
12 2 4 127 230 -1
12 2 4 127 231 0.209887
12 2 4 128 230 0.899774
12 2 4 128 231 -1
12 3 4 173 230 0.294475
12 3 4 173 231 0.603984
12 3 4 174 230 0.625987
12 3 4 174 231 0.23288
13 0 1 28 78 0.951504
13 0 1 28 79 0.752274
13 0 1 28 80 -1
13 0 1 29 78 -1
13 0 1 29 79 -1
13 0 1 29 80 0.929104
13 0 2 28 129 -1
13 0 2 29 129 0.759072
13 0 3 28 175 -1
13 0 3 28 176 0.953582
13 0 3 28 177 -1
13 0 3 29 175 0.812996
13 0 3 29 176 -1
13 0 3 29 177 -1
13 0 4 28 232 -1
13 0 4 28 233 -1
13 0 4 28 234 0.439289
13 0 4 28 235 0.806644
13 0 4 29 232 -1
13 0 4 29 233 -1
13 0 4 29 234 0.560711
13 0 4 29 235 0.193356
13 1 2 78 129 0.377117
13 1 2 79 129 -1
13 1 2 80 129 0.659696
13 1 3 78 175 0.705813
13 1 3 78 176 0.922031
13 1 3 78 177 -1
13 1 3 79 175 -1
13 1 3 79 176 -1
13 1 3 79 177 0.772757
13 1 3 80 175 0.711281
13 1 3 80 176 0.968826
13 1 3 80 177 -1
13 1 4 78 232 -1
13 1 4 78 233 -1
13 1 4 78 234 -1
13 1 4 78 235 0.852731
13 1 4 79 232 0.173132
13 1 4 79 233 0.803655
13 1 4 79 234 -1
13 1 4 79 235 -1
13 1 4 80 232 -1
13 1 4 80 233 -1
13 1 4 80 234 0.960775
13 1 4 80 235 -1
13 2 3 129 175 0.967644
13 2 3 129 176 -1
13 2 3 129 177 -1
13 2 4 129 232 -1
13 2 4 129 233 -1
13 2 4 129 234 0.73403
13 2 4 129 235 -1
13 3 4 175 232 0.678927
13 3 4 175 233 -1
13 3 4 175 234 0.827727
13 3 4 175 235 -1
13 3 4 176 232 -1
13 3 4 176 233 0.17714
13 3 4 176 234 -1
13 3 4 176 235 0.945316
13 3 4 177 232 -1
13 3 4 177 233 0.783866
13 3 4 177 234 -1
13 3 4 177 235 -1
14 0 1 30 81 0.466665
14 0 1 30 82 0.756045
14 0 1 30 83 -1
14 0 1 31 81 0.914545
14 0 1 31 82 -1
14 0 1 31 83 -1
14 0 1 32 81 -1
14 0 1 32 82 -1
14 0 1 32 83 0.252057
14 0 2 30 130 0.738253
14 0 2 31 130 -1
14 0 2 32 130 0.508411
14 0 3 30 178 -1
14 0 3 30 179 -1
14 0 3 30 180 0.878979
14 0 3 31 178 -1
14 0 3 31 179 0.865657
14 0 3 31 180 -1
14 0 3 32 178 0.468362
14 0 3 32 179 -1
14 0 3 32 180 -1
14 0 4 30 236 -1
14 0 4 30 237 0.497229
14 0 4 30 238 -1
14 0 4 30 239 -1
14 0 4 31 236 -1
14 0 4 31 237 -1
14 0 4 31 238 -1
14 0 4 31 239 0.920209
14 0 4 32 236 -1
14 0 4 32 237 -1
14 0 4 32 238 -1
14 0 4 32 239 -1
14 1 2 81 130 0.948619
14 1 2 82 130 -1
14 1 2 83 130 0.998164
14 1 3 81 178 0.0109671
14 1 3 81 179 0.820043
14 1 3 81 180 -1
14 1 3 82 178 -1
14 1 3 82 179 -1
14 1 3 82 180 0.955518
14 1 3 83 178 0.843063
14 1 3 83 179 -1
14 1 3 83 180 -1
14 1 4 81 236 -1
14 1 4 81 237 -1
14 1 4 81 238 -1
14 1 4 81 239 0.967674
14 1 4 82 236 0.700018
14 1 4 82 237 0.835393
14 1 4 82 238 -1
14 1 4 82 239 -1
14 1 4 83 236 -1
14 1 4 83 237 -1
14 1 4 83 238 0.516529
14 1 4 83 239 -1
14 2 3 130 178 0.797412
14 2 3 130 179 -1
14 2 3 130 180 -1
14 2 4 130 236 -1
14 2 4 130 237 -1
14 2 4 130 238 0.314443
14 2 4 130 239 -1
14 3 4 178 236 0.874305
14 3 4 178 237 -1
14 3 4 178 238 0.228007
14 3 4 178 239 -1
14 3 4 179 236 -1
14 3 4 179 237 0.723592
14 3 4 179 238 -1
14 3 4 179 239 0.926076
14 3 4 180 236 -1
14 3 4 180 237 0.762497
14 3 4 180 238 -1
14 3 4 180 239 0.670277
15 0 1 33 84 -1
15 0 1 33 85 -1
15 0 2 33 131 -1
15 0 2 33 132 0.792062
15 0 2 33 133 -1
15 0 3 33 181 -1
15 0 3 33 182 0.816385
15 0 3 33 183 -1
15 0 4 33 240 0.0579987
15 1 2 84 131 0.963439
15 1 2 84 132 -1
15 1 2 84 133 -1
15 1 2 85 131 -1
15 1 2 85 132 -1
15 1 2 85 133 0.807785
15 1 3 84 181 0.990852
15 1 3 84 182 0.566235
15 1 3 84 183 -1
15 1 3 85 181 -1
15 1 3 85 182 -1
15 1 3 85 183 0.74551
15 1 4 84 240 0.982084
15 1 4 85 240 -1
15 2 3 131 181 0.939326
15 2 3 131 182 -1
15 2 3 131 183 -1
15 2 3 132 181 -1
15 2 3 132 182 0.994325
15 2 3 132 183 -1
15 2 3 133 181 -1
15 2 3 133 182 -1
15 2 3 133 183 0.930971
15 2 4 131 240 0.936626
15 2 4 132 240 -1
15 2 4 133 240 -1
15 3 4 181 240 0.601008
15 3 4 182 240 0.378324
15 3 4 183 240 0.020668
16 0 1 34 86 0.919879
16 0 1 34 87 0.739574
16 0 1 34 88 -1
16 0 1 35 86 0.445882
16 0 1 35 87 0.138007
16 0 1 35 88 0.24521
16 0 1 36 86 -1
16 0 1 36 87 -1
16 0 1 36 88 0.790669
16 0 2 34 134 0.96449
16 0 2 34 135 -1
16 0 2 34 136 -1
16 0 2 35 134 -1
16 0 2 35 135 0.196163
16 0 2 35 136 0.8428
16 0 2 36 134 -1
16 0 2 36 135 0.68744
16 0 2 36 136 -1
16 0 3 34 184 -1
16 0 3 34 185 -1
16 0 3 35 184 -1
16 0 3 35 185 0.841819
16 0 3 36 184 0.739811
16 0 3 36 185 -1
16 0 4 34 241 0.838898
16 0 4 35 241 -1
16 0 4 36 241 0.985983
16 1 2 86 134 0.956019
16 1 2 86 135 0.615495
16 1 2 86 136 -1
16 1 2 87 134 -1
16 1 2 87 135 -1
16 1 2 87 136 -1
16 1 2 88 134 0.12188
16 1 2 88 135 0.757176
16 1 2 88 136 -1
16 1 3 86 184 -1
16 1 3 86 185 -1
16 1 3 87 184 0.694961
16 1 3 87 185 -1
16 1 3 88 184 0.842777
16 1 3 88 185 -1
16 1 4 86 241 0.672445
16 1 4 87 241 -1
16 1 4 88 241 0.670604
16 2 3 134 184 -1
16 2 3 134 185 -1
16 2 3 135 184 0.964547
16 2 3 135 185 -1
16 2 3 136 184 -1
16 2 3 136 185 0.86633
16 2 4 134 241 0.714254
16 2 4 135 241 0.960374
16 2 4 136 241 -1
16 3 4 184 241 0.854838
16 3 4 185 241 -1
17 0 1 37 89 0.320172
17 0 1 37 90 0.975251
17 0 1 37 91 -1
17 0 1 38 89 0.679828
17 0 1 38 90 -1
17 0 1 38 91 -1
17 0 2 37 137 0.385294
17 0 2 38 137 -1
17 0 3 37 186 -1
17 0 3 37 187 -1
17 0 3 37 188 0.841054
17 0 3 38 186 -1
17 0 3 38 187 0.866033
17 0 3 38 188 -1
17 0 4 37 242 -1
17 0 4 37 243 0.813889
17 0 4 37 244 -1
17 0 4 37 245 -1
17 0 4 38 242 -1
17 0 4 38 243 -1
17 0 4 38 244 0.0417918
17 0 4 38 245 0.861883
17 1 2 89 137 0.509065
17 1 2 90 137 -1
17 1 2 91 137 0.902936
17 1 3 89 186 -1
17 1 3 89 187 0.962064
17 1 3 89 188 -1
17 1 3 90 186 -1
17 1 3 90 187 -1
17 1 3 90 188 0.935463
17 1 3 91 186 0.91973
17 1 3 91 187 -1
17 1 3 91 188 -1
17 1 4 89 242 -1
17 1 4 89 243 -1
17 1 4 89 244 0.0794616
17 1 4 89 245 0.836771
17 1 4 90 242 0.540438
17 1 4 90 243 0.888472
17 1 4 90 244 -1
17 1 4 90 245 -1
17 1 4 91 242 -1
17 1 4 91 243 -1
17 1 4 91 244 0.450352
17 1 4 91 245 0.25625
17 2 3 137 186 0.866601
17 2 3 137 187 -1
17 2 3 137 188 -1
17 2 4 137 242 -1
17 2 4 137 243 -1
17 2 4 137 244 0.96104
17 2 4 137 245 -1
17 3 4 186 242 0.404992
17 3 4 186 243 -1
17 3 4 186 244 0.651764
17 3 4 186 245 -1
17 3 4 187 242 -1
17 3 4 187 243 0.794088
17 3 4 187 244 -1
17 3 4 187 245 0.523695
17 3 4 188 242 -1
17 3 4 188 243 0.693937
17 3 4 188 244 -1
17 3 4 188 245 0.788392
18 0 1 39 92 0.504009
18 0 1 39 93 -1
18 0 1 39 94 0.333629
18 0 1 40 92 0.495991
18 0 1 40 93 -1
18 0 1 40 94 0.666371
18 0 2 39 138 -1
18 0 2 40 138 -1
18 0 3 39 189 -1
18 0 3 39 190 0.792723
18 0 3 39 191 -1
18 0 3 40 189 -1
18 0 3 40 190 -1
18 0 3 40 191 0.2196
18 0 4 39 246 -1
18 0 4 39 247 -1
18 0 4 39 248 0.990778
18 0 4 40 246 -1
18 0 4 40 247 0.818714
18 0 4 40 248 -1
18 1 2 92 138 0.407668
18 1 2 93 138 0.961553
18 1 2 94 138 -1
18 1 3 92 189 0.693354
18 1 3 92 190 0.87242
18 1 3 92 191 -1
18 1 3 93 189 0.795743
18 1 3 93 190 0.974966
18 1 3 93 191 -1
18 1 3 94 189 -1
18 1 3 94 190 -1
18 1 3 94 191 0.787015
18 1 4 92 246 -1
18 1 4 92 247 -1
18 1 4 92 248 0.798268
18 1 4 93 246 -1
18 1 4 93 247 -1
18 1 4 93 248 -1
18 1 4 94 246 0.114227
18 1 4 94 247 0.992212
18 1 4 94 248 -1
18 2 3 138 189 0.874338
18 2 3 138 190 -1
18 2 3 138 191 -1
18 2 4 138 246 -1
18 2 4 138 247 -1
18 2 4 138 248 -1
18 3 4 189 246 0.383525
18 3 4 189 247 -1
18 3 4 189 248 -1
18 3 4 190 246 -1
18 3 4 190 247 0.0376521
18 3 4 190 248 0.897863
18 3 4 191 246 -1
18 3 4 191 247 0.976869
18 3 4 191 248 -1
end of Frame 166
