J OverallIdx viewIdx joint种类0-18(jointIdx) 该joint在图中的顺序(candidix) x y score
0 0 0 0 689.879 402.735 0.631422
1 0 0 1 246.834 419.633 0.616635
2 0 1 0 720.755 196.198 0.773943
3 0 1 1 238.443 208.738 0.84328
4 0 2 0 706.724 400.644 0.586023
5 0 2 1 277.669 423.854 0.613925
6 0 3 0 681.341 404.892 0.618592
7 0 3 1 215.97 415.414 0.600359
8 0 5 0 734.822 200.3 0.673288
9 0 5 1 280.298 204.561 0.832377
10 0 6 0 703.871 194.11 0.847692
11 0 6 1 207.533 210.8 0.820784
12 0 7 0 706.571 550.373 0.705801
13 0 7 1 283.343 590.44 0.640478
14 0 8 0 681.498 562.997 0.736316
15 0 8 1 235.573 579.927 0.679252
16 0 9 0 300.076 134.995 0.805833
17 0 10 0 238.343 128.648 0.480431
18 0 10 1 684.415 126.565 0.872865
19 0 11 0 762.747 282.556 0.321559
20 0 11 1 269.211 305.782 0.801541
21 0 12 0 706.675 280.548 0.879137
22 0 12 1 187.782 331.121 0.633903
23 0 13 0 715.163 697.95 0.648385
24 0 13 1 252.371 735.993 0.624303
25 0 14 0 692.715 717.008 0.723822
26 0 14 1 229.943 735.913 0.44606
27 0 15 0 322.397 394.24 0.835842
28 0 16 0 650.623 345.903 0.82534
29 0 16 1 224.323 375.361 0.154104
30 0 17 0 614.176 733.805 0.791607
31 0 18 0 661.753 683.106 0.301603
32 0 18 1 311.316 735.963 0.587345
33 1 0 0 695.447 379.551 0.770742
34 1 0 1 572.061 396.464 0.769795
35 1 1 0 558.089 236.134 0.833168
36 1 1 1 720.708 244.61 0.833832
37 1 2 0 681.439 379.515 0.770222
38 1 2 1 602.901 396.41 0.694368
39 1 3 0 709.471 379.608 0.819293
40 1 3 1 541.186 396.493 0.687645
41 1 4 0 684.365 191.902 0.915872
42 1 5 0 614.114 229.823 0.895762
43 1 5 1 703.896 244.565 0.804925
44 1 6 0 504.928 242.432 0.891104
45 1 6 1 734.723 244.636 0.888855
46 1 6 2 30.8545 286.813 0.817968
47 1 7 0 687.008 480.789 0.826708
48 1 7 1 614.17 529.207 0.79491
49 1 8 0 28.0592 457.593 0.755591
50 1 8 1 709.492 480.821 0.856054
51 1 8 2 549.57 531.35 0.824038
52 1 9 0 577.711 177.195 0.839615
53 1 10 0 527.12 179.289 0.943603
54 1 10 1 717.944 193.981 0.896169
55 1 11 0 658.901 312.106 0.954159
56 1 12 0 774.166 297.277 0.939868
57 1 12 1 47.6266 333.215 0.780509
58 1 12 2 501.864 333.215 0.839294
59 1 13 0 706.528 567.281 0.835098
60 1 13 1 622.551 660.033 0.76851
61 1 14 0 27.9901 516.6 0.609483
62 1 14 1 729.204 581.916 0.849335
63 1 14 2 555.26 655.843 0.76724
64 1 15 0 633.835 375.343 0.803998
65 1 16 0 726.249 333.172 0.904207
66 1 16 1 55.9744 379.688 0.877208
67 1 16 2 524.392 390.082 0.760768
68 1 17 0 695.523 601.038 0.755168
69 1 17 1 555.297 651.589 0.44289
70 1 18 0 661.868 582.012 0.962195
71 1 18 1 630.958 653.67 0.487784
72 2 0 0 516.049 223.528 0.752194
73 2 0 1 661.912 411.137 0.761649
74 2 1 0 530.136 80.1282 0.876973
75 2 1 1 673.074 250.899 0.786172
76 2 2 0 485.196 221.394 0.777055
77 2 2 1 687.054 400.694 0.712193
78 2 3 0 546.857 225.613 0.792458
79 2 3 1 639.354 413.333 0.745094
80 2 4 0 507.536 23.1427 0.912861
81 2 4 1 597.318 191.927 0.859559
82 2 5 0 485.187 75.8667 0.908503
83 2 5 1 706.796 227.765 0.888275
84 2 6 0 577.753 90.6112 0.838146
85 2 6 1 636.608 274.141 0.817319
86 2 7 0 485.271 314.235 0.853924
87 2 7 1 670.228 499.811 0.780568
88 2 8 0 546.83 316.344 0.80706
89 2 8 1 633.732 512.407 0.805172
90 2 10 0 552.449 25.3528 0.944129
91 2 10 1 639.326 193.963 0.951697
92 2 11 0 440.321 109.779 0.952143
93 2 11 1 748.823 309.946 0.909667
94 2 12 0 611.387 143.461 0.793947
95 2 12 1 617.074 381.667 0.889456
96 2 13 0 493.587 390.062 0.817256
97 2 13 1 684.388 598.887 0.868242
98 2 14 0 549.638 398.518 0.882184
99 2 14 1 628.171 603.126 0.783608
100 2 15 0 462.826 164.496 0.892723
101 2 15 1 687.02 341.606 0.701214
102 2 15 2 39.3318 495.557 0.162308
103 2 16 0 574.942 193.975 0.978861
104 2 16 1 583.279 409.097 0.710138
105 2 16 2 42.026 491.307 0.207266
106 2 17 0 546.83 434.373 0.717112
107 2 17 1 594.51 579.868 0.801927
108 2 18 0 462.817 415.484 0.767824
109 2 18 1 675.801 594.674 0.264887
110 3 0 0 291.618 343.676 0.767416
111 3 0 1 597.263 347.972 0.687341
112 3 1 0 272.007 193.935 0.895495
113 3 1 1 600.129 194.11 0.786132
114 3 2 0 258.026 345.757 0.826666
115 3 2 1 583.359 345.892 0.606816
116 3 3 0 325.261 341.574 0.787894
117 3 3 1 611.334 352.139 0.683659
118 3 4 0 258.115 124.394 0.951003
119 3 4 1 549.62 143.485 0.93611
120 3 5 0 586.112 193.893 0.704024
121 3 5 1 218.821 196.083 0.851594
122 3 6 0 319.718 189.8 0.840553
123 3 6 1 617.086 198.287 0.853924
124 3 7 0 263.586 463.863 0.80738
125 3 7 1 594.484 468.188 0.757188
126 3 8 0 325.437 457.562 0.814006
127 3 8 1 614.119 476.514 0.747705
128 3 9 0 238.308 126.605 0.513503
129 3 10 0 288.888 124.314 0.818589
130 3 10 1 597.298 134.961 0.870962
131 3 11 0 165.516 253.026 0.880088
132 3 12 0 353.417 242.392 0.875888
133 3 12 1 639.349 295.19 0.910425
134 3 13 0 274.789 560.935 0.796582
135 3 13 1 633.787 565.182 0.724163
136 3 14 0 331.01 548.365 0.832074
137 3 14 1 636.519 584.202 0.768501
138 3 15 0 215.977 297.39 0.911404
139 3 16 0 350.555 282.56 0.888903
140 3 16 1 594.507 360.496 0.821554
141 3 17 0 373.029 573.557 0.831317
142 3 17 1 572.11 603.11 0.762514
143 3 18 0 586.094 575.659 0.59462
144 3 18 1 280.535 594.651 0.838703
145 4 0 0 661.951 288.857 0.785386
146 4 0 1 431.894 328.913 0.512724
147 4 1 0 392.508 115.993 0.584321
148 4 1 1 684.159 139.212 0.92875
149 4 2 0 636.58 282.577 0.762222
150 4 2 1 420.682 331.051 0.584924
151 4 3 0 692.658 291.022 0.719089
152 4 3 1 440.274 326.852 0.403
153 4 4 0 437.311 35.8531 0.411726
154 4 4 1 703.87 88.5594 0.896147
155 4 5 0 373.057 122.281 0.773344
156 4 5 1 636.551 130.769 0.859717
157 4 6 0 409.434 111.784 0.492552
158 4 6 1 729.185 143.319 0.918809
159 4 7 0 628.199 398.497 0.800986
160 4 7 1 417.943 499.766 0.606114
161 4 8 0 684.434 409.086 0.84934
162 4 8 1 423.487 491.331 0.337436
163 4 9 0 372.906 44.3471 0.885672
164 4 9 1 661.93 75.8416 0.941119
165 4 11 0 600.092 198.202 0.861189
166 4 11 1 370.034 219.303 0.852106
167 4 12 0 737.594 219.3 0.814457
168 4 13 0 622.532 493.453 0.846962
169 4 13 1 409.481 647.303 0.765392
170 4 14 0 678.622 503.971 0.797413
171 4 14 1 412.288 596.711 0.566968
172 4 15 0 611.281 257.268 0.848321
173 4 15 1 417.814 280.425 0.897706
174 4 16 0 709.637 280.54 0.844723
175 4 17 0 661.748 533.501 0.866407
176 4 17 1 462.693 598.855 0.718857
177 4 18 0 602.95 518.757 0.82413
178 4 18 1 482.395 657.889 0.780748
P viewIdx, pafIdx, aOverAllIdx, bOverAllIdx, CandidAIdx, CandidBIdx, score
0 0 2 0 0 0 0.951471
0 0 2 1 0 1 0
0 0 3 0 1 0 0
0 0 3 1 1 1 0.978038
0 1 4 12 0 0 0.971539
0 1 4 13 0 1 0
0 1 5 12 1 0 0
0 1 5 13 1 1 0.961045
0 2 12 23 0 0 0.970043
0 2 12 24 0 1 0
0 2 13 23 1 0 0
0 2 13 24 1 1 0.962709
0 3 0 4 0 0 0.876311
0 3 0 5 0 1 0
0 3 1 4 1 0 0
0 3 1 5 1 1 0.909287
0 4 0 6 0 0 0.870248
0 4 0 7 0 1 0
0 4 1 6 1 0 0
0 4 1 7 1 1 0.908484
0 5 6 14 0 0 0.986609
0 5 6 15 0 1 0
0 5 7 14 1 0 0
0 5 7 15 1 1 0.95976
0 6 14 25 0 0 0.986079
0 6 14 26 0 1 0
0 6 15 25 1 0 0
0 6 15 26 1 1 0.973027
0 7 2 8 0 0 0.959352
0 7 2 9 0 1 0
0 7 3 8 1 0 0
0 7 3 9 1 1 0.987044
0 8 8 19 0 0 0.847375
0 8 8 20 0 1 0
0 8 9 19 1 0 0
0 8 9 20 1 1 0.977188
0 9 19 27 0 0 0
0 9 20 27 1 0 0.999147
0 10 8 16 0 0 0
0 10 9 16 1 0 0.974177
0 11 2 10 0 0 0.969657
0 11 2 11 0 1 0
0 11 3 10 1 0 0
0 11 3 11 1 1 0.986498
0 12 10 21 0 0 0.98948
0 12 10 22 0 1 0
0 12 11 21 1 0 0
0 12 11 22 1 1 0.973162
0 13 21 28 0 0 0.952243
0 13 21 29 0 1 0
0 13 22 28 1 0 0
0 13 22 29 1 1 0.814953
0 14 10 17 0 0 0
0 14 10 18 0 1 0.990151
0 14 11 17 1 0 0.842591
0 14 11 18 1 1 0
0 16 25 30 0 0 0.947495
0 16 26 30 1 0 0
0 17 23 31 0 0 0.703658
0 17 23 32 0 1 0
0 17 24 31 1 0 0
0 17 24 32 1 1 0.898449
1 0 35 33 0 0 0
1 0 35 34 0 1 0.978107
1 0 36 33 1 0 0.972187
1 0 36 34 1 1 0
1 1 37 47 0 0 0.990321
1 1 37 48 0 1 0
1 1 38 47 1 0 0
1 1 38 48 1 1 0.970081
1 2 47 59 0 0 0.990141
1 2 47 60 0 1 0
1 2 48 59 1 0 0
1 2 48 60 1 1 0.99692
1 3 33 37 0 0 0.961047
1 3 33 38 0 1 0
1 3 34 37 1 0 0
1 3 34 38 1 1 0.931727
1 4 33 39 0 0 0.967325
1 4 33 40 0 1 0
1 4 34 39 1 0 0
1 4 34 40 1 1 0.932427
1 5 39 49 0 0 0
1 5 39 50 0 1 0.99971
1 5 39 51 0 2 0
1 5 40 49 1 0 0
1 5 40 50 1 1 0
1 5 40 51 1 2 0.986464
1 6 49 61 0 0 0.96697
1 6 49 62 0 1 0
1 6 49 63 0 2 0
1 6 50 61 1 0 0
1 6 50 62 1 1 0.986996
1 6 50 63 1 2 0
1 6 51 61 2 0 0
1 6 51 62 2 1 0
1 6 51 63 2 2 0.996184
1 7 35 42 0 0 0.996984
1 7 35 43 0 1 0
1 7 36 42 1 0 0
1 7 36 43 1 1 0.989374
1 8 42 55 0 0 0.98711
1 8 43 55 1 0 0
1 9 55 64 0 0 0.997806
1 10 42 52 0 0 0.996947
1 10 43 52 1 0 0
1 11 35 44 0 0 0.985171
1 11 35 45 0 1 0
1 11 35 46 0 2 0
1 11 36 44 1 0 0
1 11 36 45 1 1 0.988613
1 11 36 46 1 2 0
1 12 44 56 0 0 0
1 12 44 57 0 1 0
1 12 44 58 0 2 0.993437
1 12 45 56 1 0 0.993568
1 12 45 57 1 1 0
1 12 45 58 1 2 0
1 12 46 56 2 0 0
1 12 46 57 2 1 0.992208
1 12 46 58 2 2 0
1 13 56 65 0 0 0.983638
1 13 56 66 0 1 0
1 13 56 67 0 2 0
1 13 57 65 1 0 0
1 13 57 66 1 1 0.98837
1 13 57 67 1 2 0
1 13 58 65 2 0 0
1 13 58 66 2 1 0
1 13 58 67 2 2 0.995518
1 14 44 53 0 0 0.979496
1 14 44 54 0 1 0
1 14 45 53 1 0 0
1 14 45 54 1 1 0.994426
1 14 46 53 2 0 0
1 14 46 54 2 1 0
1 15 35 41 0 0 0
1 15 36 41 1 0 0.993937
1 16 61 68 0 0 0
1 16 61 69 0 1 0
1 16 62 68 1 0 0.947075
1 16 62 69 1 1 0
1 16 63 68 2 0 0
1 16 63 69 2 1 0.607425
1 17 59 70 0 0 0.983194
1 17 59 71 0 1 0
1 17 60 70 1 0 0
1 17 60 71 1 1 0.684255
2 0 74 72 0 0 0.97134
2 0 74 73 0 1 0
2 0 75 72 1 0 0
2 0 75 73 1 1 0.991056
2 1 76 86 0 0 0.999455
2 1 76 87 0 1 0
2 1 77 86 1 0 0
2 1 77 87 1 1 0.964025
2 2 86 96 0 0 0.998624
2 2 86 97 0 1 0
2 2 87 96 1 0 0
2 2 87 97 1 1 0.97174
2 3 72 76 0 0 0.969715
2 3 72 77 0 1 0
2 3 73 76 1 0 0
2 3 73 77 1 1 0.930595
2 4 72 78 0 0 0.974257
2 4 72 79 0 1 0
2 4 73 78 1 0 0
2 4 73 79 1 1 0.948739
2 5 78 88 0 0 0.994638
2 5 78 89 0 1 0
2 5 79 88 1 0 0
2 5 79 89 1 1 0.985914
2 6 88 98 0 0 0.997213
2 6 88 99 0 1 0
2 6 89 98 1 0 0
2 6 89 99 1 1 0.980068
2 7 74 82 0 0 0.991027
2 7 74 83 0 1 0
2 7 75 82 1 0 0
2 7 75 83 1 1 0.963863
2 8 82 92 0 0 0.977576
2 8 82 93 0 1 0
2 8 83 92 1 0 0
2 8 83 93 1 1 0.99472
2 9 92 100 0 0 0.99357
2 9 92 101 0 1 0
2 9 92 102 0 2 0
2 9 93 100 1 0 0
2 9 93 101 1 1 0.971964
2 9 93 102 1 2 0
2 11 74 84 0 0 0.994411
2 11 74 85 0 1 0
2 11 75 84 1 0 0
2 11 75 85 1 1 0.967421
2 12 84 94 0 0 0.996384
2 12 84 95 0 1 0
2 12 85 94 1 0 0
2 12 85 95 1 1 0.975289
2 13 94 103 0 0 0.95235
2 13 94 104 0 1 0
2 13 94 105 0 2 0
2 13 95 103 1 0 0
2 13 95 104 1 1 0.957455
2 13 95 105 1 2 0
2 14 84 90 0 0 0.99868
2 14 84 91 0 1 0
2 14 85 90 1 0 0
2 14 85 91 1 1 0.99432
2 15 74 80 0 0 0.994836
2 15 74 81 0 1 0
2 15 75 80 1 0 0
2 15 75 81 1 1 0.998805
2 16 98 106 0 0 0.946478
2 16 98 107 0 1 0
2 16 99 106 1 0 0
2 16 99 107 1 1 0.983214
2 17 96 108 0 0 0.950497
2 17 96 109 0 1 0
2 17 97 108 1 0 0
2 17 97 109 1 1 0.790377
3 0 112 110 0 0 0.998319
3 0 112 111 0 1 0
3 0 113 110 1 0 0
3 0 113 111 1 1 0.949772
3 1 114 124 0 0 0.996204
3 1 114 125 0 1 0
3 1 115 124 1 0 0
3 1 115 125 1 1 0.94918
3 2 124 134 0 0 0.997328
3 2 124 135 0 1 0
3 2 125 134 1 0 0
3 2 125 135 1 1 0.987111
3 3 110 114 0 0 0.964589
3 3 110 115 0 1 0
3 3 111 114 1 0 0
3 3 111 115 1 1 0.904424
3 4 110 116 0 0 0.962233
3 4 110 117 0 1 0
3 4 111 116 1 0 0
3 4 111 117 1 1 0.898848
3 5 116 126 0 0 0.998761
3 5 116 127 0 1 0
3 5 117 126 1 0 0
3 5 117 127 1 1 0.981703
3 6 126 136 0 0 0.998265
3 6 126 137 0 1 0
3 6 127 136 1 0 0
3 6 127 137 1 1 0.990162
3 7 112 120 0 0 0
3 7 112 121 0 1 0.991714
3 7 113 120 1 0 0.956466
3 7 113 121 1 1 0
3 8 120 131 0 0 0
3 8 121 131 1 0 0.972737
3 9 131 138 0 0 0.985221
3 10 120 128 0 0 0
3 10 121 128 1 0 0.872052
3 11 112 122 0 0 0.99653
3 11 112 123 0 1 0
3 11 113 122 1 0 0
3 11 113 123 1 1 0.977995
3 12 122 132 0 0 0.995114
3 12 122 133 0 1 0
3 12 123 132 1 0 0
3 12 123 133 1 1 0.986485
3 13 132 139 0 0 0.999748
3 13 132 140 0 1 0
3 13 133 139 1 0 0
3 13 133 140 1 1 0.980846
3 14 122 129 0 0 0.99514
3 14 122 130 0 1 0
3 14 123 129 1 0 0
3 14 123 130 1 1 0.992754
3 15 112 118 0 0 0.992095
3 15 112 119 0 1 0
3 15 113 118 1 0 0
3 15 113 119 1 1 0.996441
3 16 136 141 0 0 0.983266
3 16 136 142 0 1 0
3 16 137 141 1 0 0
3 16 137 142 1 1 0.961491
3 17 134 143 0 0 0
3 17 134 144 0 1 0.983739
3 17 135 143 1 0 0.927583
3 17 135 144 1 1 0
4 0 147 145 0 0 0
4 0 147 146 0 1 0.900726
4 0 148 145 1 0 0.982992
4 0 148 146 1 1 0
4 1 149 159 0 0 0.977755
4 1 149 160 0 1 0
4 1 150 159 1 0 0
4 1 150 160 1 1 0.928235
4 2 159 168 0 0 0.999104
4 2 159 169 0 1 0
4 2 160 168 1 0 0
4 2 160 169 1 1 0.967219
4 3 145 149 0 0 0.93904
4 3 145 150 0 1 0
4 3 146 149 1 0 0
4 3 146 150 1 1 0.804612
4 4 145 151 0 0 0.951976
4 4 145 152 0 1 0
4 4 146 151 1 0 0
4 4 146 152 1 1 0.799582
4 5 151 161 0 0 0.994471
4 5 151 162 0 1 0
4 5 152 161 1 0 0
4 5 152 162 1 1 0.847104
4 6 161 170 0 0 0.989455
4 6 161 171 0 1 0
4 6 162 170 1 0 0
4 6 162 171 1 1 0.890584
4 7 147 155 0 0 0.881068
4 7 147 156 0 1 0
4 7 148 155 1 0 0
4 7 148 156 1 1 0.99596
4 8 155 165 0 0 0
4 8 155 166 0 1 0.989832
4 8 156 165 1 0 0.968536
4 8 156 166 1 1 0
4 9 165 172 0 0 0.990775
4 9 165 173 0 1 0
4 9 166 172 1 0 0
4 9 166 173 1 1 0.991266
4 10 155 163 0 0 0.999377
4 10 155 164 0 1 0
4 10 156 163 1 0 0
4 10 156 164 1 1 0.978959
4 11 147 157 0 0 0.871834
4 11 147 158 0 1 0
4 11 148 157 1 0 0
4 11 148 158 1 1 0.999666
4 12 157 167 0 0 0
4 12 158 167 1 0 0.999943
4 13 167 174 0 0 0.950224
4 15 147 153 0 0 0.826242
4 15 147 154 0 1 0
4 15 148 153 1 0 0
4 15 148 154 1 1 0.999152
4 16 170 175 0 0 0.983038
4 16 170 176 0 1 0
4 16 171 175 1 0 0
4 16 171 176 1 1 0.919827
4 17 168 177 0 0 0.962565
4 17 168 178 0 1 0
4 17 169 177 1 0 0
4 17 169 178 1 1 0.98906
E jointIdx viewA viewB aOverAllIdx bOverallIdx score
0 0 1 0 33 0.298803
0 0 1 0 34 0.249615
0 0 1 1 33 0.252693
0 0 1 1 34 0.298246
0 0 2 0 72 0.960511
0 0 2 0 73 -1
0 0 2 1 72 -1
0 0 2 1 73 0.777225
0 0 3 0 110 0.900395
0 0 3 0 111 -1
0 0 3 1 110 -1
0 0 3 1 111 0.723206
0 0 4 0 145 -1
0 0 4 0 146 0.693903
0 0 4 1 145 0.830369
0 0 4 1 146 -1
0 1 2 33 72 0.901161
0 1 2 33 73 -1
0 1 2 34 72 -1
0 1 2 34 73 0.795474
0 1 3 33 110 0.79947
0 1 3 33 111 0.176093
0 1 3 34 110 -1
0 1 3 34 111 0.78373
0 1 4 33 145 -1
0 1 4 33 146 0.924599
0 1 4 34 145 0.944999
0 1 4 34 146 -1
0 2 3 72 110 0.859932
0 2 3 72 111 -1
0 2 3 73 110 -1
0 2 3 73 111 0.505029
0 2 4 72 145 -1
0 2 4 72 146 0.965875
0 2 4 73 145 0.921513
0 2 4 73 146 -1
0 3 4 110 145 0.290978
0 3 4 110 146 0.369899
0 3 4 111 145 0.377521
0 3 4 111 146 0.273782
1 0 1 2 35 0.269492
1 0 1 2 36 0.266036
1 0 1 3 35 0.266235
1 0 1 3 36 0.269562
1 0 2 2 74 0.739239
1 0 2 2 75 -1
1 0 2 3 74 -1
1 0 2 3 75 0.968015
1 0 3 2 112 0.344905
1 0 3 2 113 0.311821
1 0 3 3 112 0.306683
1 0 3 3 113 0.338962
1 0 4 2 147 0.895253
1 0 4 2 148 -1
1 0 4 3 147 -1
1 0 4 3 148 0.855618
1 1 2 35 74 -1
1 1 2 35 75 0.935515
1 1 2 36 74 0.856252
1 1 2 36 75 -1
1 1 3 35 112 0.279171
1 1 3 35 113 0.315511
1 1 3 36 112 0.319436
1 1 3 36 113 0.283872
1 1 4 35 147 -1
1 1 4 35 148 0.890173
1 1 4 36 147 0.818615
1 1 4 36 148 0.109827
1 2 3 74 112 0.79846
1 2 3 74 113 -1
1 2 3 75 112 -1
1 2 3 75 113 0.919534
1 2 4 74 147 0.83407
1 2 4 74 148 -1
1 2 4 75 147 -1
1 2 4 75 148 0.769868
1 3 4 112 147 0.456544
1 3 4 112 148 0.328467
1 3 4 113 147 0.176279
1 3 4 113 148 0.49786
2 0 1 4 37 0.339595
2 0 1 4 38 0.244747
2 0 1 5 37 0.252417
2 0 1 5 38 0.33928
2 0 2 4 76 0.812563
2 0 2 4 77 -1
2 0 2 5 76 -1
2 0 2 5 77 0.62841
2 0 3 4 114 0.945646
2 0 3 4 115 -1
2 0 3 5 114 -1
2 0 3 5 115 0.74783
2 0 4 4 149 -1
2 0 4 4 150 0.653253
2 0 4 5 149 0.972429
2 0 4 5 150 -1
2 1 2 37 76 0.978161
2 1 2 37 77 -1
2 1 2 38 76 -1
2 1 2 38 77 0.800816
2 1 3 37 114 0.701514
2 1 3 37 115 0.226069
2 1 3 38 114 0.0727894
2 1 3 38 115 0.702256
2 1 4 37 149 -1
2 1 4 37 150 0.668437
2 1 4 38 149 0.955148
2 1 4 38 150 -1
2 2 3 76 114 0.997935
2 2 3 76 115 -1
2 2 3 77 114 -1
2 2 3 77 115 0.365815
2 2 4 76 149 -1
2 2 4 76 150 0.690754
2 2 4 77 149 0.864886
2 2 4 77 150 -1
2 3 4 114 149 0.259568
2 3 4 114 150 0.462729
2 3 4 115 149 0.438442
2 3 4 115 150 0.249934
3 0 1 6 39 0.263946
3 0 1 6 40 0.254433
3 0 1 7 39 0.254786
3 0 1 7 40 0.263916
3 0 2 6 78 0.97118
3 0 2 6 79 -1
3 0 2 7 78 -1
3 0 2 7 79 0.906109
3 0 3 6 116 0.804204
3 0 3 6 117 -1
3 0 3 7 116 -1
3 0 3 7 117 0.710725
3 0 4 6 151 -1
3 0 4 6 152 0.649615
3 0 4 7 151 0.751186
3 0 4 7 152 -1
3 1 2 39 78 0.817011
3 1 2 39 79 -1
3 1 2 40 78 -1
3 1 2 40 79 0.979461
3 1 3 39 116 0.937463
3 1 3 39 117 0.0591211
3 1 3 40 116 -1
3 1 3 40 117 0.889146
3 1 4 39 151 -1
3 1 4 39 152 0.850736
3 1 4 40 151 0.915983
3 1 4 40 152 -1
3 2 3 78 116 0.701512
3 2 3 78 117 -1
3 2 3 79 116 -1
3 2 3 79 117 0.820391
3 2 4 78 151 -1
3 2 4 78 152 0.649589
3 2 4 79 151 0.848368
3 2 4 79 152 -1
3 3 4 116 151 0.29445
3 3 4 116 152 0.310289
3 3 4 117 151 0.313322
3 3 4 117 152 0.290258
4 1 2 41 80 0.983092
4 1 2 41 81 -1
4 1 3 41 118 0.492127
4 1 3 41 119 0.507873
4 1 4 41 153 0.980376
4 1 4 41 154 -1
4 2 3 80 118 0.891181
4 2 3 80 119 -1
4 2 3 81 118 -1
4 2 3 81 119 0.885735
4 2 4 80 153 0.964052
4 2 4 80 154 -1
4 2 4 81 153 -1
4 2 4 81 154 0.997537
4 3 4 118 153 0.760821
4 3 4 118 154 0.198889
4 3 4 119 153 -1
4 3 4 119 154 0.762102
5 0 1 8 42 0.265997
5 0 1 8 43 0.322974
5 0 1 9 42 0.324473
5 0 1 9 43 0.272166
5 0 2 8 82 0.613494
5 0 2 8 83 -1
5 0 2 9 82 -1
5 0 2 9 83 0.911223
5 0 3 8 120 0.323578
5 0 3 8 121 0.389819
5 0 3 9 120 0.377218
5 0 3 9 121 0.306742
5 0 4 8 155 0.904075
5 0 4 8 156 -1
5 0 4 9 155 -1
5 0 4 9 156 0.95895
5 1 2 42 82 0.278657
5 1 2 42 83 0.581195
5 1 2 43 82 0.608428
5 1 2 43 83 0.183299
5 1 3 42 120 0.404309
5 1 3 42 121 0.288595
5 1 3 43 120 0.327462
5 1 3 43 121 0.412198
5 1 4 42 155 0.020563
5 1 4 42 156 0.80053
5 1 4 43 155 0.802387
5 1 4 43 156 0.166888
5 2 3 82 120 -1
5 2 3 82 121 0.935235
5 2 3 83 120 0.996496
5 2 3 83 121 -1
5 2 4 82 155 0.711974
5 2 4 82 156 -1
5 2 4 83 155 -1
5 2 4 83 156 0.86569
5 3 4 120 155 0.259177
5 3 4 120 156 0.39222
5 3 4 121 155 0.403503
5 3 4 121 156 0.306646
6 0 1 10 44 0.414933
6 0 1 10 45 0.471772
6 0 1 10 46 -1
6 0 1 11 44 0.585067
6 0 1 11 45 0.528228
6 0 1 11 46 -1
6 0 2 10 84 0.779206
6 0 2 10 85 -1
6 0 2 11 84 -1
6 0 2 11 85 0.914294
6 0 3 10 122 0.300703
6 0 3 10 123 0.298221
6 0 3 11 122 0.29781
6 0 3 11 123 0.300529
6 0 4 10 157 0.928421
6 0 4 10 158 -1
6 0 4 11 157 -1
6 0 4 11 158 0.7375
6 1 2 44 84 -1
6 1 2 44 85 0.868089
6 1 2 45 84 0.992109
6 1 2 45 85 -1
6 1 2 46 84 -1
6 1 2 46 85 -1
6 1 3 44 122 0.514417
6 1 3 44 123 0.485583
6 1 3 45 122 0.485503
6 1 3 45 123 0.514497
6 1 3 46 122 -1
6 1 3 46 123 -1
6 1 4 44 157 -1
6 1 4 44 158 0.975437
6 1 4 45 157 0.637293
6 1 4 45 158 -1
6 1 4 46 157 -1
6 1 4 46 158 -1
6 2 3 84 122 0.885548
6 2 3 84 123 -1
6 2 3 85 122 -1
6 2 3 85 123 0.94751
6 2 4 84 157 0.844283
6 2 4 84 158 -1
6 2 4 85 157 -1
6 2 4 85 158 0.786281
6 3 4 122 157 0.507357
6 3 4 122 158 0.340475
6 3 4 123 157 -1
6 3 4 123 158 0.582691
7 0 1 12 47 0.662243
7 0 1 12 48 -1
7 0 1 13 47 0.258777
7 0 1 13 48 0.610973
7 0 2 12 86 0.912115
7 0 2 12 87 -1
7 0 2 13 86 -1
7 0 2 13 87 0.581201
7 0 3 12 124 0.950697
7 0 3 12 125 -1
7 0 3 13 124 -1
7 0 3 13 125 0.996179
7 0 4 12 159 -1
7 0 4 12 160 0.824986
7 0 4 13 159 0.875944
7 0 4 13 160 -1
7 1 2 47 86 0.958816
7 1 2 47 87 -1
7 1 2 48 86 -1
7 1 2 48 87 0.757079
7 1 3 47 124 0.915666
7 1 3 47 125 -1
7 1 3 48 124 -1
7 1 3 48 125 0.981631
7 1 4 47 159 -1
7 1 4 47 160 0.824
7 1 4 48 159 0.891444
7 1 4 48 160 -1
7 2 3 86 124 0.9992
7 2 3 86 125 -1
7 2 3 87 124 -1
7 2 3 87 125 0.644407
7 2 4 86 159 0.04007
7 2 4 86 160 0.862739
7 2 4 87 159 0.878178
7 2 4 87 160 -1
7 3 4 124 159 0.061318
7 3 4 124 160 0.938575
7 3 4 125 159 0.937656
7 3 4 125 160 -1
8 0 1 14 49 -1
8 0 1 14 50 0.535963
8 0 1 14 51 0.343203
8 0 1 15 49 -1
8 0 1 15 50 0.464037
8 0 1 15 51 0.656797
8 0 2 14 88 0.840907
8 0 2 14 89 -1
8 0 2 15 88 -1
8 0 2 15 89 0.985354
8 0 3 14 126 0.794197
8 0 3 14 127 -1
8 0 3 15 126 -1
8 0 3 15 127 0.928063
8 0 4 14 161 -1
8 0 4 14 162 0.994367
8 0 4 15 161 0.754711
8 0 4 15 162 -1
8 1 2 49 88 -1
8 1 2 49 89 -1
8 1 2 50 88 0.701665
8 1 2 50 89 -1
8 1 2 51 88 -1
8 1 2 51 89 0.849062
8 1 3 49 126 -1
8 1 3 49 127 -1
8 1 3 50 126 0.798251
8 1 3 50 127 -1
8 1 3 51 126 -1
8 1 3 51 127 0.807371
8 1 4 49 161 -1
8 1 4 49 162 -1
8 1 4 50 161 -1
8 1 4 50 162 0.736718
8 1 4 51 161 0.893802
8 1 4 51 162 -1
8 2 3 88 126 0.653382
8 2 3 88 127 -1
8 2 3 89 126 -1
8 2 3 89 127 0.936136
8 2 4 88 161 -1
8 2 4 88 162 0.376933
8 2 4 89 161 0.683362
8 2 4 89 162 -1
8 3 4 126 161 0.350771
8 3 4 126 162 0.493424
8 3 4 127 161 0.46151
8 3 4 127 162 -1
9 0 1 16 52 0.905326
9 0 3 16 128 -1
9 0 4 16 163 -1
9 0 4 16 164 0.966613
9 1 3 52 128 0.315301
9 1 4 52 163 -1
9 1 4 52 164 0.951623
9 3 4 128 163 0.656518
9 3 4 128 164 0.343482
10 0 1 17 53 0.269628
10 0 1 17 54 0.275606
10 0 1 18 53 0.27519
10 0 1 18 54 0.270077
10 0 2 17 90 -1
10 0 2 17 91 0.835819
10 0 2 18 90 0.911433
10 0 2 18 91 -1
10 0 3 17 129 -1
10 0 3 17 130 0.786665
10 0 3 18 129 0.980642
10 0 3 18 130 -1
10 1 2 53 90 -1
10 1 2 53 91 0.988508
10 1 2 54 90 0.943442
10 1 2 54 91 -1
10 1 3 53 129 0.237998
10 1 3 53 130 0.445521
10 1 3 54 129 0.442131
10 1 3 54 130 0.248791
10 2 3 90 129 0.942137
10 2 3 90 130 -1
10 2 3 91 129 -1
10 2 3 91 130 0.957063
11 0 1 19 55 0.389519
11 0 1 20 55 0.610481
11 0 2 19 92 0.937684
11 0 2 19 93 -1
11 0 2 20 92 -1
11 0 2 20 93 0.87296
11 0 3 19 131 0.961564
11 0 3 20 131 -1
11 0 4 19 165 0.111034
11 0 4 19 166 0.87973
11 0 4 20 165 0.888862
11 0 4 20 166 -1
11 1 2 55 92 0.204618
11 1 2 55 93 0.795382
11 1 3 55 131 0.538217
11 1 4 55 165 0.680934
11 1 4 55 166 0.319066
11 2 3 92 131 0.886
11 2 3 93 131 -1
11 2 4 92 165 -1
11 2 4 92 166 0.996158
11 2 4 93 165 0.879951
11 2 4 93 166 -1
11 3 4 131 165 0.492545
11 3 4 131 166 0.507455
12 0 1 21 56 0.615042
12 0 1 21 57 -1
12 0 1 21 58 -1
12 0 1 22 56 0.185478
12 0 1 22 57 0.260308
12 0 1 22 58 0.458507
12 0 2 21 94 0.985193
12 0 2 21 95 -1
12 0 2 22 94 -1
12 0 2 22 95 0.929657
12 0 3 21 132 0.925069
12 0 3 21 133 -1
12 0 3 22 132 -1
12 0 3 22 133 0.991689
12 0 4 21 167 0.327352
12 0 4 22 167 0.672648
12 1 2 56 94 0.9648
12 1 2 56 95 -1
12 1 2 57 94 -1
12 1 2 57 95 -1
12 1 2 58 94 -1
12 1 2 58 95 0.81519
12 1 3 56 132 0.991498
12 1 3 56 133 -1
12 1 3 57 132 -1
12 1 3 57 133 -1
12 1 3 58 132 -1
12 1 3 58 133 0.959058
12 1 4 56 167 -1
12 1 4 57 167 -1
12 1 4 58 167 0.798235
12 2 3 94 132 0.816171
12 2 3 94 133 -1
12 2 3 95 132 -1
12 2 3 95 133 0.944288
12 2 4 94 167 -1
12 2 4 95 167 0.838678
12 3 4 132 167 0.195611
12 3 4 133 167 0.804389
13 0 1 23 59 0.668948
13 0 1 23 60 -1
13 0 1 24 59 0.331052
13 0 1 24 60 0.318765
13 0 2 23 96 0.931643
13 0 2 23 97 -1
13 0 2 24 96 -1
13 0 2 24 97 0.269713
13 0 3 23 134 0.876861
13 0 3 23 135 -1
13 0 3 24 134 -1
13 0 3 24 135 0.676668
13 0 4 23 168 -1
13 0 4 23 169 0.851631
13 0 4 24 168 0.444039
13 0 4 24 169 -1
13 1 2 59 96 0.774611
13 1 2 59 97 -1
13 1 2 60 96 -1
13 1 2 60 97 0.713254
13 1 3 59 134 0.876462
13 1 3 59 135 -1
13 1 3 60 134 -1
13 1 3 60 135 0.999338
13 1 4 59 168 -1
13 1 4 59 169 0.693451
13 1 4 60 168 0.935544
13 1 4 60 169 -1
13 2 3 96 134 0.953125
13 2 3 96 135 -1
13 2 3 97 134 -1
13 2 3 97 135 0.711872
13 2 4 96 168 0.126771
13 2 4 96 169 0.873229
13 2 4 97 168 0.84495
13 2 4 97 169 -1
13 3 4 134 168 -1
13 3 4 134 169 0.772462
13 3 4 135 168 0.89366
13 3 4 135 169 -1
14 0 1 25 61 -1
14 0 1 25 62 0.552788
14 0 1 25 63 0.215496
14 0 1 26 61 -1
14 0 1 26 62 0.447212
14 0 1 26 63 0.767036
14 0 2 25 98 0.930663
14 0 2 25 99 -1
14 0 2 26 98 -1
14 0 2 26 99 0.972182
14 0 3 25 136 0.962959
14 0 3 25 137 -1
14 0 3 26 136 -1
14 0 3 26 137 0.784675
14 0 4 25 170 -1
14 0 4 25 171 0.788008
14 0 4 26 170 0.865119
14 0 4 26 171 -1
14 1 2 61 98 -1
14 1 2 61 99 -1
14 1 2 62 98 0.896934
14 1 2 62 99 -1
14 1 2 63 98 -1
14 1 2 63 99 0.894373
14 1 3 61 136 -1
14 1 3 61 137 -1
14 1 3 62 136 0.994221
14 1 3 62 137 -1
14 1 3 63 136 -1
14 1 3 63 137 0.885678
14 1 4 61 170 -1
14 1 4 61 171 -1
14 1 4 62 170 -1
14 1 4 62 171 0.912836
14 1 4 63 170 0.902757
14 1 4 63 171 -1
14 2 3 98 136 0.968065
14 2 3 98 137 -1
14 2 3 99 136 -1
14 2 3 99 137 0.885993
14 2 4 98 170 -1
14 2 4 98 171 0.823031
14 2 4 99 170 0.851518
14 2 4 99 171 -1
14 3 4 136 170 0.293643
14 3 4 136 171 0.601207
14 3 4 137 170 0.528331
14 3 4 137 171 0.0101795
15 0 1 27 64 0.955589
15 0 2 27 100 -1
15 0 2 27 101 0.938349
15 0 2 27 102 -1
15 0 3 27 138 -1
15 0 4 27 172 0.803975
15 0 4 27 173 -1
15 1 2 64 100 -1
15 1 2 64 101 0.848009
15 1 2 64 102 -1
15 1 3 64 138 -1
15 1 4 64 172 0.962244
15 1 4 64 173 -1
15 2 3 100 138 0.915946
15 2 3 101 138 -1
15 2 3 102 138 -1
15 2 4 100 172 -1
15 2 4 100 173 0.931079
15 2 4 101 172 0.899224
15 2 4 101 173 -1
15 2 4 102 172 -1
15 2 4 102 173 -1
15 3 4 138 172 0.503992
15 3 4 138 173 0.496008
16 0 1 28 65 0.579414
16 0 1 28 66 0.527764
16 0 1 28 67 -1
16 0 1 29 65 0.265902
16 0 1 29 66 0.298556
16 0 1 29 67 0.297484
16 0 2 28 103 0.869398
16 0 2 28 104 -1
16 0 2 28 105 -1
16 0 2 29 103 -1
16 0 2 29 104 0.77868
16 0 2 29 105 0.790059
16 0 3 28 139 0.82805
16 0 3 28 140 -1
16 0 3 29 139 -1
16 0 3 29 140 0.761032
16 0 4 28 174 -1
16 0 4 29 174 0.451656
16 1 2 65 103 0.918078
16 1 2 65 104 -1
16 1 2 65 105 -1
16 1 2 66 103 -1
16 1 2 66 104 -1
16 1 2 66 105 -1
16 1 2 67 103 -1
16 1 2 67 104 0.721652
16 1 2 67 105 -1
16 1 3 65 139 0.956111
16 1 3 65 140 -1
16 1 3 66 139 -1
16 1 3 66 140 -1
16 1 3 67 139 -1
16 1 3 67 140 0.920163
16 1 4 65 174 -1
16 1 4 66 174 -1
16 1 4 67 174 0.926379
16 2 3 103 139 0.967134
16 2 3 103 140 -1
16 2 3 104 139 -1
16 2 3 104 140 0.973683
16 2 3 105 139 -1
16 2 3 105 140 0.690404
16 2 4 103 174 -1
16 2 4 104 174 0.697072
16 2 4 105 174 -1
16 3 4 139 174 -1
16 3 4 140 174 0.887839
17 0 1 30 68 0.535649
17 0 1 30 69 0.464351
17 0 2 30 106 0.813739
17 0 2 30 107 -1
17 0 3 30 141 0.953811
17 0 3 30 142 -1
17 0 4 30 175 -1
17 0 4 30 176 0.93536
17 1 2 68 106 0.880491
17 1 2 68 107 -1
17 1 2 69 106 -1
17 1 2 69 107 0.71068
17 1 3 68 141 0.884188
17 1 3 68 142 -1
17 1 3 69 141 -1
17 1 3 69 142 0.81718
17 1 4 68 175 -1
17 1 4 68 176 0.919234
17 1 4 69 175 0.816911
17 1 4 69 176 -1
17 2 3 106 141 0.765439
17 2 3 106 142 -1
17 2 3 107 141 -1
17 2 3 107 142 0.951673
17 2 4 106 175 -1
17 2 4 106 176 0.951066
17 2 4 107 175 0.823695
17 2 4 107 176 -1
17 3 4 141 175 0.27901
17 3 4 141 176 0.356593
17 3 4 142 175 0.358129
17 3 4 142 176 0.271061
18 0 1 31 70 0.723036
18 0 1 31 71 -1
18 0 1 32 70 0.276964
18 0 1 32 71 0.376497
18 0 2 31 108 0.882504
18 0 2 31 109 -1
18 0 2 32 108 -1
18 0 2 32 109 -1
18 0 3 31 143 -1
18 0 3 31 144 0.72643
18 0 3 32 143 0.765846
18 0 3 32 144 -1
18 0 4 31 177 -1
18 0 4 31 178 0.763994
18 0 4 32 177 0.305108
18 0 4 32 178 -1
18 1 2 70 108 0.917005
18 1 2 70 109 -1
18 1 2 71 108 -1
18 1 2 71 109 0.514589
18 1 3 70 143 -1
18 1 3 70 144 0.874557
18 1 3 71 143 0.967337
18 1 3 71 144 -1
18 1 4 70 177 -1
18 1 4 70 178 0.765884
18 1 4 71 177 0.983262
18 1 4 71 178 -1
18 2 3 108 143 -1
18 2 3 108 144 0.843196
18 2 3 109 143 0.20814
18 2 3 109 144 -1
18 2 4 108 177 0.280204
18 2 4 108 178 0.254898
18 2 4 109 177 0.254186
18 2 4 109 178 0.27985
18 3 4 143 177 0.884274
18 3 4 143 178 -1
18 3 4 144 177 -1
18 3 4 144 178 0.952154
end of Frame 57
