J OverallIdx viewIdx joint种类0-18(jointIdx) 该joint在图中的顺序(candidix) x y score
0 0 0 0 499.188 385.897 0.682519
1 0 0 1 330.952 430.19 0.570266
2 0 1 0 328.089 208.794 0.898818
3 0 1 1 507.714 210.9 0.865189
4 0 2 0 479.5 385.904 0.654054
5 0 2 1 375.838 430.135 0.602576
6 0 3 0 518.847 385.888 0.665291
7 0 3 1 283.272 430.183 0.546234
8 0 4 0 459.759 151.833 0.900879
9 0 5 0 482.268 210.918 0.815343
10 0 5 1 395.444 210.956 0.8511
11 0 6 0 260.85 200.337 0.814737
12 0 6 1 546.745 210.879 0.860746
13 0 7 0 496.412 516.668 0.723539
14 0 7 1 367.439 605.174 0.74403
15 0 8 0 527.221 522.923 0.760897
16 0 8 1 263.623 603.106 0.726117
17 0 9 0 358.907 126.544 0.858214
18 0 10 0 286.127 128.595 0.840227
19 0 10 1 504.792 143.482 0.946704
20 0 11 0 437.42 331.135 0.909386
21 0 12 0 602.945 280.418 0.869793
22 0 12 1 241.127 331.065 0.835922
23 0 13 0 507.578 632.525 0.834449
24 0 13 1 350.657 759.13 0.580663
25 0 14 0 549.596 649.566 0.773007
26 0 14 1 252.307 759.09 0.59717
27 0 15 0 395.459 411.136 0.736373
28 0 16 0 549.604 333.134 0.860057
29 0 16 1 238.417 430.119 0.73462
30 0 17 0 516.02 687.413 0.739791
31 0 18 0 448.733 649.496 0.793878
32 0 18 1 311.252 761.267 0.157057
33 1 0 0 204.659 381.723 0.660239
34 1 0 1 546.756 379.543 0.832218
35 1 0 2 642.17 396.406 0.703131
36 1 1 0 212.98 196.16 0.912462
37 1 1 1 639.322 227.665 0.751993
38 1 1 2 546.747 244.711 0.916361
39 1 2 0 165.451 381.71 0.664918
40 1 2 1 515.95 379.542 0.782835
41 1 2 2 656.263 394.362 0.625152
42 1 3 0 572.091 379.568 0.835857
43 1 3 1 238.481 381.736 0.670605
44 1 3 2 636.526 396.434 0.692321
45 1 4 0 187.768 126.437 0.915278
46 1 4 1 527.261 194.029 1.00337
47 1 5 0 148.7 193.97 0.876946
48 1 5 1 650.557 225.612 0.589183
49 1 5 2 504.681 246.668 0.906836
50 1 6 0 271.997 204.54 0.785781
51 1 6 1 636.45 227.759 0.852681
52 1 6 2 580.555 244.594 0.836941
53 1 7 0 524.449 482.873 0.864905
54 1 7 1 658.905 522.93 0.731024
55 1 7 2 173.845 535.608 0.773268
56 1 8 0 572.224 482.917 0.774375
57 1 8 1 594.561 510.287 0.615844
58 1 8 2 235.72 533.484 0.796505
59 1 9 0 639.5 177.096 0.249059
60 1 10 0 235.622 120.155 0.864076
61 1 10 1 591.728 179.241 0.82622
62 1 10 2 555.36 191.899 0.805463
63 1 11 0 123.306 280.529 0.87035
64 1 11 1 459.918 295.112 0.974545
65 1 12 0 594.486 293.069 0.756924
66 1 12 1 302.863 295.159 0.820362
67 1 12 2 653.347 322.655 0.794136
68 1 13 0 527.216 573.53 0.836523
69 1 13 1 661.656 638.942 0.770197
70 1 13 2 207.488 647.346 0.753367
71 1 14 0 583.323 579.919 0.582687
72 1 14 1 586.125 649.448 0.764776
73 1 14 2 243.997 687.431 0.71964
74 1 15 0 488.01 335.264 0.85631
75 1 15 1 101.112 360.62 0.899894
76 1 16 0 591.682 331.087 0.911835
77 1 16 1 330.915 369.038 0.75814
78 1 16 2 605.77 392.182 0.77832
79 1 17 0 524.476 649.46 0.850261
80 1 17 1 238.306 733.849 0.766808
81 1 18 0 490.754 594.615 0.787032
82 1 18 1 617.027 643.131 0.4426
83 1 18 2 213.217 679 0.507556
84 2 0 0 412.122 286.782 0.756224
85 2 0 1 684.28 345.845 0.642219
86 2 0 2 580.532 681.113 0.37571
87 2 1 0 392.752 128.724 0.892735
88 2 1 1 701.072 221.385 0.804829
89 2 1 2 577.742 478.667 0.629522
90 2 2 0 378.546 291.002 0.726657
91 2 2 1 661.75 341.582 0.592376
92 2 2 2 549.652 697.966 0.375913
93 2 3 0 437.439 280.516 0.786699
94 2 3 1 706.788 352.143 0.60358
95 2 3 2 616.892 666.348 0.399767
96 2 4 0 420.696 92.8197 0.904617
97 2 4 1 636.636 162.377 0.922823
98 2 4 2 689.935 453.331 0.842781
99 2 5 0 347.718 143.326 0.834635
100 2 5 1 661.682 204.552 0.813171
101 2 5 2 541.237 512.42 0.586135
102 2 6 0 440.21 122.322 0.867746
103 2 6 1 740.352 238.305 0.783223
104 2 6 2 614.103 442.799 0.380896
105 2 7 0 372.949 392.232 0.830467
106 2 8 0 434.657 381.631 0.850017
107 2 8 1 681.384 472.351 0.259425
108 2 8 2 653.421 531.388 0.165274
109 2 9 0 375.735 77.9989 0.848138
110 2 9 1 616.824 413.409 0.880918
111 2 10 0 684.299 166.604 0.905371
112 2 11 0 280.594 210.804 0.919462
113 2 11 1 642.311 263.621 0.851716
114 2 11 2 490.778 647.365 0.756073
115 2 12 0 460.024 162.47 0.857797
116 2 12 1 757.191 329.035 0.895118
117 2 12 2 619.754 533.49 0.383018
118 2 13 0 370.152 478.707 0.871089
119 2 14 0 429.107 457.562 0.780785
120 2 15 0 344.896 261.379 0.923038
121 2 15 1 633.804 328.875 0.779047
122 2 15 2 572.194 759.14 0.733295
123 2 16 0 465.498 225.615 0.883477
124 2 16 1 709.553 379.597 0.623152
125 2 16 2 681.511 584.076 0.778684
126 2 17 0 462.834 482.894 0.769031
127 2 18 0 375.848 516.649 0.7455
128 3 0 0 574.989 343.709 0.757037
129 3 0 1 302.853 369.044 0.684747
130 3 0 2 902.944 383.791 0.586548
131 3 1 0 905.81 160.173 0.848431
132 3 1 1 280.452 187.67 0.78439
133 3 1 2 571.956 193.989 0.944602
134 3 2 0 549.578 343.758 0.7478
135 3 2 1 286.038 373.229 0.64748
136 3 2 2 931.08 390.132 0.555893
137 3 3 0 611.29 343.679 0.714836
138 3 3 1 322.377 366.934 0.60427
139 3 3 2 866.528 379.594 0.583747
140 3 4 0 998.377 82.2793 0.408995
141 3 4 1 333.683 124.405 0.859499
142 3 4 2 532.778 143.264 0.90227
143 3 5 0 956.393 158.135 0.77743
144 3 5 1 260.744 191.899 0.811225
145 3 5 2 524.371 194.087 0.878989
146 3 6 0 846.935 160.28 0.763289
147 3 6 1 300.09 179.327 0.679091
148 3 6 2 616.983 193.914 0.894999
149 3 7 0 555.288 463.975 0.825529
150 3 7 1 294.41 514.472 0.687542
151 3 7 2 930.939 546.112 0.748162
152 3 8 0 616.89 466.064 0.820567
153 3 8 1 305.794 510.263 0.728277
154 3 8 2 905.661 533.567 0.75207
155 3 9 0 959.095 73.7456 0.811791
156 3 9 1 280.411 120.151 0.893597
157 3 10 0 580.453 130.751 0.864079
158 3 11 0 221.568 265.721 0.82748
159 3 11 1 502.015 274.158 0.890987
160 3 11 2 973.126 293.084 0.753057
161 3 12 0 639.487 269.935 0.86271
162 3 12 1 821.802 274.157 0.597667
163 3 13 0 572.191 563.024 0.856574
164 3 13 1 277.665 649.569 0.803653
165 3 13 2 838.555 693.776 0.548731
166 3 14 0 622.546 581.967 0.770251
167 3 14 1 305.661 615.759 0.847826
168 3 14 2 905.679 683.274 0.720387
169 3 15 0 277.543 326.866 0.890649
170 3 15 1 521.532 337.416 0.807608
171 3 15 2 1029.21 366.945 0.31851
172 3 16 0 628.182 333.162 0.805772
173 3 16 1 835.625 352.165 0.533775
174 3 17 0 616.989 615.737 0.757382
175 3 17 1 367.436 617.84 0.893751
176 3 17 2 945.079 683.215 0.567369
177 3 18 0 583.34 596.69 0.797318
178 3 18 1 342.169 676.85 0.780823
179 4 0 0 956.23 255.15 0.712182
180 4 0 1 658.965 333.164 0.544332
181 4 1 0 961.941 109.538 0.856828
182 4 1 1 664.698 113.88 0.84329
183 4 2 0 992.735 253.071 0.688182
184 4 2 1 703.959 335.3 0.550632
185 4 3 0 928.149 255.14 0.679405
186 4 3 1 611.327 328.949 0.501903
187 4 4 0 636.644 78.0392 0.683124
188 4 5 0 1029.2 105.467 0.785519
189 4 5 1 731.923 111.846 0.820034
190 4 6 0 597.366 113.92 0.823419
191 4 6 1 914.243 109.653 0.88046
192 4 7 0 975.907 360.562 0.892553
193 4 7 1 692.718 514.597 0.770548
194 4 8 0 911.392 360.543 0.822468
195 4 8 1 588.858 413.316 0.346134
196 4 8 2 616.968 512.356 0.74195
197 4 9 0 709.498 42.1184 0.769748
198 4 9 1 975.975 46.3609 0.655314
199 4 9 2 597.377 73.7864 0.775724
200 4 10 0 647.764 42.1789 0.466213
201 4 10 1 928.304 50.6086 0.746861
202 4 11 0 1029.21 177.163 0.579685
203 4 11 1 816.118 208.784 0.901473
204 4 12 0 897.35 189.803 0.827633
205 4 12 1 530.096 210.778 0.917439
206 4 13 0 987.112 466.033 0.766632
207 4 13 1 689.893 657.924 0.76628
208 4 14 0 908.598 465.984 0.870596
209 4 14 1 577.742 514.587 0.602589
210 4 14 2 600.167 641.024 0.743837
211 4 15 0 1029.2 215.104 0.254636
212 4 15 1 757.166 274.155 0.848193
213 4 16 0 855.352 246.671 0.837572
214 4 16 1 588.873 271.976 0.793784
215 4 17 0 889.076 459.692 0.544757
216 4 17 1 608.579 638.946 0.416632
217 4 18 0 953.546 491.348 0.643727
218 4 18 1 737.536 649.389 0.725632
P viewIdx, pafIdx, aOverAllIdx, bOverAllIdx, CandidAIdx, CandidBIdx, score
0 0 2 0 0 0 0
0 0 2 1 0 1 0.991377
0 0 3 0 1 0 0.980507
0 0 3 1 1 1 0
0 1 4 13 0 0 0.988227
0 1 4 14 0 1 0
0 1 5 13 1 0 0
0 1 5 14 1 1 0.974199
0 2 13 23 0 0 0.984491
0 2 13 24 0 1 0
0 2 14 23 1 0 0
0 2 14 24 1 1 0.955496
0 3 0 4 0 0 0.92114
0 3 0 5 0 1 0
0 3 1 4 1 0 0
0 3 1 5 1 1 0.872417
0 4 0 6 0 0 0.920368
0 4 0 7 0 1 0
0 4 1 6 1 0 0
0 4 1 7 1 1 0.87749
0 5 6 15 0 0 0.981209
0 5 6 16 0 1 0
0 5 7 15 1 0 0
0 5 7 16 1 1 0.947252
0 6 15 25 0 0 0.999626
0 6 15 26 0 1 0
0 6 16 25 1 0 0
0 6 16 26 1 1 0.981533
0 7 2 9 0 0 0
0 7 2 10 0 1 0.996878
0 7 3 9 1 0 0.983428
0 7 3 10 1 1 0
0 8 9 20 0 0 0
0 8 10 20 1 0 0.990821
0 9 20 27 0 0 0.957641
0 10 9 17 0 0 0
0 10 10 17 1 0 0.999079
0 11 2 11 0 0 0.987303
0 11 2 12 0 1 0
0 11 3 11 1 0 0
0 11 3 12 1 1 0.995642
0 12 11 21 0 0 0
0 12 11 22 0 1 0.95131
0 12 12 21 1 0 0.990208
0 12 12 22 1 1 0
0 13 21 28 0 0 0.963002
0 13 21 29 0 1 0
0 13 22 28 1 0 0
0 13 22 29 1 1 0.985847
0 14 11 18 0 0 0.96153
0 14 11 19 0 1 0
0 14 12 18 1 0 0
0 14 12 19 1 1 0.991781
0 15 2 8 0 0 0
0 15 3 8 1 0 0.99323
0 16 25 30 0 0 0.944701
0 16 26 30 1 0 0
0 17 23 31 0 0 0.96172
0 17 23 32 0 1 0
0 17 24 31 1 0 0
0 17 24 32 1 1 0.725864
1 0 36 33 0 0 0.988046
1 0 36 34 0 1 0
1 0 36 35 0 2 0
1 0 37 33 1 0 0
1 0 37 34 1 1 0
1 0 37 35 1 2 0.947791
1 0 38 33 2 0 0
1 0 38 34 2 1 0.996766
1 0 38 35 2 2 0
1 1 39 53 0 0 0
1 1 39 54 0 1 0
1 1 39 55 0 2 0.99051
1 1 40 53 1 0 0.987264
1 1 40 54 1 1 0
1 1 40 55 1 2 0
1 1 41 53 2 0 0
1 1 41 54 2 1 0.97836
1 1 41 55 2 2 0
1 2 53 68 0 0 0.996329
1 2 53 69 0 1 0
1 2 53 70 0 2 0
1 2 54 68 1 0 0
1 2 54 69 1 1 0.992887
1 2 54 70 1 2 0
1 2 55 68 2 0 0
1 2 55 69 2 1 0
1 2 55 70 2 2 0.997475
1 3 33 39 0 0 0.906077
1 3 33 40 0 1 0
1 3 33 41 0 2 0
1 3 34 39 1 0 0
1 3 34 40 1 1 0.970698
1 3 34 41 1 2 0
1 3 35 39 2 0 0
1 3 35 40 2 1 0
1 3 35 41 2 2 0.881976
1 4 33 42 0 0 0
1 4 33 43 0 1 0.912528
1 4 33 44 0 2 0
1 4 34 42 1 0 0.96995
1 4 34 43 1 1 0
1 4 34 44 1 2 0
1 4 35 42 2 0 0
1 4 35 43 2 1 0
1 4 35 44 2 2 0.877009
1 5 42 56 0 0 0.259789
1 5 42 57 0 1 0.255903
1 5 42 58 0 2 0
1 5 43 56 1 0 0
1 5 43 57 1 1 0
1 5 43 58 1 2 0.987604
1 5 44 56 2 0 0.255795
1 5 44 57 2 1 0.259856
1 5 44 58 2 2 0
1 6 56 71 0 0 0.255683
1 6 56 72 0 1 0.253562
1 6 56 73 0 2 0
1 6 57 71 1 0 0.253616
1 6 57 72 1 1 0.25566
1 6 57 73 1 2 0
1 6 58 71 2 0 0
1 6 58 72 2 1 0
1 6 58 73 2 2 0.993404
1 7 36 47 0 0 0.994175
1 7 36 48 0 1 0
1 7 36 49 0 2 0
1 7 37 47 1 0 0
1 7 37 48 1 1 0.902796
1 7 37 49 1 2 0
1 7 38 47 2 0 0
1 7 38 48 2 1 0
1 7 38 49 2 2 0.992376
1 8 47 63 0 0 0.980214
1 8 47 64 0 1 0
1 8 48 63 1 0 0
1 8 48 64 1 1 0
1 8 49 63 2 0 0
1 8 49 64 2 1 0.989842
1 9 63 74 0 0 0
1 9 63 75 0 1 0.980873
1 9 64 74 1 0 0.989915
1 9 64 75 1 1 0
1 10 47 59 0 0 0
1 10 48 59 1 0 0.747911
1 10 49 59 2 0 0
1 11 36 50 0 0 0.993338
1 11 36 51 0 1 0
1 11 36 52 0 2 0
1 11 37 50 1 0 0
1 11 37 51 1 1 0.902727
1 11 37 52 1 2 0
1 11 38 50 2 0 0
1 11 38 51 2 1 0
1 11 38 52 2 2 0.999156
1 12 50 65 0 0 0
1 12 50 66 0 1 0.998709
1 12 50 67 0 2 0
1 12 51 65 1 0 0.254993
1 12 51 66 1 1 0
1 12 51 67 1 2 0.275112
1 12 52 65 2 0 0.275677
1 12 52 66 2 1 0
1 12 52 67 2 2 0.255429
1 13 65 76 0 0 0.291444
1 13 65 77 0 1 0
1 13 65 78 0 2 0.255762
1 13 66 76 1 0 0
1 13 66 77 1 1 0.995876
1 13 66 78 1 2 0
1 13 67 76 2 0 0.253591
1 13 67 77 2 1 0
1 13 67 78 2 2 0.290674
1 14 50 60 0 0 0.998414
1 14 50 61 0 1 0
1 14 50 62 0 2 0
1 14 51 60 1 0 0
1 14 51 61 1 1 0.259366
1 14 51 62 1 2 0.251931
1 14 52 60 2 0 0
1 14 52 61 2 1 0.251936
1 14 52 62 2 2 0.259464
1 15 36 45 0 0 0.992706
1 15 36 46 0 1 0
1 15 37 45 1 0 0
1 15 37 46 1 1 0
1 15 38 45 2 0 0
1 15 38 46 2 1 0.984624
1 16 71 79 0 0 0
1 16 71 80 0 1 0
1 16 72 79 1 0 0.999423
1 16 72 80 1 1 0
1 16 73 79 2 0 0
1 16 73 80 2 1 0.952273
1 17 68 81 0 0 0.969657
1 17 68 82 0 1 0
1 17 68 83 0 2 0
1 17 69 81 1 0 0
1 17 69 82 1 1 0.861068
1 17 69 83 1 2 0
1 17 70 81 2 0 0
1 17 70 82 2 1 0
1 17 70 83 2 2 0.912417
2 0 87 84 0 0 0.99421
2 0 87 85 0 1 0
2 0 87 86 0 2 0
2 0 88 84 1 0 0
2 0 88 85 1 1 0.971411
2 0 88 86 1 2 0
2 0 89 84 2 0 0
2 0 89 85 2 1 0
2 0 89 86 2 2 0.93154
2 1 90 105 0 0 0.986162
2 1 91 105 1 0 0
2 1 92 105 2 0 0
2 2 105 118 0 0 0.997755
2 3 84 90 0 0 0.946434
2 3 84 91 0 1 0
2 3 84 92 0 2 0
2 3 85 90 1 0 0
2 3 85 91 1 1 0.924388
2 3 85 92 1 2 0
2 3 86 90 2 0 0
2 3 86 91 2 1 0
2 3 86 92 2 2 0.803747
2 4 84 93 0 0 0.925997
2 4 84 94 0 1 0
2 4 84 95 0 2 0
2 4 85 93 1 0 0
2 4 85 94 1 1 0.914857
2 4 85 95 1 2 0
2 4 86 93 2 0 0
2 4 86 94 2 1 0
2 4 86 95 2 2 0.819523
2 5 93 106 0 0 0.994839
2 5 93 107 0 1 0
2 5 93 108 0 2 0
2 5 94 106 1 0 0
2 5 94 107 1 1 0.510575
2 5 94 108 1 2 0.489425
2 5 95 106 2 0 0
2 5 95 107 2 1 0
2 5 95 108 2 2 0
2 6 106 119 0 0 0.985918
2 6 107 119 1 0 0
2 6 108 119 2 0 0
2 7 87 99 0 0 0.962575
2 7 87 100 0 1 0
2 7 87 101 0 2 0
2 7 88 99 1 0 0
2 7 88 100 1 1 0.999911
2 7 88 101 1 2 0
2 7 89 99 2 0 0
2 7 89 100 2 1 0
2 7 89 101 2 2 0.919935
2 8 99 112 0 0 0.974923
2 8 99 113 0 1 0
2 8 99 114 0 2 0
2 8 100 112 1 0 0
2 8 100 113 1 1 0.962381
2 8 100 114 1 2 0
2 8 101 112 2 0 0
2 8 101 113 2 1 0
2 8 101 114 2 2 0.96659
2 9 112 120 0 0 0.987088
2 9 112 121 0 1 0
2 9 112 122 0 2 0
2 9 113 120 1 0 0
2 9 113 121 1 1 0.985635
2 9 113 122 1 2 0
2 9 114 120 2 0 0
2 9 114 121 2 1 0
2 9 114 122 2 2 0.997408
2 10 99 109 0 0 0.970433
2 10 99 110 0 1 0
2 10 100 109 1 0 0
2 10 100 110 1 1 0
2 10 101 109 2 0 0
2 10 101 110 2 1 0.952377
2 11 87 102 0 0 0.981385
2 11 87 103 0 1 0
2 11 87 104 0 2 0
2 11 88 102 1 0 0
2 11 88 103 1 1 0.997048
2 11 88 104 1 2 0
2 11 89 102 2 0 0
2 11 89 103 2 1 0
2 11 89 104 2 2 0.89412
2 12 102 115 0 0 0.999924
2 12 102 116 0 1 0
2 12 102 117 0 2 0
2 12 103 115 1 0 0
2 12 103 116 1 1 0.99334
2 12 103 117 1 2 0
2 12 104 115 2 0 0
2 12 104 116 2 1 0
2 12 104 117 2 2 0.858439
2 13 115 123 0 0 0.995027
2 13 115 124 0 1 0
2 13 115 125 0 2 0
2 13 116 123 1 0 0
2 13 116 124 1 1 0.926196
2 13 116 125 1 2 0
2 13 117 123 2 0 0
2 13 117 124 2 1 0
2 13 117 125 2 2 0.949093
2 14 102 111 0 0 0
2 14 103 111 1 0 0.991131
2 14 104 111 2 0 0
2 15 87 96 0 0 0.946812
2 15 87 97 0 1 0
2 15 87 98 0 2 0
2 15 88 96 1 0 0
2 15 88 97 1 1 0.990505
2 15 88 98 1 2 0
2 15 89 96 2 0 0
2 15 89 97 2 1 0
2 15 89 98 2 2 0.945865
2 16 119 126 0 0 0.984472
2 17 118 127 0 0 0.963445
3 0 131 128 0 0 0
3 0 131 129 0 1 0
3 0 131 130 0 2 0.982776
3 0 132 128 1 0 0
3 0 132 129 1 1 0.961716
3 0 132 130 1 2 0
3 0 133 128 2 0 0.996724
3 0 133 129 2 1 0
3 0 133 130 2 2 0
3 1 134 149 0 0 0.997872
3 1 134 150 0 1 0
3 1 134 151 0 2 0
3 1 135 149 1 0 0
3 1 135 150 1 1 0.947687
3 1 135 151 1 2 0
3 1 136 149 2 0 0
3 1 136 150 2 1 0
3 1 136 151 2 2 0.981334
3 2 149 163 0 0 0.978206
3 2 149 164 0 1 0
3 2 149 165 0 2 0
3 2 150 163 1 0 0
3 2 150 164 1 1 0.990444
3 2 150 165 1 2 0
3 2 151 163 2 0 0
3 2 151 164 2 1 0
3 2 151 165 2 2 0.940006
3 3 128 134 0 0 0.937956
3 3 128 135 0 1 0
3 3 128 136 0 2 0
3 3 129 134 1 0 0
3 3 129 135 1 1 0.895438
3 3 129 136 1 2 0
3 3 130 134 2 0 0
3 3 130 135 2 1 0
3 3 130 136 2 2 0.89873
3 4 128 137 0 0 0.949025
3 4 128 138 0 1 0
3 4 128 139 0 2 0
3 4 129 137 1 0 0
3 4 129 138 1 1 0.885817
3 4 129 139 1 2 0
3 4 130 137 2 0 0
3 4 130 138 2 1 0
3 4 130 139 2 2 0.899484
3 5 137 152 0 0 0.990901
3 5 137 153 0 1 0
3 5 137 154 0 2 0
3 5 138 152 1 0 0
3 5 138 153 1 1 0.949763
3 5 138 154 1 2 0
3 5 139 152 2 0 0
3 5 139 153 2 1 0
3 5 139 154 2 2 0.986573
3 6 152 166 0 0 0.999557
3 6 152 167 0 1 0
3 6 152 168 0 2 0
3 6 153 166 1 0 0
3 6 153 167 1 1 0.989597
3 6 153 168 1 2 0
3 6 154 166 2 0 0
3 6 154 167 2 1 0
3 6 154 168 2 2 0.991155
3 7 131 143 0 0 0.986579
3 7 131 144 0 1 0
3 7 131 145 0 2 0
3 7 132 143 1 0 0
3 7 132 144 1 1 0.961951
3 7 132 145 1 2 0
3 7 133 143 2 0 0
3 7 133 144 2 1 0
3 7 133 145 2 2 0.998784
3 8 143 158 0 0 0
3 8 143 159 0 1 0
3 8 143 160 0 2 0.964832
3 8 144 158 1 0 0.961005
3 8 144 159 1 1 0
3 8 144 160 1 2 0
3 8 145 158 2 0 0
3 8 145 159 2 1 0.99578
3 8 145 160 2 2 0
3 9 158 169 0 0 0.98625
3 9 158 170 0 1 0
3 9 158 171 0 2 0
3 9 159 169 1 0 0
3 9 159 170 1 1 0.991632
3 9 159 171 1 2 0
3 9 160 169 2 0 0
3 9 160 170 2 1 0
3 9 160 171 2 2 0.981642
3 10 143 155 0 0 0.967013
3 10 143 156 0 1 0
3 10 144 155 1 0 0
3 10 144 156 1 1 0.979672
3 10 145 155 2 0 0
3 10 145 156 2 1 0
3 11 131 146 0 0 0.992253
3 11 131 147 0 1 0
3 11 131 148 0 2 0
3 11 132 146 1 0 0
3 11 132 147 1 1 0.931692
3 11 132 148 1 2 0
3 11 133 146 2 0 0
3 11 133 147 2 1 0
3 11 133 148 2 2 0.997694
3 12 146 161 0 0 0
3 12 146 162 0 1 0.925676
3 12 147 161 1 0 0
3 12 147 162 1 1 0
3 12 148 161 2 0 0.991811
3 12 148 162 2 1 0
3 13 161 172 0 0 0.971314
3 13 161 173 0 1 0
3 13 162 172 1 0 0
3 13 162 173 1 1 0.933226
3 14 146 157 0 0 0
3 14 147 157 1 0 0
3 14 148 157 2 0 0.991655
3 15 131 140 0 0 0.822634
3 15 131 141 0 1 0
3 15 131 142 0 2 0
3 15 132 140 1 0 0
3 15 132 141 1 1 0.957808
3 15 132 142 1 2 0
3 15 133 140 2 0 0
3 15 133 141 2 1 0
3 15 133 142 2 2 0.99236
3 16 166 174 0 0 0.958648
3 16 166 175 0 1 0
3 16 166 176 0 2 0
3 16 167 174 1 0 0
3 16 167 175 1 1 0.99073
3 16 167 176 1 2 0
3 16 168 174 2 0 0
3 16 168 175 2 1 0
3 16 168 176 2 2 0.901495
3 17 163 177 0 0 0.999518
3 17 163 178 0 1 0
3 17 164 177 1 0 0
3 17 164 178 1 1 0.975126
3 17 165 177 2 0 0
3 17 165 178 2 1 0
4 0 181 179 0 0 0.990129
4 0 181 180 0 1 0
4 0 182 179 1 0 0
4 0 182 180 1 1 0.992449
4 1 183 192 0 0 0.995232
4 1 183 193 0 1 0
4 1 184 192 1 0 0
4 1 184 193 1 1 0.951618
4 2 192 206 0 0 0.996213
4 2 192 207 0 1 0
4 2 193 206 1 0 0
4 2 193 207 1 1 0.988827
4 3 179 183 0 0 0.926782
4 3 179 184 0 1 0
4 3 180 183 1 0 0
4 3 180 184 1 1 0.874078
4 4 179 185 0 0 0.921389
4 4 179 186 0 1 0
4 4 180 185 1 0 0
4 4 180 186 1 1 0.870604
4 5 185 194 0 0 0.973891
4 5 185 195 0 1 0
4 5 185 196 0 2 0
4 5 186 194 1 0 0
4 5 186 195 1 1 0.491753
4 5 186 196 1 2 0.508247
4 6 194 208 0 0 0.99866
4 6 194 209 0 1 0
4 6 194 210 0 2 0
4 6 195 208 1 0 0
4 6 195 209 1 1 0.502965
4 6 195 210 1 2 0.272573
4 6 196 208 2 0 0
4 6 196 209 2 1 0
4 6 196 210 2 2 0.530273
4 7 181 188 0 0 0.985625
4 7 181 189 0 1 0
4 7 182 188 1 0 0
4 7 182 189 1 1 0.976429
4 8 188 202 0 0 0.959951
4 8 188 203 0 1 0
4 8 189 202 1 0 0
4 8 189 203 1 1 0.990627
4 9 202 211 0 0 0.790787
4 9 202 212 0 1 0
4 9 203 211 1 0 0
4 9 203 212 1 1 0.980024
4 10 188 197 0 0 0
4 10 188 198 0 1 0.939685
4 10 188 199 0 2 0
4 10 189 197 1 0 0.983991
4 10 189 198 1 1 0
4 10 189 199 1 2 0
4 11 181 190 0 0 0
4 11 181 191 0 1 0.999497
4 11 182 190 1 0 0.970932
4 11 182 191 1 1 0
4 12 190 204 0 0 0
4 12 190 205 0 1 0.966942
4 12 191 204 1 0 0.972746
4 12 191 205 1 1 0
4 13 204 213 0 0 0.972255
4 13 204 214 0 1 0
4 13 205 213 1 0 0
4 13 205 214 1 1 0.991264
4 14 190 200 0 0 0.861621
4 14 190 201 0 1 0
4 14 191 200 1 0 0
4 14 191 201 1 1 0.946877
4 15 181 187 0 0 0
4 15 182 187 1 0 0
4 16 208 215 0 0 0.887403
4 16 208 216 0 1 0
4 16 209 215 1 0 0
4 16 209 216 1 1 0
4 16 210 215 2 0 0
4 16 210 216 2 1 0.684255
4 17 206 217 0 0 0.869534
4 17 206 218 0 1 0
4 17 207 217 1 0 0
4 17 207 218 1 1 0.920147
E jointIdx viewA viewB aOverAllIdx bOverallIdx score
0 0 1 0 33 0.106098
0 0 1 0 34 0.538293
0 0 1 0 35 0.179945
0 0 1 1 33 -1
0 0 1 1 34 0.266037
0 0 1 1 35 0.754644
0 0 2 0 84 0.99116
0 0 2 0 85 -1
0 0 2 0 86 -1
0 0 2 1 84 -1
0 0 2 1 85 0.63201
0 0 2 1 86 -1
0 0 3 0 128 -1
0 0 3 0 129 0.947923
0 0 3 0 130 -1
0 0 3 1 128 0.997673
0 0 3 1 129 -1
0 0 3 1 130 -1
0 0 4 0 179 -1
0 0 4 0 180 0.656461
0 0 4 1 179 -1
0 0 4 1 180 0.343539
0 1 2 33 84 -1
0 1 2 33 85 -1
0 1 2 33 86 0.725855
0 1 2 34 84 0.939475
0 1 2 34 85 -1
0 1 2 34 86 -1
0 1 2 35 84 -1
0 1 2 35 85 0.684135
0 1 2 35 86 -1
0 1 3 33 128 -1
0 1 3 33 129 -1
0 1 3 33 130 0.959404
0 1 3 34 128 0.997261
0 1 3 34 129 0.873716
0 1 3 34 130 -1
0 1 3 35 128 0.972924
0 1 3 35 129 0.889008
0 1 3 35 130 -1
0 1 4 33 179 0.872519
0 1 4 33 180 -1
0 1 4 34 179 -1
0 1 4 34 180 0.96786
0 1 4 35 179 -1
0 1 4 35 180 -1
0 2 3 84 128 -1
0 2 3 84 129 0.925993
0 2 3 84 130 -1
0 2 3 85 128 0.634655
0 2 3 85 129 -1
0 2 3 85 130 -1
0 2 3 86 128 -1
0 2 3 86 129 -1
0 2 3 86 130 0.616336
0 2 4 84 179 -1
0 2 4 84 180 0.981794
0 2 4 85 179 -1
0 2 4 85 180 -1
0 2 4 86 179 0.935438
0 2 4 86 180 -1
0 3 4 128 179 0.31607
0 3 4 128 180 -1
0 3 4 129 179 0.179344
0 3 4 129 180 0.61673
0 3 4 130 179 0.415749
0 3 4 130 180 -1
1 0 1 2 36 0.0489246
1 0 1 2 37 0.341249
1 0 1 2 38 0.286778
1 0 1 3 36 -1
1 0 1 3 37 0.440447
1 0 1 3 38 0.529764
1 0 2 2 87 -1
1 0 2 2 88 0.930513
1 0 2 2 89 -1
1 0 2 3 87 0.998242
1 0 2 3 88 -1
1 0 2 3 89 -1
1 0 3 2 131 -1
1 0 3 2 132 0.444986
1 0 3 2 133 0.540548
1 0 3 3 131 -1
1 0 3 3 132 0.555014
1 0 3 3 133 0.459452
1 0 4 2 181 0.39502
1 0 4 2 182 0.275853
1 0 4 3 181 0.269945
1 0 4 3 182 0.384141
1 1 2 36 87 -1
1 1 2 36 88 -1
1 1 2 36 89 0.758134
1 1 2 37 87 -1
1 1 2 37 88 0.71653
1 1 2 37 89 -1
1 1 2 38 87 0.994069
1 1 2 38 88 -1
1 1 2 38 89 -1
1 1 3 36 131 0.931988
1 1 3 36 132 -1
1 1 3 36 133 0.070122
1 1 3 37 131 0.0454735
1 1 3 37 132 0.397464
1 1 3 37 133 0.323917
1 1 3 38 131 -1
1 1 3 38 132 0.951295
1 1 3 38 133 0.498759
1 1 4 36 181 0.909989
1 1 4 36 182 -1
1 1 4 37 181 -1
1 1 4 37 182 0.0939775
1 1 4 38 181 -1
1 1 4 38 182 0.880294
1 2 3 87 131 -1
1 2 3 87 132 0.871396
1 2 3 87 133 -1
1 2 3 88 131 -1
1 2 3 88 132 -1
1 2 3 88 133 0.969951
1 2 3 89 131 0.757164
1 2 3 89 132 -1
1 2 3 89 133 -1
1 2 4 87 181 -1
1 2 4 87 182 0.932018
1 2 4 88 181 -1
1 2 4 88 182 0.820512
1 2 4 89 181 0.897278
1 2 4 89 182 -1
1 3 4 131 181 0.178489
1 3 4 131 182 0.216057
1 3 4 132 181 0.195491
1 3 4 132 182 0.197915
1 3 4 133 181 0.223591
1 3 4 133 182 0.167931
2 0 1 4 39 0.0129728
2 0 1 4 40 0.62613
2 0 1 4 41 0.20499
2 0 1 5 39 -1
2 0 1 5 40 0.166913
2 0 1 5 41 0.727254
2 0 2 4 90 0.851679
2 0 2 4 91 -1
2 0 2 4 92 -1
2 0 2 5 90 -1
2 0 2 5 91 0.863431
2 0 2 5 92 -1
2 0 3 4 134 -1
2 0 3 4 135 0.780213
2 0 3 4 136 -1
2 0 3 5 134 0.962505
2 0 3 5 135 -1
2 0 3 5 136 -1
2 0 4 4 183 -1
2 0 4 4 184 0.516741
2 0 4 5 183 -1
2 0 4 5 184 0.483259
2 1 2 39 90 -1
2 1 2 39 91 -1
2 1 2 39 92 0.897481
2 1 2 40 90 0.815307
2 1 2 40 91 -1
2 1 2 40 92 -1
2 1 2 41 90 -1
2 1 2 41 91 0.970042
2 1 2 41 92 -1
2 1 3 39 134 -1
2 1 3 39 135 -1
2 1 3 39 136 0.988543
2 1 3 40 134 0.81179
2 1 3 40 135 0.762878
2 1 3 40 136 -1
2 1 3 41 134 0.937054
2 1 3 41 135 0.931561
2 1 3 41 136 -1
2 1 4 39 183 0.957907
2 1 4 39 184 -1
2 1 4 40 183 -1
2 1 4 40 184 0.918594
2 1 4 41 183 -1
2 1 4 41 184 -1
2 2 3 90 134 -1
2 2 3 90 135 0.908977
2 2 3 90 136 -1
2 2 3 91 134 0.808794
2 2 3 91 135 -1
2 2 3 91 136 -1
2 2 3 92 134 -1
2 2 3 92 135 -1
2 2 3 92 136 0.806572
2 2 4 90 183 -1
2 2 4 90 184 0.932175
2 2 4 91 183 -1
2 2 4 91 184 -1
2 2 4 92 183 0.719701
2 2 4 92 184 -1
2 3 4 134 183 0.315285
2 3 4 134 184 -1
2 3 4 135 183 0.184468
2 3 4 135 184 0.613835
2 3 4 136 183 0.420524
2 3 4 136 184 -1
3 0 1 6 42 0.466983
3 0 1 6 43 0.173944
3 0 1 6 44 0.17274
3 0 1 7 42 0.336439
3 0 1 7 43 -1
3 0 1 7 44 0.754545
3 0 2 6 93 0.904265
3 0 2 6 94 -1
3 0 2 6 95 -1
3 0 2 7 93 -1
3 0 2 7 94 0.431979
3 0 2 7 95 -1
3 0 3 6 137 -1
3 0 3 6 138 0.830703
3 0 3 6 139 -1
3 0 3 7 137 0.909021
3 0 3 7 138 -1
3 0 3 7 139 -1
3 0 4 6 185 -1
3 0 4 6 186 0.847008
3 0 4 7 185 -1
3 0 4 7 186 -1
3 1 2 42 93 0.987054
3 1 2 42 94 0.0496762
3 1 2 42 95 -1
3 1 2 43 93 -1
3 1 2 43 94 -1
3 1 2 43 95 0.643698
3 1 2 44 93 0.280554
3 1 2 44 94 0.534462
3 1 2 44 95 -1
3 1 3 42 137 0.804968
3 1 3 42 138 0.99973
3 1 3 42 139 -1
3 1 3 43 137 -1
3 1 3 43 138 -1
3 1 3 43 139 0.968964
3 1 3 44 137 0.899115
3 1 3 44 138 0.863601
3 1 3 44 139 -1
3 1 4 42 185 -1
3 1 4 42 186 0.804386
3 1 4 43 185 0.86115
3 1 4 43 186 -1
3 1 4 44 185 -1
3 1 4 44 186 0.133296
3 2 3 93 137 -1
3 2 3 93 138 0.888584
3 2 3 93 139 -1
3 2 3 94 137 0.341469
3 2 3 94 138 -1
3 2 3 94 139 -1
3 2 3 95 137 -1
3 2 3 95 138 -1
3 2 3 95 139 0.290187
3 2 4 93 185 -1
3 2 4 93 186 0.841094
3 2 4 94 185 -1
3 2 4 94 186 -1
3 2 4 95 185 0.966895
3 2 4 95 186 -1
3 3 4 137 185 0.315576
3 3 4 137 186 -1
3 3 4 138 185 0.166042
3 3 4 138 186 0.632207
3 3 4 139 185 0.434331
3 3 4 139 186 0.0282862
4 0 1 8 45 -1
4 0 1 8 46 0.992251
4 0 2 8 96 0.982375
4 0 2 8 97 0.273932
4 0 2 8 98 -1
4 0 3 8 140 -1
4 0 3 8 141 0.979466
4 0 3 8 142 0.542811
4 0 4 8 187 0.745476
4 1 2 45 96 -1
4 1 2 45 97 -1
4 1 2 45 98 0.932051
4 1 2 46 96 0.95455
4 1 2 46 97 0.253418
4 1 2 46 98 -1
4 1 3 45 140 0.77875
4 1 3 45 141 -1
4 1 3 45 142 -1
4 1 3 46 140 -1
4 1 3 46 141 0.950799
4 1 3 46 142 0.957869
4 1 4 45 187 -1
4 1 4 46 187 -1
4 2 3 96 140 -1
4 2 3 96 141 0.876948
4 2 3 96 142 -1
4 2 3 97 140 -1
4 2 3 97 141 -1
4 2 3 97 142 0.992749
4 2 3 98 140 0.844791
4 2 3 98 141 -1
4 2 3 98 142 -1
4 2 4 96 187 0.924312
4 2 4 97 187 0.874898
4 2 4 98 187 -1
4 3 4 140 187 0.222396
4 3 4 141 187 0.292122
4 3 4 142 187 0.485483
5 0 1 9 47 -1
5 0 1 9 48 0.472394
5 0 1 9 49 0.508268
5 0 1 10 47 -1
5 0 1 10 48 0.527606
5 0 1 10 49 0.491732
5 0 2 9 99 0.668461
5 0 2 9 100 0.18789
5 0 2 9 101 -1
5 0 2 10 99 0.331539
5 0 2 10 100 0.788642
5 0 2 10 101 -1
5 0 3 9 143 -1
5 0 3 9 144 0.516016
5 0 3 9 145 0.485685
5 0 3 10 143 -1
5 0 3 10 144 0.483984
5 0 3 10 145 0.514315
5 0 4 9 188 0.284137
5 0 4 9 189 0.340467
5 0 4 10 188 0.349337
5 0 4 10 189 0.293387
5 1 2 47 99 -1
5 1 2 47 100 -1
5 1 2 47 101 0.959184
5 1 2 48 99 -1
5 1 2 48 100 0.452605
5 1 2 48 101 -1
5 1 2 49 99 0.999674
5 1 2 49 100 -1
5 1 2 49 101 -1
5 1 3 47 143 0.934659
5 1 3 47 144 -1
5 1 3 47 145 0.0213609
5 1 3 48 143 -1
5 1 3 48 144 0.35003
5 1 3 48 145 0.421625
5 1 3 49 143 -1
5 1 3 49 144 0.963558
5 1 3 49 145 0.557014
5 1 4 47 188 0.873133
5 1 4 47 189 -1
5 1 4 48 188 -1
5 1 4 48 189 -1
5 1 4 49 188 -1
5 1 4 49 189 0.962794
5 2 3 99 143 -1
5 2 3 99 144 0.977491
5 2 3 99 145 -1
5 2 3 100 143 -1
5 2 3 100 144 -1
5 2 3 100 145 0.885422
5 2 3 101 143 0.895736
5 2 3 101 144 -1
5 2 3 101 145 -1
5 2 4 99 188 -1
5 2 4 99 189 0.852241
5 2 4 100 188 -1
5 2 4 100 189 0.0821881
5 2 4 101 188 0.596298
5 2 4 101 189 -1
5 3 4 143 188 0.179479
5 3 4 143 189 0.210063
5 3 4 144 188 0.197143
5 3 4 144 189 0.191186
5 3 4 145 188 0.210481
5 3 4 145 189 0.176932
6 0 1 11 50 0.279296
6 0 1 11 51 0.279291
6 0 1 11 52 0.187806
6 0 1 12 50 -1
6 0 1 12 51 0.379437
6 0 1 12 52 0.582711
6 0 2 11 102 -1
6 0 2 11 103 0.973411
6 0 2 11 104 -1
6 0 2 12 102 0.941395
6 0 2 12 103 -1
6 0 2 12 104 -1
6 0 3 11 146 -1
6 0 3 11 147 0.425845
6 0 3 11 148 0.538595
6 0 3 12 146 -1
6 0 3 12 147 0.574155
6 0 3 12 148 0.461405
6 0 4 11 190 0.276139
6 0 4 11 191 0.44731
6 0 4 12 190 0.438363
6 0 4 12 191 0.284165
6 1 2 50 102 -1
6 1 2 50 103 -1
6 1 2 50 104 0.788715
6 1 2 51 102 -1
6 1 2 51 103 0.833844
6 1 2 51 104 -1
6 1 2 52 102 0.932087
6 1 2 52 103 0.276291
6 1 2 52 104 -1
6 1 3 50 146 0.578648
6 1 3 50 147 0.095226
6 1 3 50 148 0.127276
6 1 3 51 146 0.0862196
6 1 3 51 147 0.248143
6 1 3 51 148 0.239205
6 1 3 52 146 -1
6 1 3 52 147 0.448535
6 1 3 52 148 0.418422
6 1 4 50 190 -1
6 1 4 50 191 0.927337
6 1 4 51 190 0.787067
6 1 4 51 191 -1
6 1 4 52 190 0.934825
6 1 4 52 191 -1
6 2 3 102 146 -1
6 2 3 102 147 0.99997
6 2 3 102 148 -1
6 2 3 103 146 -1
6 2 3 103 147 -1
6 2 3 103 148 0.947107
6 2 3 104 146 0.517124
6 2 3 104 147 -1
6 2 3 104 148 -1
6 2 4 102 190 0.839625
6 2 4 102 191 -1
6 2 4 103 190 0.364058
6 2 4 103 191 -1
6 2 4 104 190 -1
6 2 4 104 191 0.762432
6 3 4 146 190 0.222916
6 3 4 146 191 0.191958
6 3 4 147 190 0.221968
6 3 4 147 191 0.192868
6 3 4 148 190 0.157437
6 3 4 148 191 0.254854
7 0 1 13 53 0.941987
7 0 1 13 54 -1
7 0 1 13 55 0.958641
7 0 1 14 53 -1
7 0 1 14 54 0.979537
7 0 1 14 55 -1
7 0 2 13 105 0.959441
7 0 2 14 105 -1
7 0 3 13 149 -1
7 0 3 13 150 0.94471
7 0 3 13 151 -1
7 0 3 14 149 0.917162
7 0 3 14 150 -1
7 0 3 14 151 -1
7 0 4 13 192 -1
7 0 4 13 193 0.589321
7 0 4 14 192 -1
7 0 4 14 193 0.410679
7 1 2 53 105 0.976022
7 1 2 54 105 -1
7 1 2 55 105 -1
7 1 3 53 149 0.940103
7 1 3 53 150 0.828023
7 1 3 53 151 -1
7 1 3 54 149 0.85622
7 1 3 54 150 0.89262
7 1 3 54 151 -1
7 1 3 55 149 -1
7 1 3 55 150 -1
7 1 3 55 151 0.889302
7 1 4 53 192 -1
7 1 4 53 193 0.94239
7 1 4 54 192 -1
7 1 4 54 193 -1
7 1 4 55 192 0.893156
7 1 4 55 193 -1
7 2 3 105 149 -1
7 2 3 105 150 0.993722
7 2 3 105 151 -1
7 2 4 105 192 -1
7 2 4 105 193 0.886139
7 3 4 149 192 0.349492
7 3 4 149 193 -1
7 3 4 150 192 0.0688868
7 3 4 150 193 0.598483
7 3 4 151 192 0.581621
7 3 4 151 193 -1
8 0 1 15 56 0.474591
8 0 1 15 57 0.0296026
8 0 1 15 58 0.495806
8 0 1 16 56 -1
8 0 1 16 57 0.529062
8 0 1 16 58 -1
8 0 2 15 106 0.813828
8 0 2 15 107 -1
8 0 2 15 108 -1
8 0 2 16 106 -1
8 0 2 16 107 0.583732
8 0 2 16 108 0.408233
8 0 3 15 152 -1
8 0 3 15 153 0.770774
8 0 3 15 154 -1
8 0 3 16 152 0.951507
8 0 3 16 153 -1
8 0 3 16 154 -1
8 0 4 15 194 -1
8 0 4 15 195 0.344433
8 0 4 15 196 0.564312
8 0 4 16 194 -1
8 0 4 16 195 0.0560604
8 0 4 16 196 -1
8 1 2 56 106 0.974809
8 1 2 56 107 0.78051
8 1 2 56 108 -1
8 1 2 57 106 0.840353
8 1 2 57 107 0.633365
8 1 2 57 108 -1
8 1 2 58 106 -1
8 1 2 58 107 -1
8 1 2 58 108 -1
8 1 3 56 152 0.255258
8 1 3 56 153 0.804368
8 1 3 56 154 -1
8 1 3 57 152 0.655942
8 1 3 57 153 0.655125
8 1 3 57 154 -1
8 1 3 58 152 -1
8 1 3 58 153 -1
8 1 3 58 154 0.852249
8 1 4 56 194 -1
8 1 4 56 195 -1
8 1 4 56 196 0.897808
8 1 4 57 194 -1
8 1 4 57 195 0.178265
8 1 4 57 196 0.527404
8 1 4 58 194 0.782411
8 1 4 58 195 -1
8 1 4 58 196 -1
8 2 3 106 152 -1
8 2 3 106 153 0.986978
8 2 3 106 154 -1
8 2 3 107 152 0.479783
8 2 3 107 153 -1
8 2 3 107 154 -1
8 2 3 108 152 0.338607
8 2 3 108 153 -1
8 2 3 108 154 -1
8 2 4 106 194 -1
8 2 4 106 195 -1
8 2 4 106 196 0.71529
8 2 4 107 194 -1
8 2 4 107 195 0.853142
8 2 4 107 196 -1
8 2 4 108 194 -1
8 2 4 108 195 -1
8 2 4 108 196 0.159798
8 3 4 152 194 0.569865
8 3 4 152 195 0.760553
8 3 4 152 196 -1
8 3 4 153 194 -1
8 3 4 153 195 -1
8 3 4 153 196 0.834004
8 3 4 154 194 0.947979
8 3 4 154 195 0.583097
8 3 4 154 196 -1
9 0 1 17 59 0.909679
9 0 2 17 109 0.577209
9 0 2 17 110 -1
9 0 3 17 155 -1
9 0 3 17 156 -1
9 0 4 17 197 0.997442
9 0 4 17 198 -1
9 0 4 17 199 0.980832
9 1 2 59 109 -1
9 1 2 59 110 -1
9 1 3 59 155 -1
9 1 3 59 156 0.589756
9 1 4 59 197 -1
9 1 4 59 198 -1
9 1 4 59 199 0.974064
9 2 3 109 155 -1
9 2 3 109 156 0.870924
9 2 3 110 155 0.964406
9 2 3 110 156 -1
9 2 4 109 197 0.894138
9 2 4 109 198 -1
9 2 4 109 199 0.817471
9 2 4 110 197 -1
9 2 4 110 198 0.944424
9 2 4 110 199 -1
9 3 4 155 197 0.230608
9 3 4 155 198 0.251868
9 3 4 155 199 0.129977
9 3 4 156 197 0.234635
9 3 4 156 198 0.217415
9 3 4 156 199 0.186462
10 0 1 18 60 0.105872
10 0 1 18 61 0.337552
10 0 1 18 62 0.221097
10 0 1 19 60 -1
10 0 1 19 61 0.400661
10 0 1 19 62 0.607432
10 0 2 18 111 0.937787
10 0 2 19 111 -1
10 0 3 18 157 0.991229
10 0 3 19 157 -1
10 0 4 18 200 0.254832
10 0 4 18 201 0.212588
10 0 4 19 200 0.745168
10 0 4 19 201 -1
10 1 2 60 111 -1
10 1 2 61 111 0.900639
10 1 2 62 111 0.279695
10 1 3 60 157 -1
10 1 3 61 157 0.950583
10 1 3 62 157 0.721624
10 1 4 60 200 -1
10 1 4 60 201 0.901811
10 1 4 61 200 0.509824
10 1 4 61 201 -1
10 1 4 62 200 0.90213
10 1 4 62 201 -1
10 2 3 111 157 0.9705
10 2 4 111 200 0.422011
10 2 4 111 201 -1
10 3 4 157 200 0.291038
10 3 4 157 201 0.587464
11 0 1 20 63 -1
11 0 1 20 64 -1
11 0 2 20 112 -1
11 0 2 20 113 0.977625
11 0 2 20 114 -1
11 0 3 20 158 -1
11 0 3 20 159 0.914998
11 0 3 20 160 -1
11 0 4 20 202 -1
11 0 4 20 203 -1
11 1 2 63 112 -1
11 1 2 63 113 -1
11 1 2 63 114 0.636765
11 1 2 64 112 0.984018
11 1 2 64 113 -1
11 1 2 64 114 -1
11 1 3 63 158 0.189565
11 1 3 63 159 0.241245
11 1 3 63 160 0.394974
11 1 3 64 158 0.364098
11 1 3 64 159 0.31267
11 1 3 64 160 0.0635327
11 1 4 63 202 0.77276
11 1 4 63 203 -1
11 1 4 64 202 0.18142
11 1 4 64 203 0.795107
11 2 3 112 158 0.889092
11 2 3 112 159 -1
11 2 3 112 160 -1
11 2 3 113 158 -1
11 2 3 113 159 0.978344
11 2 3 113 160 -1
11 2 3 114 158 -1
11 2 3 114 159 -1
11 2 3 114 160 0.938419
11 2 4 112 202 -1
11 2 4 112 203 0.98067
11 2 4 113 202 -1
11 2 4 113 203 -1
11 2 4 114 202 0.853276
11 2 4 114 203 -1
11 3 4 158 202 0.19341
11 3 4 158 203 0.184558
11 3 4 159 202 0.194355
11 3 4 159 203 0.183474
11 3 4 160 202 0.179666
11 3 4 160 203 0.200332
12 0 1 21 65 0.401113
12 0 1 21 66 0.396982
12 0 1 21 67 0.108143
12 0 1 22 65 0.226638
12 0 1 22 66 -1
12 0 1 22 67 0.791495
12 0 2 21 115 0.945908
12 0 2 21 116 -1
12 0 2 21 117 -1
12 0 2 22 115 -1
12 0 2 22 116 0.989796
12 0 2 22 117 -1
12 0 3 21 161 -1
12 0 3 21 162 -1
12 0 3 22 161 0.936301
12 0 3 22 162 -1
12 0 4 21 204 0.294821
12 0 4 21 205 0.396187
12 0 4 22 204 -1
12 0 4 22 205 0.476087
12 1 2 65 115 0.617871
12 1 2 65 116 0.951419
12 1 2 65 117 -1
12 1 2 66 115 -1
12 1 2 66 116 -1
12 1 2 66 117 0.518756
12 1 2 67 115 0.830244
12 1 2 67 116 0.875636
12 1 2 67 117 -1
12 1 3 65 161 0.223347
12 1 3 65 162 0.169158
12 1 3 66 161 0.194695
12 1 3 66 162 0.269096
12 1 3 67 161 0.250863
12 1 3 67 162 0.205755
12 1 4 65 204 -1
12 1 4 65 205 0.957709
12 1 4 66 204 0.899988
12 1 4 66 205 -1
12 1 4 67 204 -1
12 1 4 67 205 0.536064
12 2 3 115 161 -1
12 2 3 115 162 -1
12 2 3 116 161 0.956106
12 2 3 116 162 -1
12 2 3 117 161 -1
12 2 3 117 162 0.389791
12 2 4 115 204 -1
12 2 4 115 205 0.970588
12 2 4 116 204 -1
12 2 4 116 205 -1
12 2 4 117 204 0.878325
12 2 4 117 205 -1
12 3 4 161 204 0.290578
12 3 4 161 205 0.296378
12 3 4 162 204 0.296202
12 3 4 162 205 0.290231
13 0 1 23 68 0.951068
13 0 1 23 69 -1
13 0 1 23 70 0.814511
13 0 1 24 68 -1
13 0 1 24 69 0.843126
13 0 1 24 70 -1
13 0 2 23 118 0.840898
13 0 2 24 118 -1
13 0 3 23 163 -1
13 0 3 23 164 0.984721
13 0 3 23 165 -1
13 0 3 24 163 0.848435
13 0 3 24 164 -1
13 0 3 24 165 -1
13 0 4 23 206 -1
13 0 4 23 207 0.815591
13 0 4 24 206 -1
13 0 4 24 207 0.184409
13 1 2 68 118 0.826427
13 1 2 69 118 -1
13 1 2 70 118 -1
13 1 3 68 163 0.703586
13 1 3 68 164 0.959582
13 1 3 68 165 -1
13 1 3 69 163 0.795104
13 1 3 69 164 0.873715
13 1 3 69 165 -1
13 1 3 70 163 -1
13 1 3 70 164 -1
13 1 3 70 165 0.876024
13 1 4 68 206 -1
13 1 4 68 207 0.85239
13 1 4 69 206 -1
13 1 4 69 207 -1
13 1 4 70 206 0.490794
13 1 4 70 207 -1
13 2 3 118 163 -1
13 2 3 118 164 0.858087
13 2 3 118 165 -1
13 2 4 118 206 -1
13 2 4 118 207 0.984014
13 3 4 163 206 -1
13 3 4 163 207 -1
13 3 4 164 206 -1
13 3 4 164 207 0.941494
13 3 4 165 206 0.79648
13 3 4 165 207 -1
14 0 1 25 71 0.797579
14 0 1 25 72 -1
14 0 1 25 73 -1
14 0 1 26 71 -1
14 0 1 26 72 0.921516
14 0 1 26 73 -1
14 0 2 25 119 0.774024
14 0 2 26 119 -1
14 0 3 25 166 -1
14 0 3 25 167 0.833179
14 0 3 25 168 -1
14 0 3 26 166 0.917625
14 0 3 26 167 -1
14 0 3 26 168 -1
14 0 4 25 208 -1
14 0 4 25 209 -1
14 0 4 25 210 0.872894
14 0 4 26 208 -1
14 0 4 26 209 -1
14 0 4 26 210 -1
14 1 2 71 119 0.940067
14 1 2 72 119 -1
14 1 2 73 119 -1
14 1 3 71 166 -1
14 1 3 71 167 0.992265
14 1 3 71 168 -1
14 1 3 72 166 0.865962
14 1 3 72 167 -1
14 1 3 72 168 -1
14 1 3 73 166 -1
14 1 3 73 167 -1
14 1 3 73 168 0.723118
14 1 4 71 208 -1
14 1 4 71 209 -1
14 1 4 71 210 0.936164
14 1 4 72 208 -1
14 1 4 72 209 -1
14 1 4 72 210 0.715173
14 1 4 73 208 0.989059
14 1 4 73 209 -1
14 1 4 73 210 -1
14 2 3 119 166 -1
14 2 3 119 167 0.941974
14 2 3 119 168 -1
14 2 4 119 208 -1
14 2 4 119 209 -1
14 2 4 119 210 0.964209
14 3 4 166 208 0.304868
14 3 4 166 209 0.887746
14 3 4 166 210 -1
14 3 4 167 208 -1
14 3 4 167 209 -1
14 3 4 167 210 0.890953
14 3 4 168 208 0.888882
14 3 4 168 209 -1
14 3 4 168 210 -1
15 0 1 27 74 -1
15 0 1 27 75 -1
15 0 2 27 120 -1
15 0 2 27 121 0.938733
15 0 2 27 122 -1
15 0 3 27 169 -1
15 0 3 27 170 0.998152
15 0 3 27 171 -1
15 0 4 27 211 -1
15 0 4 27 212 -1
15 1 2 74 120 0.987255
15 1 2 74 121 -1
15 1 2 74 122 -1
15 1 2 75 120 -1
15 1 2 75 121 -1
15 1 2 75 122 0.831084
15 1 3 74 169 0.960652
15 1 3 74 170 0.46977
15 1 3 74 171 -1
15 1 3 75 169 -1
15 1 3 75 170 -1
15 1 3 75 171 0.97589
15 1 4 74 211 -1
15 1 4 74 212 0.99478
15 1 4 75 211 0.612324
15 1 4 75 212 -1
15 2 3 120 169 0.923897
15 2 3 120 170 -1
15 2 3 120 171 -1
15 2 3 121 169 -1
15 2 3 121 170 0.922213
15 2 3 121 171 -1
15 2 3 122 169 -1
15 2 3 122 170 -1
15 2 3 122 171 0.819028
15 2 4 120 211 -1
15 2 4 120 212 0.962982
15 2 4 121 211 -1
15 2 4 121 212 -1
15 2 4 122 211 0.772644
15 2 4 122 212 -1
15 3 4 169 211 0.196633
15 3 4 169 212 0.252352
15 3 4 170 211 0.22441
15 3 4 170 212 0.224308
15 3 4 171 211 0.259082
15 3 4 171 212 0.189303
16 0 1 28 76 0.911231
16 0 1 28 77 0.1392
16 0 1 28 78 -1
16 0 1 29 76 -1
16 0 1 29 77 -1
16 0 1 29 78 0.813939
16 0 2 28 123 0.918644
16 0 2 28 124 -1
16 0 2 28 125 -1
16 0 2 29 123 -1
16 0 2 29 124 0.601311
16 0 2 29 125 -1
16 0 3 28 172 -1
16 0 3 28 173 -1
16 0 3 29 172 0.742258
16 0 3 29 173 -1
16 0 4 28 213 -1
16 0 4 28 214 0.507306
16 0 4 29 213 -1
16 0 4 29 214 0.492694
16 1 2 76 123 0.94571
16 1 2 76 124 0.43839
16 1 2 76 125 -1
16 1 2 77 123 -1
16 1 2 77 124 -1
16 1 2 77 125 0.789804
16 1 2 78 123 -1
16 1 2 78 124 0.72196
16 1 2 78 125 -1
16 1 3 76 172 -1
16 1 3 76 173 -1
16 1 3 77 172 0.236167
16 1 3 77 173 0.763833
16 1 3 78 172 0.873198
16 1 3 78 173 0.121519
16 1 4 76 213 -1
16 1 4 76 214 0.851727
16 1 4 77 213 0.826516
16 1 4 77 214 -1
16 1 4 78 213 -1
16 1 4 78 214 0.186682
16 2 3 123 172 -1
16 2 3 123 173 -1
16 2 3 124 172 0.867973
16 2 3 124 173 -1
16 2 3 125 172 -1
16 2 3 125 173 0.680922
16 2 4 123 213 -1
16 2 4 123 214 0.792118
16 2 4 124 213 -1
16 2 4 124 214 0.569923
16 2 4 125 213 0.922765
16 2 4 125 214 -1
16 3 4 172 213 0.2578
16 3 4 172 214 0.300242
16 3 4 173 213 0.300218
16 3 4 173 214 0.255901
17 0 1 30 79 0.0732918
17 0 1 30 80 -1
17 0 2 30 126 0.947522
17 0 3 30 174 -1
17 0 3 30 175 0.870427
17 0 3 30 176 -1
17 0 4 30 215 -1
17 0 4 30 216 0.907521
17 1 2 79 126 -1
17 1 2 80 126 -1
17 1 3 79 174 0.820181
17 1 3 79 175 -1
17 1 3 79 176 -1
17 1 3 80 174 -1
17 1 3 80 175 -1
17 1 3 80 176 0.938147
17 1 4 79 215 -1
17 1 4 79 216 -1
17 1 4 80 215 0.984876
17 1 4 80 216 -1
17 2 3 126 174 -1
17 2 3 126 175 0.945071
17 2 3 126 176 -1
17 2 4 126 215 -1
17 2 4 126 216 0.735289
17 3 4 174 215 0.853486
17 3 4 174 216 -1
17 3 4 175 215 -1
17 3 4 175 216 0.54027
17 3 4 176 215 0.970816
17 3 4 176 216 -1
18 0 1 31 81 0.962396
18 0 1 31 82 -1
18 0 1 31 83 0.221346
18 0 1 32 81 -1
18 0 1 32 82 0.940379
18 0 1 32 83 -1
18 0 2 31 127 0.977453
18 0 2 32 127 -1
18 0 3 31 177 -1
18 0 3 31 178 0.802574
18 0 3 32 177 0.796117
18 0 3 32 178 -1
18 0 4 31 217 -1
18 0 4 31 218 0.645391
18 0 4 32 217 -1
18 0 4 32 218 0.354609
18 1 2 81 127 0.894039
18 1 2 82 127 -1
18 1 2 83 127 -1
18 1 3 81 177 0.436253
18 1 3 81 178 0.563747
18 1 3 82 177 0.415723
18 1 3 82 178 0.584277
18 1 3 83 177 -1
18 1 3 83 178 -1
18 1 4 81 217 -1
18 1 4 81 218 0.971702
18 1 4 82 217 -1
18 1 4 82 218 -1
18 1 4 83 217 0.986341
18 1 4 83 218 -1
18 2 3 127 177 -1
18 2 3 127 178 0.832304
18 2 4 127 217 -1
18 2 4 127 218 0.885314
18 3 4 177 217 -1
18 3 4 177 218 -1
18 3 4 178 217 -1
18 3 4 178 218 0.918688
end of Frame 176
