J OverallIdx viewIdx joint种类0-18(jointIdx) 该joint在图中的顺序(candidix) x y score
0 0 0 0 706.681 396.389 0.581382
1 0 0 1 241.23 428.094 0.616149
2 0 1 0 698.29 196.169 0.641784
3 0 1 1 252.364 206.673 0.786512
4 0 2 0 706.712 396.403 0.489071
5 0 2 1 266.423 432.278 0.619893
6 0 3 0 706.627 394.348 0.595137
7 0 3 1 216.009 423.85 0.556387
8 0 4 0 656.187 139.167 0.839098
9 0 5 0 687.097 196.146 0.565459
10 0 5 1 280.474 208.802 0.839622
11 0 6 0 706.702 196.146 0.862246
12 0 6 1 215.919 202.399 0.72645
13 0 7 0 706.765 550.392 0.761793
14 0 7 1 283.353 596.72 0.642071
15 0 8 0 661.951 554.607 0.769953
16 0 8 1 235.645 582.078 0.703542
17 0 9 0 308.432 128.577 0.857039
18 0 10 0 246.802 126.452 0.418123
19 0 10 1 706.557 134.995 0.87849
20 0 11 0 283.19 339.479 0.845313
21 0 12 0 748.704 278.271 0.873535
22 0 13 0 706.723 685.348 0.760322
23 0 13 1 257.861 748.61 0.657743
24 0 14 0 712.296 712.717 0.712814
25 0 14 1 232.783 746.459 0.493856
26 0 15 0 319.643 423.829 0.780045
27 0 16 0 684.359 360.53 0.841338
28 0 17 0 302.733 733.871 0.158379
29 0 17 1 639.443 738.054 0.781987
30 0 18 0 656.16 685.32 0.73718
31 0 18 1 311.237 738.071 0.528705
32 1 0 0 687.108 377.444 0.769554
33 1 0 1 583.323 396.489 0.710242
34 1 1 0 577.739 236.182 0.842196
35 1 1 1 701.073 246.702 0.8835
36 1 2 0 664.676 377.456 0.73469
37 1 2 1 616.9 396.494 0.746968
38 1 3 0 709.46 377.456 0.761772
39 1 3 1 549.678 396.472 0.747477
40 1 4 0 678.701 196.167 0.897835
41 1 5 0 642.209 240.383 0.780419
42 1 6 0 527.327 234.112 0.857725
43 1 6 1 731.871 244.665 0.911826
44 1 7 0 684.399 480.755 0.829639
45 1 7 1 619.833 529.205 0.768966
46 1 8 0 709.592 478.658 0.853042
47 1 8 1 552.421 531.304 0.827574
48 1 9 0 611.287 177.078 0.544439
49 1 10 0 558.047 172.943 0.845299
50 1 10 1 709.613 196.119 0.909885
51 1 11 0 658.929 331.135 0.888486
52 1 12 0 774.045 295.19 0.972039
53 1 12 1 504.925 329.013 0.893899
54 1 13 0 703.849 567.218 0.830673
55 1 13 1 639.258 660.023 0.774434
56 1 14 0 732.078 571.425 0.781542
57 1 14 1 555.286 655.795 0.775954
58 1 15 0 642.23 394.277 0.834151
59 1 16 0 737.534 345.734 0.88374
60 1 16 1 530.104 381.621 0.785778
61 1 17 0 715.142 600.934 0.863004
62 1 17 1 558.118 653.678 0.48578
63 1 18 0 664.731 582.063 0.78548
64 1 18 1 633.758 670.55 0.444922
65 2 0 0 504.871 213.032 0.785603
66 2 0 1 681.374 402.799 0.707657
67 2 1 0 504.932 78.0051 0.93654
68 2 1 1 695.448 244.598 0.840527
69 2 2 0 479.564 212.999 0.766426
70 2 2 1 706.607 398.576 0.716953
71 2 3 0 532.847 215.058 0.725782
72 2 3 1 653.363 409.06 0.689098
73 2 4 0 518.774 37.9701 0.849682
74 2 4 1 628.143 175.042 0.879964
75 2 5 0 457.153 75.9991 0.877659
76 2 5 1 731.967 229.834 0.862353
77 2 6 0 555.278 78.0633 0.857199
78 2 6 1 656.252 257.288 0.818147
79 2 7 0 485.147 314.282 0.852459
80 2 7 1 684.26 495.522 0.868083
81 2 8 0 793.697 210.875 0.244779
82 2 8 1 546.901 314.184 0.816652
83 2 8 2 636.605 508.181 0.829068
84 2 9 0 482.416 25.4183 0.88559
85 2 10 0 538.405 25.3483 0.307043
86 2 10 1 678.675 179.292 0.875058
87 2 11 0 406.579 101.224 0.817416
88 2 11 1 740.362 324.682 0.761121
89 2 12 0 600.144 128.699 0.874958
90 2 12 1 636.484 364.8 0.823536
91 2 13 0 499.088 392.173 0.823945
92 2 13 1 692.633 584.139 0.793317
93 2 14 0 796.438 259.31 0.250474
94 2 14 1 549.628 394.372 0.873096
95 2 14 2 631.012 605.217 0.786612
96 2 15 0 443.097 151.801 0.841927
97 2 15 1 692.639 356.374 0.340689
98 2 16 0 574.928 191.843 0.926662
99 2 16 1 600.211 406.931 0.794983
100 2 17 0 549.683 425.977 0.70279
101 2 17 1 597.277 581.919 0.803639
102 2 18 0 465.599 419.593 0.760462
103 2 18 1 661.822 565.218 0.478159
104 3 0 0 277.513 343.692 0.762458
105 3 0 1 597.392 347.996 0.643297
106 3 1 0 255.175 191.788 0.909794
107 3 1 1 597.323 191.867 0.735975
108 3 2 0 241.189 345.772 0.730388
109 3 2 1 586.153 347.934 0.565119
110 3 3 0 302.901 339.527 0.755905
111 3 3 1 614.169 352.158 0.703041
112 3 4 0 280.414 128.604 0.948012
113 3 4 1 555.229 134.94 0.839547
114 3 5 0 577.781 189.773 0.568539
115 3 5 1 210.212 193.939 0.856373
116 3 6 0 300.124 183.45 0.835433
117 3 6 1 616.941 193.904 0.912135
118 3 7 0 260.731 463.914 0.818464
119 3 7 1 600.179 468.18 0.621502
120 3 8 0 344.782 446.988 0.842236
121 3 8 1 614.211 474.436 0.725655
122 3 9 0 235.42 130.776 0.898269
123 3 10 0 600.187 128.579 0.902031
124 3 11 0 131.82 240.362 0.818143
125 3 12 0 325.175 240.343 0.879921
126 3 12 1 639.218 288.866 0.863328
127 3 13 0 277.62 560.909 0.846547
128 3 13 1 631.006 565.117 0.71016
129 3 14 0 328.15 541.919 0.843884
130 3 14 1 636.555 584.139 0.779358
131 3 15 0 193.485 290.937 0.885069
132 3 16 0 328.141 293.134 0.927612
133 3 16 1 594.538 350.019 0.821382
134 3 17 0 372.917 565.194 0.915664
135 3 17 1 572.14 601.012 0.793307
136 3 18 0 580.519 575.666 0.655764
137 3 18 1 283.187 596.795 0.846912
138 4 0 0 656.125 290.98 0.742678
139 4 0 1 398.274 318.401 0.472961
140 4 1 0 395.453 111.717 0.862202
141 4 1 1 661.703 137.058 0.905013
142 4 2 0 619.814 290.952 0.746382
143 4 2 1 415.028 322.633 0.542373
144 4 3 0 684.118 290.972 0.760453
145 4 3 1 386.993 314.216 0.400389
146 4 4 0 462.747 44.274 0.579295
147 4 4 1 675.887 77.9624 0.908145
148 4 5 0 417.783 109.732 0.833961
149 4 5 1 614.171 137.038 0.845119
150 4 6 0 375.813 111.783 0.788016
151 4 6 1 706.761 134.959 0.855825
152 4 7 0 617.002 400.65 0.847887
153 4 7 1 420.644 497.659 0.645414
154 4 8 0 684.096 411.108 0.835658
155 4 8 1 423.45 493.448 0.312264
156 4 9 0 434.538 44.2714 0.859944
157 4 9 1 636.556 75.8433 0.925774
158 4 11 0 412.29 189.804 0.865009
159 4 11 1 597.308 210.966 0.86302
160 4 12 0 342.08 204.558 0.807603
161 4 12 1 728.976 212.925 0.907006
162 4 13 0 616.865 495.445 0.891561
163 4 13 1 409.431 643.107 0.716126
164 4 14 0 678.615 503.976 0.783147
165 4 14 1 392.717 600.969 0.579241
166 4 15 0 417.874 261.548 0.853636
167 4 15 1 597.404 278.349 0.890723
168 4 16 0 395.52 259.301 0.710361
169 4 16 1 701.125 278.419 0.869462
170 4 17 0 661.729 533.497 0.821912
171 4 17 1 440.322 598.931 0.473803
172 4 18 0 608.525 520.865 0.81868
173 4 18 1 485.265 662.088 0.755043
P viewIdx, pafIdx, aOverAllIdx, bOverAllIdx, CandidAIdx, CandidBIdx, score
0 0 2 0 0 0 0.933326
0 0 2 1 0 1 0
0 0 3 0 1 0 0
0 0 3 1 1 1 0.96889
0 1 4 13 0 0 0.958609
0 1 4 14 0 1 0
0 1 5 13 1 0 0
0 1 5 14 1 1 0.94637
0 2 13 22 0 0 0.987245
0 2 13 23 0 1 0
0 2 14 22 1 0 0
0 2 14 23 1 1 0.973881
0 3 0 4 0 0 0.684255
0 3 0 5 0 1 0
0 3 1 4 1 0 0
0 3 1 5 1 1 0.919921
0 4 0 6 0 0 0.684255
0 4 0 7 0 1 0
0 4 1 6 1 0 0
0 4 1 7 1 1 0.907806
0 5 6 15 0 0 0.957174
0 5 6 16 0 1 0
0 5 7 15 1 0 0
0 5 7 16 1 1 0.956184
0 6 15 24 0 0 0.986085
0 6 15 25 0 1 0
0 6 16 24 1 0 0
0 6 16 25 1 1 0.981605
0 7 2 9 0 0 0.855435
0 7 2 10 0 1 0
0 7 3 9 1 0 0
0 7 3 10 1 1 0.985335
0 8 9 20 0 0 0
0 8 10 20 1 0 0.993657
0 9 20 26 0 0 0.998691
0 10 9 17 0 0 0
0 10 10 17 1 0 0.972663
0 11 2 11 0 0 0.872358
0 11 2 12 0 1 0
0 11 3 11 1 0 0
0 11 3 12 1 1 0.986168
0 12 11 21 0 0 1.00557
0 12 12 21 1 0 0
0 13 21 27 0 0 0.979914
0 14 11 18 0 0 0
0 14 11 19 0 1 0.999679
0 14 12 18 1 0 0.825117
0 14 12 19 1 1 0
0 15 2 8 0 0 0.963478
0 15 3 8 1 0 0
0 16 24 28 0 0 0
0 16 24 29 0 1 0.965275
0 16 25 28 1 0 0.645323
0 16 25 29 1 1 0
0 17 22 30 0 0 0.900902
0 17 22 31 0 1 0
0 17 23 30 1 0 0
0 17 23 31 1 1 0.877855
1 0 34 32 0 0 0
1 0 34 33 0 1 0.98321
1 0 35 32 1 0 0.969848
1 0 35 33 1 1 0
1 1 36 44 0 0 0.957215
1 1 36 45 0 1 0.948806
1 1 37 44 1 0 0.894764
1 1 37 45 1 1 0.985262
1 2 44 54 0 0 0.989454
1 2 44 55 0 1 0
1 2 45 54 1 0 0
1 2 45 55 1 1 0.977661
1 3 32 36 0 0 0.960647
1 3 32 37 0 1 0
1 3 33 36 1 0 0
1 3 33 37 1 1 0.928749
1 4 32 38 0 0 0.962602
1 4 32 39 0 1 0
1 4 33 38 1 0 0
1 4 33 39 1 1 0.935644
1 5 38 46 0 0 0.996634
1 5 38 47 0 1 0
1 5 39 46 1 0 0
1 5 39 47 1 1 0.997127
1 6 46 56 0 0 0.974027
1 6 46 57 0 1 0
1 6 47 56 1 0 0
1 6 47 57 1 1 1.00084
1 7 34 41 0 0 0.98483
1 7 35 41 1 0 0
1 8 41 51 0 0 1.00776
1 9 51 58 0 0 0.992802
1 10 41 48 0 0 0.898775
1 11 34 42 0 0 0.968595
1 11 34 43 0 1 0
1 11 35 42 1 0 0
1 11 35 43 1 1 0.996249
1 12 42 52 0 0 0
1 12 42 53 0 1 0.968528
1 12 43 52 1 0 1.01337
1 12 43 53 1 1 0
1 13 52 59 0 0 0.977101
1 13 52 60 0 1 0
1 13 53 59 1 0 0
1 13 53 60 1 1 0.999392
1 14 42 49 0 0 0.972911
1 14 42 50 0 1 0
1 14 43 49 1 0 0
1 14 43 50 1 1 1.00092
1 15 34 40 0 0 0
1 15 35 40 1 0 1.00777
1 16 56 61 0 0 0.944492
1 16 56 62 0 1 0
1 16 57 61 1 0 0
1 16 57 62 1 1 0.579459
1 17 54 63 0 0 0.948166
1 17 54 64 0 1 0
1 17 55 63 1 0 0
1 17 55 64 1 1 0.764031
2 0 67 65 0 0 0.996704
2 0 67 66 0 1 0
2 0 68 65 1 0 0
2 0 68 66 1 1 0.993253
2 1 69 79 0 0 0.997489
2 1 69 80 0 1 0
2 1 70 79 1 0 0
2 1 70 80 1 1 0.983713
2 2 79 91 0 0 1.01011
2 2 79 92 0 1 0
2 2 80 91 1 0 0
2 2 80 92 1 1 1.00018
2 3 65 69 0 0 0.945909
2 3 65 70 0 1 0
2 3 66 69 1 0 0
2 3 66 70 1 1 0.928321
2 4 65 71 0 0 0.938483
2 4 65 72 0 1 0
2 4 66 71 1 0 0
2 4 66 72 1 1 0.935448
2 5 71 81 0 0 0
2 5 71 82 0 1 0.981912
2 5 71 83 0 2 0
2 5 72 81 1 0 0
2 5 72 82 1 1 0
2 5 72 83 1 2 0.987931
2 6 81 93 0 0 0.814057
2 6 81 94 0 1 0
2 6 81 95 0 2 0
2 6 82 93 1 0 0
2 6 82 94 1 1 0.997324
2 6 82 95 1 2 0
2 6 83 93 2 0 0
2 6 83 94 2 1 0
2 6 83 95 2 2 0.984422
2 7 67 75 0 0 1.0002
2 7 67 76 0 1 0
2 7 68 75 1 0 0
2 7 68 76 1 1 0.973607
2 8 75 87 0 0 0.979496
2 8 75 88 0 1 0
2 8 76 87 1 0 0
2 8 76 88 1 1 0.971094
2 9 87 96 0 0 1.01036
2 9 87 97 0 1 0
2 9 88 96 1 0 0
2 9 88 97 1 1 0.841579
2 10 75 84 0 0 0.962775
2 10 76 84 1 0 0
2 11 67 77 0 0 1.00082
2 11 67 78 0 1 0
2 11 68 77 1 0 0
2 11 68 78 1 1 0.980154
2 12 77 89 0 0 1.01166
2 12 77 90 0 1 0
2 12 78 89 1 0 0
2 12 78 90 1 1 0.986143
2 13 89 98 0 0 0.954012
2 13 89 99 0 1 0
2 13 90 98 1 0 0
2 13 90 99 1 1 0.961172
2 14 77 85 0 0 0.818095
2 14 77 86 0 1 0
2 14 78 85 1 0 0
2 14 78 86 1 1 0.993466
2 15 67 73 0 0 0.992993
2 15 67 74 0 1 0
2 15 68 73 1 0 0
2 15 68 74 1 1 1.00119
2 16 93 100 0 0 0
2 16 93 101 0 1 0
2 16 94 100 1 0 0.968812
2 16 94 101 1 1 0
2 16 95 100 2 0 0
2 16 95 101 2 1 0.975554
2 17 91 102 0 0 0.96966
2 17 91 103 0 1 0
2 17 92 102 1 0 0
2 17 92 103 1 1 0.844617
3 0 106 104 0 0 1.00721
3 0 106 105 0 1 0
3 0 107 104 1 0 0
3 0 107 105 1 1 0.933063
3 1 108 118 0 0 0.972773
3 1 108 119 0 1 0
3 1 109 118 1 0 0
3 1 109 119 1 1 0.920989
3 2 118 127 0 0 1.0029
3 2 118 128 0 1 0
3 2 119 127 1 0 0
3 2 119 128 1 1 0.958785
3 3 104 108 0 0 0.944961
3 3 104 109 0 1 0
3 3 105 108 1 0 0
3 3 105 109 1 1 0.885557
3 4 104 110 0 0 0.943517
3 4 104 111 0 1 0
3 4 105 110 1 0 0
3 4 105 111 1 1 0.892769
3 5 110 120 0 0 1.00525
3 5 110 121 0 1 0
3 5 111 120 1 0 0
3 5 111 121 1 1 0.982963
3 6 120 129 0 0 0.988989
3 6 120 130 0 1 0
3 6 121 129 1 0 0
3 6 121 130 1 1 0.990775
3 7 106 114 0 0 0
3 7 106 115 0 1 1.00086
3 7 107 114 1 0 0.941556
3 7 107 115 1 1 0
3 8 114 124 0 0 0
3 8 115 124 1 0 0.994484
3 9 124 131 0 0 1.01533
3 10 114 122 0 0 0
3 10 115 122 1 0 0.995094
3 11 106 116 0 0 0.988543
3 11 106 117 0 1 0
3 11 107 116 1 0 0
3 11 107 117 1 1 0.965677
3 12 116 125 0 0 1.00889
3 12 116 126 0 1 0
3 12 117 125 1 0 0
3 12 117 126 1 1 1.0014
3 13 125 132 0 0 1.00701
3 13 125 133 0 1 0
3 13 126 132 1 0 0
3 13 126 133 1 1 0.983396
3 14 116 123 0 0 0
3 14 117 123 1 0 0.984913
3 15 106 112 0 0 0.98641
3 15 106 113 0 1 0
3 15 107 112 1 0 0
3 15 107 113 1 1 0.958878
3 16 129 134 0 0 1.02001
3 16 129 135 0 1 0
3 16 130 134 1 0 0
3 16 130 135 1 1 0.963286
3 17 127 136 0 0 0
3 17 127 137 0 1 0.976198
3 17 128 136 1 0 0.941954
3 17 128 137 1 1 0
4 0 140 138 0 0 0
4 0 140 139 0 1 0.956444
4 0 141 138 1 0 0.988494
4 0 141 139 1 1 0
4 1 142 152 0 0 0.994528
4 1 142 153 0 1 0
4 1 143 152 1 0 0
4 1 143 153 1 1 0.953423
4 2 152 162 0 0 1.00133
4 2 152 163 0 1 0
4 2 153 162 1 0 0
4 2 153 163 1 1 0.978015
4 3 138 142 0 0 0.9617
4 3 138 143 0 1 0
4 3 139 142 1 0 0
4 3 139 143 1 1 0.832819
4 4 138 144 0 0 0.955639
4 4 138 145 0 1 0
4 4 139 144 1 0 0
4 4 139 145 1 1 0.81242
4 5 144 154 0 0 0.99861
4 5 144 155 0 1 0
4 5 145 154 1 0 0
4 5 145 155 1 1 0.812745
4 6 154 164 0 0 0.99021
4 6 154 165 0 1 0
4 6 155 164 1 0 0
4 6 155 165 1 1 0.880662
4 7 140 148 0 0 0.983893
4 7 140 149 0 1 0
4 7 141 148 1 0 0
4 7 141 149 1 1 0.993642
4 8 148 158 0 0 0.99482
4 8 148 159 0 1 0
4 8 149 158 1 0 0
4 8 149 159 1 1 0.979987
4 9 158 166 0 0 0.998616
4 9 158 167 0 1 0
4 9 159 166 1 0 0
4 9 159 167 1 1 1.00598
4 10 148 156 0 0 0.980476
4 10 148 157 0 1 0
4 10 149 156 1 0 0
4 10 149 157 1 1 0.994278
4 11 140 150 0 0 0.975226
4 11 140 151 0 1 0
4 11 141 150 1 0 0
4 11 141 151 1 1 0.988317
4 12 150 160 0 0 0.964046
4 12 150 161 0 1 0
4 12 151 160 1 0 0
4 12 151 161 1 1 0.996925
4 13 160 168 0 0 0.967971
4 13 160 169 0 1 0
4 13 161 168 1 0 0
4 13 161 169 1 1 0.985315
4 15 140 146 0 0 0.895516
4 15 140 147 0 1 0
4 15 141 146 1 0 0
4 15 141 147 1 1 1.00147
4 16 164 170 0 0 0.970238
4 16 164 171 0 1 0
4 16 165 170 1 0 0
4 16 165 171 1 1 0.728647
4 17 162 172 0 0 0.985761
4 17 162 173 0 1 0
4 17 163 172 1 0 0
4 17 163 173 1 1 0.996635
E jointIdx viewA viewB aOverAllIdx bOverallIdx score
0 0 1 0 32 0.937818
0 0 1 0 33 0.588145
0 0 1 1 32 0.717992
0 0 1 1 33 0.886331
0 0 2 0 65 0.970619
0 0 2 0 66 -1
0 0 2 1 65 -1
0 0 2 1 66 0.984359
0 0 3 0 104 0.794066
0 0 3 0 105 -1
0 0 3 1 104 -1
0 0 3 1 105 0.559398
0 0 4 0 138 -1
0 0 4 0 139 0.839947
0 0 4 1 138 0.849662
0 0 4 1 139 -1
0 1 2 32 65 0.703288
0 1 2 32 66 -1
0 1 2 33 65 -1
0 1 2 33 66 0.966743
0 1 3 32 104 0.974038
0 1 3 32 105 0.234299
0 1 3 33 104 -1
0 1 3 33 105 0.940443
0 1 4 32 138 -1
0 1 4 32 139 0.42294
0 1 4 33 138 0.820522
0 1 4 33 139 -1
0 2 3 65 104 0.713982
0 2 3 65 105 -1
0 2 3 66 104 -1
0 2 3 66 105 0.593079
0 2 4 65 138 -1
0 2 4 65 139 0.686706
0 2 4 66 138 0.779465
0 2 4 66 139 -1
0 3 4 104 138 0.807019
0 3 4 104 139 0.619868
0 3 4 105 138 0.764174
0 3 4 105 139 0.908679
1 0 1 2 34 0.964675
1 0 1 2 35 0.786122
1 0 1 3 34 0.967558
1 0 1 3 35 0.841066
1 0 2 2 67 0.814424
1 0 2 2 68 -1
1 0 2 3 67 -1
1 0 2 3 68 0.993446
1 0 3 2 106 0.68455
1 0 3 2 107 0.796466
1 0 3 3 106 0.579451
1 0 3 3 107 0.971392
1 0 4 2 140 0.908754
1 0 4 2 141 -1
1 0 4 3 140 -1
1 0 4 3 141 0.904921
1 1 2 34 67 -1
1 1 2 34 68 0.8676
1 1 2 35 67 0.93401
1 1 2 35 68 -1
1 1 3 34 106 0.692046
1 1 3 34 107 0.985997
1 1 3 35 106 0.898875
1 1 3 35 107 0.796034
1 1 4 34 140 0.10268
1 1 4 34 141 0.965276
1 1 4 35 140 0.76981
1 1 4 35 141 0.236849
1 2 3 67 106 0.801071
1 2 3 67 107 -1
1 2 3 68 106 -1
1 2 3 68 107 0.854587
1 2 4 67 140 0.725936
1 2 4 67 141 -1
1 2 4 68 140 -1
1 2 4 68 141 0.819543
1 3 4 106 140 0.641781
1 3 4 106 141 0.766583
1 3 4 107 140 0.1543
1 3 4 107 141 0.912602
2 0 1 4 36 0.992834
2 0 1 4 37 0.516098
2 0 1 5 36 0.597136
2 0 1 5 37 0.884775
2 0 2 4 69 0.951215
2 0 2 4 70 -1
2 0 2 5 69 -1
2 0 2 5 70 0.795868
2 0 3 4 108 0.967419
2 0 3 4 109 -1
2 0 3 5 108 -1
2 0 3 5 109 0.601742
2 0 4 4 142 -1
2 0 4 4 143 0.676477
2 0 4 5 142 0.793228
2 0 4 5 143 -1
2 1 2 36 69 0.624172
2 1 2 36 70 -1
2 1 2 37 69 -1
2 1 2 37 70 0.834005
2 1 3 36 108 0.845954
2 1 3 36 109 0.350041
2 1 3 37 108 0.090317
2 1 3 37 109 0.951419
2 1 4 36 142 -1
2 1 4 36 143 0.311888
2 1 4 37 142 0.896182
2 1 4 37 143 -1
2 2 3 69 108 0.970514
2 2 3 69 109 -1
2 2 3 70 108 -1
2 2 3 70 109 0.398672
2 2 4 69 142 -1
2 2 4 69 143 0.656886
2 2 4 70 142 0.990277
2 2 4 70 143 -1
2 3 4 108 142 0.620703
2 3 4 108 143 0.62991
2 3 4 109 142 0.892682
2 3 4 109 143 0.763933
3 0 1 6 38 0.846746
3 0 1 6 39 0.613701
3 0 1 7 38 0.830601
3 0 1 7 39 0.892627
3 0 2 6 71 0.907119
3 0 2 6 72 -1
3 0 2 7 71 -1
3 0 2 7 72 0.780822
3 0 3 6 110 0.696904
3 0 3 6 111 -1
3 0 3 7 110 -1
3 0 3 7 111 0.652338
3 0 4 6 144 -1
3 0 4 6 145 0.963871
3 0 4 7 144 0.837354
3 0 4 7 145 -1
3 1 2 38 71 0.783343
3 1 2 38 72 -1
3 1 2 39 71 -1
3 1 2 39 72 0.942225
3 1 3 38 110 0.976256
3 1 3 38 111 0.0086267
3 1 3 39 110 -1
3 1 3 39 111 0.935131
3 1 4 38 144 -1
3 1 4 38 145 0.547483
3 1 4 39 144 0.919304
3 1 4 39 145 -1
3 2 3 71 110 0.695133
3 2 3 71 111 -1
3 2 3 72 110 -1
3 2 3 72 111 0.890648
3 2 4 71 144 -1
3 2 4 71 145 0.736061
3 2 4 72 144 0.757924
3 2 4 72 145 -1
3 3 4 110 144 0.998551
3 3 4 110 145 0.655547
3 3 4 111 144 0.741651
3 3 4 111 145 0.851145
4 0 1 8 40 0.934708
4 0 2 8 73 0.988477
4 0 2 8 74 -1
4 0 3 8 112 0.956559
4 0 3 8 113 -1
4 0 4 8 146 0.927701
4 0 4 8 147 -1
4 1 2 40 73 0.999164
4 1 2 40 74 -1
4 1 3 40 112 0.960628
4 1 3 40 113 0.634971
4 1 4 40 146 0.888977
4 1 4 40 147 -1
4 2 3 73 112 0.962002
4 2 3 73 113 -1
4 2 3 74 112 -1
4 2 3 74 113 0.943925
4 2 4 73 146 0.990814
4 2 4 73 147 -1
4 2 4 74 146 -1
4 2 4 74 147 0.980799
4 3 4 112 146 0.913141
4 3 4 112 147 0.549969
4 3 4 113 146 0.190178
4 3 4 113 147 0.983792
5 0 1 9 41 0.898265
5 0 1 10 41 0.966394
5 0 2 9 75 0.726139
5 0 2 9 76 -1
5 0 2 10 75 -1
5 0 2 10 76 0.889123
5 0 3 9 114 0.778659
5 0 3 9 115 0.579655
5 0 3 10 114 0.952109
5 0 3 10 115 0.610142
5 0 4 9 148 0.948062
5 0 4 9 149 0.00556511
5 0 4 10 148 -1
5 0 4 10 149 0.981999
5 1 2 41 75 0.858351
5 1 2 41 76 0.942907
5 1 3 41 114 0.885325
5 1 3 41 115 0.67623
5 1 4 41 148 0.805932
5 1 4 41 149 0.872156
5 2 3 75 114 -1
5 2 3 75 115 0.856985
5 2 3 76 114 0.652015
5 2 3 76 115 -1
5 2 4 75 148 0.66604
5 2 4 75 149 -1
5 2 4 76 148 -1
5 2 4 76 149 0.870149
5 3 4 114 148 0.227409
5 3 4 114 149 0.904601
5 3 4 115 148 0.629582
5 3 4 115 149 0.818842
6 0 1 11 42 0.982774
6 0 1 11 43 0.877608
6 0 1 12 42 0.890371
6 0 1 12 43 0.839652
6 0 2 11 77 0.983797
6 0 2 11 78 -1
6 0 2 12 77 -1
6 0 2 12 78 0.990254
6 0 3 11 116 0.942118
6 0 3 11 117 0.816072
6 0 3 12 116 0.541106
6 0 3 12 117 0.847541
6 0 4 11 150 0.828637
6 0 4 11 151 -1
6 0 4 12 150 -1
6 0 4 12 151 0.819633
6 1 2 42 77 -1
6 1 2 42 78 0.855299
6 1 2 43 77 0.958767
6 1 2 43 78 -1
6 1 3 42 116 0.866496
6 1 3 42 117 0.95975
6 1 3 43 116 0.937824
6 1 3 43 117 0.876172
6 1 4 42 150 -1
6 1 4 42 151 0.953456
6 1 4 43 150 0.739152
6 1 4 43 151 -1
6 2 3 77 116 0.81003
6 2 3 77 117 -1
6 2 3 78 116 -1
6 2 3 78 117 0.916551
6 2 4 77 150 0.815644
6 2 4 77 151 -1
6 2 4 78 150 -1
6 2 4 78 151 0.806054
6 3 4 116 150 0.77125
6 3 4 116 151 0.634713
6 3 4 117 150 0.032665
6 3 4 117 151 0.965153
7 0 1 13 44 0.980981
7 0 1 13 45 -1
7 0 1 14 44 0.408256
7 0 1 14 45 0.872394
7 0 2 13 79 0.909394
7 0 2 13 80 -1
7 0 2 14 79 -1
7 0 2 14 80 0.640695
7 0 3 13 118 0.980074
7 0 3 13 119 -1
7 0 3 14 118 -1
7 0 3 14 119 0.949948
7 0 4 13 152 -1
7 0 4 13 153 0.761513
7 0 4 14 152 0.776013
7 0 4 14 153 -1
7 1 2 44 79 0.91643
7 1 2 44 80 -1
7 1 2 45 79 -1
7 1 2 45 80 0.886388
7 1 3 44 118 0.885857
7 1 3 44 119 -1
7 1 3 45 118 -1
7 1 3 45 119 0.908823
7 1 4 44 152 -1
7 1 4 44 153 0.779038
7 1 4 45 152 0.99522
7 1 4 45 153 -1
7 2 3 79 118 0.960329
7 2 3 79 119 -1
7 2 3 80 118 -1
7 2 3 80 119 0.779011
7 2 4 79 152 0.150655
7 2 4 79 153 0.862065
7 2 4 80 152 0.984601
7 2 4 80 153 -1
7 3 4 118 152 0.0446866
7 3 4 118 153 0.915096
7 3 4 119 152 0.956058
7 3 4 119 153 -1
8 0 1 15 46 0.978003
8 0 1 15 47 0.221193
8 0 1 16 46 0.690286
8 0 1 16 47 0.861595
8 0 2 15 81 -1
8 0 2 15 82 0.725217
8 0 2 15 83 -1
8 0 2 16 81 -1
8 0 2 16 82 -1
8 0 2 16 83 0.926904
8 0 3 15 120 0.821087
8 0 3 15 121 -1
8 0 3 16 120 -1
8 0 3 16 121 0.890497
8 0 4 15 154 -1
8 0 4 15 155 0.588437
8 0 4 16 154 0.740599
8 0 4 16 155 -1
8 1 2 46 81 -1
8 1 2 46 82 0.697282
8 1 2 46 83 -1
8 1 2 47 81 -1
8 1 2 47 82 -1
8 1 2 47 83 0.783428
8 1 3 46 120 0.915064
8 1 3 46 121 -1
8 1 3 47 120 -1
8 1 3 47 121 0.785324
8 1 4 46 154 -1
8 1 4 46 155 0.666437
8 1 4 47 154 0.831595
8 1 4 47 155 -1
8 2 3 81 120 -1
8 2 3 81 121 -1
8 2 3 82 120 0.528867
8 2 3 82 121 -1
8 2 3 83 120 -1
8 2 3 83 121 0.983338
8 2 4 81 154 -1
8 2 4 81 155 -1
8 2 4 82 154 -1
8 2 4 82 155 0.293931
8 2 4 83 154 0.545596
8 2 4 83 155 -1
8 3 4 120 154 0.913273
8 3 4 120 155 0.366688
8 3 4 121 154 0.574622
8 3 4 121 155 -1
9 0 1 17 48 0.948246
9 0 2 17 84 -1
9 0 3 17 122 -1
9 0 4 17 156 -1
9 0 4 17 157 0.968373
9 1 2 48 84 0.70465
9 1 3 48 122 0.246746
9 1 4 48 156 -1
9 1 4 48 157 0.840459
9 2 3 84 122 0.868434
9 2 4 84 156 0.965353
9 2 4 84 157 -1
9 3 4 122 156 0.949755
9 3 4 122 157 0.571611
10 0 1 18 49 0.989226
10 0 1 18 50 0.776153
10 0 1 19 49 0.479832
10 0 1 19 50 0.928191
10 0 2 18 85 -1
10 0 2 18 86 0.948704
10 0 2 19 85 0.957002
10 0 2 19 86 -1
10 0 3 18 123 0.9495
10 0 3 19 123 -1
10 1 2 49 85 -1
10 1 2 49 86 0.895642
10 1 2 50 85 0.945263
10 1 2 50 86 -1
10 1 3 49 123 0.96326
10 1 3 50 123 0.367374
10 2 3 85 123 -1
10 2 3 86 123 0.96802
11 0 1 20 51 0.983951
11 0 2 20 87 -1
11 0 2 20 88 0.900751
11 0 3 20 124 -1
11 0 4 20 158 0.827947
11 0 4 20 159 0.749971
11 1 2 51 87 -1
11 1 2 51 88 0.877794
11 1 3 51 124 -1
11 1 4 51 158 -1
11 1 4 51 159 0.840211
11 2 3 87 124 0.973965
11 2 3 88 124 -1
11 2 4 87 158 0.856304
11 2 4 87 159 -1
11 2 4 88 158 -1
11 2 4 88 159 0.767869
11 3 4 124 158 0.856674
11 3 4 124 159 0.638358
12 0 1 21 52 0.963496
12 0 1 21 53 -1
12 0 2 21 89 0.960499
12 0 2 21 90 -1
12 0 3 21 125 0.936986
12 0 3 21 126 -1
12 0 4 21 160 0.992378
12 0 4 21 161 0.297346
12 1 2 52 89 0.898082
12 1 2 52 90 -1
12 1 2 53 89 -1
12 1 2 53 90 0.857953
12 1 3 52 125 0.991841
12 1 3 52 126 -1
12 1 3 53 125 -1
12 1 3 53 126 0.926927
12 1 4 52 160 0.968926
12 1 4 52 161 -1
12 1 4 53 160 -1
12 1 4 53 161 0.933532
12 2 3 89 125 0.813102
12 2 3 89 126 -1
12 2 3 90 125 -1
12 2 3 90 126 0.923465
12 2 4 89 160 0.843841
12 2 4 89 161 -1
12 2 4 90 160 -1
12 2 4 90 161 0.953212
12 3 4 125 160 0.976553
12 3 4 125 161 0.339273
12 3 4 126 160 -1
12 3 4 126 161 0.919252
13 0 1 22 54 0.932488
13 0 1 22 55 -1
13 0 1 23 54 0.173818
13 0 1 23 55 0.413642
13 0 2 22 91 0.876274
13 0 2 22 92 -1
13 0 2 23 91 -1
13 0 2 23 92 0.550448
13 0 3 22 127 0.970612
13 0 3 22 128 -1
13 0 3 23 127 -1
13 0 3 23 128 0.736748
13 0 4 22 162 -1
13 0 4 22 163 0.949358
13 0 4 23 162 0.52251
13 0 4 23 163 -1
13 1 2 54 91 0.830221
13 1 2 54 92 -1
13 1 2 55 91 -1
13 1 2 55 92 0.861075
13 1 3 54 127 0.883066
13 1 3 54 128 -1
13 1 3 55 127 -1
13 1 3 55 128 0.874555
13 1 4 54 162 -1
13 1 4 54 163 0.801603
13 1 4 55 162 0.719686
13 1 4 55 163 -1
13 2 3 91 127 0.903999
13 2 3 91 128 -1
13 2 3 92 127 -1
13 2 3 92 128 0.980236
13 2 4 91 162 0.136916
13 2 4 91 163 0.90726
13 2 4 92 162 0.837891
13 2 4 92 163 -1
13 3 4 127 162 -1
13 3 4 127 163 0.827848
13 3 4 128 162 0.890939
13 3 4 128 163 -1
14 0 1 24 56 0.755295
14 0 1 24 57 0.0879014
14 0 1 25 56 0.453941
14 0 1 25 57 0.93465
14 0 2 24 93 -1
14 0 2 24 94 0.91701
14 0 2 24 95 -1
14 0 2 25 93 -1
14 0 2 25 94 -1
14 0 2 25 95 0.976714
14 0 3 24 129 0.948856
14 0 3 24 130 -1
14 0 3 25 129 -1
14 0 3 25 130 0.802667
14 0 4 24 164 -1
14 0 4 24 165 0.868658
14 0 4 25 164 0.967004
14 0 4 25 165 -1
14 1 2 56 93 -1
14 1 2 56 94 0.938536
14 1 2 56 95 -1
14 1 2 57 93 -1
14 1 2 57 94 -1
14 1 2 57 95 0.918853
14 1 3 56 129 0.876955
14 1 3 56 130 -1
14 1 3 57 129 -1
14 1 3 57 130 0.885797
14 1 4 56 164 -1
14 1 4 56 165 0.938606
14 1 4 57 164 0.902224
14 1 4 57 165 -1
14 2 3 93 129 -1
14 2 3 93 130 -1
14 2 3 94 129 0.969353
14 2 3 94 130 -1
14 2 3 95 129 -1
14 2 3 95 130 0.938341
14 2 4 93 164 -1
14 2 4 93 165 -1
14 2 4 94 164 -1
14 2 4 94 165 0.927266
14 2 4 95 164 0.84376
14 2 4 95 165 -1
14 3 4 129 164 0.75738
14 3 4 129 165 0.91129
14 3 4 130 164 0.715861
14 3 4 130 165 0.0189358
15 0 1 26 58 0.992465
15 0 2 26 96 -1
15 0 2 26 97 0.865561
15 0 3 26 131 -1
15 0 4 26 166 0.0171019
15 0 4 26 167 0.932783
15 1 2 58 96 -1
15 1 2 58 97 0.851029
15 1 3 58 131 -1
15 1 4 58 166 -1
15 1 4 58 167 0.94783
15 2 3 96 131 0.858205
15 2 3 97 131 -1
15 2 4 96 166 0.934403
15 2 4 96 167 -1
15 2 4 97 166 -1
15 2 4 97 167 0.909242
15 3 4 131 166 0.846755
15 3 4 131 167 0.574861
16 0 1 27 59 0.958385
16 0 1 27 60 0.262918
16 0 2 27 98 0.836964
16 0 2 27 99 -1
16 0 3 27 132 0.833293
16 0 3 27 133 -1
16 0 4 27 168 0.753723
16 0 4 27 169 -1
16 1 2 59 98 0.918575
16 1 2 59 99 -1
16 1 2 60 98 -1
16 1 2 60 99 0.674873
16 1 3 59 132 0.889795
16 1 3 59 133 -1
16 1 3 60 132 -1
16 1 3 60 133 0.930503
16 1 4 59 168 0.736266
16 1 4 59 169 -1
16 1 4 60 168 -1
16 1 4 60 169 0.969683
16 2 3 98 132 0.990924
16 2 3 98 133 -1
16 2 3 99 132 -1
16 2 3 99 133 0.835777
16 2 4 98 168 0.854446
16 2 4 98 169 -1
16 2 4 99 168 -1
16 2 4 99 169 0.750783
16 3 4 132 168 0.829935
16 3 4 132 169 0.232229
16 3 4 133 168 -1
16 3 4 133 169 0.967169
17 0 1 28 61 0.942356
17 0 1 28 62 0.754452
17 0 1 29 61 0.970388
17 0 1 29 62 0.797125
17 0 2 28 100 -1
17 0 2 28 101 0.81616
17 0 2 29 100 0.821098
17 0 2 29 101 -1
17 0 3 28 134 -1
17 0 3 28 135 0.897103
17 0 3 29 134 0.880626
17 0 3 29 135 -1
17 0 4 28 170 0.852041
17 0 4 28 171 -1
17 0 4 29 170 -1
17 0 4 29 171 0.959564
17 1 2 61 100 0.973278
17 1 2 61 101 -1
17 1 2 62 100 -1
17 1 2 62 101 0.744676
17 1 3 61 134 0.898038
17 1 3 61 135 -1
17 1 3 62 134 -1
17 1 3 62 135 0.760608
17 1 4 61 170 -1
17 1 4 61 171 0.980609
17 1 4 62 170 0.873246
17 1 4 62 171 -1
17 2 3 100 134 0.716918
17 2 3 100 135 -1
17 2 3 101 134 -1
17 2 3 101 135 0.958624
17 2 4 100 170 -1
17 2 4 100 171 0.966294
17 2 4 101 170 0.815928
17 2 4 101 171 -1
17 3 4 134 170 0.937116
17 3 4 134 171 0.98553
17 3 4 135 170 0.830157
17 3 4 135 171 0.70607
18 0 1 30 63 0.92619
18 0 1 30 64 -1
18 0 1 31 63 0.335267
18 0 1 31 64 0.0492154
18 0 2 30 102 0.855925
18 0 2 30 103 -1
18 0 2 31 102 -1
18 0 2 31 103 0.539307
18 0 3 30 136 -1
18 0 3 30 137 0.747566
18 0 3 31 136 0.900123
18 0 3 31 137 -1
18 0 4 30 172 -1
18 0 4 30 173 0.835067
18 0 4 31 172 0.382475
18 0 4 31 173 -1
18 1 2 63 102 0.786091
18 1 2 63 103 -1
18 1 2 64 102 -1
18 1 2 64 103 0.730067
18 1 3 63 136 -1
18 1 3 63 137 0.778219
18 1 3 64 136 0.681128
18 1 3 64 137 -1
18 1 4 63 172 -1
18 1 4 63 173 0.610321
18 1 4 64 172 0.889914
18 1 4 64 173 -1
18 2 3 102 136 -1
18 2 3 102 137 0.891545
18 2 3 103 136 0.861587
18 2 3 103 137 -1
18 2 4 102 172 0.963113
18 2 4 102 173 0.865806
18 2 4 103 172 0.66435
18 2 4 103 173 0.484899
18 3 4 136 172 0.829203
18 3 4 136 173 -1
18 3 4 137 172 -1
18 3 4 137 173 0.895789
end of Frame 24
