J OverallIdx viewIdx joint种类0-18(jointIdx) 该joint在图中的顺序(candidix) x y score
0 0 0 0 560.83 394.245 0.703322
1 0 0 1 325.243 434.415 0.59218
2 0 1 0 328.082 208.663 0.868351
3 0 1 1 575.007 210.94 0.812735
4 0 2 0 543.987 392.167 0.679695
5 0 2 1 372.933 438.627 0.572843
6 0 3 0 33.639 360.608 0.706357
7 0 3 1 577.707 394.329 0.707785
8 0 3 2 277.6 432.273 0.570938
9 0 4 0 510.438 151.841 0.821485
10 0 5 0 409.45 208.792 0.825031
11 0 5 1 549.719 210.794 0.781569
12 0 6 0 255.159 202.406 0.796558
13 0 6 1 605.779 213.031 0.786865
14 0 6 2 36.477 223.552 0.82016
15 0 7 0 538.484 516.647 0.727208
16 0 7 1 347.722 630.423 0.745842
17 0 8 0 47.6752 466.056 0.730618
18 0 8 1 572.13 529.307 0.808797
19 0 8 2 258 605.182 0.702074
20 0 9 0 375.872 122.277 0.847846
21 0 10 0 302.901 124.401 0.919399
22 0 10 1 563.666 145.542 0.865095
23 0 11 0 443.134 343.676 0.843984
24 0 12 0 53.3466 295.228 0.822795
25 0 12 1 659.032 295.277 0.921102
26 0 12 2 215.997 337.374 0.839091
27 0 13 0 546.925 632.518 0.824337
28 0 13 1 328.152 765.486 0.391147
29 0 14 0 58.8639 582.016 0.790732
30 0 14 1 580.537 664.18 0.708915
31 0 14 2 235.453 765.491 0.454511
32 0 15 0 415.109 419.668 0.745994
33 0 16 0 594.524 345.772 0.939673
34 0 16 1 61.7325 358.459 0.762179
35 0 16 2 255.19 411.23 0.661816
36 0 17 0 67.2911 601.039 0.682699
37 0 17 1 524.311 683.271 0.635253
38 0 18 0 485.116 643.124 0.765201
39 1 0 0 594.537 379.642 0.775027
40 1 0 1 681.475 400.635 0.669383
41 1 0 2 145.687 415.401 0.754875
42 1 1 0 684.204 231.95 0.869404
43 1 1 1 145.676 244.529 0.931939
44 1 1 2 608.554 244.497 0.831674
45 1 2 0 571.924 379.575 0.805825
46 1 2 1 706.79 400.641 0.695002
47 1 2 2 103.69 415.475 0.720456
48 1 3 0 56.0223 379.593 0.59818
49 1 3 1 628.172 385.913 0.695867
50 1 3 2 185.069 413.321 0.711508
51 1 4 0 78.4346 175.026 0.85797
52 1 4 1 123.3 181.306 0.857093
53 1 4 2 597.262 198.224 0.913437
54 1 5 0 81.453 242.394 0.828724
55 1 5 1 571.972 242.447 0.930114
56 1 5 2 720.738 238.238 0.788026
57 1 6 0 36.5282 225.662 0.709975
58 1 6 1 642.249 234.065 0.92305
59 1 6 2 196.378 244.713 0.838997
60 1 7 0 552.548 478.697 0.841386
61 1 7 1 687.165 531.344 0.801845
62 1 7 2 123.386 548.327 0.780654
63 1 8 0 86.9284 482.929 0.667639
64 1 8 1 616.875 508.185 0.771022
65 1 8 2 190.746 548.354 0.830573
66 1 9 0 30.717 162.438 0.857646
67 1 10 0 171.017 174.94 0.897853
68 1 10 1 642.274 179.208 0.884901
69 1 11 0 527.251 280.398 0.96087
70 1 11 1 56.156 322.631 0.839459
71 1 11 2 751.478 328.867 0.9565
72 1 12 0 639.559 326.889 0.933996
73 1 12 1 235.492 333.15 0.881838
74 1 13 0 549.568 565.138 0.879403
75 1 13 1 131.829 649.541 0.745653
76 1 13 2 681.507 651.54 0.81708
77 1 14 0 597.433 571.474 0.225217
78 1 14 1 109.387 607.279 0.593298
79 1 14 2 605.771 657.931 0.750444
80 1 14 3 204.661 683.223 0.725829
81 1 15 0 549.538 326.8 0.93069
82 1 15 1 706.59 379.593 0.715256
83 1 15 2 56.1099 394.354 0.907845
84 1 16 0 617.044 394.24 0.83529
85 1 16 1 263.657 413.27 0.868895
86 1 17 0 549.572 662.16 0.796162
87 1 17 1 196.316 721.195 0.698618
88 1 18 0 507.687 579.911 0.756781
89 1 18 1 22.3969 647.334 0.297657
90 1 18 2 644.993 647.383 0.3836
91 1 18 3 148.733 678.991 0.677957
92 2 0 0 437.533 263.598 0.825631
93 2 0 1 712.347 364.85 0.632106
94 2 0 2 482.306 763.35 0.325528
95 2 1 0 459.785 111.76 0.934096
96 2 1 1 748.742 221.42 0.779169
97 2 1 2 457.123 569.376 0.661903
98 2 2 0 409.484 261.555 0.782539
99 2 2 1 706.672 362.626 0.577928
100 2 2 2 454.333 765.326 0.260456
101 2 3 0 468.296 263.663 0.744578
102 2 3 1 726.253 375.324 0.708898
103 2 3 2 513.164 759.107 0.26095
104 2 4 0 487.962 84.3233 0.857489
105 2 4 1 687.065 168.702 0.857274
106 2 4 2 98.008 415.447 0.256425
107 2 4 3 572.025 548.161 0.913098
108 2 5 0 409.44 109.68 0.852081
109 2 5 1 731.898 210.802 0.684729
110 2 5 2 423.441 600.962 0.651619
111 2 6 0 504.883 113.851 0.905367
112 2 6 1 754.499 232.011 0.800477
113 2 6 2 485.199 544.064 0.402584
114 2 7 0 392.617 364.801 0.841232
115 2 7 1 684.395 470.226 0.520203
116 2 8 0 457.108 362.774 0.878019
117 2 8 1 698.228 478.645 0.652066
118 2 9 0 459.744 59.1574 0.904552
119 2 9 1 44.822 464.025 0.732834
120 2 9 2 501.963 497.693 0.88716
121 2 10 0 737.602 162.339 0.89233
122 2 11 0 330.943 151.835 0.822008
123 2 11 1 358.914 716.983 0.856541
124 2 11 2 72.9504 763.368 0.541595
125 2 12 0 521.524 160.233 0.868264
126 2 12 1 771.239 337.417 0.872946
127 2 13 0 375.865 453.383 0.770686
128 2 13 1 684.377 548.342 0.742454
129 2 14 0 440.383 446.974 0.834052
130 2 14 1 681.516 592.541 0.769018
131 2 15 0 375.738 213.078 0.879235
132 2 15 1 157.004 733.842 0.735595
133 2 16 0 504.811 210.9 0.924056
134 2 16 1 706.768 379.682 0.925865
135 2 17 0 443.157 468.133 0.607985
136 2 17 1 630.99 615.81 0.751823
137 2 18 0 370.248 497.698 0.794713
138 2 18 1 639.433 550.459 0.791447
139 3 0 0 586.055 343.704 0.741882
140 3 0 1 283.355 356.34 0.699285
141 3 0 2 846.98 550.366 0.38139
142 3 1 0 283.294 179.297 0.839716
143 3 1 1 852.535 181.323 0.732381
144 3 1 2 586.088 193.971 0.88396
145 3 2 0 560.83 343.683 0.712675
146 3 2 1 263.615 356.396 0.671718
147 3 2 2 930.947 527.169 0.354711
148 3 3 0 611.283 343.718 0.722094
149 3 3 1 305.792 354.258 0.655488
150 3 3 2 774.1 546.158 0.382917
151 3 4 0 344.899 130.787 0.879458
152 3 4 1 1029.21 128.718 0.185779
153 3 4 2 555.311 143.494 0.907054
154 3 5 0 257.977 177.149 0.880025
155 3 5 1 956.273 181.339 0.647711
156 3 5 2 546.854 194.035 0.889741
157 3 6 0 748.788 181.369 0.712338
158 3 6 1 319.626 185.561 0.724864
159 3 6 2 622.555 193.922 0.873639
160 3 7 0 583.299 453.362 0.770562
161 3 7 1 274.729 497.728 0.756831
162 3 7 2 897.395 763.288 0.451335
163 3 8 0 617.049 455.484 0.820599
164 3 8 1 303.021 495.493 0.83011
165 3 8 2 734.728 733.828 0.542086
166 3 9 0 900.226 59.0542 0.478686
167 3 9 1 978.674 113.935 0.739032
168 3 9 2 297.274 122.277 0.856033
169 3 10 0 774.139 59.0985 0.822637
170 3 10 1 594.546 132.892 0.867512
171 3 11 0 193.451 238.297 0.878424
172 3 11 1 541.258 267.778 0.773685
173 3 11 2 1029.21 350.04 0.510616
174 3 12 0 658.984 272.047 0.855007
175 3 12 1 732.054 366.936 0.587117
176 3 13 0 597.435 550.375 0.849083
177 3 13 1 263.64 632.609 0.741808
178 3 14 0 642.132 560.908 0.771422
179 3 14 1 302.777 603.056 0.850753
180 3 15 0 246.742 303.634 0.822179
181 3 15 1 538.448 326.869 0.834668
182 3 16 0 619.708 331.157 0.85078
183 3 16 1 684.376 601.042 0.790068
184 3 17 0 633.724 584.078 0.432357
185 3 17 1 364.551 617.857 0.836835
186 3 18 0 569.205 581.905 0.84386
187 3 18 1 302.942 662.144 0.710824
188 4 0 0 1029.21 301.523 0.583839
189 4 0 1 572.11 333.176 0.590276
190 4 1 0 555.309 113.886 0.823774
191 4 1 1 1029.21 139.164 0.462897
192 4 2 0 1029.21 307.849 0.162882
193 4 2 1 614.04 337.369 0.549895
194 4 3 0 995.452 297.324 0.704693
195 4 3 1 532.89 328.984 0.556278
196 4 5 0 616.854 105.471 0.850281
197 4 6 0 504.63 126.521 0.859184
198 4 6 1 998.321 141.226 0.849563
199 4 7 0 1029.21 392.206 0.321286
200 4 7 1 639.321 514.55 0.781398
201 4 8 0 961.901 390.123 0.796585
202 4 8 1 552.523 501.911 0.737465
203 4 9 0 594.548 39.9666 0.911226
204 4 10 0 535.655 44.3527 0.27393
205 4 10 1 1001.08 92.7956 0.796229
206 4 11 0 684.365 177.207 0.95262
207 4 12 0 972.972 215.085 0.857149
208 4 12 1 448.663 223.557 0.778516
209 4 13 0 1029.21 503.955 0.343721
210 4 13 1 653.425 664.161 0.740536
211 4 14 0 945.093 474.463 0.81767
212 4 14 1 560.895 636.836 0.747073
213 4 15 0 661.793 261.416 0.915626
214 4 16 0 529.959 276.224 0.742066
215 4 16 1 933.77 286.773 0.861602
216 4 17 0 917.029 461.736 0.697093
217 4 17 1 591.731 628.348 0.47094
218 4 18 0 1001.08 512.355 0.370633
219 4 18 1 720.659 649.505 0.796099
P viewIdx, pafIdx, aOverAllIdx, bOverAllIdx, CandidAIdx, CandidBIdx, score
0 0 2 0 0 0 0
0 0 2 1 0 1 0.996316
0 0 3 0 1 0 0.965032
0 0 3 1 1 1 0
0 1 4 15 0 0 0.977103
0 1 4 16 0 1 0
0 1 5 15 1 0 0
0 1 5 16 1 1 0.96118
0 2 15 27 0 0 0.975101
0 2 15 28 0 1 0
0 2 16 27 1 0 0
0 2 16 28 1 1 0.968672
0 3 0 4 0 0 0.942218
0 3 0 5 0 1 0
0 3 1 4 1 0 0
0 3 1 5 1 1 0.875332
0 4 0 6 0 0 0
0 4 0 7 0 1 0.954315
0 4 0 8 0 2 0
0 4 1 6 1 0 0
0 4 1 7 1 1 0
0 4 1 8 1 2 0.874191
0 5 6 17 0 0 0.999788
0 5 6 18 0 1 0
0 5 6 19 0 2 0
0 5 7 17 1 0 0
0 5 7 18 1 1 0.988328
0 5 7 19 1 2 0
0 5 8 17 2 0 0
0 5 8 18 2 1 0
0 5 8 19 2 2 0.969174
0 6 17 29 0 0 0.98585
0 6 17 30 0 1 0
0 6 17 31 0 2 0
0 6 18 29 1 0 0
0 6 18 30 1 1 0.997419
0 6 18 31 1 2 0
0 6 19 29 2 0 0
0 6 19 30 2 1 0
0 6 19 31 2 2 0.97158
0 7 2 10 0 0 0.996126
0 7 2 11 0 1 0
0 7 3 10 1 0 0
0 7 3 11 1 1 0.976917
0 8 10 23 0 0 0.993499
0 8 11 23 1 0 0
0 9 23 32 0 0 0.956673
0 10 10 20 0 0 0.993372
0 10 11 20 1 0 0
0 11 2 12 0 0 0.983302
0 11 2 13 0 1 0
0 11 2 14 0 2 0
0 11 3 12 1 0 0
0 11 3 13 1 1 0.985194
0 11 3 14 1 2 0
0 12 12 24 0 0 0
0 12 12 25 0 1 0
0 12 12 26 0 2 0.971631
0 12 13 24 1 0 0
0 12 13 25 1 1 0.994804
0 12 13 26 1 2 0
0 12 14 24 2 0 0.975543
0 12 14 25 2 1 0
0 12 14 26 2 2 0
0 13 24 33 0 0 0
0 13 24 34 0 1 0.988511
0 13 24 35 0 2 0
0 13 25 33 1 0 0.97797
0 13 25 34 1 1 0
0 13 25 35 1 2 0
0 13 26 33 2 0 0
0 13 26 34 2 1 0
0 13 26 35 2 2 0.986364
0 14 12 21 0 0 0.982202
0 14 12 22 0 1 0
0 14 13 21 1 0 0
0 14 13 22 1 1 0.991556
0 14 14 21 2 0 0
0 14 14 22 2 1 0
0 15 2 9 0 0 0
0 15 3 9 1 0 0.99564
0 16 29 36 0 0 0.940805
0 16 29 37 0 1 0
0 16 30 36 1 0 0
0 16 30 37 1 1 0.948222
0 16 31 36 2 0 0
0 16 31 37 2 1 0
0 17 27 38 0 0 0.966833
0 17 28 38 1 0 0
1 0 42 39 0 0 0
1 0 42 40 0 1 0.987792
1 0 42 41 0 2 0
1 0 43 39 1 0 0
1 0 43 40 1 1 0
1 0 43 41 1 2 0.996073
1 0 44 39 2 0 0.983039
1 0 44 40 2 1 0
1 0 44 41 2 2 0
1 1 45 60 0 0 0.978695
1 1 45 61 0 1 0
1 1 45 62 0 2 0
1 1 46 60 1 0 0
1 1 46 61 1 1 0.951379
1 1 46 62 1 2 0
1 1 47 60 2 0 0
1 1 47 61 2 1 0
1 1 47 62 2 2 0.991882
1 2 60 74 0 0 0.998124
1 2 60 75 0 1 0
1 2 60 76 0 2 0
1 2 61 74 1 0 0
1 2 61 75 1 1 0
1 2 61 76 1 2 0.990444
1 2 62 74 2 0 0
1 2 62 75 2 1 0.996334
1 2 62 76 2 2 0
1 3 39 45 0 0 0.958211
1 3 39 46 0 1 0
1 3 39 47 0 2 0
1 3 40 45 1 0 0
1 3 40 46 1 1 0.919236
1 3 40 47 1 2 0
1 3 41 45 2 0 0
1 3 41 46 2 1 0
1 3 41 47 2 2 0.922784
1 4 39 48 0 0 0
1 4 39 49 0 1 0.935364
1 4 39 50 0 2 0
1 4 40 48 1 0 0
1 4 40 49 1 1 0
1 4 40 50 1 2 0
1 4 41 48 2 0 0
1 4 41 49 2 1 0
1 4 41 50 2 2 0.927053
1 5 48 63 0 0 0.970683
1 5 48 64 0 1 0
1 5 48 65 0 2 0
1 5 49 63 1 0 0
1 5 49 64 1 1 0.97986
1 5 49 65 1 2 0
1 5 50 63 2 0 0
1 5 50 64 2 1 0
1 5 50 65 2 2 0.986766
1 6 63 77 0 0 0
1 6 63 78 0 1 0.967842
1 6 63 79 0 2 0
1 6 63 80 0 3 0
1 6 64 77 1 0 0.492281
1 6 64 78 1 1 0
1 6 64 79 1 2 0.507719
1 6 64 80 1 3 0
1 6 65 77 2 0 0
1 6 65 78 2 1 0
1 6 65 79 2 2 0
1 6 65 80 2 3 0.998016
1 7 42 54 0 0 0
1 7 42 55 0 1 0
1 7 42 56 0 2 0.991684
1 7 43 54 1 0 0.995979
1 7 43 55 1 1 0
1 7 43 56 1 2 0
1 7 44 54 2 0 0
1 7 44 55 2 1 0.99872
1 7 44 56 2 2 0
1 8 54 69 0 0 0
1 8 54 70 0 1 0.974598
1 8 54 71 0 2 0
1 8 55 69 1 0 0.98164
1 8 55 70 1 1 0
1 8 55 71 1 2 0
1 8 56 69 2 0 0
1 8 56 70 2 1 0
1 8 56 71 2 2 0.997991
1 9 69 81 0 0 0.98928
1 9 69 82 0 1 0
1 9 69 83 0 2 0
1 9 70 81 1 0 0
1 9 70 82 1 1 0
1 9 70 83 1 2 0.999159
1 9 71 81 2 0 0
1 9 71 82 2 1 0.974951
1 9 71 83 2 2 0
1 10 54 66 0 0 0
1 10 55 66 1 0 0
1 10 56 66 2 0 0
1 11 42 57 0 0 0
1 11 42 58 0 1 0.956458
1 11 42 59 0 2 0
1 11 43 57 1 0 0
1 11 43 58 1 1 0
1 11 43 59 1 2 0.998044
1 11 44 57 2 0 0
1 11 44 58 2 1 0
1 11 44 59 2 2 0
1 12 57 72 0 0 0
1 12 57 73 0 1 0
1 12 58 72 1 0 0.991416
1 12 58 73 1 1 0
1 12 59 72 2 0 0
1 12 59 73 2 1 0.997265
1 13 72 84 0 0 0.963573
1 13 72 85 0 1 0
1 13 73 84 1 0 0
1 13 73 85 1 1 0.992546
1 14 57 67 0 0 0
1 14 57 68 0 1 0
1 14 58 67 1 0 0
1 14 58 68 1 1 0.995791
1 14 59 67 2 0 0.997615
1 14 59 68 2 1 0
1 15 42 51 0 0 0
1 15 42 52 0 1 0
1 15 42 53 0 2 0.476848
1 15 43 51 1 0 0
1 15 43 52 1 1 0.990588
1 15 43 53 1 2 0
1 15 44 51 2 0 0
1 15 44 52 2 1 0
1 15 44 53 2 2 0.519504
1 16 77 86 0 0 0
1 16 77 87 0 1 0
1 16 78 86 1 0 0
1 16 78 87 1 1 0
1 16 79 86 2 0 0.977191
1 16 79 87 2 1 0
1 16 80 86 3 0 0
1 16 80 87 3 1 0.96328
1 17 74 88 0 0 0.947828
1 17 74 89 0 1 0
1 17 74 90 0 2 0
1 17 74 91 0 3 0
1 17 75 88 1 0 0
1 17 75 89 1 1 0
1 17 75 90 1 2 0
1 17 75 91 1 3 0.957424
1 17 76 88 2 0 0
1 17 76 89 2 1 0
1 17 76 90 2 2 0.850515
1 17 76 91 2 3 0
2 0 95 92 0 0 0.992833
2 0 95 93 0 1 0
2 0 95 94 0 2 0
2 0 96 92 1 0 0
2 0 96 93 1 1 0.961098
2 0 96 94 1 2 0
2 0 97 92 2 0 0
2 0 97 93 2 1 0
2 0 97 94 2 2 0.959706
2 1 98 114 0 0 0.985957
2 1 98 115 0 1 0
2 1 99 114 1 0 0
2 1 99 115 1 1 0.863665
2 1 100 114 2 0 0
2 1 100 115 2 1 0
2 2 114 127 0 0 0.961203
2 2 114 128 0 1 0
2 2 115 127 1 0 0
2 2 115 128 1 1 0.928192
2 3 92 98 0 0 0.95239
2 3 92 99 0 1 0
2 3 92 100 0 2 0
2 3 93 98 1 0 0
2 3 93 99 1 1 0.893162
2 3 93 100 1 2 0
2 3 94 98 2 0 0
2 3 94 99 2 1 0
2 3 94 100 2 2 0.779231
2 4 92 101 0 0 0.951054
2 4 92 102 0 1 0
2 4 92 103 0 2 0
2 4 93 101 1 0 0
2 4 93 102 1 1 0.899745
2 4 93 103 1 2 0
2 4 94 101 2 0 0
2 4 94 102 2 1 0
2 4 94 103 2 2 0.768064
2 5 101 116 0 0 0.996633
2 5 101 117 0 1 0
2 5 102 116 1 0 0
2 5 102 117 1 1 0.975462
2 5 103 116 2 0 0
2 5 103 117 2 1 0
2 6 116 129 0 0 0.984569
2 6 116 130 0 1 0
2 6 117 129 1 0 0
2 6 117 130 1 1 0.974667
2 7 95 108 0 0 0.999397
2 7 95 109 0 1 0
2 7 95 110 0 2 0
2 7 96 108 1 0 0
2 7 96 109 1 1 0.95947
2 7 96 110 1 2 0
2 7 97 108 2 0 0
2 7 97 109 2 1 0
2 7 97 110 2 2 0.93263
2 8 108 122 0 0 0.969587
2 8 108 123 0 1 0
2 8 108 124 0 2 0
2 8 109 122 1 0 0
2 8 109 123 1 1 0
2 8 109 124 1 2 0
2 8 110 122 2 0 0
2 8 110 123 2 1 0.966143
2 8 110 124 2 2 0
2 9 122 131 0 0 0.988077
2 9 122 132 0 1 0
2 9 123 131 1 0 0
2 9 123 132 1 1 0
2 9 124 131 2 0 0
2 9 124 132 2 1 0.942083
2 10 108 118 0 0 0.97395
2 10 108 119 0 1 0
2 10 108 120 0 2 0
2 10 109 118 1 0 0
2 10 109 119 1 1 0
2 10 109 120 1 2 0
2 10 110 118 2 0 0
2 10 110 119 2 1 0
2 10 110 120 2 2 0.958931
2 11 95 111 0 0 0.99604
2 11 95 112 0 1 0
2 11 95 113 0 2 0
2 11 96 111 1 0 0
2 11 96 112 1 1 0.954859
2 11 96 113 1 2 0
2 11 97 111 2 0 0
2 11 97 112 2 1 0
2 11 97 113 2 2 0.905028
2 12 111 125 0 0 0.990862
2 12 111 126 0 1 0
2 12 112 125 1 0 0
2 12 112 126 1 1 0.977734
2 12 113 125 2 0 0
2 12 113 126 2 1 0
2 13 125 133 0 0 0.99974
2 13 125 134 0 1 0
2 13 126 133 1 0 0
2 13 126 134 1 1 0.983312
2 14 111 121 0 0 0
2 14 112 121 1 0 0.980943
2 14 113 121 2 0 0
2 15 95 104 0 0 0.969435
2 15 95 105 0 1 0
2 15 95 106 0 2 0
2 15 95 107 0 3 0
2 15 96 104 1 0 0
2 15 96 105 1 1 0.99908
2 15 96 106 1 2 0
2 15 96 107 1 3 0
2 15 97 104 2 0 0
2 15 97 105 2 1 0
2 15 97 106 2 2 0
2 15 97 107 2 3 0.961712
2 16 129 135 0 0 0.96725
2 16 129 136 0 1 0
2 16 130 135 1 0 0
2 16 130 136 1 1 0.944243
2 17 127 137 0 0 0.940532
2 17 127 138 0 1 0
2 17 128 137 1 0 0
2 17 128 138 1 1 0.924755
3 0 142 139 0 0 0
3 0 142 140 0 1 0.979718
3 0 142 141 0 2 0
3 0 143 139 1 0 0
3 0 143 140 1 1 0
3 0 143 141 1 2 0.935291
3 0 144 139 2 0 0.97865
3 0 144 140 2 1 0
3 0 144 141 2 2 0
3 1 145 160 0 0 0.99362
3 1 145 161 0 1 0
3 1 145 162 0 2 0
3 1 146 160 1 0 0
3 1 146 161 1 1 0.964716
3 1 146 162 1 2 0
3 1 147 160 2 0 0
3 1 147 161 2 1 0
3 1 147 162 2 2 0.958237
3 2 160 176 0 0 0.985489
3 2 160 177 0 1 0
3 2 161 176 1 0 0
3 2 161 177 1 1 0.993913
3 2 162 176 2 0 0
3 2 162 177 2 1 0
3 3 139 145 0 0 0.958443
3 3 139 146 0 1 0
3 3 139 147 0 2 0
3 3 140 145 1 0 0
3 3 140 146 1 1 0.927912
3 3 140 147 1 2 0
3 3 141 145 2 0 0
3 3 141 146 2 1 0
3 3 141 147 2 2 0.803723
3 4 139 148 0 0 0.957387
3 4 139 149 0 1 0
3 4 139 150 0 2 0
3 4 140 148 1 0 0
3 4 140 149 1 1 0.925381
3 4 140 150 1 2 0
3 4 141 148 2 0 0
3 4 141 149 2 1 0
3 4 141 150 2 2 0.823605
3 5 148 163 0 0 0.987846
3 5 148 164 0 1 0
3 5 148 165 0 2 0
3 5 149 163 1 0 0
3 5 149 164 1 1 0.982996
3 5 149 165 1 2 0
3 5 150 163 2 0 0
3 5 150 164 2 1 0
3 5 150 165 2 2 0.939306
3 6 163 178 0 0 0.98926
3 6 163 179 0 1 0
3 6 164 178 1 0 0
3 6 164 179 1 1 0.995679
3 6 165 178 2 0 0
3 6 165 179 2 1 0
3 7 142 154 0 0 0.988676
3 7 142 155 0 1 0
3 7 142 156 0 2 0
3 7 143 154 1 0 0
3 7 143 155 1 1 0.949444
3 7 143 156 1 2 0
3 7 144 154 2 0 0
3 7 144 155 2 1 0
3 7 144 156 2 2 0.99946
3 8 154 171 0 0 0.967097
3 8 154 172 0 1 0
3 8 154 173 0 2 0
3 8 155 171 1 0 0
3 8 155 172 1 1 0
3 8 155 173 1 2 0.971254
3 8 156 171 2 0 0
3 8 156 172 2 1 0.981622
3 8 156 173 2 2 0
3 9 171 180 0 0 0.987339
3 9 171 181 0 1 0
3 9 172 180 1 0 0
3 9 172 181 1 1 0.983144
3 9 173 180 2 0 0
3 9 173 181 2 1 0
3 10 154 166 0 0 0
3 10 154 167 0 1 0
3 10 154 168 0 2 0.986033
3 10 155 166 1 0 0.49399
3 10 155 167 1 1 0.50601
3 10 155 168 1 2 0
3 10 156 166 2 0 0
3 10 156 167 2 1 0
3 10 156 168 2 2 0
3 11 142 157 0 0 0
3 11 142 158 0 1 0.983247
3 11 142 159 0 2 0
3 11 143 157 1 0 0.957691
3 11 143 158 1 1 0
3 11 143 159 1 2 0
3 11 144 157 2 0 0
3 11 144 158 2 1 0
3 11 144 159 2 2 0.999345
3 12 157 174 0 0 0
3 12 157 175 0 1 0.937542
3 12 158 174 1 0 0
3 12 158 175 1 1 0
3 12 159 174 2 0 0.996065
3 12 159 175 2 1 0
3 13 174 182 0 0 0.977258
3 13 174 183 0 1 0
3 13 175 182 1 0 0
3 13 175 183 1 1 0.899171
3 14 157 169 0 0 0.977248
3 14 157 170 0 1 0
3 14 158 169 1 0 0
3 14 158 170 1 1 0
3 14 159 169 2 0 0
3 14 159 170 2 1 0.998307
3 15 142 151 0 0 0.960514
3 15 142 152 0 1 0
3 15 142 153 0 2 0
3 15 143 151 1 0 0
3 15 143 152 1 1 0
3 15 143 153 1 2 0
3 15 144 151 2 0 0
3 15 144 152 2 1 0
3 15 144 153 2 2 0.990932
3 16 178 184 0 0 0.94858
3 16 178 185 0 1 0
3 16 179 184 1 0 0
3 16 179 185 1 1 0.989308
3 17 176 186 0 0 0.969823
3 17 176 187 0 1 0
3 17 177 186 1 0 0
3 17 177 187 1 1 0.956074
4 0 190 188 0 0 0
4 0 190 189 0 1 0.970848
4 0 191 188 1 0 0.777029
4 0 191 189 1 1 0
4 1 192 199 0 0 0
4 1 192 200 0 1 0
4 1 193 199 1 0 0
4 1 193 200 1 1 0.982957
4 2 199 209 0 0 0.677936
4 2 199 210 0 1 0
4 2 200 209 1 0 0
4 2 200 210 1 1 0.998534
4 3 188 192 0 0 0.606802
4 3 188 193 0 1 0
4 3 189 192 1 0 0
4 3 189 193 1 1 0.882566
4 4 188 194 0 0 0.919636
4 4 188 195 0 1 0
4 4 189 194 1 0 0
4 4 189 195 1 1 0.894075
4 5 194 201 0 0 0.97349
4 5 194 202 0 1 0
4 5 195 201 1 0 0
4 5 195 202 1 1 0.964203
4 6 201 211 0 0 0.982907
4 6 201 212 0 1 0
4 6 202 211 1 0 0
4 6 202 212 1 1 0.989474
4 7 190 196 0 0 0.981656
4 7 191 196 1 0 0
4 8 196 206 0 0 0.990881
4 9 206 213 0 0 0.966699
4 10 196 203 0 0 0.998111
4 11 190 197 0 0 0.960426
4 11 190 198 0 1 0
4 11 191 197 1 0 0
4 11 191 198 1 1 0.97693
4 12 197 207 0 0 0
4 12 197 208 0 1 0.984551
4 12 198 207 1 0 0.989998
4 12 198 208 1 1 0
4 13 207 214 0 0 0
4 13 207 215 0 1 0.996136
4 13 208 214 1 0 0.998776
4 13 208 215 1 1 0
4 14 197 204 0 0 0.786419
4 14 197 205 0 1 0
4 14 198 204 1 0 0
4 14 198 205 1 1 0.97587
4 16 211 216 0 0 0.95992
4 16 211 217 0 1 0
4 16 212 216 1 0 0
4 16 212 217 1 1 0.821723
4 17 209 218 0 0 0.793666
4 17 209 219 0 1 0
4 17 210 218 1 0 0
4 17 210 219 1 1 0.947381
E jointIdx viewA viewB aOverAllIdx bOverallIdx score
0 0 1 0 39 0.322017
0 0 1 0 40 0.103485
0 0 1 0 41 0.424732
0 0 1 1 39 0.283785
0 0 1 1 40 0.769835
0 0 1 1 41 -1
0 0 2 0 92 0.972783
0 0 2 0 93 -1
0 0 2 0 94 -1
0 0 2 1 92 -1
0 0 2 1 93 0.961323
0 0 2 1 94 -1
0 0 3 0 139 -1
0 0 3 0 140 0.789638
0 0 3 0 141 -1
0 0 3 1 139 0.951825
0 0 3 1 140 -1
0 0 3 1 141 -1
0 0 4 0 188 -1
0 0 4 0 189 0.984258
0 0 4 1 188 -1
0 0 4 1 189 -1
0 1 2 39 92 0.995069
0 1 2 39 93 0.503149
0 1 2 39 94 -1
0 1 2 40 92 -1
0 1 2 40 93 0.781414
0 1 2 40 94 -1
0 1 2 41 92 -1
0 1 2 41 93 -1
0 1 2 41 94 0.457501
0 1 3 39 139 0.776658
0 1 3 39 140 0.791646
0 1 3 39 141 -1
0 1 3 40 139 0.875242
0 1 3 40 140 0.617016
0 1 3 40 141 -1
0 1 3 41 139 -1
0 1 3 41 140 -1
0 1 3 41 141 -1
0 1 4 39 188 -1
0 1 4 39 189 0.798238
0 1 4 40 188 -1
0 1 4 40 189 0.0017063
0 1 4 41 188 0.660189
0 1 4 41 189 -1
0 2 3 92 139 -1
0 2 3 92 140 0.840109
0 2 3 92 141 -1
0 2 3 93 139 0.993138
0 2 3 93 140 -1
0 2 3 93 141 -1
0 2 3 94 139 -1
0 2 3 94 140 -1
0 2 3 94 141 0.709603
0 2 4 92 188 -1
0 2 4 92 189 0.808575
0 2 4 93 188 -1
0 2 4 93 189 0.168173
0 2 4 94 188 0.683174
0 2 4 94 189 -1
0 3 4 139 188 -1
0 3 4 139 189 -1
0 3 4 140 188 0.257083
0 3 4 140 189 0.742917
0 3 4 141 188 -1
0 3 4 141 189 -1
1 0 1 2 42 0.277419
1 0 1 2 43 0.173714
1 0 1 2 44 0.228611
1 0 1 3 42 0.217261
1 0 1 3 43 0.189217
1 0 1 3 44 0.266845
1 0 2 2 95 -1
1 0 2 2 96 0.956432
1 0 2 2 97 -1
1 0 2 3 95 0.989183
1 0 2 3 96 -1
1 0 2 3 97 -1
1 0 3 2 142 0.524521
1 0 3 2 143 -1
1 0 3 2 144 0.550986
1 0 3 3 142 0.475479
1 0 3 3 143 -1
1 0 3 3 144 0.449014
1 0 4 2 190 0.295513
1 0 4 2 191 0.244466
1 0 4 3 190 0.704487
1 0 4 3 191 0.104288
1 1 2 42 95 -1
1 1 2 42 96 0.749704
1 1 2 42 97 -1
1 1 2 43 95 -1
1 1 2 43 96 -1
1 1 2 43 97 0.653407
1 1 2 44 95 0.945044
1 1 2 44 96 0.226311
1 1 2 44 97 -1
1 1 3 42 142 0.162974
1 1 3 42 143 0.188372
1 1 3 42 144 0.159022
1 1 3 43 142 0.161889
1 1 3 43 143 0.180057
1 1 3 43 144 0.164548
1 1 3 44 142 0.175471
1 1 3 44 143 0.132524
1 1 3 44 144 0.177415
1 1 4 42 190 0.644507
1 1 4 42 191 -1
1 1 4 43 190 -1
1 1 4 43 191 0.929717
1 1 4 44 190 0.88984
1 1 4 44 191 -1
1 2 3 95 142 0.899505
1 2 3 95 143 -1
1 2 3 95 144 -1
1 2 3 96 142 -1
1 2 3 96 143 -1
1 2 3 96 144 0.91871
1 2 3 97 142 -1
1 2 3 97 143 -1
1 2 3 97 144 -1
1 2 4 95 190 0.85826
1 2 4 95 191 -1
1 2 4 96 190 0.265352
1 2 4 96 191 -1
1 2 4 97 190 -1
1 2 4 97 191 0.691724
1 3 4 142 190 0.418969
1 3 4 142 191 0.191778
1 3 4 143 190 0.21685
1 3 4 143 191 0.317495
1 3 4 144 190 0.22727
1 3 4 144 191 0.428057
2 0 1 4 45 0.391398
2 0 1 4 46 0.087697
2 0 1 4 47 0.424067
2 0 1 5 45 0.176452
2 0 1 5 46 0.815475
2 0 1 5 47 -1
2 0 2 4 98 0.771652
2 0 2 4 99 -1
2 0 2 4 100 -1
2 0 2 5 98 -1
2 0 2 5 99 0.660047
2 0 2 5 100 -1
2 0 3 4 145 -1
2 0 3 4 146 0.605679
2 0 3 4 147 -1
2 0 3 5 145 0.95498
2 0 3 5 146 -1
2 0 3 5 147 -1
2 0 4 4 192 -1
2 0 4 4 193 0.661676
2 0 4 5 192 -1
2 0 4 5 193 0.338324
2 1 2 45 98 0.851782
2 1 2 45 99 0.238201
2 1 2 45 100 -1
2 1 2 46 98 -1
2 1 2 46 99 0.44365
2 1 2 46 100 -1
2 1 2 47 98 -1
2 1 2 47 99 -1
2 1 2 47 100 0.926453
2 1 3 45 145 0.929111
2 1 3 45 146 0.644354
2 1 3 45 147 -1
2 1 3 46 145 0.842321
2 1 3 46 146 0.68522
2 1 3 46 147 -1
2 1 3 47 145 -1
2 1 3 47 146 -1
2 1 3 47 147 0.196096
2 1 4 45 192 -1
2 1 4 45 193 0.921946
2 1 4 46 192 -1
2 1 4 46 193 -1
2 1 4 47 192 0.217513
2 1 4 47 193 -1
2 2 3 98 145 -1
2 2 3 98 146 0.833539
2 2 3 98 147 -1
2 2 3 99 145 0.698799
2 2 3 99 146 -1
2 2 3 99 147 -1
2 2 3 100 145 -1
2 2 3 100 146 -1
2 2 3 100 147 0.639255
2 2 4 98 192 -1
2 2 4 98 193 0.969776
2 2 4 99 192 -1
2 2 4 99 193 -1
2 2 4 100 192 0.947685
2 2 4 100 193 -1
2 3 4 145 192 -1
2 3 4 145 193 -1
2 3 4 146 192 0.247391
2 3 4 146 193 0.752609
2 3 4 147 192 0.529084
2 3 4 147 193 -1
3 0 1 6 48 0.73869
3 0 1 6 49 0.123593
3 0 1 6 50 0.0450596
3 0 1 7 48 -1
3 0 1 7 49 0.443387
3 0 1 7 50 0.898239
3 0 1 8 48 -1
3 0 1 8 49 0.397996
3 0 1 8 50 0.0439318
3 0 2 6 101 -1
3 0 2 6 102 -1
3 0 2 6 103 -1
3 0 2 7 101 0.842954
3 0 2 7 102 -1
3 0 2 7 103 -1
3 0 2 8 101 -1
3 0 2 8 102 0.917535
3 0 2 8 103 -1
3 0 3 6 148 -1
3 0 3 6 149 -1
3 0 3 6 150 0.723528
3 0 3 7 148 -1
3 0 3 7 149 0.992064
3 0 3 7 150 -1
3 0 3 8 148 0.986765
3 0 3 8 149 -1
3 0 3 8 150 -1
3 0 4 6 194 0.105185
3 0 4 6 195 -1
3 0 4 7 194 -1
3 0 4 7 195 0.918908
3 0 4 8 194 -1
3 0 4 8 195 -1
3 1 2 48 101 -1
3 1 2 48 102 -1
3 1 2 48 103 0.569166
3 1 2 49 101 0.90338
3 1 2 49 102 0.879247
3 1 2 49 103 -1
3 1 2 50 101 -1
3 1 2 50 102 -1
3 1 2 50 103 0.0513174
3 1 3 48 148 -1
3 1 3 48 149 -1
3 1 3 48 150 0.564902
3 1 3 49 148 0.712403
3 1 3 49 149 0.782275
3 1 3 49 150 -1
3 1 3 50 148 -1
3 1 3 50 149 -1
3 1 3 50 150 -1
3 1 4 48 194 -1
3 1 4 48 195 -1
3 1 4 49 194 -1
3 1 4 49 195 0.783263
3 1 4 50 194 0.718707
3 1 4 50 195 -1
3 2 3 101 148 -1
3 2 3 101 149 0.88188
3 2 3 101 150 -1
3 2 3 102 148 0.895841
3 2 3 102 149 -1
3 2 3 102 150 -1
3 2 3 103 148 -1
3 2 3 103 149 -1
3 2 3 103 150 -1
3 2 4 101 194 -1
3 2 4 101 195 0.672884
3 2 4 102 194 -1
3 2 4 102 195 0.869308
3 2 4 103 194 0.969862
3 2 4 103 195 -1
3 3 4 148 194 -1
3 3 4 148 195 0.0663702
3 3 4 149 194 0.289453
3 3 4 149 195 0.710547
3 3 4 150 194 -1
3 3 4 150 195 -1
4 0 1 9 51 0.306006
4 0 1 9 52 0.239995
4 0 1 9 53 0.453999
4 0 2 9 104 0.960276
4 0 2 9 105 -1
4 0 2 9 106 -1
4 0 2 9 107 -1
4 0 3 9 151 0.940182
4 0 3 9 152 -1
4 0 3 9 153 0.294576
4 1 2 51 104 -1
4 1 2 51 105 -1
4 1 2 51 106 0.908862
4 1 2 51 107 0.704628
4 1 2 52 104 -1
4 1 2 52 105 -1
4 1 2 52 106 0.297312
4 1 2 52 107 0.839391
4 1 2 53 104 0.962471
4 1 2 53 105 0.618422
4 1 2 53 106 -1
4 1 2 53 107 -1
4 1 3 51 151 -1
4 1 3 51 152 0.858851
4 1 3 51 153 0.0745128
4 1 3 52 151 0.150851
4 1 3 52 152 0.57821
4 1 3 52 153 0.218865
4 1 3 53 151 0.97824
4 1 3 53 152 -1
4 1 3 53 153 0.686885
4 2 3 104 151 0.939172
4 2 3 104 152 -1
4 2 3 104 153 -1
4 2 3 105 151 -1
4 2 3 105 152 -1
4 2 3 105 153 0.899116
4 2 3 106 151 -1
4 2 3 106 152 -1
4 2 3 106 153 -1
4 2 3 107 151 -1
4 2 3 107 152 0.815539
4 2 3 107 153 -1
5 0 1 10 54 0.13854
5 0 1 10 55 0.230352
5 0 1 10 56 0.252698
5 0 1 11 54 0.15411
5 0 1 11 55 0.246997
5 0 1 11 56 0.224617
5 0 2 10 108 -1
5 0 2 10 109 0.627883
5 0 2 10 110 -1
5 0 2 11 108 0.897738
5 0 2 11 109 -1
5 0 2 11 110 -1
5 0 3 10 154 0.550169
5 0 3 10 155 -1
5 0 3 10 156 0.5296
5 0 3 11 154 0.449831
5 0 3 11 155 -1
5 0 3 11 156 0.4704
5 0 4 10 196 0.383813
5 0 4 11 196 0.616186
5 1 2 54 108 -1
5 1 2 54 109 -1
5 1 2 54 110 0.998971
5 1 2 55 108 0.918337
5 1 2 55 109 -1
5 1 2 55 110 -1
5 1 2 56 108 -1
5 1 2 56 109 0.473
5 1 2 56 110 -1
5 1 3 54 154 0.148398
5 1 3 54 155 0.220983
5 1 3 54 156 0.15659
5 1 3 55 154 0.161946
5 1 3 55 155 0.137855
5 1 3 55 156 0.175761
5 1 3 56 154 0.178183
5 1 3 56 155 0.141303
5 1 3 56 156 0.15871
5 1 4 54 196 -1
5 1 4 55 196 0.845898
5 1 4 56 196 -1
5 2 3 108 154 0.997703
5 2 3 108 155 -1
5 2 3 108 156 -1
5 2 3 109 154 -1
5 2 3 109 155 -1
5 2 3 109 156 0.676276
5 2 3 110 154 -1
5 2 3 110 155 0.312911
5 2 3 110 156 -1
5 2 4 108 196 0.932335
5 2 4 109 196 0.848791
5 2 4 110 196 -1
5 3 4 154 196 0.69054
5 3 4 155 196 0.0722514
5 3 4 156 196 0.237208
6 0 1 12 57 0.166025
6 0 1 12 58 0.221787
6 0 1 12 59 0.0881919
6 0 1 13 57 0.132886
6 0 1 13 58 0.15797
6 0 1 13 59 0.222933
6 0 1 14 57 0.191788
6 0 1 14 58 0.133719
6 0 1 14 59 0.189823
6 0 2 12 111 -1
6 0 2 12 112 0.839912
6 0 2 12 113 -1
6 0 2 13 111 0.921599
6 0 2 13 112 -1
6 0 2 13 113 -1
6 0 2 14 111 -1
6 0 2 14 112 -1
6 0 2 14 113 -1
6 0 3 12 157 0.0997138
6 0 3 12 158 0.15007
6 0 3 12 159 0.213687
6 0 3 13 157 0.034625
6 0 3 13 158 0.224456
6 0 3 13 159 0.172541
6 0 3 14 157 0.295797
6 0 3 14 158 0.145777
6 0 3 14 159 0.136679
6 0 4 12 197 0.317948
6 0 4 12 198 0.150871
6 0 4 13 197 0.578116
6 0 4 13 198 0.12611
6 0 4 14 197 0.0561869
6 0 4 14 198 0.712602
6 1 2 57 111 -1
6 1 2 57 112 -1
6 1 2 57 113 -1
6 1 2 58 111 0.76673
6 1 2 58 112 0.886848
6 1 2 58 113 -1
6 1 2 59 111 -1
6 1 2 59 112 -1
6 1 2 59 113 0.39772
6 1 3 57 157 0.170446
6 1 3 57 158 0.135052
6 1 3 57 159 0.133308
6 1 3 58 157 0.133378
6 1 3 58 158 0.142011
6 1 3 58 159 0.1564
6 1 3 59 157 0.122796
6 1 3 59 158 0.161921
6 1 3 59 159 0.146345
6 1 4 57 197 -1
6 1 4 57 198 0.94477
6 1 4 58 197 0.658827
6 1 4 58 198 -1
6 1 4 59 197 -1
6 1 4 59 198 0.992625
6 2 3 111 157 -1
6 2 3 111 158 0.950376
6 2 3 111 159 -1
6 2 3 112 157 -1
6 2 3 112 158 -1
6 2 3 112 159 0.820698
6 2 3 113 157 -1
6 2 3 113 158 -1
6 2 3 113 159 -1
6 2 4 111 197 0.889828
6 2 4 111 198 -1
6 2 4 112 197 -1
6 2 4 112 198 -1
6 2 4 113 197 -1
6 2 4 113 198 0.623229
6 3 4 157 197 0.284257
6 3 4 157 198 0.241505
6 3 4 158 197 0.296911
6 3 4 158 198 0.220428
6 3 4 159 197 0.218086
6 3 4 159 198 0.351719
7 0 1 15 60 0.94907
7 0 1 15 61 -1
7 0 1 15 62 0.721163
7 0 1 16 60 -1
7 0 1 16 61 0.951543
7 0 1 16 62 -1
7 0 2 15 114 0.873533
7 0 2 15 115 -1
7 0 2 16 114 -1
7 0 2 16 115 0.89123
7 0 3 15 160 -1
7 0 3 15 161 0.890531
7 0 3 15 162 -1
7 0 3 16 160 0.986116
7 0 3 16 161 -1
7 0 3 16 162 -1
7 0 4 15 199 -1
7 0 4 15 200 0.864905
7 0 4 16 199 -1
7 0 4 16 200 0.0106694
7 1 2 60 114 0.595356
7 1 2 60 115 0.404644
7 1 2 61 114 -1
7 1 2 61 115 0.511483
7 1 2 62 114 -1
7 1 2 62 115 -1
7 1 3 60 160 0.740894
7 1 3 60 161 0.742925
7 1 3 60 162 -1
7 1 3 61 160 0.937225
7 1 3 61 161 0.391591
7 1 3 61 162 -1
7 1 3 62 160 -1
7 1 3 62 161 -1
7 1 3 62 162 -1
7 1 4 60 199 -1
7 1 4 60 200 0.96915
7 1 4 61 199 -1
7 1 4 61 200 -1
7 1 4 62 199 0.880641
7 1 4 62 200 -1
7 2 3 114 160 -1
7 2 3 114 161 0.962985
7 2 3 114 162 -1
7 2 3 115 160 0.808071
7 2 3 115 161 -1
7 2 3 115 162 -1
7 2 4 114 199 -1
7 2 4 114 200 0.752804
7 2 4 115 199 -1
7 2 4 115 200 -1
7 3 4 160 199 -1
7 3 4 160 200 -1
7 3 4 161 199 0.629217
7 3 4 161 200 0.370783
7 3 4 162 199 -1
7 3 4 162 200 -1
8 0 1 17 63 0.890054
8 0 1 17 64 -1
8 0 1 17 65 -1
8 0 1 18 63 -1
8 0 1 18 64 0.13604
8 0 1 18 65 0.857943
8 0 1 19 63 -1
8 0 1 19 64 0.557033
8 0 1 19 65 -1
8 0 2 17 116 -1
8 0 2 17 117 0.10923
8 0 2 18 116 0.80075
8 0 2 18 117 -1
8 0 2 19 116 -1
8 0 2 19 117 0.760142
8 0 3 17 163 -1
8 0 3 17 164 -1
8 0 3 17 165 0.847295
8 0 3 18 163 -1
8 0 3 18 164 0.718551
8 0 3 18 165 -1
8 0 3 19 163 0.838376
8 0 3 19 164 -1
8 0 3 19 165 -1
8 0 4 17 201 0.100436
8 0 4 17 202 -1
8 0 4 18 201 -1
8 0 4 18 202 0.661268
8 0 4 19 201 -1
8 0 4 19 202 -1
8 1 2 63 116 -1
8 1 2 63 117 -1
8 1 2 64 116 0.389071
8 1 2 64 117 0.610929
8 1 2 65 116 -1
8 1 2 65 117 -1
8 1 3 63 163 -1
8 1 3 63 164 -1
8 1 3 63 165 0.447064
8 1 3 64 163 0.698496
8 1 3 64 164 0.553661
8 1 3 64 165 -1
8 1 3 65 163 -1
8 1 3 65 164 -1
8 1 3 65 165 0.147158
8 1 4 63 201 -1
8 1 4 63 202 -1
8 1 4 64 201 -1
8 1 4 64 202 0.84309
8 1 4 65 201 0.728271
8 1 4 65 202 -1
8 2 3 116 163 -1
8 2 3 116 164 0.938336
8 2 3 116 165 -1
8 2 3 117 163 0.859651
8 2 3 117 164 -1
8 2 3 117 165 -1
8 2 4 116 201 -1
8 2 4 116 202 0.958512
8 2 4 117 201 -1
8 2 4 117 202 -1
8 3 4 163 201 -1
8 3 4 163 202 -1
8 3 4 164 201 0.452637
8 3 4 164 202 0.547363
8 3 4 165 201 -1
8 3 4 165 202 -1
9 0 1 20 66 -1
9 0 2 20 118 0.234982
9 0 2 20 119 -1
9 0 2 20 120 -1
9 0 3 20 166 -1
9 0 3 20 167 -1
9 0 3 20 168 -1
9 0 4 20 203 0.421164
9 1 2 66 118 -1
9 1 2 66 119 0.75069
9 1 2 66 120 0.0375539
9 1 3 66 166 0.851709
9 1 3 66 167 0.798931
9 1 3 66 168 -1
9 1 4 66 203 -1
9 2 3 118 166 -1
9 2 3 118 167 -1
9 2 3 118 168 0.894491
9 2 3 119 166 0.932549
9 2 3 119 167 0.00921428
9 2 3 119 168 -1
9 2 3 120 166 -1
9 2 3 120 167 0.868213
9 2 3 120 168 -1
9 2 4 118 203 0.935592
9 2 4 119 203 -1
9 2 4 120 203 -1
9 3 4 166 203 0.815824
9 3 4 167 203 -1
9 3 4 168 203 0.933193
10 0 1 21 67 -1
10 0 1 21 68 0.670545
10 0 1 22 67 0.592141
10 0 1 22 68 0.275803
10 0 2 21 121 0.919653
10 0 2 22 121 -1
10 0 3 21 169 -1
10 0 3 21 170 0.885128
10 0 3 22 169 -1
10 0 3 22 170 -1
10 0 4 21 204 -1
10 0 4 21 205 -1
10 0 4 22 204 0.778318
10 0 4 22 205 -1
10 1 2 67 121 -1
10 1 2 68 121 0.889463
10 1 3 67 169 0.358559
10 1 3 67 170 0.298146
10 1 3 68 169 -1
10 1 3 68 170 0.701854
10 1 4 67 204 -1
10 1 4 67 205 0.868987
10 1 4 68 204 0.871788
10 1 4 68 205 -1
10 2 3 121 169 0.169805
10 2 3 121 170 0.830195
10 2 4 121 204 -1
10 2 4 121 205 -1
10 3 4 169 204 0.413066
10 3 4 169 205 -1
10 3 4 170 204 0.196263
10 3 4 170 205 0.626978
11 0 1 23 69 -1
11 0 1 23 70 -1
11 0 1 23 71 0.921866
11 0 2 23 122 -1
11 0 2 23 123 -1
11 0 2 23 124 -1
11 0 3 23 171 -1
11 0 3 23 172 0.84956
11 0 3 23 173 -1
11 0 4 23 206 -1
11 1 2 69 122 0.900036
11 1 2 69 123 -1
11 1 2 69 124 -1
11 1 2 70 122 -1
11 1 2 70 123 0.804667
11 1 2 70 124 -1
11 1 2 71 122 -1
11 1 2 71 123 -1
11 1 2 71 124 -1
11 1 3 69 171 0.912275
11 1 3 69 172 0.456828
11 1 3 69 173 -1
11 1 3 70 171 -1
11 1 3 70 172 -1
11 1 3 70 173 0.830634
11 1 3 71 171 -1
11 1 3 71 172 0.941501
11 1 3 71 173 -1
11 1 4 69 206 0.395921
11 1 4 70 206 0.189217
11 1 4 71 206 0.414862
11 2 3 122 171 0.951119
11 2 3 122 172 -1
11 2 3 122 173 -1
11 2 3 123 171 -1
11 2 3 123 172 -1
11 2 3 123 173 0.728994
11 2 3 124 171 -1
11 2 3 124 172 -1
11 2 3 124 173 0.900029
11 2 4 122 206 0.996719
11 2 4 123 206 -1
11 2 4 124 206 -1
11 3 4 171 206 0.989993
11 3 4 172 206 0.43231
11 3 4 173 206 -1
12 0 1 24 72 0.258347
12 0 1 24 73 0.350771
12 0 1 25 72 0.226674
12 0 1 25 73 0.08579
12 0 1 26 72 0.334494
12 0 1 26 73 0.365971
12 0 2 24 125 -1
12 0 2 24 126 0.0535382
12 0 2 25 125 0.949899
12 0 2 25 126 -1
12 0 2 26 125 -1
12 0 2 26 126 0.916097
12 0 3 24 174 -1
12 0 3 24 175 0.719369
12 0 3 25 174 -1
12 0 3 25 175 -1
12 0 3 26 174 0.957187
12 0 3 26 175 -1
12 0 4 24 207 0.591479
12 0 4 24 208 -1
12 0 4 25 207 -1
12 0 4 25 208 0.983557
12 0 4 26 207 0.185848
12 0 4 26 208 0.234743
12 1 2 72 125 -1
12 1 2 72 126 0.919911
12 1 2 73 125 -1
12 1 2 73 126 -1
12 1 3 72 174 0.957275
12 1 3 72 175 -1
12 1 3 73 174 -1
12 1 3 73 175 0.626872
12 1 4 72 207 -1
12 1 4 72 208 0.168851
12 1 4 73 207 0.872197
12 1 4 73 208 -1
12 2 3 125 174 -1
12 2 3 125 175 -1
12 2 3 126 174 0.945354
12 2 3 126 175 -1
12 2 4 125 207 -1
12 2 4 125 208 0.939844
12 2 4 126 207 -1
12 2 4 126 208 -1
12 3 4 174 207 0.213748
12 3 4 174 208 0.786252
12 3 4 175 207 0.324235
12 3 4 175 208 -1
13 0 1 27 74 0.945846
13 0 1 27 75 0.458572
13 0 1 27 76 -1
13 0 1 28 74 -1
13 0 1 28 75 -1
13 0 1 28 76 0.567663
13 0 2 27 127 0.920871
13 0 2 27 128 -1
13 0 2 28 127 -1
13 0 2 28 128 0.789827
13 0 3 27 176 -1
13 0 3 27 177 0.90101
13 0 3 28 176 0.790009
13 0 3 28 177 -1
13 0 4 27 209 -1
13 0 4 27 210 0.895093
13 0 4 28 209 -1
13 0 4 28 210 -1
13 1 2 74 127 0.573263
13 1 2 74 128 0.426736
13 1 2 75 127 -1
13 1 2 75 128 -1
13 1 2 76 127 -1
13 1 2 76 128 0.844353
13 1 3 74 176 0.31303
13 1 3 74 177 0.68697
13 1 3 75 176 -1
13 1 3 75 177 -1
13 1 3 76 176 0.792054
13 1 3 76 177 0.207946
13 1 4 74 209 -1
13 1 4 74 210 0.80316
13 1 4 75 209 0.541136
13 1 4 75 210 -1
13 1 4 76 209 -1
13 1 4 76 210 -1
13 2 3 127 176 -1
13 2 3 127 177 0.983826
13 2 3 128 176 0.983299
13 2 3 128 177 -1
13 2 4 127 209 -1
13 2 4 127 210 0.883319
13 2 4 128 209 -1
13 2 4 128 210 -1
13 3 4 176 209 -1
13 3 4 176 210 -1
13 3 4 177 209 0.481215
13 3 4 177 210 0.518785
14 0 1 29 77 -1
14 0 1 29 78 0.993691
14 0 1 29 79 -1
14 0 1 29 80 -1
14 0 1 30 77 0.758827
14 0 1 30 78 -1
14 0 1 30 79 -1
14 0 1 30 80 0.607814
14 0 1 31 77 -1
14 0 1 31 78 -1
14 0 1 31 79 0.89018
14 0 1 31 80 -1
14 0 2 29 129 -1
14 0 2 29 130 0.869938
14 0 2 30 129 0.834053
14 0 2 30 130 -1
14 0 2 31 129 -1
14 0 2 31 130 0.891022
14 0 3 29 178 -1
14 0 3 29 179 -1
14 0 3 30 178 -1
14 0 3 30 179 0.929363
14 0 3 31 178 0.928975
14 0 3 31 179 -1
14 0 4 29 211 0.464703
14 0 4 29 212 -1
14 0 4 30 211 -1
14 0 4 30 212 0.966224
14 0 4 31 211 -1
14 0 4 31 212 -1
14 1 2 77 129 0.870554
14 1 2 77 130 -1
14 1 2 78 129 -1
14 1 2 78 130 -1
14 1 2 79 129 -1
14 1 2 79 130 0.964724
14 1 2 80 129 -1
14 1 2 80 130 -1
14 1 3 77 178 -1
14 1 3 77 179 0.931078
14 1 3 78 178 -1
14 1 3 78 179 -1
14 1 3 79 178 0.862685
14 1 3 79 179 -1
14 1 3 80 178 -1
14 1 3 80 179 -1
14 1 4 77 211 -1
14 1 4 77 212 0.805088
14 1 4 78 211 -1
14 1 4 78 212 -1
14 1 4 79 211 -1
14 1 4 79 212 0.342409
14 1 4 80 211 0.974704
14 1 4 80 212 -1
14 2 3 129 178 -1
14 2 3 129 179 0.90036
14 2 3 130 178 0.924486
14 2 3 130 179 -1
14 2 4 129 211 -1
14 2 4 129 212 0.843909
14 2 4 130 211 -1
14 2 4 130 212 -1
14 3 4 178 211 -1
14 3 4 178 212 -1
14 3 4 179 211 0.321099
14 3 4 179 212 0.678901
15 0 1 32 81 -1
15 0 1 32 82 0.858276
15 0 1 32 83 -1
15 0 2 32 131 -1
15 0 2 32 132 -1
15 0 3 32 180 -1
15 0 3 32 181 0.979958
15 0 4 32 213 -1
15 1 2 81 131 0.987302
15 1 2 81 132 -1
15 1 2 82 131 -1
15 1 2 82 132 -1
15 1 2 83 131 -1
15 1 2 83 132 0.833645
15 1 3 81 180 0.802531
15 1 3 81 181 0.197469
15 1 3 82 180 -1
15 1 3 82 181 0.848356
15 1 3 83 180 -1
15 1 3 83 181 -1
15 1 4 81 213 0.854369
15 1 4 82 213 -1
15 1 4 83 213 -1
15 2 3 131 180 0.946717
15 2 3 131 181 -1
15 2 3 132 180 -1
15 2 3 132 181 -1
15 2 4 131 213 0.88624
15 2 4 132 213 -1
15 3 4 180 213 0.489834
15 3 4 181 213 0.510166
16 0 1 33 84 -1
16 0 1 33 85 -1
16 0 1 34 84 0.0921905
16 0 1 34 85 -1
16 0 1 35 84 0.485465
16 0 1 35 85 0.514535
16 0 2 33 133 0.89141
16 0 2 33 134 -1
16 0 2 34 133 -1
16 0 2 34 134 -1
16 0 2 35 133 -1
16 0 2 35 134 0.97277
16 0 3 33 182 -1
16 0 3 33 183 -1
16 0 3 34 182 -1
16 0 3 34 183 0.831185
16 0 3 35 182 0.956343
16 0 3 35 183 -1
16 0 4 33 214 0.949741
16 0 4 33 215 -1
16 0 4 34 214 -1
16 0 4 34 215 0.214497
16 0 4 35 214 0.178029
16 0 4 35 215 -1
16 1 2 84 133 -1
16 1 2 84 134 0.852144
16 1 2 85 133 -1
16 1 2 85 134 -1
16 1 3 84 182 0.805265
16 1 3 84 183 -1
16 1 3 85 182 -1
16 1 3 85 183 -1
16 1 4 84 214 -1
16 1 4 84 215 -1
16 1 4 85 214 -1
16 1 4 85 215 0.988545
16 2 3 133 182 -1
16 2 3 133 183 -1
16 2 3 134 182 0.983768
16 2 3 134 183 -1
16 2 4 133 214 0.629094
16 2 4 133 215 -1
16 2 4 134 214 -1
16 2 4 134 215 -1
16 3 4 182 214 0.928031
16 3 4 182 215 -1
16 3 4 183 214 -1
16 3 4 183 215 -1
17 0 1 36 86 -1
17 0 1 36 87 -1
17 0 1 37 86 -1
17 0 1 37 87 -1
17 0 2 36 135 -1
17 0 2 36 136 0.738539
17 0 2 37 135 0.71537
17 0 2 37 136 -1
17 0 3 36 184 -1
17 0 3 36 185 -1
17 0 3 37 184 -1
17 0 3 37 185 0.744794
17 0 4 36 216 0.910312
17 0 4 36 217 -1
17 0 4 37 216 -1
17 0 4 37 217 0.860376
17 1 2 86 135 -1
17 1 2 86 136 0.962695
17 1 2 87 135 -1
17 1 2 87 136 -1
17 1 3 86 184 0.687636
17 1 3 86 185 -1
17 1 3 87 184 -1
17 1 3 87 185 -1
17 1 4 86 216 -1
17 1 4 86 217 -1
17 1 4 87 216 0.851732
17 1 4 87 217 -1
17 2 3 135 184 -1
17 2 3 135 185 0.531561
17 2 3 136 184 0.785094
17 2 3 136 185 -1
17 2 4 135 216 -1
17 2 4 135 217 0.546293
17 2 4 136 216 -1
17 2 4 136 217 0.453707
17 3 4 184 216 0.341425
17 3 4 184 217 -1
17 3 4 185 216 0.0744353
17 3 4 185 217 0.85105
18 0 1 38 88 0.876548
18 0 1 38 89 -1
18 0 1 38 90 -1
18 0 1 38 91 0.460047
18 0 2 38 137 0.860154
18 0 2 38 138 -1
18 0 3 38 186 -1
18 0 3 38 187 0.939139
18 0 4 38 218 -1
18 0 4 38 219 0.739944
18 1 2 88 137 0.807167
18 1 2 88 138 0.192833
18 1 2 89 137 -1
18 1 2 89 138 -1
18 1 2 90 137 -1
18 1 2 90 138 0.871156
18 1 2 91 137 -1
18 1 2 91 138 -1
18 1 3 88 186 0.414206
18 1 3 88 187 0.585794
18 1 3 89 186 -1
18 1 3 89 187 -1
18 1 3 90 186 0.426128
18 1 3 90 187 0.573872
18 1 3 91 186 -1
18 1 3 91 187 -1
18 1 4 88 218 -1
18 1 4 88 219 0.874991
18 1 4 89 218 -1
18 1 4 89 219 -1
18 1 4 90 218 -1
18 1 4 90 219 -1
18 1 4 91 218 0.570333
18 1 4 91 219 -1
18 2 3 137 186 -1
18 2 3 137 187 0.914328
18 2 3 138 186 0.791575
18 2 3 138 187 -1
18 2 4 137 218 -1
18 2 4 137 219 0.93619
18 2 4 138 218 -1
18 2 4 138 219 -1
18 3 4 186 218 -1
18 3 4 186 219 -1
18 3 4 187 218 0.322152
18 3 4 187 219 0.677848
end of Frame 142
