J OverallIdx viewIdx joint种类0-18(jointIdx) 该joint在图中的顺序(candidix) x y score
0 0 0 0 36.4469 362.722 0.752653
1 0 0 1 527.179 385.914 0.716286
2 0 0 2 322.49 440.716 0.559696
3 0 1 0 325.371 204.513 0.862688
4 0 1 1 33.7213 217.198 0.867634
5 0 1 2 546.731 212.963 0.835414
6 0 2 0 504.849 385.894 0.684255
7 0 2 1 372.914 442.83 0.561242
8 0 3 0 75.7613 362.715 0.764943
9 0 3 1 549.533 387.967 0.689664
10 0 3 2 266.462 438.588 0.517645
11 0 4 0 482.27 160.142 0.951668
12 0 4 1 75.6215 160.245 0.918045
13 0 5 0 409.368 208.791 0.817824
14 0 5 1 507.663 210.974 0.781519
15 0 6 0 252.305 196.127 0.812958
16 0 6 1 574.825 212.973 0.839592
17 0 6 2 86.933 223.5 0.817997
18 0 7 0 507.528 514.462 0.779175
19 0 7 1 344.956 632.683 0.763809
20 0 8 0 78.338 478.721 0.803169
21 0 8 1 549.778 516.658 0.782514
22 0 8 2 257.921 617.881 0.725653
23 0 9 0 367.449 120.17 0.87689
24 0 9 1 28.0455 156.033 0.800476
25 0 10 0 294.398 120.154 0.807321
26 0 10 1 527.314 145.6 0.911007
27 0 11 0 448.652 339.478 0.804979
28 0 12 0 103.703 293.068 0.830181
29 0 12 1 633.747 290.958 0.832085
30 0 12 2 213.268 331.046 0.893562
31 0 13 0 510.365 632.632 0.819481
32 0 13 1 328.193 765.553 0.293095
33 0 14 0 78.3627 596.756 0.807232
34 0 14 1 580.522 657.897 0.695753
35 0 14 2 249.581 767.301 0.224178
36 0 15 0 412.249 415.424 0.643764
37 0 16 0 126.161 345.856 0.829969
38 0 16 1 569.187 341.595 0.842197
39 0 16 2 235.438 415.472 0.756022
40 0 17 0 78.4674 620.022 0.760275
41 0 17 1 521.572 685.335 0.669556
42 0 18 0 445.891 649.457 0.786697
43 1 0 0 560.89 379.619 0.787713
44 1 0 1 684.389 398.589 0.698332
45 1 0 2 142.991 423.82 0.674784
46 1 1 0 148.62 225.611 0.878247
47 1 1 1 684.271 227.712 0.9042
48 1 1 2 569.357 246.699 0.938326
49 1 2 0 530.113 379.627 0.800849
50 1 2 1 706.842 398.557 0.672648
51 1 2 2 100.842 415.474 0.665992
52 1 3 0 591.625 379.652 0.80092
53 1 3 1 664.581 398.581 0.702294
54 1 3 2 187.766 425.971 0.654905
55 1 4 0 101.118 158.081 0.912045
56 1 4 1 619.747 187.636 0.861367
57 1 4 2 549.825 198.227 0.90419
58 1 5 0 59.0282 217.206 0.760428
59 1 5 1 706.668 229.841 0.83526
60 1 5 2 527.214 244.63 0.947275
61 1 6 0 213.008 225.631 0.849009
62 1 6 1 661.926 225.627 0.918836
63 1 6 2 614.05 248.793 0.862625
64 1 7 0 527.383 480.886 0.872704
65 1 7 1 687.159 531.311 0.800338
66 1 7 2 81.3149 560.913 0.662
67 1 8 0 594.596 480.791 0.896184
68 1 8 1 645.036 531.345 0.804391
69 1 8 2 193.62 577.774 0.791111
70 1 10 0 165.487 143.384 0.972438
71 1 10 1 656.153 175.008 0.874852
72 1 10 2 591.607 196.079 0.926016
73 1 11 0 485.202 288.908 0.907757
74 1 11 1 75.672 322.625 0.626425
75 1 11 2 745.88 326.839 0.847476
76 1 12 0 659.036 314.184 0.815954
77 1 12 1 244.039 320.546 0.808012
78 1 13 0 527.178 571.469 0.860351
79 1 13 1 684.247 653.663 0.780715
80 1 13 2 100.808 704.271 0.795941
81 1 14 0 608.555 567.251 0.848471
82 1 14 1 667.512 666.277 0.746582
83 1 14 2 207.482 691.681 0.777594
84 1 15 0 510.361 329.042 0.946663
85 1 15 1 703.943 373.208 0.548525
86 1 15 2 58.9959 411.123 0.759143
87 1 16 0 614.051 331.172 0.88596
88 1 16 1 235.488 396.376 0.936908
89 1 16 2 636.519 394.361 0.844594
90 1 17 0 591.683 596.767 0.810911
91 1 17 1 611.39 670.594 0.741938
92 1 17 2 196.294 729.574 0.788726
93 1 18 0 496.315 594.625 0.767901
94 1 18 1 630.989 657.93 0.252809
95 1 18 2 75.7161 750.678 0.649647
96 2 0 0 417.774 276.208 0.801362
97 2 0 1 726.305 362.763 0.72541
98 2 0 2 123.439 687.416 0.440926
99 2 0 3 602.964 765.384 0.318897
100 2 1 0 414.998 124.428 0.933891
101 2 1 1 754.446 225.633 0.845804
102 2 1 2 86.9177 464.013 0.75267
103 2 1 3 616.837 592.54 0.670125
104 2 2 0 389.877 278.278 0.783845
105 2 2 1 706.625 360.518 0.717993
106 2 2 2 145.758 702.197 0.524061
107 2 2 3 572.038 765.413 0.230991
108 2 3 0 448.649 272.039 0.713863
109 2 3 1 743.162 373.224 0.664905
110 2 3 2 98.1825 672.672 0.345449
111 2 3 3 639.415 763.386 0.338038
112 2 4 0 440.356 92.7398 0.940744
113 2 4 1 701.107 174.926 0.876285
114 2 4 2 729.185 596.732 0.872482
115 2 5 0 367.405 126.59 0.847457
116 2 5 1 732.054 210.963 0.750328
117 2 5 2 137.357 499.727 0.607248
118 2 5 3 555.277 615.795 0.678699
119 2 6 0 459.98 116.028 0.863434
120 2 6 1 776.911 238.318 0.808971
121 2 6 2 33.8071 427.985 0.711819
122 2 6 3 667.402 565.124 0.428511
123 2 7 0 378.584 381.676 0.771374
124 2 7 1 703.918 451.275 0.598372
125 2 8 0 443.137 375.37 0.799741
126 2 8 1 709.574 466.024 0.654487
127 2 9 0 409.376 73.8266 0.783673
128 2 9 1 159.866 362.694 0.789214
129 2 9 2 647.856 544.065 0.757595
130 2 10 0 754.296 162.415 0.925392
131 2 10 1 53.3472 360.603 0.234827
132 2 11 0 300.132 183.427 0.857013
133 2 11 1 726.264 276.189 0.333088
134 2 11 2 165.413 664.171 0.781434
135 2 11 3 485.235 702.199 0.850999
136 2 12 0 476.737 162.411 0.817871
137 2 12 1 796.464 335.3 0.887175
138 2 12 2 715.084 628.334 0.71594
139 2 13 0 370.2 478.646 0.871456
140 2 14 0 443.179 446.964 0.841816
141 2 15 0 347.879 238.317 0.874878
142 2 15 1 701.059 312.106 0.522172
143 2 15 2 260.877 638.98 0.785829
144 2 16 0 479.446 217.233 0.845901
145 2 16 1 732.046 383.789 0.848635
146 2 16 2 773.848 716.857 0.85394
147 2 17 0 462.678 478.692 0.790177
148 2 18 0 378.571 516.676 0.701419
149 3 0 0 608.527 328.962 0.706299
150 3 0 1 288.857 362.74 0.674122
151 3 0 2 992.698 434.379 0.532432
152 3 0 3 751.675 461.803 0.42743
153 3 1 0 751.629 174.955 0.830218
154 3 1 1 274.745 183.478 0.766178
155 3 1 2 591.746 193.905 0.880642
156 3 1 3 998.316 200.362 0.789428
157 3 2 0 574.872 328.984 0.734575
158 3 2 1 274.854 364.819 0.669662
159 3 2 2 1029.21 436.515 0.460101
160 3 2 3 818.903 459.694 0.427513
161 3 3 0 639.389 328.932 0.733758
162 3 3 1 305.701 362.684 0.649141
163 3 3 2 953.456 430.175 0.516097
164 3 3 3 684.375 459.692 0.459116
165 3 4 0 328.122 128.719 0.900427
166 3 4 1 572.11 143.341 0.980845
167 3 5 0 852.517 164.445 0.721664
168 3 5 1 255.088 187.647 0.794923
169 3 5 2 546.922 194.09 0.892926
170 3 5 3 1029.21 206.663 0.457784
171 3 6 0 291.617 181.324 0.707856
172 3 6 1 642.202 183.439 0.813149
173 3 6 2 953.495 198.266 0.706246
174 3 7 0 583.26 444.958 0.717186
175 3 7 1 280.507 510.291 0.778589
176 3 7 2 818.882 678.976 0.701915
177 3 8 0 642.305 442.82 0.613414
178 3 8 1 305.773 499.786 0.773602
179 3 8 2 933.978 571.453 0.712303
180 3 8 3 689.96 683.169 0.747641
181 3 9 0 779.664 56.9341 0.510837
182 3 9 1 277.612 124.347 0.911256
183 3 9 2 552.377 130.795 0.229017
184 3 10 0 681.471 59.1369 0.827891
185 3 10 1 605.764 130.74 0.80398
186 3 11 0 204.674 259.366 0.869321
187 3 11 1 530.137 271.979 0.81411
188 3 11 2 894.604 299.441 0.574018
189 3 11 3 1029.2 322.621 0.558964
190 3 12 0 619.717 320.518 0.453004
191 3 13 0 597.372 550.39 0.838376
192 3 13 1 277.688 649.462 0.784416
193 3 14 0 653.428 558.794 0.653241
194 3 14 1 302.925 603.153 0.840589
195 3 14 2 911.457 714.777 0.72611
196 3 15 0 257.958 314.278 0.897108
197 3 15 1 546.787 328.931 0.86031
198 3 15 2 883.418 394.286 0.276436
199 3 15 3 1029.21 400.65 0.182819
200 3 16 0 625.368 394.354 0.326352
201 3 17 0 639.514 584.087 0.345985
202 3 17 1 364.56 617.851 0.877888
203 3 17 2 961.877 706.394 0.521038
204 3 18 0 572.017 581.92 0.898957
205 3 18 1 342.062 674.778 0.761982
206 4 0 0 975.856 261.46 0.775048
207 4 0 1 619.711 339.501 0.512119
208 4 1 0 619.76 120.221 0.852998
209 4 1 1 975.857 128.731 0.91976
210 4 2 0 1001.13 261.51 0.731361
211 4 2 1 664.621 343.722 0.512497
212 4 3 0 947.803 261.461 0.73552
213 4 3 1 552.548 299.45 0.394772
214 4 3 2 572.096 331.058 0.439245
215 4 5 0 687.081 111.764 0.825642
216 4 5 1 1029.21 128.615 0.881655
217 4 6 0 552.467 126.519 0.849297
218 4 6 1 931.031 130.797 0.881323
219 4 7 0 984.355 358.478 0.802226
220 4 7 1 684.142 520.816 0.766016
221 4 8 0 947.905 362.668 0.823036
222 4 8 1 563.676 411.18 0.335341
223 4 8 2 574.966 506.104 0.662997
224 4 9 0 661.733 42.2113 0.816192
225 4 9 1 998.292 75.9977 0.8937
226 4 10 0 572.239 73.7378 0.781002
227 4 10 1 953.445 75.8742 0.890552
228 4 11 0 1029.21 183.466 0.339943
229 4 11 1 771.144 196.094 0.892975
230 4 12 0 905.731 202.429 0.858227
231 4 12 1 499.221 225.526 0.860609
232 4 13 0 976.041 447.079 0.834958
233 4 13 1 591.721 495.556 0.174085
234 4 13 2 687.203 660.031 0.774945
235 4 14 0 945.072 466.077 0.791865
236 4 14 1 588.935 497.679 0.198794
237 4 14 2 566.466 636.803 0.744636
238 4 15 0 723.438 272.048 0.82121
239 4 16 0 886.292 244.597 0.938117
240 4 16 1 549.806 278.255 0.880857
241 4 17 0 922.61 466.034 0.625109
242 4 17 1 594.644 624.164 0.656857
243 4 18 0 973.067 463.886 0.311103
244 4 18 1 740.311 647.384 0.733349
P viewIdx, pafIdx, aOverAllIdx, bOverAllIdx, CandidAIdx, CandidBIdx, score
0 0 3 0 0 0 0
0 0 3 1 0 1 0
0 0 3 2 0 2 0.986842
0 0 4 0 1 0 0.995197
0 0 4 1 1 1 0
0 0 4 2 1 2 0
0 0 5 0 2 0 0
0 0 5 1 2 1 0.984514
0 0 5 2 2 2 0
0 1 6 18 0 0 0.983412
0 1 6 19 0 1 0
0 1 7 18 1 0 0
0 1 7 19 1 1 0.970077
0 2 18 31 0 0 0.999956
0 2 18 32 0 1 0
0 2 19 31 1 0 0
0 2 19 32 1 1 0.97421
0 3 0 6 0 0 0
0 3 0 7 0 1 0
0 3 1 6 1 0 0.925995
0 3 1 7 1 1 0
0 3 2 6 2 0 0
0 3 2 7 2 1 0.873321
0 4 0 8 0 0 0.944769
0 4 0 9 0 1 0
0 4 0 10 0 2 0
0 4 1 8 1 0 0
0 4 1 9 1 1 0.923664
0 4 1 10 1 2 0
0 4 2 8 2 0 0
0 4 2 9 2 1 0
0 4 2 10 2 2 0.872293
0 5 8 20 0 0 0.99439
0 5 8 21 0 1 0
0 5 8 22 0 2 0
0 5 9 20 1 0 0
0 5 9 21 1 1 0.992055
0 5 9 22 1 2 0
0 5 10 20 2 0 0
0 5 10 21 2 1 0
0 5 10 22 2 2 0.972084
0 6 20 33 0 0 0.996369
0 6 20 34 0 1 0
0 6 20 35 0 2 0
0 6 21 33 1 0 0
0 6 21 34 1 1 0.981496
0 6 21 35 1 2 0
0 6 22 33 2 0 0
0 6 22 34 2 1 0
0 6 22 35 2 2 0.975369
0 7 3 13 0 0 0.990763
0 7 3 14 0 1 0
0 7 4 13 1 0 0
0 7 4 14 1 1 0
0 7 5 13 2 0 0
0 7 5 14 2 1 0.979606
0 8 13 27 0 0 0.998531
0 8 14 27 1 0 0
0 9 27 36 0 0 0.970743
0 10 13 23 0 0 0.997732
0 10 13 24 0 1 0
0 10 14 23 1 0 0
0 10 14 24 1 1 0
0 11 3 15 0 0 0.985928
0 11 3 16 0 1 0
0 11 3 17 0 2 0
0 11 4 15 1 0 0
0 11 4 16 1 1 0
0 11 4 17 1 2 0.993587
0 11 5 15 2 0 0
0 11 5 16 2 1 0.988282
0 11 5 17 2 2 0
0 12 15 28 0 0 0
0 12 15 29 0 1 0
0 12 15 30 0 2 0.970441
0 12 16 28 1 0 0
0 12 16 29 1 1 0.991203
0 12 16 30 1 2 0
0 12 17 28 2 0 0.984228
0 12 17 29 2 1 0
0 12 17 30 2 2 0
0 13 28 37 0 0 0.996179
0 13 28 38 0 1 0
0 13 28 39 0 2 0
0 13 29 37 1 0 0
0 13 29 38 1 1 0.992151
0 13 29 39 1 2 0
0 13 30 37 2 0 0
0 13 30 38 2 1 0
0 13 30 39 2 2 0.990244
0 14 15 25 0 0 0.993264
0 14 15 26 0 1 0
0 14 16 25 1 0 0
0 14 16 26 1 1 0.992406
0 14 17 25 2 0 0
0 14 17 26 2 1 0
0 15 3 11 0 0 0
0 15 3 12 0 1 0
0 15 4 11 1 0 0
0 15 4 12 1 1 0.972621
0 15 5 11 2 0 0.997097
0 15 5 12 2 1 0
0 16 33 40 0 0 0.971376
0 16 33 41 0 1 0
0 16 34 40 1 0 0
0 16 34 41 1 1 0.920819
0 16 35 40 2 0 0
0 16 35 41 2 1 0
0 17 31 42 0 0 0.959464
0 17 32 42 1 0 0
1 0 46 43 0 0 0
1 0 46 44 0 1 0
1 0 46 45 0 2 0.993568
1 0 47 43 1 0 0
1 0 47 44 1 1 0.983197
1 0 47 45 1 2 0
1 0 48 43 2 0 0.982253
1 0 48 44 2 1 0
1 0 48 45 2 2 0
1 1 49 64 0 0 0.995874
1 1 49 65 0 1 0
1 1 49 66 0 2 0
1 1 50 64 1 0 0
1 1 50 65 1 1 0.945464
1 1 50 66 1 2 0
1 1 51 64 2 0 0
1 1 51 65 2 1 0
1 1 51 66 2 2 0.976095
1 2 64 78 0 0 0.99835
1 2 64 79 0 1 0
1 2 64 80 0 2 0
1 2 65 78 1 0 0
1 2 65 79 1 1 0.992637
1 2 65 80 1 2 0
1 2 66 78 2 0 0
1 2 66 79 2 1 0
1 2 66 80 2 2 0.992537
1 3 43 49 0 0 0.963654
1 3 43 50 0 1 0
1 3 43 51 0 2 0
1 3 44 49 1 0 0
1 3 44 50 1 1 0.905581
1 3 44 51 1 2 0
1 3 45 49 2 0 0
1 3 45 50 2 1 0
1 3 45 51 2 2 0.912271
1 4 43 52 0 0 0.967256
1 4 43 53 0 1 0
1 4 43 54 0 2 0
1 4 44 52 1 0 0
1 4 44 53 1 1 0.908916
1 4 44 54 1 2 0
1 4 45 52 2 0 0
1 4 45 53 2 1 0
1 4 45 54 2 2 0.915923
1 5 52 67 0 0 0.276789
1 5 52 68 0 1 0.25377
1 5 52 69 0 2 0
1 5 53 67 1 0 0.253124
1 5 53 68 1 1 0.277068
1 5 53 69 1 2 0
1 5 54 67 2 0 0
1 5 54 68 2 1 0
1 5 54 69 2 2 0.99548
1 6 67 81 0 0 0.267849
1 6 67 82 0 1 0.252921
1 6 67 83 0 2 0
1 6 68 81 1 0 0.252785
1 6 68 82 1 1 0.268028
1 6 68 83 1 2 0
1 6 69 81 2 0 0
1 6 69 82 2 1 0
1 6 69 83 2 2 0.997726
1 7 46 58 0 0 0.961417
1 7 46 59 0 1 0
1 7 46 60 0 2 0
1 7 47 58 1 0 0
1 7 47 59 1 1 0.998853
1 7 47 60 1 2 0
1 7 48 58 2 0 0
1 7 48 59 2 1 0
1 7 48 60 2 2 0.990214
1 8 58 73 0 0 0
1 8 58 74 0 1 0.951515
1 8 58 75 0 2 0
1 8 59 73 1 0 0
1 8 59 74 1 1 0
1 8 59 75 1 2 0.993674
1 8 60 73 2 0 0.972586
1 8 60 74 2 1 0
1 8 60 75 2 2 0
1 9 73 84 0 0 0.987978
1 9 73 85 0 1 0
1 9 73 86 0 2 0
1 9 74 84 1 0 0
1 9 74 85 1 1 0
1 9 74 86 1 2 0.960123
1 9 75 84 2 0 0
1 9 75 85 2 1 0.94071
1 9 75 86 2 2 0
1 11 46 61 0 0 0.99752
1 11 46 62 0 1 0
1 11 46 63 0 2 0
1 11 47 61 1 0 0
1 11 47 62 1 1 0.996148
1 11 47 63 1 2 0
1 11 48 61 2 0 0
1 11 48 62 2 1 0
1 11 48 63 2 2 0.990259
1 12 61 76 0 0 0
1 12 61 77 0 1 0.997955
1 12 62 76 1 0 0.494551
1 12 62 77 1 1 0
1 12 63 76 2 0 0.500057
1 12 63 77 2 1 0
1 13 76 87 0 0 0.488242
1 13 76 88 0 1 0
1 13 76 89 0 2 0.511758
1 13 77 87 1 0 0
1 13 77 88 1 1 0.998656
1 13 77 89 1 2 0
1 14 61 70 0 0 0.99103
1 14 61 71 0 1 0
1 14 61 72 0 2 0
1 14 62 70 1 0 0
1 14 62 71 1 1 0.287998
1 14 62 72 1 2 0.249172
1 14 63 70 2 0 0
1 14 63 71 2 1 0.248973
1 14 63 72 2 2 0.287525
1 15 46 55 0 0 0.998184
1 15 46 56 0 1 0
1 15 46 57 0 2 0
1 15 47 55 1 0 0
1 15 47 56 1 1 0.990703
1 15 47 57 1 2 0
1 15 48 55 2 0 0
1 15 48 56 2 1 0
1 15 48 57 2 2 0.993222
1 16 81 90 0 0 0.958902
1 16 81 91 0 1 0
1 16 81 92 0 2 0
1 16 82 90 1 0 0
1 16 82 91 1 1 0.968669
1 16 82 92 1 2 0
1 16 83 90 2 0 0
1 16 83 91 2 1 0
1 16 83 92 2 2 0.983534
1 17 78 93 0 0 0.965245
1 17 78 94 0 1 0
1 17 78 95 0 2 0
1 17 79 93 1 0 0
1 17 79 94 1 1 0.797457
1 17 79 95 1 2 0
1 17 80 93 2 0 0
1 17 80 94 2 1 0
1 17 80 95 2 2 0.949722
2 0 100 96 0 0 0.998424
2 0 100 97 0 1 0
2 0 100 98 0 2 0
2 0 100 99 0 3 0
2 0 101 96 1 0 0
2 0 101 97 1 1 0.966693
2 0 101 98 1 2 0
2 0 101 99 1 3 0
2 0 102 96 2 0 0
2 0 102 97 2 1 0
2 0 102 98 2 2 0.958557
2 0 102 99 2 3 0
2 0 103 96 3 0 0
2 0 103 97 3 1 0
2 0 103 98 3 2 0
2 0 103 99 3 3 0.964338
2 1 104 123 0 0 0.968895
2 1 104 124 0 1 0
2 1 105 123 1 0 0
2 1 105 124 1 1 0.96427
2 1 106 123 2 0 0
2 1 106 124 2 1 0
2 1 107 123 3 0 0
2 1 107 124 3 1 0
2 2 123 139 0 0 0.998315
2 2 124 139 1 0 0
2 3 96 104 0 0 0.952854
2 3 96 105 0 1 0
2 3 96 106 0 2 0
2 3 96 107 0 3 0
2 3 97 104 1 0 0
2 3 97 105 1 1 0.946458
2 3 97 106 1 2 0
2 3 97 107 1 3 0
2 3 98 104 2 0 0
2 3 98 105 2 1 0
2 3 98 106 2 2 0.861839
2 3 98 107 2 3 0
2 3 99 104 3 0 0
2 3 99 105 3 1 0
2 3 99 106 3 2 0
2 3 99 107 3 3 0.764783
2 4 96 108 0 0 0.946975
2 4 96 109 0 1 0
2 4 96 110 0 2 0
2 4 96 111 0 3 0
2 4 97 108 1 0 0
2 4 97 109 1 1 0.940506
2 4 97 110 1 2 0
2 4 97 111 1 3 0
2 4 98 108 2 0 0
2 4 98 109 2 1 0
2 4 98 110 2 2 0.850553
2 4 98 111 2 3 0
2 4 99 108 3 0 0
2 4 99 109 3 1 0
2 4 99 110 3 2 0
2 4 99 111 3 3 0.778743
2 5 108 125 0 0 0.981041
2 5 108 126 0 1 0
2 5 109 125 1 0 0
2 5 109 126 1 1 0.936741
2 5 110 125 2 0 0
2 5 110 126 2 1 0
2 5 111 125 3 0 0
2 5 111 126 3 1 0
2 6 125 140 0 0 0.986736
2 6 126 140 1 0 0
2 7 100 115 0 0 0.99359
2 7 100 116 0 1 0
2 7 100 117 0 2 0
2 7 100 118 0 3 0
2 7 101 115 1 0 0
2 7 101 116 1 1 0.98282
2 7 101 117 1 2 0
2 7 101 118 1 3 0
2 7 102 115 2 0 0
2 7 102 116 2 1 0
2 7 102 117 2 2 0.984332
2 7 102 118 2 3 0
2 7 103 115 3 0 0
2 7 103 116 3 1 0
2 7 103 117 3 2 0
2 7 103 118 3 3 0.941426
2 8 115 132 0 0 0.981956
2 8 115 133 0 1 0
2 8 115 134 0 2 0
2 8 115 135 0 3 0
2 8 116 132 1 0 0
2 8 116 133 1 1 0.852301
2 8 116 134 1 2 0
2 8 116 135 1 3 0
2 8 117 132 2 0 0
2 8 117 133 2 1 0
2 8 117 134 2 2 0.984463
2 8 117 135 2 3 0
2 8 118 132 3 0 0
2 8 118 133 3 1 0
2 8 118 134 3 2 0
2 8 118 135 3 3 0.939506
2 9 132 141 0 0 0.987354
2 9 132 142 0 1 0
2 9 132 143 0 2 0
2 9 133 141 1 0 0
2 9 133 142 1 1 0.879655
2 9 133 143 1 2 0
2 9 134 141 2 0 0
2 9 134 142 2 1 0
2 9 134 143 2 2 0.970814
2 9 135 141 3 0 0
2 9 135 142 3 1 0
2 9 135 143 3 2 0
2 10 115 127 0 0 0.968032
2 10 115 128 0 1 0
2 10 115 129 0 2 0
2 10 116 127 1 0 0
2 10 116 128 1 1 0
2 10 116 129 1 2 0
2 10 117 127 2 0 0
2 10 117 128 2 1 0.980348
2 10 117 129 2 2 0
2 10 118 127 3 0 0
2 10 118 128 3 1 0
2 10 118 129 3 2 0.92224
2 11 100 119 0 0 0.973267
2 11 100 120 0 1 0
2 11 100 121 0 2 0
2 11 100 122 0 3 0
2 11 101 119 1 0 0
2 11 101 120 1 1 0.996893
2 11 101 121 1 2 0
2 11 101 122 1 3 0
2 11 102 119 2 0 0
2 11 102 120 2 1 0
2 11 102 121 2 2 0.979947
2 11 102 122 2 3 0
2 11 103 119 3 0 0
2 11 103 120 3 1 0
2 11 103 121 3 2 0
2 11 103 122 3 3 0.913713
2 12 119 136 0 0 0.988668
2 12 119 137 0 1 0
2 12 119 138 0 2 0
2 12 120 136 1 0 0
2 12 120 137 1 1 0.975623
2 12 120 138 1 2 0
2 12 121 136 2 0 0
2 12 121 137 2 1 0
2 12 121 138 2 2 0
2 12 122 136 3 0 0
2 12 122 137 3 1 0
2 12 122 138 3 2 0.967412
2 13 136 144 0 0 0.99085
2 13 136 145 0 1 0
2 13 136 146 0 2 0
2 13 137 144 1 0 0
2 13 137 145 1 1 0.936604
2 13 137 146 1 2 0
2 13 138 144 2 0 0
2 13 138 145 2 1 0
2 13 138 146 2 2 0.997479
2 14 119 130 0 0 0
2 14 119 131 0 1 0
2 14 120 130 1 0 0.995065
2 14 120 131 1 1 0
2 14 121 130 2 0 0
2 14 121 131 2 1 0.737598
2 14 122 130 3 0 0
2 14 122 131 3 1 0
2 15 100 112 0 0 0.981068
2 15 100 113 0 1 0
2 15 100 114 0 2 0
2 15 101 112 1 0 0
2 15 101 113 1 1 0.995956
2 15 101 114 1 2 0
2 15 102 112 2 0 0
2 15 102 113 2 1 0
2 15 102 114 2 2 0
2 15 103 112 3 0 0
2 15 103 113 3 1 0
2 15 103 114 3 2 0.987776
2 16 140 147 0 0 0.986705
2 17 139 148 0 0 0.959758
3 0 153 149 0 0 0
3 0 153 150 0 1 0
3 0 153 151 0 2 0
3 0 153 152 0 3 0.97996
3 0 154 149 1 0 0
3 0 154 150 1 1 0.977507
3 0 154 151 1 2 0
3 0 154 152 1 3 0
3 0 155 149 2 0 0.980162
3 0 155 150 2 1 0
3 0 155 151 2 2 0
3 0 155 152 2 3 0
3 0 156 149 3 0 0
3 0 156 150 3 1 0
3 0 156 151 3 2 0.977768
3 0 156 152 3 3 0
3 1 157 174 0 0 0.970863
3 1 157 175 0 1 0
3 1 157 176 0 2 0
3 1 158 174 1 0 0
3 1 158 175 1 1 0.977569
3 1 158 176 1 2 0
3 1 159 174 2 0 0
3 1 159 175 2 1 0
3 1 159 176 2 2 0
3 1 160 174 3 0 0
3 1 160 175 3 1 0
3 1 160 176 3 2 0.982565
3 2 174 191 0 0 0.981741
3 2 174 192 0 1 0
3 2 175 191 1 0 0
3 2 175 192 1 1 0.988794
3 2 176 191 2 0 0
3 2 176 192 2 1 0
3 3 149 157 0 0 0.94484
3 3 149 158 0 1 0
3 3 149 159 0 2 0
3 3 149 160 0 3 0
3 3 150 157 1 0 0
3 3 150 158 1 1 0.911387
3 3 150 159 1 2 0
3 3 150 160 1 3 0
3 3 151 157 2 0 0
3 3 151 158 2 1 0
3 3 151 159 2 2 0.874601
3 3 151 160 2 3 0
3 3 152 157 3 0 0
3 3 152 158 3 1 0
3 3 152 159 3 2 0
3 3 152 160 3 3 0.841212
3 4 149 161 0 0 0.949727
3 4 149 162 0 1 0
3 4 149 163 0 2 0
3 4 149 164 0 3 0
3 4 150 161 1 0 0
3 4 150 162 1 1 0.914258
3 4 150 163 1 2 0
3 4 150 164 1 3 0
3 4 151 161 2 0 0
3 4 151 162 2 1 0
3 4 151 163 2 2 0.880283
3 4 151 164 2 3 0
3 4 152 161 3 0 0
3 4 152 162 3 1 0
3 4 152 163 3 2 0
3 4 152 164 3 3 0.837433
3 5 161 177 0 0 0.515652
3 5 161 178 0 1 0
3 5 161 179 0 2 0
3 5 161 180 0 3 0.262612
3 5 162 177 1 0 0
3 5 162 178 1 1 0.967429
3 5 162 179 1 2 0
3 5 162 180 1 3 0
3 5 163 177 2 0 0
3 5 163 178 2 1 0
3 5 163 179 2 2 0.948758
3 5 163 180 2 3 0
3 5 164 177 3 0 0
3 5 164 178 3 1 0
3 5 164 179 3 2 0
3 5 164 180 3 3 0.510374
3 6 177 193 0 0 0.961227
3 6 177 194 0 1 0
3 6 177 195 0 2 0
3 6 178 193 1 0 0
3 6 178 194 1 1 0.994354
3 6 178 195 1 2 0
3 6 179 193 2 0 0
3 6 179 194 2 1 0
3 6 179 195 2 2 0.959409
3 6 180 193 3 0 0
3 6 180 194 3 1 0
3 6 180 195 3 2 0
3 7 153 167 0 0 0.963335
3 7 153 168 0 1 0
3 7 153 169 0 2 0
3 7 153 170 0 3 0
3 7 154 167 1 0 0
3 7 154 168 1 1 0.960583
3 7 154 169 1 2 0
3 7 154 170 1 3 0
3 7 155 167 2 0 0
3 7 155 168 2 1 0
3 7 155 169 2 2 0.99878
3 7 155 170 2 3 0
3 7 156 167 3 0 0
3 7 156 168 3 1 0
3 7 156 169 3 2 0
3 7 156 170 3 3 0.961552
3 8 167 186 0 0 0
3 8 167 187 0 1 0
3 8 167 188 0 2 0.976782
3 8 167 189 0 3 0
3 8 168 186 1 0 0.991832
3 8 168 187 1 1 0
3 8 168 188 1 2 0
3 8 168 189 1 3 0
3 8 169 186 2 0 0
3 8 169 187 2 1 0.960279
3 8 169 188 2 2 0
3 8 169 189 2 3 0
3 8 170 186 3 0 0
3 8 170 187 3 1 0
3 8 170 188 3 2 0
3 8 170 189 3 3 0.936083
3 9 186 196 0 0 0.988405
3 9 186 197 0 1 0
3 9 186 198 0 2 0
3 9 186 199 0 3 0
3 9 187 196 1 0 0
3 9 187 197 1 1 0.990992
3 9 187 198 1 2 0
3 9 187 199 1 3 0
3 9 188 196 2 0 0
3 9 188 197 2 1 0
3 9 188 198 2 2 0.853445
3 9 188 199 2 3 0
3 9 189 196 3 0 0
3 9 189 197 3 1 0
3 9 189 198 3 2 0
3 9 189 199 3 3 0.869654
3 10 167 181 0 0 0.922257
3 10 167 182 0 1 0
3 10 167 183 0 2 0
3 10 168 181 1 0 0
3 10 168 182 1 1 0.999578
3 10 168 183 1 2 0
3 10 169 181 2 0 0
3 10 169 182 2 1 0
3 10 169 183 2 2 0.758658
3 10 170 181 3 0 0
3 10 170 182 3 1 0
3 10 170 183 3 2 0
3 11 153 171 0 0 0
3 11 153 172 0 1 0.966061
3 11 153 173 0 2 0
3 11 154 171 1 0 0.953852
3 11 154 172 1 1 0
3 11 154 173 1 2 0
3 11 155 171 2 0 0
3 11 155 172 2 1 0
3 11 155 173 2 2 0
3 11 156 171 3 0 0
3 11 156 172 3 1 0
3 11 156 173 3 2 0.947459
3 12 171 190 0 0 0
3 12 172 190 1 0 0.930424
3 12 173 190 2 0 0
3 13 190 200 0 0 0.871052
3 14 171 184 0 0 0
3 14 171 185 0 1 0
3 14 172 184 1 0 0.494614
3 14 172 185 1 1 0.505386
3 14 173 184 2 0 0
3 14 173 185 2 1 0
3 15 153 165 0 0 0
3 15 153 166 0 1 0
3 15 154 165 1 0 0.94287
3 15 154 166 1 1 0
3 15 155 165 2 0 0
3 15 155 166 2 1 0.998552
3 15 156 165 3 0 0
3 15 156 166 3 1 0
3 16 193 201 0 0 0.822403
3 16 193 202 0 1 0
3 16 193 203 0 2 0
3 16 194 201 1 0 0
3 16 194 202 1 1 0.997402
3 16 194 203 1 2 0
3 16 195 201 2 0 0
3 16 195 202 2 1 0
3 16 195 203 2 2 0.88952
3 17 191 204 0 0 0.968855
3 17 191 205 0 1 0
3 17 192 204 1 0 0
3 17 192 205 1 1 0.975353
4 0 208 206 0 0 0
4 0 208 207 0 1 0.996216
4 0 209 206 1 0 0.995843
4 0 209 207 1 1 0
4 1 210 219 0 0 0.955114
4 1 210 220 0 1 0
4 1 211 219 1 0 0
4 1 211 220 1 1 0.975605
4 2 219 232 0 0 0.999705
4 2 219 233 0 1 0
4 2 219 234 0 2 0
4 2 220 232 1 0 0
4 2 220 233 1 1 0
4 2 220 234 1 2 0.996678
4 3 206 210 0 0 0.944906
4 3 206 211 0 1 0
4 3 207 210 1 0 0
4 3 207 211 1 1 0.858299
4 4 206 212 0 0 0.950305
4 4 206 213 0 1 0
4 4 206 214 0 2 0
4 4 207 212 1 0 0
4 4 207 213 1 1 0.482667
4 4 207 214 1 2 0.517333
4 5 212 221 0 0 0.989405
4 5 212 222 0 1 0
4 5 212 223 0 2 0
4 5 213 221 1 0 0
4 5 213 222 1 1 0.262513
4 5 213 223 1 2 0.26189
4 5 214 221 2 0 0
4 5 214 222 2 1 0.2619
4 5 214 223 2 2 0.262502
4 6 221 235 0 0 0.982001
4 6 221 236 0 1 0
4 6 221 237 0 2 0
4 6 222 235 1 0 0
4 6 222 236 1 1 0.490973
4 6 222 237 1 2 0.267682
4 6 223 235 2 0 0
4 6 223 236 2 1 0
4 6 223 237 2 2 0.521311
4 7 208 215 0 0 0.979338
4 7 208 216 0 1 0
4 7 209 215 1 0 0
4 7 209 216 1 1 0.985965
4 8 215 228 0 0 0
4 8 215 229 0 1 0.989486
4 8 216 228 1 0 0.890203
4 8 216 229 1 1 0
4 9 228 238 0 0 0
4 9 229 238 1 0 0.984978
4 10 215 224 0 0 0.991619
4 10 215 225 0 1 0
4 10 216 224 1 0 0
4 10 216 225 1 1 0.993567
4 11 208 217 0 0 0.979353
4 11 208 218 0 1 0
4 11 209 217 1 0 0
4 11 209 218 1 1 0.98009
4 12 217 230 0 0 0
4 12 217 231 0 1 0.978883
4 12 218 230 1 0 0.987327
4 12 218 231 1 1 0
4 13 230 239 0 0 0.983522
4 13 230 240 0 1 0
4 13 231 239 1 0 0
4 13 231 240 1 1 0.995406
4 14 217 226 0 0 0.932757
4 14 217 227 0 1 0
4 14 218 226 1 0 0
4 14 218 227 1 1 0.976065
4 16 235 241 0 0 0.907773
4 16 235 242 0 1 0
4 16 236 241 1 0 0
4 16 236 242 1 1 0
4 16 237 241 2 0 0
4 16 237 242 2 1 0.8397
4 17 232 243 0 0 0.7262
4 17 232 244 0 1 0
4 17 233 243 1 0 0
4 17 233 244 1 1 0
4 17 234 243 2 0 0
4 17 234 244 2 1 0.91544
E jointIdx viewA viewB aOverAllIdx bOverallIdx score
0 0 1 0 43 0.301674
0 0 1 0 44 0.0306939
0 0 1 0 45 -1
0 0 1 1 43 0.443658
0 0 1 1 44 0.128481
0 0 1 1 45 0.163605
0 0 1 2 43 0.125066
0 0 1 2 44 0.803293
0 0 1 2 45 -1
0 0 2 0 96 -1
0 0 2 0 97 -1
0 0 2 0 98 0.681377
0 0 2 0 99 -1
0 0 2 1 96 0.935722
0 0 2 1 97 -1
0 0 2 1 98 -1
0 0 2 1 99 -1
0 0 2 2 96 -1
0 0 2 2 97 0.949793
0 0 2 2 98 -1
0 0 2 2 99 -1
0 0 3 0 149 -1
0 0 3 0 150 -1
0 0 3 0 151 -1
0 0 3 0 152 0.937978
0 0 3 1 149 -1
0 0 3 1 150 0.914791
0 0 3 1 151 -1
0 0 3 1 152 -1
0 0 3 2 149 0.993582
0 0 3 2 150 -1
0 0 3 2 151 -1
0 0 3 2 152 -1
0 0 4 0 206 0.89927
0 0 4 0 207 -1
0 0 4 1 206 -1
0 0 4 1 207 0.80562
0 0 4 2 206 -1
0 0 4 2 207 0.160294
0 1 2 43 96 0.898196
0 1 2 43 97 -1
0 1 2 43 98 -1
0 1 2 43 99 -1
0 1 2 44 96 -1
0 1 2 44 97 0.883776
0 1 2 44 98 -1
0 1 2 44 99 -1
0 1 2 45 96 -1
0 1 2 45 97 -1
0 1 2 45 98 0.204999
0 1 2 45 99 0.998817
0 1 3 43 149 0.823296
0 1 3 43 150 0.779511
0 1 3 43 151 -1
0 1 3 43 152 -1
0 1 3 44 149 0.88374
0 1 3 44 150 0.853563
0 1 3 44 151 -1
0 1 3 44 152 -1
0 1 3 45 149 -1
0 1 3 45 150 -1
0 1 3 45 151 0.886328
0 1 3 45 152 0.294548
0 1 4 43 206 -1
0 1 4 43 207 0.7575
0 1 4 44 206 -1
0 1 4 44 207 -1
0 1 4 45 206 0.788991
0 1 4 45 207 -1
0 2 3 96 149 -1
0 2 3 96 150 0.856499
0 2 3 96 151 -1
0 2 3 96 152 -1
0 2 3 97 149 0.950999
0 2 3 97 150 -1
0 2 3 97 151 -1
0 2 3 97 152 -1
0 2 3 98 149 -1
0 2 3 98 150 -1
0 2 3 98 151 -1
0 2 3 98 152 0.489266
0 2 3 99 149 -1
0 2 3 99 150 -1
0 2 3 99 151 0.977597
0 2 3 99 152 -1
0 2 4 96 206 -1
0 2 4 96 207 0.928269
0 2 4 97 206 -1
0 2 4 97 207 -1
0 2 4 98 206 -1
0 2 4 98 207 -1
0 2 4 99 206 0.995345
0 2 4 99 207 -1
0 3 4 149 206 0.22294
0 3 4 149 207 -1
0 3 4 150 206 0.496524
0 3 4 150 207 0.503476
0 3 4 151 206 0.475428
0 3 4 151 207 0.524572
0 3 4 152 206 -1
0 3 4 152 207 -1
1 0 1 3 46 0.148934
1 0 1 3 47 0.164083
1 0 1 3 48 0.122252
1 0 1 4 46 0.159586
1 0 1 4 47 0.142074
1 0 1 4 48 0.130124
1 0 1 5 46 0.11754
1 0 1 5 47 0.122571
1 0 1 5 48 0.186328
1 0 2 3 100 -1
1 0 2 3 101 0.839793
1 0 2 3 102 -1
1 0 2 3 103 -1
1 0 2 4 100 -1
1 0 2 4 101 -1
1 0 2 4 102 0.940877
1 0 2 4 103 -1
1 0 2 5 100 0.869615
1 0 2 5 101 -1
1 0 2 5 102 -1
1 0 2 5 103 -1
1 0 3 3 153 -1
1 0 3 3 154 0.316816
1 0 3 3 155 0.397603
1 0 3 3 156 -1
1 0 3 4 153 0.312877
1 0 3 4 154 0.101532
1 0 3 4 155 0.0976178
1 0 3 4 156 0.217107
1 0 3 5 153 -1
1 0 3 5 154 0.387945
1 0 3 5 155 0.31854
1 0 3 5 156 -1
1 0 4 3 208 0.331358
1 0 4 3 209 0.209723
1 0 4 4 208 0.108597
1 0 4 4 209 0.482185
1 0 4 5 208 0.374095
1 0 4 5 209 0.157452
1 1 2 46 100 -1
1 1 2 46 101 -1
1 1 2 46 102 -1
1 1 2 46 103 0.781431
1 1 2 47 100 -1
1 1 2 47 101 0.658527
1 1 2 47 102 -1
1 1 2 47 103 -1
1 1 2 48 100 0.993515
1 1 2 48 101 -1
1 1 2 48 102 -1
1 1 2 48 103 -1
1 1 3 46 153 0.1429
1 1 3 46 154 0.105932
1 1 3 46 155 0.104417
1 1 3 46 156 0.114925
1 1 3 47 153 0.126802
1 1 3 47 154 0.09574
1 1 3 47 155 0.112457
1 1 3 47 156 0.127478
1 1 3 48 153 0.0649177
1 1 3 48 154 0.148776
1 1 3 48 155 0.132286
1 1 3 48 156 0.101591
1 1 4 46 208 -1
1 1 4 46 209 0.875771
1 1 4 47 208 0.419921
1 1 4 47 209 -1
1 1 4 48 208 0.958798
1 1 4 48 209 -1
1 2 3 100 153 -1
1 2 3 100 154 0.940143
1 2 3 100 155 -1
1 2 3 100 156 -1
1 2 3 101 153 -1
1 2 3 101 154 -1
1 2 3 101 155 0.885275
1 2 3 101 156 -1
1 2 3 102 153 0.98237
1 2 3 102 154 -1
1 2 3 102 155 0.0344668
1 2 3 102 156 -1
1 2 3 103 153 -1
1 2 3 103 154 -1
1 2 3 103 155 -1
1 2 3 103 156 0.705118
1 2 4 100 208 0.903619
1 2 4 100 209 -1
1 2 4 101 208 0.952121
1 2 4 101 209 -1
1 2 4 102 208 -1
1 2 4 102 209 -1
1 2 4 103 208 -1
1 2 4 103 209 0.678398
1 3 4 153 208 0.243319
1 3 4 153 209 0.132187
1 3 4 154 208 0.24311
1 3 4 154 209 0.132362
1 3 4 155 208 0.171495
1 3 4 155 209 0.192225
1 3 4 156 208 0.0179357
1 3 4 156 209 0.320586
2 0 1 6 49 0.50456
2 0 1 6 50 0.08422
2 0 1 6 51 0.401233
2 0 1 7 49 -1
2 0 1 7 50 0.842546
2 0 1 7 51 -1
2 0 2 6 104 0.850669
2 0 2 6 105 -1
2 0 2 6 106 -1
2 0 2 6 107 -1
2 0 2 7 104 -1
2 0 2 7 105 0.758181
2 0 2 7 106 -1
2 0 2 7 107 -1
2 0 3 6 157 -1
2 0 3 6 158 0.722908
2 0 3 6 159 -1
2 0 3 6 160 -1
2 0 3 7 157 0.877913
2 0 3 7 158 -1
2 0 3 7 159 -1
2 0 3 7 160 -1
2 0 4 6 210 -1
2 0 4 6 211 0.505092
2 0 4 7 210 -1
2 0 4 7 211 0.494908
2 1 2 49 104 0.685629
2 1 2 49 105 -1
2 1 2 49 106 -1
2 1 2 49 107 -1
2 1 2 50 104 -1
2 1 2 50 105 0.447815
2 1 2 50 106 -1
2 1 2 50 107 -1
2 1 2 51 104 -1
2 1 2 51 105 -1
2 1 2 51 106 0.722828
2 1 2 51 107 0.654512
2 1 3 49 157 0.624214
2 1 3 49 158 0.639929
2 1 3 49 159 -1
2 1 3 49 160 -1
2 1 3 50 157 0.878968
2 1 3 50 158 0.977741
2 1 3 50 159 -1
2 1 3 50 160 -1
2 1 3 51 157 -1
2 1 3 51 158 -1
2 1 3 51 159 0.854075
2 1 3 51 160 0.380423
2 1 4 49 210 -1
2 1 4 49 211 0.677809
2 1 4 50 210 -1
2 1 4 50 211 -1
2 1 4 51 210 0.963842
2 1 4 51 211 -1
2 2 3 104 157 -1
2 2 3 104 158 0.855949
2 2 3 104 159 -1
2 2 3 104 160 -1
2 2 3 105 157 0.681851
2 2 3 105 158 -1
2 2 3 105 159 -1
2 2 3 105 160 -1
2 2 3 106 157 -1
2 2 3 106 158 -1
2 2 3 106 159 -1
2 2 3 106 160 0.788533
2 2 3 107 157 -1
2 2 3 107 158 -1
2 2 3 107 159 0.554335
2 2 3 107 160 -1
2 2 4 104 210 -1
2 2 4 104 211 0.89741
2 2 4 105 210 -1
2 2 4 105 211 -1
2 2 4 106 210 -1
2 2 4 106 211 -1
2 2 4 107 210 0.788722
2 2 4 107 211 -1
2 3 4 157 210 0.110252
2 3 4 157 211 -1
2 3 4 158 210 0.276712
2 3 4 158 211 0.459736
2 3 4 159 210 0.370114
2 3 4 159 211 0.277374
2 3 4 160 210 0.0680386
2 3 4 160 211 0.544433
3 0 1 8 52 0.260429
3 0 1 8 53 0.028136
3 0 1 8 54 -1
3 0 1 9 52 0.434032
3 0 1 9 53 0.16832
3 0 1 9 54 0.0680568
3 0 1 10 52 0.139546
3 0 1 10 53 0.49194
3 0 1 10 54 0.166633
3 0 2 8 108 -1
3 0 2 8 109 -1
3 0 2 8 110 0.350476
3 0 2 8 111 -1
3 0 2 9 108 0.819407
3 0 2 9 109 -1
3 0 2 9 110 -1
3 0 2 9 111 -1
3 0 2 10 108 -1
3 0 2 10 109 0.778119
3 0 2 10 110 -1
3 0 2 10 111 -1
3 0 3 8 161 -1
3 0 3 8 162 -1
3 0 3 8 163 -1
3 0 3 8 164 0.937522
3 0 3 9 161 -1
3 0 3 9 162 0.877597
3 0 3 9 163 -1
3 0 3 9 164 -1
3 0 3 10 161 0.969141
3 0 3 10 162 -1
3 0 3 10 163 -1
3 0 3 10 164 -1
3 0 4 8 212 0.945867
3 0 4 8 213 -1
3 0 4 8 214 -1
3 0 4 9 212 -1
3 0 4 9 213 0.787618
3 0 4 9 214 0.830324
3 0 4 10 212 -1
3 0 4 10 213 0.169048
3 0 4 10 214 -1
3 1 2 52 108 0.983314
3 1 2 52 109 0.370524
3 1 2 52 110 -1
3 1 2 52 111 -1
3 1 2 53 108 0.15298
3 1 2 53 109 0.917643
3 1 2 53 110 -1
3 1 2 53 111 -1
3 1 2 54 108 -1
3 1 2 54 109 -1
3 1 2 54 110 -1
3 1 2 54 111 0.613889
3 1 3 52 161 0.989043
3 1 3 52 162 0.964309
3 1 3 52 163 -1
3 1 3 52 164 -1
3 1 3 53 161 0.893419
3 1 3 53 162 0.800801
3 1 3 53 163 -1
3 1 3 53 164 -1
3 1 3 54 161 -1
3 1 3 54 162 -1
3 1 3 54 163 0.862001
3 1 3 54 164 0.290482
3 1 4 52 212 -1
3 1 4 52 213 0.0747014
3 1 4 52 214 0.711678
3 1 4 53 212 -1
3 1 4 53 213 0.914942
3 1 4 53 214 0.26952
3 1 4 54 212 0.720612
3 1 4 54 213 -1
3 1 4 54 214 -1
3 2 3 108 161 -1
3 2 3 108 162 0.960724
3 2 3 108 163 -1
3 2 3 108 164 -1
3 2 3 109 161 0.779739
3 2 3 109 162 -1
3 2 3 109 163 -1
3 2 3 109 164 -1
3 2 3 110 161 -1
3 2 3 110 162 -1
3 2 3 110 163 0.0443612
3 2 3 110 164 0.175097
3 2 3 111 161 -1
3 2 3 111 162 -1
3 2 3 111 163 0.524899
3 2 3 111 164 -1
3 2 4 108 212 -1
3 2 4 108 213 0.0691094
3 2 4 108 214 0.732398
3 2 4 109 212 -1
3 2 4 109 213 0.962001
3 2 4 109 214 0.0475989
3 2 4 110 212 -1
3 2 4 110 213 -1
3 2 4 110 214 -1
3 2 4 111 212 0.806942
3 2 4 111 213 -1
3 2 4 111 214 -1
3 3 4 161 212 0.240243
3 3 4 161 213 0.324548
3 3 4 161 214 -1
3 3 4 162 212 0.377932
3 3 4 162 213 0.155993
3 3 4 162 214 0.466075
3 3 4 163 212 0.546013
3 3 4 163 213 -1
3 3 4 163 214 0.735405
3 3 4 164 212 -1
3 3 4 164 213 -1
3 3 4 164 214 -1
4 0 1 11 55 0.0835911
4 0 1 11 56 0.258103
4 0 1 11 57 0.315442
4 0 1 12 55 0.319827
4 0 1 12 56 0.23624
4 0 1 12 57 0.201237
4 0 2 11 112 0.929507
4 0 2 11 113 0.189061
4 0 2 11 114 -1
4 0 2 12 112 -1
4 0 2 12 113 -1
4 0 2 12 114 -1
4 0 3 11 165 0.840209
4 0 3 11 166 0.159791
4 0 3 12 165 -1
4 0 3 12 166 -1
4 1 2 55 112 -1
4 1 2 55 113 -1
4 1 2 55 114 0.927035
4 1 2 56 112 -1
4 1 2 56 113 0.968395
4 1 2 56 114 -1
4 1 2 57 112 0.994082
4 1 2 57 113 0.100779
4 1 2 57 114 -1
4 1 3 55 165 -1
4 1 3 55 166 -1
4 1 3 56 165 0.442631
4 1 3 56 166 0.557369
4 1 3 57 165 0.536274
4 1 3 57 166 0.463726
4 2 3 112 165 0.985607
4 2 3 112 166 -1
4 2 3 113 165 -1
4 2 3 113 166 0.917328
4 2 3 114 165 -1
4 2 3 114 166 -1
5 0 1 13 58 0.29105
5 0 1 13 59 0.238406
5 0 1 13 60 0.211899
5 0 1 14 58 0.181976
5 0 1 14 59 0.24428
5 0 1 14 60 0.275652
5 0 2 13 115 0.187928
5 0 2 13 116 0.625281
5 0 2 13 117 -1
5 0 2 13 118 -1
5 0 2 14 115 0.812072
5 0 2 14 116 0.0383375
5 0 2 14 117 -1
5 0 2 14 118 -1
5 0 3 13 167 -1
5 0 3 13 168 0.465944
5 0 3 13 169 0.524256
5 0 3 13 170 -1
5 0 3 14 167 -1
5 0 3 14 168 0.534056
5 0 3 14 169 0.475744
5 0 3 14 170 0.0124693
5 0 4 13 215 0.396362
5 0 4 13 216 0.290881
5 0 4 14 215 0.432301
5 0 4 14 216 0.226583
5 1 2 58 115 -1
5 1 2 58 116 -1
5 1 2 58 117 0.934213
5 1 2 58 118 0.723659
5 1 2 59 115 -1
5 1 2 59 116 0.47748
5 1 2 59 117 -1
5 1 2 59 118 -1
5 1 2 60 115 0.907465
5 1 2 60 116 -1
5 1 2 60 117 -1
5 1 2 60 118 -1
5 1 3 58 167 0.285848
5 1 3 58 168 0.0959477
5 1 3 58 169 0.0991781
5 1 3 58 170 0.116194
5 1 3 59 167 0.0709201
5 1 3 59 168 0.10761
5 1 3 59 169 0.13841
5 1 3 59 170 0.156706
5 1 3 60 167 0.00215998
5 1 3 60 168 0.181465
5 1 3 60 169 0.149782
5 1 3 60 170 0.114114
5 1 4 58 215 -1
5 1 4 58 216 0.999512
5 1 4 59 215 -1
5 1 4 59 216 -1
5 1 4 60 215 0.974726
5 1 4 60 216 -1
5 2 3 115 167 -1
5 2 3 115 168 0.906253
5 2 3 115 169 -1
5 2 3 115 170 -1
5 2 3 116 167 -1
5 2 3 116 168 -1
5 2 3 116 169 0.674197
5 2 3 116 170 -1
5 2 3 117 167 0.952941
5 2 3 117 168 -1
5 2 3 117 169 -1
5 2 3 117 170 -1
5 2 3 118 167 -1
5 2 3 118 168 -1
5 2 3 118 169 -1
5 2 3 118 170 0.897078
5 2 4 115 215 0.946728
5 2 4 115 216 -1
5 2 4 116 215 0.269682
5 2 4 116 216 -1
5 2 4 117 215 -1
5 2 4 117 216 -1
5 2 4 118 215 -1
5 2 4 118 216 0.999197
5 3 4 167 215 0.490587
5 3 4 167 216 0.117055
5 3 4 168 215 0.432035
5 3 4 168 216 0.146058
5 3 4 169 215 0.300748
5 3 4 169 216 0.211091
5 3 4 170 215 -0.726893
5 3 4 170 216 0.335065
6 0 1 15 61 0.158161
6 0 1 15 62 0.217658
6 0 1 15 63 0.11009
6 0 1 16 61 0.137148
6 0 1 16 62 0.11881
6 0 1 16 63 0.206683
6 0 1 17 61 0.174844
6 0 1 17 62 0.135287
6 0 1 17 63 0.16367
6 0 2 15 119 -1
6 0 2 15 120 0.978604
6 0 2 15 121 -1
6 0 2 15 122 -1
6 0 2 16 119 0.958087
6 0 2 16 120 -1
6 0 2 16 121 -1
6 0 2 16 122 -1
6 0 2 17 119 -1
6 0 2 17 120 -1
6 0 2 17 121 0.992057
6 0 2 17 122 -1
6 0 3 15 171 0.203041
6 0 3 15 172 0.420175
6 0 3 15 173 -1
6 0 3 16 171 0.280327
6 0 3 16 172 0.14036
6 0 3 16 173 0.0862965
6 0 3 17 171 0.179738
6 0 3 17 172 0.164682
6 0 3 17 173 0.259556
6 0 4 15 217 0.360786
6 0 4 15 218 0.186298
6 0 4 16 217 0.38948
6 0 4 16 218 0.152236
6 0 4 17 217 0.0960029
6 0 4 17 218 0.50061
6 1 2 61 119 -1
6 1 2 61 120 -1
6 1 2 61 121 -1
6 1 2 61 122 0.555476
6 1 2 62 119 -1
6 1 2 62 120 0.861552
6 1 2 62 121 -1
6 1 2 62 122 -1
6 1 2 63 119 0.9926
6 1 2 63 120 0.249475
6 1 2 63 121 -1
6 1 2 63 122 -1
6 1 3 61 171 0.13639
6 1 3 61 172 0.147473
6 1 3 61 173 0.142512
6 1 3 62 171 0.115352
6 1 3 62 172 0.158885
6 1 3 62 173 0.149543
6 1 3 63 171 0.188132
6 1 3 63 172 0.112365
6 1 3 63 173 0.132473
6 1 4 61 217 -1
6 1 4 61 218 0.917273
6 1 4 62 217 0.800475
6 1 4 62 218 -1
6 1 4 63 217 0.945696
6 1 4 63 218 -1
6 2 3 119 171 0.935341
6 2 3 119 172 -1
6 2 3 119 173 -1
6 2 3 120 171 -1
6 2 3 120 172 0.969575
6 2 3 120 173 -1
6 2 3 121 171 -1
6 2 3 121 172 0.929159
6 2 3 121 173 -1
6 2 3 122 171 -1
6 2 3 122 172 -1
6 2 3 122 173 0.446333
6 2 4 119 217 0.940446
6 2 4 119 218 -1
6 2 4 120 217 0.331599
6 2 4 120 218 -1
6 2 4 121 217 -1
6 2 4 121 218 -1
6 2 4 122 217 -1
6 2 4 122 218 0.53452
6 3 4 171 217 0.313767
6 3 4 171 218 0.181982
6 3 4 172 217 0.299258
6 3 4 172 218 0.19429
6 3 4 173 217 0.0853556
6 3 4 173 218 0.375743
7 0 1 18 64 0.939222
7 0 1 18 65 -1
7 0 1 18 66 0.261848
7 0 1 19 64 -1
7 0 1 19 65 0.918481
7 0 1 19 66 -1
7 0 2 18 123 0.903113
7 0 2 18 124 -1
7 0 2 19 123 -1
7 0 2 19 124 0.777668
7 0 3 18 174 -1
7 0 3 18 175 0.884495
7 0 3 18 176 -1
7 0 3 19 174 0.808301
7 0 3 19 175 -1
7 0 3 19 176 -1
7 0 4 18 219 -1
7 0 4 18 220 0.606834
7 0 4 19 219 -1
7 0 4 19 220 0.393166
7 1 2 64 123 0.782554
7 1 2 64 124 -1
7 1 2 65 123 -1
7 1 2 65 124 0.897943
7 1 2 66 123 -1
7 1 2 66 124 -1
7 1 3 64 174 0.86493
7 1 3 64 175 0.758043
7 1 3 64 176 -1
7 1 3 65 174 0.859491
7 1 3 65 175 0.72815
7 1 3 65 176 -1
7 1 3 66 174 -1
7 1 3 66 175 -1
7 1 3 66 176 0.219117
7 1 4 64 219 -1
7 1 4 64 220 0.988135
7 1 4 65 219 -1
7 1 4 65 220 -1
7 1 4 66 219 0.668537
7 1 4 66 220 -1
7 2 3 123 174 -1
7 2 3 123 175 0.988002
7 2 3 123 176 -1
7 2 3 124 174 0.992702
7 2 3 124 175 -1
7 2 3 124 176 -1
7 2 4 123 219 -1
7 2 4 123 220 0.64955
7 2 4 124 219 -1
7 2 4 124 220 -1
7 3 4 174 219 0.0899166
7 3 4 174 220 -1
7 3 4 175 219 0.121229
7 3 4 175 220 0.512525
7 3 4 176 219 -1
7 3 4 176 220 0.530364
8 0 1 20 67 0.187542
8 0 1 20 68 -1
8 0 1 20 69 -1
8 0 1 21 67 0.719361
8 0 1 21 68 -1
8 0 1 21 69 -1
8 0 1 22 67 -1
8 0 1 22 68 0.962287
8 0 1 22 69 -1
8 0 2 20 125 -1
8 0 2 20 126 0.143681
8 0 2 21 125 0.568633
8 0 2 21 126 -1
8 0 2 22 125 -1
8 0 2 22 126 0.450962
8 0 3 20 177 -1
8 0 3 20 178 -1
8 0 3 20 179 -1
8 0 3 20 180 0.798675
8 0 3 21 177 -1
8 0 3 21 178 0.608431
8 0 3 21 179 -1
8 0 3 21 180 -1
8 0 3 22 177 0.876588
8 0 3 22 178 -1
8 0 3 22 179 -1
8 0 3 22 180 -1
8 0 4 20 221 0.943646
8 0 4 20 222 -1
8 0 4 20 223 -1
8 0 4 21 221 -1
8 0 4 21 222 0.435446
8 0 4 21 223 0.376237
8 0 4 22 221 -1
8 0 4 22 222 -1
8 0 4 22 223 -1
8 1 2 67 125 0.499765
8 1 2 67 126 0.500235
8 1 2 68 125 0.611361
8 1 2 68 126 0.388639
8 1 2 69 125 -1
8 1 2 69 126 -1
8 1 3 67 177 0.453241
8 1 3 67 178 0.787001
8 1 3 67 179 -1
8 1 3 67 180 -1
8 1 3 68 177 0.874915
8 1 3 68 178 0.27504
8 1 3 68 179 -1
8 1 3 68 180 -1
8 1 3 69 177 -1
8 1 3 69 178 -1
8 1 3 69 179 0.873373
8 1 3 69 180 0.437959
8 1 4 67 221 -1
8 1 4 67 222 0.0050382
8 1 4 67 223 0.993993
8 1 4 68 221 -1
8 1 4 68 222 0.471102
8 1 4 68 223 0.308856
8 1 4 69 221 0.561893
8 1 4 69 222 -1
8 1 4 69 223 -1
8 2 3 125 177 -1
8 2 3 125 178 0.938153
8 2 3 125 179 -1
8 2 3 125 180 -1
8 2 3 126 177 0.466068
8 2 3 126 178 -1
8 2 3 126 179 -1
8 2 3 126 180 -1
8 2 4 125 221 -1
8 2 4 125 222 -1
8 2 4 125 223 0.912806
8 2 4 126 221 -1
8 2 4 126 222 0.8205
8 2 4 126 223 -1
8 3 4 177 221 -1
8 3 4 177 222 0.257868
8 3 4 177 223 -1
8 3 4 178 221 0.258233
8 3 4 178 222 -1
8 3 4 178 223 0.907558
8 3 4 179 221 0.742495
8 3 4 179 222 -1
8 3 4 179 223 -1
8 3 4 180 221 -1
8 3 4 180 222 -1
8 3 4 180 223 -1
9 0 2 23 127 0.607799
9 0 2 23 128 -1
9 0 2 23 129 -1
9 0 2 24 127 -1
9 0 2 24 128 0.949529
9 0 2 24 129 -1
9 0 3 23 181 -1
9 0 3 23 182 -1
9 0 3 23 183 0.922867
9 0 3 24 181 0.774537
9 0 3 24 182 -1
9 0 3 24 183 -1
9 0 4 23 224 0.882932
9 0 4 23 225 -1
9 0 4 24 224 -1
9 0 4 24 225 0.766907
9 2 3 127 181 -1
9 2 3 127 182 0.97975
9 2 3 127 183 -1
9 2 3 128 181 0.913997
9 2 3 128 182 -1
9 2 3 128 183 0.206761
9 2 3 129 181 -1
9 2 3 129 182 -1
9 2 3 129 183 -1
9 2 4 127 224 0.972883
9 2 4 127 225 -1
9 2 4 128 224 -1
9 2 4 128 225 -1
9 2 4 129 224 -1
9 2 4 129 225 0.859949
9 3 4 181 224 0.289027
9 3 4 181 225 0.0212107
9 3 4 182 224 0.343474
9 3 4 182 225 0.250062
9 3 4 183 224 0.154765
9 3 4 183 225 0.485906
10 0 1 25 70 0.353876
10 0 1 25 71 0.318328
10 0 1 25 72 0.146911
10 0 1 26 70 -1
10 0 1 26 71 0.293266
10 0 1 26 72 0.673836
10 0 2 25 130 0.82763
10 0 2 25 131 -1
10 0 2 26 130 0.17237
10 0 2 26 131 -1
10 0 3 25 184 -1
10 0 3 25 185 0.844306
10 0 3 26 184 -1
10 0 3 26 185 -1
10 0 4 25 226 0.484329
10 0 4 25 227 -1
10 0 4 26 226 0.515671
10 0 4 26 227 -1
10 1 2 70 130 -1
10 1 2 70 131 -1
10 1 2 71 130 0.954145
10 1 2 71 131 -1
10 1 2 72 130 -1
10 1 2 72 131 -1
10 1 3 70 184 0.715309
10 1 3 70 185 -1
10 1 3 71 184 -1
10 1 3 71 185 0.900436
10 1 3 72 184 -1
10 1 3 72 185 0.539187
10 1 4 70 226 -1
10 1 4 70 227 0.86158
10 1 4 71 226 0.889883
10 1 4 71 227 -1
10 1 4 72 226 0.412171
10 1 4 72 227 -1
10 2 3 130 184 0.279985
10 2 3 130 185 0.290543
10 2 3 131 184 0.291106
10 2 3 131 185 0.281464
10 2 4 130 226 0.728633
10 2 4 130 227 -1
10 2 4 131 226 -1
10 2 4 131 227 -1
10 3 4 184 226 -1
10 3 4 184 227 -1
10 3 4 185 226 0.492809
10 3 4 185 227 0.507191
11 0 1 27 73 -1
11 0 1 27 74 -1
11 0 1 27 75 0.929289
11 0 2 27 132 -1
11 0 2 27 133 0.666195
11 0 2 27 134 -1
11 0 2 27 135 -1
11 0 3 27 186 -1
11 0 3 27 187 0.955925
11 0 3 27 188 -1
11 0 3 27 189 -1
11 0 4 27 228 -1
11 0 4 27 229 -1
11 1 2 73 132 0.895609
11 1 2 73 133 -1
11 1 2 73 134 -1
11 1 2 73 135 -1
11 1 2 74 132 -1
11 1 2 74 133 -1
11 1 2 74 134 0.471422
11 1 2 74 135 0.885498
11 1 2 75 132 -1
11 1 2 75 133 0.529196
11 1 2 75 134 -1
11 1 2 75 135 -1
11 1 3 73 186 0.966872
11 1 3 73 187 0.666922
11 1 3 73 188 -1
11 1 3 73 189 -1
11 1 3 74 186 -1
11 1 3 74 187 -1
11 1 3 74 188 0.27037
11 1 3 74 189 0.891697
11 1 3 75 186 0.476302
11 1 3 75 187 0.930986
11 1 3 75 188 -1
11 1 3 75 189 -1
11 1 4 73 228 0.31007
11 1 4 73 229 0.68993
11 1 4 74 228 0.570957
11 1 4 74 229 0.153158
11 1 4 75 228 -1
11 1 4 75 229 -1
11 2 3 132 186 0.950253
11 2 3 132 187 -1
11 2 3 132 188 -1
11 2 3 132 189 -1
11 2 3 133 186 -1
11 2 3 133 187 0.619432
11 2 3 133 188 -1
11 2 3 133 189 -1
11 2 3 134 186 -1
11 2 3 134 187 -1
11 2 3 134 188 0.531523
11 2 3 134 189 0.270584
11 2 3 135 186 -1
11 2 3 135 187 -1
11 2 3 135 188 -1
11 2 3 135 189 0.879551
11 2 4 132 228 -1
11 2 4 132 229 0.880019
11 2 4 133 228 -1
11 2 4 133 229 -1
11 2 4 134 228 -1
11 2 4 134 229 -1
11 2 4 135 228 0.454488
11 2 4 135 229 -1
11 3 4 186 228 0.143238
11 3 4 186 229 0.217924
11 3 4 187 228 0.151891
11 3 4 187 229 0.206755
11 3 4 188 228 0.197991
11 3 4 188 229 0.147248
11 3 4 189 228 0.191372
11 3 4 189 229 0.029429
12 0 1 28 76 0.245061
12 0 1 28 77 0.292269
12 0 1 29 76 0.255844
12 0 1 29 77 0.2781
12 0 1 30 76 0.296045
12 0 1 30 77 0.225278
12 0 2 28 136 -1
12 0 2 28 137 0.554895
12 0 2 28 138 -1
12 0 2 29 136 0.922772
12 0 2 29 137 -1
12 0 2 29 138 -1
12 0 2 30 136 -1
12 0 2 30 137 0.993663
12 0 2 30 138 -1
12 0 3 28 190 0.818982
12 0 3 29 190 -1
12 0 3 30 190 0.549715
12 0 4 28 230 0.724199
12 0 4 28 231 -1
12 0 4 29 230 0.103243
12 0 4 29 231 0.879728
12 0 4 30 230 0.166256
12 0 4 30 231 0.302323
12 1 2 76 136 0.934667
12 1 2 76 137 0.917561
12 1 2 76 138 -1
12 1 2 77 136 -1
12 1 2 77 137 -1
12 1 2 77 138 0.801218
12 1 3 76 190 -1
12 1 3 77 190 0.785009
12 1 4 76 230 -1
12 1 4 76 231 0.908651
12 1 4 77 230 0.926984
12 1 4 77 231 -1
12 2 3 136 190 -1
12 2 3 137 190 0.649494
12 2 3 138 190 -1
12 2 4 136 230 -1
12 2 4 136 231 0.878953
12 2 4 137 230 -1
12 2 4 137 231 -1
12 2 4 138 230 0.93976
12 2 4 138 231 -1
12 3 4 190 230 0.530368
12 3 4 190 231 -1
13 0 1 31 78 0.988952
13 0 1 31 79 -1
13 0 1 31 80 -1
13 0 1 32 78 -1
13 0 1 32 79 0.510868
13 0 1 32 80 -1
13 0 2 31 139 0.805604
13 0 2 32 139 -1
13 0 3 31 191 -1
13 0 3 31 192 0.947961
13 0 3 32 191 0.791185
13 0 3 32 192 -1
13 0 4 31 232 -1
13 0 4 31 233 0.206145
13 0 4 31 234 0.963772
13 0 4 32 232 -1
13 0 4 32 233 0.793855
13 0 4 32 234 -1
13 1 2 78 139 0.786937
13 1 2 79 139 -1
13 1 2 80 139 -1
13 1 3 78 191 0.451188
13 1 3 78 192 0.548812
13 1 3 79 191 0.5674
13 1 3 79 192 0.4326
13 1 3 80 191 -1
13 1 3 80 192 -1
13 1 4 78 232 -1
13 1 4 78 233 -1
13 1 4 78 234 0.894134
13 1 4 79 232 -1
13 1 4 79 233 0.376776
13 1 4 79 234 -1
13 1 4 80 232 0.834394
13 1 4 80 233 -1
13 1 4 80 234 -1
13 2 3 139 191 -1
13 2 3 139 192 0.858014
13 2 4 139 232 -1
13 2 4 139 233 -1
13 2 4 139 234 0.999444
13 3 4 191 232 -1
13 3 4 191 233 0.849731
13 3 4 191 234 -1
13 3 4 192 232 -1
13 3 4 192 233 -1
13 3 4 192 234 0.920925
14 0 1 33 81 0.213634
14 0 1 33 82 -1
14 0 1 33 83 -1
14 0 1 34 81 0.845756
14 0 1 34 82 -1
14 0 1 34 83 -1
14 0 1 35 81 -1
14 0 1 35 82 0.409105
14 0 1 35 83 -1
14 0 2 33 140 -1
14 0 2 34 140 0.716037
14 0 2 35 140 -1
14 0 3 33 193 -1
14 0 3 33 194 -1
14 0 3 33 195 -1
14 0 3 34 193 -1
14 0 3 34 194 0.82432
14 0 3 34 195 -1
14 0 3 35 193 0.507771
14 0 3 35 194 -1
14 0 3 35 195 -1
14 0 4 33 235 0.909237
14 0 4 33 236 -1
14 0 4 33 237 -1
14 0 4 34 235 -1
14 0 4 34 236 -1
14 0 4 34 237 0.948891
14 0 4 35 235 -1
14 0 4 35 236 0.142591
14 0 4 35 237 -1
14 1 2 81 140 0.601821
14 1 2 82 140 0.385692
14 1 2 83 140 -1
14 1 3 81 193 -1
14 1 3 81 194 0.701548
14 1 3 81 195 -1
14 1 3 82 193 0.69372
14 1 3 82 194 -1
14 1 3 82 195 -1
14 1 3 83 193 -1
14 1 3 83 194 -1
14 1 3 83 195 0.744339
14 1 4 81 235 -1
14 1 4 81 236 0.702305
14 1 4 81 237 0.761649
14 1 4 82 235 -1
14 1 4 82 236 0.845414
14 1 4 82 237 0.110434
14 1 4 83 235 0.765128
14 1 4 83 236 -1
14 1 4 83 237 -1
14 2 3 140 193 -1
14 2 3 140 194 0.890237
14 2 3 140 195 -1
14 2 4 140 235 -1
14 2 4 140 236 -1
14 2 4 140 237 0.971727
14 3 4 193 235 -1
14 3 4 193 236 0.741979
14 3 4 193 237 -1
14 3 4 194 235 0.304935
14 3 4 194 236 -1
14 3 4 194 237 0.90201
14 3 4 195 235 0.864965
14 3 4 195 236 -1
14 3 4 195 237 -1
15 0 1 36 84 -1
15 0 1 36 85 0.775739
15 0 1 36 86 -1
15 0 2 36 141 -1
15 0 2 36 142 0.833495
15 0 2 36 143 -1
15 0 3 36 196 -1
15 0 3 36 197 0.841649
15 0 3 36 198 -1
15 0 3 36 199 -1
15 0 4 36 238 -1
15 1 2 84 141 0.951366
15 1 2 84 142 -1
15 1 2 84 143 -1
15 1 2 85 141 -1
15 1 2 85 142 0.933627
15 1 2 85 143 -1
15 1 2 86 141 -1
15 1 2 86 142 -1
15 1 2 86 143 -1
15 1 3 84 196 0.956557
15 1 3 84 197 0.370755
15 1 3 84 198 -1
15 1 3 84 199 -1
15 1 3 85 196 0.419375
15 1 3 85 197 0.649322
15 1 3 85 198 -1
15 1 3 85 199 -1
15 1 3 86 196 -1
15 1 3 86 197 -1
15 1 3 86 198 -1
15 1 3 86 199 0.394647
15 1 4 84 238 0.927828
15 1 4 85 238 -1
15 1 4 86 238 -1
15 2 3 141 196 0.985927
15 2 3 141 197 -1
15 2 3 141 198 -1
15 2 3 141 199 -1
15 2 3 142 196 -1
15 2 3 142 197 0.66777
15 2 3 142 198 -1
15 2 3 142 199 -1
15 2 3 143 196 -1
15 2 3 143 197 -1
15 2 3 143 198 0.546317
15 2 3 143 199 -1
15 2 4 141 238 0.910057
15 2 4 142 238 -1
15 2 4 143 238 -1
15 3 4 196 238 0.337155
15 3 4 197 238 0.28422
15 3 4 198 238 0.175514
15 3 4 199 238 0.203111
16 0 1 37 87 0.900409
16 0 1 37 88 0.0278131
16 0 1 37 89 -1
16 0 1 38 87 0.764431
16 0 1 38 88 -1
16 0 1 38 89 -1
16 0 1 39 87 -1
16 0 1 39 88 0.269799
16 0 1 39 89 0.857233
16 0 2 37 144 -1
16 0 2 37 145 0.756678
16 0 2 37 146 -1
16 0 2 38 144 0.906686
16 0 2 38 145 -1
16 0 2 38 146 -1
16 0 2 39 144 -1
16 0 2 39 145 0.933893
16 0 2 39 146 -1
16 0 3 37 200 0.923178
16 0 3 38 200 -1
16 0 3 39 200 0.23559
16 0 4 37 239 0.972519
16 0 4 37 240 -1
16 0 4 38 239 -1
16 0 4 38 240 0.873123
16 0 4 39 239 -1
16 0 4 39 240 0.240184
16 1 2 87 144 0.977987
16 1 2 87 145 0.293817
16 1 2 87 146 -1
16 1 2 88 144 -1
16 1 2 88 145 -1
16 1 2 88 146 0.882306
16 1 2 89 144 -1
16 1 2 89 145 0.946012
16 1 2 89 146 -1
16 1 3 87 200 -1
16 1 3 88 200 0.116058
16 1 3 89 200 -1
16 1 4 87 239 -1
16 1 4 87 240 0.781466
16 1 4 88 239 0.904512
16 1 4 88 240 -1
16 1 4 89 239 -1
16 1 4 89 240 0.181766
16 2 3 144 200 -1
16 2 3 145 200 -1
16 2 3 146 200 -1
16 2 4 144 239 -1
16 2 4 144 240 0.782403
16 2 4 145 239 -1
16 2 4 145 240 0.26105
16 2 4 146 239 0.982278
16 2 4 146 240 -1
16 3 4 200 239 0.10609
16 3 4 200 240 -1
17 0 1 40 90 0.0569551
17 0 1 40 91 -1
17 0 1 40 92 -1
17 0 1 41 90 0.943045
17 0 1 41 91 -1
17 0 1 41 92 -1
17 0 2 40 147 -1
17 0 2 41 147 0.953379
17 0 3 40 201 -1
17 0 3 40 202 -1
17 0 3 40 203 -1
17 0 3 41 201 -1
17 0 3 41 202 0.811777
17 0 3 41 203 -1
17 0 4 40 241 0.685306
17 0 4 40 242 -1
17 0 4 41 241 -1
17 0 4 41 242 0.934041
17 1 2 90 147 0.926747
17 1 2 91 147 -1
17 1 2 92 147 -1
17 1 3 90 201 -1
17 1 3 90 202 0.88863
17 1 3 90 203 -1
17 1 3 91 201 0.829872
17 1 3 91 202 -1
17 1 3 91 203 -1
17 1 3 92 201 -1
17 1 3 92 202 -1
17 1 3 92 203 0.903283
17 1 4 90 241 -1
17 1 4 90 242 0.991653
17 1 4 91 241 -1
17 1 4 91 242 0.990618
17 1 4 92 241 0.99386
17 1 4 92 242 -1
17 2 3 147 201 -1
17 2 3 147 202 0.877757
17 2 3 147 203 -1
17 2 4 147 241 -1
17 2 4 147 242 0.955103
17 3 4 201 241 0.148729
17 3 4 201 242 -1
17 3 4 202 241 0.123275
17 3 4 202 242 0.835578
17 3 4 203 241 0.716864
17 3 4 203 242 -1
18 0 1 42 93 0.926888
18 0 1 42 94 -1
18 0 1 42 95 -1
18 0 2 42 148 0.997972
18 0 3 42 204 -1
18 0 3 42 205 0.876386
18 0 4 42 243 -1
18 0 4 42 244 0.99951
18 1 2 93 148 0.978338
18 1 2 94 148 -1
18 1 2 95 148 -1
18 1 3 93 204 0.505763
18 1 3 93 205 0.494237
18 1 3 94 204 0.527662
18 1 3 94 205 0.472338
18 1 3 95 204 -1
18 1 3 95 205 -1
18 1 4 93 243 -1
18 1 4 93 244 0.823833
18 1 4 94 243 -1
18 1 4 94 244 -1
18 1 4 95 243 0.691396
18 1 4 95 244 -1
18 2 3 148 204 -1
18 2 3 148 205 0.876494
18 2 4 148 243 -1
18 2 4 148 244 0.813115
18 3 4 204 243 0.225651
18 3 4 204 244 -1
18 3 4 205 243 -1
18 3 4 205 244 0.898041
end of Frame 148
