J OverallIdx viewIdx joint种类0-18(jointIdx) 该joint在图中的顺序(candidix) x y score
0 0 0 0 145.889 331.022 0.819812
1 0 0 1 47.6707 364.77 0.797213
2 0 0 2 687.013 396.424 0.567405
3 0 0 3 325.305 432.295 0.604715
4 0 1 0 687.07 191.847 0.740304
5 0 1 1 328.071 210.814 0.899442
6 0 1 2 151.431 240.378 0.883846
7 0 1 3 58.9217 248.862 0.888511
8 0 2 0 123.498 329.026 0.795536
9 0 2 1 698.299 396.382 0.46107
10 0 2 2 372.965 436.508 0.562796
11 0 3 0 168.237 331.064 0.817036
12 0 3 1 75.6869 364.878 0.7876
13 0 3 2 681.454 398.517 0.564035
14 0 3 3 280.345 430.126 0.596428
15 0 4 0 625.331 137.035 0.661337
16 0 4 1 78.6696 196.181 0.90036
17 0 4 2 143.008 206.633 0.877567
18 0 5 0 703.823 191.817 0.570117
19 0 5 1 403.87 210.936 0.810771
20 0 5 2 123.425 240.387 0.886996
21 0 5 3 22.3793 244.647 0.822986
22 0 6 0 681.352 191.908 0.847878
23 0 6 1 258.009 206.642 0.841556
24 0 6 2 187.858 240.374 0.852897
25 0 6 3 100.957 257.286 0.909996
26 0 7 0 109.36 398.509 0.803271
27 0 7 1 706.561 550.407 0.681499
28 0 7 2 347.836 630.429 0.736708
29 0 8 0 165.425 404.847 0.766492
30 0 8 1 56.2366 455.465 0.827121
31 0 8 2 684.127 562.949 0.717069
32 0 8 3 258.145 611.472 0.73076
33 0 9 0 387.003 126.631 0.871003
34 0 9 1 55.9081 194.116 0.869081
35 0 10 0 311.269 122.246 0.813076
36 0 10 1 658.959 128.721 0.879977
37 0 10 2 165.466 194.074 0.910143
38 0 11 0 437.381 347.889 0.88365
39 0 12 0 703.878 269.952 0.852471
40 0 12 1 204.742 282.571 0.815548
41 0 12 2 106.652 312.189 0.843156
42 0 12 3 224.351 341.597 0.784203
43 0 13 0 101.098 468.134 0.633194
44 0 13 1 715.149 697.917 0.670832
45 0 13 2 328.179 765.505 0.358518
46 0 14 0 168.175 478.62 0.797436
47 0 14 1 56.211 533.589 0.833942
48 0 14 2 689.895 716.987 0.746489
49 0 14 3 232.768 765.495 0.465743
50 0 15 0 415.031 430.243 0.652783
51 0 16 0 176.725 305.712 0.801594
52 0 16 1 642.324 345.779 0.819559
53 0 16 2 109.396 364.829 0.869334
54 0 16 3 252.428 409.024 0.717479
55 0 17 0 171.12 489.241 0.503725
56 0 17 1 56.1434 560.919 0.821144
57 0 17 2 614.102 733.806 0.785039
58 0 18 0 114.926 491.32 0.319856
59 0 18 1 661.741 683.201 0.253686
60 1 0 0 684.163 398.598 0.721708
61 1 1 0 684.233 236.171 0.883269
62 1 2 0 709.564 398.555 0.700139
63 1 3 0 653.388 398.611 0.658425
64 1 4 0 622.614 191.785 0.831083
65 1 5 0 726.326 244.512 0.884011
66 1 6 0 639.523 227.851 0.898505
67 1 7 0 703.826 510.298 0.597473
68 1 8 0 614.143 529.213 0.773995
69 1 10 0 658.879 177.061 0.930848
70 1 11 0 748.802 329.01 0.931828
71 1 12 0 633.733 328.953 0.888135
72 1 13 0 728.995 581.963 0.587235
73 1 13 1 681.46 649.537 0.805651
74 1 14 0 611.267 657.889 0.750485
75 1 15 0 706.789 379.584 0.777585
76 1 16 0 614.171 398.541 0.845045
77 1 17 0 549.606 662.117 0.778747
78 1 18 0 720.744 598.804 0.359403
79 1 18 1 647.773 643.145 0.33437
80 2 0 0 510.444 225.592 0.778608
81 2 0 1 712.324 369.004 0.658147
82 2 1 0 524.396 80.1887 0.875081
83 2 1 1 743.135 223.556 0.753874
84 2 2 0 482.477 223.538 0.804362
85 2 2 1 712.275 364.831 0.578491
86 2 3 0 544.014 225.645 0.761077
87 2 3 1 712.327 375.361 0.712068
88 2 4 0 502.02 42.0941 0.939629
89 2 4 1 687.139 166.557 0.855407
90 2 5 0 479.41 75.9613 0.889052
91 2 5 1 729.084 210.938 0.683273
92 2 6 0 571.995 90.6159 0.879057
93 2 6 1 751.663 236.147 0.835018
94 2 7 0 485.238 318.39 0.847063
95 2 7 1 703.924 478.622 0.739097
96 2 8 0 546.8 324.699 0.831371
97 2 8 1 684.212 480.775 0.79874
98 2 10 0 546.835 37.937 0.859361
99 2 10 1 746.001 160.203 0.941216
100 2 11 0 434.726 111.745 0.939742
101 2 12 0 616.904 143.385 0.964872
102 2 12 1 751.656 341.629 0.86215
103 2 13 0 496.376 392.168 0.843702
104 2 13 1 687.084 550.435 0.767963
105 2 14 0 549.526 400.643 0.858623
106 2 14 1 681.447 594.608 0.772834
107 2 15 0 459.892 170.841 0.910255
108 2 16 0 574.847 194.035 0.957413
109 2 16 1 701.032 383.796 0.78934
110 2 17 0 549.513 438.582 0.795569
111 2 17 1 631.008 615.74 0.769226
112 2 18 0 468.281 417.579 0.759926
113 2 18 1 639.359 552.46 0.866978
114 3 0 0 291.628 343.759 0.773247
115 3 0 1 706.643 763.364 0.152986
116 3 1 0 274.875 191.778 0.881986
117 3 1 1 622.611 295.251 0.658684
118 3 2 0 258.051 345.85 0.82282
119 3 2 1 807.681 759.127 0.171461
120 3 3 0 325.272 343.642 0.789332
121 3 4 0 280.468 126.597 0.97977
122 3 5 0 221.585 191.912 0.831434
123 3 5 1 810.444 271.999 0.504994
124 3 6 0 325.153 185.532 0.853318
125 3 6 1 454.281 320.516 0.59507
126 3 7 0 260.929 463.902 0.832917
127 3 8 0 328.052 457.588 0.814624
128 3 9 0 249.533 126.403 0.831383
129 3 10 0 510.44 88.5719 0.66292
130 3 10 1 302.891 124.412 0.459738
131 3 11 0 168.132 248.829 0.907506
132 3 11 1 933.878 603.12 0.681033
133 3 12 0 350.599 236.179 0.851776
134 3 12 1 437.45 600.952 0.812021
135 3 13 0 274.775 560.888 0.786728
136 3 14 0 330.942 550.329 0.842967
137 3 15 0 218.782 297.431 0.872395
138 3 15 1 947.785 754.897 0.644624
139 3 16 0 347.866 282.571 0.8987
140 3 16 1 485.205 727.475 0.755715
141 3 17 0 370.125 575.637 0.765595
142 3 18 0 280.533 594.635 0.829238
143 4 0 0 588.938 286.806 0.729578
144 4 0 1 417.874 324.736 0.395761
145 4 1 0 415.075 109.764 0.549365
146 4 1 1 572.197 141.297 0.944777
147 4 2 0 555.243 288.871 0.713948
148 4 2 1 417.965 324.728 0.549195
149 4 3 0 616.92 284.707 0.76065
150 4 3 1 417.87 324.738 0.294973
151 4 4 0 488.037 42.2423 0.795614
152 4 4 1 611.31 88.5331 0.840385
153 4 5 0 414.896 111.834 0.800347
154 4 5 1 530.034 143.432 0.891331
155 4 6 0 426.267 109.691 0.404045
156 4 6 1 616.946 137.078 0.870285
157 4 7 0 569.2 396.432 0.821947
158 4 7 1 417.925 497.583 0.595111
159 4 8 0 639.306 392.154 0.839021
160 4 8 1 423.465 484.986 0.226801
161 4 9 0 434.614 42.139 0.907767
162 4 9 1 566.41 78.0672 0.885818
163 4 11 0 395.499 208.807 0.880682
164 4 11 1 502.027 223.5 0.900417
165 4 12 0 625.357 210.974 0.850446
166 4 13 0 572.206 497.565 0.871397
167 4 13 1 412.12 647.349 0.773916
168 4 14 0 639.292 493.414 0.862765
169 4 14 1 414.914 598.821 0.534434
170 4 15 0 437.356 278.306 0.890696
171 4 15 1 535.662 280.536 0.840995
172 4 16 0 636.46 276.14 0.826464
173 4 17 0 684.191 514.405 0.931264
174 4 17 1 462.77 598.891 0.724132
175 4 18 0 597.337 520.841 0.825533
176 4 18 1 482.373 657.877 0.781608
P viewIdx, pafIdx, aOverAllIdx, bOverAllIdx, CandidAIdx, CandidBIdx, score
0 0 4 0 0 0 0
0 0 4 1 0 1 0
0 0 4 2 0 2 0.930956
0 0 4 3 0 3 0
0 0 5 0 1 0 0
0 0 5 1 1 1 0
0 0 5 2 1 2 0
0 0 5 3 1 3 0.995402
0 0 6 0 2 0 0.994492
0 0 6 1 2 1 0
0 0 6 2 2 2 0
0 0 6 3 2 3 0
0 0 7 0 3 0 0
0 0 7 1 3 1 0.981037
0 0 7 2 3 2 0
0 0 7 3 3 3 0
0 1 8 26 0 0 0.958003
0 1 8 27 0 1 0
0 1 8 28 0 2 0
0 1 9 26 1 0 0
0 1 9 27 1 1 0.951252
0 1 9 28 1 2 0
0 1 10 26 2 0 0
0 1 10 27 2 1 0
0 1 10 28 2 2 0.948492
0 2 26 43 0 0 0.960445
0 2 26 44 0 1 0
0 2 26 45 0 2 0
0 2 27 43 1 0 0
0 2 27 44 1 1 0.971117
0 2 27 45 1 2 0
0 2 28 43 2 0 0
0 2 28 44 2 1 0
0 2 28 45 2 2 0.960693
0 3 0 8 0 0 0.957327
0 3 0 9 0 1 0
0 3 0 10 0 2 0
0 3 1 8 1 0 0
0 3 1 9 1 1 0
0 3 1 10 1 2 0
0 3 2 8 2 0 0
0 3 2 9 2 1 0.775838
0 3 2 10 2 2 0
0 3 3 8 3 0 0
0 3 3 9 3 1 0
0 3 3 10 3 2 0.878933
0 4 0 11 0 0 0.522509
0 4 0 12 0 1 0
0 4 0 13 0 2 0
0 4 0 14 0 3 0
0 4 1 11 1 0 0.259638
0 4 1 12 1 1 0.523168
0 4 1 13 1 2 0
0 4 1 14 1 3 0
0 4 2 11 2 0 0
0 4 2 12 2 1 0
0 4 2 13 2 2 0.760118
0 4 2 14 2 3 0
0 4 3 11 3 0 0
0 4 3 12 3 1 0
0 4 3 13 3 2 0
0 4 3 14 3 3 0.876906
0 5 11 29 0 0 0.990325
0 5 11 30 0 1 0
0 5 11 31 0 2 0
0 5 11 32 0 3 0
0 5 12 29 1 0 0
0 5 12 30 1 1 0.982054
0 5 12 31 1 2 0
0 5 12 32 1 3 0
0 5 13 29 2 0 0
0 5 13 30 2 1 0
0 5 13 31 2 2 0.978859
0 5 13 32 2 3 0
0 5 14 29 3 0 0
0 5 14 30 3 1 0
0 5 14 31 3 2 0
0 5 14 32 3 3 0.961821
0 6 29 46 0 0 0.987622
0 6 29 47 0 1 0
0 6 29 48 0 2 0
0 6 29 49 0 3 0
0 6 30 46 1 0 0
0 6 30 47 1 1 0.993899
0 6 30 48 1 2 0
0 6 30 49 1 3 0
0 6 31 46 2 0 0
0 6 31 47 2 1 0
0 6 31 48 2 2 0.988458
0 6 31 49 2 3 0
0 6 32 46 3 0 0
0 6 32 47 3 1 0
0 6 32 48 3 2 0
0 6 32 49 3 3 0.960721
0 7 4 18 0 0 0.912116
0 7 4 19 0 1 0
0 7 4 20 0 2 0
0 7 4 21 0 3 0
0 7 5 18 1 0 0
0 7 5 19 1 1 0.995437
0 7 5 20 1 2 0
0 7 5 21 1 3 0
0 7 6 18 2 0 0
0 7 6 19 2 1 0
0 7 6 20 2 2 0.507962
0 7 6 21 2 3 0.249826
0 7 7 18 3 0 0
0 7 7 19 3 1 0
0 7 7 20 3 2 0
0 7 7 21 3 3 0.507737
0 8 18 38 0 0 0
0 8 19 38 1 0 0.991572
0 8 20 38 2 0 0
0 8 21 38 3 0 0
0 9 38 50 0 0 0.957868
0 10 18 33 0 0 0
0 10 18 34 0 1 0
0 10 19 33 1 0 0.997452
0 10 19 34 1 1 0
0 10 20 33 2 0 0
0 10 20 34 2 1 0
0 10 21 33 3 0 0
0 10 21 34 3 1 0.968879
0 11 4 22 0 0 0.914475
0 11 4 23 0 1 0
0 11 4 24 0 2 0
0 11 4 25 0 3 0
0 11 5 22 1 0 0
0 11 5 23 1 1 0.992653
0 11 5 24 1 2 0
0 11 5 25 1 3 0
0 11 6 22 2 0 0
0 11 6 23 2 1 0
0 11 6 24 2 2 0.510893
0 11 6 25 2 3 0
0 11 7 22 3 0 0
0 11 7 23 3 1 0
0 11 7 24 3 2 0.249372
0 11 7 25 3 3 0.509852
0 12 22 39 0 0 0.997113
0 12 22 40 0 1 0
0 12 22 41 0 2 0
0 12 22 42 0 3 0
0 12 23 39 1 0 0
0 12 23 40 1 1 0.254639
0 12 23 41 1 2 0
0 12 23 42 1 3 0.272424
0 12 24 39 2 0 0
0 12 24 40 2 1 0.271982
0 12 24 41 2 2 0
0 12 24 42 2 3 0.255033
0 12 25 39 3 0 0
0 12 25 40 3 1 0
0 12 25 41 3 2 0.995566
0 12 25 42 3 3 0
0 13 39 51 0 0 0
0 13 39 52 0 1 0.962786
0 13 39 53 0 2 0
0 13 39 54 0 3 0
0 13 40 51 1 0 0.503285
0 13 40 52 1 1 0
0 13 40 53 1 2 0
0 13 40 54 1 3 0.258261
0 13 41 51 2 0 0
0 13 41 52 2 1 0
0 13 41 53 2 2 0.989707
0 13 41 54 2 3 0
0 13 42 51 3 0 0
0 13 42 52 3 1 0
0 13 42 53 3 2 0
0 13 42 54 3 3 0.505398
0 14 22 35 0 0 0
0 14 22 36 0 1 0.996182
0 14 22 37 0 2 0
0 14 23 35 1 0 0.986153
0 14 23 36 1 1 0
0 14 23 37 1 2 0
0 14 24 35 2 0 0
0 14 24 36 2 1 0
0 14 24 37 2 2 0.990884
0 14 25 35 3 0 0
0 14 25 36 3 1 0
0 14 25 37 3 2 0
0 15 4 15 0 0 0.946763
0 15 4 16 0 1 0
0 15 4 17 0 2 0
0 15 5 15 1 0 0
0 15 5 16 1 1 0
0 15 5 17 1 2 0
0 15 6 15 2 0 0
0 15 6 16 2 1 0.254778
0 15 6 17 2 2 0.294183
0 15 7 15 3 0 0
0 15 7 16 3 1 0.295255
0 15 7 17 3 2 0.255774
0 16 46 55 0 0 0.895118
0 16 46 56 0 1 0
0 16 46 57 0 2 0
0 16 47 55 1 0 0
0 16 47 56 1 1 0.977463
0 16 47 57 1 2 0
0 16 48 55 2 0 0
0 16 48 56 2 1 0
0 16 48 57 2 2 0.954017
0 16 49 55 3 0 0
0 16 49 56 3 1 0
0 16 49 57 3 2 0
0 17 43 58 0 0 0.801451
0 17 43 59 0 1 0
0 17 44 58 1 0 0
0 17 44 59 1 1 0.709605
0 17 45 58 2 0 0
0 17 45 59 2 1 0
1 0 61 60 0 0 0.993991
1 1 62 67 0 0 0.976783
1 2 67 72 0 0 0.48955
1 2 67 73 0 1 0.51045
1 3 60 62 0 0 0.917553
1 4 60 63 0 0 0.902265
1 5 63 68 0 0 0.981649
1 6 68 74 0 0 0.988166
1 7 61 65 0 0 0.996638
1 8 65 70 0 0 0.991975
1 9 70 75 0 0 0.962789
1 11 61 66 0 0 0.985316
1 12 66 71 0 0 0.980623
1 13 71 76 0 0 0.996227
1 14 66 69 0 0 0.981675
1 15 61 64 0 0 0.992641
1 16 74 77 0 0 0.967768
1 17 72 78 0 0 0.81576
1 17 72 79 0 1 0
1 17 73 78 1 0 0
1 17 73 79 1 1 0.83497
2 0 82 80 0 0 0.973474
2 0 82 81 0 1 0
2 0 83 80 1 0 0
2 0 83 81 1 1 0.961605
2 1 84 94 0 0 0.998353
2 1 84 95 0 1 0
2 1 85 94 1 0 0
2 1 85 95 1 1 0.933539
2 2 94 103 0 0 0.993564
2 2 94 104 0 1 0
2 2 95 103 1 0 0
2 2 95 104 1 1 0.940113
2 3 80 84 0 0 0.966037
2 3 80 85 0 1 0
2 3 81 84 1 0 0
2 3 81 85 1 1 0.7835
2 4 80 86 0 0 0.968871
2 4 80 87 0 1 0
2 4 81 86 1 0 0
2 4 81 87 1 1 0.785592
2 5 86 96 0 0 0.993975
2 5 86 97 0 1 0
2 5 87 96 1 0 0
2 5 87 97 1 1 0.969353
2 6 96 105 0 0 0.999539
2 6 96 106 0 1 0
2 6 97 105 1 0 0
2 6 97 106 1 1 0.984124
2 7 82 90 0 0 0.996883
2 7 82 91 0 1 0
2 7 83 90 1 0 0
2 7 83 91 1 1 0.947411
2 8 90 100 0 0 0.97985
2 8 91 100 1 0 0
2 9 100 107 0 0 0.985296
2 11 82 92 0 0 0.990989
2 11 82 93 0 1 0
2 11 83 92 1 0 0
2 11 83 93 1 1 0.956847
2 12 92 101 0 0 0.988724
2 12 92 102 0 1 0
2 12 93 101 1 0 0
2 12 93 102 1 1 0.993666
2 13 101 108 0 0 0.976985
2 13 101 109 0 1 0
2 13 102 108 1 0 0
2 13 102 109 1 1 0.968682
2 14 92 98 0 0 0.997811
2 14 92 99 0 1 0
2 14 93 98 1 0 0
2 14 93 99 1 1 0.98865
2 15 82 88 0 0 0.991649
2 15 82 89 0 1 0
2 15 83 88 1 0 0
2 15 83 89 1 1 0.99548
2 16 105 110 0 0 0.998013
2 16 105 111 0 1 0
2 16 106 110 1 0 0
2 16 106 111 1 1 0.965662
2 17 103 112 0 0 0.967787
2 17 103 113 0 1 0
2 17 104 112 1 0 0
2 17 104 113 1 1 0.919814
3 0 116 114 0 0 0.997795
3 0 116 115 0 1 0
3 0 117 114 1 0 0
3 0 117 115 1 1 0.976246
3 1 118 126 0 0 0.99392
3 1 119 126 1 0 0
3 2 126 135 0 0 0.99776
3 3 114 118 0 0 0.956089
3 3 114 119 0 1 0
3 3 115 118 1 0 0
3 3 115 119 1 1 0.706234
3 4 114 120 0 0 0.96114
3 4 115 120 1 0 0
3 5 120 127 0 0 0.997828
3 6 127 136 0 0 0.99709
3 7 116 122 0 0 0.998261
3 7 116 123 0 1 0
3 7 117 122 1 0 0
3 7 117 123 1 1 0.936928
3 8 122 131 0 0 0.982139
3 8 122 132 0 1 0
3 8 123 131 1 0 0
3 8 123 132 1 1 0.975779
3 9 131 137 0 0 0.983737
3 9 131 138 0 1 0
3 9 132 137 1 0 0
3 9 132 138 1 1 0.965072
3 10 122 128 0 0 0.974242
3 10 123 128 1 0 0
3 11 116 124 0 0 0.992949
3 11 116 125 0 1 0
3 11 117 124 1 0 0
3 11 117 125 1 1 0.938648
3 12 124 133 0 0 0.994158
3 12 124 134 0 1 0
3 12 125 133 1 0 0
3 12 125 134 1 1 0.963522
3 13 133 139 0 0 0.999587
3 13 133 140 0 1 0
3 13 134 139 1 0 0
3 13 134 140 1 1 0.992875
3 14 124 129 0 0 0
3 14 124 130 0 1 0.895936
3 14 125 129 1 0 0.939182
3 14 125 130 1 1 0
3 15 116 121 0 0 0.991111
3 15 117 121 1 0 0
3 16 136 141 0 0 0.99089
3 17 135 142 0 0 0.980704
4 0 145 143 0 0 0
4 0 145 144 0 1 0.866821
4 0 146 143 1 0 0.998967
4 0 146 144 1 1 0
4 1 147 157 0 0 0.982837
4 1 147 158 0 1 0
4 1 148 157 1 0 0
4 1 148 158 1 1 0.9256
4 2 157 166 0 0 0.997401
4 2 157 167 0 1 0
4 2 158 166 1 0 0
4 2 158 167 1 1 0.978298
4 3 143 147 0 0 0.942114
4 3 143 148 0 1 0
4 3 144 147 1 0 0
4 3 144 148 1 1 0.684255
4 4 143 149 0 0 0.926879
4 4 143 150 0 1 0
4 4 144 149 1 0 0
4 4 144 150 1 1 0.684255
4 5 149 159 0 0 0.997212
4 5 149 160 0 1 0
4 5 150 159 1 0 0
4 5 150 160 1 1 0.798085
4 6 159 168 0 0 0.999297
4 6 159 169 0 1 0
4 6 160 168 1 0 0
4 6 160 169 1 1 0.865227
4 7 145 153 0 0 0.69818
4 7 145 154 0 1 0
4 7 146 153 1 0 0
4 7 146 154 1 1 0.999842
4 8 153 163 0 0 0.967641
4 8 153 164 0 1 0
4 8 154 163 1 0 0
4 8 154 164 1 1 0.981255
4 9 163 170 0 0 0.997318
4 9 163 171 0 1 0
4 9 164 170 1 0 0
4 9 164 171 1 1 0.990508
4 10 153 161 0 0 0.986025
4 10 153 162 0 1 0
4 10 154 161 1 0 0
4 10 154 162 1 1 0.978837
4 11 145 155 0 0 0.743195
4 11 145 156 0 1 0
4 11 146 155 1 0 0
4 11 146 156 1 1 0.994477
4 12 155 165 0 0 0
4 12 156 165 1 0 0.992072
4 13 165 172 0 0 0.992488
4 15 145 151 0 0 0.834293
4 15 145 152 0 1 0
4 15 146 151 1 0 0
4 15 146 152 1 1 0.975404
4 16 168 173 0 0 0.98071
4 16 168 174 0 1 0
4 16 169 173 1 0 0
4 16 169 174 1 1 0.913873
4 17 166 175 0 0 0.982065
4 17 166 176 0 1 0
4 17 167 175 1 0 0
4 17 167 176 1 1 0.988899
E jointIdx viewA viewB aOverAllIdx bOverallIdx score
0 0 1 0 60 -1
0 0 1 1 60 0.0571683
0 0 1 2 60 0.333838
0 0 1 3 60 0.941229
0 0 2 0 80 -1
0 0 2 0 81 0.77184
0 0 2 1 80 -1
0 0 2 1 81 -1
0 0 2 2 80 0.821855
0 0 2 2 81 -1
0 0 2 3 80 -1
0 0 2 3 81 0.846984
0 0 3 0 114 -1
0 0 3 0 115 -1
0 0 3 1 114 -1
0 0 3 1 115 0.833366
0 0 3 2 114 0.797753
0 0 3 2 115 -1
0 0 3 3 114 -1
0 0 3 3 115 -1
0 0 4 0 143 -1
0 0 4 0 144 -1
0 0 4 1 143 -1
0 0 4 1 144 -1
0 0 4 2 143 -1
0 0 4 2 144 0.935105
0 0 4 3 143 0.968282
0 0 4 3 144 -1
0 1 2 60 80 0.383223
0 1 2 60 81 0.616777
0 1 3 60 114 0.409311
0 1 3 60 115 -1
0 1 4 60 143 0.53097
0 1 4 60 144 0.115333
0 2 3 80 114 0.871033
0 2 3 80 115 -1
0 2 3 81 114 -1
0 2 3 81 115 -1
0 2 4 80 143 0.104911
0 2 4 80 144 0.727478
0 2 4 81 143 0.895089
0 2 4 81 144 -1
0 3 4 114 143 0.4185
0 3 4 114 144 0.5815
0 3 4 115 143 -1
0 3 4 115 144 -1
1 0 1 4 61 0.335293
1 0 1 5 61 0.299016
1 0 1 6 61 0.191816
1 0 1 7 61 0.173876
1 0 2 4 82 0.844245
1 0 2 4 83 -1
1 0 2 5 82 -1
1 0 2 5 83 0.93958
1 0 2 6 82 -1
1 0 2 6 83 -1
1 0 2 7 82 -1
1 0 2 7 83 -1
1 0 3 4 116 0.284489
1 0 3 4 117 -1
1 0 3 5 116 0.349775
1 0 3 5 117 -1
1 0 3 6 116 0.242973
1 0 3 6 117 -1
1 0 3 7 116 0.101537
1 0 3 7 117 0.778346
1 0 4 4 145 0.991946
1 0 4 4 146 -1
1 0 4 5 145 -1
1 0 4 5 146 0.999145
1 0 4 6 145 -1
1 0 4 6 146 0.487205
1 0 4 7 145 -1
1 0 4 7 146 0.360717
1 1 2 61 82 0.551138
1 1 2 61 83 0.448862
1 1 3 61 116 0.637307
1 1 3 61 117 -1
1 1 4 61 145 0.503482
1 1 4 61 146 0.496518
1 2 3 82 116 0.766123
1 2 3 82 117 -1
1 2 3 83 116 -1
1 2 3 83 117 -1
1 2 4 82 145 0.852379
1 2 4 82 146 -1
1 2 4 83 145 -1
1 2 4 83 146 0.939288
1 3 4 116 145 0.441309
1 3 4 116 146 0.558691
1 3 4 117 145 -1
1 3 4 117 146 -1
2 0 1 8 62 -1
2 0 1 9 62 0.290248
2 0 1 10 62 0.958631
2 0 2 8 84 -1
2 0 2 8 85 0.515375
2 0 2 9 84 0.75519
2 0 2 9 85 -1
2 0 2 10 84 -1
2 0 2 10 85 0.566065
2 0 3 8 118 -1
2 0 3 8 119 -1
2 0 3 9 118 0.903754
2 0 3 9 119 -1
2 0 3 10 118 -1
2 0 3 10 119 -1
2 0 4 8 147 -1
2 0 4 8 148 -1
2 0 4 9 147 -1
2 0 4 9 148 0.782509
2 0 4 10 147 0.980806
2 0 4 10 148 -1
2 1 2 62 84 0.705593
2 1 2 62 85 0.294407
2 1 3 62 118 0.486348
2 1 3 62 119 -1
2 1 4 62 147 0.59122
2 1 4 62 148 0.408779
2 2 3 84 118 0.971037
2 2 3 84 119 -1
2 2 3 85 118 -1
2 2 3 85 119 -1
2 2 4 84 147 0.410531
2 2 4 84 148 0.424347
2 2 4 85 147 0.521503
2 2 4 85 148 -1
2 3 4 118 147 0.386954
2 3 4 118 148 0.613046
2 3 4 119 147 -1
2 3 4 119 148 -1
3 0 1 11 63 -1
3 0 1 12 63 0.0692965
3 0 1 13 63 0.43085
3 0 1 14 63 0.9637
3 0 2 11 86 -1
3 0 2 11 87 0.905385
3 0 2 12 86 -1
3 0 2 12 87 -1
3 0 2 13 86 0.921635
3 0 2 13 87 -1
3 0 2 14 86 -1
3 0 2 14 87 0.908563
3 0 3 11 120 -1
3 0 3 12 120 -1
3 0 3 13 120 0.643761
3 0 3 14 120 -1
3 0 4 11 149 -1
3 0 4 11 150 -1
3 0 4 12 149 -1
3 0 4 12 150 -1
3 0 4 13 149 -1
3 0 4 13 150 0.98045
3 0 4 14 149 0.954656
3 0 4 14 150 -1
3 1 2 63 86 -1
3 1 2 63 87 0.89849
3 1 3 63 120 0.359707
3 1 4 63 149 0.523183
3 1 4 63 150 -1
3 2 3 86 120 0.642761
3 2 3 87 120 -1
3 2 4 86 149 -1
3 2 4 86 150 0.938706
3 2 4 87 149 0.671787
3 2 4 87 150 -1
3 3 4 120 149 0.432767
3 3 4 120 150 0.567233
4 0 1 15 64 0.622291
4 0 1 16 64 0.251388
4 0 1 17 64 0.12632
4 0 2 15 88 0.98132
4 0 2 15 89 -1
4 0 2 16 88 -1
4 0 2 16 89 -1
4 0 2 17 88 -1
4 0 2 17 89 -1
4 0 3 15 121 0.4481
4 0 3 16 121 0.131554
4 0 3 17 121 0.420346
4 0 4 15 151 0.988708
4 0 4 15 152 -1
4 0 4 16 151 -1
4 0 4 16 152 -1
4 0 4 17 151 -1
4 0 4 17 152 -1
4 1 2 64 88 0.386593
4 1 2 64 89 0.613407
4 1 3 64 121 0.837408
4 1 4 64 151 0.326174
4 1 4 64 152 0.673826
4 2 3 88 121 0.957479
4 2 3 89 121 -1
4 2 4 88 151 0.977314
4 2 4 88 152 -1
4 2 4 89 151 -1
4 2 4 89 152 0.985289
4 3 4 121 151 0.737515
4 3 4 121 152 0.262485
5 0 1 18 65 0.246889
5 0 1 19 65 0.307541
5 0 1 20 65 0.223592
5 0 1 21 65 0.221978
5 0 2 18 90 0.633536
5 0 2 18 91 -1
5 0 2 19 90 -1
5 0 2 19 91 0.685931
5 0 2 20 90 -1
5 0 2 20 91 -1
5 0 2 21 90 -1
5 0 2 21 91 -1
5 0 3 18 122 0.245696
5 0 3 18 123 -1
5 0 3 19 122 0.341641
5 0 3 19 123 -1
5 0 3 20 122 0.234803
5 0 3 20 123 -1
5 0 3 21 122 0.150393
5 0 3 21 123 0.655683
5 0 4 18 153 0.852907
5 0 4 18 154 -1
5 0 4 19 153 -1
5 0 4 19 154 0.976773
5 0 4 20 153 -1
5 0 4 20 154 0.472358
5 0 4 21 153 -1
5 0 4 21 154 0.40276
5 1 2 65 90 0.233624
5 1 2 65 91 0.49261
5 1 3 65 122 0.784362
5 1 3 65 123 -1
5 1 4 65 153 0.406046
5 1 4 65 154 0.593954
5 2 3 90 122 0.939737
5 2 3 90 123 -1
5 2 3 91 122 -1
5 2 3 91 123 -1
5 2 4 90 153 0.780481
5 2 4 90 154 -1
5 2 4 91 153 -1
5 2 4 91 154 0.695288
5 3 4 122 153 0.486537
5 3 4 122 154 0.513463
5 3 4 123 153 -1
5 3 4 123 154 -1
6 0 1 22 66 0.369528
6 0 1 23 66 0.366238
6 0 1 24 66 0.168408
6 0 1 25 66 0.0958261
6 0 2 22 92 0.849282
6 0 2 22 93 -1
6 0 2 23 92 -1
6 0 2 23 93 0.881805
6 0 2 24 92 -1
6 0 2 24 93 -1
6 0 2 25 92 -1
6 0 2 25 93 -1
6 0 3 22 124 0.828159
6 0 3 22 125 -1
6 0 3 23 124 0.704609
6 0 3 23 125 -1
6 0 3 24 124 0.45957
6 0 3 24 125 -1
6 0 3 25 124 -0.992338
6 0 3 25 125 0.884875
6 0 4 22 155 0.961227
6 0 4 22 156 -1
6 0 4 23 155 -1
6 0 4 23 156 0.999494
6 0 4 24 155 -1
6 0 4 24 156 0.459887
6 0 4 25 155 -1
6 0 4 25 156 0.203552
6 1 2 66 92 0.187546
6 1 2 66 93 0.812454
6 1 3 66 124 0.632698
6 1 3 66 125 -1
6 1 4 66 155 0.328442
6 1 4 66 156 0.671558
6 2 3 92 124 0.862343
6 2 3 92 125 -1
6 2 3 93 124 -1
6 2 3 93 125 0.750904
6 2 4 92 155 0.898387
6 2 4 92 156 -1
6 2 4 93 155 -1
6 2 4 93 156 0.832533
6 3 4 124 155 0.497373
6 3 4 124 156 0.502627
6 3 4 125 155 -1
6 3 4 125 156 -1
7 0 1 26 67 -1
7 0 1 27 67 0.0908579
7 0 1 28 67 0.593543
7 0 2 26 94 -1
7 0 2 26 95 0.470352
7 0 2 27 94 0.798093
7 0 2 27 95 -1
7 0 2 28 94 -1
7 0 2 28 95 0.567018
7 0 3 26 126 -1
7 0 3 27 126 0.980122
7 0 3 28 126 -1
7 0 4 26 157 -1
7 0 4 26 158 -1
7 0 4 27 157 -1
7 0 4 27 158 0.808148
7 0 4 28 157 0.780087
7 0 4 28 158 -1
7 1 2 67 94 0.678584
7 1 2 67 95 -1
7 1 3 67 126 0.203747
7 1 4 67 157 0.27883
7 1 4 67 158 0.603284
7 2 3 94 126 0.853191
7 2 3 95 126 -1
7 2 4 94 157 0.349899
7 2 4 94 158 0.454246
7 2 4 95 157 0.43433
7 2 4 95 158 0.0767569
7 3 4 126 157 -1
7 3 4 126 158 0.903851
8 0 1 29 68 -1
8 0 1 30 68 -1
8 0 1 31 68 0.185488
8 0 1 32 68 0.881002
8 0 2 29 96 -1
8 0 2 29 97 0.0107278
8 0 2 30 96 -1
8 0 2 30 97 0.252964
8 0 2 31 96 0.906836
8 0 2 31 97 -1
8 0 2 32 96 -1
8 0 2 32 97 0.63285
8 0 3 29 127 -1
8 0 3 30 127 -1
8 0 3 31 127 0.738611
8 0 3 32 127 -1
8 0 4 29 159 -1
8 0 4 29 160 -1
8 0 4 30 159 -1
8 0 4 30 160 -1
8 0 4 31 159 -1
8 0 4 31 160 0.895433
8 0 4 32 159 0.780951
8 0 4 32 160 -1
8 1 2 68 96 -1
8 1 2 68 97 0.734797
8 1 3 68 127 -1
8 1 4 68 159 0.702525
8 1 4 68 160 -1
8 2 3 96 127 0.836524
8 2 3 97 127 -1
8 2 4 96 159 -1
8 2 4 96 160 0.668766
8 2 4 97 159 0.53173
8 2 4 97 160 -1
8 3 4 127 159 0.25613
8 3 4 127 160 0.74387
9 0 3 33 128 -1
9 0 3 34 128 0.0790594
9 0 4 33 161 -1
9 0 4 33 162 0.986989
9 0 4 34 161 -1
9 0 4 34 162 -1
9 3 4 128 161 0.683516
9 3 4 128 162 0.316484
10 0 1 35 69 0.579749
10 0 1 36 69 0.383497
10 0 1 37 69 0.036754
10 0 2 35 98 -1
10 0 2 35 99 0.940132
10 0 2 36 98 0.957972
10 0 2 36 99 -1
10 0 2 37 98 -1
10 0 2 37 99 -1
10 0 3 35 129 0.717009
10 0 3 35 130 -1
10 0 3 36 129 -1
10 0 3 36 130 0.958714
10 0 3 37 129 0.371292
10 0 3 37 130 0.628708
10 1 2 69 98 0.471122
10 1 2 69 99 0.528878
10 1 3 69 129 0.171105
10 1 3 69 130 0.568449
10 2 3 98 129 -1
10 2 3 98 130 0.999068
10 2 3 99 129 -1
10 2 3 99 130 -1
11 0 1 38 70 0.863433
11 0 2 38 100 -1
11 0 3 38 131 -1
11 0 3 38 132 -1
11 0 4 38 163 0.517453
11 0 4 38 164 0.482547
11 1 2 70 100 0.604767
11 1 3 70 131 0.12571
11 1 3 70 132 -1
11 1 4 70 163 0.224276
11 1 4 70 164 0.775724
11 2 3 100 131 0.936202
11 2 3 100 132 -1
11 2 4 100 163 0.906074
11 2 4 100 164 0.093926
11 3 4 131 163 0.567801
11 3 4 131 164 0.432199
11 3 4 132 163 -1
11 3 4 132 164 -1
12 0 1 39 71 -1
12 0 1 40 71 0.232723
12 0 1 41 71 0.656687
12 0 1 42 71 0.902489
12 0 2 39 101 0.887937
12 0 2 39 102 -1
12 0 2 40 101 -1
12 0 2 40 102 0.492713
12 0 2 41 101 -1
12 0 2 41 102 0.306557
12 0 2 42 101 -1
12 0 2 42 102 0.954756
12 0 3 39 133 0.9143
12 0 3 39 134 -1
12 0 3 40 133 -1
12 0 3 40 134 -1
12 0 3 41 133 -1
12 0 3 41 134 0.89101
12 0 3 42 133 -1
12 0 3 42 134 -1
12 0 4 39 165 0.319468
12 0 4 40 165 0.132225
12 0 4 41 165 0.242917
12 0 4 42 165 0.30539
12 1 2 71 101 -1
12 1 2 71 102 0.934309
12 1 3 71 133 -1
12 1 3 71 134 -1
12 1 4 71 165 0.957408
12 2 3 101 133 0.980538
12 2 3 101 134 -1
12 2 3 102 133 -1
12 2 3 102 134 -1
12 2 4 101 165 -1
12 2 4 102 165 0.929266
12 3 4 133 165 0.393252
12 3 4 134 165 -1
13 0 1 43 72 -1
13 0 1 43 73 -1
13 0 1 44 72 0.725791
13 0 1 44 73 -1
13 0 1 45 72 0.351591
13 0 1 45 73 0.608044
13 0 2 43 103 -1
13 0 2 43 104 0.181582
13 0 2 44 103 0.993329
13 0 2 44 104 -1
13 0 2 45 103 -1
13 0 2 45 104 0.718987
13 0 3 43 135 -1
13 0 3 44 135 0.876081
13 0 3 45 135 -1
13 0 4 43 166 -1
13 0 4 43 167 -1
13 0 4 44 166 -1
13 0 4 44 167 0.806108
13 0 4 45 166 0.686747
13 0 4 45 167 -1
13 1 2 72 103 0.657258
13 1 2 72 104 -1
13 1 2 73 103 -1
13 1 2 73 104 0.790049
13 1 3 72 135 0.940243
13 1 3 73 135 -1
13 1 4 72 166 -1
13 1 4 72 167 0.343008
13 1 4 73 166 0.820997
13 1 4 73 167 -1
13 2 3 103 135 0.875374
13 2 3 104 135 -1
13 2 4 103 166 0.274734
13 2 4 103 167 0.329189
13 2 4 104 166 0.326534
13 2 4 104 167 0.274407
13 3 4 135 166 -1
13 3 4 135 167 0.757067
14 0 1 46 74 -1
14 0 1 47 74 -1
14 0 1 48 74 -1
14 0 1 49 74 0.859443
14 0 2 46 105 -1
14 0 2 46 106 -1
14 0 2 47 105 -1
14 0 2 47 106 0.659748
14 0 2 48 105 0.960287
14 0 2 48 106 -1
14 0 2 49 105 -1
14 0 2 49 106 0.879616
14 0 3 46 136 -1
14 0 3 47 136 -1
14 0 3 48 136 0.972427
14 0 3 49 136 -1
14 0 4 46 168 -1
14 0 4 46 169 -1
14 0 4 47 168 -1
14 0 4 47 169 -1
14 0 4 48 168 -1
14 0 4 48 169 0.801049
14 0 4 49 168 0.860974
14 0 4 49 169 -1
14 1 2 74 105 -1
14 1 2 74 106 0.911304
14 1 3 74 136 -1
14 1 4 74 168 0.749106
14 1 4 74 169 -1
14 2 3 105 136 0.988244
14 2 3 106 136 -1
14 2 4 105 168 -1
14 2 4 105 169 0.807745
14 2 4 106 168 0.811366
14 2 4 106 169 -1
14 3 4 136 168 0.177679
14 3 4 136 169 0.822321
15 0 1 50 75 0.69878
15 0 2 50 107 -1
15 0 3 50 137 -1
15 0 3 50 138 -1
15 0 4 50 170 0.241972
15 0 4 50 171 0.758028
15 1 2 75 107 0.485859
15 1 3 75 137 -1
15 1 3 75 138 -1
15 1 4 75 170 0.240554
15 1 4 75 171 0.759446
15 2 3 107 137 0.990165
15 2 3 107 138 -1
15 2 4 107 170 0.924702
15 2 4 107 171 0.0752981
15 3 4 137 170 0.563893
15 3 4 137 171 0.436107
15 3 4 138 170 -1
15 3 4 138 171 -1
16 0 1 51 76 -1
16 0 1 52 76 -1
16 0 1 53 76 0.0850569
16 0 1 54 76 0.713126
16 0 2 51 108 -1
16 0 2 51 109 0.389552
16 0 2 52 108 0.810277
16 0 2 52 109 -1
16 0 2 53 108 -1
16 0 2 53 109 0.233969
16 0 2 54 108 -1
16 0 2 54 109 0.967189
16 0 3 51 139 -1
16 0 3 51 140 -1
16 0 3 52 139 0.792148
16 0 3 52 140 -1
16 0 3 53 139 -1
16 0 3 53 140 0.908377
16 0 3 54 139 -1
16 0 3 54 140 -1
16 0 4 51 172 -1
16 0 4 52 172 0.00476819
16 0 4 53 172 -1
16 0 4 54 172 0.831327
16 1 2 76 108 -1
16 1 2 76 109 0.869886
16 1 3 76 139 -1
16 1 3 76 140 -1
16 1 4 76 172 0.899127
16 2 3 108 139 0.996221
16 2 3 108 140 -1
16 2 3 109 139 -1
16 2 3 109 140 -1
16 2 4 108 172 -1
16 2 4 109 172 0.818223
16 3 4 139 172 0.139795
16 3 4 140 172 -1
17 0 1 55 77 -1
17 0 1 56 77 -1
17 0 1 57 77 0.521424
17 0 2 55 110 -1
17 0 2 55 111 -1
17 0 2 56 110 -1
17 0 2 56 111 0.990699
17 0 2 57 110 0.944276
17 0 2 57 111 -1
17 0 3 55 141 -1
17 0 3 56 141 -1
17 0 3 57 141 0.966058
17 0 4 55 173 -1
17 0 4 55 174 -1
17 0 4 56 173 -1
17 0 4 56 174 -1
17 0 4 57 173 -1
17 0 4 57 174 0.935253
17 1 2 77 110 -1
17 1 2 77 111 0.962239
17 1 3 77 141 -1
17 1 4 77 173 0.8701
17 1 4 77 174 -1
17 2 3 110 141 0.899303
17 2 3 111 141 -1
17 2 4 110 173 -1
17 2 4 110 174 0.998613
17 2 4 111 173 0.751847
17 2 4 111 174 -1
17 3 4 141 173 0.364102
17 3 4 141 174 0.635898
18 0 1 58 78 -1
18 0 1 58 79 -1
18 0 1 59 78 0.0932191
18 0 1 59 79 -1
18 0 2 58 112 -1
18 0 2 58 113 0.562874
18 0 2 59 112 0.797007
18 0 2 59 113 -1
18 0 3 58 142 -1
18 0 3 59 142 0.728444
18 0 4 58 175 -1
18 0 4 58 176 -1
18 0 4 59 175 -1
18 0 4 59 176 0.763741
18 1 2 78 112 0.147064
18 1 2 78 113 -1
18 1 2 79 112 -1
18 1 2 79 113 0.713027
18 1 3 78 142 0.712132
18 1 3 79 142 -1
18 1 4 78 175 -1
18 1 4 78 176 -1
18 1 4 79 175 0.663221
18 1 4 79 176 0.170386
18 2 3 112 142 0.930947
18 2 3 113 142 -1
18 2 4 112 175 0.27303
18 2 4 112 176 0.296854
18 2 4 113 175 0.295432
18 2 4 113 176 0.269795
18 3 4 142 175 -1
18 3 4 142 176 0.952119
end of Frame 101
