J OverallIdx viewIdx joint种类0-18(jointIdx) 该joint在图中的顺序(candidix) x y score
0 0 0 0 395.423 381.689 0.565825
1 0 0 1 277.541 411.199 0.508659
2 0 0 2 956.228 413.346 0.544384
3 0 0 3 773.906 546.129 0.432498
4 0 1 0 813.172 185.556 0.746523
5 0 1 1 263.685 208.788 0.751246
6 0 1 2 417.781 210.755 0.528412
7 0 1 3 973.147 221.436 0.720932
8 0 1 4 392.662 276.195 0.749323
9 0 2 0 367.4 381.704 0.574022
10 0 2 1 286.059 413.352 0.54663
11 0 2 2 905.821 413.258 0.493554
12 0 2 3 844.108 550.365 0.400497
13 0 3 0 431.874 381.715 0.528784
14 0 3 1 258.005 406.986 0.42206
15 0 3 2 1029.2 413.371 0.497539
16 0 3 3 1006.81 415.412 0.504339
17 0 3 4 703.86 535.614 0.406744
18 0 4 0 350.573 156.029 0.833668
19 0 4 1 925.404 147.664 0.771105
20 0 4 2 431.812 158.07 0.835631
21 0 4 3 401.09 242.451 0.776624
22 0 5 0 928.27 181.33 0.701507
23 0 5 1 364.544 208.804 0.77815
24 0 5 2 288.831 210.904 0.785894
25 0 5 3 908.644 223.526 0.492425
26 0 5 4 358.96 276.22 0.727565
27 0 6 0 689.936 185.545 0.6962
28 0 6 1 241.198 206.619 0.653473
29 0 6 2 479.575 210.909 0.443665
30 0 6 3 1029.21 213.065 0.454597
31 0 6 4 431.807 276.165 0.659884
32 0 7 0 364.554 514.559 0.628977
33 0 7 1 911.372 556.699 0.531057
34 0 7 2 280.371 577.778 0.627404
35 0 7 3 810.408 763.337 0.384391
36 0 8 0 440.267 497.628 0.21059
37 0 8 1 280.323 565.144 0.380872
38 0 8 2 998.264 565.118 0.594834
39 0 8 3 734.728 763.375 0.415413
40 0 9 0 886.109 84.3186 0.846791
41 0 9 1 299.976 134.919 0.858258
42 0 9 2 392.738 147.609 0.847483
43 0 9 3 373.125 231.939 0.56793
44 0 10 0 785.204 63.2639 0.811398
45 0 10 1 978.848 141.286 0.911608
46 0 10 2 457.023 143.472 0.187957
47 0 11 0 347.649 265.687 0.655139
48 0 11 1 353.434 331.153 0.830873
49 0 11 2 950.595 379.625 0.816615
50 0 12 0 631.031 360.563 0.760546
51 0 13 0 347.714 634.672 0.819626
52 0 13 1 919.818 697.99 0.445269
53 0 13 2 232.759 744.346 0.587226
54 0 14 0 468.345 634.761 0.189128
55 0 14 1 995.392 691.625 0.648415
56 0 14 2 260.8 721.141 0.619759
57 0 15 0 392.64 250.918 0.519407
58 0 15 1 417.909 383.853 0.810176
59 0 15 2 961.881 535.653 0.724609
60 0 16 0 600.132 514.548 0.789906
61 0 17 0 333.755 738.101 0.744288
62 0 17 1 992.743 740.13 0.624725
63 0 18 0 361.725 668.489 0.682787
64 0 18 1 883.345 716.911 0.323309
65 0 18 2 311.284 750.743 0.236239
66 1 0 0 490.815 373.236 0.645887
67 1 0 1 816.126 377.394 0.816159
68 1 0 2 569.259 396.421 0.670031
69 1 1 0 487.913 240.34 0.708185
70 1 1 1 569.364 238.272 0.881019
71 1 1 2 1029.21 242.484 0.462652
72 1 1 3 818.86 259.387 0.956974
73 1 2 0 471.084 375.295 0.700893
74 1 2 1 790.841 377.382 0.760305
75 1 2 2 597.271 396.406 0.704652
76 1 3 0 841.303 377.429 0.820759
77 1 3 1 527.162 381.672 0.723182
78 1 3 2 1029.21 409.065 0.48766
79 1 4 0 619.844 191.924 0.330676
80 1 4 1 527.244 194.004 0.956978
81 1 4 2 978.706 196.173 0.926928
82 1 4 3 816.014 215.067 0.904817
83 1 5 0 462.759 238.293 0.847006
84 1 5 1 616.9 244.512 0.912093
85 1 5 2 776.835 261.354 0.889221
86 1 6 0 521.642 231.995 0.906439
87 1 6 1 1001.08 244.51 0.879911
88 1 6 2 860.951 259.31 0.904131
89 1 7 0 796.579 463.98 0.867677
90 1 7 1 459.775 485.054 0.857389
91 1 7 2 597.373 525.035 0.781668
92 1 8 0 835.727 463.952 0.833382
93 1 8 1 530.035 506.068 0.801786
94 1 8 2 1001.22 546.067 0.796916
95 1 9 0 611.345 179.179 0.914446
96 1 9 1 485.234 189.789 0.901166
97 1 9 2 796.442 210.919 0.238126
98 1 10 0 1029.2 189.771 0.938574
99 1 10 1 841.251 210.959 0.943222
100 1 11 0 459.837 301.562 0.63399
101 1 11 1 768.323 314.146 0.802326
102 1 11 2 622.525 328.893 0.800605
103 1 12 0 869.442 312.144 0.886966
104 1 12 1 501.894 322.624 0.860545
105 1 12 2 1001.1 326.767 0.881188
106 1 13 0 802.106 548.222 0.813782
107 1 13 1 434.645 594.64 0.819741
108 1 13 2 597.291 655.794 0.762851
109 1 14 0 827.26 546.195 0.815968
110 1 14 1 513.163 582.068 0.373171
111 1 14 2 546.746 647.41 0.813164
112 1 14 3 998.481 647.293 0.809775
113 1 15 0 754.454 364.82 0.828609
114 1 15 1 591.688 377.396 0.279733
115 1 16 0 883.357 366.897 0.905088
116 1 16 1 532.891 379.494 0.736285
117 1 16 2 981.532 406.982 0.807018
118 1 17 0 838.564 565.224 0.816547
119 1 17 1 563.641 647.36 0.370674
120 1 17 2 953.58 645.219 0.762842
121 1 18 0 799.331 565.197 0.774454
122 1 18 1 465.517 613.535 0.761183
123 1 18 2 616.945 653.701 0.504511
124 2 0 0 529.994 139.204 0.749516
125 2 0 1 810.497 189.765 0.155232
126 2 0 2 886.045 263.598 0.71846
127 2 0 3 384.23 337.375 0.650373
128 2 0 4 639.51 396.365 0.769645
129 2 1 0 530.144 23.2105 0.907111
130 2 1 1 908.741 128.659 0.786225
131 2 1 2 375.859 162.468 0.774273
132 2 1 3 661.756 242.405 0.880706
133 2 2 0 504.78 141.254 0.757896
134 2 2 1 897.338 263.558 0.619803
135 2 2 2 395.507 343.708 0.688342
136 2 2 3 670.272 392.242 0.69178
137 2 3 0 555.305 139.143 0.696343
138 2 3 1 869.362 265.692 0.712744
139 2 3 2 367.442 331.058 0.633398
140 2 3 3 614.16 396.506 0.720111
141 2 4 0 860.94 80.1375 0.885815
142 2 4 1 457.07 115.947 0.736865
143 2 5 0 496.4 25.3105 0.867604
144 2 5 1 925.368 124.46 0.646013
145 2 5 2 395.394 177.041 0.785432
146 2 5 3 706.613 229.92 0.87435
147 2 6 0 572.144 21.0748 0.883808
148 2 6 1 903.044 139.134 0.82512
149 2 6 2 361.709 158.092 0.723538
150 2 6 3 616.944 244.705 0.869172
151 2 7 0 504.82 227.68 0.800892
152 2 7 1 886.145 345.889 0.883489
153 2 7 2 392.609 463.897 0.813216
154 2 7 3 661.869 497.716 0.888365
155 2 8 0 569.254 221.405 0.734699
156 2 8 1 838.49 345.865 0.879444
157 2 8 2 400.995 417.512 0.385103
158 2 8 3 597.385 510.239 0.813626
159 2 9 0 417.827 109.757 0.890023
160 2 9 1 703.75 164.499 0.635331
161 2 10 0 908.443 75.93 0.955547
162 2 10 1 636.632 160.277 0.83556
163 2 11 0 482.17 92.8383 0.874039
164 2 11 1 426.256 278.44 0.831551
165 2 12 0 574.915 73.8466 0.267455
166 2 12 1 911.401 217.227 0.820163
167 2 12 2 594.589 360.504 0.867993
168 2 13 0 518.771 303.623 0.760833
169 2 13 1 886.088 430.159 0.896119
170 2 13 2 372.917 575.676 0.833813
171 2 13 3 667.49 603.106 0.774625
172 2 14 0 572.136 295.214 0.810934
173 2 14 1 813.288 415.367 0.854803
174 2 14 2 398.215 493.454 0.578134
175 2 14 3 600.091 609.449 0.805289
176 2 15 0 476.715 151.803 0.811091
177 2 15 1 479.612 223.522 0.853816
178 2 15 2 602.963 307.838 0.224849
179 2 16 0 440.358 202.452 0.163826
180 2 16 1 894.652 293.017 0.809603
181 2 16 2 558.089 377.508 0.724861
182 2 17 0 563.654 305.742 0.254551
183 2 17 1 773.881 413.31 0.849821
184 2 17 2 437.407 497.551 0.732057
185 2 17 3 600.159 598.923 0.394232
186 2 18 0 527.308 312.14 0.53489
187 2 18 1 852.524 425.901 0.592755
188 2 18 2 417.789 569.322 0.714413
189 2 18 3 658.996 598.822 0.441376
190 3 0 0 527.127 305.759 0.524332
191 3 0 1 171.02 333.15 0.763293
192 3 0 2 580.487 350.026 0.648507
193 3 0 3 367.305 381.712 0.627322
194 3 1 0 577.682 191.792 0.744893
195 3 1 1 344.908 191.82 0.880517
196 3 1 2 151.413 193.999 0.887097
197 3 1 3 527.165 194.006 0.841099
198 3 2 0 507.719 305.769 0.515439
199 3 2 1 157.072 333.228 0.711552
200 3 2 2 571.967 347.979 0.613112
201 3 2 3 403.854 381.645 0.586499
202 3 3 0 532.871 305.733 0.539101
203 3 3 1 187.957 331.099 0.758885
204 3 3 2 594.469 352.173 0.690108
205 3 3 3 325.319 387.974 0.626952
206 3 4 0 190.837 145.551 0.921824
207 3 4 1 493.536 158.059 0.816605
208 3 5 0 398.29 183.468 0.78155
209 3 5 1 572.032 189.816 0.706683
210 3 5 2 126.238 196.103 0.870356
211 3 5 3 504.848 194.106 0.782893
212 3 6 0 173.944 191.924 0.815025
213 3 6 1 594.43 189.775 0.861959
214 3 6 2 283.188 194.037 0.87221
215 3 6 3 549.592 193.949 0.800929
216 3 7 0 521.553 396.501 0.470956
217 3 7 1 184.993 430.238 0.795206
218 3 7 2 597.267 463.971 0.751867
219 3 7 3 412.319 525.068 0.812453
220 3 8 0 530.098 398.496 0.573412
221 3 8 1 168.368 432.262 0.851019
222 3 8 2 588.943 472.342 0.730987
223 3 8 3 344.842 516.614 0.811625
224 3 9 0 389.7 109.667 0.847943
225 3 9 1 151.395 143.299 0.902334
226 3 10 0 319.687 109.647 0.770749
227 3 10 1 549.529 128.593 0.907348
228 3 11 0 123.306 267.841 0.863583
229 3 11 1 437.595 280.538 0.791477
230 3 11 2 546.889 278.358 0.890059
231 3 12 0 185.014 263.54 0.692758
232 3 12 1 546.744 263.627 0.397387
233 3 12 2 614.166 284.665 0.836597
234 3 12 3 280.35 312.077 0.825215
235 3 13 0 521.636 468.106 0.382007
236 3 13 1 207.445 527.131 0.725668
237 3 13 2 642.159 581.915 0.818258
238 3 13 3 429.101 681.116 0.66942
239 3 14 0 527.089 472.366 0.48136
240 3 14 1 159.832 514.521 0.757943
241 3 14 2 602.998 596.737 0.78401
242 3 14 3 344.832 638.912 0.738344
243 3 15 0 482.293 328.88 0.90718
244 3 15 1 143 337.379 0.865619
245 3 16 0 487.982 305.734 0.221232
246 3 16 1 207.497 314.245 0.850312
247 3 16 2 555.245 345.767 0.838697
248 3 16 3 291.654 404.848 0.765962
249 3 17 0 527.16 487.143 0.188977
250 3 17 1 552.406 598.916 0.875907
251 3 17 2 347.712 649.473 0.492453
252 3 18 0 524.416 485.008 0.154854
253 3 18 1 232.822 546.081 0.671081
254 3 18 2 445.892 668.439 0.564716
255 4 0 0 280.303 286.768 0.75154
256 4 0 1 664.658 293.124 0.719535
257 4 0 2 771.093 326.795 0.60559
258 4 0 3 100.994 379.604 0.613981
259 4 1 0 774.052 120.169 0.701115
260 4 1 1 78.5323 132.835 0.799017
261 4 1 2 664.57 139.11 0.821756
262 4 1 3 263.577 156.002 0.861764
263 4 2 0 255.059 290.97 0.733521
264 4 2 1 639.254 293.037 0.706214
265 4 2 2 793.536 322.643 0.564983
266 4 2 3 142.983 381.71 0.567512
267 4 3 0 302.924 282.564 0.757633
268 4 3 1 698.301 295.23 0.638203
269 4 3 2 748.694 328.894 0.58044
270 4 3 3 61.7163 379.56 0.55721
271 4 4 0 168.106 61.0957 0.646503
272 4 4 1 617.041 92.8212 0.967905
273 4 4 2 274.829 105.468 0.879003
274 4 5 0 796.434 109.759 0.672044
275 4 5 1 123.245 132.868 0.758241
276 4 5 2 617.072 143.271 0.8843
277 4 5 3 221.505 158.194 0.857379
278 4 6 0 36.4256 130.771 0.766694
279 4 6 1 751.543 126.43 0.719304
280 4 6 2 709.549 132.825 0.692577
281 4 6 3 308.43 147.626 0.843413
282 4 7 0 277.65 394.331 0.822731
283 4 7 1 639.37 398.619 0.813039
284 4 7 2 796.385 459.697 0.827408
285 4 7 3 168.36 548.319 0.778329
286 4 8 0 299.98 396.403 0.848604
287 4 8 1 689.835 398.563 0.641383
288 4 8 2 687.209 466.008 0.75901
289 4 8 3 98.199 560.895 0.717594
290 4 9 0 123.465 50.5891 0.867401
291 4 9 1 235.532 101.231 0.903469
292 4 10 0 715.076 42.167 0.830998
293 4 10 1 661.807 73.7989 0.919269
294 4 11 0 616.833 213.017 0.862466
295 4 11 1 215.886 227.774 0.907789
296 4 11 2 148.693 276.198 0.884247
297 4 12 0 342.125 212.953 0.847395
298 4 12 1 748.738 234.062 0.607172
299 4 13 0 299.944 478.691 0.506087
300 4 13 1 647.792 497.671 0.782026
301 4 13 2 818.945 596.804 0.804556
302 4 13 3 187.827 681.152 0.796915
303 4 14 0 297.289 495.506 0.764308
304 4 14 1 687.102 503.979 0.423621
305 4 14 2 703.866 628.33 0.779674
306 4 14 3 100.971 714.811 0.70021
307 4 15 0 614.066 274.148 0.839428
308 4 15 1 213.148 290.943 0.905855
309 4 15 2 213.029 379.659 0.857396
310 4 16 0 350.623 276.296 0.887596
311 4 16 1 709.475 269.904 0.63087
312 4 16 2 729.034 358.425 0.813497
313 4 17 0 297.303 518.72 0.705215
314 4 17 1 642.217 626.253 0.749824
315 4 17 2 103.759 735.923 0.338429
316 4 18 0 300.011 508.196 0.180326
317 4 18 1 622.541 525.047 0.711651
318 4 18 2 765.548 596.676 0.733342
319 4 18 3 263.581 678.981 0.706826
P viewIdx, pafIdx, aOverAllIdx, bOverAllIdx, CandidAIdx, CandidBIdx, score
0 0 4 0 0 0 0
0 0 4 1 0 1 0
0 0 4 2 0 2 0
0 0 4 3 0 3 0.984288
0 0 5 0 1 0 0
0 0 5 1 1 1 0.940511
0 0 5 2 1 2 0
0 0 5 3 1 3 0
0 0 6 0 2 0 0.489184
0 0 6 1 2 1 0
0 0 6 2 2 2 0
0 0 6 3 2 3 0
0 0 7 0 3 0 0
0 0 7 1 3 1 0
0 0 7 2 3 2 0.952171
0 0 7 3 3 3 0
0 0 8 0 4 0 0.510816
0 0 8 1 4 1 0
0 0 8 2 4 2 0
0 0 8 3 4 3 0
0 1 9 32 0 0 0.528363
0 1 9 33 0 1 0
0 1 9 34 0 2 0.259643
0 1 9 35 0 3 0
0 1 10 32 1 0 0
0 1 10 33 1 1 0
0 1 10 34 1 2 0.530098
0 1 10 35 1 3 0
0 1 11 32 2 0 0
0 1 11 33 2 1 0.50063
0 1 11 34 2 2 0
0 1 11 35 2 3 0.270376
0 1 12 32 3 0 0
0 1 12 33 3 1 0
0 1 12 34 3 2 0
0 1 12 35 3 3 0.513405
0 2 32 51 0 0 0.519427
0 2 32 52 0 1 0
0 2 32 53 0 2 0.258194
0 2 33 51 1 0 0
0 2 33 52 1 1 0.909627
0 2 33 53 1 2 0
0 2 34 51 2 0 0
0 2 34 52 2 1 0
0 2 34 53 2 2 0.514886
0 2 35 51 3 0 0
0 2 35 52 3 1 0
0 2 35 53 3 2 0
0 3 0 9 0 0 0.89262
0 3 0 10 0 1 0
0 3 0 11 0 2 0
0 3 0 12 0 3 0
0 3 1 9 1 0 0
0 3 1 10 1 1 0.842314
0 3 1 11 1 2 0
0 3 1 12 1 3 0
0 3 2 9 2 0 0
0 3 2 10 2 1 0
0 3 2 11 2 2 0.890361
0 3 2 12 2 3 0
0 3 3 9 3 0 0
0 3 3 10 3 1 0
0 3 3 11 3 2 0
0 3 3 12 3 3 0.838449
0 4 0 13 0 0 0.896874
0 4 0 14 0 1 0
0 4 0 15 0 2 0
0 4 0 16 0 3 0
0 4 0 17 0 4 0
0 4 1 13 1 0 0
0 4 1 14 1 1 0.83019
0 4 1 15 1 2 0
0 4 1 16 1 3 0
0 4 1 17 1 4 0
0 4 2 13 2 0 0
0 4 2 14 2 1 0
0 4 2 15 2 2 0.496168
0 4 2 16 2 3 0.503832
0 4 2 17 2 4 0
0 4 3 13 3 0 0
0 4 3 14 3 1 0
0 4 3 15 3 2 0
0 4 3 16 3 3 0
0 4 3 17 3 4 0.837932
0 5 13 36 0 0 0.836883
0 5 13 37 0 1 0
0 5 13 38 0 2 0
0 5 13 39 0 3 0
0 5 14 36 1 0 0
0 5 14 37 1 1 0.84838
0 5 14 38 1 2 0
0 5 14 39 1 3 0
0 5 15 36 2 0 0
0 5 15 37 2 1 0
0 5 15 38 2 2 0.500419
0 5 15 39 2 3 0
0 5 16 36 3 0 0
0 5 16 37 3 1 0
0 5 16 38 3 2 0.499581
0 5 16 39 3 3 0
0 5 17 36 4 0 0
0 5 17 37 4 1 0
0 5 17 38 4 2 0
0 5 17 39 4 3 0.96263
0 6 36 54 0 0 0.501865
0 6 36 55 0 1 0
0 6 36 56 0 2 0.30053
0 6 37 54 1 0 0
0 6 37 55 1 1 0
0 6 37 56 1 2 0.552118
0 6 38 54 2 0 0
0 6 38 55 2 1 0.949679
0 6 38 56 2 2 0
0 6 39 54 3 0 0
0 6 39 55 3 1 0
0 6 39 56 3 2 0
0 7 4 22 0 0 0.942948
0 7 4 23 0 1 0
0 7 4 24 0 2 0
0 7 4 25 0 3 0
0 7 4 26 0 4 0
0 7 5 22 1 0 0
0 7 5 23 1 1 0
0 7 5 24 1 2 0.965752
0 7 5 25 1 3 0
0 7 5 26 1 4 0
0 7 6 22 2 0 0
0 7 6 23 2 1 0.908074
0 7 6 24 2 2 0
0 7 6 25 2 3 0
0 7 6 26 2 4 0
0 7 7 22 3 0 0
0 7 7 23 3 1 0
0 7 7 24 3 2 0
0 7 7 25 3 3 0.941049
0 7 7 26 3 4 0
0 7 8 22 4 0 0
0 7 8 23 4 1 0
0 7 8 24 4 2 0
0 7 8 25 4 3 0
0 7 8 26 4 4 0.961064
0 8 22 47 0 0 0
0 8 22 48 0 1 0
0 8 22 49 0 2 0.501134
0 8 23 47 1 0 0.263626
0 8 23 48 1 1 0.175475
0 8 23 49 1 2 0
0 8 24 47 2 0 0.262771
0 8 24 48 2 1 0.176028
0 8 24 49 2 2 0
0 8 25 47 3 0 0
0 8 25 48 3 1 0
0 8 25 49 3 2 0.498866
0 8 26 47 4 0 0
0 8 26 48 4 1 0.332196
0 8 26 49 4 2 0
0 9 47 57 0 0 0.804343
0 9 47 58 0 1 0
0 9 47 59 0 2 0
0 9 48 57 1 0 0
0 9 48 58 1 1 0.989251
0 9 48 59 1 2 0
0 9 49 57 2 0 0
0 9 49 58 2 1 0
0 9 49 59 2 2 0.99496
0 10 22 40 0 0 0.529785
0 10 22 41 0 1 0
0 10 22 42 0 2 0
0 10 22 43 0 3 0
0 10 23 40 1 0 0
0 10 23 41 1 1 0
0 10 23 42 1 2 0.505282
0 10 23 43 1 3 0
0 10 24 40 2 0 0
0 10 24 41 2 1 0.980762
0 10 24 42 2 2 0
0 10 24 43 2 3 0
0 10 25 40 3 0 0.470215
0 10 25 41 3 1 0
0 10 25 42 3 2 0
0 10 25 43 3 3 0
0 10 26 40 4 0 0
0 10 26 41 4 1 0
0 10 26 42 4 2 0.270286
0 10 26 43 4 3 0.49059
0 11 4 27 0 0 0.961437
0 11 4 28 0 1 0
0 11 4 29 0 2 0
0 11 4 30 0 3 0
0 11 4 31 0 4 0
0 11 5 27 1 0 0
0 11 5 28 1 1 0.964833
0 11 5 29 1 2 0
0 11 5 30 1 3 0
0 11 5 31 1 4 0
0 11 6 27 2 0 0
0 11 6 28 2 1 0
0 11 6 29 2 2 0.906734
0 11 6 30 2 3 0
0 11 6 31 2 4 0
0 11 7 27 3 0 0
0 11 7 28 3 1 0
0 11 7 29 3 2 0
0 11 7 30 3 3 0.911593
0 11 7 31 3 4 0
0 11 8 27 4 0 0
0 11 8 28 4 1 0
0 11 8 29 4 2 0
0 11 8 30 4 3 0
0 11 8 31 4 4 0.943701
0 12 27 50 0 0 0.950207
0 12 28 50 1 0 0
0 12 29 50 2 0 0
0 12 30 50 3 0 0
0 12 31 50 4 0 0
0 13 50 60 0 0 0.9669
0 14 27 44 0 0 0.947245
0 14 27 45 0 1 0
0 14 27 46 0 2 0
0 14 28 44 1 0 0
0 14 28 45 1 1 0
0 14 28 46 1 2 0
0 14 29 44 2 0 0
0 14 29 45 2 1 0
0 14 29 46 2 2 0
0 14 30 44 3 0 0
0 14 30 45 3 1 0.977593
0 14 30 46 3 2 0
0 14 31 44 4 0 0
0 14 31 45 4 1 0
0 14 31 46 4 2 0
0 15 4 18 0 0 0
0 15 4 19 0 1 0
0 15 4 20 0 2 0
0 15 4 21 0 3 0
0 15 5 18 1 0 0.945382
0 15 5 19 1 1 0
0 15 5 20 1 2 0
0 15 5 21 1 3 0
0 15 6 18 2 0 0
0 15 6 19 2 1 0
0 15 6 20 2 2 0.495104
0 15 6 21 2 3 0
0 15 7 18 3 0 0
0 15 7 19 3 1 0.969635
0 15 7 20 3 2 0
0 15 7 21 3 3 0
0 15 8 18 4 0 0
0 15 8 19 4 1 0
0 15 8 20 4 2 0.279761
0 15 8 21 4 3 0.504076
0 16 54 61 0 0 0
0 16 54 62 0 1 0
0 16 55 61 1 0 0
0 16 55 62 1 1 0.926406
0 16 56 61 2 0 0.953981
0 16 56 62 2 1 0
0 17 51 63 0 0 0.950325
0 17 51 64 0 1 0
0 17 51 65 0 2 0
0 17 52 63 1 0 0
0 17 52 64 1 1 0.81032
0 17 52 65 1 2 0
0 17 53 63 2 0 0
0 17 53 64 2 1 0
0 17 53 65 2 2 0.871272
1 0 69 66 0 0 0.298501
1 0 69 67 0 1 0
1 0 69 68 0 2 0.264449
1 0 70 66 1 0 0.264459
1 0 70 67 1 1 0
1 0 70 68 1 2 0.296866
1 0 71 66 2 0 0
1 0 71 67 2 1 0
1 0 71 68 2 2 0
1 0 72 66 3 0 0
1 0 72 67 3 1 0.991167
1 0 72 68 3 2 0
1 1 73 89 0 0 0
1 1 73 90 0 1 0.989042
1 1 73 91 0 2 0
1 1 74 89 1 0 0.989918
1 1 74 90 1 1 0
1 1 74 91 1 2 0
1 1 75 89 2 0 0
1 1 75 90 2 1 0
1 1 75 91 2 2 0.991415
1 2 89 106 0 0 0.997711
1 2 89 107 0 1 0
1 2 89 108 0 2 0
1 2 90 106 1 0 0
1 2 90 107 1 1 0.997652
1 2 90 108 1 2 0
1 2 91 106 2 0 0
1 2 91 107 2 1 0
1 2 91 108 2 2 0.997891
1 3 66 73 0 0 0.934026
1 3 66 74 0 1 0
1 3 66 75 0 2 0
1 3 67 73 1 0 0
1 3 67 74 1 1 0.973713
1 3 67 75 1 2 0
1 3 68 73 2 0 0
1 3 68 74 2 1 0
1 3 68 75 2 2 0.917625
1 4 66 76 0 0 0
1 4 66 77 0 1 0.904189
1 4 66 78 0 2 0
1 4 67 76 1 0 0.968722
1 4 67 77 1 1 0
1 4 67 78 1 2 0
1 4 68 76 2 0 0
1 4 68 77 2 1 0
1 4 68 78 2 2 0
1 5 76 92 0 0 0.990301
1 5 76 93 0 1 0
1 5 76 94 0 2 0
1 5 77 92 1 0 0
1 5 77 93 1 1 0.997941
1 5 77 94 1 2 0
1 5 78 92 2 0 0
1 5 78 93 2 1 0
1 5 78 94 2 2 0.970349
1 6 92 109 0 0 0.988555
1 6 92 110 0 1 0
1 6 92 111 0 2 0
1 6 92 112 0 3 0
1 6 93 109 1 0 0
1 6 93 110 1 1 0.485556
1 6 93 111 1 2 0.514024
1 6 93 112 1 3 0
1 6 94 109 2 0 0
1 6 94 110 2 1 0
1 6 94 111 2 2 0
1 6 94 112 2 3 0.983654
1 7 69 83 0 0 0.977056
1 7 69 84 0 1 0
1 7 69 85 0 2 0
1 7 70 83 1 0 0
1 7 70 84 1 1 0.993132
1 7 70 85 1 2 0
1 7 71 83 2 0 0
1 7 71 84 2 1 0
1 7 71 85 2 2 0
1 7 72 83 3 0 0
1 7 72 84 3 1 0
1 7 72 85 3 2 0.995872
1 8 83 100 0 0 0.97028
1 8 83 101 0 1 0
1 8 83 102 0 2 0
1 8 84 100 1 0 0
1 8 84 101 1 1 0
1 8 84 102 1 2 0.993668
1 8 85 100 2 0 0
1 8 85 101 2 1 0.980382
1 8 85 102 2 2 0
1 9 100 113 0 0 0
1 9 100 114 0 1 0
1 9 101 113 1 0 0.976621
1 9 101 114 1 1 0
1 9 102 113 2 0 0
1 9 102 114 2 1 0.799727
1 10 83 95 0 0 0
1 10 83 96 0 1 0.970356
1 10 83 97 0 2 0
1 10 84 95 1 0 0.993386
1 10 84 96 1 1 0
1 10 84 97 1 2 0
1 10 85 95 2 0 0
1 10 85 96 2 1 0
1 10 85 97 2 2 0.735671
1 11 69 86 0 0 0
1 11 69 87 0 1 0
1 11 69 88 0 2 0
1 11 70 86 1 0 0.961146
1 11 70 87 1 1 0
1 11 70 88 1 2 0
1 11 71 86 2 0 0
1 11 71 87 2 1 0.986122
1 11 71 88 2 2 0
1 11 72 86 3 0 0
1 11 72 87 3 1 0
1 11 72 88 3 2 0.999861
1 12 86 103 0 0 0
1 12 86 104 0 1 0.990382
1 12 86 105 0 2 0
1 12 87 103 1 0 0
1 12 87 104 1 1 0
1 12 87 105 1 2 0.995454
1 12 88 103 2 0 0.989085
1 12 88 104 2 1 0
1 12 88 105 2 2 0
1 13 103 115 0 0 0.996692
1 13 103 116 0 1 0
1 13 103 117 0 2 0
1 13 104 115 1 0 0
1 13 104 116 1 1 0.984674
1 13 104 117 1 2 0
1 13 105 115 2 0 0
1 13 105 116 2 1 0
1 13 105 117 2 2 0.97486
1 14 86 98 0 0 0
1 14 86 99 0 1 0
1 14 87 98 1 0 0.980758
1 14 87 99 1 1 0
1 14 88 98 2 0 0
1 14 88 99 2 1 0.988898
1 15 69 79 0 0 0
1 15 69 80 0 1 0.922961
1 15 69 81 0 2 0
1 15 69 82 0 3 0
1 15 70 79 1 0 0.76278
1 15 70 80 1 1 0
1 15 70 81 1 2 0
1 15 70 82 1 3 0
1 15 71 79 2 0 0
1 15 71 80 2 1 0
1 15 71 81 2 2 0.97119
1 15 71 82 2 3 0
1 15 72 79 3 0 0
1 15 72 80 3 1 0
1 15 72 81 3 2 0
1 15 72 82 3 3 0.998542
1 16 109 118 0 0 0.975163
1 16 109 119 0 1 0
1 16 109 120 0 2 0
1 16 110 118 1 0 0
1 16 110 119 1 1 0
1 16 110 120 1 2 0
1 16 111 118 2 0 0
1 16 111 119 2 1 0.820727
1 16 111 120 2 2 0
1 16 112 118 3 0 0
1 16 112 119 3 1 0
1 16 112 120 3 2 0.984482
1 17 106 121 0 0 0.966747
1 17 106 122 0 1 0
1 17 106 123 0 2 0
1 17 107 121 1 0 0
1 17 107 122 1 1 0.967242
1 17 107 123 1 2 0
1 17 108 121 2 0 0
1 17 108 122 2 1 0
1 17 108 123 2 2 0.740015
2 0 129 124 0 0 0.991535
2 0 129 125 0 1 0
2 0 129 126 0 2 0
2 0 129 127 0 3 0
2 0 129 128 0 4 0
2 0 130 124 1 0 0
2 0 130 125 1 1 0
2 0 130 126 1 2 0.945663
2 0 130 127 1 3 0
2 0 130 128 1 4 0
2 0 131 124 2 0 0
2 0 131 125 2 1 0
2 0 131 126 2 2 0
2 0 131 127 2 3 0.962195
2 0 131 128 2 4 0
2 0 132 124 3 0 0
2 0 132 125 3 1 0
2 0 132 126 3 2 0
2 0 132 127 3 3 0
2 0 132 128 3 4 0.99174
2 1 133 151 0 0 0.991594
2 1 133 152 0 1 0
2 1 133 153 0 2 0
2 1 133 154 0 3 0
2 1 134 151 1 0 0
2 1 134 152 1 1 0.984885
2 1 134 153 1 2 0
2 1 134 154 1 3 0
2 1 135 151 2 0 0
2 1 135 152 2 1 0
2 1 135 153 2 2 0.973663
2 1 135 154 2 3 0
2 1 136 151 3 0 0
2 1 136 152 3 1 0
2 1 136 153 3 2 0
2 1 136 154 3 3 0.990439
2 2 151 168 0 0 0.997536
2 2 151 169 0 1 0
2 2 151 170 0 2 0
2 2 151 171 0 3 0
2 2 152 168 1 0 0
2 2 152 169 1 1 0.998368
2 2 152 170 1 2 0
2 2 152 171 1 3 0
2 2 153 168 2 0 0
2 2 153 169 2 1 0
2 2 153 170 2 2 0.986631
2 2 153 171 2 3 0
2 2 154 168 3 0 0
2 2 154 169 3 1 0
2 2 154 170 3 2 0
2 2 154 171 3 3 0.999368
2 3 124 133 0 0 0.946935
2 3 124 134 0 1 0
2 3 124 135 0 2 0
2 3 124 136 0 3 0
2 3 125 133 1 0 0
2 3 125 134 1 1 0
2 3 125 135 1 2 0
2 3 125 136 1 3 0
2 3 126 133 2 0 0
2 3 126 134 2 1 0.901884
2 3 126 135 2 2 0
2 3 126 136 2 3 0
2 3 127 133 3 0 0
2 3 127 134 3 1 0
2 3 127 135 3 2 0.932186
2 3 127 136 3 3 0
2 3 128 133 4 0 0
2 3 128 134 4 1 0
2 3 128 135 4 2 0
2 3 128 136 4 3 0.947656
2 4 124 137 0 0 0.945338
2 4 124 138 0 1 0
2 4 124 139 0 2 0
2 4 124 140 0 3 0
2 4 125 137 1 0 0
2 4 125 138 1 1 0
2 4 125 139 1 2 0
2 4 125 140 1 3 0
2 4 126 137 2 0 0
2 4 126 138 2 1 0.915755
2 4 126 139 2 2 0
2 4 126 140 2 3 0
2 4 127 137 3 0 0
2 4 127 138 3 1 0
2 4 127 139 3 2 0.923433
2 4 127 140 3 3 0
2 4 128 137 4 0 0
2 4 128 138 4 1 0
2 4 128 139 4 2 0
2 4 128 140 4 3 0.938213
2 5 137 155 0 0 0.971466
2 5 137 156 0 1 0
2 5 137 157 0 2 0
2 5 137 158 0 3 0
2 5 138 155 1 0 0
2 5 138 156 1 1 0.974266
2 5 138 157 1 2 0
2 5 138 158 1 3 0
2 5 139 155 2 0 0
2 5 139 156 2 1 0
2 5 139 157 2 2 0.917787
2 5 139 158 2 3 0
2 5 140 155 3 0 0
2 5 140 156 3 1 0
2 5 140 157 3 2 0
2 5 140 158 3 3 0.967827
2 6 155 172 0 0 0.986871
2 6 155 173 0 1 0
2 6 155 174 0 2 0
2 6 155 175 0 3 0
2 6 156 172 1 0 0
2 6 156 173 1 1 0.983555
2 6 156 174 1 2 0
2 6 156 175 1 3 0
2 6 157 172 2 0 0
2 6 157 173 2 1 0
2 6 157 174 2 2 0.893526
2 6 157 175 2 3 0
2 6 158 172 3 0 0
2 6 158 173 3 1 0
2 6 158 174 3 2 0
2 6 158 175 3 3 0.999561
2 7 129 143 0 0 0.996404
2 7 129 144 0 1 0
2 7 129 145 0 2 0
2 7 129 146 0 3 0
2 7 130 143 1 0 0
2 7 130 144 1 1 0.915137
2 7 130 145 1 2 0
2 7 130 146 1 3 0
2 7 131 143 2 0 0
2 7 131 144 2 1 0
2 7 131 145 2 2 0.982043
2 7 131 146 2 3 0
2 7 132 143 3 0 0
2 7 132 144 3 1 0
2 7 132 145 3 2 0
2 7 132 146 3 3 0.984456
2 8 143 163 0 0 0.989457
2 8 143 164 0 1 0
2 8 144 163 1 0 0
2 8 144 164 1 1 0
2 8 145 163 2 0 0
2 8 145 164 2 1 0.990553
2 8 146 163 3 0 0
2 8 146 164 3 1 0
2 9 163 176 0 0 0.990684
2 9 163 177 0 1 0
2 9 163 178 0 2 0
2 9 164 176 1 0 0
2 9 164 177 1 1 0.965648
2 9 164 178 1 2 0
2 10 143 159 0 0 0
2 10 143 160 0 1 0
2 10 144 159 1 0 0
2 10 144 160 1 1 0
2 10 145 159 2 0 0.965124
2 10 145 160 2 1 0
2 10 146 159 3 0 0
2 10 146 160 3 1 0.937327
2 11 129 147 0 0 0.988871
2 11 129 148 0 1 0
2 11 129 149 0 2 0
2 11 129 150 0 3 0
2 11 130 147 1 0 0
2 11 130 148 1 1 0.917578
2 11 130 149 1 2 0
2 11 130 150 1 3 0
2 11 131 147 2 0 0
2 11 131 148 2 1 0
2 11 131 149 2 2 0.972227
2 11 131 150 2 3 0
2 11 132 147 3 0 0
2 11 132 148 3 1 0
2 11 132 149 3 2 0
2 11 132 150 3 3 0.99092
2 12 147 165 0 0 0.846319
2 12 147 166 0 1 0
2 12 147 167 0 2 0
2 12 148 165 1 0 0
2 12 148 166 1 1 0.995627
2 12 148 167 1 2 0
2 12 149 165 2 0 0
2 12 149 166 2 1 0
2 12 149 167 2 2 0
2 12 150 165 3 0 0
2 12 150 166 3 1 0
2 12 150 167 3 2 0.967352
2 13 165 179 0 0 0
2 13 165 180 0 1 0
2 13 165 181 0 2 0
2 13 166 179 1 0 0
2 13 166 180 1 1 0.966036
2 13 166 181 1 2 0
2 13 167 179 2 0 0
2 13 167 180 2 1 0
2 13 167 181 2 2 0.931496
2 14 147 161 0 0 0
2 14 147 162 0 1 0
2 14 148 161 1 0 0.992395
2 14 148 162 1 1 0
2 14 149 161 2 0 0
2 14 149 162 2 1 0
2 14 150 161 3 0 0
2 14 150 162 3 1 0.983353
2 15 129 141 0 0 0
2 15 129 142 0 1 0
2 15 130 141 1 0 0.994577
2 15 130 142 1 1 0
2 15 131 141 2 0 0
2 15 131 142 2 1 0.910008
2 15 132 141 3 0 0
2 15 132 142 3 1 0
2 16 172 182 0 0 0.844818
2 16 172 183 0 1 0
2 16 172 184 0 2 0
2 16 172 185 0 3 0
2 16 173 182 1 0 0
2 16 173 183 1 1 0.989839
2 16 173 184 1 2 0
2 16 173 185 1 3 0
2 16 174 182 2 0 0
2 16 174 183 2 1 0
2 16 174 184 2 2 0.869282
2 16 174 185 2 3 0
2 16 175 182 3 0 0
2 16 175 183 3 1 0
2 16 175 184 3 2 0
2 16 175 185 3 3 0.648369
2 17 168 186 0 0 0.92786
2 17 168 187 0 1 0
2 17 168 188 0 2 0
2 17 168 189 0 3 0
2 17 169 186 1 0 0
2 17 169 187 1 1 0.926607
2 17 169 188 1 2 0
2 17 169 189 1 3 0
2 17 170 186 2 0 0
2 17 170 187 2 1 0
2 17 170 188 2 2 0.930755
2 17 170 189 2 3 0
2 17 171 186 3 0 0
2 17 171 187 3 1 0
2 17 171 188 3 2 0
2 17 171 189 3 3 0.728928
3 0 194 190 0 0 0.264336
3 0 194 191 0 1 0
3 0 194 192 0 2 0.278686
3 0 194 193 0 3 0
3 0 195 190 1 0 0
3 0 195 191 1 1 0
3 0 195 192 1 2 0
3 0 195 193 1 3 0.998972
3 0 196 190 2 0 0
3 0 196 191 2 1 0.973786
3 0 196 192 2 2 0
3 0 196 193 2 3 0
3 0 197 190 3 0 0.278702
3 0 197 191 3 1 0
3 0 197 192 3 2 0.264487
3 0 197 193 3 3 0
3 1 198 216 0 0 0.294675
3 1 198 217 0 1 0
3 1 198 218 0 2 0.269864
3 1 198 219 0 3 0
3 1 199 216 1 0 0
3 1 199 217 1 1 0.99401
3 1 199 218 1 2 0
3 1 199 219 1 3 0
3 1 200 216 2 0 0.268745
3 1 200 217 2 1 0
3 1 200 218 2 2 0.29319
3 1 200 219 2 3 0
3 1 201 216 3 0 0
3 1 201 217 3 1 0
3 1 201 218 3 2 0
3 1 201 219 3 3 0.977516
3 2 216 235 0 0 0.511282
3 2 216 236 0 1 0
3 2 216 237 0 2 0.272135
3 2 216 238 0 3 0
3 2 217 235 1 0 0
3 2 217 236 1 1 0.99621
3 2 217 237 1 2 0
3 2 217 238 1 3 0
3 2 218 235 2 0 0
3 2 218 236 2 1 0
3 2 218 237 2 2 0.546105
3 2 218 238 2 3 0
3 2 219 235 3 0 0
3 2 219 236 3 1 0
3 2 219 237 3 2 0
3 2 219 238 3 3 0.988483
3 3 190 198 0 0 0.51064
3 3 190 199 0 1 0
3 3 190 200 0 2 0
3 3 190 201 0 3 0
3 3 191 198 1 0 0
3 3 191 199 1 1 0.926967
3 3 191 200 1 2 0
3 3 191 201 1 3 0
3 3 192 198 2 0 0.285782
3 3 192 199 2 1 0
3 3 192 200 2 2 0.522113
3 3 192 201 2 3 0
3 3 193 198 3 0 0
3 3 193 199 3 1 0
3 3 193 200 3 2 0
3 3 193 201 3 3 0.888409
3 4 190 202 0 0 0.513988
3 4 190 203 0 1 0
3 4 190 204 0 2 0.284515
3 4 190 205 0 3 0
3 4 191 202 1 0 0
3 4 191 203 1 1 0.939844
3 4 191 204 1 2 0
3 4 191 205 1 3 0
3 4 192 202 2 0 0
3 4 192 203 2 1 0
3 4 192 204 2 2 0.529244
3 4 192 205 2 3 0
3 4 193 202 3 0 0
3 4 193 203 3 1 0
3 4 193 204 3 2 0
3 4 193 205 3 3 0.881156
3 5 202 220 0 0 0.295461
3 5 202 221 0 1 0
3 5 202 222 0 2 0.268545
3 5 202 223 0 3 0
3 5 203 220 1 0 0
3 5 203 221 1 1 0.974803
3 5 203 222 1 2 0
3 5 203 223 1 3 0
3 5 204 220 2 0 0.267836
3 5 204 221 2 1 0
3 5 204 222 2 2 0.293807
3 5 204 223 2 3 0
3 5 205 220 3 0 0
3 5 205 221 3 1 0
3 5 205 222 3 2 0
3 5 205 223 3 3 0.984017
3 6 220 239 0 0 0.507103
3 6 220 240 0 1 0
3 6 220 241 0 2 0.266149
3 6 220 242 0 3 0
3 6 221 239 1 0 0
3 6 221 240 1 1 0.976673
3 6 221 241 1 2 0
3 6 221 242 1 3 0
3 6 222 239 2 0 0
3 6 222 240 2 1 0
3 6 222 241 2 2 0.53752
3 6 222 242 2 3 0
3 6 223 239 3 0 0
3 6 223 240 3 1 0
3 6 223 241 3 2 0
3 6 223 242 3 3 0.993307
3 7 194 208 0 0 0
3 7 194 209 0 1 0.499702
3 7 194 210 0 2 0
3 7 194 211 0 3 0.260041
3 7 195 208 1 0 0.975624
3 7 195 209 1 1 0
3 7 195 210 1 2 0
3 7 195 211 1 3 0
3 7 196 208 2 0 0
3 7 196 209 2 1 0
3 7 196 210 2 2 0.992022
3 7 196 211 2 3 0
3 7 197 208 3 0 0
3 7 197 209 3 1 0
3 7 197 210 3 2 0
3 7 197 211 3 3 0.505743
3 8 208 228 0 0 0
3 8 208 229 0 1 0.980587
3 8 208 230 0 2 0
3 8 209 228 1 0 0
3 8 209 229 1 1 0
3 8 209 230 1 2 0.552197
3 8 210 228 2 0 0.9985
3 8 210 229 2 1 0
3 8 210 230 2 2 0
3 8 211 228 3 0 0
3 8 211 229 3 1 0
3 8 211 230 3 2 0.447803
3 9 228 243 0 0 0
3 9 228 244 0 1 0.987854
3 9 229 243 1 0 0
3 9 229 244 1 1 0
3 9 230 243 2 0 0.978929
3 9 230 244 2 1 0
3 10 208 224 0 0 0.98762
3 10 208 225 0 1 0
3 10 209 224 1 0 0
3 10 209 225 1 1 0
3 10 210 224 2 0 0
3 10 210 225 2 1 0.97175
3 10 211 224 3 0 0
3 10 211 225 3 1 0
3 11 194 212 0 0 0
3 11 194 213 0 1 0.498854
3 11 194 214 0 2 0
3 11 194 215 0 3 0
3 11 195 212 1 0 0
3 11 195 213 1 1 0
3 11 195 214 1 2 0.994161
3 11 195 215 1 3 0
3 11 196 212 2 0 0.990384
3 11 196 213 2 1 0
3 11 196 214 2 2 0
3 11 196 215 2 3 0
3 11 197 212 3 0 0
3 11 197 213 3 1 0.256372
3 11 197 214 3 2 0
3 11 197 215 3 3 0.502012
3 12 212 231 0 0 0.958642
3 12 212 232 0 1 0
3 12 212 233 0 2 0
3 12 212 234 0 3 0
3 12 213 231 1 0 0
3 12 213 232 1 1 0.255715
3 12 213 233 1 2 0.280374
3 12 213 234 1 3 0
3 12 214 231 2 0 0
3 12 214 232 2 1 0
3 12 214 233 2 2 0
3 12 214 234 2 3 0.992256
3 12 215 231 3 0 0
3 12 215 232 3 1 0.281023
3 12 215 233 3 2 0.256102
3 12 215 234 3 3 0
3 13 231 245 0 0 0
3 13 231 246 0 1 0.985963
3 13 231 247 0 2 0
3 13 231 248 0 3 0
3 13 232 245 1 0 0.498098
3 13 232 246 1 1 0
3 13 232 247 1 2 0.285518
3 13 232 248 1 3 0
3 13 233 245 2 0 0
3 13 233 246 2 1 0
3 13 233 247 2 2 0.554885
3 13 233 248 2 3 0
3 13 234 245 3 0 0
3 13 234 246 3 1 0
3 13 234 247 3 2 0
3 13 234 248 3 3 0.998162
3 14 212 226 0 0 0
3 14 212 227 0 1 0
3 14 213 226 1 0 0
3 14 213 227 1 1 0.508334
3 14 214 226 2 0 0.950144
3 14 214 227 2 1 0
3 14 215 226 3 0 0
3 14 215 227 3 1 0.489735
3 15 194 206 0 0 0
3 15 194 207 0 1 0.485447
3 15 195 206 1 0 0
3 15 195 207 1 1 0
3 15 196 206 2 0 0.954744
3 15 196 207 2 1 0
3 15 197 206 3 0 0
3 15 197 207 3 1 0.514553
3 16 239 249 0 0 0.749081
3 16 239 250 0 1 0
3 16 239 251 0 2 0
3 16 240 249 1 0 0
3 16 240 250 1 1 0
3 16 240 251 1 2 0
3 16 241 249 2 0 0
3 16 241 250 2 1 0.997442
3 16 241 251 2 2 0
3 16 242 249 3 0 0
3 16 242 250 3 1 0
3 16 242 251 3 2 0.80487
3 17 235 252 0 0 0.719813
3 17 235 253 0 1 0
3 17 235 254 0 2 0
3 17 236 252 1 0 0
3 17 236 253 1 1 0.966492
3 17 236 254 1 2 0
3 17 237 252 2 0 0
3 17 237 253 2 1 0
3 17 237 254 2 2 0
3 17 238 252 3 0 0
3 17 238 253 3 1 0
3 17 238 254 3 2 0.6957
4 0 259 255 0 0 0
4 0 259 256 0 1 0
4 0 259 257 0 2 0.958359
4 0 259 258 0 3 0
4 0 260 255 1 0 0
4 0 260 256 1 1 0
4 0 260 257 1 2 0
4 0 260 258 1 3 0.980945
4 0 261 255 2 0 0
4 0 261 256 2 1 0.987666
4 0 261 257 2 2 0
4 0 261 258 2 3 0
4 0 262 255 3 0 0.985004
4 0 262 256 3 1 0
4 0 262 257 3 2 0
4 0 262 258 3 3 0
4 1 263 282 0 0 0.993685
4 1 263 283 0 1 0
4 1 263 284 0 2 0
4 1 263 285 0 3 0
4 1 264 282 1 0 0
4 1 264 283 1 1 0.994855
4 1 264 284 1 2 0
4 1 264 285 1 3 0
4 1 265 282 2 0 0
4 1 265 283 2 1 0
4 1 265 284 2 2 0.985542
4 1 265 285 2 3 0
4 1 266 282 3 0 0
4 1 266 283 3 1 0
4 1 266 284 3 2 0
4 1 266 285 3 3 0.979953
4 2 282 299 0 0 0.953946
4 2 282 300 0 1 0
4 2 282 301 0 2 0
4 2 282 302 0 3 0
4 2 283 299 1 0 0
4 2 283 300 1 1 0.998812
4 2 283 301 1 2 0
4 2 283 302 1 3 0
4 2 284 299 2 0 0
4 2 284 300 2 1 0
4 2 284 301 2 2 0.989238
4 2 284 302 2 3 0
4 2 285 299 3 0 0
4 2 285 300 3 1 0
4 2 285 301 3 2 0
4 2 285 302 3 3 0.99166
4 3 255 263 0 0 0.932131
4 3 255 264 0 1 0
4 3 255 265 0 2 0
4 3 255 266 0 3 0
4 3 256 263 1 0 0
4 3 256 264 1 1 0.93934
4 3 256 265 1 2 0
4 3 256 266 1 3 0
4 3 257 263 2 0 0
4 3 257 264 2 1 0
4 3 257 265 2 2 0.886129
4 3 257 266 2 3 0
4 3 258 263 3 0 0
4 3 258 264 3 1 0
4 3 258 265 3 2 0
4 3 258 266 3 3 0.886189
4 4 255 267 0 0 0.917007
4 4 255 268 0 1 0
4 4 255 269 0 2 0
4 4 255 270 0 3 0
4 4 256 267 1 0 0
4 4 256 268 1 1 0.938577
4 4 256 269 1 2 0
4 4 256 270 1 3 0
4 4 257 267 2 0 0
4 4 257 268 2 1 0
4 4 257 269 2 2 0.89506
4 4 257 270 2 3 0
4 4 258 267 3 0 0
4 4 258 268 3 1 0
4 4 258 269 3 2 0
4 4 258 270 3 3 0.887002
4 5 267 286 0 0 0.99056
4 5 267 287 0 1 0
4 5 267 288 0 2 0
4 5 267 289 0 3 0
4 5 268 286 1 0 0
4 5 268 287 1 1 0.269365
4 5 268 288 1 2 0.262915
4 5 268 289 1 3 0
4 5 269 286 2 0 0
4 5 269 287 2 1 0.263042
4 5 269 288 2 2 0.269239
4 5 269 289 2 3 0
4 5 270 286 3 0 0
4 5 270 287 3 1 0
4 5 270 288 3 2 0
4 5 270 289 3 3 0.955318
4 6 286 303 0 0 0.986124
4 6 286 304 0 1 0
4 6 286 305 0 2 0
4 6 286 306 0 3 0
4 6 287 303 1 0 0
4 6 287 304 1 1 0.253851
4 6 287 305 1 2 0.259103
4 6 287 306 1 3 0
4 6 288 303 2 0 0
4 6 288 304 2 1 0.259057
4 6 288 305 2 2 0.253926
4 6 288 306 2 3 0
4 6 289 303 3 0 0
4 6 289 304 3 1 0
4 6 289 305 3 2 0
4 6 289 306 3 3 0.989186
4 7 259 274 0 0 0.920454
4 7 259 275 0 1 0
4 7 259 276 0 2 0
4 7 259 277 0 3 0
4 7 260 274 1 0 0
4 7 260 275 1 1 0.96628
4 7 260 276 1 2 0
4 7 260 277 1 3 0
4 7 261 274 2 0 0
4 7 261 275 2 1 0
4 7 261 276 2 2 0.991567
4 7 261 277 2 3 0
4 7 262 274 3 0 0
4 7 262 275 3 1 0
4 7 262 276 3 2 0
4 7 262 277 3 3 0.992564
4 8 274 294 0 0 0
4 8 274 295 0 1 0
4 8 274 296 0 2 0
4 8 275 294 1 0 0
4 8 275 295 1 1 0
4 8 275 296 1 2 0.990983
4 8 276 294 2 0 0.994801
4 8 276 295 2 1 0
4 8 276 296 2 2 0
4 8 277 294 3 0 0
4 8 277 295 3 1 0.995835
4 8 277 296 3 2 0
4 9 294 307 0 0 0.995193
4 9 294 308 0 1 0
4 9 294 309 0 2 0
4 9 295 307 1 0 0
4 9 295 308 1 1 0.277027
4 9 295 309 1 2 0.249078
4 9 296 307 2 0 0
4 9 296 308 2 1 0.247041
4 9 296 309 2 2 0.27715
4 10 274 290 0 0 0
4 10 274 291 0 1 0
4 10 275 290 1 0 0.992046
4 10 275 291 1 1 0
4 10 276 290 2 0 0
4 10 276 291 2 1 0
4 10 277 290 3 0 0
4 10 277 291 3 1 0.974121
4 11 259 278 0 0 0
4 11 259 279 0 1 0.946664
4 11 259 280 0 2 0
4 11 259 281 0 3 0
4 11 260 278 1 0 0.969188
4 11 260 279 1 1 0
4 11 260 280 1 2 0
4 11 260 281 1 3 0
4 11 261 278 2 0 0
4 11 261 279 2 1 0
4 11 261 280 2 2 0.98208
4 11 261 281 2 3 0
4 11 262 278 3 0 0
4 11 262 279 3 1 0
4 11 262 280 3 2 0
4 11 262 281 3 3 0.982232
4 12 278 297 0 0 0
4 12 278 298 0 1 0
4 12 279 297 1 0 0
4 12 279 298 1 1 0.532749
4 12 280 297 2 0 0
4 12 280 298 2 1 0.467251
4 12 281 297 3 0 0.988744
4 12 281 298 3 1 0
4 13 297 310 0 0 0.997497
4 13 297 311 0 1 0
4 13 297 312 0 2 0
4 13 298 310 1 0 0
4 13 298 311 1 1 0.483482
4 13 298 312 1 2 0.516518
4 14 278 292 0 0 0
4 14 278 293 0 1 0
4 14 279 292 1 0 0.268172
4 14 279 293 1 1 0.253285
4 14 280 292 2 0 0.253019
4 14 280 293 2 1 0.268106
4 14 281 292 3 0 0
4 14 281 293 3 1 0
4 15 259 271 0 0 0
4 15 259 272 0 1 0
4 15 259 273 0 2 0
4 15 260 271 1 0 0.903117
4 15 260 272 1 1 0
4 15 260 273 1 2 0
4 15 261 271 2 0 0
4 15 261 272 2 1 0.994415
4 15 261 273 2 2 0
4 15 262 271 3 0 0
4 15 262 272 3 1 0
4 15 262 273 3 2 0.979356
4 16 303 313 0 0 0.967813
4 16 303 314 0 1 0
4 16 303 315 0 2 0
4 16 304 313 1 0 0
4 16 304 314 1 1 0
4 16 304 315 1 2 0
4 16 305 313 2 0 0
4 16 305 314 2 1 0.98824
4 16 305 315 2 2 0
4 16 306 313 3 0 0
4 16 306 314 3 1 0
4 16 306 315 3 2 0.812392
4 17 299 316 0 0 0.793845
4 17 299 317 0 1 0
4 17 299 318 0 2 0
4 17 299 319 0 3 0
4 17 300 316 1 0 0
4 17 300 317 1 1 0.941278
4 17 300 318 1 2 0
4 17 300 319 1 3 0
4 17 301 316 2 0 0
4 17 301 317 2 1 0
4 17 301 318 2 2 0.981834
4 17 301 319 2 3 0
4 17 302 316 3 0 0
4 17 302 317 3 1 0
4 17 302 318 3 2 0
4 17 302 319 3 3 0.971737
E jointIdx viewA viewB aOverAllIdx bOverallIdx score
0 0 1 0 66 0.529652
0 0 1 0 67 0.20647
0 0 1 0 68 0.199026
0 0 1 1 66 0.201448
0 0 1 1 67 0.296903
0 0 1 1 68 0.408393
0 0 1 2 66 -1
0 0 1 2 67 0.75818
0 0 1 2 68 0.763318
0 0 1 3 66 -1
0 0 1 3 67 -0.760978
0 0 1 3 68 -1
0 0 2 0 124 -1
0 0 2 0 125 -1
0 0 2 0 126 0.454085
0 0 2 0 127 0.9935
0 0 2 0 128 -1
0 0 2 1 124 -1
0 0 2 1 125 -1
0 0 2 1 126 -1
0 0 2 1 127 -1
0 0 2 1 128 0.749451
0 0 2 2 124 0.625768
0 0 2 2 125 0.75259
0 0 2 2 126 -1
0 0 2 2 127 -1
0 0 2 2 128 -1
0 0 2 3 124 -1
0 0 2 3 125 -1
0 0 2 3 126 0.984055
0 0 2 3 127 -1
0 0 2 3 128 -1
0 0 3 0 190 0.823446
0 0 3 0 191 -1
0 0 3 0 192 -1
0 0 3 0 193 0.949805
0 0 3 1 190 -1
0 0 3 1 191 -1
0 0 3 1 192 0.948314
0 0 3 1 193 -1
0 0 3 2 190 -1
0 0 3 2 191 0.953683
0 0 3 2 192 -1
0 0 3 2 193 -1
0 0 3 3 190 0.70491
0 0 3 3 191 -1
0 0 3 3 192 -1
0 0 3 3 193 0.829979
0 0 4 0 255 -1
0 0 4 0 256 0.893652
0 0 4 0 257 0.830627
0 0 4 0 258 -1
0 0 4 1 255 -1
0 0 4 1 256 0.766686
0 0 4 1 257 0.674388
0 0 4 1 258 -1
0 0 4 2 255 -1
0 0 4 2 256 -1
0 0 4 2 257 -1
0 0 4 2 258 0.73017
0 0 4 3 255 0.939969
0 0 4 3 256 -1
0 0 4 3 257 -1
0 0 4 3 258 -1
0 1 2 66 124 -1
0 1 2 66 125 -1
0 1 2 66 126 -1
0 1 2 66 127 0.596927
0 1 2 66 128 0.4508
0 1 2 67 124 0.651411
0 1 2 67 125 -1
0 1 2 67 126 -1
0 1 2 67 127 -1
0 1 2 67 128 -1
0 1 2 68 124 -1
0 1 2 68 125 -1
0 1 2 68 126 -1
0 1 2 68 127 -1
0 1 2 68 128 0.91593
0 1 3 66 190 0.0441735
0 1 3 66 191 -1
0 1 3 66 192 0.951804
0 1 3 66 193 0.8434
0 1 3 67 190 0.995213
0 1 3 67 191 0.946108
0 1 3 67 192 -1
0 1 3 67 193 -1
0 1 3 68 190 -1
0 1 3 68 191 -1
0 1 3 68 192 0.879022
0 1 3 68 193 0.965792
0 1 4 66 255 -1
0 1 4 66 256 -1
0 1 4 66 257 0.637434
0 1 4 66 258 -1
0 1 4 67 255 0.382782
0 1 4 67 256 -1
0 1 4 67 257 -1
0 1 4 67 258 0.97781
0 1 4 68 255 -1
0 1 4 68 256 0.900859
0 1 4 68 257 -1
0 1 4 68 258 -1
0 2 3 124 190 -1
0 2 3 124 191 0.637392
0 2 3 124 192 -1
0 2 3 124 193 -1
0 2 3 125 190 -1
0 2 3 125 191 -1
0 2 3 125 192 -1
0 2 3 125 193 -1
0 2 3 126 190 0.665055
0 2 3 126 191 -1
0 2 3 126 192 -1
0 2 3 126 193 -1
0 2 3 127 190 0.496672
0 2 3 127 191 -1
0 2 3 127 192 -1
0 2 3 127 193 0.938533
0 2 3 128 190 -1
0 2 3 128 191 -1
0 2 3 128 192 0.694696
0 2 3 128 193 -1
0 2 4 124 255 0.748256
0 2 4 124 256 -1
0 2 4 124 257 -1
0 2 4 124 258 0.715719
0 2 4 125 255 -1
0 2 4 125 256 -1
0 2 4 125 257 -1
0 2 4 125 258 -1
0 2 4 126 255 0.883599
0 2 4 126 256 -1
0 2 4 126 257 -1
0 2 4 126 258 0.873127
0 2 4 127 255 -1
0 2 4 127 256 -1
0 2 4 127 257 0.938462
0 2 4 127 258 -1
0 2 4 128 255 -1
0 2 4 128 256 0.936172
0 2 4 128 257 -1
0 2 4 128 258 -1
0 3 4 190 255 0.967275
0 3 4 190 256 -1
0 3 4 190 257 -1
0 3 4 190 258 -1
0 3 4 191 255 -0.796345
0 3 4 191 256 0.724994
0 3 4 191 257 0.279228
0 3 4 191 258 0.792123
0 3 4 192 255 -1
0 3 4 192 256 0.76389
0 3 4 192 257 -1
0 3 4 192 258 0.347288
0 3 4 193 255 -1
0 3 4 193 256 0.225583
0 3 4 193 257 0.822467
0 3 4 193 258 -1
1 0 1 4 69 0.154035
1 0 1 4 70 0.272879
1 0 1 4 71 0.11754
1 0 1 4 72 0.0558034
1 0 1 5 69 0.25093
1 0 1 5 70 0.28244
1 0 1 5 71 0.0769679
1 0 1 5 72 0.0645697
1 0 1 6 69 0.27418
1 0 1 6 70 0.273048
1 0 1 6 71 0.0702331
1 0 1 6 72 0.0671946
1 0 1 7 69 -1
1 0 1 7 70 -1
1 0 1 7 71 0.14334
1 0 1 7 72 0.281809
1 0 1 8 69 -1
1 0 1 8 70 -1
1 0 1 8 71 0.0749635
1 0 1 8 72 0.135326
1 0 2 4 129 0.635593
1 0 2 4 130 0.960121
1 0 2 4 131 -1
1 0 2 4 132 -1
1 0 2 5 129 -1
1 0 2 5 130 -1
1 0 2 5 131 -1
1 0 2 5 132 0.995221
1 0 2 6 129 -1
1 0 2 6 130 -1
1 0 2 6 131 0.937194
1 0 2 6 132 -1
1 0 2 7 129 0.851569
1 0 2 7 130 0.827776
1 0 2 7 131 -1
1 0 2 7 132 -1
1 0 2 8 129 -1
1 0 2 8 130 -1
1 0 2 8 131 -1
1 0 2 8 132 0.981709
1 0 3 4 194 0.133439
1 0 3 4 195 0.120122
1 0 3 4 196 0.083846
1 0 3 4 197 0.134954
1 0 3 5 194 0.140408
1 0 3 5 195 0.112976
1 0 3 5 196 0.118494
1 0 3 5 197 0.112643
1 0 3 6 194 0.109814
1 0 3 6 195 0.129461
1 0 3 6 196 0.13615
1 0 3 6 197 0.116128
1 0 3 7 194 0.0875484
1 0 3 7 195 0.127122
1 0 3 7 196 0.203723
1 0 3 7 197 0.0960114
1 0 3 8 194 -0.445171
1 0 3 8 195 -0.499223
1 0 3 8 196 -0.649857
1 0 3 8 197 -0.408196
1 0 4 4 259 -1
1 0 4 4 260 -1
1 0 4 4 261 -1
1 0 4 4 262 0.375336
1 0 4 5 259 0.759894
1 0 4 5 260 -0.802276
1 0 4 5 261 0.702895
1 0 4 5 262 0.137411
1 0 4 6 259 0.828873
1 0 4 6 260 -0.946534
1 0 4 6 261 0.705725
1 0 4 6 262 0.166735
1 0 4 7 259 -1
1 0 4 7 260 0.76638
1 0 4 7 261 -1
1 0 4 7 262 0.124715
1 0 4 8 259 -1
1 0 4 8 260 -1
1 0 4 8 261 0.00392962
1 0 4 8 262 0.152519
1 1 2 69 129 -1
1 1 2 69 130 -1
1 1 2 69 131 0.97456
1 1 2 69 132 0.0214905
1 1 2 70 129 -1
1 1 2 70 130 -1
1 1 2 70 131 -1
1 1 2 70 132 0.98636
1 1 2 71 129 -1
1 1 2 71 130 0.989101
1 1 2 71 131 -1
1 1 2 71 132 -1
1 1 2 72 129 0.937534
1 1 2 72 130 -1
1 1 2 72 131 -1
1 1 2 72 132 -1
1 1 3 69 194 0.0731678
1 1 3 69 195 0.0819945
1 1 3 69 196 0.0805475
1 1 3 69 197 0.0784982
1 1 3 70 194 0.0832003
1 1 3 70 195 0.0771416
1 1 3 70 196 0.0699357
1 1 3 70 197 0.0812467
1 1 3 71 194 0.101248
1 1 3 71 195 0.0743341
1 1 3 71 196 0.0407311
1 1 3 71 197 0.0884741
1 1 3 72 194 0.0572635
1 1 3 72 195 0.079336
1 1 3 72 196 0.121331
1 1 3 72 197 0.0653413
1 1 4 69 259 0.757366
1 1 4 69 260 -1
1 1 4 69 261 -1
1 1 4 69 262 -1
1 1 4 70 259 -1
1 1 4 70 260 -1
1 1 4 70 261 0.909586
1 1 4 70 262 -1
1 1 4 71 259 -1
1 1 4 71 260 0.93365
1 1 4 71 261 -1
1 1 4 71 262 0.744308
1 1 4 72 259 -1
1 1 4 72 260 0.820891
1 1 4 72 261 -1
1 1 4 72 262 0.922425
1 2 3 129 194 -1
1 2 3 129 195 -1
1 2 3 129 196 0.92222
1 2 3 129 197 -1
1 2 3 130 194 0.15377
1 2 3 130 195 -1
1 2 3 130 196 -1
1 2 3 130 197 0.910057
1 2 3 131 194 -1
1 2 3 131 195 0.726505
1 2 3 131 196 -1
1 2 3 131 197 -1
1 2 3 132 194 0.807356
1 2 3 132 195 -1
1 2 3 132 196 -1
1 2 3 132 197 0.192212
1 2 4 129 259 -1
1 2 4 129 260 0.852713
1 2 4 129 261 -1
1 2 4 129 262 -1
1 2 4 130 259 -1
1 2 4 130 260 -1
1 2 4 130 261 -1
1 2 4 130 262 0.885391
1 2 4 131 259 0.774873
1 2 4 131 260 -1
1 2 4 131 261 0.493008
1 2 4 131 262 -1
1 2 4 132 259 0.0251511
1 2 4 132 260 -1
1 2 4 132 261 0.928046
1 2 4 132 262 -1
1 3 4 194 259 0.0836069
1 3 4 194 260 0.0431569
1 3 4 194 261 0.0943324
1 3 4 194 262 0.0959562
1 3 4 195 259 0.0866711
1 3 4 195 260 0.104163
1 3 4 195 261 0.0754139
1 3 4 195 262 0.0734333
1 3 4 196 259 0.0814181
1 3 4 196 260 0.129527
1 3 4 196 261 0.0704834
1 3 4 196 262 0.0684801
1 3 4 197 259 0.0803682
1 3 4 197 260 0.046564
1 3 4 197 261 0.0944929
1 3 4 197 262 0.0973236
2 0 1 9 73 0.535279
2 0 1 9 74 0.208155
2 0 1 9 75 0.160502
2 0 1 10 73 0.177855
2 0 1 10 74 0.308888
2 0 1 10 75 0.355902
2 0 1 11 73 -1
2 0 1 11 74 0.693444
2 0 1 11 75 0.833829
2 0 1 12 73 -1
2 0 1 12 74 -0.732841
2 0 1 12 75 -0.888309
2 0 2 9 133 -1
2 0 2 9 134 0.315629
2 0 2 9 135 0.841846
2 0 2 9 136 -1
2 0 2 10 133 -1
2 0 2 10 134 -1
2 0 2 10 135 -1
2 0 2 10 136 0.656167
2 0 2 11 133 0.382733
2 0 2 11 134 -1
2 0 2 11 135 -1
2 0 2 11 136 -1
2 0 2 12 133 -1
2 0 2 12 134 0.698021
2 0 2 12 135 -1
2 0 2 12 136 -1
2 0 3 9 198 0.473167
2 0 3 9 199 -1
2 0 3 9 200 0.00811201
2 0 3 9 201 0.995744
2 0 3 10 198 -1
2 0 3 10 199 -1
2 0 3 10 200 0.853448
2 0 3 10 201 -1
2 0 3 11 198 -1
2 0 3 11 199 0.782852
2 0 3 11 200 -1
2 0 3 11 201 -1
2 0 3 12 198 0.697903
2 0 3 12 199 -1
2 0 3 12 200 -1
2 0 3 12 201 0.408065
2 0 4 9 263 -1
2 0 4 9 264 0.595208
2 0 4 9 265 0.836201
2 0 4 9 266 -1
2 0 4 10 263 -1
2 0 4 10 264 0.68728
2 0 4 10 265 0.974016
2 0 4 10 266 -1
2 0 4 11 263 0.157402
2 0 4 11 264 -1
2 0 4 11 265 -1
2 0 4 11 266 0.48177
2 0 4 12 263 0.957388
2 0 4 12 264 -1
2 0 4 12 265 -1
2 0 4 12 266 -1
2 1 2 73 133 -1
2 1 2 73 134 -1
2 1 2 73 135 0.944386
2 1 2 73 136 -1
2 1 2 74 133 0.629762
2 1 2 74 134 -1
2 1 2 74 135 -1
2 1 2 74 136 -1
2 1 2 75 133 -1
2 1 2 75 134 -1
2 1 2 75 135 -1
2 1 2 75 136 0.885327
2 1 3 73 198 -1
2 1 3 73 199 -1
2 1 3 73 200 0.854957
2 1 3 73 201 0.913235
2 1 3 74 198 0.889193
2 1 3 74 199 0.919442
2 1 3 74 200 -1
2 1 3 74 201 -1
2 1 3 75 198 -1
2 1 3 75 199 -1
2 1 3 75 200 0.930032
2 1 3 75 201 0.788891
2 1 4 73 263 -1
2 1 4 73 264 -1
2 1 4 73 265 0.751676
2 1 4 73 266 -1
2 1 4 74 263 0.124681
2 1 4 74 264 -1
2 1 4 74 265 -1
2 1 4 74 266 0.967872
2 1 4 75 263 -1
2 1 4 75 264 0.857887
2 1 4 75 265 -1
2 1 4 75 266 -1
2 2 3 133 198 -1
2 2 3 133 199 0.678097
2 2 3 133 200 -1
2 2 3 133 201 -1
2 2 3 134 198 0.205852
2 2 3 134 199 -1
2 2 3 134 200 -1
2 2 3 134 201 -1
2 2 3 135 198 0.844793
2 2 3 135 199 -1
2 2 3 135 200 -1
2 2 3 135 201 0.842067
2 2 3 136 198 -1
2 2 3 136 199 -1
2 2 3 136 200 0.48537
2 2 3 136 201 -1
2 2 4 133 263 0.875206
2 2 4 133 264 -1
2 2 4 133 265 -1
2 2 4 133 266 0.66411
2 2 4 134 263 0.766582
2 2 4 134 264 -1
2 2 4 134 265 -1
2 2 4 134 266 0.473842
2 2 4 135 263 -1
2 2 4 135 264 -1
2 2 4 135 265 0.648886
2 2 4 135 266 -1
2 2 4 136 263 -1
2 2 4 136 264 0.918035
2 2 4 136 265 -1
2 2 4 136 266 -1
2 3 4 198 263 0.96047
2 3 4 198 264 0.0013279
2 3 4 198 265 -1
2 3 4 198 266 -1
2 3 4 199 263 -0.87883
2 3 4 199 264 0.397732
2 3 4 199 265 0.348724
2 3 4 199 266 0.799621
2 3 4 200 263 -1
2 3 4 200 264 0.441758
2 3 4 200 265 -1
2 3 4 200 266 0.0899655
2 3 4 201 263 -1
2 3 4 201 264 0.104344
2 3 4 201 265 0.753233
2 3 4 201 266 0.240281
3 0 1 13 76 0.212425
3 0 1 13 77 0.786455
3 0 1 13 78 -1
3 0 1 14 76 0.35443
3 0 1 14 77 0.794007
3 0 1 14 78 -1
3 0 1 15 76 0.446065
3 0 1 15 77 -1
3 0 1 15 78 -1
3 0 1 16 76 0.460935
3 0 1 16 77 -1
3 0 1 16 78 -1
3 0 1 17 76 -0.473855
3 0 1 17 77 -1
3 0 1 17 78 0.903744
3 0 2 13 137 -1
3 0 2 13 138 0.682845
3 0 2 13 139 0.739066
3 0 2 13 140 -1
3 0 2 14 137 -1
3 0 2 14 138 -1
3 0 2 14 139 -1
3 0 2 14 140 0.988505
3 0 2 15 137 0.951686
3 0 2 15 138 -1
3 0 2 15 139 -1
3 0 2 15 140 -1
3 0 2 16 137 0.86342
3 0 2 16 138 -1
3 0 2 16 139 -1
3 0 2 16 140 -1
3 0 2 17 137 -1
3 0 2 17 138 0.74057
3 0 2 17 139 0.445367
3 0 2 17 140 -1
3 0 3 13 202 0.915665
3 0 3 13 203 -1
3 0 3 13 204 -1
3 0 3 13 205 0.954448
3 0 3 14 202 -1
3 0 3 14 203 -1
3 0 3 14 204 0.965982
3 0 3 14 205 -1
3 0 3 15 202 -1
3 0 3 15 203 0.659312
3 0 3 15 204 -1
3 0 3 15 205 -1
3 0 3 16 202 -1
3 0 3 16 203 0.771654
3 0 3 16 204 -1
3 0 3 16 205 -1
3 0 3 17 202 0.589833
3 0 3 17 203 -1
3 0 3 17 204 -1
3 0 3 17 205 0.231081
3 0 4 13 267 -1
3 0 4 13 268 0.74485
3 0 4 13 269 0.928441
3 0 4 13 270 -1
3 0 4 14 267 -1
3 0 4 14 268 0.750431
3 0 4 14 269 0.312495
3 0 4 14 270 -1
3 0 4 15 267 -1
3 0 4 15 268 -1
3 0 4 15 269 -1
3 0 4 15 270 0.763293
3 0 4 16 267 -1
3 0 4 16 268 -1
3 0 4 16 269 -1
3 0 4 16 270 0.936898
3 0 4 17 267 0.860805
3 0 4 17 268 -1
3 0 4 17 269 -1
3 0 4 17 270 -1
3 1 2 76 137 0.705579
3 1 2 76 138 -1
3 1 2 76 139 -1
3 1 2 76 140 -1
3 1 2 77 137 -1
3 1 2 77 138 -1
3 1 2 77 139 0.100679
3 1 2 77 140 0.981306
3 1 2 78 137 -1
3 1 2 78 138 0.698226
3 1 2 78 139 -1
3 1 2 78 140 -1
3 1 3 76 202 0.908843
3 1 3 76 203 0.862503
3 1 3 76 204 -1
3 1 3 76 205 -1
3 1 3 77 202 -1
3 1 3 77 203 -1
3 1 3 77 204 0.899436
3 1 3 77 205 0.851203
3 1 3 78 202 0.976722
3 1 3 78 203 0.978628
3 1 3 78 204 -1
3 1 3 78 205 -1
3 1 4 76 267 0.612685
3 1 4 76 268 -1
3 1 4 76 269 -1
3 1 4 76 270 0.9763
3 1 4 77 267 -1
3 1 4 77 268 0.977492
3 1 4 77 269 0.00578016
3 1 4 77 270 -1
3 1 4 78 267 0.951394
3 1 4 78 268 -1
3 1 4 78 269 -1
3 1 4 78 270 0.281518
3 2 3 137 202 -1
3 2 3 137 203 0.649165
3 2 3 137 204 -1
3 2 3 137 205 -1
3 2 3 138 202 0.8213
3 2 3 138 203 -1
3 2 3 138 204 -1
3 2 3 138 205 -1
3 2 3 139 202 0.272917
3 2 3 139 203 -1
3 2 3 139 204 -1
3 2 3 139 205 0.786764
3 2 3 140 202 -1
3 2 3 140 203 -1
3 2 3 140 204 0.979533
3 2 3 140 205 -1
3 2 4 137 267 0.438787
3 2 4 137 268 -1
3 2 4 137 269 -1
3 2 4 137 270 0.78141
3 2 4 138 267 0.878373
3 2 4 138 268 -1
3 2 4 138 269 -1
3 2 4 138 270 0.2005
3 2 4 139 267 -1
3 2 4 139 268 -1
3 2 4 139 269 0.681916
3 2 4 139 270 -1
3 2 4 140 267 -1
3 2 4 140 268 0.674424
3 2 4 140 269 -1
3 2 4 140 270 -1
3 3 4 202 267 0.998151
3 3 4 202 268 -1
3 3 4 202 269 -1
3 3 4 202 270 -1
3 3 4 203 267 -0.828306
3 3 4 203 268 0.760287
3 3 4 203 269 0.241237
3 3 4 203 270 0.826783
3 3 4 204 267 -1
3 3 4 204 268 0.637336
3 3 4 204 269 -1
3 3 4 204 270 0.533255
3 3 4 205 267 -1
3 3 4 205 268 0.187036
3 3 4 205 269 0.940169
3 3 4 205 270 -1
4 0 1 18 79 0.245713
4 0 1 18 80 0.195397
4 0 1 18 81 0.162887
4 0 1 18 82 0.155378
4 0 1 19 79 0.186035
4 0 1 19 80 0.189309
4 0 1 19 81 0.121317
4 0 1 19 82 0.213796
4 0 1 20 79 0.233254
4 0 1 20 80 0.189337
4 0 1 20 81 0.154329
4 0 1 20 82 0.171365
4 0 1 21 79 -1
4 0 1 21 80 -0.6569
4 0 1 21 81 -1
4 0 1 21 82 -0.528593
4 0 2 18 141 -1
4 0 2 18 142 0.437025
4 0 2 19 141 0.89559
4 0 2 19 142 -1
4 0 2 20 141 -1
4 0 2 20 142 0.997979
4 0 2 21 141 -1
4 0 2 21 142 -1
4 0 3 18 206 -1
4 0 3 18 207 0.679466
4 0 3 19 206 0.73235
4 0 3 19 207 0.26765
4 0 3 20 206 0.207943
4 0 3 20 207 0.792057
4 0 3 21 206 -1
4 0 3 21 207 -1
4 0 4 18 271 -1
4 0 4 18 272 0.986572
4 0 4 18 273 -1
4 0 4 19 271 0.728366
4 0 4 19 272 -1
4 0 4 19 273 -1
4 0 4 20 271 -1
4 0 4 20 272 0.785899
4 0 4 20 273 -1
4 0 4 21 271 -1
4 0 4 21 272 -1
4 0 4 21 273 -1
4 1 2 79 141 -1
4 1 2 79 142 -1
4 1 2 80 141 -1
4 1 2 80 142 0.98123
4 1 2 81 141 0.922633
4 1 2 81 142 -1
4 1 2 82 141 -1
4 1 2 82 142 -1
4 1 3 79 206 0.133871
4 1 3 79 207 0.209977
4 1 3 80 206 0.152043
4 1 3 80 207 0.210649
4 1 3 81 206 0.174829
4 1 3 81 207 0.223666
4 1 3 82 206 0.268027
4 1 3 82 207 0.155445
4 1 4 79 271 -1
4 1 4 79 272 0.952051
4 1 4 79 273 -1
4 1 4 80 271 -1
4 1 4 80 272 -1
4 1 4 80 273 -1
4 1 4 81 271 0.563423
4 1 4 81 272 -1
4 1 4 81 273 0.85159
4 1 4 82 271 0.89278
4 1 4 82 272 -1
4 1 4 82 273 0.670586
4 2 3 141 206 -1
4 2 3 141 207 0.896105
4 2 3 142 206 -1
4 2 3 142 207 -1
4 2 4 141 271 -1
4 2 4 141 272 -1
4 2 4 141 273 0.961778
4 2 4 142 271 -1
4 2 4 142 272 0.896155
4 2 4 142 273 -1
4 3 4 206 271 0.514183
4 3 4 206 272 0.2041
4 3 4 206 273 0.142103
4 3 4 207 271 -1
4 3 4 207 272 0.622247
4 3 4 207 273 0.736993
5 0 1 22 83 0.156731
5 0 1 22 84 0.153743
5 0 1 22 85 0.0670839
5 0 1 23 83 0.372891
5 0 1 23 84 0.140653
5 0 1 23 85 0.0889539
5 0 1 24 83 0.371216
5 0 1 24 84 0.140004
5 0 1 24 85 0.0900728
5 0 1 25 83 -1
5 0 1 25 84 0.151053
5 0 1 25 85 0.330025
5 0 1 26 83 -1
5 0 1 26 84 0.000868698
5 0 1 26 85 0.159955
5 0 2 22 143 0.409158
5 0 2 22 144 0.798462
5 0 2 22 145 -1
5 0 2 22 146 -1
5 0 2 23 143 -1
5 0 2 23 144 -1
5 0 2 23 145 0.755711
5 0 2 23 146 0.510433
5 0 2 24 143 -1
5 0 2 24 144 -1
5 0 2 24 145 0.0457346
5 0 2 24 146 0.924669
5 0 2 25 143 0.722519
5 0 2 25 144 0.78006
5 0 2 25 145 -1
5 0 2 25 146 -1
5 0 2 26 143 -1
5 0 2 26 144 -1
5 0 2 26 145 -1
5 0 2 26 146 0.521221
5 0 3 22 208 0.13862
5 0 3 22 209 0.129982
5 0 3 22 210 0.0659394
5 0 3 22 211 0.128978
5 0 3 23 208 0.125605
5 0 3 23 209 0.123507
5 0 3 23 210 0.125317
5 0 3 23 211 0.11296
5 0 3 24 208 0.120219
5 0 3 24 209 0.130636
5 0 3 24 210 0.129543
5 0 3 24 211 0.10962
5 0 3 25 208 0.073205
5 0 3 25 209 0.0937672
5 0 3 25 210 0.262433
5 0 3 25 211 0.110248
5 0 3 26 208 -0.426652
5 0 3 26 209 -0.480788
5 0 3 26 210 -0.716955
5 0 3 26 211 -0.412368
5 0 4 22 274 -1
5 0 4 22 275 0.422592
5 0 4 22 276 -1
5 0 4 22 277 0.312019
5 0 4 23 274 0.918534
5 0 4 23 275 -0.975535
5 0 4 23 276 0.766834
5 0 4 23 277 0.10382
5 0 4 24 274 0.779597
5 0 4 24 275 -1
5 0 4 24 276 0.893183
5 0 4 24 277 0.114344
5 0 4 25 274 -1
5 0 4 25 275 0.930063
5 0 4 25 276 -1
5 0 4 25 277 0.301947
5 0 4 26 274 -1
5 0 4 26 275 -1
5 0 4 26 276 0.0813581
5 0 4 26 277 0.165266
5 1 2 83 143 -1
5 1 2 83 144 -1
5 1 2 83 145 0.731238
5 1 2 83 146 -1
5 1 2 84 143 -1
5 1 2 84 144 -1
5 1 2 84 145 -1
5 1 2 84 146 0.818886
5 1 2 85 143 0.762762
5 1 2 85 144 -1
5 1 2 85 145 -1
5 1 2 85 146 -1
5 1 3 83 208 0.122488
5 1 3 83 209 0.118982
5 1 3 83 210 0.0840916
5 1 3 83 211 0.110235
5 1 3 84 208 0.114648
5 1 3 84 209 0.112485
5 1 3 84 210 0.0936109
5 1 3 84 211 0.113785
5 1 3 85 208 0.0814566
5 1 3 85 209 0.0891497
5 1 3 85 210 0.162255
5 1 3 85 211 0.0995906
5 1 4 83 274 0.936086
5 1 4 83 275 -1
5 1 4 83 276 -1
5 1 4 83 277 -1
5 1 4 84 274 -1
5 1 4 84 275 0.16922
5 1 4 84 276 0.95223
5 1 4 84 277 0.0370927
5 1 4 85 274 -1
5 1 4 85 275 0.806682
5 1 4 85 276 0.315554
5 1 4 85 277 0.873043
5 2 3 143 208 -1
5 2 3 143 209 -1
5 2 3 143 210 0.929456
5 2 3 143 211 -1
5 2 3 144 208 -1
5 2 3 144 209 0.282053
5 2 3 144 210 -1
5 2 3 144 211 0.689601
5 2 3 145 208 0.724548
5 2 3 145 209 -1
5 2 3 145 210 -1
5 2 3 145 211 -1
5 2 3 146 208 -1
5 2 3 146 209 0.705857
5 2 3 146 210 -1
5 2 3 146 211 -1
5 2 4 143 274 -1
5 2 4 143 275 0.896902
5 2 4 143 276 -1
5 2 4 143 277 0.303922
5 2 4 144 274 -1
5 2 4 144 275 -1
5 2 4 144 276 -1
5 2 4 144 277 0.971946
5 2 4 145 274 0.806453
5 2 4 145 275 -1
5 2 4 145 276 -1
5 2 4 145 277 -1
5 2 4 146 274 -1
5 2 4 146 275 -1
5 2 4 146 276 0.868803
5 2 4 146 277 -1
5 3 4 208 274 0.101431
5 3 4 208 275 0.122024
5 3 4 208 276 0.0681686
5 3 4 208 277 0.0610665
5 3 4 209 274 0.0827974
5 3 4 209 275 0.0609404
5 3 4 209 276 0.0999966
5 3 4 209 277 0.102071
5 3 4 210 274 0.0876596
5 3 4 210 275 0.105245
5 3 4 210 276 0.079327
5 3 4 210 277 0.0793954
5 3 4 211 274 0.0762502
5 3 4 211 275 0.0550102
5 3 4 211 276 0.104466
5 3 4 211 277 0.109864
6 0 1 27 86 0.337978
6 0 1 27 87 0.122237
6 0 1 27 88 0.0652068
6 0 1 28 86 0.373604
6 0 1 28 87 0.099023
6 0 1 28 88 0.0790492
6 0 1 29 86 0.319011
6 0 1 29 87 0.0970468
6 0 1 29 88 0.0970012
6 0 1 30 86 -1
6 0 1 30 87 0.164137
6 0 1 30 88 0.284553
6 0 1 31 86 -1
6 0 1 31 87 0.0690123
6 0 1 31 88 0.128432
6 0 2 27 147 -1
6 0 2 27 148 0.918413
6 0 2 27 149 -1
6 0 2 27 150 -1
6 0 2 28 147 -1
6 0 2 28 148 -1
6 0 2 28 149 -1
6 0 2 28 150 0.892814
6 0 2 29 147 -1
6 0 2 29 148 -1
6 0 2 29 149 0.576905
6 0 2 29 150 -1
6 0 2 30 147 0.935601
6 0 2 30 148 0.308504
6 0 2 30 149 -1
6 0 2 30 150 -1
6 0 2 31 147 -1
6 0 2 31 148 -1
6 0 2 31 149 -1
6 0 2 31 150 0.622576
6 0 3 27 212 0.0864424
6 0 3 27 213 0.155392
6 0 3 27 214 0.0999964
6 0 3 27 215 0.107075
6 0 3 28 212 0.110093
6 0 3 28 213 0.166127
6 0 3 28 214 0.10799
6 0 3 28 215 0.0847487
6 0 3 29 212 0.149974
6 0 3 29 213 0.107467
6 0 3 29 214 0.143736
6 0 3 29 215 0.0821816
6 0 3 30 212 0.187377
6 0 3 30 213 0.0813193
6 0 3 30 214 0.167737
6 0 3 30 215 0.0671932
6 0 3 31 212 -0.610846
6 0 3 31 213 -0.486392
6 0 3 31 214 -0.558982
6 0 3 31 215 0.000973814
6 0 4 27 278 -1
6 0 4 27 279 -1
6 0 4 27 280 -1
6 0 4 27 281 0.95949
6 0 4 28 278 -0.838832
6 0 4 28 279 0.801964
6 0 4 28 280 0.760279
6 0 4 28 281 0.276589
6 0 4 29 278 -1
6 0 4 29 279 0.7183
6 0 4 29 280 0.69048
6 0 4 29 281 0.423497
6 0 4 30 278 0.787656
6 0 4 30 279 -1
6 0 4 30 280 -1
6 0 4 30 281 -1
6 0 4 31 278 -1
6 0 4 31 279 -1
6 0 4 31 280 -1
6 0 4 31 281 0.105171
6 1 2 86 147 -1
6 1 2 86 148 -1
6 1 2 86 149 0.260349
6 1 2 86 150 0.944188
6 1 2 87 147 -1
6 1 2 87 148 0.974775
6 1 2 87 149 -1
6 1 2 87 150 -1
6 1 2 88 147 0.912563
6 1 2 88 148 -1
6 1 2 88 149 -1
6 1 2 88 150 -1
6 1 3 86 212 0.092848
6 1 3 86 213 0.138936
6 1 3 86 214 0.0966175
6 1 3 86 215 0.114972
6 1 3 87 212 0.0869373
6 1 3 87 213 0.12454
6 1 3 87 214 0.0975881
6 1 3 87 215 0.132548
6 1 3 88 212 0.155209
6 1 3 88 213 0.0740901
6 1 3 88 214 0.141298
6 1 3 88 215 0.0897961
6 1 4 86 278 -1
6 1 4 86 279 0.169102
6 1 4 86 280 0.90494
6 1 4 86 281 -1
6 1 4 87 278 0.930794
6 1 4 87 279 -1
6 1 4 87 280 -1
6 1 4 87 281 0.988204
6 1 4 88 278 0.747558
6 1 4 88 279 -1
6 1 4 88 280 -1
6 1 4 88 281 0.831162
6 2 3 147 212 0.987459
6 2 3 147 213 -1
6 2 3 147 214 -1
6 2 3 147 215 -1
6 2 3 148 212 -1
6 2 3 148 213 0.147317
6 2 3 148 214 -1
6 2 3 148 215 0.746165
6 2 3 149 212 -1
6 2 3 149 213 -1
6 2 3 149 214 0.895871
6 2 3 149 215 -1
6 2 3 150 212 -1
6 2 3 150 213 0.857969
6 2 3 150 214 -1
6 2 3 150 215 0.679054
6 2 4 147 278 0.802411
6 2 4 147 279 -1
6 2 4 147 280 -1
6 2 4 147 281 -1
6 2 4 148 278 -1
6 2 4 148 279 -1
6 2 4 148 280 -1
6 2 4 148 281 0.949771
6 2 4 149 278 -1
6 2 4 149 279 0.933068
6 2 4 149 280 0.775055
6 2 4 149 281 -1
6 2 4 150 278 -1
6 2 4 150 279 0.502937
6 2 4 150 280 0.87312
6 2 4 150 281 -1
6 3 4 212 278 0.153369
6 3 4 212 279 0.0715274
6 3 4 212 280 0.0685847
6 3 4 212 281 0.06747
6 3 4 213 278 0.0288423
6 3 4 213 279 0.0880796
6 3 4 213 280 0.0858744
6 3 4 213 281 0.0907578
6 3 4 214 278 0.111152
6 3 4 214 279 0.0772444
6 3 4 214 280 0.0742592
6 3 4 214 281 0.075441
6 3 4 215 278 0.0193586
6 3 4 215 279 0.0855897
6 3 4 215 280 0.0944091
6 3 4 215 281 0.0892762
7 0 1 32 89 0.398092
7 0 1 32 90 0.9377
7 0 1 32 91 -1
7 0 1 33 89 0.798774
7 0 1 33 90 -1
7 0 1 33 91 0.0696294
7 0 1 34 89 0.6881
7 0 1 34 90 -1
7 0 1 34 91 0.750847
7 0 1 35 89 -0.884966
7 0 1 35 90 -1
7 0 1 35 91 -1
7 0 2 32 151 -1
7 0 2 32 152 0.866596
7 0 2 32 153 0.971011
7 0 2 32 154 -1
7 0 2 33 151 0.456722
7 0 2 33 152 -1
7 0 2 33 153 -1
7 0 2 33 154 -1
7 0 2 34 151 -1
7 0 2 34 152 -1
7 0 2 34 153 -1
7 0 2 34 154 0.571812
7 0 2 35 151 -1
7 0 2 35 152 0.419511
7 0 2 35 153 -1
7 0 2 35 154 -1
7 0 3 32 216 0.417857
7 0 3 32 217 -1
7 0 3 32 218 -1
7 0 3 32 219 0.93532
7 0 3 33 216 -1
7 0 3 33 217 0.836742
7 0 3 33 218 -1
7 0 3 33 219 -1
7 0 3 34 216 -1
7 0 3 34 217 -1
7 0 3 34 218 0.925457
7 0 3 34 219 -1
7 0 3 35 216 0.754384
7 0 3 35 217 -1
7 0 3 35 218 -1
7 0 3 35 219 -1
7 0 4 32 282 -1
7 0 4 32 283 0.623559
7 0 4 32 284 0.943
7 0 4 32 285 -1
7 0 4 33 282 -1
7 0 4 33 283 -1
7 0 4 33 284 -1
7 0 4 33 285 0.7763
7 0 4 34 282 -1
7 0 4 34 283 0.806891
7 0 4 34 284 0.669697
7 0 4 34 285 -1
7 0 4 35 282 0.934996
7 0 4 35 283 -1
7 0 4 35 284 -1
7 0 4 35 285 -1
7 1 2 89 151 0.782507
7 1 2 89 152 -1
7 1 2 89 153 -1
7 1 2 89 154 -1
7 1 2 90 151 -1
7 1 2 90 152 -1
7 1 2 90 153 0.861621
7 1 2 90 154 -1
7 1 2 91 151 -1
7 1 2 91 152 -1
7 1 2 91 153 -1
7 1 2 91 154 0.896591
7 1 3 89 216 0.589416
7 1 3 89 217 0.982241
7 1 3 89 218 -1
7 1 3 89 219 -1
7 1 3 90 216 -1
7 1 3 90 217 -1
7 1 3 90 218 0.758664
7 1 3 90 219 0.990541
7 1 3 91 216 -1
7 1 3 91 217 -1
7 1 3 91 218 0.906768
7 1 3 91 219 0.792697
7 1 4 89 282 -1
7 1 4 89 283 -1
7 1 4 89 284 -1
7 1 4 89 285 0.777921
7 1 4 90 282 -1
7 1 4 90 283 -1
7 1 4 90 284 0.790996
7 1 4 90 285 -1
7 1 4 91 282 -1
7 1 4 91 283 0.947835
7 1 4 91 284 -1
7 1 4 91 285 -1
7 2 3 151 216 -1
7 2 3 151 217 0.575409
7 2 3 151 218 -1
7 2 3 151 219 -1
7 2 3 152 216 0.608564
7 2 3 152 217 -1
7 2 3 152 218 -1
7 2 3 152 219 0.0833378
7 2 3 153 216 0.381014
7 2 3 153 217 -1
7 2 3 153 218 -1
7 2 3 153 219 0.900933
7 2 3 154 216 -1
7 2 3 154 217 -1
7 2 3 154 218 0.690127
7 2 3 154 219 -1
7 2 4 151 282 0.302313
7 2 4 151 283 -1
7 2 4 151 284 -1
7 2 4 151 285 0.559734
7 2 4 152 282 0.74626
7 2 4 152 283 -1
7 2 4 152 284 -1
7 2 4 152 285 -1
7 2 4 153 282 -1
7 2 4 153 283 -1
7 2 4 153 284 0.882417
7 2 4 153 285 -1
7 2 4 154 282 -1
7 2 4 154 283 0.999221
7 2 4 154 284 -1
7 2 4 154 285 -1
7 3 4 216 282 0.947174
7 3 4 216 283 -1
7 3 4 216 284 -1
7 3 4 216 285 -1
7 3 4 217 282 -1
7 3 4 217 283 0.57531
7 3 4 217 284 -1
7 3 4 217 285 0.658391
7 3 4 218 282 -1
7 3 4 218 283 0.899528
7 3 4 218 284 -1
7 3 4 218 285 -1
7 3 4 219 282 -1
7 3 4 219 283 -1
7 3 4 219 284 0.813445
7 3 4 219 285 -1
8 0 1 36 92 0.118759
8 0 1 36 93 -1
8 0 1 36 94 -1
8 0 1 37 92 0.937328
8 0 1 37 93 0.77929
8 0 1 37 94 -1
8 0 1 38 92 0.940835
8 0 1 38 93 0.0409641
8 0 1 38 94 -1
8 0 1 39 92 -0.996921
8 0 1 39 93 -1
8 0 1 39 94 0.748816
8 0 2 36 155 -1
8 0 2 36 156 0.665049
8 0 2 36 157 0.707495
8 0 2 36 158 -1
8 0 2 37 155 -1
8 0 2 37 156 -1
8 0 2 37 157 -1
8 0 2 37 158 0.595715
8 0 2 38 155 0.851017
8 0 2 38 156 -1
8 0 2 38 157 -1
8 0 2 38 158 -1
8 0 2 39 155 -1
8 0 2 39 156 0.882729
8 0 2 39 157 0.3573
8 0 2 39 158 -1
8 0 3 36 220 0.475517
8 0 3 36 221 -1
8 0 3 36 222 -1
8 0 3 36 223 0.755948
8 0 3 37 220 -1
8 0 3 37 221 -1
8 0 3 37 222 0.854833
8 0 3 37 223 -1
8 0 3 38 220 -1
8 0 3 38 221 0.869549
8 0 3 38 222 -1
8 0 3 38 223 -1
8 0 3 39 220 0.981617
8 0 3 39 221 -1
8 0 3 39 222 -1
8 0 3 39 223 0.29868
8 0 4 36 286 -1
8 0 4 36 287 0.402896
8 0 4 36 288 0.453262
8 0 4 36 289 -1
8 0 4 37 286 -1
8 0 4 37 287 0.8059
8 0 4 37 288 -1
8 0 4 37 289 -1
8 0 4 38 286 -1
8 0 4 38 287 -1
8 0 4 38 288 -1
8 0 4 38 289 0.764655
8 0 4 39 286 0.814382
8 0 4 39 287 -1
8 0 4 39 288 -1
8 0 4 39 289 -1
8 1 2 92 155 0.421232
8 1 2 92 156 0.321669
8 1 2 92 157 -1
8 1 2 92 158 -1
8 1 2 93 155 -1
8 1 2 93 156 -1
8 1 2 93 157 0.911726
8 1 2 93 158 0.782464
8 1 2 94 155 0.848049
8 1 2 94 156 0.764977
8 1 2 94 157 -1
8 1 2 94 158 -1
8 1 3 92 220 0.297653
8 1 3 92 221 0.760972
8 1 3 92 222 -1
8 1 3 92 223 -1
8 1 3 93 220 -1
8 1 3 93 221 -1
8 1 3 93 222 0.952664
8 1 3 93 223 0.560767
8 1 3 94 220 0.807155
8 1 3 94 221 -1
8 1 3 94 222 -1
8 1 3 94 223 -1
8 1 4 92 286 0.678726
8 1 4 92 287 -1
8 1 4 92 288 -1
8 1 4 92 289 0.562064
8 1 4 93 286 -1
8 1 4 93 287 0.834807
8 1 4 93 288 0.959452
8 1 4 93 289 -1
8 1 4 94 286 0.867555
8 1 4 94 287 -1
8 1 4 94 288 -1
8 1 4 94 289 0.0983767
8 2 3 155 220 -1
8 2 3 155 221 0.865435
8 2 3 155 222 -1
8 2 3 155 223 -1
8 2 3 156 220 0.900193
8 2 3 156 221 -1
8 2 3 156 222 -1
8 2 3 156 223 0.133102
8 2 3 157 220 0.677042
8 2 3 157 221 -1
8 2 3 157 222 -1
8 2 3 157 223 0.937375
8 2 3 158 220 -1
8 2 3 158 221 -1
8 2 3 158 222 0.665219
8 2 3 158 223 -1
8 2 4 155 286 0.60636
8 2 4 155 287 -1
8 2 4 155 288 -1
8 2 4 155 289 0.00593942
8 2 4 156 286 0.888096
8 2 4 156 287 -1
8 2 4 156 288 -1
8 2 4 156 289 0.0605752
8 2 4 157 286 -1
8 2 4 157 287 -1
8 2 4 157 288 0.488223
8 2 4 157 289 -1
8 2 4 158 286 -1
8 2 4 158 287 0.793165
8 2 4 158 288 0.182118
8 2 4 158 289 -1
8 3 4 220 286 0.939153
8 3 4 220 287 -1
8 3 4 220 288 -1
8 3 4 220 289 -1
8 3 4 221 286 -1
8 3 4 221 287 0.658751
8 3 4 221 288 0.334273
8 3 4 221 289 0.835518
8 3 4 222 286 -1
8 3 4 222 287 0.881616
8 3 4 222 288 -1
8 3 4 222 289 -1
8 3 4 223 286 -1
8 3 4 223 287 -1
8 3 4 223 288 0.694005
8 3 4 223 289 -1
9 0 1 40 95 0.23342
9 0 1 40 96 -1
9 0 1 40 97 0.00883176
9 0 1 41 95 0.391483
9 0 1 41 96 0.282603
9 0 1 41 97 0.190409
9 0 1 42 95 0.255132
9 0 1 42 96 0.372955
9 0 1 42 97 0.217283
9 0 1 43 95 -1
9 0 1 43 96 -1
9 0 1 43 97 0.0147716
9 0 2 40 159 -1
9 0 2 40 160 -1
9 0 2 41 159 0.32839
9 0 2 41 160 0.67161
9 0 2 42 159 0.536959
9 0 2 42 160 0.463041
9 0 2 43 159 -1
9 0 2 43 160 -1
9 0 3 40 224 0.246242
9 0 3 40 225 -1
9 0 3 41 224 0.403942
9 0 3 41 225 -1
9 0 3 42 224 0.873053
9 0 3 42 225 -1
9 0 3 43 224 -1
9 0 3 43 225 0.0810741
9 0 4 40 290 -1
9 0 4 40 291 0.856213
9 0 4 41 290 -1
9 0 4 41 291 -1
9 0 4 42 290 -1
9 0 4 42 291 -1
9 0 4 43 290 -1
9 0 4 43 291 -1
9 1 2 95 159 -1
9 1 2 95 160 0.906824
9 1 2 96 159 0.772709
9 1 2 96 160 -1
9 1 2 97 159 -1
9 1 2 97 160 -1
9 1 3 95 224 0.926669
9 1 3 95 225 -1
9 1 3 96 224 0.837672
9 1 3 96 225 0.162328
9 1 3 97 224 -1
9 1 3 97 225 0.86242
9 1 4 95 290 -1
9 1 4 95 291 -1
9 1 4 96 290 -1
9 1 4 96 291 -1
9 1 4 97 290 0.675656
9 1 4 97 291 0.324344
9 2 3 159 224 0.868186
9 2 3 159 225 -1
9 2 3 160 224 -1
9 2 3 160 225 -1
9 2 4 159 290 -1
9 2 4 159 291 -1
9 2 4 160 290 -1
9 2 4 160 291 -1
9 3 4 224 290 0.414987
9 3 4 224 291 -1
9 3 4 225 290 0.466568
9 3 4 225 291 0.262713
10 0 1 44 98 0.618926
10 0 1 44 99 -1
10 0 1 45 98 0.0932354
10 0 1 45 99 0.857947
10 0 1 46 98 0.206616
10 0 1 46 99 0.685201
10 0 2 44 161 0.957937
10 0 2 44 162 -1
10 0 2 45 161 0.66269
10 0 2 45 162 -1
10 0 2 46 161 -1
10 0 2 46 162 0.206985
10 0 3 44 226 0.769036
10 0 3 44 227 0.211599
10 0 3 45 226 -1
10 0 3 45 227 -1
10 0 3 46 226 0.813374
10 0 3 46 227 0.186626
10 0 4 44 292 -1
10 0 4 44 293 -1
10 0 4 45 292 -1
10 0 4 45 293 -1
10 0 4 46 292 0.598362
10 0 4 46 293 0.401638
10 1 2 98 161 0.96612
10 1 2 98 162 -1
10 1 2 99 161 -1
10 1 2 99 162 -1
10 1 3 98 226 0.257002
10 1 3 98 227 0.268707
10 1 3 99 226 -1
10 1 3 99 227 0.0157171
10 1 4 98 292 -1
10 1 4 98 293 -1
10 1 4 99 292 -1
10 1 4 99 293 -1
10 2 3 161 226 -1
10 2 3 161 227 0.486436
10 2 3 162 226 -1
10 2 3 162 227 0.513564
10 2 4 161 292 -1
10 2 4 161 293 -1
10 2 4 162 292 0.505037
10 2 4 162 293 0.494963
10 3 4 226 292 0.579659
10 3 4 226 293 0.211378
10 3 4 227 292 0.243802
10 3 4 227 293 0.555463
11 0 1 47 100 0.488959
11 0 1 47 101 0.309461
11 0 1 47 102 -1
11 0 1 48 100 0.070064
11 0 1 48 101 0.424115
11 0 1 48 102 0.505821
11 0 1 49 100 -1
11 0 1 49 101 -1
11 0 1 49 102 -1
11 0 2 47 163 -1
11 0 2 47 164 0.546429
11 0 2 48 163 -1
11 0 2 48 164 0.332651
11 0 2 49 163 0.00341755
11 0 2 49 164 -1
11 0 3 47 228 0.640935
11 0 3 47 229 0.266819
11 0 3 47 230 0.0350781
11 0 3 48 228 -1
11 0 3 48 229 0.263651
11 0 3 48 230 0.934732
11 0 3 49 228 -1
11 0 3 49 229 0.40974
11 0 3 49 230 -1
11 0 4 47 294 0.21057
11 0 4 47 295 -1
11 0 4 47 296 -1
11 0 4 48 294 0.694496
11 0 4 48 295 -1
11 0 4 48 296 -1
11 0 4 49 294 -1
11 0 4 49 295 0.946807
11 0 4 49 296 0.608134
11 1 2 100 163 -1
11 1 2 100 164 0.897284
11 1 2 101 163 0.983368
11 1 2 101 164 -1
11 1 2 102 163 -1
11 1 2 102 164 -1
11 1 3 100 228 0.145386
11 1 3 100 229 0.172519
11 1 3 100 230 0.16298
11 1 3 101 228 0.288224
11 1 3 101 229 0.110601
11 1 3 101 230 0.108385
11 1 3 102 228 0.0652782
11 1 3 102 229 0.193326
11 1 3 102 230 0.207354
11 1 4 100 294 -1
11 1 4 100 295 -1
11 1 4 100 296 -1
11 1 4 101 294 0.111274
11 1 4 101 295 0.390253
11 1 4 101 296 0.498474
11 1 4 102 294 0.82812
11 1 4 102 295 -1
11 1 4 102 296 -1
11 2 3 163 228 0.958486
11 2 3 163 229 -1
11 2 3 163 230 -1
11 2 3 164 228 -1
11 2 3 164 229 0.882889
11 2 3 164 230 -1
11 2 4 163 294 -1
11 2 4 163 295 0.830066
11 2 4 163 296 0.916091
11 2 4 164 294 -1
11 2 4 164 295 -1
11 2 4 164 296 -1
11 3 4 228 294 0.157051
11 3 4 228 295 0.23221
11 3 4 228 296 0.158214
11 3 4 229 294 0.169825
11 3 4 229 295 0.0863457
11 3 4 229 296 0.205683
11 3 4 230 294 0.200627
11 3 4 230 295 0.11677
11 3 4 230 296 0.161631
12 0 1 50 103 0.408244
12 0 1 50 104 -1
12 0 1 50 105 0.933818
12 0 2 50 165 -1
12 0 2 50 166 0.8133
12 0 2 50 167 -1
12 0 3 50 231 -1
12 0 3 50 232 0.858223
12 0 3 50 233 -1
12 0 3 50 234 0.83729
12 0 4 50 297 0.841015
12 0 4 50 298 -1
12 1 2 103 165 0.895584
12 1 2 103 166 -1
12 1 2 103 167 -1
12 1 2 104 165 -1
12 1 2 104 166 -1
12 1 2 104 167 0.816246
12 1 2 105 165 -1
12 1 2 105 166 0.934952
12 1 2 105 167 -1
12 1 3 103 231 0.437906
12 1 3 103 232 0.345956
12 1 3 103 233 -1
12 1 3 103 234 -1
12 1 3 104 231 0.0248066
12 1 3 104 232 0.114366
12 1 3 104 233 0.393735
12 1 3 104 234 0.382249
12 1 3 105 231 0.502982
12 1 3 105 232 0.381518
12 1 3 105 233 -1
12 1 3 105 234 -1
12 1 4 103 297 0.991853
12 1 4 103 298 -1
12 1 4 104 297 -1
12 1 4 104 298 0.697034
12 1 4 105 297 0.997051
12 1 4 105 298 -1
12 2 3 165 231 0.62765
12 2 3 165 232 -1
12 2 3 165 233 -1
12 2 3 165 234 -1
12 2 3 166 231 -1
12 2 3 166 232 0.993949
12 2 3 166 233 -1
12 2 3 166 234 -1
12 2 3 167 231 -1
12 2 3 167 232 -1
12 2 3 167 233 0.9342
12 2 3 167 234 -1
12 2 4 165 297 -1
12 2 4 165 298 -1
12 2 4 166 297 0.844957
12 2 4 166 298 -1
12 2 4 167 297 -1
12 2 4 167 298 0.614973
12 3 4 231 297 0.533484
12 3 4 231 298 0.254539
12 3 4 232 297 0.600392
12 3 4 232 298 0.0822003
12 3 4 233 297 -1
12 3 4 233 298 0.268824
12 3 4 234 297 -1
12 3 4 234 298 0.368546
13 0 1 51 106 0.178775
13 0 1 51 107 0.955643
13 0 1 51 108 -1
13 0 1 52 106 0.538115
13 0 1 52 107 -1
13 0 1 52 108 -1
13 0 1 53 106 0.28311
13 0 1 53 107 -1
13 0 1 53 108 0.666146
13 0 2 51 168 -1
13 0 2 51 169 0.378695
13 0 2 51 170 0.839945
13 0 2 51 171 -1
13 0 2 52 168 0.558567
13 0 2 52 169 -1
13 0 2 52 170 -1
13 0 2 52 171 -1
13 0 2 53 168 -1
13 0 2 53 169 -1
13 0 2 53 170 -1
13 0 2 53 171 0.646333
13 0 3 51 235 -1
13 0 3 51 236 -1
13 0 3 51 237 -1
13 0 3 51 238 0.840259
13 0 3 52 235 -1
13 0 3 52 236 0.860737
13 0 3 52 237 -1
13 0 3 52 238 -1
13 0 3 53 235 -1
13 0 3 53 236 -1
13 0 3 53 237 0.68692
13 0 3 53 238 -1
13 0 4 51 299 -1
13 0 4 51 300 0.485152
13 0 4 51 301 0.988243
13 0 4 51 302 -1
13 0 4 52 299 -1
13 0 4 52 300 -1
13 0 4 52 301 -1
13 0 4 52 302 0.955002
13 0 4 53 299 -1
13 0 4 53 300 0.654105
13 0 4 53 301 0.700302
13 0 4 53 302 -1
13 1 2 106 168 0.719692
13 1 2 106 169 -1
13 1 2 106 170 -1
13 1 2 106 171 -1
13 1 2 107 168 -1
13 1 2 107 169 -1
13 1 2 107 170 0.823166
13 1 2 107 171 -1
13 1 2 108 168 -1
13 1 2 108 169 -1
13 1 2 108 170 -1
13 1 2 108 171 0.78877
13 1 3 106 235 0.49279
13 1 3 106 236 0.734673
13 1 3 106 237 -1
13 1 3 106 238 -1
13 1 3 107 235 -1
13 1 3 107 236 -1
13 1 3 107 237 0.865137
13 1 3 107 238 0.923093
13 1 3 108 235 -1
13 1 3 108 236 -1
13 1 3 108 237 0.715523
13 1 3 108 238 0.362172
13 1 4 106 299 -1
13 1 4 106 300 -1
13 1 4 106 301 -1
13 1 4 106 302 0.728922
13 1 4 107 299 -1
13 1 4 107 300 -1
13 1 4 107 301 0.888645
13 1 4 107 302 -1
13 1 4 108 299 -1
13 1 4 108 300 0.793627
13 1 4 108 301 -1
13 1 4 108 302 -1
13 2 3 168 235 -1
13 2 3 168 236 0.422266
13 2 3 168 237 -1
13 2 3 168 238 -1
13 2 3 169 235 -1
13 2 3 169 236 -1
13 2 3 169 237 -1
13 2 3 169 238 -1
13 2 3 170 235 -1
13 2 3 170 236 -1
13 2 3 170 237 -1
13 2 3 170 238 0.966234
13 2 3 171 235 -1
13 2 3 171 236 -1
13 2 3 171 237 0.919484
13 2 3 171 238 -1
13 2 4 168 299 -1
13 2 4 168 300 -1
13 2 4 168 301 -1
13 2 4 168 302 0.448887
13 2 4 169 299 0.620108
13 2 4 169 300 -1
13 2 4 169 301 -1
13 2 4 169 302 -1
13 2 4 170 299 -1
13 2 4 170 300 -1
13 2 4 170 301 0.957221
13 2 4 170 302 -1
13 2 4 171 299 -1
13 2 4 171 300 0.936107
13 2 4 171 301 -1
13 2 4 171 302 -1
13 3 4 235 299 0.98835
13 3 4 235 300 -1
13 3 4 235 301 -1
13 3 4 235 302 -1
13 3 4 236 299 -1
13 3 4 236 300 0.305679
13 3 4 236 301 -1
13 3 4 236 302 0.861701
13 3 4 237 299 -1
13 3 4 237 300 0.982082
13 3 4 237 301 -1
13 3 4 237 302 -1
13 3 4 238 299 -1
13 3 4 238 300 -1
13 3 4 238 301 0.910948
13 3 4 238 302 -1
14 0 1 54 109 0.0957088
14 0 1 54 110 0.847437
14 0 1 54 111 -1
14 0 1 54 112 -1
14 0 1 55 109 0.486358
14 0 1 55 110 -1
14 0 1 55 111 -1
14 0 1 55 112 -1
14 0 1 56 109 0.417933
14 0 1 56 110 -1
14 0 1 56 111 0.74514
14 0 1 56 112 -1
14 0 2 54 172 -1
14 0 2 54 173 0.257655
14 0 2 54 174 0.882683
14 0 2 54 175 -1
14 0 2 55 172 0.776381
14 0 2 55 173 -1
14 0 2 55 174 -1
14 0 2 55 175 -1
14 0 2 56 172 -1
14 0 2 56 173 -1
14 0 2 56 174 -1
14 0 2 56 175 0.581907
14 0 3 54 239 0.48899
14 0 3 54 240 -1
14 0 3 54 241 -1
14 0 3 54 242 0.782846
14 0 3 55 239 -1
14 0 3 55 240 0.940275
14 0 3 55 241 -1
14 0 3 55 242 -1
14 0 3 56 239 -1
14 0 3 56 240 -1
14 0 3 56 241 0.833188
14 0 3 56 242 -1
14 0 4 54 303 -1
14 0 4 54 304 -1
14 0 4 54 305 0.911294
14 0 4 54 306 -1
14 0 4 55 303 -1
14 0 4 55 304 -1
14 0 4 55 305 -1
14 0 4 55 306 0.842477
14 0 4 56 303 -1
14 0 4 56 304 0.869413
14 0 4 56 305 -1
14 0 4 56 306 -1
14 1 2 109 172 0.283402
14 1 2 109 173 0.590521
14 1 2 109 174 -1
14 1 2 109 175 -1
14 1 2 110 172 -1
14 1 2 110 173 -1
14 1 2 110 174 0.837786
14 1 2 110 175 0.291385
14 1 2 111 172 -1
14 1 2 111 173 -1
14 1 2 111 174 0.142787
14 1 2 111 175 0.75965
14 1 2 112 172 0.793905
14 1 2 112 173 0.975748
14 1 2 112 174 -1
14 1 2 112 175 -1
14 1 3 109 239 0.129118
14 1 3 109 240 0.920772
14 1 3 109 241 -1
14 1 3 109 242 -1
14 1 3 110 239 -1
14 1 3 110 240 -1
14 1 3 110 241 0.117241
14 1 3 110 242 0.908843
14 1 3 111 239 -1
14 1 3 111 240 -1
14 1 3 111 241 0.939789
14 1 3 111 242 -1
14 1 3 112 239 0.917633
14 1 3 112 240 -1
14 1 3 112 241 -1
14 1 3 112 242 -1
14 1 4 109 303 0.481549
14 1 4 109 304 -1
14 1 4 109 305 -1
14 1 4 109 306 0.708319
14 1 4 110 303 -1
14 1 4 110 304 0.485332
14 1 4 110 305 0.963593
14 1 4 110 306 -1
14 1 4 111 303 -1
14 1 4 111 304 0.862357
14 1 4 111 305 0.210406
14 1 4 111 306 -1
14 1 4 112 303 0.87621
14 1 4 112 304 -1
14 1 4 112 305 -1
14 1 4 112 306 -1
14 2 3 172 239 -1
14 2 3 172 240 0.265266
14 2 3 172 241 -1
14 2 3 172 242 -1
14 2 3 173 239 0.957441
14 2 3 173 240 -1
14 2 3 173 241 -1
14 2 3 173 242 0.385226
14 2 3 174 239 0.883875
14 2 3 174 240 -1
14 2 3 174 241 -1
14 2 3 174 242 0.909135
14 2 3 175 239 -1
14 2 3 175 240 -1
14 2 3 175 241 0.731923
14 2 3 175 242 -1
14 2 4 172 303 0.926989
14 2 4 172 304 -1
14 2 4 172 305 -1
14 2 4 172 306 -1
14 2 4 173 303 0.850588
14 2 4 173 304 -1
14 2 4 173 305 -1
14 2 4 173 306 -1
14 2 4 174 303 -1
14 2 4 174 304 -1
14 2 4 174 305 0.808525
14 2 4 174 306 -1
14 2 4 175 303 -1
14 2 4 175 304 0.774795
14 2 4 175 305 -1
14 2 4 175 306 -1
14 3 4 239 303 0.697772
14 3 4 239 304 -1
14 3 4 239 305 -1
14 3 4 239 306 -1
14 3 4 240 303 -1
14 3 4 240 304 0.628544
14 3 4 240 305 -1
14 3 4 240 306 0.693914
14 3 4 241 303 -1
14 3 4 241 304 0.89962
14 3 4 241 305 -1
14 3 4 241 306 -1
14 3 4 242 303 -1
14 3 4 242 304 -1
14 3 4 242 305 0.747498
14 3 4 242 306 -1
15 0 1 57 113 -1
15 0 1 57 114 -1
15 0 1 58 113 0.509199
15 0 1 58 114 0.490801
15 0 1 59 113 -1
15 0 1 59 114 -1
15 0 2 57 176 -1
15 0 2 57 177 0.930565
15 0 2 57 178 -1
15 0 2 58 176 -1
15 0 2 58 177 -1
15 0 2 58 178 0.99807
15 0 2 59 176 -1
15 0 2 59 177 0.845499
15 0 2 59 178 -1
15 0 3 57 243 -1
15 0 3 57 244 -1
15 0 3 58 243 0.985038
15 0 3 58 244 -1
15 0 3 59 243 0.338513
15 0 3 59 244 -1
15 0 4 57 307 -1
15 0 4 57 308 -1
15 0 4 57 309 -1
15 0 4 58 307 0.852811
15 0 4 58 308 -1
15 0 4 58 309 -1
15 0 4 59 307 -1
15 0 4 59 308 0.941679
15 0 4 59 309 0.309079
15 1 2 113 176 0.987158
15 1 2 113 177 -1
15 1 2 113 178 -1
15 1 2 114 176 -1
15 1 2 114 177 -1
15 1 2 114 178 0.356349
15 1 3 113 243 0.312186
15 1 3 113 244 0.659066
15 1 3 114 243 0.635084
15 1 3 114 244 0.137952
15 1 4 113 307 -1
15 1 4 113 308 -1
15 1 4 113 309 0.71335
15 1 4 114 307 0.613105
15 1 4 114 308 -1
15 1 4 114 309 -1
15 2 3 176 243 -1
15 2 3 176 244 0.832362
15 2 3 177 243 -1
15 2 3 177 244 -1
15 2 3 178 243 0.983261
15 2 3 178 244 -1
15 2 4 176 307 -1
15 2 4 176 308 0.0787892
15 2 4 176 309 0.724473
15 2 4 177 307 0.309003
15 2 4 177 308 -1
15 2 4 177 309 -1
15 2 4 178 307 0.718653
15 2 4 178 308 -1
15 2 4 178 309 -1
15 3 4 243 307 0.714073
15 3 4 243 308 0.152883
15 3 4 243 309 -1
15 3 4 244 307 0.285927
15 3 4 244 308 -1
15 3 4 244 309 0.924057
16 0 1 60 115 -1
16 0 1 60 116 -1
16 0 1 60 117 0.935456
16 0 2 60 179 -1
16 0 2 60 180 0.89723
16 0 2 60 181 -1
16 0 3 60 245 -1
16 0 3 60 246 -1
16 0 3 60 247 0.355467
16 0 3 60 248 -1
16 0 4 60 310 0.989003
16 0 4 60 311 -1
16 0 4 60 312 -1
16 1 2 115 179 -1
16 1 2 115 180 0.804116
16 1 2 115 181 -1
16 1 2 116 179 -1
16 1 2 116 180 -1
16 1 2 116 181 0.786664
16 1 2 117 179 -1
16 1 2 117 180 0.886518
16 1 2 117 181 -1
16 1 3 115 245 0.622336
16 1 3 115 246 0.817827
16 1 3 115 247 -1
16 1 3 115 248 -1
16 1 3 116 245 -1
16 1 3 116 246 -1
16 1 3 116 247 0.940114
16 1 3 116 248 0.507481
16 1 3 117 245 0.774213
16 1 3 117 246 0.350493
16 1 3 117 247 -1
16 1 3 117 248 -1
16 1 4 115 310 0.718138
16 1 4 115 311 -1
16 1 4 115 312 -1
16 1 4 116 310 -1
16 1 4 116 311 0.75725
16 1 4 116 312 0.157926
16 1 4 117 310 0.99221
16 1 4 117 311 -1
16 1 4 117 312 -1
16 2 3 179 245 -1
16 2 3 179 246 0.564079
16 2 3 179 247 -1
16 2 3 179 248 -1
16 2 3 180 245 -1
16 2 3 180 246 -1
16 2 3 180 247 0.613396
16 2 3 180 248 -1
16 2 3 181 245 -1
16 2 3 181 246 -1
16 2 3 181 247 0.998461
16 2 3 181 248 -1
16 2 4 179 310 -1
16 2 4 179 311 -1
16 2 4 179 312 -1
16 2 4 180 310 0.86737
16 2 4 180 311 -1
16 2 4 180 312 -1
16 2 4 181 310 -1
16 2 4 181 311 0.779252
16 2 4 181 312 -1
16 3 4 245 310 0.916574
16 3 4 245 311 0.311808
16 3 4 245 312 -1
16 3 4 246 310 0.415963
16 3 4 246 311 0.770797
16 3 4 246 312 -1
16 3 4 247 310 -1
16 3 4 247 311 0.737098
16 3 4 247 312 -1
16 3 4 248 310 -1
16 3 4 248 311 -0.819703
16 3 4 248 312 0.992332
17 0 1 61 118 0.528603
17 0 1 61 119 0.495797
17 0 1 61 120 -1
17 0 1 62 118 0.471397
17 0 1 62 119 0.504203
17 0 1 62 120 -1
17 0 2 61 182 -1
17 0 2 61 183 -1
17 0 2 61 184 -1
17 0 2 61 185 0.0954464
17 0 2 62 182 0.793965
17 0 2 62 183 -1
17 0 2 62 184 -1
17 0 2 62 185 -1
17 0 3 61 249 -1
17 0 3 61 250 0.904256
17 0 3 61 251 -1
17 0 3 62 249 -1
17 0 3 62 250 -1
17 0 3 62 251 -1
17 0 4 61 313 -1
17 0 4 61 314 -1
17 0 4 61 315 -1
17 0 4 62 313 -1
17 0 4 62 314 -1
17 0 4 62 315 0.965083
17 1 2 118 182 0.427444
17 1 2 118 183 0.766221
17 1 2 118 184 -1
17 1 2 118 185 -1
17 1 2 119 182 -1
17 1 2 119 183 -1
17 1 2 119 184 0.236918
17 1 2 119 185 0.72207
17 1 2 120 182 0.480438
17 1 2 120 183 0.848361
17 1 2 120 184 -1
17 1 2 120 185 -1
17 1 3 118 249 0.053822
17 1 3 118 250 -1
17 1 3 118 251 -1
17 1 3 119 249 -1
17 1 3 119 250 0.733533
17 1 3 119 251 0.110073
17 1 3 120 249 0.90882
17 1 3 120 250 -1
17 1 3 120 251 -1
17 1 4 118 313 0.672261
17 1 4 118 314 -1
17 1 4 118 315 0.617499
17 1 4 119 313 -1
17 1 4 119 314 0.944995
17 1 4 119 315 -1
17 1 4 120 313 0.994351
17 1 4 120 314 -1
17 1 4 120 315 0.0716485
17 2 3 182 249 -1
17 2 3 182 250 -1
17 2 3 182 251 -1
17 2 3 183 249 0.377244
17 2 3 183 250 -1
17 2 3 183 251 -1
17 2 3 184 249 0.878453
17 2 3 184 250 -1
17 2 3 184 251 0.956939
17 2 3 185 249 -1
17 2 3 185 250 0.205094
17 2 3 185 251 -1
17 2 4 182 313 0.951365
17 2 4 182 314 -1
17 2 4 182 315 -1
17 2 4 183 313 0.843658
17 2 4 183 314 -1
17 2 4 183 315 -1
17 2 4 184 313 -1
17 2 4 184 314 0.890127
17 2 4 184 315 -1
17 2 4 185 313 -1
17 2 4 185 314 0.0301427
17 2 4 185 315 -1
17 3 4 249 313 0.557796
17 3 4 249 314 -1
17 3 4 249 315 -1
17 3 4 250 313 -1
17 3 4 250 314 -1
17 3 4 250 315 -1
17 3 4 251 313 -1
17 3 4 251 314 0.654559
17 3 4 251 315 -1
18 0 1 63 121 0.18916
18 0 1 63 122 0.983358
18 0 1 63 123 -1
18 0 1 64 121 0.491977
18 0 1 64 122 -1
18 0 1 64 123 -1
18 0 1 65 121 0.318863
18 0 1 65 122 -1
18 0 1 65 123 0.680813
18 0 2 63 186 -1
18 0 2 63 187 0.885496
18 0 2 63 188 0.970961
18 0 2 63 189 -1
18 0 2 64 186 0.198863
18 0 2 64 187 -1
18 0 2 64 188 -1
18 0 2 64 189 -1
18 0 2 65 186 -1
18 0 2 65 187 0.0815032
18 0 2 65 188 -1
18 0 2 65 189 -1
18 0 3 63 252 0.0942892
18 0 3 63 253 -1
18 0 3 63 254 0.91178
18 0 3 64 252 -1
18 0 3 64 253 0.686817
18 0 3 64 254 -1
18 0 3 65 252 -1
18 0 3 65 253 -1
18 0 3 65 254 -1
18 0 4 63 316 -1
18 0 4 63 317 0.272363
18 0 4 63 318 0.895957
18 0 4 63 319 -1
18 0 4 64 316 -1
18 0 4 64 317 -1
18 0 4 64 318 -1
18 0 4 64 319 0.364786
18 0 4 65 316 -1
18 0 4 65 317 0.688447
18 0 4 65 318 0.331542
18 0 4 65 319 -1
18 1 2 121 186 0.386527
18 1 2 121 187 -1
18 1 2 121 188 -1
18 1 2 121 189 -1
18 1 2 122 186 -1
18 1 2 122 187 -1
18 1 2 122 188 0.942855
18 1 2 122 189 -1
18 1 2 123 186 -1
18 1 2 123 187 -1
18 1 2 123 188 -1
18 1 2 123 189 0.490097
18 1 3 121 252 0.413161
18 1 3 121 253 0.580267
18 1 3 121 254 -1
18 1 3 122 252 -1
18 1 3 122 253 -1
18 1 3 122 254 0.914887
18 1 3 123 252 -1
18 1 3 123 253 -1
18 1 3 123 254 0.218313
18 1 4 121 316 -1
18 1 4 121 317 -1
18 1 4 121 318 -1
18 1 4 121 319 0.223439
18 1 4 122 316 -1
18 1 4 122 317 -1
18 1 4 122 318 0.948186
18 1 4 122 319 -1
18 1 4 123 316 -1
18 1 4 123 317 0.785656
18 1 4 123 318 -1
18 1 4 123 319 -1
18 2 3 186 252 -1
18 2 3 186 253 -1
18 2 3 186 254 -1
18 2 3 187 252 0.800774
18 2 3 187 253 -1
18 2 3 187 254 -1
18 2 3 188 252 -1
18 2 3 188 253 -1
18 2 3 188 254 0.987434
18 2 3 189 252 -1
18 2 3 189 253 -1
18 2 3 189 254 -1
18 2 4 186 316 0.265202
18 2 4 186 317 -1
18 2 4 186 318 -1
18 2 4 186 319 -1
18 2 4 187 316 0.280703
18 2 4 187 317 -1
18 2 4 187 318 -1
18 2 4 187 319 -1
18 2 4 188 316 -1
18 2 4 188 317 -1
18 2 4 188 318 0.972684
18 2 4 188 319 -1
18 2 4 189 316 -1
18 2 4 189 317 0.999162
18 2 4 189 318 -1
18 2 4 189 319 -1
18 3 4 252 316 0.763667
18 3 4 252 317 -1
18 3 4 252 318 -1
18 3 4 252 319 -1
18 3 4 253 316 -1
18 3 4 253 317 0.347795
18 3 4 253 318 -1
18 3 4 253 319 0.864115
18 3 4 254 316 -1
18 3 4 254 317 -1
18 3 4 254 318 0.926199
18 3 4 254 319 -1
end of Frame 287
