J OverallIdx viewIdx joint种类0-18(jointIdx) 该joint在图中的顺序(candidix) x y score
0 0 0 0 510.431 387.982 0.693741
1 0 0 1 325.253 425.984 0.63573
2 0 1 0 322.498 210.9 0.92573
3 0 1 1 504.859 217.185 0.874389
4 0 2 0 482.346 387.982 0.721603
5 0 2 1 367.371 423.83 0.606701
6 0 3 0 546.764 385.916 0.689021
7 0 3 1 280.529 428.044 0.609032
8 0 4 0 459.846 156.042 0.930088
9 0 5 0 381.386 210.974 0.837399
10 0 5 1 462.711 225.542 0.85865
11 0 6 0 260.759 210.778 0.875859
12 0 6 1 549.61 210.966 0.878591
13 0 7 0 499.205 518.737 0.769031
14 0 7 1 350.468 584.157 0.795277
15 0 8 0 569.243 522.925 0.801976
16 0 8 1 260.75 586.24 0.756862
17 0 9 0 344.956 134.95 0.88
18 0 10 0 280.304 141.197 0.88209
19 0 10 1 504.908 145.529 0.917525
20 0 11 0 459.781 303.631 0.689876
21 0 11 1 415.026 324.761 0.872606
22 0 12 0 597.38 288.884 0.837748
23 0 12 1 252.383 331.149 0.812735
24 0 13 0 507.657 632.587 0.835817
25 0 13 1 347.852 729.58 0.74058
26 0 14 0 591.754 647.275 0.808979
27 0 14 1 252.432 763.345 0.605821
28 0 15 0 437.434 379.455 0.688149
29 0 15 1 375.786 394.279 0.588741
30 0 16 0 594.658 360.601 0.899864
31 0 16 1 238.335 421.759 0.712045
32 0 17 0 594.421 685.378 0.804934
33 0 18 0 451.467 649.479 0.797435
34 0 18 1 302.898 719.15 0.457668
35 1 0 0 140.18 385.892 0.630504
36 1 0 1 555.314 379.547 0.576699
37 1 0 2 288.901 459.686 0.464245
38 1 1 0 299.953 158.135 0.780954
39 1 1 1 129.014 183.469 0.670914
40 1 1 2 541.281 242.497 0.608423
41 1 2 0 524.37 381.652 0.618433
42 1 2 1 112.199 387.977 0.618414
43 1 2 2 328.19 466.046 0.434842
44 1 3 0 594.522 377.46 0.578677
45 1 3 1 165.404 383.817 0.569738
46 1 3 2 246.797 449.163 0.428838
47 1 4 0 201.941 126.562 0.875237
48 1 4 1 527.264 196.085 0.632314
49 1 5 0 350.641 162.382 0.730559
50 1 5 1 106.533 183.425 0.746584
51 1 5 2 490.794 244.708 0.752426
52 1 6 0 238.299 147.6 0.768127
53 1 6 1 154.199 183.467 0.56995
54 1 6 2 591.747 234.035 0.490592
55 1 7 0 527.054 474.45 0.715347
56 1 7 1 112.119 537.693 0.739729
57 1 7 2 319.67 649.482 0.512986
58 1 8 0 597.316 472.353 0.38569
59 1 8 1 162.627 535.642 0.743199
60 1 8 2 322.537 615.782 0.324598
61 1 9 0 370.267 42.1316 0.918811
62 1 9 1 143.067 111.847 0.890607
63 1 9 2 504.754 194.07 0.525814
64 1 10 0 563.66 187.674 0.271817
65 1 11 0 81.3738 295.182 0.815107
66 1 11 1 434.71 333.183 0.748711
67 1 12 0 187.854 274.129 0.728456
68 1 13 0 527.138 565.089 0.797624
69 1 13 1 75.6954 704.278 0.741395
70 1 13 2 283.225 767.305 0.186704
71 1 14 0 588.944 567.274 0.270923
72 1 14 1 131.797 668.516 0.74372
73 1 15 0 515.985 263.644 0.780648
74 1 15 1 168.267 371.106 0.856725
75 1 17 0 196.369 687.485 0.766555
76 1 18 0 499.12 592.558 0.715788
77 1 18 1 112.208 744.383 0.614117
78 2 0 0 389.87 284.693 0.767812
79 2 0 1 619.757 364.86 0.697277
80 2 0 2 501.989 765.28 0.319349
81 2 1 0 373.039 139.207 0.856339
82 2 1 1 642.238 225.561 0.879933
83 2 1 2 527.202 533.553 0.779633
84 2 2 0 367.265 291.017 0.741309
85 2 2 1 594.489 362.618 0.670633
86 2 2 2 555.259 765.374 0.235079
87 2 3 0 415.004 280.441 0.784957
88 2 3 1 645.014 375.337 0.677523
89 2 3 2 454.313 761.251 0.30063
90 2 4 0 415.179 92.8282 0.951594
91 2 4 1 586.083 177.017 0.873851
92 2 5 0 336.541 153.968 0.753329
93 2 5 1 597.421 208.717 0.825286
94 2 5 2 600.183 567.194 0.700456
95 2 6 0 415.05 122.336 0.844512
96 2 6 1 687.122 242.457 0.825769
97 2 6 2 443.097 510.252 0.76919
98 2 7 0 370.165 394.273 0.835527
99 2 7 1 555.29 449.171 0.175978
100 2 8 0 417.963 362.785 0.833185
101 2 8 1 628.163 480.739 0.693833
102 2 9 0 370.016 86.4906 0.871205
103 2 9 1 617.026 430.157 0.700216
104 2 10 0 633.828 177.04 0.922424
105 2 10 1 504.707 411.133 0.687419
106 2 11 0 305.817 242.504 0.861683
107 2 11 1 577.773 272.045 0.829295
108 2 11 2 642.154 735.963 0.691841
109 2 12 0 415.08 177.228 0.758494
110 2 12 1 706.645 333.212 0.902897
111 2 12 2 395.468 649.414 0.712072
112 2 13 0 370.202 480.755 0.869581
113 2 13 1 552.503 516.627 0.185778
114 2 14 0 414.999 430.125 0.9027
115 2 14 1 630.965 579.86 0.591657
116 2 15 0 328.064 322.645 0.875698
117 2 15 1 571.995 331.102 0.827883
118 2 15 2 664.659 712.689 0.412622
119 2 16 0 440.236 227.669 0.864974
120 2 16 1 658.972 392.225 0.876546
121 2 16 2 370.006 748.584 0.612027
122 2 17 0 451.505 442.772 0.711875
123 2 18 0 373.098 516.629 0.703948
124 3 0 0 560.904 356.353 0.709906
125 3 0 1 274.826 379.585 0.461679
126 3 0 2 998.451 415.456 0.450426
127 3 1 0 1001.2 160.277 0.774899
128 3 1 1 263.574 189.776 0.644854
129 3 1 2 552.456 194.1 0.925859
130 3 2 0 527.261 358.438 0.732531
131 3 2 1 266.445 383.77 0.599168
132 3 2 2 1029.21 421.758 0.30113
133 3 3 0 594.486 354.252 0.755181
134 3 3 1 274.844 377.448 0.330379
135 3 3 2 956.295 413.35 0.458936
136 3 4 0 328.075 124.423 0.884748
137 3 4 1 521.623 143.382 0.908141
138 3 5 0 258.148 193.949 0.811978
139 3 5 1 504.718 194.078 0.906309
140 3 6 0 933.866 166.595 0.723903
141 3 6 1 274.767 181.402 0.526266
142 3 6 2 605.697 194.094 0.848608
143 3 7 0 530.091 487.094 0.80913
144 3 7 1 280.347 529.269 0.731125
145 3 7 2 1029.21 581.971 0.358496
146 3 8 0 608.518 480.844 0.803227
147 3 8 1 280.516 518.731 0.271062
148 3 8 2 917.08 582.037 0.72666
149 3 9 0 1006.83 73.7309 0.416145
150 3 9 1 1029.2 71.6869 0.409392
151 3 9 2 280.544 122.291 0.907349
152 3 10 0 928.228 78.0097 0.815885
153 3 10 1 569.354 134.916 0.874153
154 3 11 0 482.217 278.378 0.949442
155 3 11 1 255.187 307.826 0.84532
156 3 12 0 619.8 278.286 0.919462
157 3 12 1 933.859 316.291 0.63959
158 3 13 0 546.89 590.429 0.820049
159 3 13 1 277.67 649.562 0.775066
160 3 14 0 617.057 588.366 0.808675
161 3 14 1 277.551 622.041 0.20085
162 3 14 2 931.035 757.04 0.710443
163 3 15 0 501.84 345.917 0.877349
164 3 15 1 300.065 396.499 0.890762
165 3 16 0 614.189 345.771 0.901621
166 3 16 1 911.545 449.161 0.765959
167 3 17 0 305.799 605.2 0.257974
168 3 17 1 602.939 617.866 0.717112
169 3 17 2 863.855 746.426 0.618781
170 3 18 0 569.275 617.845 0.821473
171 3 18 1 342.128 676.896 0.757921
172 4 0 0 774.09 229.861 0.524773
173 4 0 1 1029.2 246.755 0.697025
174 4 0 2 681.333 331.039 0.545357
175 4 1 0 1029.21 107.465 0.747298
176 4 1 1 695.433 113.886 0.817978
177 4 1 2 793.578 118.058 0.628511
178 4 2 0 751.551 227.775 0.493143
179 4 2 1 998.419 244.692 0.671951
180 4 2 2 726.288 333.192 0.531659
181 4 3 0 799.343 234.053 0.586225
182 4 3 1 1029.21 250.91 0.60548
183 4 3 2 633.746 328.925 0.551368
184 4 4 0 959.164 58.9717 0.839842
185 4 4 1 790.839 75.9235 0.649036
186 4 5 0 1029.2 103.346 0.590073
187 4 5 1 754.452 120.176 0.876244
188 4 6 0 1029.21 107.481 0.63397
189 4 6 1 630.927 109.689 0.845102
190 4 6 2 821.636 120.168 0.73909
191 4 7 0 1001.16 362.802 0.688189
192 4 7 1 701.057 516.703 0.733034
193 4 8 0 790.792 314.185 0.476391
194 4 8 1 1001.16 364.885 0.761255
195 4 8 2 597.462 499.83 0.759971
196 4 9 0 731.935 48.5036 0.704442
197 4 10 0 1001.28 48.4987 0.819201
198 4 10 1 653.391 58.9758 0.719632
199 4 10 2 813.256 75.9497 0.527371
200 4 11 0 1001.19 179.199 0.663705
201 4 11 1 796.291 242.514 0.890795
202 4 12 0 866.628 172.887 0.809492
203 4 12 1 1029.2 177.123 0.175124
204 4 12 2 572.106 213.048 0.862487
205 4 13 0 796.328 385.929 0.208546
206 4 13 1 1003.97 455.462 0.574543
207 4 13 2 689.848 662.073 0.781474
208 4 14 0 782.398 394.346 0.397331
209 4 14 1 1003.95 478.623 0.678894
210 4 14 2 575.018 653.722 0.78352
211 4 15 0 953.394 225.669 0.883723
212 4 15 1 799.191 335.265 0.781582
213 4 16 0 841.285 158.135 0.782946
214 4 16 1 549.691 307.849 0.865232
215 4 17 0 771.1 425.903 0.38761
216 4 17 1 961.947 493.464 0.656173
217 4 17 2 538.407 645.207 0.6484
218 4 18 0 776.756 417.493 0.165572
219 4 18 1 964.652 461.78 0.555797
220 4 18 2 737.584 649.386 0.758117
P viewIdx, pafIdx, aOverAllIdx, bOverAllIdx, CandidAIdx, CandidBIdx, score
0 0 2 0 0 0 0
0 0 2 1 0 1 0.988569
0 0 3 0 1 0 0.995152
0 0 3 1 1 1 0
0 1 4 13 0 0 0.996553
0 1 4 14 0 1 0
0 1 5 13 1 0 0
0 1 5 14 1 1 0.974779
0 2 13 24 0 0 0.990792
0 2 13 25 0 1 0
0 2 14 24 1 0 0
0 2 14 25 1 1 0.99302
0 3 0 4 0 0 0.92084
0 3 0 5 0 1 0
0 3 1 4 1 0 0
0 3 1 5 1 1 0.894672
0 4 0 6 0 0 0.918895
0 4 0 7 0 1 0
0 4 1 6 1 0 0
0 4 1 7 1 1 0.900696
0 5 6 15 0 0 0.998317
0 5 6 16 0 1 0
0 5 7 15 1 0 0
0 5 7 16 1 1 0.964161
0 6 15 26 0 0 0.99994
0 6 15 27 0 1 0
0 6 16 26 1 0 0
0 6 16 27 1 1 0.981529
0 7 2 9 0 0 0.994275
0 7 2 10 0 1 0
0 7 3 9 1 0 0
0 7 3 10 1 1 0.979588
0 8 9 20 0 0 0.251707
0 8 9 21 0 1 0.278243
0 8 10 20 1 0 0.27819
0 8 10 21 1 1 0.251359
0 9 20 28 0 0 0.263752
0 9 20 29 0 1 0.259942
0 9 21 28 1 0 0.259914
0 9 21 29 1 1 0.263822
0 10 9 17 0 0 0.993013
0 10 10 17 1 0 0
0 11 2 11 0 0 0.999069
0 11 2 12 0 1 0
0 11 3 11 1 0 0
0 11 3 12 1 1 0.990201
0 12 11 22 0 0 0
0 12 11 23 0 1 0.982676
0 12 12 22 1 0 0.993099
0 12 12 23 1 1 0
0 13 22 30 0 0 0.995973
0 13 22 31 0 1 0
0 13 23 30 1 0 0
0 13 23 31 1 1 0.97245
0 14 11 18 0 0 0.988754
0 14 11 19 0 1 0
0 14 12 18 1 0 0
0 14 12 19 1 1 0.990584
0 15 2 8 0 0 0
0 15 3 8 1 0 0.989794
0 16 26 32 0 0 0.984489
0 16 27 32 1 0 0
0 17 24 33 0 0 0.957586
0 17 24 34 0 1 0
0 17 25 33 1 0 0
0 17 25 34 1 1 0.845225
1 0 38 35 0 0 0
1 0 38 36 0 1 0
1 0 38 37 0 2 0.96754
1 0 39 35 1 0 0.932967
1 0 39 36 1 1 0
1 0 39 37 1 2 0
1 0 40 35 2 0 0
1 0 40 36 2 1 0.932378
1 0 40 37 2 2 0
1 1 41 55 0 0 0.97911
1 1 41 56 0 1 0
1 1 41 57 0 2 0
1 1 42 55 1 0 0
1 1 42 56 1 1 0.96122
1 1 42 57 1 2 0
1 1 43 55 2 0 0
1 1 43 56 2 1 0
1 1 43 57 2 2 0.958333
1 2 55 68 0 0 0.985679
1 2 55 69 0 1 0
1 2 55 70 0 2 0
1 2 56 68 1 0 0
1 2 56 69 1 1 0.992521
1 2 56 70 1 2 0
1 2 57 68 2 0 0
1 2 57 69 2 1 0
1 2 57 70 2 2 0.936949
1 3 35 41 0 0 0
1 3 35 42 0 1 0.914925
1 3 35 43 0 2 0
1 3 36 41 1 0 0.893522
1 3 36 42 1 1 0
1 3 36 43 1 2 0
1 3 37 41 2 0 0
1 3 37 42 2 1 0
1 3 37 43 2 2 0.860852
1 4 35 44 0 0 0
1 4 35 45 0 1 0.907252
1 4 35 46 0 2 0
1 4 36 44 1 0 0.890299
1 4 36 45 1 1 0
1 4 36 46 1 2 0
1 4 37 44 2 0 0
1 4 37 45 2 1 0
1 4 37 46 2 2 0.859729
1 5 44 58 0 0 0.900723
1 5 44 59 0 1 0
1 5 44 60 0 2 0
1 5 45 58 1 0 0
1 5 45 59 1 1 0.539697
1 5 45 60 1 2 0.261275
1 5 46 58 2 0 0
1 5 46 59 2 1 0
1 5 46 60 2 2 0.527634
1 6 58 71 0 0 0.810712
1 6 58 72 0 1 0
1 6 59 71 1 0 0
1 6 59 72 1 1 0.976871
1 6 60 71 2 0 0
1 6 60 72 2 1 0
1 7 38 49 0 0 0.984594
1 7 38 50 0 1 0
1 7 38 51 0 2 0
1 7 39 49 1 0 0
1 7 39 50 1 1 0.932268
1 7 39 51 1 2 0
1 7 40 49 2 0 0
1 7 40 50 2 1 0
1 7 40 51 2 2 0.935656
1 8 49 65 0 0 0
1 8 49 66 0 1 0.543232
1 8 50 65 1 0 0.956642
1 8 50 66 1 1 0
1 8 51 65 2 0 0
1 8 51 66 2 1 0.456768
1 9 65 73 0 0 0
1 9 65 74 0 1 0.999067
1 9 66 73 1 0 0.959274
1 9 66 74 1 1 0
1 10 49 61 0 0 0.954038
1 10 49 62 0 1 0
1 10 49 63 0 2 0
1 10 50 61 1 0 0
1 10 50 62 1 1 0.954558
1 10 50 63 1 2 0
1 10 51 61 2 0 0
1 10 51 62 2 1 0
1 10 51 63 2 2 0.866944
1 11 38 52 0 0 0.98335
1 11 38 53 0 1 0
1 11 38 54 0 2 0
1 11 39 52 1 0 0
1 11 39 53 1 1 0.912715
1 11 39 54 1 2 0
1 11 40 52 2 0 0
1 11 40 53 2 1 0
1 11 40 54 2 2 0.906943
1 12 52 67 0 0 0.550455
1 12 53 67 1 0 0.449545
1 12 54 67 2 0 0
1 14 52 64 0 0 0
1 14 53 64 1 0 0
1 14 54 64 2 0 0.781932
1 15 38 47 0 0 0
1 15 38 48 0 1 0
1 15 39 47 1 0 0.902023
1 15 39 48 1 1 0
1 15 40 47 2 0 0
1 15 40 48 2 1 0.898904
1 16 71 75 0 0 0
1 16 72 75 1 0 0.981466
1 17 68 76 0 0 0.943865
1 17 68 77 0 1 0
1 17 69 76 1 0 0
1 17 69 77 1 1 0.950414
1 17 70 76 2 0 0
1 17 70 77 2 1 0
2 0 81 78 0 0 0.987411
2 0 81 79 0 1 0
2 0 81 80 0 2 0
2 0 82 78 1 0 0
2 0 82 79 1 1 0.95272
2 0 82 80 1 2 0
2 0 83 78 2 0 0
2 0 83 79 2 1 0
2 0 83 80 2 2 0.955231
2 1 84 98 0 0 0.990219
2 1 84 99 0 1 0
2 1 85 98 1 0 0
2 1 85 99 1 1 0.802536
2 1 86 98 2 0 0
2 1 86 99 2 1 0
2 2 98 112 0 0 0.998311
2 2 98 113 0 1 0
2 2 99 112 1 0 0
2 2 99 113 1 1 0.705759
2 3 78 84 0 0 0.934553
2 3 78 85 0 1 0
2 3 78 86 0 2 0
2 3 79 84 1 0 0
2 3 79 85 1 1 0.921839
2 3 79 86 1 2 0
2 3 80 84 2 0 0
2 3 80 85 2 1 0
2 3 80 86 2 2 0.747304
2 4 78 87 0 0 0.924759
2 4 78 88 0 1 0
2 4 78 89 0 2 0
2 4 79 87 1 0 0
2 4 79 88 1 1 0.927561
2 4 79 89 1 2 0
2 4 80 87 2 0 0
2 4 80 88 2 1 0
2 4 80 89 2 2 0.78452
2 5 87 100 0 0 0.998144
2 5 87 101 0 1 0
2 5 88 100 1 0 0
2 5 88 101 1 1 0.956585
2 5 89 100 2 0 0
2 5 89 101 2 1 0
2 6 100 114 0 0 0.992077
2 6 100 115 0 1 0
2 6 101 114 1 0 0
2 6 101 115 1 1 0.96519
2 7 81 92 0 0 0.960968
2 7 81 93 0 1 0
2 7 81 94 0 2 0
2 7 82 92 1 0 0
2 7 82 93 1 1 0.992427
2 7 82 94 1 2 0
2 7 83 92 2 0 0
2 7 83 93 2 1 0
2 7 83 94 2 2 0.963017
2 8 92 106 0 0 0.964444
2 8 92 107 0 1 0
2 8 92 108 0 2 0
2 8 93 106 1 0 0
2 8 93 107 1 1 0.95449
2 8 93 108 1 2 0
2 8 94 106 2 0 0
2 8 94 107 2 1 0
2 8 94 108 2 2 0.966226
2 9 106 116 0 0 0.983546
2 9 106 117 0 1 0
2 9 106 118 0 2 0
2 9 107 116 1 0 0
2 9 107 117 1 1 0.999426
2 9 107 118 1 2 0
2 9 108 116 2 0 0
2 9 108 117 2 1 0
2 9 108 118 2 2 0.824867
2 10 92 102 0 0 0.988458
2 10 92 103 0 1 0
2 10 93 102 1 0 0
2 10 93 103 1 1 0
2 10 94 102 2 0 0
2 10 94 103 2 1 0.884214
2 11 81 95 0 0 0.96614
2 11 81 96 0 1 0
2 11 81 97 0 2 0
2 11 82 95 1 0 0
2 11 82 96 1 1 0.990501
2 11 82 97 1 2 0
2 11 83 95 2 0 0
2 11 83 96 2 1 0
2 11 83 97 2 2 0.98632
2 12 95 109 0 0 0.984929
2 12 95 110 0 1 0
2 12 95 111 0 2 0
2 12 96 109 1 0 0
2 12 96 110 1 1 0.985105
2 12 96 111 1 2 0
2 12 97 109 2 0 0
2 12 97 110 2 1 0
2 12 97 111 2 2 0.92829
2 13 109 119 0 0 0.983182
2 13 109 120 0 1 0
2 13 109 121 0 2 0
2 13 110 119 1 0 0
2 13 110 120 1 1 0.985043
2 13 110 121 1 2 0
2 13 111 119 2 0 0
2 13 111 120 2 1 0
2 13 111 121 2 2 0.978369
2 14 95 104 0 0 0
2 14 95 105 0 1 0
2 14 96 104 1 0 0.994094
2 14 96 105 1 1 0
2 14 97 104 2 0 0
2 14 97 105 2 1 0.924963
2 15 81 90 0 0 0.962872
2 15 81 91 0 1 0
2 15 82 90 1 0 0
2 15 82 91 1 1 0.989911
2 15 83 90 2 0 0
2 15 83 91 2 1 0
2 16 114 122 0 0 0.994105
2 16 115 122 1 0 0
2 17 112 123 0 0 0.986295
2 17 113 123 1 0 0
3 0 127 124 0 0 0
3 0 127 125 0 1 0
3 0 127 126 0 2 0.879375
3 0 128 124 1 0 0
3 0 128 125 1 1 0.900544
3 0 128 126 1 2 0
3 0 129 124 2 0 0.999742
3 0 129 125 2 1 0
3 0 129 126 2 2 0
3 1 130 143 0 0 0.994934
3 1 130 144 0 1 0
3 1 130 145 0 2 0
3 1 131 143 1 0 0
3 1 131 144 1 1 0.953538
3 1 131 145 1 2 0
3 1 132 143 2 0 0
3 1 132 144 2 1 0
3 1 132 145 2 2 0.861388
3 2 143 158 0 0 0.989571
3 2 143 159 0 1 0
3 2 144 158 1 0 0
3 2 144 159 1 1 0.983579
3 2 145 158 2 0 0
3 2 145 159 2 1 0
3 3 124 130 0 0 0.937525
3 3 124 131 0 1 0
3 3 124 132 0 2 0
3 3 125 130 1 0 0
3 3 125 131 1 1 0.705863
3 3 125 132 1 2 0
3 3 126 130 2 0 0
3 3 126 131 2 1 0
3 3 126 132 2 2 0.850968
3 4 124 133 0 0 0.935227
3 4 124 134 0 1 0
3 4 124 135 0 2 0
3 4 125 133 1 0 0
3 4 125 134 1 1 0.668568
3 4 125 135 1 2 0
3 4 126 133 2 0 0
3 4 126 134 2 1 0
3 4 126 135 2 2 0.863401
3 5 133 146 0 0 0.999914
3 5 133 147 0 1 0
3 5 133 148 0 2 0
3 5 134 146 1 0 0
3 5 134 147 1 1 0.819457
3 5 134 148 1 2 0
3 5 135 146 2 0 0
3 5 135 147 2 1 0
3 5 135 148 2 2 0.957768
3 6 146 160 0 0 0.987414
3 6 146 161 0 1 0
3 6 146 162 0 2 0
3 6 147 160 1 0 0
3 6 147 161 1 1 0.813889
3 6 147 162 1 2 0
3 6 148 160 2 0 0
3 6 148 161 2 1 0
3 6 148 162 2 2 0.971246
3 7 127 138 0 0 0
3 7 127 139 0 1 0
3 7 128 138 1 0 0.844602
3 7 128 139 1 1 0
3 7 129 138 2 0 0
3 7 129 139 2 1 0.996298
3 8 138 154 0 0 0
3 8 138 155 0 1 0.984807
3 8 139 154 1 0 0.995839
3 8 139 155 1 1 0
3 9 154 163 0 0 0.984698
3 9 154 164 0 1 0
3 9 155 163 1 0 0
3 9 155 164 1 1 0.991175
3 10 138 149 0 0 0
3 10 138 150 0 1 0
3 10 138 151 0 2 0.975673
3 10 139 149 1 0 0
3 10 139 150 1 1 0
3 10 139 151 1 2 0
3 11 127 140 0 0 0.956774
3 11 127 141 0 1 0
3 11 127 142 0 2 0
3 11 128 140 1 0 0
3 11 128 141 1 1 0.828204
3 11 128 142 1 2 0
3 11 129 140 2 0 0
3 11 129 141 2 1 0
3 11 129 142 2 2 0.999926
3 12 140 156 0 0 0
3 12 140 157 0 1 0.967
3 12 141 156 1 0 0
3 12 141 157 1 1 0
3 12 142 156 2 0 0.992556
3 12 142 157 2 1 0
3 13 156 165 0 0 0.998921
3 13 156 166 0 1 0
3 13 157 165 1 0 0
3 13 157 166 1 1 0.950739
3 14 140 152 0 0 0.980556
3 14 140 153 0 1 0
3 14 141 152 1 0 0
3 14 141 153 1 1 0
3 14 142 152 2 0 0
3 14 142 153 2 1 0.989632
3 15 127 136 0 0 0
3 15 127 137 0 1 0
3 15 128 136 1 0 0.931254
3 15 128 137 1 1 0
3 15 129 136 2 0 0
3 15 129 137 2 1 0.993049
3 16 160 167 0 0 0
3 16 160 168 0 1 0.935556
3 16 160 169 0 2 0
3 16 161 167 1 0 0.643686
3 16 161 168 1 1 0
3 16 161 169 1 2 0
3 16 162 167 2 0 0
3 16 162 168 2 1 0
3 16 162 169 2 2 0.900103
3 17 158 170 0 0 0.994205
3 17 158 171 0 1 0
3 17 159 170 1 0 0
3 17 159 171 1 1 0.982408
4 0 175 172 0 0 0
4 0 175 173 0 1 0.933502
4 0 175 174 0 2 0
4 0 176 172 1 0 0
4 0 176 173 1 1 0
4 0 176 174 1 2 0.996594
4 0 177 172 2 0 0.907539
4 0 177 173 2 1 0
4 0 177 174 2 2 0
4 1 178 191 0 0 0
4 1 178 192 0 1 0.488108
4 1 179 191 1 0 0.934914
4 1 179 192 1 1 0
4 1 180 191 2 0 0
4 1 180 192 2 1 0.511892
4 2 191 205 0 0 0
4 2 191 206 0 1 0.922386
4 2 191 207 0 2 0
4 2 192 205 1 0 0
4 2 192 206 1 1 0
4 2 192 207 1 2 0.989236
4 3 172 178 0 0 0.883071
4 3 172 179 0 1 0
4 3 172 180 0 2 0
4 3 173 178 1 0 0
4 3 173 179 1 1 0.899982
4 3 173 180 1 2 0
4 3 174 178 2 0 0
4 3 174 179 2 1 0
4 3 174 180 2 2 0.870164
4 4 172 181 0 0 0.885567
4 4 172 182 0 1 0
4 4 172 183 0 2 0
4 4 173 181 1 0 0
4 4 173 182 1 1 0.667623
4 4 173 183 1 2 0
4 4 174 181 2 0 0
4 4 174 182 2 1 0
4 4 174 183 2 2 0.881395
4 5 181 193 0 0 0.940089
4 5 181 194 0 1 0
4 5 181 195 0 2 0
4 5 182 193 1 0 0
4 5 182 194 1 1 0.94371
4 5 182 195 1 2 0
4 5 183 193 2 0 0
4 5 183 194 2 1 0
4 5 183 195 2 2 0.955612
4 6 193 208 0 0 0.898507
4 6 193 209 0 1 0
4 6 193 210 0 2 0
4 6 194 208 1 0 0
4 6 194 209 1 1 0.95571
4 6 194 210 1 2 0
4 6 195 208 2 0 0
4 6 195 209 2 1 0
4 6 195 210 2 2 0.963775
4 7 175 186 0 0 0.727843
4 7 175 187 0 1 0
4 7 176 186 1 0 0
4 7 176 187 1 1 0.91691
4 7 177 186 2 0 0
4 7 177 187 2 1 0
4 8 186 200 0 0 0.90308
4 8 186 201 0 1 0
4 8 187 200 1 0 0
4 8 187 201 1 1 0.980741
4 9 200 211 0 0 0.923483
4 9 200 212 0 1 0
4 9 201 211 1 0 0
4 9 201 212 1 1 0.99097
4 10 186 196 0 0 0
4 10 187 196 1 0 0.966936
4 11 175 188 0 0 0.732378
4 11 175 189 0 1 0
4 11 175 190 0 2 0
4 11 176 188 1 0 0
4 11 176 189 1 1 0.992438
4 11 176 190 1 2 0
4 11 177 188 2 0 0
4 11 177 189 2 1 0
4 11 177 190 2 2 0.936566
4 12 188 202 0 0 0
4 12 188 203 0 1 0.790696
4 12 188 204 0 2 0
4 12 189 202 1 0 0
4 12 189 203 1 1 0
4 12 189 204 1 2 0.972456
4 12 190 202 2 0 0.996371
4 12 190 203 2 1 0
4 12 190 204 2 2 0
4 13 202 213 0 0 0.997601
4 13 202 214 0 1 0
4 13 203 213 1 0 0
4 13 203 214 1 1 0
4 13 204 213 2 0 0
4 13 204 214 2 1 0.980184
4 14 188 197 0 0 0.967908
4 14 188 198 0 1 0
4 14 188 199 0 2 0
4 14 189 197 1 0 0
4 14 189 198 1 1 0.975495
4 14 189 199 1 2 0
4 14 190 197 2 0 0
4 14 190 198 2 1 0
4 14 190 199 2 2 0.906276
4 15 175 184 0 0 0.990863
4 15 175 185 0 1 0
4 15 176 184 1 0 0
4 15 176 185 1 1 0
4 15 177 184 2 0 0
4 15 177 185 2 1 0.914054
4 16 208 215 0 0 0.837006
4 16 208 216 0 1 0
4 16 208 217 0 2 0
4 16 209 215 1 0 0
4 16 209 216 1 1 0.908456
4 16 209 217 1 2 0
4 16 210 215 2 0 0
4 16 210 216 2 1 0
4 16 210 217 2 2 0.953162
4 17 205 218 0 0 0.729141
4 17 205 219 0 1 0
4 17 205 220 0 2 0
4 17 206 218 1 0 0
4 17 206 219 1 1 0.89103
4 17 206 220 1 2 0
4 17 207 218 2 0 0
4 17 207 219 2 1 0
4 17 207 220 2 2 0.930677
E jointIdx viewA viewB aOverAllIdx bOverallIdx score
0 0 1 0 35 -1
0 0 1 0 36 0.684309
0 0 1 0 37 -1
0 0 1 1 35 -1
0 0 1 1 36 0.315691
0 0 1 1 37 0.160909
0 0 2 0 78 0.981432
0 0 2 0 79 -1
0 0 2 0 80 -1
0 0 2 1 78 -1
0 0 2 1 79 0.798788
0 0 2 1 80 -1
0 0 3 0 124 -1
0 0 3 0 125 0.995725
0 0 3 0 126 -1
0 0 3 1 124 0.947608
0 0 3 1 125 -1
0 0 3 1 126 -1
0 0 4 0 172 -1
0 0 4 0 173 -1
0 0 4 0 174 0.563928
0 0 4 1 172 -1
0 0 4 1 173 -1
0 0 4 1 174 0.436072
0 1 2 35 78 -1
0 1 2 35 79 -1
0 1 2 35 80 0.257372
0 1 2 36 78 0.743207
0 1 2 36 79 0.771687
0 1 2 36 80 -1
0 1 2 37 78 -1
0 1 2 37 79 -1
0 1 2 37 80 -1
0 1 3 35 124 -1
0 1 3 35 125 -1
0 1 3 35 126 0.553392
0 1 3 36 124 0.72645
0 1 3 36 125 0.933999
0 1 3 36 126 -1
0 1 3 37 124 -1
0 1 3 37 125 -1
0 1 3 37 126 0.679569
0 1 4 35 172 -1
0 1 4 35 173 0.719649
0 1 4 35 174 -1
0 1 4 36 172 -1
0 1 4 36 173 -1
0 1 4 36 174 0.450217
0 1 4 37 172 0.530166
0 1 4 37 173 -1
0 1 4 37 174 -1
0 2 3 78 124 -1
0 2 3 78 125 0.954418
0 2 3 78 126 -1
0 2 3 79 124 0.739723
0 2 3 79 125 -1
0 2 3 79 126 -1
0 2 3 80 124 -1
0 2 3 80 125 -1
0 2 3 80 126 0.936011
0 2 4 78 172 0.783411
0 2 4 78 173 -1
0 2 4 78 174 0.988718
0 2 4 79 172 0.152505
0 2 4 79 173 -1
0 2 4 79 174 -1
0 2 4 80 172 -1
0 2 4 80 173 0.892549
0 2 4 80 174 -1
0 3 4 124 172 0.0331134
0 3 4 124 173 0.410668
0 3 4 124 174 0.0327915
0 3 4 125 172 -1
0 3 4 125 173 0.210609
0 3 4 125 174 0.768963
0 3 4 126 172 -1
0 3 4 126 173 0.378723
0 3 4 126 174 0.198245
1 0 1 2 38 -1
1 0 1 2 39 -1
1 0 1 2 40 0.501749
1 0 1 3 38 -1
1 0 1 3 39 -1
1 0 1 3 40 0.498251
1 0 2 2 81 -1
1 0 2 2 82 0.889872
1 0 2 2 83 -1
1 0 2 3 81 0.88983
1 0 2 3 82 -1
1 0 2 3 83 -1
1 0 3 2 127 -1
1 0 3 2 128 0.450444
1 0 3 2 129 0.553511
1 0 3 3 127 -1
1 0 3 3 128 0.549556
1 0 3 3 129 0.446489
1 0 4 2 175 0.216211
1 0 4 2 176 0.176794
1 0 4 2 177 0.213437
1 0 4 3 175 0.188893
1 0 4 3 176 0.228538
1 0 4 3 177 0.191683
1 1 2 38 81 -1
1 1 2 38 82 -1
1 1 2 38 83 -1
1 1 2 39 81 -1
1 1 2 39 82 -1
1 1 2 39 83 0.770434
1 1 2 40 81 0.639783
1 1 2 40 82 0.468195
1 1 2 40 83 -1
1 1 3 38 127 0.78356
1 1 3 38 128 -1
1 1 3 38 129 -1
1 1 3 39 127 0.91008
1 1 3 39 128 -1
1 1 3 39 129 -1
1 1 3 40 127 -1
1 1 3 40 128 0.938151
1 1 3 40 129 0.922837
1 1 4 38 175 -1
1 1 4 38 176 -1
1 1 4 38 177 0.6368
1 1 4 39 175 0.712517
1 1 4 39 176 -1
1 1 4 39 177 -1
1 1 4 40 175 -1
1 1 4 40 176 0.647382
1 1 4 40 177 -1
1 2 3 81 127 -1
1 2 3 81 128 0.927847
1 2 3 81 129 -1
1 2 3 82 127 -1
1 2 3 82 128 -1
1 2 3 82 129 0.940925
1 2 3 83 127 0.878751
1 2 3 83 128 -1
1 2 3 83 129 -1
1 2 4 81 175 -1
1 2 4 81 176 0.839571
1 2 4 81 177 0.233925
1 2 4 82 175 -1
1 2 4 82 176 0.905936
1 2 4 82 177 -1
1 2 4 83 175 0.858553
1 2 4 83 176 -1
1 2 4 83 177 -1
1 3 4 127 175 0.12504
1 3 4 127 176 0.141731
1 3 4 127 177 0.120407
1 3 4 128 175 0.126882
1 3 4 128 176 0.130247
1 3 4 128 177 0.129317
1 3 4 129 175 0.135704
1 3 4 129 176 0.111054
1 3 4 129 177 0.138197
2 0 1 4 41 0.699562
2 0 1 4 42 -1
2 0 1 4 43 -1
2 0 1 5 41 0.300438
2 0 1 5 42 -1
2 0 1 5 43 -1
2 0 2 4 84 0.829005
2 0 2 4 85 -1
2 0 2 4 86 -1
2 0 2 5 84 -1
2 0 2 5 85 0.891832
2 0 2 5 86 -1
2 0 3 4 130 -1
2 0 3 4 131 0.820437
2 0 3 4 132 -1
2 0 3 5 130 0.926286
2 0 3 5 131 -1
2 0 3 5 132 -1
2 0 4 4 178 -1
2 0 4 4 179 -1
2 0 4 4 180 0.454262
2 0 4 5 178 -1
2 0 4 5 179 -1
2 0 4 5 180 0.545738
2 1 2 41 84 0.981601
2 1 2 41 85 0.480904
2 1 2 41 86 -1
2 1 2 42 84 -1
2 1 2 42 85 -1
2 1 2 42 86 0.848651
2 1 2 43 84 -1
2 1 2 43 85 -1
2 1 2 43 86 -1
2 1 3 41 130 0.954414
2 1 3 41 131 0.907541
2 1 3 41 132 -1
2 1 3 42 130 -1
2 1 3 42 131 -1
2 1 3 42 132 0.548366
2 1 3 43 130 -1
2 1 3 43 131 -1
2 1 3 43 132 0.222861
2 1 4 41 178 -1
2 1 4 41 179 -1
2 1 4 41 180 0.472244
2 1 4 42 178 -1
2 1 4 42 179 0.976091
2 1 4 42 180 -1
2 1 4 43 178 0.316248
2 1 4 43 179 -1
2 1 4 43 180 -1
2 2 3 84 130 -1
2 2 3 84 131 0.92399
2 2 3 84 132 -1
2 2 3 85 130 0.996347
2 2 3 85 131 -1
2 2 3 85 132 -1
2 2 3 86 130 -1
2 2 3 86 131 -1
2 2 3 86 132 0.702254
2 2 4 84 178 0.120575
2 2 4 84 179 -1
2 2 4 84 180 0.841642
2 2 4 85 178 0.719576
2 2 4 85 179 -1
2 2 4 85 180 -1
2 2 4 86 178 -1
2 2 4 86 179 0.769417
2 2 4 86 180 -1
2 3 4 130 178 -1
2 3 4 130 179 0.53558
2 3 4 130 180 -1
2 3 4 131 178 -1
2 3 4 131 179 0.142953
2 3 4 131 180 0.903154
2 3 4 132 178 -1
2 3 4 132 179 0.321466
2 3 4 132 180 0.0231888
3 0 1 6 44 0.645557
3 0 1 6 45 -1
3 0 1 6 46 -1
3 0 1 7 44 0.354443
3 0 1 7 45 -1
3 0 1 7 46 0.623966
3 0 2 6 87 0.632997
3 0 2 6 88 -1
3 0 2 6 89 -1
3 0 2 7 87 -1
3 0 2 7 88 0.653261
3 0 2 7 89 -1
3 0 3 6 133 -1
3 0 3 6 134 0.761182
3 0 3 6 135 -1
3 0 3 7 133 0.974783
3 0 3 7 134 -1
3 0 3 7 135 -1
3 0 4 6 181 -1
3 0 4 6 182 -1
3 0 4 6 183 0.752161
3 0 4 7 181 -1
3 0 4 7 182 -1
3 0 4 7 183 0.0435132
3 1 2 44 87 0.356895
3 1 2 44 88 0.688421
3 1 2 44 89 -1
3 1 2 45 87 -1
3 1 2 45 88 -1
3 1 2 45 89 -1
3 1 2 46 87 -1
3 1 2 46 88 -1
3 1 2 46 89 -1
3 1 3 44 133 0.474661
3 1 3 44 134 0.715621
3 1 3 44 135 -1
3 1 3 45 133 -1
3 1 3 45 134 -1
3 1 3 45 135 0.567805
3 1 3 46 133 -1
3 1 3 46 134 -1
3 1 3 46 135 0.92398
3 1 4 44 181 -1
3 1 4 44 182 -1
3 1 4 44 183 0.319798
3 1 4 45 181 -1
3 1 4 45 182 0.710917
3 1 4 45 183 -1
3 1 4 46 181 0.600901
3 1 4 46 182 -1
3 1 4 46 183 -1
3 2 3 87 133 -1
3 2 3 87 134 0.858853
3 2 3 87 135 -1
3 2 3 88 133 0.635299
3 2 3 88 134 -1
3 2 3 88 135 -1
3 2 3 89 133 -1
3 2 3 89 134 -1
3 2 3 89 135 0.564501
3 2 4 87 181 0.497927
3 2 4 87 182 -1
3 2 4 87 183 0.828554
3 2 4 88 181 -1
3 2 4 88 182 -1
3 2 4 88 183 0.303435
3 2 4 89 181 -1
3 2 4 89 182 0.481353
3 2 4 89 183 -1
3 3 4 133 181 0.25518
3 3 4 133 182 0.313032
3 3 4 133 183 0.0579928
3 3 4 134 181 -1
3 3 4 134 182 0.254102
3 3 4 134 183 0.523107
3 3 4 135 181 -1
3 3 4 135 182 0.412243
3 3 4 135 183 0.415079
4 0 1 8 47 -1
4 0 1 8 48 0.960061
4 0 2 8 90 0.91802
4 0 2 8 91 -1
4 0 3 8 136 0.63785
4 0 3 8 137 0.36215
4 0 4 8 184 -1
4 0 4 8 185 0.237418
4 1 2 47 90 -1
4 1 2 47 91 -1
4 1 2 48 90 0.528531
4 1 2 48 91 0.471469
4 1 3 47 136 -1
4 1 3 47 137 -1
4 1 3 48 136 0.503196
4 1 3 48 137 0.496804
4 1 4 47 184 0.949788
4 1 4 47 185 -1
4 1 4 48 184 -1
4 1 4 48 185 -1
4 2 3 90 136 0.894067
4 2 3 90 137 -1
4 2 3 91 136 -1
4 2 3 91 137 0.889266
4 2 4 90 184 -1
4 2 4 90 185 -1
4 2 4 91 184 -1
4 2 4 91 185 0.163698
4 3 4 136 184 0.400619
4 3 4 136 185 0.271415
4 3 4 137 184 0.276595
4 3 4 137 185 0.398818
5 0 1 9 49 -1
5 0 1 9 50 -1
5 0 1 9 51 0.501376
5 0 1 10 49 -1
5 0 1 10 50 -1
5 0 1 10 51 0.498624
5 0 2 9 92 0.346248
5 0 2 9 93 0.68053
5 0 2 9 94 -1
5 0 2 10 92 0.653752
5 0 2 10 93 0.31947
5 0 2 10 94 -1
5 0 3 9 138 0.268553
5 0 3 9 139 0.326642
5 0 3 10 138 0.330723
5 0 3 10 139 0.267904
5 0 4 9 186 0.255377
5 0 4 9 187 0.305979
5 0 4 10 186 0.306308
5 0 4 10 187 0.256837
5 1 2 49 92 0.780382
5 1 2 49 93 -1
5 1 2 49 94 -1
5 1 2 50 92 -1
5 1 2 50 93 -1
5 1 2 50 94 0.975379
5 1 2 51 92 0.879871
5 1 2 51 93 -1
5 1 2 51 94 -1
5 1 3 49 138 -1
5 1 3 49 139 -1
5 1 3 50 138 -1
5 1 3 50 139 -1
5 1 3 51 138 0.518127
5 1 3 51 139 0.481873
5 1 4 49 186 -1
5 1 4 49 187 0.215182
5 1 4 50 186 0.89641
5 1 4 50 187 -1
5 1 4 51 186 -1
5 1 4 51 187 0.978787
5 2 3 92 138 0.90236
5 2 3 92 139 -1
5 2 3 93 138 -1
5 2 3 93 139 0.909033
5 2 3 94 138 -1
5 2 3 94 139 -1
5 2 4 92 186 -1
5 2 4 92 187 0.876018
5 2 4 93 186 -1
5 2 4 93 187 0.14405
5 2 4 94 186 0.645046
5 2 4 94 187 -1
5 3 4 138 186 0.287794
5 3 4 138 187 0.289128
5 3 4 139 186 0.289307
5 3 4 139 187 0.287739
6 0 1 11 52 -1
6 0 1 11 53 -1
6 0 1 11 54 0.553179
6 0 1 12 52 -1
6 0 1 12 53 -1
6 0 1 12 54 0.446821
6 0 2 11 95 -1
6 0 2 11 96 0.957339
6 0 2 11 97 -1
6 0 2 12 95 0.852813
6 0 2 12 96 -1
6 0 2 12 97 -1
6 0 3 11 140 -1
6 0 3 11 141 0.4844
6 0 3 11 142 0.556762
6 0 3 12 140 -1
6 0 3 12 141 0.5156
6 0 3 12 142 0.443238
6 0 4 11 188 0.296864
6 0 4 11 189 0.123538
6 0 4 11 190 0.285703
6 0 4 12 188 0.175153
6 0 4 12 189 0.374681
6 0 4 12 190 0.188001
6 1 2 52 95 -1
6 1 2 52 96 -1
6 1 2 52 97 -1
6 1 2 53 95 -1
6 1 2 53 96 -1
6 1 2 53 97 0.33715
6 1 2 54 95 0.398041
6 1 2 54 96 0.897939
6 1 2 54 97 -1
6 1 3 52 140 0.208031
6 1 3 52 141 -1
6 1 3 52 142 -1
6 1 3 53 140 0.696871
6 1 3 53 141 -1
6 1 3 53 142 -1
6 1 3 54 140 0.0506688
6 1 3 54 141 0.45429
6 1 3 54 142 0.493462
6 1 4 52 188 -1
6 1 4 52 189 -1
6 1 4 52 190 0.896497
6 1 4 53 188 0.607779
6 1 4 53 189 -1
6 1 4 53 190 0.235088
6 1 4 54 188 -1
6 1 4 54 189 0.728631
6 1 4 54 190 -1
6 2 3 95 140 -1
6 2 3 95 141 0.947264
6 2 3 95 142 -1
6 2 3 96 140 -1
6 2 3 96 141 -1
6 2 3 96 142 0.922726
6 2 3 97 140 0.984357
6 2 3 97 141 -1
6 2 3 97 142 -1
6 2 4 95 188 -1
6 2 4 95 189 0.878797
6 2 4 95 190 -1
6 2 4 96 188 -1
6 2 4 96 189 0.272551
6 2 4 96 190 -1
6 2 4 97 188 0.647365
6 2 4 97 189 -1
6 2 4 97 190 -1
6 3 4 140 188 0.149956
6 3 4 140 189 0.132261
6 3 4 140 190 0.139619
6 3 4 141 188 0.127053
6 3 4 141 189 0.185531
6 3 4 141 190 0.121161
6 3 4 142 188 0.149557
6 3 4 142 189 0.0954314
6 3 4 142 190 0.169847
7 0 1 13 55 0.788855
7 0 1 13 56 0.587101
7 0 1 13 57 -1
7 0 1 14 55 -1
7 0 1 14 56 -1
7 0 1 14 57 -1
7 0 2 13 98 0.995787
7 0 2 13 99 -1
7 0 2 14 98 -1
7 0 2 14 99 0.38154
7 0 3 13 143 -1
7 0 3 13 144 0.966807
7 0 3 13 145 -1
7 0 3 14 143 0.995942
7 0 3 14 144 -1
7 0 3 14 145 -1
7 0 4 13 191 -1
7 0 4 13 192 0.892803
7 0 4 14 191 -1
7 0 4 14 192 0.107197
7 1 2 55 98 0.464365
7 1 2 55 99 0.535635
7 1 2 56 98 -1
7 1 2 56 99 -1
7 1 2 57 98 -1
7 1 2 57 99 -1
7 1 3 55 143 0.380682
7 1 3 55 144 0.695456
7 1 3 55 145 -1
7 1 3 56 143 -1
7 1 3 56 144 -1
7 1 3 56 145 0.53799
7 1 3 57 143 -1
7 1 3 57 144 -1
7 1 3 57 145 -1
7 1 4 55 191 -1
7 1 4 55 192 0.710335
7 1 4 56 191 0.790025
7 1 4 56 192 -1
7 1 4 57 191 -1
7 1 4 57 192 -1
7 2 3 98 143 -1
7 2 3 98 144 0.962645
7 2 3 98 145 -1
7 2 3 99 143 0.455888
7 2 3 99 144 -1
7 2 3 99 145 -1
7 2 4 98 191 -1
7 2 4 98 192 0.835184
7 2 4 99 191 -1
7 2 4 99 192 -1
7 3 4 143 191 0.734809
7 3 4 143 192 -1
7 3 4 144 191 -1
7 3 4 144 192 0.878447
7 3 4 145 191 0.85934
7 3 4 145 192 -1
8 0 1 15 58 0.926927
8 0 1 15 59 0.585494
8 0 1 15 60 -1
8 0 1 16 58 0.0154734
8 0 1 16 59 -1
8 0 1 16 60 -1
8 0 2 15 100 0.844321
8 0 2 15 101 -1
8 0 2 16 100 -1
8 0 2 16 101 0.533829
8 0 3 15 146 -1
8 0 3 15 147 0.448982
8 0 3 15 148 -1
8 0 3 16 146 0.841247
8 0 3 16 147 -1
8 0 3 16 148 -1
8 0 4 15 193 -1
8 0 4 15 194 -1
8 0 4 15 195 0.877285
8 0 4 16 193 -1
8 0 4 16 194 -1
8 0 4 16 195 -1
8 1 2 58 100 0.562781
8 1 2 58 101 0.0817034
8 1 2 59 100 -1
8 1 2 59 101 -1
8 1 2 60 100 -1
8 1 2 60 101 -1
8 1 3 58 146 -1
8 1 3 58 147 0.24217
8 1 3 58 148 -1
8 1 3 59 146 -1
8 1 3 59 147 -1
8 1 3 59 148 0.847196
8 1 3 60 146 -1
8 1 3 60 147 -1
8 1 3 60 148 0.340773
8 1 4 58 193 -1
8 1 4 58 194 -1
8 1 4 58 195 0.525715
8 1 4 59 193 -1
8 1 4 59 194 0.73725
8 1 4 59 195 -1
8 1 4 60 193 0.738943
8 1 4 60 194 -1
8 1 4 60 195 -1
8 2 3 100 146 -1
8 2 3 100 147 0.61237
8 2 3 100 148 -1
8 2 3 101 146 0.378209
8 2 3 101 147 -1
8 2 3 101 148 -1
8 2 4 100 193 0.809946
8 2 4 100 194 -1
8 2 4 100 195 0.89561
8 2 4 101 193 0.0732623
8 2 4 101 194 -1
8 2 4 101 195 0.10439
8 3 4 146 193 -1
8 3 4 146 194 0.267854
8 3 4 146 195 -1
8 3 4 147 193 -1
8 3 4 147 194 0.117372
8 3 4 147 195 0.571771
8 3 4 148 193 -1
8 3 4 148 194 0.614774
8 3 4 148 195 -1
9 0 1 17 61 -1
9 0 1 17 62 -1
9 0 1 17 63 0.594159
9 0 2 17 102 0.463503
9 0 2 17 103 -1
9 0 3 17 149 -1
9 0 3 17 150 -1
9 0 3 17 151 0.0143932
9 0 4 17 196 0.98619
9 1 2 61 102 -1
9 1 2 61 103 -1
9 1 2 62 102 -1
9 1 2 62 103 0.862541
9 1 2 63 102 0.982135
9 1 2 63 103 -1
9 1 3 61 149 0.855807
9 1 3 61 150 0.979913
9 1 3 61 151 -1
9 1 3 62 149 0.955172
9 1 3 62 150 0.919995
9 1 3 62 151 -1
9 1 3 63 149 -1
9 1 3 63 150 -1
9 1 3 63 151 0.874917
9 1 4 61 196 -1
9 1 4 62 196 -1
9 1 4 63 196 0.971305
9 2 3 102 149 -1
9 2 3 102 150 -1
9 2 3 102 151 0.951841
9 2 3 103 149 0.77327
9 2 3 103 150 0.589976
9 2 3 103 151 -1
9 2 4 102 196 0.831845
9 2 4 103 196 -1
9 3 4 149 196 0.327719
9 3 4 150 196 0.329216
9 3 4 151 196 0.343065
10 0 1 18 64 0.519944
10 0 1 19 64 0.480056
10 0 2 18 104 0.976047
10 0 2 18 105 -1
10 0 2 19 104 -1
10 0 2 19 105 -1
10 0 3 18 152 -1
10 0 3 18 153 0.918887
10 0 3 19 152 -1
10 0 3 19 153 0.0811126
10 0 4 18 197 0.236612
10 0 4 18 198 0.340584
10 0 4 18 199 0.381999
10 0 4 19 197 -1
10 0 4 19 198 0.580532
10 0 4 19 199 -1
10 1 2 64 104 0.963718
10 1 2 64 105 -1
10 1 3 64 152 -1
10 1 3 64 153 0.91022
10 1 4 64 197 -1
10 1 4 64 198 0.957818
10 1 4 64 199 -1
10 2 3 104 152 -1
10 2 3 104 153 0.958916
10 2 3 105 152 0.996562
10 2 3 105 153 -1
10 2 4 104 197 -1
10 2 4 104 198 0.394489
10 2 4 104 199 -1
10 2 4 105 197 0.67041
10 2 4 105 198 -1
10 2 4 105 199 -1
10 3 4 152 197 0.307649
10 3 4 152 198 0.275708
10 3 4 152 199 0.131759
10 3 4 153 197 0.173043
10 3 4 153 198 0.204302
10 3 4 153 199 0.34518
11 0 1 20 65 -1
11 0 1 20 66 0.327746
11 0 1 21 65 -1
11 0 1 21 66 0.672254
11 0 2 20 106 0.773355
11 0 2 20 107 0.186919
11 0 2 20 108 -1
11 0 2 21 106 0.226645
11 0 2 21 107 0.813081
11 0 2 21 108 -1
11 0 3 20 154 0.267117
11 0 3 20 155 0.458519
11 0 3 21 154 0.45317
11 0 3 21 155 0.248853
11 0 4 20 200 -1
11 0 4 20 201 0.575677
11 0 4 21 200 -1
11 0 4 21 201 0.424323
11 1 2 65 106 -1
11 1 2 65 107 -1
11 1 2 65 108 0.880485
11 1 2 66 106 0.125414
11 1 2 66 107 -1
11 1 2 66 108 -1
11 1 3 65 154 0.192338
11 1 3 65 155 0.298704
11 1 3 66 154 0.229236
11 1 3 66 155 0.452371
11 1 4 65 200 0.965506
11 1 4 65 201 -1
11 1 4 66 200 -1
11 1 4 66 201 0.750794
11 2 3 106 154 -1
11 2 3 106 155 0.967218
11 2 3 107 154 0.958402
11 2 3 107 155 -1
11 2 3 108 154 -1
11 2 3 108 155 -1
11 2 4 106 200 -1
11 2 4 106 201 0.951372
11 2 4 107 200 -1
11 2 4 107 201 -1
11 2 4 108 200 0.948928
11 2 4 108 201 -1
11 3 4 154 200 0.621753
11 3 4 154 201 0.182113
11 3 4 155 200 0.218415
11 3 4 155 201 0.595586
12 0 1 22 67 -1
12 0 1 23 67 -1
12 0 2 22 109 0.728628
12 0 2 22 110 -1
12 0 2 22 111 -1
12 0 2 23 109 -1
12 0 2 23 110 0.973251
12 0 2 23 111 -1
12 0 3 22 156 -1
12 0 3 22 157 -1
12 0 3 23 156 0.978427
12 0 3 23 157 -1
12 0 4 22 202 0.00800806
12 0 4 22 203 -1
12 0 4 22 204 0.47778
12 0 4 23 202 -1
12 0 4 23 203 -1
12 0 4 23 204 0.52222
12 1 2 67 109 -1
12 1 2 67 110 -1
12 1 2 67 111 -1
12 1 3 67 156 0.905723
12 1 3 67 157 0.0877407
12 1 4 67 202 0.85656
12 1 4 67 203 0.774145
12 1 4 67 204 -1
12 2 3 109 156 -1
12 2 3 109 157 -1
12 2 3 110 156 0.959612
12 2 3 110 157 -1
12 2 3 111 156 -1
12 2 3 111 157 0.880696
12 2 4 109 202 -1
12 2 4 109 203 -1
12 2 4 109 204 0.732555
12 2 4 110 202 -1
12 2 4 110 203 -1
12 2 4 110 204 0.0437059
12 2 4 111 202 -1
12 2 4 111 203 -1
12 2 4 111 204 -1
12 3 4 156 202 0.236457
12 3 4 156 203 0.286963
12 3 4 156 204 0.343537
12 3 4 157 202 -1
12 3 4 157 203 0.350513
12 3 4 157 204 -1
13 0 1 24 68 0.814541
13 0 1 24 69 -1
13 0 1 24 70 -1
13 0 1 25 68 -1
13 0 1 25 69 -1
13 0 1 25 70 -1
13 0 2 24 112 0.789028
13 0 2 24 113 -1
13 0 2 25 112 -1
13 0 2 25 113 -1
13 0 3 24 158 -1
13 0 3 24 159 0.984691
13 0 3 25 158 0.836547
13 0 3 25 159 -1
13 0 4 24 205 -1
13 0 4 24 206 -1
13 0 4 24 207 0.927162
13 0 4 25 205 -1
13 0 4 25 206 -1
13 0 4 25 207 -1
13 1 2 68 112 0.476485
13 1 2 68 113 0.523515
13 1 2 69 112 -1
13 1 2 69 113 -1
13 1 2 70 112 -1
13 1 2 70 113 -1
13 1 3 68 158 0.145199
13 1 3 68 159 0.741012
13 1 3 69 158 -1
13 1 3 69 159 -1
13 1 3 70 158 -1
13 1 3 70 159 -1
13 1 4 68 205 -1
13 1 4 68 206 -1
13 1 4 68 207 0.837733
13 1 4 69 205 -1
13 1 4 69 206 0.896122
13 1 4 69 207 -1
13 1 4 70 205 0.366284
13 1 4 70 206 -1
13 1 4 70 207 -1
13 2 3 112 158 -1
13 2 3 112 159 0.8057
13 2 3 113 158 -1
13 2 3 113 159 -1
13 2 4 112 205 -1
13 2 4 112 206 -1
13 2 4 112 207 0.977569
13 2 4 113 205 0.304633
13 2 4 113 206 -1
13 2 4 113 207 -1
13 3 4 158 205 -1
13 3 4 158 206 0.463801
13 3 4 158 207 -1
13 3 4 159 205 -1
13 3 4 159 206 -1
13 3 4 159 207 0.874962
14 0 1 26 71 0.612816
14 0 1 26 72 0.387184
14 0 1 27 71 -1
14 0 1 27 72 -1
14 0 2 26 114 0.996298
14 0 2 26 115 -1
14 0 2 27 114 -1
14 0 2 27 115 0.559921
14 0 3 26 160 -1
14 0 3 26 161 0.541328
14 0 3 26 162 -1
14 0 3 27 160 0.993227
14 0 3 27 161 -1
14 0 3 27 162 -1
14 0 4 26 208 -1
14 0 4 26 209 -1
14 0 4 26 210 0.906408
14 0 4 27 208 -1
14 0 4 27 209 -1
14 0 4 27 210 -1
14 1 2 71 114 0.887148
14 1 2 71 115 -1
14 1 2 72 114 -1
14 1 2 72 115 -1
14 1 3 71 160 -1
14 1 3 71 161 0.669066
14 1 3 71 162 -1
14 1 3 72 160 -1
14 1 3 72 161 -1
14 1 3 72 162 0.756946
14 1 4 71 208 -1
14 1 4 71 209 -1
14 1 4 71 210 0.937728
14 1 4 72 208 -1
14 1 4 72 209 0.776418
14 1 4 72 210 -1
14 2 3 114 160 -1
14 2 3 114 161 0.547817
14 2 3 114 162 -1
14 2 3 115 160 0.598169
14 2 3 115 161 -1
14 2 3 115 162 -1
14 2 4 114 208 0.7655
14 2 4 114 209 -1
14 2 4 114 210 0.894298
14 2 4 115 208 0.2345
14 2 4 115 209 -1
14 2 4 115 210 -1
14 3 4 160 208 -1
14 3 4 160 209 -1
14 3 4 160 210 -1
14 3 4 161 208 -1
14 3 4 161 209 0.437443
14 3 4 161 210 0.879697
14 3 4 162 208 -1
14 3 4 162 209 0.984235
14 3 4 162 210 -1
15 0 1 28 73 -1
15 0 1 28 74 -1
15 0 1 29 73 -1
15 0 1 29 74 -1
15 0 2 28 116 0.878357
15 0 2 28 117 0.248095
15 0 2 28 118 -1
15 0 2 29 116 0.110395
15 0 2 29 117 0.751905
15 0 2 29 118 -1
15 0 3 28 163 0.187117
15 0 3 28 164 0.670673
15 0 3 29 163 0.656542
15 0 3 29 164 0.195183
15 0 4 28 211 -1
15 0 4 28 212 0.493594
15 0 4 29 211 -1
15 0 4 29 212 0.506406
15 1 2 73 116 -1
15 1 2 73 117 -1
15 1 2 73 118 -1
15 1 2 74 116 -1
15 1 2 74 117 -1
15 1 2 74 118 0.995449
15 1 3 73 163 -1
15 1 3 73 164 -1
15 1 3 74 163 -1
15 1 3 74 164 -1
15 1 4 73 211 0.281692
15 1 4 73 212 0.591206
15 1 4 74 211 0.571113
15 1 4 74 212 -1
15 2 3 116 163 -1
15 2 3 116 164 0.968976
15 2 3 117 163 0.798821
15 2 3 117 164 -1
15 2 3 118 163 -1
15 2 3 118 164 -1
15 2 4 116 211 0.182862
15 2 4 116 212 0.817138
15 2 4 117 211 -1
15 2 4 117 212 -1
15 2 4 118 211 0.908214
15 2 4 118 212 -1
15 3 4 163 211 0.621952
15 3 4 163 212 -1
15 3 4 164 211 -1
15 3 4 164 212 0.991527
16 0 2 30 119 0.940195
16 0 2 30 120 -1
16 0 2 30 121 -1
16 0 2 31 119 -1
16 0 2 31 120 0.724777
16 0 2 31 121 -1
16 0 3 30 165 -1
16 0 3 30 166 -1
16 0 3 31 165 0.823212
16 0 3 31 166 -1
16 0 4 30 213 -1
16 0 4 30 214 0.949052
16 0 4 31 213 -1
16 0 4 31 214 -1
16 2 3 119 165 -1
16 2 3 119 166 -1
16 2 3 120 165 0.905461
16 2 3 120 166 -1
16 2 3 121 165 -1
16 2 3 121 166 0.686662
16 2 4 119 213 0.0181642
16 2 4 119 214 0.981836
16 2 4 120 213 0.528092
16 2 4 120 214 -1
16 2 4 121 213 -1
16 2 4 121 214 -1
16 3 4 165 213 -1
16 3 4 165 214 0.592839
16 3 4 166 213 -1
16 3 4 166 214 -1
17 0 1 32 75 0.461519
17 0 2 32 122 0.94639
17 0 3 32 167 0.993781
17 0 3 32 168 -1
17 0 3 32 169 -1
17 0 4 32 215 -1
17 0 4 32 216 -1
17 0 4 32 217 0.942069
17 1 2 75 122 -1
17 1 3 75 167 -1
17 1 3 75 168 -1
17 1 3 75 169 0.904322
17 1 4 75 215 -1
17 1 4 75 216 0.954324
17 1 4 75 217 -1
17 2 3 122 167 0.96138
17 2 3 122 168 -1
17 2 3 122 169 -1
17 2 4 122 215 0.447963
17 2 4 122 216 -1
17 2 4 122 217 0.913914
17 3 4 167 215 -1
17 3 4 167 216 0.429836
17 3 4 167 217 0.939043
17 3 4 168 215 -1
17 3 4 168 216 0.071598
17 3 4 168 217 -1
17 3 4 169 215 -1
17 3 4 169 216 0.498566
17 3 4 169 217 0.481346
18 0 1 33 76 0.965782
18 0 1 33 77 -1
18 0 1 34 76 -1
18 0 1 34 77 0.745886
18 0 2 33 123 0.957376
18 0 2 34 123 -1
18 0 3 33 170 -1
18 0 3 33 171 0.759831
18 0 3 34 170 0.662582
18 0 3 34 171 -1
18 0 4 33 218 -1
18 0 4 33 219 -1
18 0 4 33 220 0.971614
18 0 4 34 218 -1
18 0 4 34 219 -1
18 0 4 34 220 -1
18 1 2 76 123 0.883161
18 1 2 77 123 -1
18 1 3 76 170 0.273321
18 1 3 76 171 0.726679
18 1 3 77 170 -1
18 1 3 77 171 -1
18 1 4 76 218 -1
18 1 4 76 219 -1
18 1 4 76 220 0.799716
18 1 4 77 218 -1
18 1 4 77 219 0.95209
18 1 4 77 220 -1
18 2 3 123 170 -1
18 2 3 123 171 0.821769
18 2 4 123 218 -1
18 2 4 123 219 -1
18 2 4 123 220 0.935644
18 3 4 170 218 -1
18 3 4 170 219 0.8872
18 3 4 170 220 -1
18 3 4 171 218 -1
18 3 4 171 219 -1
18 3 4 171 220 0.919534
end of Frame 197
