J OverallIdx viewIdx joint种类0-18(jointIdx) 该joint在图中的顺序(candidix) x y score
0 0 0 0 370.184 379.539 0.631569
1 0 0 1 286.027 413.253 0.469886
2 0 0 2 961.94 413.335 0.641527
3 0 0 3 726.38 529.278 0.392018
4 0 1 0 740.301 174.984 0.780592
5 0 1 1 266.453 204.542 0.471154
6 0 1 2 367.289 219.273 0.776497
7 0 1 3 973.167 227.688 0.890635
8 0 2 0 333.702 381.694 0.538105
9 0 2 1 294.478 411.167 0.479492
10 0 2 2 922.602 413.231 0.601499
11 0 2 3 799.307 529.286 0.383826
12 0 3 0 409.454 377.447 0.613586
13 0 3 1 280.424 413.275 0.37419
14 0 3 2 1006.83 415.432 0.60676
15 0 3 3 1029.2 415.373 0.598583
16 0 3 4 653.417 527.169 0.366619
17 0 4 0 386.991 156.068 0.82579
18 0 4 1 928.201 160.197 0.920411
19 0 5 0 858.055 175.023 0.732206
20 0 5 1 274.852 206.636 0.701586
21 0 5 2 322.531 217.195 0.62778
22 0 5 3 903.038 227.81 0.79777
23 0 6 0 622.564 170.794 0.67138
24 0 6 1 258.033 200.324 0.331669
25 0 6 2 409.479 219.279 0.773731
26 0 6 3 1029.21 225.537 0.459537
27 0 7 0 333.684 514.538 0.601989
28 0 7 1 908.489 550.421 0.797318
29 0 7 2 280.294 579.899 0.634974
30 0 7 3 774.129 765.272 0.341275
31 0 8 0 429.011 512.359 0.606027
32 0 8 1 998.319 567.269 0.827111
33 0 8 2 286.027 579.904 0.404055
34 0 8 3 614.055 742.256 0.388281
35 0 9 0 796.539 75.8088 0.896308
36 0 9 1 297.263 128.617 0.860401
37 0 9 2 344.956 149.718 0.497893
38 0 10 0 701.032 54.832 0.8199
39 0 10 1 978.806 143.461 0.931707
40 0 11 0 316.931 331.139 0.824482
41 0 11 1 886.196 375.338 0.729153
42 0 12 0 420.639 307.849 0.357365
43 0 12 1 546.921 354.28 0.755904
44 0 13 0 344.912 632.551 0.723401
45 0 13 1 908.535 664.189 0.7984
46 0 13 2 229.966 746.503 0.640991
47 0 14 0 434.599 632.66 0.597262
48 0 14 1 995.493 691.633 0.780389
49 0 14 2 263.617 723.251 0.713632
50 0 15 0 412.158 394.329 0.83756
51 0 15 1 866.565 499.803 0.758907
52 0 16 0 328.2 229.873 0.265423
53 0 16 1 445.877 366.962 0.336522
54 0 16 2 1029.21 411.206 0.546125
55 0 16 3 549.485 459.684 0.818743
56 0 17 0 423.478 651.599 0.305083
57 0 17 1 330.944 738.098 0.800244
58 0 17 2 992.65 735.925 0.739506
59 0 18 0 353.394 668.475 0.538876
60 0 18 1 846.968 676.913 0.736274
61 0 18 2 291.628 752.888 0.2246
62 1 0 0 799.336 377.451 0.805821
63 1 0 1 460.063 375.326 0.750785
64 1 0 2 569.205 394.271 0.734857
65 1 0 3 1029.21 428.041 0.218731
66 1 1 0 456.97 234.104 0.76932
67 1 1 1 1029.21 234.084 0.455785
68 1 1 2 560.903 240.322 0.819656
69 1 1 3 807.643 259.43 0.912113
70 1 2 0 440.257 377.422 0.751462
71 1 2 1 774.083 377.403 0.800762
72 1 2 2 597.262 394.321 0.742522
73 1 3 0 485.144 371.136 0.700508
74 1 3 1 827.325 377.498 0.79262
75 1 3 2 530.04 392.169 0.663377
76 1 3 3 1029.2 425.926 0.499729
77 1 4 0 493.603 191.845 0.850059
78 1 4 1 617.063 191.785 0.392722
79 1 4 2 973.042 194.1 0.904288
80 1 4 3 802.061 223.48 0.872868
81 1 5 0 429.082 234.097 0.802122
82 1 5 1 608.501 240.39 0.818614
83 1 5 2 771.242 261.407 0.924027
84 1 6 0 521.53 238.265 0.775728
85 1 6 1 1001.28 236.193 0.783161
86 1 6 2 841.457 259.402 0.937946
87 1 7 0 765.633 461.788 0.813128
88 1 7 1 437.491 485.012 0.843672
89 1 7 2 597.316 522.932 0.780273
90 1 8 0 821.754 466.005 0.859616
91 1 8 1 504.912 480.778 0.810772
92 1 8 2 544.014 516.679 0.65789
93 1 8 3 970.328 541.937 0.761984
94 1 9 0 597.457 177.058 0.922998
95 1 9 1 454.311 181.378 0.86954
96 1 9 2 785.166 215.052 0.740698
97 1 10 0 1029.2 179.197 0.813279
98 1 10 1 1006.81 179.182 0.844119
99 1 10 2 824.503 213.031 0.871558
100 1 11 0 437.365 307.829 0.833387
101 1 11 1 751.689 314.184 0.855205
102 1 11 2 633.83 316.34 0.8151
103 1 12 0 858.121 312.12 0.87637
104 1 12 1 490.748 326.803 0.884377
105 1 12 2 975.941 324.745 0.902492
106 1 13 0 751.567 533.551 0.800258
107 1 13 1 434.531 596.748 0.834251
108 1 13 2 597.269 655.794 0.760298
109 1 14 0 818.826 548.236 0.923429
110 1 14 1 490.816 581.907 0.820337
111 1 14 2 546.796 649.487 0.843692
112 1 14 3 933.89 664.147 0.791086
113 1 15 0 482.492 255.122 0.869765
114 1 15 1 644.97 366.962 0.851252
115 1 15 2 751.575 364.839 0.84743
116 1 16 0 527.223 366.966 0.822774
117 1 16 1 860.933 364.781 0.874377
118 1 16 2 922.633 388.032 0.797928
119 1 17 0 852.536 567.254 0.790257
120 1 17 1 515.985 592.549 0.430664
121 1 17 2 566.43 647.362 0.275147
122 1 17 3 869.378 651.589 0.725715
123 1 18 0 751.502 552.517 0.657543
124 1 18 1 468.381 613.551 0.79754
125 1 18 2 616.873 653.715 0.483304
126 2 0 0 504.912 141.265 0.784814
127 2 0 1 434.536 189.781 0.172204
128 2 0 2 813.293 191.924 0.441056
129 2 0 3 903.01 280.439 0.645783
130 2 0 4 373.06 360.537 0.657883
131 2 0 5 642.149 396.423 0.763769
132 2 1 0 507.632 21.0416 0.895005
133 2 1 1 821.747 147.649 0.369892
134 2 1 2 928.267 143.491 0.802685
135 2 1 3 364.566 191.858 0.823963
136 2 1 4 661.774 244.494 0.916502
137 2 2 0 485.099 141.23 0.764439
138 2 2 1 437.332 191.809 0.216245
139 2 2 2 816.087 191.923 0.387111
140 2 2 3 903.033 278.33 0.588136
141 2 2 4 392.631 364.801 0.681368
142 2 2 5 681.364 394.354 0.727953
143 2 3 0 527.288 141.289 0.782658
144 2 3 1 431.791 189.743 0.162843
145 2 3 2 810.457 193.908 0.43841
146 2 3 3 900.193 282.581 0.701898
147 2 3 4 353.41 350.054 0.573966
148 2 3 5 611.321 396.493 0.713145
149 2 4 0 883.433 94.9677 0.913231
150 2 4 1 437.4 130.785 0.422293
151 2 5 0 479.481 25.2429 0.894476
152 2 5 1 916.998 141.3 0.694653
153 2 5 2 830.12 147.623 0.279143
154 2 5 3 392.565 206.626 0.755017
155 2 5 4 709.514 236.148 0.827756
156 2 6 0 549.486 13.7125 0.881739
157 2 6 1 816.122 145.522 0.341994
158 2 6 2 933.834 151.842 0.843643
159 2 6 3 328.174 177.124 0.825591
160 2 6 4 614.2 246.712 0.862901
161 2 7 0 479.399 221.411 0.752887
162 2 7 1 793.632 221.38 0.370258
163 2 7 2 891.736 360.589 0.718936
164 2 7 3 392.478 478.651 0.797965
165 2 7 4 664.592 501.843 0.843911
166 2 8 0 510.443 225.551 0.8211
167 2 8 1 790.846 219.28 0.416221
168 2 8 2 863.643 369 0.779162
169 2 8 3 392.689 430.174 0.255645
170 2 8 4 597.341 506.111 0.830519
171 2 9 0 409.387 132.873 0.79477
172 2 9 1 689.94 162.404 0.749007
173 2 10 0 930.959 90.7105 0.960807
174 2 10 1 628.168 160.197 0.765084
175 2 11 0 459.935 90.6415 0.917523
176 2 11 1 908.663 210.836 0.260589
177 2 11 2 706.758 299.436 0.458729
178 2 11 3 420.7 307.824 0.788924
179 2 12 0 549.628 75.854 0.826414
180 2 12 1 799.178 170.781 0.224542
181 2 12 2 922.601 240.399 0.843929
182 2 12 3 583.352 360.604 0.798925
183 2 13 0 796.404 259.403 0.365975
184 2 13 1 451.486 293.148 0.645393
185 2 13 2 886.131 430.068 0.78256
186 2 13 3 372.996 577.765 0.843726
187 2 13 4 667.484 605.209 0.763566
188 2 14 0 796.482 259.408 0.441032
189 2 14 1 504.727 295.137 0.90676
190 2 14 2 835.601 463.994 0.847961
191 2 14 3 395.489 499.719 0.450786
192 2 14 4 597.336 609.447 0.822837
193 2 15 0 465.612 143.402 0.905147
194 2 15 1 874.957 229.926 0.63047
195 2 15 2 476.688 240.399 0.619054
196 2 16 0 566.41 132.829 0.770067
197 2 16 1 863.61 278.456 0.941004
198 2 16 2 566.447 339.466 0.264347
199 2 17 0 796.353 276.217 0.204225
200 2 17 1 524.343 307.842 0.463914
201 2 17 2 790.806 468.104 0.694269
202 2 17 3 417.82 510.269 0.465024
203 2 17 4 597.374 598.888 0.461584
204 2 18 0 863.81 432.338 0.199371
205 2 18 1 417.935 569.391 0.756183
206 2 18 2 658.994 598.925 0.430826
207 3 0 0 145.767 331.101 0.759803
208 3 0 1 591.722 358.429 0.65156
209 3 0 2 400.986 385.913 0.576348
210 3 1 0 381.367 189.793 0.811927
211 3 1 1 588.901 189.764 0.613559
212 3 1 2 126.218 194.109 0.886465
213 3 2 0 126.242 333.183 0.736104
214 3 2 1 594.508 354.27 0.534377
215 3 2 2 443.105 381.705 0.600375
216 3 3 0 162.694 331.046 0.727546
217 3 3 1 588.829 360.519 0.690453
218 3 3 2 358.925 392.216 0.590373
219 3 4 0 171.027 153.923 0.882818
220 3 4 1 524.488 158.087 0.873764
221 3 5 0 594.597 183.471 0.501625
222 3 5 1 443.061 181.39 0.800919
223 3 5 2 106.608 198.218 0.821564
224 3 5 3 530.021 193.981 0.38552
225 3 6 0 577.753 191.892 0.842754
226 3 6 1 145.936 193.943 0.826852
227 3 6 2 319.649 193.954 0.854076
228 3 7 0 140.233 434.427 0.773511
229 3 7 1 608.578 466.049 0.733287
230 3 7 2 434.702 531.484 0.798719
231 3 8 0 159.846 434.388 0.739096
232 3 8 1 591.594 478.652 0.770703
233 3 8 2 364.515 518.786 0.761607
234 3 9 0 417.882 107.496 0.796235
235 3 9 1 126.303 145.499 0.901449
236 3 10 0 347.716 107.443 0.812249
237 3 10 1 549.766 128.724 0.936095
238 3 11 0 101.097 276.244 0.927562
239 3 11 1 482.18 280.458 0.819666
240 3 11 2 572.004 293.146 0.464021
241 3 12 0 162.6 267.773 0.691005
242 3 12 1 594.659 295.152 0.936006
243 3 12 2 303.009 309.994 0.814622
244 3 13 0 123.279 518.73 0.681269
245 3 13 1 642.252 581.981 0.814495
246 3 13 2 429.05 685.372 0.672869
247 3 14 0 151.49 516.595 0.687386
248 3 14 1 602.964 596.744 0.791603
249 3 14 2 356.128 660 0.741096
250 3 15 0 504.866 326.892 0.763869
251 3 15 1 143.033 331.137 0.948057
252 3 16 0 187.804 316.276 0.865292
253 3 16 1 549.726 345.724 0.901997
254 3 16 2 322.385 409.035 0.781259
255 3 17 0 187.89 531.35 0.246896
256 3 17 1 552.416 598.956 0.858763
257 3 17 2 361.739 662.12 0.461075
258 3 18 0 451.49 668.533 0.640917
259 4 0 0 305.7 284.658 0.763136
260 4 0 1 661.777 290.957 0.789442
261 4 0 2 802.022 318.405 0.57763
262 4 0 3 86.9187 392.207 0.53155
263 4 1 0 821.696 118.058 0.604107
264 4 1 1 64.4563 141.326 0.805531
265 4 1 2 670.252 139.148 0.829783
266 4 1 3 297.197 147.613 0.859996
267 4 2 0 280.345 288.861 0.760401
268 4 2 1 636.588 286.775 0.761483
269 4 2 2 821.654 316.302 0.512139
270 4 2 3 129.066 392.218 0.521537
271 4 3 0 336.568 280.481 0.731829
272 4 3 1 686.995 291.032 0.758547
273 4 3 2 779.653 322.608 0.577352
274 4 3 3 42.0827 390.132 0.523617
275 4 4 0 748.787 44.2325 0.725864
276 4 4 1 151.459 61.1746 0.357477
277 4 4 2 619.853 92.6769 0.905148
278 4 4 3 308.54 103.341 0.83876
279 4 5 0 838.453 109.714 0.514748
280 4 5 1 126.145 139.207 0.768653
281 4 5 2 633.707 139.12 0.828945
282 4 5 3 252.389 149.761 0.81833
283 4 6 0 816.104 124.385 0.752427
284 4 6 1 709.57 139.127 0.81768
285 4 6 2 342.055 145.545 0.856591
286 4 7 0 283.34 383.751 0.833693
287 4 7 1 639.313 398.555 0.811857
288 4 7 2 818.764 453.399 0.796463
289 4 7 3 176.626 579.901 0.72789
290 4 8 0 364.526 379.558 0.837525
291 4 8 1 689.861 400.647 0.788572
292 4 8 2 728.99 461.774 0.878818
293 4 8 3 86.9758 579.881 0.732237
294 4 9 0 123.32 46.452 0.850497
295 4 9 1 272.058 96.9891 0.829682
296 4 10 0 782.367 37.9563 0.835378
297 4 10 1 664.753 75.8066 0.906996
298 4 11 0 238.345 215.085 0.889041
299 4 11 1 614.168 217.167 0.90028
300 4 11 2 165.317 280.408 0.860157
301 4 12 0 743.179 212.924 0.866937
302 4 12 1 370.196 210.868 0.9103
303 4 12 2 810.47 242.472 0.695098
304 4 13 0 300.032 466.059 0.858962
305 4 13 1 644.984 493.42 0.832674
306 4 13 2 821.632 596.731 0.775436
307 4 13 3 190.78 750.622 0.742032
308 4 14 0 384.182 468.122 0.77696
309 4 14 1 684.413 501.923 0.832966
310 4 14 2 745.905 615.75 0.767519
311 4 14 3 101.122 723.264 0.699694
312 4 15 0 754.301 134.948 0.235877
313 4 15 1 249.549 267.811 0.842041
314 4 15 2 588.857 267.801 0.829036
315 4 15 3 215.876 371.148 0.835458
316 4 16 0 373.115 261.524 0.831427
317 4 16 1 703.959 276.137 0.894345
318 4 16 2 773.951 345.884 0.842081
319 4 17 0 401.025 491.31 0.647749
320 4 17 1 645.002 533.517 0.683136
321 4 17 2 675.868 630.482 0.783585
322 4 17 3 106.64 723.265 0.302234
323 4 18 0 297.207 493.442 0.829543
324 4 18 1 628.188 525.032 0.792308
325 4 18 2 774.066 594.63 0.505682
326 4 18 3 280.405 746.427 0.643845
P viewIdx, pafIdx, aOverAllIdx, bOverAllIdx, CandidAIdx, CandidBIdx, score
0 0 4 0 0 0 0
0 0 4 1 0 1 0
0 0 4 2 0 2 0
0 0 4 3 0 3 0.99159
0 0 5 0 1 0 0
0 0 5 1 1 1 0.893018
0 0 5 2 1 2 0
0 0 5 3 1 3 0
0 0 6 0 2 0 0.980753
0 0 6 1 2 1 0
0 0 6 2 2 2 0
0 0 6 3 2 3 0
0 0 7 0 3 0 0
0 0 7 1 3 1 0
0 0 7 2 3 2 0.963759
0 0 7 3 3 3 0
0 1 8 27 0 0 0.268773
0 1 8 28 0 1 0
0 1 8 29 0 2 0.265009
0 1 8 30 0 3 0
0 1 9 27 1 0 0.264946
0 1 9 28 1 1 0
0 1 9 29 1 2 0.268772
0 1 9 30 1 3 0
0 1 10 27 2 0 0
0 1 10 28 2 1 0.971955
0 1 10 29 2 2 0
0 1 10 30 2 3 0
0 1 11 27 3 0 0
0 1 11 28 3 1 0
0 1 11 29 3 2 0
0 1 11 30 3 3 0.923223
0 2 27 44 0 0 0.280911
0 2 27 45 0 1 0
0 2 27 46 0 2 0.259902
0 2 28 44 1 0 0
0 2 28 45 1 1 0.995887
0 2 28 46 1 2 0
0 2 29 44 2 0 0.258364
0 2 29 45 2 1 0
0 2 29 46 2 2 0.28062
0 2 30 44 3 0 0
0 2 30 45 3 1 0
0 2 30 46 3 2 0
0 3 0 8 0 0 0.908204
0 3 0 9 0 1 0
0 3 0 10 0 2 0
0 3 0 11 0 3 0
0 3 1 8 1 0 0
0 3 1 9 1 1 0.660312
0 3 1 10 1 2 0
0 3 1 11 1 3 0
0 3 2 8 2 0 0
0 3 2 9 2 1 0
0 3 2 10 2 2 0.917647
0 3 2 11 2 3 0
0 3 3 8 3 0 0
0 3 3 9 3 1 0
0 3 3 10 3 2 0
0 3 3 11 3 3 0.836748
0 4 0 12 0 0 0.919387
0 4 0 13 0 1 0
0 4 0 14 0 2 0
0 4 0 15 0 3 0
0 4 0 16 0 4 0
0 4 1 12 1 0 0
0 4 1 13 1 1 0.685906
0 4 1 14 1 2 0
0 4 1 15 1 3 0
0 4 1 16 1 4 0
0 4 2 12 2 0 0
0 4 2 13 2 1 0
0 4 2 14 2 2 0.503458
0 4 2 15 2 3 0.496542
0 4 2 16 2 4 0
0 4 3 12 3 0 0
0 4 3 13 3 1 0
0 4 3 14 3 2 0
0 4 3 15 3 3 0
0 4 3 16 3 4 0.818506
0 5 12 31 0 0 0.982762
0 5 12 32 0 1 0
0 5 12 33 0 2 0
0 5 12 34 0 3 0
0 5 13 31 1 0 0
0 5 13 32 1 1 0
0 5 13 33 1 2 0.8631
0 5 13 34 1 3 0
0 5 14 31 2 0 0
0 5 14 32 2 1 0.502077
0 5 14 33 2 2 0
0 5 14 34 2 3 0
0 5 15 31 3 0 0
0 5 15 32 3 1 0.497923
0 5 15 33 3 2 0
0 5 15 34 3 3 0
0 5 16 31 4 0 0
0 5 16 32 4 1 0
0 5 16 33 4 2 0
0 5 16 34 4 3 0.956036
0 6 31 47 0 0 0.941265
0 6 31 48 0 1 0
0 6 31 49 0 2 0
0 6 32 47 1 0 0
0 6 32 48 1 1 0.993653
0 6 32 49 1 2 0
0 6 33 47 2 0 0
0 6 33 48 2 1 0
0 6 33 49 2 2 0.938688
0 6 34 47 3 0 0
0 6 34 48 3 1 0
0 6 34 49 3 2 0
0 7 4 19 0 0 0.983154
0 7 4 20 0 1 0
0 7 4 21 0 2 0
0 7 4 22 0 3 0
0 7 5 19 1 0 0
0 7 5 20 1 1 0.673316
0 7 5 21 1 2 0
0 7 5 22 1 3 0
0 7 6 19 2 0 0
0 7 6 20 2 1 0
0 7 6 21 2 2 0.968011
0 7 6 22 2 3 0
0 7 7 19 3 0 0
0 7 7 20 3 1 0
0 7 7 21 3 2 0
0 7 7 22 3 3 0.99106
0 8 19 40 0 0 0
0 8 19 41 0 1 0.516483
0 8 20 40 1 0 0.519503
0 8 20 41 1 1 0
0 8 21 40 2 0 0.480497
0 8 21 41 2 1 0
0 8 22 40 3 0 0
0 8 22 41 3 1 0.483517
0 9 40 50 0 0 0.993176
0 9 40 51 0 1 0
0 9 41 50 1 0 0
0 9 41 51 1 1 0.970856
0 10 19 35 0 0 0.991298
0 10 19 36 0 1 0
0 10 19 37 0 2 0
0 10 20 35 1 0 0
0 10 20 36 1 1 0.268537
0 10 20 37 1 2 0.264202
0 10 21 35 2 0 0
0 10 21 36 2 1 0.264253
0 10 21 37 2 2 0.268737
0 10 22 35 3 0 0
0 10 22 36 3 1 0
0 10 22 37 3 2 0
0 11 4 23 0 0 0.972359
0 11 4 24 0 1 0
0 11 4 25 0 2 0
0 11 4 26 0 3 0
0 11 5 23 1 0 0
0 11 5 24 1 1 0.703826
0 11 5 25 1 2 0
0 11 5 26 1 3 0
0 11 6 23 2 0 0
0 11 6 24 2 1 0
0 11 6 25 2 2 0.977449
0 11 6 26 2 3 0
0 11 7 23 3 0 0
0 11 7 24 3 1 0
0 11 7 25 3 2 0
0 11 7 26 3 3 0.990839
0 12 23 42 0 0 0
0 12 23 43 0 1 0.945966
0 12 24 42 1 0 0
0 12 24 43 1 1 0
0 12 25 42 2 0 0.858902
0 12 25 43 2 1 0
0 12 26 42 3 0 0
0 12 26 43 3 1 0
0 13 42 52 0 0 0
0 13 42 53 0 1 0.854261
0 13 42 54 0 2 0
0 13 42 55 0 3 0
0 13 43 52 1 0 0
0 13 43 53 1 1 0
0 13 43 54 1 2 0
0 13 43 55 1 3 0.989341
0 14 23 38 0 0 0.966149
0 14 23 39 0 1 0
0 14 24 38 1 0 0
0 14 24 39 1 1 0
0 14 25 38 2 0 0
0 14 25 39 2 1 0
0 14 26 38 3 0 0
0 14 26 39 3 1 0.975726
0 15 4 17 0 0 0
0 15 4 18 0 1 0
0 15 5 17 1 0 0.479838
0 15 5 18 1 1 0
0 15 6 17 2 0 0.520162
0 15 6 18 2 1 0
0 15 7 17 3 0 0
0 15 7 18 3 1 0.992929
0 16 47 56 0 0 0.814888
0 16 47 57 0 1 0
0 16 47 58 0 2 0
0 16 48 56 1 0 0
0 16 48 57 1 1 0
0 16 48 58 1 2 0.988156
0 16 49 56 2 0 0
0 16 49 57 2 1 0.971008
0 16 49 58 2 2 0
0 17 44 59 0 0 0.846648
0 17 44 60 0 1 0
0 17 44 61 0 2 0
0 17 45 59 1 0 0
0 17 45 60 1 1 0.9552
0 17 45 61 1 2 0
0 17 46 59 2 0 0
0 17 46 60 2 1 0
0 17 46 61 2 2 0.893856
1 0 66 62 0 0 0
1 0 66 63 0 1 0.967403
1 0 66 64 0 2 0
1 0 66 65 0 3 0
1 0 67 62 1 0 0
1 0 67 63 1 1 0
1 0 67 64 1 2 0
1 0 67 65 1 3 0
1 0 68 62 2 0 0
1 0 68 63 2 1 0
1 0 68 64 2 2 0.977208
1 0 68 65 2 3 0
1 0 69 62 3 0 0.99557
1 0 69 63 3 1 0
1 0 69 64 3 2 0
1 0 69 65 3 3 0
1 1 70 87 0 0 0
1 1 70 88 0 1 0.990369
1 1 70 89 0 2 0
1 1 71 87 1 0 0.980185
1 1 71 88 1 1 0
1 1 71 89 1 2 0
1 1 72 87 2 0 0
1 1 72 88 2 1 0
1 1 72 89 2 2 0.992827
1 2 87 106 0 0 0.99228
1 2 87 107 0 1 0
1 2 87 108 0 2 0
1 2 88 106 1 0 0
1 2 88 107 1 1 0.993309
1 2 88 108 1 2 0
1 2 89 106 2 0 0
1 2 89 107 2 1 0
1 2 89 108 2 2 0.997428
1 3 62 70 0 0 0
1 3 62 71 0 1 0.971508
1 3 62 72 0 2 0
1 3 63 70 1 0 0.946349
1 3 63 71 1 1 0
1 3 63 72 1 2 0
1 3 64 70 2 0 0
1 3 64 71 2 1 0
1 3 64 72 2 2 0.93479
1 3 65 70 3 0 0
1 3 65 71 3 1 0
1 3 65 72 3 2 0
1 4 62 73 0 0 0
1 4 62 74 0 1 0.974067
1 4 62 75 0 2 0
1 4 62 76 0 3 0
1 4 63 73 1 0 0.932908
1 4 63 74 1 1 0
1 4 63 75 1 2 0
1 4 63 76 1 3 0
1 4 64 73 2 0 0
1 4 64 74 2 1 0
1 4 64 75 2 2 0.940037
1 4 64 76 2 3 0
1 4 65 73 3 0 0
1 4 65 74 3 1 0
1 4 65 75 3 2 0
1 4 65 76 3 3 0.684255
1 5 73 90 0 0 0
1 5 73 91 0 1 0.254686
1 5 73 92 0 2 0.255977
1 5 73 93 0 3 0
1 5 74 90 1 0 0.992108
1 5 74 91 1 1 0
1 5 74 92 1 2 0
1 5 74 93 1 3 0
1 5 75 90 2 0 0
1 5 75 91 2 1 0.255973
1 5 75 92 2 2 0.254696
1 5 75 93 2 3 0
1 5 76 90 3 0 0
1 5 76 91 3 1 0
1 5 76 92 3 2 0
1 5 76 93 3 3 0.987537
1 6 90 109 0 0 0.996552
1 6 90 110 0 1 0
1 6 90 111 0 2 0
1 6 90 112 0 3 0
1 6 91 109 1 0 0
1 6 91 110 1 1 0.263149
1 6 91 111 1 2 0.255219
1 6 91 112 1 3 0
1 6 92 109 2 0 0
1 6 92 110 2 1 0.255219
1 6 92 111 2 2 0.262981
1 6 92 112 2 3 0
1 6 93 109 3 0 0
1 6 93 110 3 1 0
1 6 93 111 3 2 0
1 6 93 112 3 3 0.972171
1 7 66 81 0 0 0.963993
1 7 66 82 0 1 0
1 7 66 83 0 2 0
1 7 67 81 1 0 0
1 7 67 82 1 1 0
1 7 67 83 1 2 0
1 7 68 81 2 0 0
1 7 68 82 2 1 0.989351
1 7 68 83 2 2 0
1 7 69 81 3 0 0
1 7 69 82 3 1 0
1 7 69 83 3 2 0.99964
1 8 81 100 0 0 0.991726
1 8 81 101 0 1 0
1 8 81 102 0 2 0
1 8 82 100 1 0 0
1 8 82 101 1 1 0
1 8 82 102 1 2 0.997519
1 8 83 100 2 0 0
1 8 83 101 2 1 0.979763
1 8 83 102 2 2 0
1 9 100 113 0 0 0.980151
1 9 100 114 0 1 0
1 9 100 115 0 2 0
1 9 101 113 1 0 0
1 9 101 114 1 1 0
1 9 101 115 1 2 0.995862
1 9 102 113 2 0 0
1 9 102 114 2 1 0.999597
1 9 102 115 2 2 0
1 10 81 94 0 0 0
1 10 81 95 0 1 0.982594
1 10 81 96 0 2 0
1 10 82 94 1 0 0.991964
1 10 82 95 1 1 0
1 10 82 96 1 2 0
1 10 83 94 2 0 0
1 10 83 95 2 1 0
1 10 83 96 2 2 0.959893
1 11 66 84 0 0 0
1 11 66 85 0 1 0
1 11 66 86 0 2 0
1 11 67 84 1 0 0
1 11 67 85 1 1 0.959635
1 11 67 86 1 2 0
1 11 68 84 2 0 0.982562
1 11 68 85 2 1 0
1 11 68 86 2 2 0
1 11 69 84 3 0 0
1 11 69 85 3 1 0
1 11 69 86 3 2 0.9962
1 12 84 103 0 0 0
1 12 84 104 0 1 0.985374
1 12 84 105 0 2 0
1 12 85 103 1 0 0
1 12 85 104 1 1 0
1 12 85 105 1 2 0.966491
1 12 86 103 2 0 0.994167
1 12 86 104 2 1 0
1 12 86 105 2 2 0
1 13 103 116 0 0 0
1 13 103 117 0 1 0.992628
1 13 103 118 0 2 0
1 13 104 116 1 0 0.997788
1 13 104 117 1 1 0
1 13 104 118 1 2 0
1 13 105 116 2 0 0
1 13 105 117 2 1 0
1 13 105 118 2 2 0.986717
1 14 84 97 0 0 0
1 14 84 98 0 1 0
1 14 84 99 0 2 0
1 14 85 97 1 0 0.504052
1 14 85 98 1 1 0.495948
1 14 85 99 1 2 0
1 14 86 97 2 0 0
1 14 86 98 2 1 0
1 14 86 99 2 2 0.990581
1 15 66 77 0 0 0.940592
1 15 66 78 0 1 0
1 15 66 79 0 2 0
1 15 66 80 0 3 0
1 15 67 77 1 0 0
1 15 67 78 1 1 0
1 15 67 79 1 2 0.972698
1 15 67 80 1 3 0
1 15 68 77 2 0 0
1 15 68 78 2 1 0.773324
1 15 68 79 2 2 0
1 15 68 80 2 3 0
1 15 69 77 3 0 0
1 15 69 78 3 1 0
1 15 69 79 3 2 0
1 15 69 80 3 3 0.987993
1 16 109 119 0 0 0.997347
1 16 109 120 0 1 0
1 16 109 121 0 2 0
1 16 109 122 0 3 0
1 16 110 119 1 0 0
1 16 110 120 1 1 0.880806
1 16 110 121 1 2 0
1 16 110 122 1 3 0
1 16 111 119 2 0 0
1 16 111 120 2 1 0
1 16 111 121 2 2 0.79858
1 16 111 122 2 3 0
1 16 112 119 3 0 0
1 16 112 120 3 1 0
1 16 112 121 3 2 0
1 16 112 122 3 3 0.992154
1 17 106 123 0 0 0.938557
1 17 106 124 0 1 0
1 17 106 125 0 2 0
1 17 107 123 1 0 0
1 17 107 124 1 1 0.993888
1 17 107 125 1 2 0
1 17 108 123 2 0 0
1 17 108 124 2 1 0
1 17 108 125 2 2 0.722088
2 0 132 126 0 0 0.991247
2 0 132 127 0 1 0
2 0 132 128 0 2 0
2 0 132 129 0 3 0
2 0 132 130 0 4 0
2 0 132 131 0 5 0
2 0 133 126 1 0 0
2 0 133 127 1 1 0
2 0 133 128 1 2 0.863306
2 0 133 129 1 3 0
2 0 133 130 1 4 0
2 0 133 131 1 5 0
2 0 134 126 2 0 0
2 0 134 127 2 1 0
2 0 134 128 2 2 0
2 0 134 129 2 3 0.948521
2 0 134 130 2 4 0
2 0 134 131 2 5 0
2 0 135 126 3 0 0
2 0 135 127 3 1 0
2 0 135 128 3 2 0
2 0 135 129 3 3 0
2 0 135 130 3 4 0.982519
2 0 135 131 3 5 0
2 0 136 126 4 0 0
2 0 136 127 4 1 0
2 0 136 128 4 2 0
2 0 136 129 4 3 0
2 0 136 130 4 4 0
2 0 136 131 4 5 0.983855
2 1 137 161 0 0 0.563033
2 1 137 162 0 1 0
2 1 137 163 0 2 0
2 1 137 164 0 3 0
2 1 137 165 0 4 0
2 1 138 161 1 0 0.436967
2 1 138 162 1 1 0
2 1 138 163 1 2 0
2 1 138 164 1 3 0
2 1 138 165 1 4 0
2 1 139 161 2 0 0
2 1 139 162 2 1 0.796395
2 1 139 163 2 2 0
2 1 139 164 2 3 0
2 1 139 165 2 4 0
2 1 140 161 3 0 0
2 1 140 162 3 1 0
2 1 140 163 3 2 0.923538
2 1 140 164 3 3 0
2 1 140 165 3 4 0
2 1 141 161 4 0 0
2 1 141 162 4 1 0
2 1 141 163 4 2 0
2 1 141 164 4 3 0.989281
2 1 141 165 4 4 0
2 1 142 161 5 0 0
2 1 142 162 5 1 0
2 1 142 163 5 2 0
2 1 142 164 5 3 0
2 1 142 165 5 4 0.986302
2 2 161 183 0 0 0
2 2 161 184 0 1 0.955998
2 2 161 185 0 2 0
2 2 161 186 0 3 0
2 2 161 187 0 4 0
2 2 162 183 1 0 0.810881
2 2 162 184 1 1 0
2 2 162 185 1 2 0
2 2 162 186 1 3 0
2 2 162 187 1 4 0
2 2 163 183 2 0 0
2 2 163 184 2 1 0
2 2 163 185 2 2 0.959753
2 2 163 186 2 3 0
2 2 163 187 2 4 0
2 2 164 183 3 0 0
2 2 164 184 3 1 0
2 2 164 185 3 2 0
2 2 164 186 3 3 0.990232
2 2 164 187 3 4 0
2 2 165 183 4 0 0
2 2 165 184 4 1 0
2 2 165 185 4 2 0
2 2 165 186 4 3 0
2 2 165 187 4 4 0.998935
2 3 126 137 0 0 0.967882
2 3 126 138 0 1 0
2 3 126 139 0 2 0
2 3 126 140 0 3 0
2 3 126 141 0 4 0
2 3 126 142 0 5 0
2 3 127 137 1 0 0
2 3 127 138 1 1 0.684255
2 3 127 139 1 2 0
2 3 127 140 1 3 0
2 3 127 141 1 4 0
2 3 127 142 1 5 0
2 3 128 137 2 0 0
2 3 128 138 2 1 0
2 3 128 139 2 2 0.574337
2 3 128 140 2 3 0
2 3 128 141 2 4 0
2 3 128 142 2 5 0
2 3 129 137 3 0 0
2 3 129 138 3 1 0
2 3 129 139 3 2 0
2 3 129 140 3 3 0.779299
2 3 129 141 3 4 0
2 3 129 142 3 5 0
2 3 130 137 4 0 0
2 3 130 138 4 1 0
2 3 130 139 4 2 0
2 3 130 140 4 3 0
2 3 130 141 4 4 0.938514
2 3 130 142 4 5 0
2 3 131 137 5 0 0
2 3 131 138 5 1 0
2 3 131 139 5 2 0
2 3 131 140 5 3 0
2 3 131 141 5 4 0
2 3 131 142 5 5 0.949125
2 4 126 143 0 0 0.966072
2 4 126 144 0 1 0
2 4 126 145 0 2 0
2 4 126 146 0 3 0
2 4 126 147 0 4 0
2 4 126 148 0 5 0
2 4 127 143 1 0 0
2 4 127 144 1 1 0.684255
2 4 127 145 1 2 0
2 4 127 146 1 3 0
2 4 127 147 1 4 0
2 4 127 148 1 5 0
2 4 128 143 2 0 0
2 4 128 144 2 1 0
2 4 128 145 2 2 0.575234
2 4 128 146 2 3 0
2 4 128 147 2 4 0
2 4 128 148 2 5 0
2 4 129 143 3 0 0
2 4 129 144 3 1 0
2 4 129 145 3 2 0
2 4 129 146 3 3 0.744718
2 4 129 147 3 4 0
2 4 129 148 3 5 0
2 4 130 143 4 0 0
2 4 130 144 4 1 0
2 4 130 145 4 2 0
2 4 130 146 4 3 0
2 4 130 147 4 4 0.91373
2 4 130 148 4 5 0
2 4 131 143 5 0 0
2 4 131 144 5 1 0
2 4 131 145 5 2 0
2 4 131 146 5 3 0
2 4 131 147 5 4 0
2 4 131 148 5 5 0.939559
2 5 143 166 0 0 0.958319
2 5 143 167 0 1 0
2 5 143 168 0 2 0
2 5 143 169 0 3 0
2 5 143 170 0 4 0
2 5 144 166 1 0 0
2 5 144 167 1 1 0
2 5 144 168 1 2 0
2 5 144 169 1 3 0
2 5 144 170 1 4 0
2 5 145 166 2 0 0
2 5 145 167 2 1 0.833437
2 5 145 168 2 2 0
2 5 145 169 2 3 0
2 5 145 170 2 4 0
2 5 146 166 3 0 0
2 5 146 167 3 1 0
2 5 146 168 3 2 0.964143
2 5 146 169 3 3 0
2 5 146 170 3 4 0
2 5 147 166 4 0 0
2 5 147 167 4 1 0
2 5 147 168 4 2 0
2 5 147 169 4 3 0.859731
2 5 147 170 4 4 0
2 5 148 166 5 0 0
2 5 148 167 5 1 0
2 5 148 168 5 2 0
2 5 148 169 5 3 0
2 5 148 170 5 4 0.973579
2 6 166 188 0 0 0
2 6 166 189 0 1 0.996792
2 6 166 190 0 2 0
2 6 166 191 0 3 0
2 6 166 192 0 4 0
2 6 167 188 1 0 0.870211
2 6 167 189 1 1 0
2 6 167 190 1 2 0
2 6 167 191 1 3 0
2 6 167 192 1 4 0
2 6 168 188 2 0 0
2 6 168 189 2 1 0
2 6 168 190 2 2 0.981378
2 6 168 191 2 3 0
2 6 168 192 2 4 0
2 6 169 188 3 0 0
2 6 169 189 3 1 0
2 6 169 190 3 2 0
2 6 169 191 3 3 0.832038
2 6 169 192 3 4 0
2 6 170 188 4 0 0
2 6 170 189 4 1 0
2 6 170 190 4 2 0
2 6 170 191 4 3 0
2 6 170 192 4 4 0.999039
2 7 132 151 0 0 0.990396
2 7 132 152 0 1 0
2 7 132 153 0 2 0
2 7 132 154 0 3 0
2 7 132 155 0 4 0
2 7 133 151 1 0 0
2 7 133 152 1 1 0
2 7 133 153 1 2 0.680756
2 7 133 154 1 3 0
2 7 133 155 1 4 0
2 7 134 151 2 0 0
2 7 134 152 2 1 0.930161
2 7 134 153 2 2 0
2 7 134 154 2 3 0
2 7 134 155 2 4 0
2 7 135 151 3 0 0
2 7 135 152 3 1 0
2 7 135 153 3 2 0
2 7 135 154 3 3 0.990411
2 7 135 155 3 4 0
2 7 136 151 4 0 0
2 7 136 152 4 1 0
2 7 136 153 4 2 0
2 7 136 154 4 3 0
2 7 136 155 4 4 0.98333
2 8 151 175 0 0 0.990512
2 8 151 176 0 1 0
2 8 151 177 0 2 0
2 8 151 178 0 3 0
2 8 152 175 1 0 0
2 8 152 176 1 1 0.773681
2 8 152 177 1 2 0
2 8 152 178 1 3 0
2 8 153 175 2 0 0
2 8 153 176 2 1 0
2 8 153 177 2 2 0
2 8 153 178 2 3 0
2 8 154 175 3 0 0
2 8 154 176 3 1 0
2 8 154 177 3 2 0
2 8 154 178 3 3 0.997902
2 8 155 175 4 0 0
2 8 155 176 4 1 0
2 8 155 177 4 2 0.908315
2 8 155 178 4 3 0
2 9 175 193 0 0 0.996523
2 9 175 194 0 1 0
2 9 175 195 0 2 0
2 9 176 193 1 0 0
2 9 176 194 1 1 0.779508
2 9 176 195 1 2 0
2 9 177 193 2 0 0
2 9 177 194 2 1 0
2 9 177 195 2 2 0
2 9 178 193 3 0 0
2 9 178 194 3 1 0
2 9 178 195 3 2 0.953276
2 10 151 171 0 0 0
2 10 151 172 0 1 0
2 10 152 171 1 0 0
2 10 152 172 1 1 0
2 10 153 171 2 0 0
2 10 153 172 2 1 0
2 10 154 171 3 0 0.983883
2 10 154 172 3 1 0
2 10 155 171 4 0 0
2 10 155 172 4 1 0.978713
2 11 132 156 0 0 0.976098
2 11 132 157 0 1 0
2 11 132 158 0 2 0
2 11 132 159 0 3 0
2 11 132 160 0 4 0
2 11 133 156 1 0 0
2 11 133 157 1 1 0.660069
2 11 133 158 1 2 0
2 11 133 159 1 3 0
2 11 133 160 1 4 0
2 11 134 156 2 0 0
2 11 134 157 2 1 0
2 11 134 158 2 2 0.940958
2 11 134 159 2 3 0
2 11 134 160 2 4 0
2 11 135 156 3 0 0
2 11 135 157 3 1 0
2 11 135 158 3 2 0
2 11 135 159 3 3 0.999976
2 11 135 160 3 4 0
2 11 136 156 4 0 0
2 11 136 157 4 1 0
2 11 136 158 4 2 0
2 11 136 159 4 3 0
2 11 136 160 4 4 0.995309
2 12 156 179 0 0 0.983053
2 12 156 180 0 1 0
2 12 156 181 0 2 0
2 12 156 182 0 3 0
2 12 157 179 1 0 0
2 12 157 180 1 1 0.771265
2 12 157 181 1 2 0
2 12 157 182 1 3 0
2 12 158 179 2 0 0
2 12 158 180 2 1 0
2 12 158 181 2 2 0.983233
2 12 158 182 2 3 0
2 12 159 179 3 0 0
2 12 159 180 3 1 0
2 12 159 181 3 2 0
2 12 159 182 3 3 0
2 12 160 179 4 0 0
2 12 160 180 4 1 0
2 12 160 181 4 2 0
2 12 160 182 4 3 0.970033
2 13 179 196 0 0 0.987015
2 13 179 197 0 1 0
2 13 179 198 0 2 0
2 13 180 196 1 0 0
2 13 180 197 1 1 0
2 13 180 198 1 2 0
2 13 181 196 2 0 0
2 13 181 197 2 1 0.990436
2 13 181 198 2 2 0
2 13 182 196 3 0 0
2 13 182 197 3 1 0
2 13 182 198 3 2 0.799997
2 14 156 173 0 0 0
2 14 156 174 0 1 0
2 14 157 173 1 0 0
2 14 157 174 1 1 0
2 14 158 173 2 0 0.997572
2 14 158 174 2 1 0
2 14 159 173 3 0 0
2 14 159 174 3 1 0
2 14 160 173 4 0 0
2 14 160 174 4 1 0.994961
2 15 132 149 0 0 0
2 15 132 150 0 1 0
2 15 133 149 1 0 0
2 15 133 150 1 1 0
2 15 134 149 2 0 0.995808
2 15 134 150 2 1 0
2 15 135 149 3 0 0
2 15 135 150 3 1 0.794316
2 15 136 149 4 0 0
2 15 136 150 4 1 0
2 16 188 199 0 0 0.725005
2 16 188 200 0 1 0
2 16 188 201 0 2 0
2 16 188 202 0 3 0
2 16 188 203 0 4 0
2 16 189 199 1 0 0
2 16 189 200 1 1 0.953085
2 16 189 201 1 2 0
2 16 189 202 1 3 0
2 16 189 203 1 4 0
2 16 190 199 2 0 0
2 16 190 200 2 1 0
2 16 190 201 2 2 0.967846
2 16 190 202 2 3 0
2 16 190 203 2 4 0
2 16 191 199 3 0 0
2 16 191 200 3 1 0
2 16 191 201 3 2 0
2 16 191 202 3 3 0.808007
2 16 191 203 3 4 0
2 16 192 199 4 0 0
2 16 192 200 4 1 0
2 16 192 201 4 2 0
2 16 192 202 4 3 0
2 16 192 203 4 4 0.613992
2 17 183 204 0 0 0
2 17 183 205 0 1 0
2 17 183 206 0 2 0
2 17 184 204 1 0 0
2 17 184 205 1 1 0
2 17 184 206 1 2 0
2 17 185 204 2 0 0.768725
2 17 185 205 2 1 0
2 17 185 206 2 2 0
2 17 186 204 3 0 0
2 17 186 205 3 1 0.954879
2 17 186 206 3 2 0
2 17 187 204 4 0 0
2 17 187 205 4 1 0
2 17 187 206 4 2 0.691625
3 0 210 207 0 0 0
3 0 210 208 0 1 0
3 0 210 209 0 2 0.985668
3 0 211 207 1 0 0
3 0 211 208 1 1 0.926767
3 0 211 209 1 2 0
3 0 212 207 2 0 0.978849
3 0 212 208 2 1 0
3 0 212 209 2 2 0
3 1 213 228 0 0 0.965845
3 1 213 229 0 1 0
3 1 213 230 0 2 0
3 1 214 228 1 0 0
3 1 214 229 1 1 0.948019
3 1 214 230 1 2 0
3 1 215 228 2 0 0
3 1 215 229 2 1 0
3 1 215 230 2 2 0.985419
3 2 228 244 0 0 0.972071
3 2 228 245 0 1 0
3 2 228 246 0 2 0
3 2 229 244 1 0 0
3 2 229 245 1 1 0.979335
3 2 229 246 1 2 0
3 2 230 244 2 0 0
3 2 230 245 2 1 0
3 2 230 246 2 2 0.983279
3 3 207 213 0 0 0.941043
3 3 207 214 0 1 0
3 3 207 215 0 2 0
3 3 208 213 1 0 0
3 3 208 214 1 1 0.75042
3 3 208 215 1 2 0
3 3 209 213 2 0 0
3 3 209 214 2 1 0
3 3 209 215 2 2 0.878602
3 4 207 216 0 0 0.937513
3 4 207 217 0 1 0
3 4 207 218 0 2 0
3 4 208 216 1 0 0
3 4 208 217 1 1 0.77431
3 4 208 218 1 2 0
3 4 209 216 2 0 0
3 4 209 217 2 1 0
3 4 209 218 2 2 0.886758
3 5 216 231 0 0 0.976679
3 5 216 232 0 1 0
3 5 216 233 0 2 0
3 5 217 231 1 0 0
3 5 217 232 1 1 0.986991
3 5 217 233 1 2 0
3 5 218 231 2 0 0
3 5 218 232 2 1 0
3 5 218 233 2 2 0.965766
3 6 231 247 0 0 0.956896
3 6 231 248 0 1 0
3 6 231 249 0 2 0
3 6 232 247 1 0 0
3 6 232 248 1 1 0.99965
3 6 232 249 1 2 0
3 6 233 247 2 0 0
3 6 233 248 2 1 0
3 6 233 249 2 2 0.978732
3 7 210 221 0 0 0
3 7 210 222 0 1 0.968203
3 7 210 223 0 2 0
3 7 210 224 0 3 0
3 7 211 221 1 0 0.797132
3 7 211 222 1 1 0
3 7 211 223 1 2 0
3 7 211 224 1 3 0
3 7 212 221 2 0 0
3 7 212 222 2 1 0
3 7 212 223 2 2 0.981223
3 7 212 224 2 3 0
3 8 221 238 0 0 0
3 8 221 239 0 1 0
3 8 221 240 0 2 0.526928
3 8 222 238 1 0 0
3 8 222 239 1 1 0.993803
3 8 222 240 1 2 0
3 8 223 238 2 0 0.995478
3 8 223 239 2 1 0
3 8 223 240 2 2 0
3 8 224 238 3 0 0
3 8 224 239 3 1 0
3 8 224 240 3 2 0.473072
3 9 238 250 0 0 0
3 9 238 251 0 1 0.988765
3 9 239 250 1 0 0
3 9 239 251 1 1 0
3 9 240 250 2 0 0.884712
3 9 240 251 2 1 0
3 10 221 234 0 0 0
3 10 221 235 0 1 0
3 10 222 234 1 0 0.980558
3 10 222 235 1 1 0
3 10 223 234 2 0 0
3 10 223 235 2 1 0.953477
3 10 224 234 3 0 0
3 10 224 235 3 1 0
3 11 210 225 0 0 0
3 11 210 226 0 1 0
3 11 210 227 0 2 0.989602
3 11 211 225 1 0 0.760998
3 11 211 226 1 1 0
3 11 211 227 1 2 0
3 11 212 225 2 0 0
3 11 212 226 2 1 0.98443
3 11 212 227 2 2 0
3 12 225 241 0 0 0
3 12 225 242 0 1 0.974797
3 12 225 243 0 2 0
3 12 226 241 1 0 0.97115
3 12 226 242 1 1 0
3 12 226 243 1 2 0
3 12 227 241 2 0 0
3 12 227 242 2 1 0
3 12 227 243 2 2 0.983742
3 13 241 252 0 0 0.982319
3 13 241 253 0 1 0
3 13 241 254 0 2 0
3 13 242 252 1 0 0
3 13 242 253 1 1 0.972444
3 13 242 254 1 2 0
3 13 243 252 2 0 0
3 13 243 253 2 1 0
3 13 243 254 2 2 0.995651
3 14 225 236 0 0 0
3 14 225 237 0 1 0.993417
3 14 226 236 1 0 0
3 14 226 237 1 1 0
3 14 227 236 2 0 0.975905
3 14 227 237 2 1 0
3 15 210 219 0 0 0
3 15 210 220 0 1 0
3 15 211 219 1 0 0
3 15 211 220 1 1 0.907835
3 15 212 219 2 0 0.955167
3 15 212 220 2 1 0
3 16 247 255 0 0 0.8106
3 16 247 256 0 1 0
3 16 247 257 0 2 0
3 16 248 255 1 0 0
3 16 248 256 1 1 0.998606
3 16 248 257 1 2 0
3 16 249 255 2 0 0
3 16 249 256 2 1 0
3 16 249 257 2 2 0.684255
3 17 244 258 0 0 0
3 17 245 258 1 0 0
3 17 246 258 2 0 0.735047
4 0 263 259 0 0 0
4 0 263 260 0 1 0
4 0 263 261 0 2 0.908455
4 0 263 262 0 3 0
4 0 264 259 1 0 0
4 0 264 260 1 1 0
4 0 264 261 1 2 0
4 0 264 262 1 3 0.978348
4 0 265 259 2 0 0
4 0 265 260 2 1 0.999331
4 0 265 261 2 2 0
4 0 265 262 2 3 0
4 0 266 259 3 0 0.99169
4 0 266 260 3 1 0
4 0 266 261 3 2 0
4 0 266 262 3 3 0
4 1 267 286 0 0 0.999238
4 1 267 287 0 1 0
4 1 267 288 0 2 0
4 1 267 289 0 3 0
4 1 268 286 1 0 0
4 1 268 287 1 1 0.994782
4 1 268 288 1 2 0
4 1 268 289 1 3 0
4 1 269 286 2 0 0
4 1 269 287 2 1 0
4 1 269 288 2 2 0.972122
4 1 269 289 2 3 0
4 1 270 286 3 0 0
4 1 270 287 3 1 0
4 1 270 288 3 2 0
4 1 270 289 3 3 0.969757
4 2 286 304 0 0 0.998969
4 2 286 305 0 1 0
4 2 286 306 0 2 0
4 2 286 307 0 3 0
4 2 287 304 1 0 0
4 2 287 305 1 1 0.994283
4 2 287 306 1 2 0
4 2 287 307 1 3 0
4 2 288 304 2 0 0
4 2 288 305 2 1 0
4 2 288 306 2 2 0.997982
4 2 288 307 2 3 0
4 2 289 304 3 0 0
4 2 289 305 3 1 0
4 2 289 306 3 2 0
4 2 289 307 3 3 0.975766
4 3 259 267 0 0 0.933881
4 3 259 268 0 1 0
4 3 259 269 0 2 0
4 3 259 270 0 3 0
4 3 260 267 1 0 0
4 3 260 268 1 1 0.947789
4 3 260 269 1 2 0
4 3 260 270 1 3 0
4 3 261 267 2 0 0
4 3 261 268 2 1 0
4 3 261 269 2 2 0.854001
4 3 261 270 2 3 0
4 3 262 267 3 0 0
4 3 262 268 3 1 0
4 3 262 269 3 2 0
4 3 262 270 3 3 0.874448
4 4 259 271 0 0 0.927068
4 4 259 272 0 1 0
4 4 259 273 0 2 0
4 4 259 274 0 3 0
4 4 260 271 1 0 0
4 4 260 272 1 1 0.955223
4 4 260 273 1 2 0
4 4 260 274 1 3 0
4 4 261 271 2 0 0
4 4 261 272 2 1 0
4 4 261 273 2 2 0.852742
4 4 261 274 2 3 0
4 4 262 271 3 0 0
4 4 262 272 3 1 0
4 4 262 273 3 2 0
4 4 262 274 3 3 0.870007
4 5 271 290 0 0 0.997765
4 5 271 291 0 1 0
4 5 271 292 0 2 0
4 5 271 293 0 3 0
4 5 272 290 1 0 0
4 5 272 291 1 1 0.509038
4 5 272 292 1 2 0.255061
4 5 272 293 1 3 0
4 5 273 290 2 0 0
4 5 273 291 2 1 0
4 5 273 292 2 2 0.498936
4 5 273 293 2 3 0
4 5 274 290 3 0 0
4 5 274 291 3 1 0
4 5 274 292 3 2 0
4 5 274 293 3 3 0.961566
4 6 290 308 0 0 0.994695
4 6 290 309 0 1 0
4 6 290 310 0 2 0
4 6 290 311 0 3 0
4 6 291 308 1 0 0
4 6 291 309 1 1 0.259292
4 6 291 310 1 2 0.250738
4 6 291 311 1 3 0
4 6 292 308 2 0 0
4 6 292 309 2 1 0.250608
4 6 292 310 2 2 0.25928
4 6 292 311 2 3 0
4 6 293 308 3 0 0
4 6 293 309 3 1 0
4 6 293 310 3 2 0
4 6 293 311 3 3 0.967107
4 7 263 279 0 0 0.83742
4 7 263 280 0 1 0
4 7 263 281 0 2 0
4 7 263 282 0 3 0
4 7 264 279 1 0 0
4 7 264 280 1 1 0.984377
4 7 264 281 1 2 0
4 7 264 282 1 3 0
4 7 265 279 2 0 0
4 7 265 280 2 1 0
4 7 265 281 2 2 0.997908
4 7 265 282 2 3 0
4 7 266 279 3 0 0
4 7 266 280 3 1 0
4 7 266 281 3 2 0
4 7 266 282 3 3 0.988851
4 8 279 298 0 0 0
4 8 279 299 0 1 0
4 8 279 300 0 2 0
4 8 280 298 1 0 0
4 8 280 299 1 1 0
4 8 280 300 1 2 0.991392
4 8 281 298 2 0 0
4 8 281 299 2 1 0.999258
4 8 281 300 2 2 0
4 8 282 298 3 0 0.995203
4 8 282 299 3 1 0
4 8 282 300 3 2 0
4 9 298 312 0 0 0
4 9 298 313 0 1 0.986147
4 9 298 314 0 2 0
4 9 298 315 0 3 0
4 9 299 312 1 0 0
4 9 299 313 1 1 0
4 9 299 314 1 2 0.993874
4 9 299 315 1 3 0
4 9 300 312 2 0 0
4 9 300 313 2 1 0
4 9 300 314 2 2 0
4 9 300 315 2 3 0.992312
4 10 279 294 0 0 0
4 10 279 295 0 1 0
4 10 280 294 1 0 0.990664
4 10 280 295 1 1 0
4 10 281 294 2 0 0
4 10 281 295 2 1 0
4 10 282 294 3 0 0
4 10 282 295 3 1 0.979037
4 11 263 283 0 0 0.847773
4 11 263 284 0 1 0
4 11 263 285 0 2 0
4 11 264 283 1 0 0
4 11 264 284 1 1 0
4 11 264 285 1 2 0
4 11 265 283 2 0 0
4 11 265 284 2 1 0.996026
4 11 265 285 2 2 0
4 11 266 283 3 0 0
4 11 266 284 3 1 0
4 11 266 285 3 2 0.994092
4 12 283 301 0 0 0
4 12 283 302 0 1 0
4 12 283 303 0 2 0.967655
4 12 284 301 1 0 0.99808
4 12 284 302 1 1 0
4 12 284 303 1 2 0
4 12 285 301 2 0 0
4 12 285 302 2 1 0.994403
4 12 285 303 2 2 0
4 13 301 316 0 0 0
4 13 301 317 0 1 0.990374
4 13 301 318 0 2 0
4 13 302 316 1 0 0.992731
4 13 302 317 1 1 0
4 13 302 318 1 2 0
4 13 303 316 2 0 0
4 13 303 317 2 1 0
4 13 303 318 2 2 0.992742
4 14 283 296 0 0 0.985391
4 14 283 297 0 1 0
4 14 284 296 1 0 0
4 14 284 297 1 1 0.995535
4 14 285 296 2 0 0
4 14 285 297 2 1 0
4 15 263 275 0 0 0.909561
4 15 263 276 0 1 0
4 15 263 277 0 2 0
4 15 263 278 0 3 0
4 15 264 275 1 0 0
4 15 264 276 1 1 0.798711
4 15 264 277 1 2 0
4 15 264 278 1 3 0
4 15 265 275 2 0 0
4 15 265 276 2 1 0
4 15 265 277 2 2 0.996225
4 15 265 278 2 3 0
4 15 266 275 3 0 0
4 15 266 276 3 1 0
4 15 266 277 3 2 0
4 15 266 278 3 3 0.984394
4 16 308 319 0 0 0.952434
4 16 308 320 0 1 0
4 16 308 321 0 2 0
4 16 308 322 0 3 0
4 16 309 319 1 0 0
4 16 309 320 1 1 0.921825
4 16 309 321 1 2 0
4 16 309 322 1 3 0
4 16 310 319 2 0 0
4 16 310 320 2 1 0
4 16 310 321 2 2 0.975736
4 16 310 322 2 3 0
4 16 311 319 3 0 0
4 16 311 320 3 1 0
4 16 311 321 3 2 0
4 16 311 322 3 3 0.674969
4 17 304 323 0 0 0.99433
4 17 304 324 0 1 0
4 17 304 325 0 2 0
4 17 304 326 0 3 0
4 17 305 323 1 0 0
4 17 305 324 1 1 0.977062
4 17 305 325 1 2 0
4 17 305 326 1 3 0
4 17 306 323 2 0 0
4 17 306 324 2 1 0
4 17 306 325 2 2 0.880339
4 17 306 326 2 3 0
4 17 307 323 3 0 0
4 17 307 324 3 1 0
4 17 307 325 3 2 0
4 17 307 326 3 3 0.943865
E jointIdx viewA viewB aOverAllIdx bOverallIdx score
0 0 1 0 62 0.360106
0 0 1 0 63 0.990637
0 0 1 0 64 0.370975
0 0 1 0 65 -1
0 0 1 1 62 0.560727
0 0 1 1 63 0.295607
0 0 1 1 64 0.796374
0 0 1 1 65 -0.829187
0 0 1 2 62 0.724268
0 0 1 2 63 -1
0 0 1 2 64 0.651639
0 0 1 2 65 -1
0 0 1 3 62 -0.760611
0 0 1 3 63 -1
0 0 1 3 64 -1
0 0 1 3 65 0.648597
0 0 2 0 126 -1
0 0 2 0 127 -1
0 0 2 0 128 -1
0 0 2 0 129 0.737797
0 0 2 0 130 0.790568
0 0 2 0 131 -1
0 0 2 1 126 -1
0 0 2 1 127 -1
0 0 2 1 128 -1
0 0 2 1 129 -1
0 0 2 1 130 -1
0 0 2 1 131 0.680235
0 0 2 2 126 0.799443
0 0 2 2 127 -1
0 0 2 2 128 0.676121
0 0 2 2 129 -1
0 0 2 2 130 -1
0 0 2 2 131 -1
0 0 2 3 126 -1
0 0 2 3 127 -1
0 0 2 3 128 -1
0 0 2 3 129 0.65175
0 0 2 3 130 -1
0 0 2 3 131 -1
0 0 3 0 207 -1
0 0 3 0 208 -1
0 0 3 0 209 0.888732
0 0 3 1 207 -1
0 0 3 1 208 0.69704
0 0 3 1 209 -1
0 0 3 2 207 0.876963
0 0 3 2 208 -1
0 0 3 2 209 -1
0 0 3 3 207 -1
0 0 3 3 208 -1
0 0 3 3 209 0.732239
0 0 4 0 259 -1
0 0 4 0 260 0.741909
0 0 4 0 261 0.92492
0 0 4 0 262 -1
0 0 4 1 259 -1
0 0 4 1 260 0.873255
0 0 4 1 261 0.898169
0 0 4 1 262 -1
0 0 4 2 259 -1
0 0 4 2 260 -1
0 0 4 2 261 -1
0 0 4 2 262 0.75423
0 0 4 3 259 0.916104
0 0 4 3 260 -1
0 0 4 3 261 -1
0 0 4 3 262 -1
0 1 2 62 126 0.767189
0 1 2 62 127 -1
0 1 2 62 128 -1
0 1 2 62 129 -1
0 1 2 62 130 -1
0 1 2 62 131 -1
0 1 2 63 126 -1
0 1 2 63 127 -1
0 1 2 63 128 -1
0 1 2 63 129 -1
0 1 2 63 130 0.621706
0 1 2 63 131 0.0118849
0 1 2 64 126 -1
0 1 2 64 127 -1
0 1 2 64 128 -1
0 1 2 64 129 -1
0 1 2 64 130 -1
0 1 2 64 131 0.901002
0 1 2 65 126 -1
0 1 2 65 127 -1
0 1 2 65 128 -1
0 1 2 65 129 0.865459
0 1 2 65 130 -1
0 1 2 65 131 -1
0 1 3 62 207 0.875114
0 1 3 62 208 -1
0 1 3 62 209 -1
0 1 3 63 207 -1
0 1 3 63 208 0.941358
0 1 3 63 209 0.899687
0 1 3 64 207 -1
0 1 3 64 208 0.860261
0 1 3 64 209 0.798375
0 1 3 65 207 0.260634
0 1 3 65 208 -1
0 1 3 65 209 -1
0 1 4 62 259 0.357584
0 1 4 62 260 -1
0 1 4 62 261 -1
0 1 4 62 262 0.916649
0 1 4 63 259 -1
0 1 4 63 260 -1
0 1 4 63 261 0.857496
0 1 4 63 262 -1
0 1 4 64 259 -1
0 1 4 64 260 0.961204
0 1 4 64 261 -1
0 1 4 64 262 -1
0 1 4 65 259 0.743197
0 1 4 65 260 -1
0 1 4 65 261 -1
0 1 4 65 262 0.342259
0 2 3 126 207 0.882894
0 2 3 126 208 -1
0 2 3 126 209 -1
0 2 3 127 207 0.453499
0 2 3 127 208 -1
0 2 3 127 209 -1
0 2 3 128 207 -1
0 2 3 128 208 -1
0 2 3 128 209 -1
0 2 3 129 207 -1
0 2 3 129 208 -1
0 2 3 129 209 -1
0 2 3 130 207 -1
0 2 3 130 208 -1
0 2 3 130 209 0.957793
0 2 3 131 207 -1
0 2 3 131 208 0.983212
0 2 3 131 209 -1
0 2 4 126 259 0.836562
0 2 4 126 260 -1
0 2 4 126 261 -1
0 2 4 126 262 0.91887
0 2 4 127 259 -1
0 2 4 127 260 -1
0 2 4 127 261 -1
0 2 4 127 262 -1
0 2 4 128 259 -1
0 2 4 128 260 -1
0 2 4 128 261 -1
0 2 4 128 262 -1
0 2 4 129 259 0.861756
0 2 4 129 260 -1
0 2 4 129 261 -1
0 2 4 129 262 0.65485
0 2 4 130 259 -1
0 2 4 130 260 -1
0 2 4 130 261 0.849564
0 2 4 130 262 -1
0 2 4 131 259 -1
0 2 4 131 260 0.990986
0 2 4 131 261 -1
0 2 4 131 262 -1
0 3 4 207 259 -0.874904
0 3 4 207 260 0.383174
0 3 4 207 261 0.374054
0 3 4 207 262 0.592039
0 3 4 208 259 -1
0 3 4 208 260 0.494604
0 3 4 208 261 -1
0 3 4 208 262 0.236213
0 3 4 209 259 -1
0 3 4 209 260 0.0674348
0 3 4 209 261 0.891747
0 3 4 209 262 0.0870969
1 0 1 4 66 0.124955
1 0 1 4 67 0.2245
1 0 1 4 68 0.166498
1 0 1 4 69 0.0616377
1 0 1 5 66 0.282935
1 0 1 5 67 0.0987102
1 0 1 5 68 0.266348
1 0 1 5 69 0.0815784
1 0 1 6 66 0.246964
1 0 1 6 67 0.079881
1 0 1 6 68 0.282273
1 0 1 6 69 0.107517
1 0 1 7 66 -1
1 0 1 7 67 0.0861569
1 0 1 7 68 -1
1 0 1 7 69 0.314982
1 0 2 4 132 0.499362
1 0 2 4 133 0.203919
1 0 2 4 134 0.842897
1 0 2 4 135 -1
1 0 2 4 136 -1
1 0 2 5 132 -1
1 0 2 5 133 -1
1 0 2 5 134 -1
1 0 2 5 135 0.230261
1 0 2 5 136 0.87262
1 0 2 6 132 -1
1 0 2 6 133 -1
1 0 2 6 134 -1
1 0 2 6 135 0.881347
1 0 2 6 136 0.311229
1 0 2 7 132 0.827088
1 0 2 7 133 -1
1 0 2 7 134 0.63751
1 0 2 7 135 -1
1 0 2 7 136 -1
1 0 3 4 210 0.139442
1 0 3 4 211 0.189375
1 0 3 4 212 0.0218768
1 0 3 5 210 0.116854
1 0 3 5 211 0.155878
1 0 3 5 212 0.0961251
1 0 3 6 210 0.133062
1 0 3 6 211 0.0920511
1 0 3 6 212 0.163773
1 0 3 7 210 0.114647
1 0 3 7 211 0.0818424
1 0 3 7 212 0.20077
1 0 4 4 263 -1
1 0 4 4 264 -1
1 0 4 4 265 -1
1 0 4 4 266 0.852638
1 0 4 5 263 0.912197
1 0 4 5 264 -1
1 0 4 5 265 0.790801
1 0 4 5 266 0.296607
1 0 4 6 263 0.798259
1 0 4 6 264 -0.871961
1 0 4 6 265 0.826175
1 0 4 6 266 0.247527
1 0 4 7 263 -1
1 0 4 7 264 0.799422
1 0 4 7 265 -1
1 0 4 7 266 -1
1 1 2 66 132 -1
1 1 2 66 133 -1
1 1 2 66 134 -1
1 1 2 66 135 0.758591
1 1 2 66 136 -1
1 1 2 67 132 -1
1 1 2 67 133 -1
1 1 2 67 134 0.822388
1 1 2 67 135 -1
1 1 2 67 136 -1
1 1 2 68 132 -1
1 1 2 68 133 -1
1 1 2 68 134 -1
1 1 2 68 135 -1
1 1 2 68 136 0.884442
1 1 2 69 132 0.972439
1 1 2 69 133 -1
1 1 2 69 134 -1
1 1 2 69 135 -1
1 1 2 69 136 -1
1 1 3 66 210 0.115031
1 1 3 66 211 0.123116
1 1 3 66 212 0.197271
1 1 3 67 210 0.191058
1 1 3 67 211 0.282496
1 1 3 67 212 -0.809096
1 1 3 68 210 0.125534
1 1 3 68 211 0.105131
1 1 3 68 212 0.218736
1 1 3 69 210 0.101008
1 1 3 69 211 0.0732746
1 1 3 69 212 0.364017
1 1 4 66 263 0.701964
1 1 4 66 264 -1
1 1 4 66 265 -1
1 1 4 66 266 -1
1 1 4 67 263 -1
1 1 4 67 264 0.659362
1 1 4 67 265 -1
1 1 4 67 266 0.818387
1 1 4 68 263 -1
1 1 4 68 264 -1
1 1 4 68 265 0.917227
1 1 4 68 266 -1
1 1 4 69 263 -1
1 1 4 69 264 0.972473
1 1 4 69 265 -1
1 1 4 69 266 0.910517
1 2 3 132 210 -1
1 2 3 132 211 -1
1 2 3 132 212 0.970136
1 2 3 133 210 -1
1 2 3 133 211 0.0222375
1 2 3 133 212 -1
1 2 3 134 210 -1
1 2 3 134 211 0.452743
1 2 3 134 212 -1
1 2 3 135 210 0.882466
1 2 3 135 211 -1
1 2 3 135 212 -1
1 2 3 136 210 -1
1 2 3 136 211 0.874307
1 2 3 136 212 -1
1 2 4 132 263 -1
1 2 4 132 264 0.905303
1 2 4 132 265 -1
1 2 4 132 266 -1
1 2 4 133 263 -1
1 2 4 133 264 -1
1 2 4 133 265 -1
1 2 4 133 266 0.406672
1 2 4 134 263 -1
1 2 4 134 264 -1
1 2 4 134 265 -1
1 2 4 134 266 0.955754
1 2 4 135 263 0.927566
1 2 4 135 264 -1
1 2 4 135 265 -1
1 2 4 135 266 -1
1 2 4 136 263 -1
1 2 4 136 264 -1
1 2 4 136 265 0.898296
1 2 4 136 266 -1
1 3 4 210 263 0.103812
1 3 4 210 264 0.104861
1 3 4 210 265 0.0949879
1 3 4 210 266 0.0940825
1 3 4 211 263 0.0975961
1 3 4 211 264 0.0698887
1 3 4 211 265 0.111638
1 3 4 211 266 0.117316
1 3 4 212 263 0.0970572
1 3 4 212 264 0.121661
1 3 4 212 265 0.0927451
1 3 4 212 266 0.0883825
2 0 1 8 70 0.516363
2 0 1 8 71 0.212094
2 0 1 8 72 0.1846
2 0 1 9 70 0.179252
2 0 1 9 71 0.3148
2 0 1 9 72 0.368218
2 0 1 10 70 -1
2 0 1 10 71 0.667916
2 0 1 10 72 0.767592
2 0 1 11 70 -1
2 0 1 11 71 -0.752048
2 0 1 11 72 -0.915606
2 0 2 8 137 -1
2 0 2 8 138 -1
2 0 2 8 139 -1
2 0 2 8 140 0.454969
2 0 2 8 141 0.874744
2 0 2 8 142 -1
2 0 2 9 137 -1
2 0 2 9 138 -1
2 0 2 9 139 -1
2 0 2 9 140 -1
2 0 2 9 141 -1
2 0 2 9 142 0.46104
2 0 2 10 137 0.556789
2 0 2 10 138 -1
2 0 2 10 139 0.863826
2 0 2 10 140 -1
2 0 2 10 141 -1
2 0 2 10 142 -1
2 0 2 11 137 -1
2 0 2 11 138 -1
2 0 2 11 139 -1
2 0 2 11 140 0.342957
2 0 2 11 141 -1
2 0 2 11 142 -1
2 0 3 8 213 -1
2 0 3 8 214 -1
2 0 3 8 215 0.977231
2 0 3 9 213 -1
2 0 3 9 214 0.62194
2 0 3 9 215 0.0858102
2 0 3 10 213 0.681191
2 0 3 10 214 -1
2 0 3 10 215 -1
2 0 3 11 213 -1
2 0 3 11 214 -1
2 0 3 11 215 -1
2 0 4 8 267 -1
2 0 4 8 268 0.538664
2 0 4 8 269 0.881007
2 0 4 8 270 -1
2 0 4 9 267 -1
2 0 4 9 268 0.818671
2 0 4 9 269 0.746176
2 0 4 9 270 -1
2 0 4 10 267 -1
2 0 4 10 268 -1
2 0 4 10 269 -1
2 0 4 10 270 0.650055
2 0 4 11 267 0.853298
2 0 4 11 268 -1
2 0 4 11 269 -1
2 0 4 11 270 -1
2 1 2 70 137 -1
2 1 2 70 138 -1
2 1 2 70 139 -1
2 1 2 70 140 -1
2 1 2 70 141 0.929315
2 1 2 70 142 -1
2 1 2 71 137 0.609176
2 1 2 71 138 -1
2 1 2 71 139 -1
2 1 2 71 140 -1
2 1 2 71 141 -1
2 1 2 71 142 -1
2 1 2 72 137 -1
2 1 2 72 138 -1
2 1 2 72 139 -1
2 1 2 72 140 -1
2 1 2 72 141 -1
2 1 2 72 142 0.906863
2 1 3 70 213 -1
2 1 3 70 214 0.849287
2 1 3 70 215 0.970739
2 1 3 71 213 0.783581
2 1 3 71 214 -1
2 1 3 71 215 -1
2 1 3 72 213 -1
2 1 3 72 214 0.822399
2 1 3 72 215 0.628691
2 1 4 70 267 -1
2 1 4 70 268 -1
2 1 4 70 269 0.962584
2 1 4 70 270 -1
2 1 4 71 267 0.085215
2 1 4 71 268 -1
2 1 4 71 269 -1
2 1 4 71 270 0.857933
2 1 4 72 267 -1
2 1 4 72 268 0.966326
2 1 4 72 269 -1
2 1 4 72 270 -1
2 2 3 137 213 0.932373
2 2 3 137 214 -1
2 2 3 137 215 -1
2 2 3 138 213 0.162868
2 2 3 138 214 -1
2 2 3 138 215 -1
2 2 3 139 213 -1
2 2 3 139 214 -1
2 2 3 139 215 -1
2 2 3 140 213 -1
2 2 3 140 214 -1
2 2 3 140 215 0.360133
2 2 3 141 213 -1
2 2 3 141 214 -1
2 2 3 141 215 0.81857
2 2 3 142 213 -1
2 2 3 142 214 0.835291
2 2 3 142 215 -1
2 2 4 137 267 0.876996
2 2 4 137 268 -1
2 2 4 137 269 -1
2 2 4 137 270 0.800179
2 2 4 138 267 -1
2 2 4 138 268 -1
2 2 4 138 269 -1
2 2 4 138 270 -1
2 2 4 139 267 -1
2 2 4 139 268 -1
2 2 4 139 269 -1
2 2 4 139 270 -1
2 2 4 140 267 0.698459
2 2 4 140 268 -1
2 2 4 140 269 -1
2 2 4 140 270 0.762315
2 2 4 141 267 -1
2 2 4 141 268 -1
2 2 4 141 269 0.714404
2 2 4 141 270 -1
2 2 4 142 267 -1
2 2 4 142 268 0.999165
2 2 4 142 269 -1
2 2 4 142 270 -1
2 3 4 213 267 -0.964355
2 3 4 213 268 0.384666
2 3 4 213 269 0.475669
2 3 4 213 270 0.822371
2 3 4 214 267 -1
2 3 4 214 268 0.538051
2 3 4 214 269 -1
2 3 4 214 270 -1
2 3 4 215 267 -1
2 3 4 215 268 0.0630654
2 3 4 215 269 0.708655
2 3 4 215 270 0.524319
3 0 1 12 73 0.956014
3 0 1 12 74 0.185594
3 0 1 12 75 0.424306
3 0 1 12 76 -1
3 0 1 13 73 0.302486
3 0 1 13 74 0.350047
3 0 1 13 75 0.843658
3 0 1 13 76 -0.922866
3 0 1 14 73 -1
3 0 1 14 74 0.444335
3 0 1 14 75 0.0944287
3 0 1 14 76 -1
3 0 1 15 73 -1
3 0 1 15 74 0.441439
3 0 1 15 75 0.0323373
3 0 1 15 76 -1
3 0 1 16 73 -1
3 0 1 16 74 -0.450673
3 0 1 16 75 -1
3 0 1 16 76 0.673049
3 0 2 12 143 -1
3 0 2 12 144 -1
3 0 2 12 145 -1
3 0 2 12 146 0.970755
3 0 2 12 147 0.54186
3 0 2 12 148 -1
3 0 2 13 143 -1
3 0 2 13 144 -1
3 0 2 13 145 -1
3 0 2 13 146 -1
3 0 2 13 147 -1
3 0 2 13 148 0.856347
3 0 2 14 143 0.979932
3 0 2 14 144 -1
3 0 2 14 145 0.43129
3 0 2 14 146 -1
3 0 2 14 147 -1
3 0 2 14 148 -1
3 0 2 15 143 0.819443
3 0 2 15 144 -1
3 0 2 15 145 0.3301
3 0 2 15 146 -1
3 0 2 15 147 -1
3 0 2 15 148 -1
3 0 2 16 143 -1
3 0 2 16 144 -1
3 0 2 16 145 -1
3 0 2 16 146 0.963832
3 0 2 16 147 0.407594
3 0 2 16 148 -1
3 0 3 12 216 -1
3 0 3 12 217 -1
3 0 3 12 218 0.730448
3 0 3 13 216 -1
3 0 3 13 217 0.75776
3 0 3 13 218 -1
3 0 3 14 216 0.911302
3 0 3 14 217 -1
3 0 3 14 218 -1
3 0 3 15 216 0.83251
3 0 3 15 217 -1
3 0 3 15 218 -1
3 0 3 16 216 -1
3 0 3 16 217 -1
3 0 3 16 218 0.4832
3 0 4 12 271 -1
3 0 4 12 272 0.943507
3 0 4 12 273 0.950599
3 0 4 12 274 -1
3 0 4 13 271 -1
3 0 4 13 272 0.995236
3 0 4 13 273 0.863437
3 0 4 13 274 -1
3 0 4 14 271 -1
3 0 4 14 272 -1
3 0 4 14 273 -1
3 0 4 14 274 0.831266
3 0 4 15 271 -1
3 0 4 15 272 -1
3 0 4 15 273 -1
3 0 4 15 274 0.888995
3 0 4 16 271 0.832668
3 0 4 16 272 -1
3 0 4 16 273 -1
3 0 4 16 274 -1
3 1 2 73 143 -1
3 1 2 73 144 -1
3 1 2 73 145 -1
3 1 2 73 146 -1
3 1 2 73 147 0.130543
3 1 2 73 148 0.621693
3 1 2 74 143 0.922473
3 1 2 74 144 -1
3 1 2 74 145 -1
3 1 2 74 146 -1
3 1 2 74 147 -1
3 1 2 74 148 -1
3 1 2 75 143 -1
3 1 2 75 144 -1
3 1 2 75 145 -1
3 1 2 75 146 -1
3 1 2 75 147 -1
3 1 2 75 148 0.861736
3 1 2 76 143 -1
3 1 2 76 144 -1
3 1 2 76 145 0.0664975
3 1 2 76 146 0.983484
3 1 2 76 147 -1
3 1 2 76 148 -1
3 1 3 73 216 -1
3 1 3 73 217 0.700504
3 1 3 73 218 0.638896
3 1 3 74 216 0.974519
3 1 3 74 217 -1
3 1 3 74 218 -1
3 1 3 75 216 -1
3 1 3 75 217 0.955102
3 1 3 75 218 0.940785
3 1 3 76 216 0.378239
3 1 3 76 217 -1
3 1 3 76 218 -1
3 1 4 73 271 -1
3 1 4 73 272 -1
3 1 4 73 273 0.649954
3 1 4 73 274 -1
3 1 4 74 271 0.672883
3 1 4 74 272 -1
3 1 4 74 273 -1
3 1 4 74 274 0.951766
3 1 4 75 271 -1
3 1 4 75 272 0.742123
3 1 4 75 273 -1
3 1 4 75 274 -1
3 1 4 76 271 0.907946
3 1 4 76 272 -1
3 1 4 76 273 -1
3 1 4 76 274 0.620975
3 2 3 143 216 0.839607
3 2 3 143 217 -1
3 2 3 143 218 -1
3 2 3 144 216 0.690405
3 2 3 144 217 -1
3 2 3 144 218 -1
3 2 3 145 216 -1
3 2 3 145 217 -1
3 2 3 145 218 -1
3 2 3 146 216 -1
3 2 3 146 217 -1
3 2 3 146 218 -1
3 2 3 147 216 -1
3 2 3 147 217 -1
3 2 3 147 218 0.900641
3 2 3 148 216 -1
3 2 3 148 217 0.904003
3 2 3 148 218 -1
3 2 4 143 271 0.481046
3 2 4 143 272 -1
3 2 4 143 273 -1
3 2 4 143 274 0.93198
3 2 4 144 271 -1
3 2 4 144 272 -1
3 2 4 144 273 -1
3 2 4 144 274 -1
3 2 4 145 271 -1
3 2 4 145 272 -1
3 2 4 145 273 -1
3 2 4 145 274 0.167064
3 2 4 146 271 0.92541
3 2 4 146 272 -1
3 2 4 146 273 -1
3 2 4 146 274 -1
3 2 4 147 271 -1
3 2 4 147 272 -1
3 2 4 147 273 0.505421
3 2 4 147 274 -1
3 2 4 148 271 -1
3 2 4 148 272 0.945298
3 2 4 148 273 -1
3 2 4 148 274 -1
3 3 4 216 271 0.00715569
3 3 4 216 272 0.21531
3 3 4 216 273 0.164764
3 3 4 216 274 0.408958
3 3 4 217 271 -1
3 3 4 217 272 0.490694
3 3 4 217 273 -1
3 3 4 217 274 0.64187
3 3 4 218 271 -1
3 3 4 218 272 0.0185837
3 3 4 218 273 0.913405
3 3 4 218 274 -1
4 0 1 17 77 0.306056
4 0 1 17 78 0.260619
4 0 1 17 79 0.160992
4 0 1 17 80 0.148163
4 0 1 18 77 0.0714285
4 0 1 18 78 0.0484009
4 0 1 18 79 0.0651064
4 0 1 18 80 0.459279
4 0 2 17 149 -1
4 0 2 17 150 0.978644
4 0 2 18 149 0.973703
4 0 2 18 150 -1
4 0 3 17 219 -1
4 0 3 17 220 0.888982
4 0 3 18 219 0.893128
4 0 3 18 220 0.101868
4 0 4 17 275 0.78453
4 0 4 17 276 -1
4 0 4 17 277 0.891557
4 0 4 17 278 -1
4 0 4 18 275 -1
4 0 4 18 276 0.73534
4 0 4 18 277 -1
4 0 4 18 278 -1
4 1 2 77 149 -1
4 1 2 77 150 0.977097
4 1 2 78 149 -1
4 1 2 78 150 -1
4 1 2 79 149 0.935991
4 1 2 79 150 -1
4 1 2 80 149 -1
4 1 2 80 150 -1
4 1 3 77 219 0.0558689
4 1 3 77 220 0.218668
4 1 3 78 219 0.0525107
4 1 3 78 220 0.243685
4 1 3 79 219 0.100935
4 1 3 79 220 0.325713
4 1 3 80 219 0.509344
4 1 3 80 220 0.134106
4 1 4 77 275 0.96518
4 1 4 77 276 -1
4 1 4 77 277 -1
4 1 4 77 278 -1
4 1 4 78 275 -1
4 1 4 78 276 -1
4 1 4 78 277 0.953205
4 1 4 78 278 -1
4 1 4 79 275 -1
4 1 4 79 276 0.701387
4 1 4 79 277 -1
4 1 4 79 278 0.958242
4 1 4 80 275 -1
4 1 4 80 276 0.774812
4 1 4 80 277 -1
4 1 4 80 278 0.967869
4 2 3 149 219 -1
4 2 3 149 220 0.889329
4 2 3 150 219 -1
4 2 3 150 220 -1
4 2 4 149 275 -1
4 2 4 149 276 -1
4 2 4 149 277 -1
4 2 4 149 278 0.978772
4 2 4 150 275 0.803335
4 2 4 150 276 -1
4 2 4 150 277 0.504561
4 2 4 150 278 -1
4 3 4 219 275 0.235538
4 3 4 219 276 0.293484
4 3 4 219 277 0.167218
4 3 4 219 278 0.143366
4 3 4 220 275 -1
4 3 4 220 276 -1
4 3 4 220 277 0.555625
4 3 4 220 278 0.619009
5 0 1 19 81 0.00822335
5 0 1 19 82 0.160862
5 0 1 19 83 0.0374261
5 0 1 20 81 0.374252
5 0 1 20 82 0.164058
5 0 1 20 83 0.106837
5 0 1 21 81 0.338904
5 0 1 21 82 0.158802
5 0 1 21 83 0.126905
5 0 1 22 81 -1
5 0 1 22 82 0.0432843
5 0 1 22 83 0.385506
5 0 2 19 151 0.582757
5 0 2 19 152 0.486852
5 0 2 19 153 -1
5 0 2 19 154 -1
5 0 2 19 155 -1
5 0 2 20 151 -1
5 0 2 20 152 -1
5 0 2 20 153 -1
5 0 2 20 154 0.514177
5 0 2 20 155 0.998256
5 0 2 21 151 -1
5 0 2 21 152 -1
5 0 2 21 153 -1
5 0 2 21 154 0.758129
5 0 2 21 155 0.801212
5 0 2 22 151 0.70654
5 0 2 22 152 0.825766
5 0 2 22 153 0.195503
5 0 2 22 154 -1
5 0 2 22 155 -1
5 0 3 19 221 0.109615
5 0 3 19 222 0.128694
5 0 3 19 223 0.00610733
5 0 3 19 224 0.109638
5 0 3 20 221 0.118422
5 0 3 20 222 0.103509
5 0 3 20 223 0.069537
5 0 3 20 224 0.0843473
5 0 3 21 221 0.0853845
5 0 3 21 222 0.0868516
5 0 3 21 223 0.11596
5 0 3 21 224 0.0919527
5 0 3 22 221 0.0513123
5 0 3 22 222 0.0481217
5 0 3 22 223 0.204577
5 0 3 22 224 0.0923569
5 0 4 19 279 -1
5 0 4 19 280 -1
5 0 4 19 281 -0.978779
5 0 4 19 282 0.570983
5 0 4 20 279 0.930089
5 0 4 20 280 -1
5 0 4 20 281 0.87879
5 0 4 20 282 0.1118
5 0 4 21 279 0.779629
5 0 4 21 280 -1
5 0 4 21 281 0.957411
5 0 4 21 282 0.111304
5 0 4 22 279 0.1016
5 0 4 22 280 0.606923
5 0 4 22 281 0.0922058
5 0 4 22 282 0.133165
5 1 2 81 151 -1
5 1 2 81 152 -1
5 1 2 81 153 -1
5 1 2 81 154 0.844525
5 1 2 81 155 -1
5 1 2 82 151 -1
5 1 2 82 152 -1
5 1 2 82 153 -1
5 1 2 82 154 -1
5 1 2 82 155 0.877145
5 1 2 83 151 0.897627
5 1 2 83 152 -1
5 1 2 83 153 -1
5 1 2 83 154 -1
5 1 2 83 155 -1
5 1 3 81 221 0.139229
5 1 3 81 222 0.137132
5 1 3 81 223 0.0804477
5 1 3 81 224 0.112207
5 1 3 82 221 0.125737
5 1 3 82 222 0.126707
5 1 3 82 223 0.0838741
5 1 3 82 224 0.128325
5 1 3 83 221 0.0722244
5 1 3 83 222 0.0739045
5 1 3 83 223 0.212716
5 1 3 83 224 0.107278
5 1 4 81 279 0.954867
5 1 4 81 280 -1
5 1 4 81 281 -1
5 1 4 81 282 -1
5 1 4 82 279 -1
5 1 4 82 280 -1
5 1 4 82 281 0.990815
5 1 4 82 282 -1
5 1 4 83 279 -0.979214
5 1 4 83 280 0.883721
5 1 4 83 281 0.136457
5 1 4 83 282 0.959036
5 2 3 151 221 -1
5 2 3 151 222 -1
5 2 3 151 223 0.962199
5 2 3 151 224 -1
5 2 3 152 221 0.40656
5 2 3 152 222 -1
5 2 3 152 223 -1
5 2 3 152 224 0.787923
5 2 3 153 221 0.117695
5 2 3 153 222 -1
5 2 3 153 223 -1
5 2 3 153 224 0.814913
5 2 3 154 221 -1
5 2 3 154 222 0.836477
5 2 3 154 223 -1
5 2 3 154 224 -1
5 2 3 155 221 0.758346
5 2 3 155 222 -1
5 2 3 155 223 -1
5 2 3 155 224 0.068122
5 2 4 151 279 -1
5 2 4 151 280 0.944146
5 2 4 151 281 -1
5 2 4 151 282 0.33944
5 2 4 152 279 -1
5 2 4 152 280 -1
5 2 4 152 281 -1
5 2 4 152 282 0.609358
5 2 4 153 279 -1
5 2 4 153 280 -1
5 2 4 153 281 -1
5 2 4 153 282 0.10102
5 2 4 154 279 0.873541
5 2 4 154 280 -1
5 2 4 154 281 -1
5 2 4 154 282 -1
5 2 4 155 279 -1
5 2 4 155 280 -1
5 2 4 155 281 0.860049
5 2 4 155 282 -1
5 3 4 221 279 0.0792821
5 3 4 221 280 0.079214
5 3 4 221 281 0.075329
5 3 4 221 282 0.0784248
5 3 4 222 279 0.0898638
5 3 4 222 280 0.0971789
5 3 4 222 281 0.0630288
5 3 4 222 282 0.0615583
5 3 4 223 279 0.0757985
5 3 4 223 280 0.0818568
5 3 4 223 281 0.0768787
5 3 4 223 282 0.0780346
5 3 4 224 279 0.0672711
5 3 4 224 280 0.0527346
5 3 4 224 281 0.0981183
5 3 4 224 282 0.095171
6 0 1 23 84 0.115893
6 0 1 23 85 0.257863
6 0 1 23 86 0.0743233
6 0 1 24 84 0.342598
6 0 1 24 85 0.140114
6 0 1 24 86 0.10877
6 0 1 25 84 0.349957
6 0 1 25 85 0.101525
6 0 1 25 86 0.145919
6 0 1 26 84 -1
6 0 1 26 85 0.0849373
6 0 1 26 86 0.312535
6 0 2 23 156 -1
6 0 2 23 157 0.660162
6 0 2 23 158 0.986092
6 0 2 23 159 -1
6 0 2 23 160 -1
6 0 2 24 156 -1
6 0 2 24 157 -1
6 0 2 24 158 -1
6 0 2 24 159 -1
6 0 2 24 160 0.836175
6 0 2 25 156 -1
6 0 2 25 157 -1
6 0 2 25 158 -1
6 0 2 25 159 0.965148
6 0 2 25 160 -1
6 0 2 26 156 0.68867
6 0 2 26 157 -1
6 0 2 26 158 0.301521
6 0 2 26 159 -1
6 0 2 26 160 -1
6 0 3 23 225 0.295656
6 0 3 23 226 -0.953349
6 0 3 23 227 0.0858807
6 0 3 24 225 0.175309
6 0 3 24 226 0.194824
6 0 3 24 227 0.116746
6 0 3 25 225 0.093472
6 0 3 25 226 0.331303
6 0 3 25 227 0.158683
6 0 3 26 225 0.086057
6 0 3 26 226 0.372538
6 0 3 26 227 0.149689
6 0 4 23 283 -1
6 0 4 23 284 -1
6 0 4 23 285 0.86098
6 0 4 24 283 0.402892
6 0 4 24 284 0.356962
6 0 4 24 285 0.240147
6 0 4 25 283 0.426161
6 0 4 25 284 0.384466
6 0 4 25 285 0.189373
6 0 4 26 283 -1
6 0 4 26 284 -1
6 0 4 26 285 -1
6 1 2 84 156 -1
6 1 2 84 157 -1
6 1 2 84 158 -1
6 1 2 84 159 -1
6 1 2 84 160 0.88353
6 1 2 85 156 -1
6 1 2 85 157 -1
6 1 2 85 158 0.991184
6 1 2 85 159 -1
6 1 2 85 160 -1
6 1 2 86 156 0.775622
6 1 2 86 157 0.323815
6 1 2 86 158 -1
6 1 2 86 159 -1
6 1 2 86 160 -1
6 1 3 84 225 0.161225
6 1 3 84 226 0.154785
6 1 3 84 227 0.159709
6 1 3 85 225 0.252557
6 1 3 85 226 0.0513789
6 1 3 85 227 0.141827
6 1 3 86 225 0.100528
6 1 3 86 226 0.227327
6 1 3 86 227 0.168304
6 1 4 84 283 -1
6 1 4 84 284 0.901123
6 1 4 84 285 -1
6 1 4 85 283 -1
6 1 4 85 284 -1
6 1 4 85 285 0.944727
6 1 4 86 283 -1
6 1 4 86 284 -1
6 1 4 86 285 0.779336
6 2 3 156 225 -1
6 2 3 156 226 0.933381
6 2 3 156 227 -1
6 2 3 157 225 0.0581449
6 2 3 157 226 -1
6 2 3 157 227 -1
6 2 3 158 225 0.796571
6 2 3 158 226 -1
6 2 3 158 227 -1
6 2 3 159 225 -1
6 2 3 159 226 -1
6 2 3 159 227 0.913639
6 2 3 160 225 0.959478
6 2 3 160 226 -1
6 2 3 160 227 -1
6 2 4 156 283 -1
6 2 4 156 284 -1
6 2 4 156 285 -1
6 2 4 157 283 -1
6 2 4 157 284 -1
6 2 4 157 285 0.777848
6 2 4 158 283 -1
6 2 4 158 284 -1
6 2 4 158 285 0.845122
6 2 4 159 283 0.967115
6 2 4 159 284 0.210726
6 2 4 159 285 -1
6 2 4 160 283 -1
6 2 4 160 284 0.807614
6 2 4 160 285 -1
6 3 4 225 283 0.127454
6 3 4 225 284 0.129527
6 3 4 225 285 0.129802
6 3 4 226 283 0.130123
6 3 4 226 284 0.129722
6 3 4 226 285 0.126877
6 3 4 227 283 0.129238
6 3 4 227 284 0.127435
6 3 4 227 285 0.12974
7 0 1 27 87 0.581781
7 0 1 27 88 0.861832
7 0 1 27 89 -1
7 0 1 28 87 0.780914
7 0 1 28 88 -1
7 0 1 28 89 -1
7 0 1 29 87 0.593503
7 0 1 29 88 -1
7 0 1 29 89 0.829723
7 0 1 30 87 -1
7 0 1 30 88 -1
7 0 1 30 89 -1
7 0 2 27 161 -1
7 0 2 27 162 -1
7 0 2 27 163 0.988614
7 0 2 27 164 0.938752
7 0 2 27 165 -1
7 0 2 28 161 0.341222
7 0 2 28 162 0.439029
7 0 2 28 163 -1
7 0 2 28 164 -1
7 0 2 28 165 -1
7 0 2 29 161 -1
7 0 2 29 162 -1
7 0 2 29 163 0.0992082
7 0 2 29 164 -1
7 0 2 29 165 0.492559
7 0 2 30 161 -1
7 0 2 30 162 -1
7 0 2 30 163 0.223283
7 0 2 30 164 -1
7 0 2 30 165 -1
7 0 3 27 228 -1
7 0 3 27 229 -1
7 0 3 27 230 0.889714
7 0 3 28 228 0.607438
7 0 3 28 229 -1
7 0 3 28 230 -1
7 0 3 29 228 -1
7 0 3 29 229 0.702513
7 0 3 29 230 -1
7 0 3 30 228 -1
7 0 3 30 229 -1
7 0 3 30 230 -1
7 0 4 27 286 -1
7 0 4 27 287 0.34426
7 0 4 27 288 0.958461
7 0 4 27 289 -1
7 0 4 28 286 -1
7 0 4 28 287 -1
7 0 4 28 288 -1
7 0 4 28 289 0.972401
7 0 4 29 286 -1
7 0 4 29 287 0.836761
7 0 4 29 288 0.287202
7 0 4 29 289 -1
7 0 4 30 286 0.869154
7 0 4 30 287 -1
7 0 4 30 288 -1
7 0 4 30 289 -1
7 1 2 87 161 0.447881
7 1 2 87 162 -1
7 1 2 87 163 -1
7 1 2 87 164 -1
7 1 2 87 165 -1
7 1 2 88 161 -1
7 1 2 88 162 -1
7 1 2 88 163 -1
7 1 2 88 164 0.95147
7 1 2 88 165 -1
7 1 2 89 161 -1
7 1 2 89 162 -1
7 1 2 89 163 -1
7 1 2 89 164 -1
7 1 2 89 165 0.802982
7 1 3 87 228 0.7718
7 1 3 87 229 -1
7 1 3 87 230 -1
7 1 3 88 228 -1
7 1 3 88 229 0.694907
7 1 3 88 230 0.974556
7 1 3 89 228 -1
7 1 3 89 229 0.939576
7 1 3 89 230 0.476062
7 1 4 87 286 -1
7 1 4 87 287 -1
7 1 4 87 288 -1
7 1 4 87 289 0.802596
7 1 4 88 286 -1
7 1 4 88 287 -1
7 1 4 88 288 0.913645
7 1 4 88 289 -1
7 1 4 89 286 -1
7 1 4 89 287 0.935857
7 1 4 89 288 -1
7 1 4 89 289 -1
7 2 3 161 228 0.760701
7 2 3 161 229 -1
7 2 3 161 230 -1
7 2 3 162 228 -1
7 2 3 162 229 -1
7 2 3 162 230 -1
7 2 3 163 228 -1
7 2 3 163 229 -1
7 2 3 163 230 -1
7 2 3 164 228 -1
7 2 3 164 229 0.027865
7 2 3 164 230 0.949827
7 2 3 165 228 -1
7 2 3 165 229 0.801328
7 2 3 165 230 -1
7 2 4 161 286 0.101371
7 2 4 161 287 -1
7 2 4 161 288 -1
7 2 4 161 289 0.242191
7 2 4 162 286 -1
7 2 4 162 287 -1
7 2 4 162 288 -1
7 2 4 162 289 -1
7 2 4 163 286 0.773086
7 2 4 163 287 -1
7 2 4 163 288 -1
7 2 4 163 289 -1
7 2 4 164 286 -1
7 2 4 164 287 -1
7 2 4 164 288 0.831598
7 2 4 164 289 -1
7 2 4 165 286 -1
7 2 4 165 287 0.958039
7 2 4 165 288 -1
7 2 4 165 289 -1
7 3 4 228 286 -1
7 3 4 228 287 0.370498
7 3 4 228 288 0.248641
7 3 4 228 289 0.469596
7 3 4 229 286 -1
7 3 4 229 287 0.911171
7 3 4 229 288 -1
7 3 4 229 289 -1
7 3 4 230 286 -1
7 3 4 230 287 -1
7 3 4 230 288 0.857943
7 3 4 230 289 0.315144
8 0 1 31 90 0.281618
8 0 1 31 91 0.968918
8 0 1 31 92 -1
8 0 1 31 93 -1
8 0 1 32 90 0.830137
8 0 1 32 91 -1
8 0 1 32 92 0.72228
8 0 1 32 93 -1
8 0 1 33 90 0.826026
8 0 1 33 91 -1
8 0 1 33 92 0.81429
8 0 1 33 93 -1
8 0 1 34 90 -0.937781
8 0 1 34 91 -1
8 0 1 34 92 -1
8 0 1 34 93 0.79538
8 0 2 31 166 -1
8 0 2 31 167 -1
8 0 2 31 168 0.24813
8 0 2 31 169 0.84953
8 0 2 31 170 -1
8 0 2 32 166 0.971611
8 0 2 32 167 0.680966
8 0 2 32 168 -1
8 0 2 32 169 -1
8 0 2 32 170 -1
8 0 2 33 166 -1
8 0 2 33 167 -1
8 0 2 33 168 0.12505
8 0 2 33 169 -1
8 0 2 33 170 0.798507
8 0 2 34 166 -1
8 0 2 34 167 -1
8 0 2 34 168 0.973355
8 0 2 34 169 -1
8 0 2 34 170 -1
8 0 3 31 231 -1
8 0 3 31 232 -1
8 0 3 31 233 0.886941
8 0 3 32 231 0.934317
8 0 3 32 232 -1
8 0 3 32 233 -1
8 0 3 33 231 -1
8 0 3 33 232 0.793125
8 0 3 33 233 -1
8 0 3 34 231 -1
8 0 3 34 232 -1
8 0 3 34 233 -1
8 0 4 31 290 -1
8 0 4 31 291 0.298534
8 0 4 31 292 0.932137
8 0 4 31 293 -1
8 0 4 32 290 -1
8 0 4 32 291 -1
8 0 4 32 292 -1
8 0 4 32 293 0.825885
8 0 4 33 290 -1
8 0 4 33 291 0.571737
8 0 4 33 292 0.660165
8 0 4 33 293 -1
8 0 4 34 290 0.786639
8 0 4 34 291 -1
8 0 4 34 292 -1
8 0 4 34 293 -1
8 1 2 90 166 0.955518
8 1 2 90 167 -1
8 1 2 90 168 0.368396
8 1 2 90 169 -1
8 1 2 90 170 -1
8 1 2 91 166 -1
8 1 2 91 167 -1
8 1 2 91 168 -1
8 1 2 91 169 0.679341
8 1 2 91 170 0.819804
8 1 2 92 166 -1
8 1 2 92 167 -1
8 1 2 92 168 -1
8 1 2 92 169 0.682597
8 1 2 92 170 0.83071
8 1 2 93 166 0.127828
8 1 2 93 167 -1
8 1 2 93 168 0.731187
8 1 2 93 169 -1
8 1 2 93 170 -1
8 1 3 90 231 0.895186
8 1 3 90 232 -1
8 1 3 90 233 -1
8 1 3 91 231 -1
8 1 3 91 232 0.556584
8 1 3 91 233 0.866772
8 1 3 92 231 -1
8 1 3 92 232 0.981579
8 1 3 92 233 0.558417
8 1 3 93 231 -1
8 1 3 93 232 -1
8 1 3 93 233 -1
8 1 4 90 290 0.839323
8 1 4 90 291 -1
8 1 4 90 292 -1
8 1 4 90 293 0.685178
8 1 4 91 290 -1
8 1 4 91 291 0.308246
8 1 4 91 292 0.875099
8 1 4 91 293 -1
8 1 4 92 290 -1
8 1 4 92 291 0.877552
8 1 4 92 292 -1
8 1 4 92 293 -1
8 1 4 93 290 0.927707
8 1 4 93 291 -1
8 1 4 93 292 -1
8 1 4 93 293 0.227032
8 2 3 166 231 0.841892
8 2 3 166 232 -1
8 2 3 166 233 -1
8 2 3 167 231 -1
8 2 3 167 232 -1
8 2 3 167 233 -1
8 2 3 168 231 -1
8 2 3 168 232 -1
8 2 3 168 233 -1
8 2 3 169 231 -1
8 2 3 169 232 -1
8 2 3 169 233 0.965792
8 2 3 170 231 -1
8 2 3 170 232 0.892913
8 2 3 170 233 -1
8 2 4 166 290 0.974052
8 2 4 166 291 -1
8 2 4 166 292 -1
8 2 4 166 293 0.733673
8 2 4 167 290 -1
8 2 4 167 291 -1
8 2 4 167 292 -1
8 2 4 167 293 -1
8 2 4 168 290 0.649662
8 2 4 168 291 -1
8 2 4 168 292 -1
8 2 4 168 293 0.147194
8 2 4 169 290 -1
8 2 4 169 291 -1
8 2 4 169 292 0.685864
8 2 4 169 293 -1
8 2 4 170 290 -1
8 2 4 170 291 0.895908
8 2 4 170 292 -1
8 2 4 170 293 -1
8 3 4 231 290 -1
8 3 4 231 291 0.625629
8 3 4 231 292 0.336525
8 3 4 231 293 0.672875
8 3 4 232 290 -1
8 3 4 232 291 0.960949
8 3 4 232 292 -1
8 3 4 232 293 -1
8 3 4 233 290 -1
8 3 4 233 291 -1
8 3 4 233 292 0.845162
8 3 4 233 293 -1
9 0 1 35 94 0.0317303
9 0 1 35 95 -1
9 0 1 35 96 -1
9 0 1 36 94 0.270402
9 0 1 36 95 0.299411
9 0 1 36 96 0.259701
9 0 1 37 94 0.158292
9 0 1 37 95 0.383012
9 0 1 37 96 0.358894
9 0 2 35 171 -1
9 0 2 35 172 -1
9 0 2 36 171 0.499425
9 0 2 36 172 0.500575
9 0 2 37 171 0.4982
9 0 2 37 172 0.5018
9 0 3 35 234 0.22048
9 0 3 35 235 -1
9 0 3 36 234 0.253078
9 0 3 36 235 -1
9 0 3 37 234 0.526443
9 0 3 37 235 -1
9 0 4 35 294 -1
9 0 4 35 295 0.928746
9 0 4 36 294 -1
9 0 4 36 295 -1
9 0 4 37 294 -1
9 0 4 37 295 -1
9 1 2 94 171 -1
9 1 2 94 172 0.886998
9 1 2 95 171 0.967089
9 1 2 95 172 -1
9 1 2 96 171 -1
9 1 2 96 172 -1
9 1 3 94 234 0.891203
9 1 3 94 235 -1
9 1 3 95 234 0.99767
9 1 3 95 235 -1
9 1 3 96 234 -1
9 1 3 96 235 0.887122
9 1 4 94 294 -1
9 1 4 94 295 -1
9 1 4 95 294 -1
9 1 4 95 295 -1
9 1 4 96 294 0.599439
9 1 4 96 295 0.400561
9 2 3 171 234 0.985465
9 2 3 171 235 -1
9 2 3 172 234 -1
9 2 3 172 235 -1
9 2 4 171 294 -1
9 2 4 171 295 -1
9 2 4 172 294 -1
9 2 4 172 295 -1
9 3 4 234 294 0.461857
9 3 4 234 295 -1
9 3 4 235 294 0.419447
9 3 4 235 295 0.328207
10 0 1 38 97 0.94904
10 0 1 38 98 0.999134
10 0 1 38 99 -1
10 0 1 39 97 -1
10 0 1 39 98 -1
10 0 1 39 99 0.914098
10 0 2 38 173 0.547836
10 0 2 38 174 -1
10 0 2 39 173 0.452164
10 0 2 39 174 -1
10 0 3 38 236 0.535637
10 0 3 38 237 0.464363
10 0 3 39 236 -1
10 0 3 39 237 -1
10 0 4 38 296 -1
10 0 4 38 297 -1
10 0 4 39 296 -1
10 0 4 39 297 -1
10 1 2 97 173 0.852518
10 1 2 97 174 -1
10 1 2 98 173 0.967895
10 1 2 98 174 -1
10 1 2 99 173 -1
10 1 2 99 174 -1
10 1 3 97 236 0.395082
10 1 3 97 237 0.487315
10 1 3 98 236 0.426203
10 1 3 98 237 0.510967
10 1 3 99 236 -1
10 1 3 99 237 -1
10 1 4 97 296 -1
10 1 4 97 297 -1
10 1 4 98 296 -1
10 1 4 98 297 -1
10 1 4 99 296 -1
10 1 4 99 297 -1
10 2 3 173 236 -1
10 2 3 173 237 0.388964
10 2 3 174 236 -1
10 2 3 174 237 0.611036
10 2 4 173 296 -1
10 2 4 173 297 -1
10 2 4 174 296 0.363084
10 2 4 174 297 0.636916
10 3 4 236 296 0.603082
10 3 4 236 297 0.185294
10 3 4 237 296 0.220391
10 3 4 237 297 0.61661
11 0 1 40 100 0.160053
11 0 1 40 101 0.439552
11 0 1 40 102 0.400394
11 0 1 41 100 -1
11 0 1 41 101 -1
11 0 1 41 102 -1
11 0 2 40 175 -1
11 0 2 40 176 -1
11 0 2 40 177 0.890199
11 0 2 40 178 0.523319
11 0 2 41 175 -1
11 0 2 41 176 0.410114
11 0 2 41 177 -1
11 0 2 41 178 -1
11 0 3 40 238 -1
11 0 3 40 239 0.372044
11 0 3 40 240 0.752288
11 0 3 41 238 -1
11 0 3 41 239 0.341812
11 0 3 41 240 -1
11 0 4 40 298 -1
11 0 4 40 299 0.889419
11 0 4 40 300 -1
11 0 4 41 298 0.933515
11 0 4 41 299 -1
11 0 4 41 300 0.113433
11 1 2 100 175 -1
11 1 2 100 176 -1
11 1 2 100 177 -1
11 1 2 100 178 0.991947
11 1 2 101 175 0.983841
11 1 2 101 176 -1
11 1 2 101 177 -1
11 1 2 101 178 -1
11 1 2 102 175 -1
11 1 2 102 176 -1
11 1 2 102 177 0.936382
11 1 2 102 178 -1
11 1 3 100 238 0.112127
11 1 3 100 239 0.188645
11 1 3 100 240 0.274476
11 1 3 101 238 0.281116
11 1 3 101 239 0.161304
11 1 3 101 240 0.0478508
11 1 3 102 238 0.188172
11 1 3 102 239 0.182419
11 1 3 102 240 0.162568
11 1 4 100 298 -1
11 1 4 100 299 -1
11 1 4 100 300 -1
11 1 4 101 298 0.310762
11 1 4 101 299 0.0949908
11 1 4 101 300 0.594248
11 1 4 102 298 -1
11 1 4 102 299 0.768558
11 1 4 102 300 0.329936
11 2 3 175 238 0.888884
11 2 3 175 239 -1
11 2 3 175 240 -1
11 2 3 176 238 -1
11 2 3 176 239 0.371859
11 2 3 176 240 -1
11 2 3 177 238 -1
11 2 3 177 239 -1
11 2 3 177 240 0.755815
11 2 3 178 238 -1
11 2 3 178 239 0.933185
11 2 3 178 240 -1
11 2 4 175 298 0.718764
11 2 4 175 299 -1
11 2 4 175 300 0.851358
11 2 4 176 298 0.232039
11 2 4 176 299 -1
11 2 4 176 300 0.962339
11 2 4 177 298 -1
11 2 4 177 299 0.693104
11 2 4 177 300 -1
11 2 4 178 298 -1
11 2 4 178 299 -1
11 2 4 178 300 -1
11 3 4 238 298 0.0901957
11 3 4 238 299 0.177378
11 3 4 238 300 0.194318
11 3 4 239 298 -1
11 3 4 239 299 0.383718
11 3 4 239 300 0.25643
11 3 4 240 298 -1
11 3 4 240 299 0.276375
11 3 4 240 300 0.371201
12 0 1 42 103 0.288472
12 0 1 42 104 0.333501
12 0 1 42 105 0.17483
12 0 1 43 103 0.237449
12 0 1 43 104 0.0692093
12 0 1 43 105 0.39472
12 0 2 42 179 -1
12 0 2 42 180 -1
12 0 2 42 181 0.46135
12 0 2 42 182 -1
12 0 2 43 179 -1
12 0 2 43 180 -1
12 0 2 43 181 0.53865
12 0 2 43 182 -1
12 0 3 42 241 -1
12 0 3 42 242 -1
12 0 3 42 243 0.581919
12 0 3 43 241 -1
12 0 3 43 242 -1
12 0 3 43 243 0.418081
12 0 4 42 301 0.335699
12 0 4 42 302 0.137876
12 0 4 42 303 0.488659
12 0 4 43 301 -1
12 0 4 43 302 0.729289
12 0 4 43 303 -1
12 1 2 103 179 0.862445
12 1 2 103 180 0.144997
12 1 2 103 181 0.203642
12 1 2 103 182 -1
12 1 2 104 179 -1
12 1 2 104 180 -1
12 1 2 104 181 -1
12 1 2 104 182 0.948003
12 1 2 105 179 -1
12 1 2 105 180 0.841504
12 1 2 105 181 0.940625
12 1 2 105 182 -1
12 1 3 103 241 0.597489
12 1 3 103 242 -1
12 1 3 103 243 -1
12 1 3 104 241 -1
12 1 3 104 242 0.997509
12 1 3 104 243 0.922399
12 1 3 105 241 0.66189
12 1 3 105 242 -1
12 1 3 105 243 -1
12 1 4 103 301 -1
12 1 4 103 302 0.993342
12 1 4 103 303 -1
12 1 4 104 301 0.890035
12 1 4 104 302 -1
12 1 4 104 303 0.119571
12 1 4 105 301 -1
12 1 4 105 302 0.986485
12 1 4 105 303 -1
12 2 3 179 241 0.673956
12 2 3 179 242 -1
12 2 3 179 243 -1
12 2 3 180 241 -1
12 2 3 180 242 -1
12 2 3 180 243 -1
12 2 3 181 241 -1
12 2 3 181 242 -1
12 2 3 181 243 -1
12 2 3 182 241 -1
12 2 3 182 242 0.902538
12 2 3 182 243 -1
12 2 4 179 301 -1
12 2 4 179 302 -1
12 2 4 179 303 -1
12 2 4 180 301 -1
12 2 4 180 302 0.236416
12 2 4 180 303 -1
12 2 4 181 301 -1
12 2 4 181 302 0.966904
12 2 4 181 303 -1
12 2 4 182 301 0.828397
12 2 4 182 302 -1
12 2 4 182 303 -1
12 3 4 241 301 0.24327
12 3 4 241 302 0.271438
12 3 4 241 303 0.121406
12 3 4 242 301 0.381866
12 3 4 242 302 -1
12 3 4 242 303 0.226057
12 3 4 243 301 0.171997
12 3 4 243 302 -1
12 3 4 243 303 0.551293
13 0 1 44 106 0.747163
13 0 1 44 107 0.857547
13 0 1 44 108 -1
13 0 1 45 106 0.647824
13 0 1 45 107 -1
13 0 1 45 108 -1
13 0 1 46 106 -1
13 0 1 46 107 -1
13 0 1 46 108 0.698961
13 0 2 44 183 -1
13 0 2 44 184 -1
13 0 2 44 185 0.38476
13 0 2 44 186 0.801013
13 0 2 44 187 -1
13 0 2 45 183 0.32806
13 0 2 45 184 0.498763
13 0 2 45 185 -1
13 0 2 45 186 -1
13 0 2 45 187 -1
13 0 2 46 183 -1
13 0 2 46 184 -1
13 0 2 46 185 -1
13 0 2 46 186 -1
13 0 2 46 187 0.656676
13 0 3 44 244 -1
13 0 3 44 245 -1
13 0 3 44 246 0.812884
13 0 3 45 244 0.336944
13 0 3 45 245 -1
13 0 3 45 246 -1
13 0 3 46 244 -1
13 0 3 46 245 0.736727
13 0 3 46 246 -1
13 0 4 44 304 -1
13 0 4 44 305 0.460026
13 0 4 44 306 0.96913
13 0 4 44 307 -1
13 0 4 45 304 -1
13 0 4 45 305 -1
13 0 4 45 306 -1
13 0 4 45 307 0.874682
13 0 4 46 304 -1
13 0 4 46 305 0.691681
13 0 4 46 306 0.663429
13 0 4 46 307 -1
13 1 2 106 183 -1
13 1 2 106 184 0.706654
13 1 2 106 185 -1
13 1 2 106 186 -1
13 1 2 106 187 -1
13 1 2 107 183 -1
13 1 2 107 184 -1
13 1 2 107 185 -1
13 1 2 107 186 0.818197
13 1 2 107 187 -1
13 1 2 108 183 -1
13 1 2 108 184 -1
13 1 2 108 185 -1
13 1 2 108 186 -1
13 1 2 108 187 0.744314
13 1 3 106 244 0.54154
13 1 3 106 245 -1
13 1 3 106 246 -1
13 1 3 107 244 -1
13 1 3 107 245 0.825931
13 1 3 107 246 0.897974
13 1 3 108 244 -1
13 1 3 108 245 0.71351
13 1 3 108 246 0.272443
13 1 4 106 304 -1
13 1 4 106 305 -1
13 1 4 106 306 -1
13 1 4 106 307 0.727474
13 1 4 107 304 -1
13 1 4 107 305 -1
13 1 4 107 306 0.82807
13 1 4 107 307 -1
13 1 4 108 304 -1
13 1 4 108 305 0.887405
13 1 4 108 306 -1
13 1 4 108 307 -1
13 2 3 183 244 -1
13 2 3 183 245 -1
13 2 3 183 246 -1
13 2 3 184 244 0.884257
13 2 3 184 245 -1
13 2 3 184 246 -1
13 2 3 185 244 -1
13 2 3 185 245 -1
13 2 3 185 246 -1
13 2 3 186 244 -1
13 2 3 186 245 -1
13 2 3 186 246 0.978334
13 2 3 187 244 -1
13 2 3 187 245 0.96409
13 2 3 187 246 -1
13 2 4 183 304 -1
13 2 4 183 305 -1
13 2 4 183 306 -1
13 2 4 183 307 -1
13 2 4 184 304 -1
13 2 4 184 305 -1
13 2 4 184 306 -1
13 2 4 184 307 0.409339
13 2 4 185 304 0.906833
13 2 4 185 305 -1
13 2 4 185 306 -1
13 2 4 185 307 -1
13 2 4 186 304 -1
13 2 4 186 305 -1
13 2 4 186 306 0.972975
13 2 4 186 307 -1
13 2 4 187 304 -1
13 2 4 187 305 0.903554
13 2 4 187 306 -1
13 2 4 187 307 -1
13 3 4 244 304 -1
13 3 4 244 305 0.0749852
13 3 4 244 306 -1
13 3 4 244 307 0.151332
13 3 4 245 304 -1
13 3 4 245 305 0.894709
13 3 4 245 306 -1
13 3 4 245 307 -1
13 3 4 246 304 -1
13 3 4 246 305 -1
13 3 4 246 306 0.970418
13 3 4 246 307 -1
14 0 1 47 109 0.0866581
14 0 1 47 110 0.933822
14 0 1 47 111 -1
14 0 1 47 112 -1
14 0 1 48 109 0.500803
14 0 1 48 110 -1
14 0 1 48 111 -1
14 0 1 48 112 -1
14 0 1 49 109 0.412539
14 0 1 49 110 -1
14 0 1 49 111 0.735947
14 0 1 49 112 -1
14 0 2 47 188 -1
14 0 2 47 189 -1
14 0 2 47 190 -1
14 0 2 47 191 0.829002
14 0 2 47 192 -1
14 0 2 48 188 0.553078
14 0 2 48 189 0.905573
14 0 2 48 190 -1
14 0 2 48 191 -1
14 0 2 48 192 -1
14 0 2 49 188 -1
14 0 2 49 189 -1
14 0 2 49 190 0.576886
14 0 2 49 191 -1
14 0 2 49 192 0.59546
14 0 3 47 247 -1
14 0 3 47 248 -1
14 0 3 47 249 0.787924
14 0 3 48 247 0.88588
14 0 3 48 248 -1
14 0 3 48 249 -1
14 0 3 49 247 -1
14 0 3 49 248 0.806347
14 0 3 49 249 -1
14 0 4 47 308 -1
14 0 4 47 309 0.0444795
14 0 4 47 310 0.936025
14 0 4 47 311 -1
14 0 4 48 308 -1
14 0 4 48 309 -1
14 0 4 48 310 -1
14 0 4 48 311 0.801058
14 0 4 49 308 -1
14 0 4 49 309 0.810553
14 0 4 49 310 0.0161864
14 0 4 49 311 -1
14 1 2 109 188 -1
14 1 2 109 189 0.972106
14 1 2 109 190 0.712927
14 1 2 109 191 -1
14 1 2 109 192 -1
14 1 2 110 188 -1
14 1 2 110 189 -1
14 1 2 110 190 -1
14 1 2 110 191 0.594663
14 1 2 110 192 0.606856
14 1 2 111 188 -1
14 1 2 111 189 -1
14 1 2 111 190 -1
14 1 2 111 191 0.285363
14 1 2 111 192 0.769706
14 1 2 112 188 -1
14 1 2 112 189 0.078966
14 1 2 112 190 0.837113
14 1 2 112 191 -1
14 1 2 112 192 -1
14 1 3 109 247 0.791369
14 1 3 109 248 -1
14 1 3 109 249 -1
14 1 3 110 247 -1
14 1 3 110 248 0.337918
14 1 3 110 249 0.860386
14 1 3 111 247 -1
14 1 3 111 248 0.900176
14 1 3 111 249 0.153491
14 1 3 112 247 -1
14 1 3 112 248 -1
14 1 3 112 249 -1
14 1 4 109 308 0.928634
14 1 4 109 309 -1
14 1 4 109 310 -1
14 1 4 109 311 0.828874
14 1 4 110 308 -1
14 1 4 110 309 -1
14 1 4 110 310 0.872417
14 1 4 110 311 -1
14 1 4 111 308 -1
14 1 4 111 309 0.935963
14 1 4 111 310 -1
14 1 4 111 311 -1
14 1 4 112 308 0.867893
14 1 4 112 309 -1
14 1 4 112 310 -1
14 1 4 112 311 0.912102
14 2 3 188 247 -1
14 2 3 188 248 -1
14 2 3 188 249 -1
14 2 3 189 247 0.787865
14 2 3 189 248 -1
14 2 3 189 249 -1
14 2 3 190 247 -1
14 2 3 190 248 -1
14 2 3 190 249 0.27381
14 2 3 191 247 -1
14 2 3 191 248 -1
14 2 3 191 249 0.566619
14 2 3 192 247 -1
14 2 3 192 248 0.73868
14 2 3 192 249 -1
14 2 4 188 308 -1
14 2 4 188 309 -1
14 2 4 188 310 -1
14 2 4 188 311 -1
14 2 4 189 308 0.756199
14 2 4 189 309 -1
14 2 4 189 310 -1
14 2 4 189 311 0.796654
14 2 4 190 308 0.960458
14 2 4 190 309 -1
14 2 4 190 310 -1
14 2 4 190 311 0.115926
14 2 4 191 308 -1
14 2 4 191 309 -1
14 2 4 191 310 0.468921
14 2 4 191 311 -1
14 2 4 192 308 -1
14 2 4 192 309 0.652532
14 2 4 192 310 -1
14 2 4 192 311 -1
14 3 4 247 308 -1
14 3 4 247 309 0.514345
14 3 4 247 310 -1
14 3 4 247 311 0.676605
14 3 4 248 308 -1
14 3 4 248 309 0.834826
14 3 4 248 310 -1
14 3 4 248 311 -1
14 3 4 249 308 -1
14 3 4 249 309 -1
14 3 4 249 310 0.949936
14 3 4 249 311 -1
15 0 1 50 113 -1
15 0 1 50 114 0.844153
15 0 1 50 115 0.994945
15 0 1 51 113 -1
15 0 1 51 114 -1
15 0 1 51 115 -1
15 0 2 50 193 -1
15 0 2 50 194 -1
15 0 2 50 195 -1
15 0 2 51 193 -1
15 0 2 51 194 0.95442
15 0 2 51 195 0.572465
15 0 3 50 250 0.877715
15 0 3 50 251 -1
15 0 3 51 250 0.122285
15 0 3 51 251 -1
15 0 4 50 312 -1
15 0 4 50 313 -1
15 0 4 50 314 0.733638
15 0 4 50 315 -1
15 0 4 51 312 -1
15 0 4 51 313 0.954562
15 0 4 51 314 -1
15 0 4 51 315 0.52709
15 1 2 113 193 -1
15 1 2 113 194 -1
15 1 2 113 195 0.9217
15 1 2 114 193 -1
15 1 2 114 194 -1
15 1 2 114 195 0.806369
15 1 2 115 193 0.871199
15 1 2 115 194 -1
15 1 2 115 195 -1
15 1 3 113 250 -1
15 1 3 113 251 -1
15 1 3 114 250 0.611947
15 1 3 114 251 0.388053
15 1 3 115 250 0.30879
15 1 3 115 251 0.69121
15 1 4 113 312 0.287073
15 1 4 113 313 0.136516
15 1 4 113 314 0.346448
15 1 4 113 315 0.229963
15 1 4 114 312 0.343234
15 1 4 114 313 -1
15 1 4 114 314 0.863428
15 1 4 114 315 -1
15 1 4 115 312 -1
15 1 4 115 313 -1
15 1 4 115 314 -1
15 1 4 115 315 0.852087
15 2 3 193 250 -1
15 2 3 193 251 0.647582
15 2 3 194 250 0.251794
15 2 3 194 251 -1
15 2 3 195 250 -1
15 2 3 195 251 -1
15 2 4 193 312 -1
15 2 4 193 313 0.161762
15 2 4 193 314 -1
15 2 4 193 315 0.698363
15 2 4 194 312 -1
15 2 4 194 313 0.859965
15 2 4 194 314 -1
15 2 4 194 315 -1
15 2 4 195 312 0.707497
15 2 4 195 313 -1
15 2 4 195 314 0.954656
15 2 4 195 315 -1
15 3 4 250 312 -1
15 3 4 250 313 -1
15 3 4 250 314 0.697388
15 3 4 250 315 -1
15 3 4 251 312 -1
15 3 4 251 313 -1
15 3 4 251 314 0.302612
15 3 4 251 315 0.889554
16 0 1 52 116 -1
16 0 1 52 117 -1
16 0 1 52 118 -1
16 0 1 53 116 0.871884
16 0 1 53 117 0.506053
16 0 1 53 118 -1
16 0 1 54 116 -1
16 0 1 54 117 0.767254
16 0 1 54 118 0.396027
16 0 1 55 116 -1
16 0 1 55 117 0.327127
16 0 1 55 118 0.988085
16 0 2 52 196 -1
16 0 2 52 197 0.0884128
16 0 2 52 198 -1
16 0 2 53 196 -1
16 0 2 53 197 0.804627
16 0 2 53 198 -1
16 0 2 54 196 0.857857
16 0 2 54 197 -1
16 0 2 54 198 -1
16 0 2 55 196 -1
16 0 2 55 197 0.894049
16 0 2 55 198 0.224992
16 0 3 52 252 -1
16 0 3 52 253 -1
16 0 3 52 254 -1
16 0 3 53 252 -1
16 0 3 53 253 -1
16 0 3 53 254 0.18878
16 0 3 54 252 0.965896
16 0 3 54 253 -1
16 0 3 54 254 -1
16 0 3 55 252 -1
16 0 3 55 253 0.114452
16 0 3 55 254 0.837683
16 0 4 52 316 -1
16 0 4 52 317 -1
16 0 4 52 318 -1
16 0 4 53 316 -1
16 0 4 53 317 0.583745
16 0 4 53 318 0.564834
16 0 4 54 316 -1
16 0 4 54 317 -1
16 0 4 54 318 -1
16 0 4 55 316 0.910121
16 0 4 55 317 -1
16 0 4 55 318 -1
16 1 2 116 196 -1
16 1 2 116 197 -1
16 1 2 116 198 0.584535
16 1 2 117 196 0.979388
16 1 2 117 197 0.660137
16 1 2 117 198 -1
16 1 2 118 196 0.587599
16 1 2 118 197 0.892135
16 1 2 118 198 -1
16 1 3 116 252 -1
16 1 3 116 253 0.815564
16 1 3 116 254 0.046729
16 1 3 117 252 0.814233
16 1 3 117 253 -1
16 1 3 117 254 -1
16 1 3 118 252 0.717952
16 1 3 118 253 -1
16 1 3 118 254 -1
16 1 4 116 316 -1
16 1 4 116 317 0.924439
16 1 4 116 318 -1
16 1 4 117 316 0.999752
16 1 4 117 317 -1
16 1 4 117 318 -1
16 1 4 118 316 0.851409
16 1 4 118 317 -1
16 1 4 118 318 -1
16 2 3 196 252 0.914764
16 2 3 196 253 -1
16 2 3 196 254 -1
16 2 3 197 252 -1
16 2 3 197 253 0.187116
16 2 3 197 254 -1
16 2 3 198 252 -1
16 2 3 198 253 0.34777
16 2 3 198 254 -1
16 2 4 196 316 -1
16 2 4 196 317 -1
16 2 4 196 318 -1
16 2 4 197 316 0.907227
16 2 4 197 317 -1
16 2 4 197 318 -1
16 2 4 198 316 -1
16 2 4 198 317 0.452192
16 2 4 198 318 -1
16 3 4 252 316 0.165583
16 3 4 252 317 0.919044
16 3 4 252 318 -1
16 3 4 253 316 -1
16 3 4 253 317 0.987495
16 3 4 253 318 -1
16 3 4 254 316 -1
16 3 4 254 317 -1
16 3 4 254 318 0.915119
17 0 1 56 119 -1
17 0 1 56 120 0.906183
17 0 1 56 121 -1
17 0 1 56 122 -1
17 0 1 57 119 0.902652
17 0 1 57 120 -1
17 0 1 57 121 0.910784
17 0 1 57 122 -1
17 0 1 58 119 0.872812
17 0 1 58 120 -1
17 0 1 58 121 0.853438
17 0 1 58 122 -1
17 0 2 56 199 -1
17 0 2 56 200 -1
17 0 2 56 201 -1
17 0 2 56 202 0.772642
17 0 2 56 203 -1
17 0 2 57 199 -1
17 0 2 57 200 -1
17 0 2 57 201 0.701894
17 0 2 57 202 -1
17 0 2 57 203 0.155168
17 0 2 58 199 0.591628
17 0 2 58 200 0.810944
17 0 2 58 201 -1
17 0 2 58 202 -1
17 0 2 58 203 -1
17 0 3 56 255 -1
17 0 3 56 256 -1
17 0 3 56 257 0.869697
17 0 3 57 255 -1
17 0 3 57 256 0.944157
17 0 3 57 257 -1
17 0 3 58 255 0.979568
17 0 3 58 256 -1
17 0 3 58 257 -1
17 0 4 56 319 -1
17 0 4 56 320 0.962596
17 0 4 56 321 0.040978
17 0 4 56 322 -1
17 0 4 57 319 -1
17 0 4 57 320 0.984184
17 0 4 57 321 -1
17 0 4 57 322 -1
17 0 4 58 319 -1
17 0 4 58 320 -1
17 0 4 58 321 -1
17 0 4 58 322 0.978689
17 1 2 119 199 -1
17 1 2 119 200 0.761279
17 1 2 119 201 0.023164
17 1 2 119 202 -1
17 1 2 119 203 -1
17 1 2 120 199 -1
17 1 2 120 200 -1
17 1 2 120 201 -1
17 1 2 120 202 0.914349
17 1 2 120 203 0.593786
17 1 2 121 199 -1
17 1 2 121 200 -1
17 1 2 121 201 -1
17 1 2 121 202 0.784991
17 1 2 121 203 0.657012
17 1 2 122 199 -1
17 1 2 122 200 -1
17 1 2 122 201 0.81132
17 1 2 122 202 -1
17 1 2 122 203 -1
17 1 3 119 255 0.835954
17 1 3 119 256 -1
17 1 3 119 257 -1
17 1 3 120 255 -1
17 1 3 120 256 0.621511
17 1 3 120 257 0.746598
17 1 3 121 255 -1
17 1 3 121 256 0.762286
17 1 3 121 257 0.518859
17 1 3 122 255 -1
17 1 3 122 256 -1
17 1 3 122 257 -1
17 1 4 119 319 0.0498752
17 1 4 119 320 -1
17 1 4 119 321 -1
17 1 4 119 322 0.501675
17 1 4 120 319 -1
17 1 4 120 320 -1
17 1 4 120 321 0.514285
17 1 4 120 322 -1
17 1 4 121 319 -1
17 1 4 121 320 0.696956
17 1 4 121 321 0.280432
17 1 4 121 322 -1
17 1 4 122 319 0.860621
17 1 4 122 320 -1
17 1 4 122 321 -1
17 1 4 122 322 -1
17 2 3 199 255 -1
17 2 3 199 256 -1
17 2 3 199 257 -1
17 2 3 200 255 0.819843
17 2 3 200 256 -1
17 2 3 200 257 -1
17 2 3 201 255 -1
17 2 3 201 256 -1
17 2 3 201 257 0.696074
17 2 3 202 255 -1
17 2 3 202 256 -1
17 2 3 202 257 0.798299
17 2 3 203 255 -1
17 2 3 203 256 0.216638
17 2 3 203 257 -1
17 2 4 199 319 -1
17 2 4 199 320 -1
17 2 4 199 321 -1
17 2 4 199 322 -1
17 2 4 200 319 0.75507
17 2 4 200 320 -1
17 2 4 200 321 -1
17 2 4 200 322 0.778407
17 2 4 201 319 0.882007
17 2 4 201 320 -1
17 2 4 201 321 -1
17 2 4 201 322 0.958627
17 2 4 202 319 -1
17 2 4 202 320 -1
17 2 4 202 321 0.86978
17 2 4 202 322 -1
17 2 4 203 319 -1
17 2 4 203 320 0.58968
17 2 4 203 321 -1
17 2 4 203 322 -1
17 3 4 255 319 -1
17 3 4 255 320 0.683429
17 3 4 255 321 -1
17 3 4 255 322 0.798881
17 3 4 256 319 -1
17 3 4 256 320 0.990151
17 3 4 256 321 -1
17 3 4 256 322 -1
17 3 4 257 319 -1
17 3 4 257 320 -1
17 3 4 257 321 0.768124
17 3 4 257 322 -1
18 0 1 59 123 0.433617
18 0 1 59 124 0.997347
18 0 1 59 125 -1
18 0 1 60 123 0.510359
18 0 1 60 124 0.505144
18 0 1 60 125 -1
18 0 1 61 123 0.0560238
18 0 1 61 124 -1
18 0 1 61 125 0.716988
18 0 2 59 204 0.720691
18 0 2 59 205 0.916186
18 0 2 59 206 -1
18 0 2 60 204 -1
18 0 2 60 205 -1
18 0 2 60 206 -1
18 0 2 61 204 0.164588
18 0 2 61 205 -1
18 0 2 61 206 0.222478
18 0 3 59 258 0.952614
18 0 3 60 258 -1
18 0 3 61 258 -1
18 0 4 59 323 -1
18 0 4 59 324 0.253427
18 0 4 59 325 0.868761
18 0 4 59 326 -1
18 0 4 60 323 0.248166
18 0 4 60 324 -1
18 0 4 60 325 -1
18 0 4 60 326 0.768575
18 0 4 61 323 -1
18 0 4 61 324 0.577229
18 0 4 61 325 0.403196
18 0 4 61 326 -1
18 1 2 123 204 -1
18 1 2 123 205 -1
18 1 2 123 206 -1
18 1 2 124 204 -1
18 1 2 124 205 0.994758
18 1 2 124 206 0.00347215
18 1 2 125 204 -1
18 1 2 125 205 -1
18 1 2 125 206 0.489135
18 1 3 123 258 -1
18 1 3 124 258 0.99195
18 1 3 125 258 0.171439
18 1 4 123 323 -1
18 1 4 123 324 -1
18 1 4 123 325 -1
18 1 4 123 326 0.0943933
18 1 4 124 323 -1
18 1 4 124 324 -1
18 1 4 124 325 0.805763
18 1 4 124 326 -1
18 1 4 125 323 -1
18 1 4 125 324 0.657466
18 1 4 125 325 -1
18 1 4 125 326 -1
18 2 3 204 258 -1
18 2 3 205 258 0.913885
18 2 3 206 258 -1
18 2 4 204 323 0.67121
18 2 4 204 324 -1
18 2 4 204 325 -1
18 2 4 204 326 -1
18 2 4 205 323 -1
18 2 4 205 324 -1
18 2 4 205 325 0.908587
18 2 4 205 326 -1
18 2 4 206 323 -1
18 2 4 206 324 0.897126
18 2 4 206 325 -1
18 2 4 206 326 -1
18 3 4 258 323 -1
18 3 4 258 324 -1
18 3 4 258 325 0.881589
18 3 4 258 326 0.819251
end of Frame 280
