J OverallIdx viewIdx joint种类0-18(jointIdx) 该joint在图中的顺序(candidix) x y score
0 0 0 0 98.0164 360.539 0.665875
1 0 0 1 36.4599 377.4 0.745846
2 0 0 2 684.21 398.557 0.573104
3 0 0 3 325.298 434.376 0.602268
4 0 1 0 675.826 191.871 0.734821
5 0 1 1 328.081 210.752 0.884009
6 0 1 2 30.7921 244.719 0.861691
7 0 1 3 98.1211 244.591 0.918355
8 0 2 0 75.5702 360.599 0.630878
9 0 2 1 698.254 396.46 0.447461
10 0 2 2 372.971 436.517 0.568878
11 0 3 0 120.59 358.451 0.702078
12 0 3 1 61.6798 377.4 0.732473
13 0 3 2 675.815 402.746 0.565456
14 0 3 3 280.316 430.228 0.586729
15 0 4 0 602.919 139.114 0.62581
16 0 4 1 33.8304 183.495 0.864343
17 0 4 2 78.6527 208.687 0.828162
18 0 5 0 687.156 189.793 0.627333
19 0 5 1 406.624 210.92 0.810447
20 0 5 2 56.1513 244.578 0.826627
21 0 6 0 661.709 193.921 0.852675
22 0 6 1 257.915 202.466 0.825312
23 0 6 2 67.3668 244.666 0.83856
24 0 6 3 131.808 244.625 0.868304
25 0 7 0 78.4359 444.913 0.470124
26 0 7 1 687.143 560.929 0.547683
27 0 7 2 347.775 630.466 0.749903
28 0 8 0 123.539 440.721 0.774193
29 0 8 1 61.7403 465.974 0.774805
30 0 8 2 681.466 567.253 0.659844
31 0 8 3 260.748 609.413 0.692707
32 0 9 0 387.024 128.596 0.861933
33 0 10 0 308.479 122.233 0.827813
34 0 10 1 636.604 128.618 0.913737
35 0 10 2 103.8 196.136 0.801412
36 0 11 0 437.387 345.932 0.884518
37 0 12 0 684.1 278.418 0.90816
38 0 12 1 84.1077 305.779 0.810692
39 0 12 2 159.873 305.752 0.761499
40 0 12 3 227.127 337.41 0.78241
41 0 13 0 81.3229 516.682 0.35556
42 0 13 1 709.566 691.673 0.643361
43 0 13 2 328.15 765.529 0.323124
44 0 14 0 142.968 520.835 0.583785
45 0 14 1 56.1287 535.605 0.737538
46 0 14 2 689.953 716.972 0.744159
47 0 14 3 232.814 765.536 0.408785
48 0 15 0 415.063 432.246 0.68528
49 0 16 0 168.156 360.558 0.756195
50 0 16 1 636.608 354.228 0.782636
51 0 16 2 103.816 362.678 0.852404
52 0 16 3 255.164 409.119 0.698621
53 0 17 0 126.233 541.934 0.353762
54 0 17 1 58.9274 563.025 0.70104
55 0 17 2 614.133 733.862 0.790123
56 0 18 0 103.731 535.629 0.1686
57 0 18 1 30.8396 592.533 0.679321
58 0 18 2 658.967 683.21 0.239543
59 1 0 0 684.165 402.748 0.685459
60 1 1 0 684.352 234.103 0.871738
61 1 2 0 709.596 398.557 0.697953
62 1 3 0 731.917 381.722 0.282553
63 1 3 1 650.577 402.756 0.630219
64 1 4 0 619.804 193.897 0.907895
65 1 5 0 729.098 242.44 0.843583
66 1 6 0 642.186 227.861 0.886355
67 1 6 1 737.511 242.412 0.19453
68 1 7 0 687.119 527.164 0.667256
69 1 8 0 723.518 485.033 0.480293
70 1 8 1 614.232 529.286 0.797979
71 1 10 0 658.878 177.102 0.92437
72 1 11 0 774.046 297.3 0.420209
73 1 11 1 748.798 333.207 0.786112
74 1 12 0 774.099 295.232 0.551561
75 1 12 1 636.44 328.954 0.901867
76 1 13 0 723.532 581.937 0.329603
77 1 13 1 681.47 651.537 0.81566
78 1 14 0 728.995 579.84 0.578275
79 1 14 1 611.308 655.821 0.755117
80 1 15 0 44.8992 379.551 0.15717
81 1 15 1 701.12 379.65 0.720817
82 1 16 0 745.89 326.843 0.378913
83 1 16 1 53.2403 379.664 0.784699
84 1 16 2 614.147 398.503 0.843381
85 1 17 0 723.5 598.794 0.173691
86 1 17 1 33.6816 634.739 0.445875
87 1 17 2 549.659 662.099 0.767924
88 1 18 0 36.4454 632.594 0.311411
89 1 18 1 647.814 647.31 0.348846
90 2 0 0 527.379 229.903 0.820425
91 2 0 1 712.342 366.933 0.657797
92 2 1 0 549.734 90.726 0.949177
93 2 1 1 745.903 223.556 0.761313
94 2 2 0 502.059 227.758 0.817466
95 2 2 1 712.341 364.792 0.57875
96 2 3 0 558.111 236.156 0.734027
97 2 3 1 712.325 375.301 0.711735
98 2 4 0 535.686 46.3702 0.852143
99 2 4 1 687.076 170.77 0.849328
100 2 5 0 504.848 78.0827 0.880761
101 2 5 1 729.149 210.91 0.687493
102 2 6 0 597.28 97.0729 0.847538
103 2 6 1 751.7 234.108 0.831339
104 2 7 0 487.986 322.627 0.81176
105 2 7 1 703.869 476.591 0.713085
106 2 8 0 552.429 328.913 0.883097
107 2 8 1 684.242 480.743 0.789381
108 2 10 0 574.996 44.3434 0.859739
109 2 10 1 745.986 160.236 0.93467
110 2 11 0 459.793 109.546 0.951594
111 2 12 0 639.487 158.158 0.952732
112 2 12 1 751.683 341.616 0.853976
113 2 13 0 490.814 392.242 0.84574
114 2 13 1 687.082 550.428 0.751906
115 2 14 0 549.534 400.695 0.881537
116 2 14 1 681.471 594.615 0.766755
117 2 15 0 482.259 168.706 0.895202
118 2 16 0 594.69 202.421 0.882613
119 2 16 1 703.803 381.729 0.839556
120 2 17 0 549.536 436.514 0.823584
121 2 17 1 631.006 615.713 0.767182
122 2 18 0 468.311 417.54 0.782678
123 2 18 1 639.345 550.456 0.850196
124 3 0 0 594.47 333.2 0.558327
125 3 0 1 734.779 674.793 0.341249
126 3 1 0 583.271 193.972 0.874739
127 3 1 1 776.741 269.928 0.760793
128 3 2 0 569.168 333.168 0.584314
129 3 2 1 818.87 685.313 0.35558
130 3 3 0 619.799 333.189 0.506502
131 3 3 1 656.229 668.469 0.307746
132 3 4 0 560.9 145.453 0.891634
133 3 5 0 546.911 194.123 0.889619
134 3 5 1 919.821 295.188 0.611947
135 3 6 0 617.069 191.84 0.885439
136 3 6 1 639.477 246.757 0.695445
137 3 7 0 574.856 432.341 0.286672
138 3 9 0 863.724 97.021 0.382274
139 3 9 1 535.655 141.22 0.193013
140 3 10 0 726.303 90.7144 0.812814
141 3 10 1 594.441 130.776 0.848122
142 3 11 0 546.885 267.831 0.814757
143 3 11 1 945.104 531.444 0.805297
144 3 12 0 636.599 259.359 0.427718
145 3 12 1 571.986 478.682 0.758385
146 3 15 0 532.835 326.901 0.807036
147 3 15 1 860.888 622.108 0.543875
148 3 16 0 530.073 619.923 0.786381
149 4 0 0 591.582 288.884 0.733946
150 4 0 1 420.647 314.202 0.434776
151 4 1 0 431.9 109.688 0.62805
152 4 1 1 572.151 141.284 0.945859
153 4 2 0 555.273 290.951 0.712111
154 4 2 1 417.839 316.282 0.562885
155 4 3 0 616.957 286.773 0.759155
156 4 3 1 429.025 314.213 0.336219
157 4 4 0 499.202 44.3257 0.81319
158 4 4 1 614.035 90.6151 0.883082
159 4 5 0 417.778 109.669 0.836589
160 4 5 1 529.971 143.421 0.895477
161 4 6 0 443.085 109.671 0.565772
162 4 6 1 616.914 137.041 0.866614
163 4 7 0 569.288 396.511 0.834929
164 4 7 1 423.497 495.468 0.676702
165 4 8 0 639.208 394.303 0.850609
166 4 8 1 426.219 476.543 0.2939
167 4 9 0 437.644 44.3025 0.916716
168 4 9 1 566.452 78.1021 0.882446
169 4 11 0 392.667 193.949 0.9545
170 4 11 1 502 225.561 0.914779
171 4 12 0 622.658 210.956 0.861588
172 4 13 0 572.23 497.576 0.870911
173 4 13 1 412.205 645.199 0.764063
174 4 14 0 639.286 493.422 0.864347
175 4 14 1 415.136 598.91 0.517633
176 4 15 0 429.055 261.516 0.848242
177 4 15 1 535.697 280.536 0.852383
178 4 16 0 636.497 274.136 0.827092
179 4 17 0 684.223 514.423 0.930581
180 4 17 1 462.734 598.966 0.711128
181 4 18 0 597.354 520.864 0.833418
182 4 18 1 482.477 659.983 0.781612
P viewIdx, pafIdx, aOverAllIdx, bOverAllIdx, CandidAIdx, CandidBIdx, score
0 0 4 0 0 0 0
0 0 4 1 0 1 0
0 0 4 2 0 2 0.948567
0 0 4 3 0 3 0
0 0 5 0 1 0 0
0 0 5 1 1 1 0
0 0 5 2 1 2 0
0 0 5 3 1 3 0.995321
0 0 6 0 2 0 0.252142
0 0 6 1 2 1 0.273164
0 0 6 2 2 2 0
0 0 6 3 2 3 0
0 0 7 0 3 0 0.273166
0 0 7 1 3 1 0.252085
0 0 7 2 3 2 0
0 0 7 3 3 3 0
0 1 8 25 0 0 0.915361
0 1 8 26 0 1 0
0 1 8 27 0 2 0
0 1 9 25 1 0 0
0 1 9 26 1 1 0.918778
0 1 9 27 1 2 0
0 1 10 25 2 0 0
0 1 10 26 2 1 0
0 1 10 27 2 2 0.95583
0 2 25 41 0 0 0.856317
0 2 25 42 0 1 0
0 2 25 43 0 2 0
0 2 26 41 1 0 0
0 2 26 42 1 1 0.934033
0 2 26 43 1 2 0
0 2 27 41 2 0 0
0 2 27 42 2 1 0
0 2 27 43 2 2 0.967148
0 3 0 8 0 0 0.944733
0 3 0 9 0 1 0
0 3 0 10 0 2 0
0 3 1 8 1 0 0
0 3 1 9 1 1 0
0 3 1 10 1 2 0
0 3 2 8 2 0 0
0 3 2 9 2 1 0.801542
0 3 2 10 2 2 0
0 3 3 8 3 0 0
0 3 3 9 3 1 0
0 3 3 10 3 2 0.879965
0 4 0 11 0 0 0.497602
0 4 0 12 0 1 0
0 4 0 13 0 2 0
0 4 0 14 0 3 0
0 4 1 11 1 0 0.262158
0 4 1 12 1 1 0.501941
0 4 1 13 1 2 0
0 4 1 14 1 3 0
0 4 2 11 2 0 0
0 4 2 12 2 1 0
0 4 2 13 2 2 0.786066
0 4 2 14 2 3 0
0 4 3 11 3 0 0
0 4 3 12 3 1 0
0 4 3 13 3 2 0
0 4 3 14 3 3 0.874186
0 5 11 28 0 0 0.278598
0 5 11 29 0 1 0.2549
0 5 11 30 0 2 0
0 5 11 31 0 3 0
0 5 12 28 1 0 0.254494
0 5 12 29 1 1 0.278794
0 5 12 30 1 2 0
0 5 12 31 1 3 0
0 5 13 28 2 0 0
0 5 13 29 2 1 0
0 5 13 30 2 2 0.971625
0 5 13 31 2 3 0
0 5 14 28 3 0 0
0 5 14 29 3 1 0
0 5 14 30 3 2 0
0 5 14 31 3 3 0.964661
0 6 28 44 0 0 0.290777
0 6 28 45 0 1 0.258199
0 6 28 46 0 2 0
0 6 28 47 0 3 0
0 6 29 44 1 0 0.2568
0 6 29 45 1 1 0.290541
0 6 29 46 1 2 0
0 6 29 47 1 3 0
0 6 30 44 2 0 0
0 6 30 45 2 1 0
0 6 30 46 2 2 0.981739
0 6 30 47 2 3 0
0 6 31 44 3 0 0
0 6 31 45 3 1 0
0 6 31 46 3 2 0
0 6 31 47 3 3 0.959893
0 7 4 18 0 0 0.931557
0 7 4 19 0 1 0
0 7 4 20 0 2 0
0 7 5 18 1 0 0
0 7 5 19 1 1 0.996641
0 7 5 20 1 2 0
0 7 6 18 2 0 0
0 7 6 19 2 1 0
0 7 6 20 2 2 0
0 7 7 18 3 0 0
0 7 7 19 3 1 0
0 7 7 20 3 2 0.981736
0 8 18 36 0 0 0
0 8 19 36 1 0 0.994616
0 8 20 36 2 0 0
0 9 36 48 0 0 0.960994
0 10 18 32 0 0 0
0 10 19 32 1 0 0.997448
0 10 20 32 2 0 0
0 11 4 21 0 0 0.938304
0 11 4 22 0 1 0
0 11 4 23 0 2 0
0 11 4 24 0 3 0
0 11 5 21 1 0 0
0 11 5 22 1 1 0.98275
0 11 5 23 1 2 0
0 11 5 24 1 3 0
0 11 6 21 2 0 0
0 11 6 22 2 1 0
0 11 6 23 2 2 0.498811
0 11 6 24 2 3 0.25254
0 11 7 21 3 0 0
0 11 7 22 3 1 0
0 11 7 23 3 2 0
0 11 7 24 3 3 0.49966
0 12 21 37 0 0 0.99927
0 12 21 38 0 1 0
0 12 21 39 0 2 0
0 12 21 40 0 3 0
0 12 22 37 1 0 0
0 12 22 38 1 1 0
0 12 22 39 1 2 0
0 12 22 40 1 3 0.984032
0 12 23 37 2 0 0
0 12 23 38 2 1 0.277697
0 12 23 39 2 2 0.250001
0 12 23 40 2 3 0
0 12 24 37 3 0 0
0 12 24 38 3 1 0.24985
0 12 24 39 3 2 0.277507
0 12 24 40 3 3 0
0 13 37 49 0 0 0
0 13 37 50 0 1 0.975706
0 13 37 51 0 2 0
0 13 37 52 0 3 0
0 13 38 49 1 0 0.18285
0 13 38 50 1 1 0
0 13 38 51 1 2 0.279469
0 13 38 52 1 3 0
0 13 39 49 2 0 0.138408
0 13 39 50 2 1 0
0 13 39 51 2 2 0.167568
0 13 39 52 2 3 0.171955
0 13 40 49 3 0 0.158322
0 13 40 50 3 1 0
0 13 40 51 3 2 0
0 13 40 52 3 3 0.311089
0 14 21 33 0 0 0
0 14 21 34 0 1 0.998501
0 14 21 35 0 2 0
0 14 22 33 1 0 0.984173
0 14 22 34 1 1 0
0 14 22 35 1 2 0
0 14 23 33 2 0 0
0 14 23 34 2 1 0
0 14 23 35 2 2 0
0 14 24 33 3 0 0
0 14 24 34 3 1 0
0 14 24 35 3 2 0.969592
0 15 4 15 0 0 0.944301
0 15 4 16 0 1 0
0 15 4 17 0 2 0
0 15 5 15 1 0 0
0 15 5 16 1 1 0
0 15 5 17 1 2 0
0 15 6 15 2 0 0
0 15 6 16 2 1 0.272248
0 15 6 17 2 2 0.254302
0 15 7 15 3 0 0
0 15 7 16 3 1 0.254664
0 15 7 17 3 2 0.272287
0 16 44 53 0 0 0.812252
0 16 44 54 0 1 0
0 16 44 55 0 2 0
0 16 45 53 1 0 0
0 16 45 54 1 1 0.927423
0 16 45 55 1 2 0
0 16 46 53 2 0 0
0 16 46 54 2 1 0
0 16 46 55 2 2 0.95502
0 16 47 53 3 0 0
0 16 47 54 3 1 0
0 16 47 55 3 2 0
0 17 41 56 0 0 0.469443
0 17 41 57 0 1 0.530557
0 17 41 58 0 2 0
0 17 42 56 1 0 0
0 17 42 57 1 1 0
0 17 42 58 1 2 0.710885
0 17 43 56 2 0 0
0 17 43 57 2 1 0
0 17 43 58 2 2 0
1 0 60 59 0 0 0.995157
1 1 61 68 0 0 0.956216
1 2 68 76 0 0 0.489545
1 2 68 77 0 1 0.510455
1 3 59 61 0 0 0.885856
1 4 59 62 0 0 0
1 4 59 63 0 1 0.90617
1 5 62 69 0 0 0.887083
1 5 62 70 0 1 0
1 5 63 69 1 0 0
1 5 63 70 1 1 0.973579
1 6 69 78 0 0 0.895918
1 6 69 79 0 1 0
1 6 70 78 1 0 0
1 6 70 79 1 1 0.983343
1 7 60 65 0 0 0.988803
1 8 65 72 0 0 0.496631
1 8 65 73 0 1 0.503369
1 9 72 80 0 0 0
1 9 72 81 0 1 0.488632
1 9 73 80 1 0 0
1 9 73 81 1 1 0.511368
1 11 60 66 0 0 0.987504
1 11 60 67 0 1 0
1 12 66 74 0 0 0
1 12 66 75 0 1 0.987745
1 12 67 74 1 0 0.869025
1 12 67 75 1 1 0
1 13 74 82 0 0 0.781673
1 13 74 83 0 1 0
1 13 74 84 0 2 0
1 13 75 82 1 0 0
1 13 75 83 1 1 0
1 13 75 84 1 2 0.996778
1 14 66 71 0 0 0.974651
1 14 67 71 1 0 0
1 15 60 64 0 0 0.990631
1 16 78 85 0 0 0.743212
1 16 78 86 0 1 0
1 16 78 87 0 2 0
1 16 79 85 1 0 0
1 16 79 86 1 1 0
1 16 79 87 1 2 0.957939
1 17 76 88 0 0 0
1 17 76 89 0 1 0
1 17 77 88 1 0 0
1 17 77 89 1 1 0.849271
2 0 92 90 0 0 0.970075
2 0 92 91 0 1 0
2 0 93 90 1 0 0
2 0 93 91 1 1 0.96418
2 1 94 104 0 0 0.962445
2 1 94 105 0 1 0
2 1 95 104 1 0 0
2 1 95 105 1 1 0.93009
2 2 104 113 0 0 0.995148
2 2 104 114 0 1 0
2 2 105 113 1 0 0
2 2 105 114 1 1 0.937554
2 3 90 94 0 0 0.963594
2 3 90 95 0 1 0
2 3 91 94 1 0 0
2 3 91 95 1 1 0.786174
2 4 90 96 0 0 0.954955
2 4 90 97 0 1 0
2 4 91 96 1 0 0
2 4 91 97 1 1 0.786662
2 5 96 106 0 0 0.997652
2 5 96 107 0 1 0
2 5 97 106 1 0 0
2 5 97 107 1 1 0.966616
2 6 106 115 0 0 0.994084
2 6 106 116 0 1 0
2 6 107 115 1 0 0
2 6 107 116 1 1 0.981161
2 7 92 100 0 0 0.999932
2 7 92 101 0 1 0
2 7 93 100 1 0 0
2 7 93 101 1 1 0.951867
2 8 100 110 0 0 0.979753
2 8 101 110 1 0 0
2 9 110 117 0 0 0.985842
2 11 92 102 0 0 0.997554
2 11 92 103 0 1 0
2 11 93 102 1 0 0
2 11 93 103 1 1 0.95339
2 12 102 111 0 0 0.988049
2 12 102 112 0 1 0
2 12 103 111 1 0 0
2 12 103 112 1 1 0.990233
2 13 111 118 0 0 0.972465
2 13 111 119 0 1 0
2 13 112 118 1 0 0
2 13 112 119 1 1 0.967159
2 14 102 108 0 0 0.994705
2 14 102 109 0 1 0
2 14 103 108 1 0 0
2 14 103 109 1 1 0.987194
2 15 92 98 0 0 0.99877
2 15 92 99 0 1 0
2 15 93 98 1 0 0
2 15 93 99 1 1 0.991958
2 16 115 120 0 0 0.986567
2 16 115 121 0 1 0
2 16 116 120 1 0 0
2 16 116 121 1 1 0.961368
2 17 113 122 0 0 0.962011
2 17 113 123 0 1 0
2 17 114 122 1 0 0
2 17 114 123 1 1 0.908871
3 0 126 124 0 0 0.943469
3 0 126 125 0 1 0
3 0 127 124 1 0 0
3 0 127 125 1 1 0.966157
3 1 128 137 0 0 0.854146
3 1 129 137 1 0 0
3 3 124 128 0 0 0.865768
3 3 124 129 0 1 0
3 3 125 128 1 0 0
3 3 125 129 1 1 0.809728
3 4 124 130 0 0 0.85883
3 4 124 131 0 1 0
3 4 125 130 1 0 0
3 4 125 131 1 1 0.801865
3 7 126 133 0 0 0.998248
3 7 126 134 0 1 0
3 7 127 133 1 0 0
3 7 127 134 1 1 0.956223
3 8 133 142 0 0 0.986437
3 8 133 143 0 1 0
3 8 134 142 1 0 0
3 8 134 143 1 1 0.978959
3 9 142 146 0 0 0.956856
3 9 142 147 0 1 0
3 9 143 146 1 0 0
3 9 143 147 1 1 0.943911
3 10 133 138 0 0 0
3 10 133 139 0 1 0.736584
3 10 134 138 1 0 0.868204
3 10 134 139 1 1 0
3 11 126 135 0 0 0.995681
3 11 126 136 0 1 0
3 11 127 135 1 0 0
3 11 127 136 1 1 0.972912
3 12 135 144 0 0 0.276294
3 12 135 145 0 1 0.262966
3 12 136 144 1 0 0.263971
3 12 136 145 1 1 0.276164
3 13 144 148 0 0 0
3 13 145 148 1 0 0.970077
3 14 135 140 0 0 0
3 14 135 141 0 1 0.997474
3 14 136 140 1 0 0.933814
3 14 136 141 1 1 0
3 15 126 132 0 0 0.995101
3 15 127 132 1 0 0
4 0 151 149 0 0 0
4 0 151 150 0 1 0.867716
4 0 152 149 1 0 0.997113
4 0 152 150 1 1 0
4 1 153 163 0 0 0.98161
4 1 153 164 0 1 0
4 1 154 163 1 0 0
4 1 154 164 1 1 0.939425
4 2 163 172 0 0 0.996021
4 2 163 173 0 1 0
4 2 164 172 1 0 0
4 2 164 173 1 1 0.98744
4 3 149 153 0 0 0.947056
4 3 149 154 0 1 0
4 3 150 153 1 0 0
4 3 150 154 1 1 0.696468
4 4 149 155 0 0 0.933429
4 4 149 156 0 1 0
4 4 150 155 1 0 0
4 4 150 156 1 1 0.674705
4 5 155 165 0 0 0.999009
4 5 155 166 0 1 0
4 5 156 165 1 0 0
4 5 156 166 1 1 0.841337
4 6 165 174 0 0 0.999063
4 6 165 175 0 1 0
4 6 166 174 1 0 0
4 6 166 175 1 1 0.858502
4 7 151 159 0 0 0.906434
4 7 151 160 0 1 0
4 7 152 159 1 0 0
4 7 152 160 1 1 0.999084
4 8 159 169 0 0 0.973867
4 8 159 170 0 1 0
4 8 160 169 1 0 0
4 8 160 170 1 1 0.988148
4 9 169 176 0 0 0.992735
4 9 169 177 0 1 0
4 9 170 176 1 0 0
4 9 170 177 1 1 0.989597
4 10 159 167 0 0 0.958397
4 10 159 168 0 1 0
4 10 160 167 1 0 0
4 10 160 168 1 1 0.978025
4 11 151 161 0 0 0.899562
4 11 151 162 0 1 0
4 11 152 161 1 0 0
4 11 152 162 1 1 0.99642
4 12 161 171 0 0 0
4 12 162 171 1 0 0.993566
4 13 171 178 0 0 0.991244
4 15 151 157 0 0 0.912426
4 15 151 158 0 1 0
4 15 152 157 1 0 0
4 15 152 158 1 1 0.981418
4 16 174 179 0 0 0.979703
4 16 174 180 0 1 0
4 16 175 179 1 0 0
4 16 175 180 1 1 0.870632
4 17 172 181 0 0 0.978985
4 17 172 182 0 1 0
4 17 173 181 1 0 0
4 17 173 182 1 1 0.989901
E jointIdx viewA viewB aOverAllIdx bOverallIdx score
0 0 1 0 59 -1
0 0 1 1 59 0.143815
0 0 1 2 59 0.257869
0 0 1 3 59 0.884066
0 0 2 0 90 -1
0 0 2 0 91 -1
0 0 2 1 90 -1
0 0 2 1 91 -1
0 0 2 2 90 0.781554
0 0 2 2 91 -1
0 0 2 3 90 -1
0 0 2 3 91 0.916179
0 0 3 0 124 -1
0 0 3 0 125 -1
0 0 3 1 124 -1
0 0 3 1 125 0.996656
0 0 3 2 124 -1
0 0 3 2 125 -1
0 0 3 3 124 0.966431
0 0 3 3 125 -1
0 0 4 0 149 -1
0 0 4 0 150 -1
0 0 4 1 149 -1
0 0 4 1 150 -1
0 0 4 2 149 -1
0 0 4 2 150 0.766312
0 0 4 3 149 0.971871
0 0 4 3 150 -1
0 1 2 59 90 0.214485
0 1 2 59 91 0.743074
0 1 3 59 124 0.860719
0 1 3 59 125 -1
0 1 4 59 149 0.513684
0 1 4 59 150 -1
0 2 3 90 124 -1
0 2 3 90 125 -1
0 2 3 91 124 0.891848
0 2 3 91 125 -1
0 2 4 90 149 -1
0 2 4 90 150 0.660398
0 2 4 91 149 0.795208
0 2 4 91 150 -1
0 3 4 124 149 0.556983
0 3 4 124 150 0.443017
0 3 4 125 149 -1
0 3 4 125 150 -1
1 0 1 4 60 0.341729
1 0 1 5 60 0.292392
1 0 1 6 60 0.189655
1 0 1 7 60 0.176224
1 0 2 4 92 0.784019
1 0 2 4 93 -1
1 0 2 5 92 -1
1 0 2 5 93 0.940222
1 0 2 6 92 -1
1 0 2 6 93 -1
1 0 2 7 92 -1
1 0 2 7 93 -1
1 0 3 4 126 0.344412
1 0 3 4 127 -1
1 0 3 5 126 0.350062
1 0 3 5 127 -1
1 0 3 6 126 0.126498
1 0 3 6 127 0.655941
1 0 3 7 126 0.15619
1 0 3 7 127 -1
1 0 4 4 151 0.96049
1 0 4 4 152 -1
1 0 4 5 151 -1
1 0 4 5 152 0.999659
1 0 4 6 151 -1
1 0 4 6 152 0.400507
1 0 4 7 151 -1
1 0 4 7 152 0.419327
1 1 2 60 92 0.548901
1 1 2 60 93 0.451099
1 1 3 60 126 0.880644
1 1 3 60 127 -1
1 1 4 60 151 0.514818
1 1 4 60 152 0.485182
1 2 3 92 126 -1
1 2 3 92 127 -1
1 2 3 93 126 0.853466
1 2 3 93 127 -1
1 2 4 92 151 0.835933
1 2 4 92 152 -1
1 2 4 93 151 -1
1 2 4 93 152 0.954893
1 3 4 126 151 0.118647
1 3 4 126 152 0.881353
1 3 4 127 151 -1
1 3 4 127 152 -1
2 0 1 8 61 -1
2 0 1 9 61 0.291629
2 0 1 10 61 0.958647
2 0 2 8 94 -1
2 0 2 8 95 -1
2 0 2 9 94 0.662474
2 0 2 9 95 -1
2 0 2 10 94 -1
2 0 2 10 95 0.566741
2 0 3 8 128 -1
2 0 3 8 129 -1
2 0 3 9 128 -1
2 0 3 9 129 -1
2 0 3 10 128 0.967422
2 0 3 10 129 -1
2 0 4 8 153 -1
2 0 4 8 154 -1
2 0 4 9 153 -1
2 0 4 9 154 0.674717
2 0 4 10 153 0.935211
2 0 4 10 154 -1
2 1 2 61 94 0.710405
2 1 2 61 95 0.289595
2 1 3 61 128 0.977074
2 1 3 61 129 -1
2 1 4 61 153 0.624555
2 1 4 61 154 0.318747
2 2 3 94 128 -1
2 2 3 94 129 -1
2 2 3 95 128 0.55542
2 2 3 95 129 -1
2 2 4 94 153 0.405744
2 2 4 94 154 0.465611
2 2 4 95 153 0.594256
2 2 4 95 154 -1
2 3 4 128 153 0.585153
2 3 4 128 154 0.414847
2 3 4 129 153 -1
2 3 4 129 154 -1
3 0 1 11 62 0.0962224
3 0 1 11 63 -1
3 0 1 12 62 0.195436
3 0 1 12 63 0.16451
3 0 1 13 62 0.283227
3 0 1 13 63 0.327268
3 0 1 14 62 0.20682
3 0 1 14 63 0.508753
3 0 2 11 96 -1
3 0 2 11 97 0.314943
3 0 2 12 96 -1
3 0 2 12 97 -1
3 0 2 13 96 0.775805
3 0 2 13 97 -1
3 0 2 14 96 -1
3 0 2 14 97 0.905839
3 0 3 11 130 0.130162
3 0 3 11 131 -1
3 0 3 12 130 -1
3 0 3 12 131 0.939119
3 0 3 13 130 -1
3 0 3 13 131 -1
3 0 3 14 130 0.994835
3 0 3 14 131 -1
3 0 4 11 155 -1
3 0 4 11 156 -1
3 0 4 12 155 -1
3 0 4 12 156 -1
3 0 4 13 155 -1
3 0 4 13 156 0.712137
3 0 4 14 155 0.908813
3 0 4 14 156 -1
3 1 2 62 96 0.77647
3 1 2 62 97 -1
3 1 2 63 96 -1
3 1 2 63 97 0.994084
3 1 3 62 130 0.368929
3 1 3 62 131 -1
3 1 3 63 130 0.631071
3 1 3 63 131 -1
3 1 4 62 155 -1
3 1 4 62 156 0.952253
3 1 4 63 155 0.584124
3 1 4 63 156 -1
3 2 3 96 130 -1
3 2 3 96 131 -1
3 2 3 97 130 0.911114
3 2 3 97 131 -1
3 2 4 96 155 -1
3 2 4 96 156 0.900408
3 2 4 97 155 0.629865
3 2 4 97 156 -1
3 3 4 130 155 0.57407
3 3 4 130 156 0.42593
3 3 4 131 155 -1
3 3 4 131 156 -1
4 0 1 15 64 0.525901
4 0 1 16 64 0.333526
4 0 1 17 64 0.140573
4 0 2 15 98 0.789527
4 0 2 15 99 -1
4 0 2 16 98 -1
4 0 2 16 99 -1
4 0 2 17 98 -1
4 0 2 17 99 -1
4 0 3 15 132 0.254096
4 0 3 16 132 -1
4 0 3 17 132 0.899265
4 0 4 15 157 0.910464
4 0 4 15 158 -1
4 0 4 16 157 -1
4 0 4 16 158 -1
4 0 4 17 157 -1
4 0 4 17 158 -1
4 1 2 64 98 0.22267
4 1 2 64 99 0.77733
4 1 3 64 132 0.956394
4 1 4 64 157 0.356941
4 1 4 64 158 0.643059
4 2 3 98 132 -1
4 2 3 99 132 0.96508
4 2 4 98 157 0.912404
4 2 4 98 158 -1
4 2 4 99 157 -1
4 2 4 99 158 0.994448
4 3 4 132 157 -1
4 3 4 132 158 0.957683
5 0 1 18 65 0.335981
5 0 1 19 65 0.38951
5 0 1 20 65 0.27451
5 0 2 18 100 0.769961
5 0 2 18 101 -1
5 0 2 19 100 -1
5 0 2 19 101 0.668638
5 0 2 20 100 -1
5 0 2 20 101 -1
5 0 3 18 133 0.41543
5 0 3 18 134 -1
5 0 3 19 133 0.406087
5 0 3 19 134 -1
5 0 3 20 133 0.178483
5 0 3 20 134 -1
5 0 4 18 159 0.93987
5 0 4 18 160 -1
5 0 4 19 159 -1
5 0 4 19 160 0.973785
5 0 4 20 159 -1
5 0 4 20 160 0.410466
5 1 2 65 100 0.417948
5 1 2 65 101 0.424323
5 1 3 65 133 0.998046
5 1 3 65 134 -1
5 1 4 65 159 0.396956
5 1 4 65 160 0.603044
5 2 3 100 133 -1
5 2 3 100 134 -1
5 2 3 101 133 0.691883
5 2 3 101 134 -1
5 2 4 100 159 0.830101
5 2 4 100 160 -1
5 2 4 101 159 -1
5 2 4 101 160 0.695342
5 3 4 133 159 0.148054
5 3 4 133 160 0.851946
5 3 4 134 159 -1
5 3 4 134 160 -1
6 0 1 21 66 0.193446
6 0 1 21 67 0.171627
6 0 1 22 66 0.202572
6 0 1 22 67 0.164386
6 0 1 23 66 0.156243
6 0 1 23 67 0.201149
6 0 1 24 66 0.147687
6 0 1 24 67 0.204394
6 0 2 21 102 0.956313
6 0 2 21 103 -1
6 0 2 22 102 -1
6 0 2 22 103 0.897816
6 0 2 23 102 -1
6 0 2 23 103 -1
6 0 2 24 102 -1
6 0 2 24 103 -1
6 0 3 21 135 0.308755
6 0 3 21 136 -1
6 0 3 22 135 0.376231
6 0 3 22 136 -1
6 0 3 23 135 0.124451
6 0 3 23 136 0.682107
6 0 3 24 135 0.13869
6 0 3 24 136 0.645735
6 0 4 21 161 0.97204
6 0 4 21 162 0.0164214
6 0 4 22 161 -1
6 0 4 22 162 0.551565
6 0 4 23 161 -1
6 0 4 23 162 0.2095
6 0 4 24 161 -1
6 0 4 24 162 0.222279
6 1 2 66 102 0.105331
6 1 2 66 103 0.799986
6 1 2 67 102 0.776782
6 1 2 67 103 0.125319
6 1 3 66 135 0.492901
6 1 3 66 136 -1
6 1 3 67 135 0.507099
6 1 3 67 136 -1
6 1 4 66 161 0.344014
6 1 4 66 162 0.466375
6 1 4 67 161 0.510671
6 1 4 67 162 0.336624
6 2 3 102 135 -1
6 2 3 102 136 -1
6 2 3 103 135 0.958212
6 2 3 103 136 -1
6 2 4 102 161 0.984323
6 2 4 102 162 -1
6 2 4 103 161 -1
6 2 4 103 162 0.797291
6 3 4 135 161 0.130989
6 3 4 135 162 0.869011
6 3 4 136 161 -1
6 3 4 136 162 -1
7 0 1 25 68 -1
7 0 1 26 68 -1
7 0 1 27 68 0.863465
7 0 2 25 104 -1
7 0 2 25 105 0.655138
7 0 2 26 104 0.945617
7 0 2 26 105 -1
7 0 2 27 104 -1
7 0 2 27 105 0.613075
7 0 3 25 137 -1
7 0 3 26 137 -1
7 0 3 27 137 0.498939
7 0 4 25 163 -1
7 0 4 25 164 -1
7 0 4 26 163 -1
7 0 4 26 164 0.95155
7 0 4 27 163 0.780496
7 0 4 27 164 -1
7 1 2 68 104 0.0685347
7 1 2 68 105 0.495692
7 1 3 68 137 0.591782
7 1 4 68 163 0.776087
7 1 4 68 164 0.0110796
7 2 3 104 137 -1
7 2 3 105 137 0.0628672
7 2 4 104 163 0.343802
7 2 4 104 164 0.432436
7 2 4 105 163 0.435622
7 2 4 105 164 0.17438
7 3 4 137 163 0.587484
7 3 4 137 164 -1
8 0 1 28 69 -1
8 0 1 28 70 -1
8 0 1 29 69 -1
8 0 1 29 70 -1
8 0 1 30 69 0.777627
8 0 1 30 70 0.222373
8 0 1 31 69 0.354775
8 0 1 31 70 0.645225
8 0 2 28 106 -1
8 0 2 28 107 0.874745
8 0 2 29 106 -1
8 0 2 29 107 0.194816
8 0 2 30 106 0.869697
8 0 2 30 107 -1
8 0 2 31 106 -1
8 0 2 31 107 0.68108
8 0 4 28 165 -1
8 0 4 28 166 -1
8 0 4 29 165 -1
8 0 4 29 166 -1
8 0 4 30 165 -1
8 0 4 30 166 0.78233
8 0 4 31 165 0.833817
8 0 4 31 166 -1
8 1 2 69 106 0.91672
8 1 2 69 107 -1
8 1 2 70 106 -1
8 1 2 70 107 0.733887
8 1 4 69 165 -1
8 1 4 69 166 0.699088
8 1 4 70 165 0.683408
8 1 4 70 166 -1
8 2 4 106 165 -1
8 2 4 106 166 0.784999
8 2 4 107 165 0.493482
8 2 4 107 166 -1
9 0 3 32 138 -1
9 0 3 32 139 0.944098
9 0 4 32 167 -1
9 0 4 32 168 0.95863
9 3 4 138 167 0.394779
9 3 4 138 168 0.384787
9 3 4 139 167 0.0666422
9 3 4 139 168 0.615213
10 0 1 33 71 0.561956
10 0 1 34 71 0.383887
10 0 1 35 71 0.0541568
10 0 2 33 108 -1
10 0 2 33 109 0.92513
10 0 2 34 108 0.920684
10 0 2 34 109 -1
10 0 2 35 108 -1
10 0 2 35 109 -1
10 0 3 33 140 -1
10 0 3 33 141 0.843267
10 0 3 34 140 -1
10 0 3 34 141 -1
10 0 3 35 140 -1
10 0 3 35 141 0.97092
10 1 2 71 108 0.415868
10 1 2 71 109 0.584132
10 1 3 71 140 -1
10 1 3 71 141 0.882174
10 2 3 108 140 -1
10 2 3 108 141 -1
10 2 3 109 140 0.147584
10 2 3 109 141 0.852416
11 0 1 36 72 0.196591
11 0 1 36 73 0.803409
11 0 2 36 110 -1
11 0 3 36 142 0.83693
11 0 3 36 143 -1
11 0 4 36 169 0.435629
11 0 4 36 170 0.564371
11 1 2 72 110 -1
11 1 2 73 110 0.89305
11 1 3 72 142 0.273447
11 1 3 72 143 -1
11 1 3 73 142 0.726553
11 1 3 73 143 -1
11 1 4 72 169 0.855941
11 1 4 72 170 0.124725
11 1 4 73 169 -1
11 1 4 73 170 0.875275
11 2 3 110 142 -1
11 2 3 110 143 -1
11 2 4 110 169 0.933495
11 2 4 110 170 -1
11 3 4 142 169 0.137383
11 3 4 142 170 0.862014
11 3 4 143 169 -1
11 3 4 143 170 -1
12 0 1 37 74 0.301661
12 0 1 37 75 -0.906781
12 0 1 38 74 0.194144
12 0 1 38 75 0.356092
12 0 1 39 74 0.192082
12 0 1 39 75 0.361939
12 0 1 40 74 0.101541
12 0 1 40 75 0.61876
12 0 2 37 111 0.852439
12 0 2 37 112 -0.998082
12 0 2 38 111 -1
12 0 2 38 112 0.188906
12 0 2 39 111 -1
12 0 2 39 112 0.839358
12 0 2 40 111 -1
12 0 2 40 112 0.969819
12 0 3 37 144 -1
12 0 3 37 145 -1
12 0 3 38 144 -1
12 0 3 38 145 0.963241
12 0 3 39 144 0.519463
12 0 3 39 145 -1
12 0 3 40 144 0.516176
12 0 3 40 145 -1
12 0 4 37 171 0.256324
12 0 4 38 171 0.190454
12 0 4 39 171 0.231167
12 0 4 40 171 0.322055
12 1 2 74 111 0.94283
12 1 2 74 112 -1
12 1 2 75 111 -1
12 1 2 75 112 0.903595
12 1 3 74 144 0.447182
12 1 3 74 145 -1
12 1 3 75 144 0.552818
12 1 3 75 145 -1
12 1 4 74 171 -1
12 1 4 75 171 0.950632
12 2 3 111 144 -1
12 2 3 111 145 -1
12 2 3 112 144 0.504277
12 2 3 112 145 -1
12 2 4 111 171 -1
12 2 4 112 171 0.892335
12 3 4 144 171 0.716699
12 3 4 145 171 -1
13 0 1 41 76 -1
13 0 1 41 77 -1
13 0 1 42 76 0.651267
13 0 1 42 77 -1
13 0 1 43 76 0.316648
13 0 1 43 77 0.56854
13 0 2 41 113 -1
13 0 2 41 114 0.90956
13 0 2 42 113 0.98242
13 0 2 42 114 -1
13 0 2 43 113 -1
13 0 2 43 114 0.71971
13 0 4 41 172 -1
13 0 4 41 173 -1
13 0 4 42 172 -1
13 0 4 42 173 0.92811
13 0 4 43 172 0.686892
13 0 4 43 173 -1
13 1 2 76 113 0.690973
13 1 2 76 114 -1
13 1 2 77 113 -1
13 1 2 77 114 0.821994
13 1 4 76 172 -1
13 1 4 76 173 0.493699
13 1 4 77 172 0.837654
13 1 4 77 173 -1
13 2 4 113 172 0.257507
13 2 4 113 173 0.316256
13 2 4 114 172 0.317726
13 2 4 114 173 0.252852
14 0 1 44 78 -1
14 0 1 44 79 -1
14 0 1 45 78 -1
14 0 1 45 79 -1
14 0 1 46 78 0.884798
14 0 1 46 79 -1
14 0 1 47 78 0.284394
14 0 1 47 79 0.715606
14 0 2 44 115 -1
14 0 2 44 116 -1
14 0 2 45 115 -1
14 0 2 45 116 0.680075
14 0 2 46 115 0.962649
14 0 2 46 116 -1
14 0 2 47 115 -1
14 0 2 47 116 0.879095
14 0 4 44 174 -1
14 0 4 44 175 -1
14 0 4 45 174 -1
14 0 4 45 175 -1
14 0 4 46 174 -1
14 0 4 46 175 0.796594
14 0 4 47 174 0.861699
14 0 4 47 175 -1
14 1 2 78 115 0.995827
14 1 2 78 116 -1
14 1 2 79 115 -1
14 1 2 79 116 0.879749
14 1 4 78 174 -1
14 1 4 78 175 0.812594
14 1 4 79 174 0.737766
14 1 4 79 175 -1
14 2 4 115 174 -1
14 2 4 115 175 0.804503
14 2 4 116 174 0.811136
14 2 4 116 175 -1
15 0 1 48 80 -1
15 0 1 48 81 0.655593
15 0 2 48 117 -1
15 0 3 48 146 0.743725
15 0 3 48 147 -1
15 0 4 48 176 0.427097
15 0 4 48 177 0.572903
15 1 2 80 117 -1
15 1 2 81 117 0.0817114
15 1 3 80 146 -1
15 1 3 80 147 -1
15 1 3 81 146 0.880862
15 1 3 81 147 -1
15 1 4 80 176 -1
15 1 4 80 177 -1
15 1 4 81 176 -1
15 1 4 81 177 0.831299
15 2 3 117 146 -1
15 2 3 117 147 -1
15 2 4 117 176 0.960352
15 2 4 117 177 -1
15 3 4 146 176 0.210963
15 3 4 146 177 0.789037
15 3 4 147 176 -1
15 3 4 147 177 -1
16 0 1 49 82 0.19591
16 0 1 49 83 0.344554
16 0 1 49 84 0.0005753
16 0 1 50 82 0.276471
16 0 1 50 83 0.425121
16 0 1 50 84 -1
16 0 1 51 82 0.19196
16 0 1 51 83 0.33038
16 0 1 51 84 0.0326028
16 0 1 52 82 0.0434016
16 0 1 52 83 -0.608492
16 0 1 52 84 0.715583
16 0 2 49 118 -1
16 0 2 49 119 0.813512
16 0 2 50 118 0.817884
16 0 2 50 119 -1
16 0 2 51 118 -1
16 0 2 51 119 0.183776
16 0 2 52 118 -1
16 0 2 52 119 0.972902
16 0 3 49 148 -1
16 0 3 50 148 -1
16 0 3 51 148 0.883029
16 0 3 52 148 -1
16 0 4 49 178 -1
16 0 4 50 178 -1
16 0 4 51 178 -1
16 0 4 52 178 0.891557
16 1 2 82 118 0.546597
16 1 2 82 119 -1
16 1 2 83 118 -1
16 1 2 83 119 -1
16 1 2 84 118 -1
16 1 2 84 119 0.807559
16 1 3 82 148 -1
16 1 3 83 148 0.803541
16 1 3 84 148 -1
16 1 4 82 178 -1
16 1 4 83 178 -1
16 1 4 84 178 0.930565
16 2 3 118 148 -1
16 2 3 119 148 -1
16 2 4 118 178 -1
16 2 4 119 178 0.79235
16 3 4 148 178 -1
17 0 1 53 85 -1
17 0 1 53 86 -1
17 0 1 53 87 -1
17 0 1 54 85 -1
17 0 1 54 86 0.187973
17 0 1 54 87 -1
17 0 1 55 85 0.951812
17 0 1 55 86 -1
17 0 1 55 87 0.522827
17 0 2 53 120 -1
17 0 2 53 121 -1
17 0 2 54 120 -1
17 0 2 54 121 0.979232
17 0 2 55 120 0.88805
17 0 2 55 121 -1
17 0 4 53 179 -1
17 0 4 53 180 -1
17 0 4 54 179 -1
17 0 4 54 180 -1
17 0 4 55 179 -1
17 0 4 55 180 0.934812
17 1 2 85 120 0.560563
17 1 2 85 121 -1
17 1 2 86 120 -1
17 1 2 86 121 -1
17 1 2 87 120 -1
17 1 2 87 121 0.962733
17 1 4 85 179 -1
17 1 4 85 180 0.41106
17 1 4 86 179 -1
17 1 4 86 180 -1
17 1 4 87 179 0.868112
17 1 4 87 180 -1
17 2 4 120 179 -1
17 2 4 120 180 0.951656
17 2 4 121 179 0.750555
17 2 4 121 180 -1
18 0 1 56 88 -1
18 0 1 56 89 -1
18 0 1 57 88 0.986596
18 0 1 57 89 -1
18 0 1 58 88 -1
18 0 1 58 89 -1
18 0 2 56 122 -1
18 0 2 56 123 0.783266
18 0 2 57 122 -1
18 0 2 57 123 -1
18 0 2 58 122 0.831311
18 0 2 58 123 -1
18 0 4 56 181 -1
18 0 4 56 182 -1
18 0 4 57 181 -1
18 0 4 57 182 -1
18 0 4 58 181 -1
18 0 4 58 182 0.829335
18 1 2 88 122 -1
18 1 2 88 123 -1
18 1 2 89 122 -1
18 1 2 89 123 0.826222
18 1 4 88 181 -1
18 1 4 88 182 -1
18 1 4 89 181 0.692791
18 1 4 89 182 0.146104
18 2 4 122 181 0.283031
18 2 4 122 182 0.312374
18 2 4 123 181 0.310665
18 2 4 123 182 0.277251
end of Frame 108
