J OverallIdx viewIdx joint种类0-18(jointIdx) 该joint在图中的顺序(candidix) x y score
0 0 0 0 600.103 394.3 0.70513
1 0 0 1 364.58 432.262 0.568394
2 0 1 0 347.737 196.09 0.866137
3 0 1 1 630.919 217.174 0.829059
4 0 2 0 569.186 388.02 0.670403
5 0 2 1 392.561 428.096 0.497713
6 0 3 0 639.313 396.41 0.742875
7 0 3 1 339.281 434.384 0.549888
8 0 4 0 605.766 145.565 0.864452
9 0 5 0 381.426 194.103 0.770395
10 0 5 1 575.019 210.99 0.875661
11 0 6 0 308.449 194.115 0.837079
12 0 6 1 681.466 225.552 0.855296
13 0 7 0 566.514 533.491 0.787771
14 0 7 1 330.978 584.153 0.52949
15 0 8 0 628.137 533.484 0.767794
16 0 8 1 330.922 596.743 0.645215
17 0 9 0 344.98 124.384 0.207695
18 0 10 0 283.287 126.443 0.915723
19 0 10 1 656.15 143.464 0.892404
20 0 11 0 552.442 297.414 0.870831
21 0 11 1 437.507 307.864 0.869166
22 0 12 0 706.601 310.025 0.864353
23 0 12 1 325.135 333.192 0.809805
24 0 13 0 572.084 653.676 0.812297
25 0 13 1 344.954 723.258 0.486572
26 0 14 0 616.884 649.398 0.843836
27 0 14 1 350.56 738.057 0.531337
28 0 15 0 524.313 373.223 0.842346
29 0 15 1 386.939 371.132 0.475537
30 0 16 0 709.436 394.367 0.848229
31 0 16 1 283.164 430.116 0.815475
32 0 17 0 630.938 685.323 0.761248
33 0 17 1 286.096 733.741 0.506355
34 0 18 0 535.655 691.628 0.67146
35 0 18 1 294.416 721.16 0.495904
36 1 0 0 215.937 396.493 0.671407
37 1 0 1 614.128 440.741 0.580877
38 1 1 0 221.521 194.027 0.733166
39 1 1 1 594.67 193.885 0.844305
40 1 2 0 238.478 398.565 0.648446
41 1 2 1 656.143 444.906 0.554097
42 1 3 0 193.432 396.412 0.614786
43 1 3 1 572.168 438.604 0.570507
44 1 4 0 297.3 145.466 0.906631
45 1 5 0 235.594 194.08 0.841571
46 1 5 1 639.314 193.92 0.813839
47 1 6 0 552.544 191.888 0.77011
48 1 6 1 210.228 193.963 0.659711
49 1 7 0 269.268 531.401 0.782575
50 1 7 1 667.449 615.737 0.732117
51 1 8 0 190.6 531.357 0.847678
52 1 8 1 591.601 582.063 0.825228
53 1 9 0 656.25 94.9506 0.764556
54 1 9 1 249.542 137.088 0.839263
55 1 10 0 580.453 103.345 0.598565
56 1 11 0 252.33 305.765 0.723849
57 1 11 1 706.627 322.596 0.834375
58 1 13 0 294.474 670.565 0.742777
59 1 13 1 639.376 765.42 0.604225
60 1 14 0 140.26 670.58 0.735429
61 1 14 1 507.659 708.542 0.618667
62 1 15 0 793.507 257.276 0.791292
63 1 15 1 305.803 337.404 0.781634
64 1 17 0 196.391 685.302 0.733507
65 1 17 1 513.192 754.897 0.292815
66 1 18 0 350.618 672.639 0.67355
67 2 0 0 437.486 255.114 0.711874
68 2 0 1 664.584 352.181 0.777492
69 2 0 2 998.343 573.578 0.640418
70 2 0 3 513.198 651.592 0.546974
71 2 1 0 445.863 103.314 0.781423
72 2 1 1 692.663 210.952 0.882217
73 2 1 2 527.232 442.855 0.86665
74 2 2 0 423.48 255.137 0.669495
75 2 2 1 636.466 345.851 0.760785
76 2 2 2 1029.21 582.046 0.553658
77 2 2 3 566.427 651.606 0.537557
78 2 3 0 451.534 253.075 0.643597
79 2 3 1 701.058 360.575 0.748448
80 2 3 2 959.104 565.196 0.624319
81 2 3 3 462.829 649.493 0.545708
82 2 4 0 504.638 56.8686 0.896378
83 2 4 1 667.518 193.924 0.884132
84 2 5 0 415.176 109.536 0.85188
85 2 5 1 639.445 202.436 0.873968
86 2 5 2 614.069 449.185 0.610099
87 2 6 0 479.462 94.9157 0.744808
88 2 6 1 748.833 223.525 0.856833
89 2 6 2 1029.2 394.31 0.749565
90 2 6 3 440.312 430.266 0.831259
91 2 7 0 437.496 345.769 0.822363
92 2 7 1 616.85 446.97 0.816551
93 2 7 2 987.129 657.915 0.756506
94 2 7 3 552.516 740.191 0.643841
95 2 8 0 429.024 345.854 0.742665
96 2 8 1 684.263 461.838 0.86926
97 2 8 2 908.709 649.568 0.849221
98 2 8 3 468.3 759.111 0.546385
99 2 9 0 457.121 42.2544 0.912817
100 2 9 1 594.637 337.396 0.700701
101 2 10 0 717.914 172.887 0.829269
102 2 10 1 499.126 326.846 0.536527
103 2 11 0 392.577 189.758 0.912408
104 2 11 1 608.536 250.935 0.818193
105 2 11 2 636.531 575.686 0.768049
106 2 12 0 459.89 164.528 0.621316
107 2 12 1 754.448 305.716 0.863337
108 2 12 2 914.262 413.326 0.831905
109 2 12 3 409.486 546.191 0.829927
110 2 13 0 437.548 434.378 0.640743
111 2 13 1 614.078 556.684 0.48015
112 2 13 2 959.072 752.859 0.698115
113 2 14 0 409.458 428.11 0.795539
114 2 14 1 658.961 558.838 0.699182
115 2 14 2 930.893 763.319 0.704607
116 2 15 0 409.452 265.663 0.862612
117 2 15 1 614.026 312.171 0.792571
118 2 16 0 471.101 213.017 0.796568
119 2 16 1 933.829 345.866 0.526731
120 2 16 2 723.561 364.907 0.870733
121 3 0 0 566.438 343.677 0.722375
122 3 0 1 241.243 366.912 0.648817
123 3 0 2 860.924 371.127 0.540247
124 3 1 0 872.151 166.628 0.657315
125 3 1 1 235.488 187.68 0.73334
126 3 1 2 563.62 193.95 0.87465
127 3 2 0 538.383 343.689 0.691104
128 3 2 1 258.086 366.921 0.67109
129 3 2 2 886.201 366.924 0.484393
130 3 3 0 591.693 341.627 0.73578
131 3 3 1 232.648 366.902 0.636697
132 3 3 2 835.65 375.346 0.50743
133 3 4 0 869.396 111.805 0.587453
134 3 4 1 297.177 128.671 0.857525
135 3 4 2 580.507 151.832 0.816088
136 3 5 0 911.431 170.816 0.501614
137 3 5 1 238.411 191.824 0.848909
138 3 5 2 524.346 193.983 0.889224
139 3 6 0 838.412 166.608 0.695559
140 3 6 1 218.771 183.473 0.614983
141 3 6 2 597.433 193.922 0.890039
142 3 7 0 549.742 463.901 0.846051
143 3 7 1 897.425 474.442 0.176356
144 3 7 2 294.465 493.417 0.763637
145 3 7 3 841.233 563.059 0.595921
146 3 8 0 588.908 461.844 0.789916
147 3 8 1 235.728 495.488 0.799137
148 3 8 2 860.988 577.787 0.673117
149 3 9 0 863.79 77.9934 0.156335
150 3 9 1 255.154 126.476 0.928028
151 3 9 2 546.914 134.986 0.84645
152 3 10 0 793.505 88.5672 0.783786
153 3 10 1 908.743 120.205 0.803714
154 3 11 0 479.585 263.619 0.911118
155 3 11 1 238.325 278.436 0.939287
156 3 12 0 600.131 263.659 0.760791
157 3 12 1 816.06 276.242 0.701483
158 3 13 0 939.415 518.774 0.26069
159 3 13 1 549.649 579.848 0.807277
160 3 13 2 297.24 603.137 0.753236
161 3 13 3 804.829 683.135 0.744373
162 3 14 0 942.229 518.774 0.198845
163 3 14 1 572.209 552.452 0.809869
164 3 14 2 232.719 600.97 0.620859
165 3 14 3 928.297 746.466 0.588593
166 3 15 0 776.835 299.424 0.19774
167 3 15 1 518.845 316.322 0.840262
168 3 15 2 283.309 352.174 0.848467
169 3 16 0 614.085 324.734 0.824111
170 3 16 1 771.066 331.111 0.743473
171 3 17 0 594.62 588.327 0.791909
172 3 17 1 863.829 748.555 0.612736
173 3 18 0 358.997 607.315 0.72829
174 3 18 1 572.198 613.646 0.708478
175 3 18 2 751.681 676.896 0.679002
176 4 0 0 644.977 246.76 0.496307
177 4 0 1 953.41 263.627 0.784406
178 4 0 2 555.283 345.8 0.556466
179 4 1 0 964.675 109.71 0.859478
180 4 1 1 670.264 126.455 0.757697
181 4 1 2 524.283 126.441 0.864793
182 4 2 0 619.745 248.802 0.40234
183 4 2 1 928.107 261.537 0.76364
184 4 2 2 597.45 339.479 0.521441
185 4 3 0 667.47 246.714 0.691865
186 4 3 1 978.689 265.736 0.751491
187 4 3 2 510.464 347.967 0.50846
188 4 4 0 908.751 59.0322 0.942218
189 4 4 1 661.924 88.5804 0.86763
190 4 5 0 930.921 109.739 0.882288
191 4 5 1 591.714 115.946 0.81106
192 4 5 2 642.191 124.418 0.65099
193 4 6 0 998.456 109.629 0.893084
194 4 6 1 448.682 130.704 0.773412
195 4 6 2 701.078 126.516 0.892477
196 4 7 0 908.61 375.362 0.870911
197 4 7 1 614.107 432.305 0.175072
198 4 7 2 586.113 522.953 0.634519
199 4 8 0 670.285 333.17 0.740105
200 4 8 1 981.501 379.541 0.867645
201 4 8 2 631.023 421.771 0.31482
202 4 8 3 538.452 525.09 0.68744
203 4 9 0 532.818 44.3307 0.639007
204 4 9 1 622.625 75.8587 0.919146
205 4 10 0 953.588 52.7091 0.874196
206 4 10 1 468.279 50.638 0.651481
207 4 10 2 684.369 82.2133 0.696975
208 4 11 0 925.355 177.199 0.727941
209 4 11 1 631.004 231.972 0.801985
210 4 12 0 684.334 174.931 0.916355
211 4 12 1 1029.2 193.927 0.855282
212 4 12 2 429.037 250.934 0.786544
213 4 13 0 656.216 413.318 0.213793
214 4 13 1 889.077 480.79 0.836434
215 4 13 2 622.607 516.674 0.290879
216 4 13 3 577.755 638.945 0.686514
217 4 14 0 728.992 385.929 0.809225
218 4 14 1 1003.96 480.709 0.812264
219 4 14 2 630.916 514.523 0.455636
220 4 14 3 555.216 670.608 0.714256
221 4 15 0 902.975 210.88 0.793734
222 4 15 1 650.609 312.168 0.796181
223 4 16 0 636.553 145.559 0.782416
224 4 16 1 931.151 223.488 0.8865
225 4 16 2 415.056 347.889 0.898493
226 4 17 0 712.3 423.878 0.703368
227 4 17 1 964.736 497.577 0.81398
228 4 17 2 687.04 533.526 0.514851
229 4 17 3 504.763 664.192 0.793541
230 4 18 0 860.834 499.817 0.753254
231 4 18 1 684.386 533.48 0.325862
232 4 18 2 527.168 636.832 0.174692
P viewIdx, pafIdx, aOverAllIdx, bOverAllIdx, CandidAIdx, CandidBIdx, score
0 0 2 0 0 0 0
0 0 2 1 0 1 0.963611
0 0 3 0 1 0 0.979307
0 0 3 1 1 1 0
0 1 4 13 0 0 0.989786
0 1 4 14 0 1 0
0 1 5 13 1 0 0
0 1 5 14 1 1 0.924037
0 2 13 24 0 0 0.991116
0 2 13 25 0 1 0
0 2 14 24 1 0 0
0 2 14 25 1 1 0.940882
0 3 0 4 0 0 0.926471
0 3 0 5 0 1 0
0 3 1 4 1 0 0
0 3 1 5 1 1 0.86522
0 4 0 6 0 0 0.946081
0 4 0 7 0 1 0
0 4 1 6 1 0 0
0 4 1 7 1 1 0.874622
0 5 6 15 0 0 0.978804
0 5 6 16 0 1 0
0 5 7 15 1 0 0
0 5 7 16 1 1 0.970329
0 6 15 26 0 0 0.999921
0 6 15 27 0 1 0
0 6 16 26 1 0 0
0 6 16 27 1 1 0.96622
0 7 2 9 0 0 0.98561
0 7 2 10 0 1 0
0 7 3 9 1 0 0
0 7 3 10 1 1 0.992513
0 8 9 20 0 0 0
0 8 9 21 0 1 0.996771
0 8 10 20 1 0 0.962717
0 8 10 21 1 1 0
0 9 20 28 0 0 0.990776
0 9 20 29 0 1 0
0 9 21 28 1 0 0
0 9 21 29 1 1 0.925113
0 10 9 17 0 0 0.783529
0 10 10 17 1 0 0
0 11 2 11 0 0 0.989291
0 11 2 12 0 1 0
0 11 3 11 1 0 0
0 11 3 12 1 1 0.996209
0 12 11 22 0 0 0
0 12 11 23 0 1 0.97537
0 12 12 22 1 0 0.99657
0 12 12 23 1 1 0
0 13 22 30 0 0 0.994558
0 13 22 31 0 1 0
0 13 23 30 1 0 0
0 13 23 31 1 1 0.978087
0 14 11 18 0 0 0.996698
0 14 11 19 0 1 0
0 14 12 18 1 0 0
0 14 12 19 1 1 0.998437
0 15 2 8 0 0 0
0 15 3 8 1 0 0.995571
0 16 26 32 0 0 0.998588
0 16 26 33 0 1 0
0 16 27 32 1 0 0
0 16 27 33 1 1 0.91247
0 17 24 34 0 0 0.925245
0 17 24 35 0 1 0
0 17 25 34 1 0 0
0 17 25 35 1 1 0.846924
1 0 38 36 0 0 0.9556
1 0 38 37 0 1 0
1 0 39 36 1 0 0
1 0 39 37 1 1 0.963542
1 1 40 49 0 0 0.971732
1 1 40 50 0 1 0
1 1 41 49 1 0 0
1 1 41 50 1 1 0.979467
1 2 49 58 0 0 0.994191
1 2 49 59 0 1 0
1 2 50 58 1 0 0
1 2 50 59 1 1 0.963356
1 3 36 40 0 0 0.910628
1 3 36 41 0 1 0
1 3 37 40 1 0 0
1 3 37 41 1 1 0.885403
1 4 36 42 0 0 0.912163
1 4 36 43 0 1 0
1 4 37 42 1 0 0
1 4 37 43 1 1 0.886376
1 5 42 51 0 0 0.987143
1 5 42 52 0 1 0
1 5 43 51 1 0 0
1 5 43 52 1 1 0.983185
1 6 51 60 0 0 0.992076
1 6 51 61 0 1 0
1 6 52 60 1 0 0
1 6 52 61 1 1 0.963245
1 7 38 45 0 0 0.925787
1 7 38 46 0 1 0
1 7 39 45 1 0 0
1 7 39 46 1 1 0.993085
1 8 45 56 0 0 0.985959
1 8 45 57 0 1 0
1 8 46 56 1 0 0
1 8 46 57 1 1 0.996921
1 9 56 62 0 0 0
1 9 56 63 0 1 0.999912
1 9 57 62 1 0 0.971121
1 9 57 63 1 1 0
1 10 45 53 0 0 0
1 10 45 54 0 1 0.992962
1 10 46 53 1 0 0.966354
1 10 46 54 1 1 0
1 11 38 47 0 0 0
1 11 38 48 0 1 0.918331
1 11 39 47 1 0 0.988967
1 11 39 48 1 1 0
1 14 47 55 0 0 0.893748
1 14 48 55 1 0 0
1 15 38 44 0 0 0.926027
1 15 39 44 1 0 0
1 16 60 64 0 0 0.957469
1 16 60 65 0 1 0
1 16 61 64 1 0 0
1 16 61 65 1 1 0.862191
1 17 58 66 0 0 0.924073
1 17 59 66 1 0 0
2 0 71 67 0 0 0.9687
2 0 71 68 0 1 0
2 0 71 69 0 2 0
2 0 71 70 0 3 0
2 0 72 67 1 0 0
2 0 72 68 1 1 0.973353
2 0 72 69 1 2 0
2 0 72 70 1 3 0
2 0 73 67 2 0 0
2 0 73 68 2 1 0
2 0 73 69 2 2 0
2 0 73 70 2 3 0.970807
2 1 74 91 0 0 0.966499
2 1 74 92 0 1 0
2 1 74 93 0 2 0
2 1 74 94 0 3 0
2 1 75 91 1 0 0
2 1 75 92 1 1 0.993755
2 1 75 93 1 2 0
2 1 75 94 1 3 0
2 1 76 91 2 0 0
2 1 76 92 2 1 0
2 1 76 93 2 2 0.9497
2 1 76 94 2 3 0
2 1 77 91 3 0 0
2 1 77 92 3 1 0
2 1 77 93 3 2 0
2 1 77 94 3 3 0.962022
2 2 91 110 0 0 0.977663
2 2 91 111 0 1 0
2 2 91 112 0 2 0
2 2 92 110 1 0 0
2 2 92 111 1 1 0.96608
2 2 92 112 1 2 0
2 2 93 110 2 0 0
2 2 93 111 2 1 0
2 2 93 112 2 2 0.963104
2 2 94 110 3 0 0
2 2 94 111 3 1 0
2 2 94 112 3 2 0
2 3 67 74 0 0 0.908293
2 3 67 75 0 1 0
2 3 67 76 0 2 0
2 3 67 77 0 3 0
2 3 68 74 1 0 0
2 3 68 75 1 1 0.945702
2 3 68 76 1 2 0
2 3 68 77 1 3 0
2 3 69 74 2 0 0
2 3 69 75 2 1 0
2 3 69 76 2 2 0.935287
2 3 69 77 2 3 0
2 3 70 74 3 0 0
2 3 70 75 3 1 0
2 3 70 76 3 2 0
2 3 70 77 3 3 0.868491
2 4 67 78 0 0 0.899287
2 4 67 79 0 1 0
2 4 67 80 0 2 0
2 4 67 81 0 3 0
2 4 68 78 1 0 0
2 4 68 79 1 1 0.959431
2 4 68 80 1 2 0
2 4 68 81 1 3 0
2 4 69 78 2 0 0
2 4 69 79 2 1 0
2 4 69 80 2 2 0.930636
2 4 69 81 2 3 0
2 4 70 78 3 0 0
2 4 70 79 3 1 0
2 4 70 80 3 2 0
2 4 70 81 3 3 0.879212
2 5 78 95 0 0 0.960821
2 5 78 96 0 1 0
2 5 78 97 0 2 0
2 5 78 98 0 3 0
2 5 79 95 1 0 0
2 5 79 96 1 1 0.998524
2 5 79 97 1 2 0
2 5 79 98 1 3 0
2 5 80 95 2 0 0
2 5 80 96 2 1 0
2 5 80 97 2 2 0.946134
2 5 80 98 2 3 0
2 5 81 95 3 0 0
2 5 81 96 3 1 0
2 5 81 97 3 2 0
2 5 81 98 3 3 0.940423
2 6 95 113 0 0 0.980839
2 6 95 114 0 1 0
2 6 95 115 0 2 0
2 6 96 113 1 0 0
2 6 96 114 1 1 0.980104
2 6 96 115 1 2 0
2 6 97 113 2 0 0
2 6 97 114 2 1 0
2 6 97 115 2 2 0.988304
2 6 98 113 3 0 0
2 6 98 114 3 1 0
2 6 98 115 3 2 0
2 7 71 84 0 0 0.974036
2 7 71 85 0 1 0
2 7 71 86 0 2 0
2 7 72 84 1 0 0
2 7 72 85 1 1 0.99067
2 7 72 86 1 2 0
2 7 73 84 2 0 0
2 7 73 85 2 1 0
2 7 73 86 2 2 0.989921
2 8 84 103 0 0 0.982981
2 8 84 104 0 1 0
2 8 84 105 0 2 0
2 8 85 103 1 0 0
2 8 85 104 1 1 0.975763
2 8 85 105 1 2 0
2 8 86 103 2 0 0
2 8 86 104 2 1 0
2 8 86 105 2 2 0.967027
2 9 103 116 0 0 0.991912
2 9 103 117 0 1 0
2 9 104 116 1 0 0
2 9 104 117 1 1 0.980125
2 9 105 116 2 0 0
2 9 105 117 2 1 0
2 10 84 99 0 0 0.975762
2 10 84 100 0 1 0
2 10 85 99 1 0 0
2 10 85 100 1 1 0
2 10 86 99 2 0 0
2 10 86 100 2 1 0.944934
2 11 71 87 0 0 0.959399
2 11 71 88 0 1 0
2 11 71 89 0 2 0
2 11 71 90 0 3 0
2 11 72 87 1 0 0
2 11 72 88 1 1 0.993936
2 11 72 89 1 2 0
2 11 72 90 1 3 0
2 11 73 87 2 0 0
2 11 73 88 2 1 0
2 11 73 89 2 2 0
2 11 73 90 2 3 0.992479
2 12 87 106 0 0 0.933895
2 12 87 107 0 1 0
2 12 87 108 0 2 0
2 12 87 109 0 3 0
2 12 88 106 1 0 0
2 12 88 107 1 1 0.997446
2 12 88 108 1 2 0
2 12 88 109 1 3 0
2 12 89 106 2 0 0
2 12 89 107 2 1 0
2 12 89 108 2 2 0.972956
2 12 89 109 2 3 0
2 12 90 106 3 0 0
2 12 90 107 3 1 0
2 12 90 108 3 2 0
2 12 90 109 3 3 0.96961
2 13 106 118 0 0 0.965722
2 13 106 119 0 1 0
2 13 106 120 0 2 0
2 13 107 118 1 0 0
2 13 107 119 1 1 0
2 13 107 120 1 2 0.979777
2 13 108 118 2 0 0
2 13 108 119 2 1 0.946481
2 13 108 120 2 2 0
2 13 109 118 3 0 0
2 13 109 119 3 1 0
2 13 109 120 3 2 0
2 14 87 101 0 0 0
2 14 87 102 0 1 0
2 14 88 101 1 0 0.997795
2 14 88 102 1 1 0
2 14 89 101 2 0 0
2 14 89 102 2 1 0
2 14 90 101 3 0 0
2 14 90 102 3 1 0.906611
2 15 71 82 0 0 0.964913
2 15 71 83 0 1 0
2 15 72 82 1 0 0
2 15 72 83 1 1 0.994581
2 15 73 82 2 0 0
2 15 73 83 2 1 0
3 0 124 121 0 0 0
3 0 124 122 0 1 0
3 0 124 123 0 2 0.96496
3 0 125 121 1 0 0
3 0 125 122 1 1 0.957767
3 0 125 123 1 2 0
3 0 126 121 2 0 0.988158
3 0 126 122 2 1 0
3 0 126 123 2 2 0
3 1 127 142 0 0 0.978442
3 1 127 143 0 1 0
3 1 127 144 0 2 0
3 1 127 145 0 3 0
3 1 128 142 1 0 0
3 1 128 143 1 1 0
3 1 128 144 1 2 0.986602
3 1 128 145 1 3 0
3 1 129 142 2 0 0
3 1 129 143 2 1 0.493199
3 1 129 144 2 2 0
3 1 129 145 2 3 0.506801
3 2 142 158 0 0 0
3 2 142 159 0 1 0.994323
3 2 142 160 0 2 0
3 2 142 161 0 3 0
3 2 143 158 1 0 0.782503
3 2 143 159 1 1 0
3 2 143 160 1 2 0
3 2 143 161 1 3 0
3 2 144 158 2 0 0
3 2 144 159 2 1 0
3 2 144 160 2 2 0.982928
3 2 144 161 2 3 0
3 2 145 158 3 0 0
3 2 145 159 3 1 0
3 2 145 160 3 2 0
3 2 145 161 3 3 0.966782
3 3 121 127 0 0 0.949671
3 3 121 128 0 1 0
3 3 121 129 0 2 0
3 3 122 127 1 0 0
3 3 122 128 1 1 0.899425
3 3 122 129 1 2 0
3 3 123 127 2 0 0
3 3 123 128 2 1 0
3 3 123 129 2 2 0.860325
3 4 121 130 0 0 0.948585
3 4 121 131 0 1 0
3 4 121 132 0 2 0
3 4 122 130 1 0 0
3 4 122 131 1 1 0.896376
3 4 122 132 1 2 0
3 4 123 130 2 0 0
3 4 123 131 2 1 0
3 4 123 132 2 2 0.867971
3 5 130 146 0 0 0.984338
3 5 130 147 0 1 0
3 5 130 148 0 2 0
3 5 131 146 1 0 0
3 5 131 147 1 1 0.989391
3 5 131 148 1 2 0
3 5 132 146 2 0 0
3 5 132 147 2 1 0
3 5 132 148 2 2 0.969485
3 6 146 162 0 0 0
3 6 146 163 0 1 0.984402
3 6 146 164 0 2 0
3 6 146 165 0 3 0
3 6 147 162 1 0 0
3 6 147 163 1 1 0
3 6 147 164 1 2 0.979779
3 6 147 165 1 3 0
3 6 148 162 2 0 0
3 6 148 163 2 1 0
3 6 148 164 2 2 0
3 6 148 165 2 3 0.978041
3 7 124 136 0 0 0.923169
3 7 124 137 0 1 0
3 7 124 138 0 2 0
3 7 125 136 1 0 0
3 7 125 137 1 1 0.859264
3 7 125 138 1 2 0
3 7 126 136 2 0 0
3 7 126 137 2 1 0
3 7 126 138 2 2 0.99979
3 8 136 154 0 0 0
3 8 136 155 0 1 0
3 8 137 154 1 0 0
3 8 137 155 1 1 0.99483
3 8 138 154 2 0 0.98576
3 8 138 155 2 1 0
3 9 154 166 0 0 0
3 9 154 167 0 1 0.984782
3 9 154 168 0 2 0
3 9 155 166 1 0 0
3 9 155 167 1 1 0
3 9 155 168 1 2 0.991733
3 10 136 149 0 0 0.668462
3 10 136 150 0 1 0
3 10 136 151 0 2 0
3 10 137 149 1 0 0
3 10 137 150 1 1 0.981638
3 10 137 151 1 2 0
3 10 138 149 2 0 0
3 10 138 150 2 1 0
3 10 138 151 2 2 0.985995
3 11 124 139 0 0 0.94496
3 11 124 140 0 1 0
3 11 124 141 0 2 0
3 11 125 139 1 0 0
3 11 125 140 1 1 0.901451
3 11 125 141 1 2 0
3 11 126 139 2 0 0
3 11 126 140 2 1 0
3 11 126 141 2 2 0.998251
3 12 139 156 0 0 0
3 12 139 157 0 1 0.97108
3 12 140 156 1 0 0
3 12 140 157 1 1 0
3 12 141 156 2 0 0.990526
3 12 141 157 2 1 0
3 13 156 169 0 0 0.98564
3 13 156 170 0 1 0
3 13 157 169 1 0 0
3 13 157 170 1 1 0.965054
3 14 139 152 0 0 0.575508
3 14 139 153 0 1 0.424491
3 14 140 152 1 0 0
3 14 140 153 1 1 0
3 14 141 152 2 0 0
3 14 141 153 2 1 0
3 15 124 133 0 0 0.766917
3 15 124 134 0 1 0
3 15 124 135 0 2 0
3 15 125 133 1 0 0
3 15 125 134 1 1 0.946052
3 15 125 135 1 2 0
3 15 126 133 2 0 0
3 15 126 134 2 1 0
3 15 126 135 2 2 0.983703
3 16 162 171 0 0 0
3 16 162 172 0 1 0
3 16 163 171 1 0 0.994702
3 16 163 172 1 1 0
3 16 164 171 2 0 0
3 16 164 172 2 1 0
3 16 165 171 3 0 0
3 16 165 172 3 1 0.90505
3 17 158 173 0 0 0
3 17 158 174 0 1 0
3 17 158 175 0 2 0
3 17 159 173 1 0 0
3 17 159 174 1 1 0.972209
3 17 159 175 1 2 0
3 17 160 173 2 0 0.957402
3 17 160 174 2 1 0
3 17 160 175 2 2 0
3 17 161 173 3 0 0
3 17 161 174 3 1 0
3 17 161 175 3 2 0.966941
4 0 179 176 0 0 0
4 0 179 177 0 1 0.996042
4 0 179 178 0 2 0
4 0 180 176 1 0 0.890072
4 0 180 177 1 1 0
4 0 180 178 1 2 0
4 0 181 176 2 0 0
4 0 181 177 2 1 0
4 0 181 178 2 2 0.995897
4 1 182 196 0 0 0
4 1 182 197 0 1 0.26073
4 1 182 198 0 2 0.265614
4 1 183 196 1 0 0.996461
4 1 183 197 1 1 0
4 1 183 198 1 2 0
4 1 184 196 2 0 0
4 1 184 197 2 1 0.265553
4 1 184 198 2 2 0.260881
4 2 196 213 0 0 0
4 2 196 214 0 1 0.970998
4 2 196 215 0 2 0
4 2 196 216 0 3 0
4 2 197 213 1 0 0
4 2 197 214 1 1 0
4 2 197 215 1 2 0.461547
4 2 197 216 1 3 0.284073
4 2 198 213 2 0 0
4 2 198 214 2 1 0
4 2 198 215 2 2 0
4 2 198 216 2 3 0.511814
4 3 176 182 0 0 0.870727
4 3 176 183 0 1 0
4 3 176 184 0 2 0
4 3 177 182 1 0 0
4 3 177 183 1 1 0.948235
4 3 177 184 1 2 0
4 3 178 182 2 0 0
4 3 178 183 2 1 0
4 3 178 184 2 2 0.853206
4 4 176 185 0 0 0.871911
4 4 176 186 0 1 0
4 4 176 187 0 2 0
4 4 177 185 1 0 0
4 4 177 186 1 1 0.943504
4 4 177 187 1 2 0
4 4 178 185 2 0 0
4 4 178 186 2 1 0
4 4 178 187 2 2 0.859624
4 5 185 199 0 0 0.524101
4 5 185 200 0 1 0
4 5 185 201 0 2 0.475899
4 5 185 202 0 3 0
4 5 186 199 1 0 0
4 5 186 200 1 1 0.995402
4 5 186 201 1 2 0
4 5 186 202 1 3 0
4 5 187 199 2 0 0
4 5 187 200 2 1 0
4 5 187 201 2 2 0
4 5 187 202 2 3 0.968573
4 6 199 217 0 0 0.538638
4 6 199 218 0 1 0
4 6 199 219 0 2 0.268979
4 6 199 220 0 3 0
4 6 200 217 1 0 0
4 6 200 218 1 1 0.987054
4 6 200 219 1 2 0
4 6 200 220 1 3 0
4 6 201 217 2 0 0
4 6 201 218 2 1 0
4 6 201 219 2 2 0.509265
4 6 201 220 2 3 0
4 6 202 217 3 0 0
4 6 202 218 3 1 0
4 6 202 219 3 2 0
4 6 202 220 3 3 0.984047
4 7 179 190 0 0 0.996322
4 7 179 191 0 1 0
4 7 179 192 0 2 0
4 7 180 190 1 0 0
4 7 180 191 1 1 0
4 7 180 192 1 2 0.978444
4 7 181 190 2 0 0
4 7 181 191 2 1 0.977861
4 7 181 192 2 2 0
4 8 190 208 0 0 0.982201
4 8 190 209 0 1 0
4 8 191 208 1 0 0
4 8 191 209 1 1 0.988022
4 8 192 208 2 0 0
4 8 192 209 2 1 0
4 9 208 221 0 0 0.960485
4 9 208 222 0 1 0
4 9 209 221 1 0 0
4 9 209 222 1 1 0.994439
4 10 190 203 0 0 0
4 10 190 204 0 1 0
4 10 191 203 1 0 0.273966
4 10 191 204 1 1 0.266366
4 10 192 203 2 0 0.266211
4 10 192 204 2 1 0.274035
4 11 179 193 0 0 0.998657
4 11 179 194 0 1 0
4 11 179 195 0 2 0
4 11 180 193 1 0 0
4 11 180 194 1 1 0
4 11 180 195 1 2 0.983139
4 11 181 193 2 0 0
4 11 181 194 2 1 0.982498
4 11 181 195 2 2 0
4 12 193 210 0 0 0
4 12 193 211 0 1 0.998107
4 12 193 212 0 2 0
4 12 194 210 1 0 0
4 12 194 211 1 1 0
4 12 194 212 1 2 0.981725
4 12 195 210 2 0 0.989546
4 12 195 211 2 1 0
4 12 195 212 2 2 0
4 13 210 223 0 0 0.998818
4 13 210 224 0 1 0
4 13 210 225 0 2 0
4 13 211 223 1 0 0
4 13 211 224 1 1 0.9996
4 13 211 225 1 2 0
4 13 212 223 2 0 0
4 13 212 224 2 1 0
4 13 212 225 2 2 0.998389
4 14 193 205 0 0 0.996707
4 14 193 206 0 1 0
4 14 193 207 0 2 0
4 14 194 205 1 0 0
4 14 194 206 1 1 0.954307
4 14 194 207 1 2 0
4 14 195 205 2 0 0
4 14 195 206 2 1 0
4 14 195 207 2 2 0.954836
4 15 179 188 0 0 0.989283
4 15 179 189 0 1 0
4 15 180 188 1 0 0
4 15 180 189 1 1 0.908761
4 15 181 188 2 0 0
4 15 181 189 2 1 0
4 16 217 226 0 0 0.925332
4 16 217 227 0 1 0
4 16 217 228 0 2 0
4 16 217 229 0 3 0
4 16 218 226 1 0 0
4 16 218 227 1 1 0.962463
4 16 218 228 1 2 0
4 16 218 229 1 3 0
4 16 219 226 2 0 0
4 16 219 227 2 1 0
4 16 219 228 2 2 0.809204
4 16 219 229 2 3 0
4 16 220 226 3 0 0
4 16 220 227 3 1 0
4 16 220 228 3 2 0
4 16 220 229 3 3 0.977664
4 17 213 230 0 0 0
4 17 213 231 0 1 0
4 17 213 232 0 2 0
4 17 214 230 1 0 0.956867
4 17 214 231 1 1 0
4 17 214 232 1 2 0
4 17 215 230 2 0 0
4 17 215 231 2 1 0.811399
4 17 215 232 2 2 0
4 17 216 230 3 0 0
4 17 216 231 3 1 0
4 17 216 232 3 2 0.660424
E jointIdx viewA viewB aOverAllIdx bOverallIdx score
0 0 1 0 36 0.24653
0 0 1 0 37 -1
0 0 1 1 36 -1
0 0 1 1 37 0.144968
0 0 2 0 67 0.840954
0 0 2 0 68 -1
0 0 2 0 69 -1
0 0 2 0 70 -1
0 0 2 1 67 -1
0 0 2 1 68 0.973164
0 0 2 1 69 -1
0 0 2 1 70 -1
0 0 3 0 121 -1
0 0 3 0 122 0.969056
0 0 3 0 123 -1
0 0 3 1 121 0.864992
0 0 3 1 122 -1
0 0 3 1 123 -1
0 0 4 0 176 -1
0 0 4 0 177 -1
0 0 4 0 178 0.910503
0 0 4 1 176 -1
0 0 4 1 177 -1
0 0 4 1 178 -1
0 1 2 36 67 -1
0 1 2 36 68 -1
0 1 2 36 69 -1
0 1 2 36 70 0.858274
0 1 2 37 67 -1
0 1 2 37 68 -1
0 1 2 37 69 0.801902
0 1 2 37 70 -1
0 1 3 36 121 -1
0 1 3 36 122 -1
0 1 3 36 123 0.476982
0 1 3 37 121 -1
0 1 3 37 122 -1
0 1 3 37 123 0.323966
0 1 4 36 176 -1
0 1 4 36 177 0.996082
0 1 4 36 178 -1
0 1 4 37 176 0.312638
0 1 4 37 177 -1
0 1 4 37 178 0.0818643
0 2 3 67 121 -1
0 2 3 67 122 0.702005
0 2 3 67 123 -1
0 2 3 68 121 0.809256
0 2 3 68 122 -1
0 2 3 68 123 -1
0 2 3 69 121 -1
0 2 3 69 122 -1
0 2 3 69 123 0.910836
0 2 3 70 121 -1
0 2 3 70 122 -1
0 2 3 70 123 0.513555
0 2 4 67 176 0.561725
0 2 4 67 177 -1
0 2 4 67 178 0.76736
0 2 4 68 176 0.963445
0 2 4 68 177 -1
0 2 4 68 178 0.337489
0 2 4 69 176 0.195456
0 2 4 69 177 -1
0 2 4 69 178 0.679071
0 2 4 70 176 -1
0 2 4 70 177 0.699058
0 2 4 70 178 -0.78392
0 3 4 121 176 0.240997
0 3 4 121 177 0.303929
0 3 4 121 178 -1
0 3 4 122 176 -1
0 3 4 122 177 0.380763
0 3 4 122 178 0.918175
0 3 4 123 176 -1
0 3 4 123 177 0.315308
0 3 4 123 178 -1
1 0 1 2 38 0.349406
1 0 1 2 39 0.205771
1 0 1 3 38 -1
1 0 1 3 39 -1
1 0 2 2 71 -1
1 0 2 2 72 0.812065
1 0 2 2 73 -1
1 0 2 3 71 0.857203
1 0 2 3 72 -1
1 0 2 3 73 -1
1 0 3 2 124 -1
1 0 3 2 125 0.338693
1 0 3 2 126 0.522455
1 0 3 3 124 -1
1 0 3 3 125 0.661308
1 0 3 3 126 0.477545
1 0 4 2 179 0.235847
1 0 4 2 180 0.261719
1 0 4 2 181 0.210864
1 0 4 3 179 0.234044
1 0 4 3 180 0.210201
1 0 4 3 181 0.257068
1 1 2 38 71 -1
1 1 2 38 72 -1
1 1 2 38 73 0.798994
1 1 2 39 71 0.130845
1 1 2 39 72 0.707352
1 1 2 39 73 -1
1 1 3 38 124 0.524508
1 1 3 38 125 -1
1 1 3 38 126 0.0605559
1 1 3 39 124 0.475492
1 1 3 39 125 -1
1 1 3 39 126 0.0069316
1 1 4 38 179 0.809981
1 1 4 38 180 -1
1 1 4 38 181 -1
1 1 4 39 179 -1
1 1 4 39 180 0.845118
1 1 4 39 181 -1
1 2 3 71 124 -1
1 2 3 71 125 0.807614
1 2 3 71 126 -1
1 2 3 72 124 -1
1 2 3 72 125 -1
1 2 3 72 126 0.898518
1 2 3 73 124 0.93032
1 2 3 73 125 -1
1 2 3 73 126 -1
1 2 4 71 179 -1
1 2 4 71 180 -1
1 2 4 71 181 0.924227
1 2 4 72 179 -1
1 2 4 72 180 0.378009
1 2 4 72 181 0.0905458
1 2 4 73 179 0.915065
1 2 4 73 180 -1
1 2 4 73 181 -1
1 3 4 124 179 0.133997
1 3 4 124 180 0.119446
1 3 4 124 181 0.138273
1 3 4 125 179 0.129521
1 3 4 125 180 0.126834
1 3 4 125 181 0.135843
1 3 4 126 179 0.128446
1 3 4 126 180 0.148201
1 3 4 126 181 0.116129
2 0 1 4 40 0.796328
2 0 1 4 41 -1
2 0 1 5 40 -1
2 0 1 5 41 -1
2 0 2 4 74 0.961308
2 0 2 4 75 -1
2 0 2 4 76 -1
2 0 2 4 77 -1
2 0 2 5 74 -1
2 0 2 5 75 0.942519
2 0 2 5 76 -1
2 0 2 5 77 -1
2 0 3 4 127 -1
2 0 3 4 128 0.981638
2 0 3 4 129 -1
2 0 3 5 127 0.943669
2 0 3 5 128 -1
2 0 3 5 129 -1
2 0 4 4 182 -1
2 0 4 4 183 -1
2 0 4 4 184 0.774566
2 0 4 5 182 -1
2 0 4 5 183 -1
2 0 4 5 184 0.225434
2 1 2 40 74 -1
2 1 2 40 75 -1
2 1 2 40 76 -1
2 1 2 40 77 0.819184
2 1 2 41 74 0.475322
2 1 2 41 75 0.408811
2 1 2 41 76 0.556857
2 1 2 41 77 -1
2 1 3 40 127 -1
2 1 3 40 128 -1
2 1 3 40 129 0.596377
2 1 3 41 127 -1
2 1 3 41 128 -1
2 1 3 41 129 0.216702
2 1 4 40 182 -1
2 1 4 40 183 0.993065
2 1 4 40 184 -1
2 1 4 41 182 0.265653
2 1 4 41 183 -1
2 1 4 41 184 0.565297
2 2 3 74 127 -1
2 2 3 74 128 0.996327
2 2 3 74 129 -1
2 2 3 75 127 0.946694
2 2 3 75 128 -1
2 2 3 75 129 -1
2 2 3 76 127 -1
2 2 3 76 128 -1
2 2 3 76 129 0.946392
2 2 3 77 127 -1
2 2 3 77 128 -1
2 2 3 77 129 0.667338
2 2 4 74 182 0.169545
2 2 4 74 183 -1
2 2 4 74 184 0.821257
2 2 4 75 182 0.507567
2 2 4 75 183 -1
2 2 4 75 184 0.157682
2 2 4 76 182 -1
2 2 4 76 183 -1
2 2 4 76 184 0.324055
2 2 4 77 182 -1
2 2 4 77 183 0.753602
2 2 4 77 184 -1
2 3 4 127 182 0.181407
2 3 4 127 183 0.368939
2 3 4 127 184 -1
2 3 4 128 182 -1
2 3 4 128 183 0.319376
2 3 4 128 184 0.963816
2 3 4 129 182 -1
2 3 4 129 183 0.311685
2 3 4 129 184 -1
3 0 1 6 42 -1
3 0 1 6 43 -1
3 0 1 7 42 -1
3 0 1 7 43 0.31612
3 0 2 6 78 0.542248
3 0 2 6 79 -1
3 0 2 6 80 -1
3 0 2 6 81 -1
3 0 2 7 78 -1
3 0 2 7 79 0.970547
3 0 2 7 80 -1
3 0 2 7 81 -1
3 0 3 6 130 -1
3 0 3 6 131 0.901695
3 0 3 6 132 -1
3 0 3 7 130 0.792183
3 0 3 7 131 -1
3 0 3 7 132 -1
3 0 4 6 185 -1
3 0 4 6 186 -1
3 0 4 6 187 0.852102
3 0 4 7 185 -1
3 0 4 7 186 -1
3 0 4 7 187 -1
3 1 2 42 78 -1
3 1 2 42 79 -1
3 1 2 42 80 -1
3 1 2 42 81 0.982197
3 1 2 43 78 -1
3 1 2 43 79 -1
3 1 2 43 80 0.968038
3 1 2 43 81 -1
3 1 3 42 130 -1
3 1 3 42 131 -1
3 1 3 42 132 0.316429
3 1 3 43 130 -1
3 1 3 43 131 -1
3 1 3 43 132 0.475618
3 1 4 42 185 -1
3 1 4 42 186 0.992344
3 1 4 42 187 -1
3 1 4 43 185 0.328452
3 1 4 43 186 -1
3 1 4 43 187 -1
3 2 3 78 130 -1
3 2 3 78 131 0.538623
3 2 3 78 132 -1
3 2 3 79 130 0.812543
3 2 3 79 131 -1
3 2 3 79 132 -1
3 2 3 80 130 -1
3 2 3 80 131 -1
3 2 3 80 132 0.792995
3 2 3 81 130 -1
3 2 3 81 131 -1
3 2 3 81 132 0.399479
3 2 4 78 185 0.996448
3 2 4 78 186 -1
3 2 4 78 187 0.742491
3 2 4 79 185 0.533592
3 2 4 79 186 -1
3 2 4 79 187 0.781241
3 2 4 80 185 0.410853
3 2 4 80 186 -1
3 2 4 80 187 -1
3 2 4 81 185 -1
3 2 4 81 186 0.675237
3 2 4 81 187 -1
3 3 4 130 185 0.379501
3 3 4 130 186 0.217299
3 3 4 130 187 -1
3 3 4 131 185 -1
3 3 4 131 186 0.459644
3 3 4 131 187 0.81258
3 3 4 132 185 -1
3 3 4 132 186 0.323057
3 3 4 132 187 -1
4 0 1 8 44 -1
4 0 2 8 82 0.950586
4 0 2 8 83 -1
4 0 3 8 133 -1
4 0 3 8 134 0.913765
4 0 3 8 135 0.249813
4 0 4 8 188 -1
4 0 4 8 189 -1
4 1 2 44 82 -1
4 1 2 44 83 -1
4 1 3 44 133 0.981627
4 1 3 44 134 -1
4 1 3 44 135 -1
4 1 4 44 188 0.983963
4 1 4 44 189 -1
4 2 3 82 133 -1
4 2 3 82 134 0.942736
4 2 3 82 135 -1
4 2 3 83 133 -1
4 2 3 83 134 -1
4 2 3 83 135 0.997892
4 2 4 82 188 -1
4 2 4 82 189 -1
4 2 4 83 188 -1
4 2 4 83 189 0.929029
4 3 4 133 188 0.266539
4 3 4 133 189 0.249779
4 3 4 134 188 0.347477
4 3 4 134 189 0.16282
4 3 4 135 188 0.160259
4 3 4 135 189 0.363964
5 0 1 9 45 0.34501
5 0 1 9 46 0.191234
5 0 1 10 45 -1
5 0 1 10 46 -1
5 0 2 9 84 -1
5 0 2 9 85 0.650713
5 0 2 9 86 -1
5 0 2 10 84 0.928294
5 0 2 10 85 -1
5 0 2 10 86 -1
5 0 3 9 136 -1
5 0 3 9 137 0.295529
5 0 3 9 138 0.45534
5 0 3 10 136 -1
5 0 3 10 137 0.704471
5 0 3 10 138 0.54466
5 0 4 9 190 0.207864
5 0 4 9 191 0.21822
5 0 4 9 192 0.246469
5 0 4 10 190 0.22003
5 0 4 10 191 0.240486
5 0 4 10 192 0.213956
5 1 2 45 84 -1
5 1 2 45 85 -1
5 1 2 45 86 0.994002
5 1 2 46 84 -1
5 1 2 46 85 -1
5 1 2 46 86 -1
5 1 3 45 136 0.536909
5 1 3 45 137 -1
5 1 3 45 138 0.0156168
5 1 3 46 136 0.463091
5 1 3 46 137 -1
5 1 3 46 138 -1
5 1 4 45 190 0.958972
5 1 4 45 191 -1
5 1 4 45 192 -1
5 1 4 46 190 -1
5 1 4 46 191 0.473702
5 1 4 46 192 0.881682
5 2 3 84 136 -1
5 2 3 84 137 0.993407
5 2 3 84 138 -1
5 2 3 85 136 -1
5 2 3 85 137 -1
5 2 3 85 138 0.957996
5 2 3 86 136 0.756184
5 2 3 86 137 -1
5 2 3 86 138 -1
5 2 4 84 190 -1
5 2 4 84 191 0.93769
5 2 4 84 192 0.558153
5 2 4 85 190 -1
5 2 4 85 191 0.433062
5 2 4 85 192 0.889604
5 2 4 86 190 0.967284
5 2 4 86 191 -1
5 2 4 86 192 -1
5 3 4 136 190 0.132973
5 3 4 136 191 0.126384
5 3 4 136 192 0.136342
5 3 4 137 190 0.128666
5 3 4 137 191 0.144729
5 3 4 137 192 0.12643
5 3 4 138 190 0.13644
5 3 4 138 191 0.123389
5 3 4 138 192 0.135247
6 0 1 11 47 0.250806
6 0 1 11 48 0.473721
6 0 1 12 47 -1
6 0 1 12 48 -1
6 0 2 11 87 -1
6 0 2 11 88 0.851946
6 0 2 11 89 -1
6 0 2 11 90 -1
6 0 2 12 87 0.962224
6 0 2 12 88 -1
6 0 2 12 89 -1
6 0 2 12 90 -1
6 0 3 11 139 -1
6 0 3 11 140 0.385973
6 0 3 11 141 0.568085
6 0 3 12 139 -1
6 0 3 12 140 0.597746
6 0 3 12 141 0.431915
6 0 4 11 193 0.233522
6 0 4 11 194 0.227941
6 0 4 11 195 0.286626
6 0 4 12 193 0.266352
6 0 4 12 194 0.270688
6 0 4 12 195 0.225093
6 1 2 47 87 0.630508
6 1 2 47 88 0.449165
6 1 2 47 89 0.667653
6 1 2 47 90 -0.747326
6 1 2 48 87 -1
6 1 2 48 88 -1
6 1 2 48 89 -1
6 1 2 48 90 0.656385
6 1 3 47 139 0.534884
6 1 3 47 140 -1
6 1 3 47 141 0.0302136
6 1 3 48 139 0.465116
6 1 3 48 140 -1
6 1 3 48 141 0.0983135
6 1 4 47 193 -1
6 1 4 47 194 -1
6 1 4 47 195 0.969775
6 1 4 48 193 0.671785
6 1 4 48 194 -1
6 1 4 48 195 -1
6 2 3 87 139 -1
6 2 3 87 140 0.457711
6 2 3 87 141 -1
6 2 3 88 139 -1
6 2 3 88 140 -1
6 2 3 88 141 0.96937
6 2 3 89 139 -1
6 2 3 89 140 -1
6 2 3 89 141 -1
6 2 3 90 139 0.881669
6 2 3 90 140 -1
6 2 3 90 141 -1
6 2 4 87 193 -1
6 2 4 87 194 0.84338
6 2 4 87 195 -1
6 2 4 88 193 -1
6 2 4 88 194 -1
6 2 4 88 195 -1
6 2 4 89 193 -1
6 2 4 89 194 -1
6 2 4 89 195 0.877301
6 2 4 90 193 0.871109
6 2 4 90 194 -1
6 2 4 90 195 -1
6 3 4 139 193 0.143146
6 3 4 139 194 0.148539
6 3 4 139 195 0.127174
6 3 4 140 193 0.13924
6 3 4 140 194 0.146443
6 3 4 140 195 0.133568
6 3 4 141 193 0.136484
6 3 4 141 194 0.123271
6 3 4 141 195 0.159361
7 0 1 13 49 0.776593
7 0 1 13 50 -1
7 0 1 14 49 -1
7 0 1 14 50 -1
7 0 2 13 91 0.568774
7 0 2 13 92 -1
7 0 2 13 93 -1
7 0 2 13 94 -1
7 0 2 14 91 -1
7 0 2 14 92 0.514204
7 0 2 14 93 -1
7 0 2 14 94 -1
7 0 3 13 142 -1
7 0 3 13 143 -1
7 0 3 13 144 0.989444
7 0 3 13 145 -1
7 0 3 14 142 0.767842
7 0 3 14 143 -1
7 0 3 14 144 -1
7 0 3 14 145 -1
7 0 4 13 196 -1
7 0 4 13 197 -1
7 0 4 13 198 0.805079
7 0 4 14 196 -1
7 0 4 14 197 0.368707
7 0 4 14 198 -1
7 1 2 49 91 -1
7 1 2 49 92 -1
7 1 2 49 93 -1
7 1 2 49 94 0.661598
7 1 2 50 91 -1
7 1 2 50 92 -1
7 1 2 50 93 0.785534
7 1 2 50 94 -1
7 1 3 49 142 -1
7 1 3 49 143 0.469369
7 1 3 49 144 -1
7 1 3 49 145 0.512457
7 1 3 50 142 -1
7 1 3 50 143 -1
7 1 3 50 144 -1
7 1 3 50 145 -1
7 1 4 49 196 0.91012
7 1 4 49 197 -1
7 1 4 49 198 -1
7 1 4 50 196 -1
7 1 4 50 197 0.543783
7 1 4 50 198 0.248637
7 2 3 91 142 -1
7 2 3 91 143 -1
7 2 3 91 144 0.557517
7 2 3 91 145 -1
7 2 3 92 142 0.742307
7 2 3 92 143 -1
7 2 3 92 144 -1
7 2 3 92 145 -1
7 2 3 93 142 -1
7 2 3 93 143 0.189203
7 2 3 93 144 -1
7 2 3 93 145 -1
7 2 3 94 142 -1
7 2 3 94 143 0.752786
7 2 3 94 144 -1
7 2 3 94 145 0.900718
7 2 4 91 196 -1
7 2 4 91 197 0.969836
7 2 4 91 198 0.22549
7 2 4 92 196 -1
7 2 4 92 197 0.489702
7 2 4 92 198 -1
7 2 4 93 196 -1
7 2 4 93 197 -1
7 2 4 93 198 -1
7 2 4 94 196 0.829796
7 2 4 94 197 -1
7 2 4 94 198 -1
7 3 4 142 196 0.424611
7 3 4 142 197 0.398438
7 3 4 142 198 -1
7 3 4 143 196 -1
7 3 4 143 197 -1
7 3 4 143 198 -1
7 3 4 144 196 0.373763
7 3 4 144 197 0.0582586
7 3 4 144 198 0.477418
7 3 4 145 196 0.714012
7 3 4 145 197 0.334271
7 3 4 145 198 -1
8 0 1 15 51 -1
8 0 1 15 52 -1
8 0 1 16 51 -1
8 0 1 16 52 -1
8 0 2 15 95 0.755219
8 0 2 15 96 -1
8 0 2 15 97 -1
8 0 2 15 98 -1
8 0 2 16 95 -1
8 0 2 16 96 0.869787
8 0 2 16 97 -1
8 0 2 16 98 -1
8 0 3 15 146 -1
8 0 3 15 147 0.991049
8 0 3 15 148 -1
8 0 3 16 146 0.6625
8 0 3 16 147 -1
8 0 3 16 148 -1
8 0 4 15 199 -1
8 0 4 15 200 -1
8 0 4 15 201 -1
8 0 4 15 202 0.827844
8 0 4 16 199 -1
8 0 4 16 200 -1
8 0 4 16 201 0.965681
8 0 4 16 202 -1
8 1 2 51 95 -1
8 1 2 51 96 -1
8 1 2 51 97 -1
8 1 2 51 98 0.84244
8 1 2 52 95 -1
8 1 2 52 96 -1
8 1 2 52 97 0.779126
8 1 2 52 98 -1
8 1 3 51 146 -1
8 1 3 51 147 -1
8 1 3 51 148 0.958364
8 1 3 52 146 -1
8 1 3 52 147 -1
8 1 3 52 148 -1
8 1 4 51 199 -1
8 1 4 51 200 0.969562
8 1 4 51 201 -1
8 1 4 51 202 -1
8 1 4 52 199 0.848074
8 1 4 52 200 -1
8 1 4 52 201 0.558518
8 1 4 52 202 -1
8 2 3 95 146 -1
8 2 3 95 147 0.742064
8 2 3 95 148 -1
8 2 3 96 146 0.756894
8 2 3 96 147 -1
8 2 3 96 148 -1
8 2 3 97 146 -1
8 2 3 97 147 -1
8 2 3 97 148 -1
8 2 3 98 146 -1
8 2 3 98 147 -1
8 2 3 98 148 0.768215
8 2 4 95 199 0.232207
8 2 4 95 200 -0.907519
8 2 4 95 201 0.840029
8 2 4 95 202 0.835284
8 2 4 96 199 0.769432
8 2 4 96 200 -1
8 2 4 96 201 -1
8 2 4 96 202 -1
8 2 4 97 199 0.601692
8 2 4 97 200 -1
8 2 4 97 201 0.263171
8 2 4 97 202 -1
8 2 4 98 199 -1
8 2 4 98 200 0.917678
8 2 4 98 201 -1
8 2 4 98 202 -1
8 3 4 146 199 -1
8 3 4 146 200 -1
8 3 4 146 201 0.370084
8 3 4 146 202 -1
8 3 4 147 199 -1
8 3 4 147 200 0.54668
8 3 4 147 201 -1
8 3 4 147 202 0.960604
8 3 4 148 199 -1
8 3 4 148 200 0.959302
8 3 4 148 201 -1
8 3 4 148 202 -1
9 0 1 17 53 -1
9 0 1 17 54 0.666507
9 0 2 17 99 -1
9 0 2 17 100 -1
9 0 3 17 149 -1
9 0 3 17 150 -1
9 0 3 17 151 0.908528
9 0 4 17 203 -1
9 0 4 17 204 0.84785
9 1 2 53 99 -1
9 1 2 53 100 -1
9 1 2 54 99 -1
9 1 2 54 100 0.770537
9 1 3 53 149 0.277115
9 1 3 53 150 -1
9 1 3 53 151 -1
9 1 3 54 149 0.722885
9 1 3 54 150 -1
9 1 3 54 151 -1
9 1 4 53 203 -1
9 1 4 53 204 0.462394
9 1 4 54 203 -1
9 1 4 54 204 -1
9 2 3 99 149 -1
9 2 3 99 150 0.89438
9 2 3 99 151 -1
9 2 3 100 149 0.930509
9 2 3 100 150 -1
9 2 3 100 151 -1
9 2 4 99 203 0.892222
9 2 4 99 204 -1
9 2 4 100 203 -1
9 2 4 100 204 -1
9 3 4 149 203 0.38071
9 3 4 149 204 0.100196
9 3 4 150 203 0.30262
9 3 4 150 204 0.202916
9 3 4 151 203 0.0942333
9 3 4 151 204 0.47703
10 0 1 18 55 -1
10 0 1 19 55 -1
10 0 2 18 101 0.995207
10 0 2 18 102 -1
10 0 2 19 101 -1
10 0 2 19 102 -1
10 0 3 18 152 -1
10 0 3 18 153 -1
10 0 3 19 152 -1
10 0 3 19 153 -1
10 0 4 18 205 0.0463335
10 0 4 18 206 -1
10 0 4 18 207 0.635837
10 0 4 19 205 -1
10 0 4 19 206 0.866962
10 0 4 19 207 -1
10 1 2 55 101 0.084158
10 1 2 55 102 -1
10 1 3 55 152 0.484516
10 1 3 55 153 0.515484
10 1 4 55 205 -1
10 1 4 55 206 -1
10 1 4 55 207 0.866575
10 2 3 101 152 -1
10 2 3 101 153 -1
10 2 3 102 152 0.953517
10 2 3 102 153 -1
10 2 4 101 205 -1
10 2 4 101 206 -1
10 2 4 101 207 0.364988
10 2 4 102 205 0.854628
10 2 4 102 206 -1
10 2 4 102 207 -1
10 3 4 152 205 0.325296
10 3 4 152 206 0.455536
10 3 4 152 207 0.0799424
10 3 4 153 205 0.288624
10 3 4 153 206 -1
10 3 4 153 207 0.825178
11 0 1 20 56 0.494677
11 0 1 20 57 0.39308
11 0 1 21 56 0.33972
11 0 1 21 57 0.513618
11 0 2 20 103 0.984267
11 0 2 20 104 -1
11 0 2 20 105 -1
11 0 2 21 103 -1
11 0 2 21 104 0.922829
11 0 2 21 105 -1
11 0 3 20 154 0.244487
11 0 3 20 155 0.458928
11 0 3 21 154 0.465705
11 0 3 21 155 0.212414
11 0 4 20 208 -1
11 0 4 20 209 0.55666
11 0 4 21 208 -1
11 0 4 21 209 0.44334
11 1 2 56 103 -1
11 1 2 56 104 -1
11 1 2 56 105 0.819412
11 1 2 57 103 -1
11 1 2 57 104 0.169137
11 1 2 57 105 -1
11 1 3 56 154 0.194604
11 1 3 56 155 0.174829
11 1 3 57 154 0.442612
11 1 3 57 155 0.453479
11 1 4 56 208 0.635839
11 1 4 56 209 -1
11 1 4 57 208 -1
11 1 4 57 209 -1
11 2 3 103 154 -1
11 2 3 103 155 0.935354
11 2 3 104 154 0.930607
11 2 3 104 155 -1
11 2 3 105 154 -1
11 2 3 105 155 -1
11 2 4 103 208 -1
11 2 4 103 209 0.9365
11 2 4 104 208 -1
11 2 4 104 209 0.133449
11 2 4 105 208 0.862917
11 2 4 105 209 -1
11 3 4 154 208 0.42634
11 3 4 154 209 0.227701
11 3 4 155 208 0.252225
11 3 4 155 209 0.424878
12 0 2 22 106 0.586982
12 0 2 22 107 -1
12 0 2 22 108 -1
12 0 2 22 109 -1
12 0 2 23 106 -1
12 0 2 23 107 0.847114
12 0 2 23 108 -1
12 0 2 23 109 -1
12 0 3 22 156 -1
12 0 3 22 157 -1
12 0 3 23 156 0.850532
12 0 3 23 157 -1
12 0 4 22 210 -1
12 0 4 22 211 -1
12 0 4 22 212 0.942012
12 0 4 23 210 -1
12 0 4 23 211 -1
12 0 4 23 212 -1
12 2 3 106 156 -1
12 2 3 106 157 -1
12 2 3 107 156 0.742597
12 2 3 107 157 -1
12 2 3 108 156 -1
12 2 3 108 157 0.450027
12 2 3 109 156 -1
12 2 3 109 157 0.665812
12 2 4 106 210 0.16213
12 2 4 106 211 -1
12 2 4 106 212 0.71611
12 2 4 107 210 0.392666
12 2 4 107 211 -1
12 2 4 107 212 -1
12 2 4 108 210 0.969297
12 2 4 108 211 -1
12 2 4 108 212 -1
12 2 4 109 210 -1
12 2 4 109 211 0.885612
12 2 4 109 212 -1
12 3 4 156 210 0.389498
12 3 4 156 211 0.396173
12 3 4 156 212 0.179787
12 3 4 157 210 0.164156
12 3 4 157 211 0.528079
12 3 4 157 212 0.261453
13 0 1 24 58 -1
13 0 1 24 59 -1
13 0 1 25 58 -1
13 0 1 25 59 -1
13 0 2 24 110 0.883344
13 0 2 24 111 -1
13 0 2 24 112 -1
13 0 2 25 110 -1
13 0 2 25 111 0.599735
13 0 2 25 112 -1
13 0 3 24 158 -1
13 0 3 24 159 -1
13 0 3 24 160 0.947612
13 0 3 24 161 -1
13 0 3 25 158 -1
13 0 3 25 159 0.890614
13 0 3 25 160 -1
13 0 3 25 161 -1
13 0 4 24 213 -1
13 0 4 24 214 -1
13 0 4 24 215 -1
13 0 4 24 216 0.995869
13 0 4 25 213 -1
13 0 4 25 214 -1
13 0 4 25 215 0.904871
13 0 4 25 216 -1
13 1 2 58 110 -1
13 1 2 58 111 -1
13 1 2 58 112 -1
13 1 2 59 110 -1
13 1 2 59 111 -1
13 1 2 59 112 0.756248
13 1 3 58 158 -1
13 1 3 58 159 -1
13 1 3 58 160 -1
13 1 3 58 161 0.870646
13 1 3 59 158 0.587303
13 1 3 59 159 -1
13 1 3 59 160 -1
13 1 3 59 161 -1
13 1 4 58 213 -1
13 1 4 58 214 0.94633
13 1 4 58 215 -1
13 1 4 58 216 -1
13 1 4 59 213 0.531557
13 1 4 59 214 -0.592827
13 1 4 59 215 0.59013
13 1 4 59 216 0.47114
13 2 3 110 158 -1
13 2 3 110 159 -1
13 2 3 110 160 0.829724
13 2 3 110 161 -1
13 2 3 111 158 -1
13 2 3 111 159 0.783842
13 2 3 111 160 -1
13 2 3 111 161 -1
13 2 3 112 158 0.495477
13 2 3 112 159 -1
13 2 3 112 160 -1
13 2 3 112 161 -1
13 2 4 110 213 -1
13 2 4 110 214 -1
13 2 4 110 215 0.455323
13 2 4 110 216 0.699314
13 2 4 111 213 -1
13 2 4 111 214 -1
13 2 4 111 215 0.943486
13 2 4 111 216 -1
13 2 4 112 213 0.98883
13 2 4 112 214 -1
13 2 4 112 215 -1
13 2 4 112 216 -1
13 3 4 158 213 0.44811
13 3 4 158 214 -1
13 3 4 158 215 -1
13 3 4 158 216 -1
13 3 4 159 213 -1
13 3 4 159 214 0.368426
13 3 4 159 215 0.908423
13 3 4 159 216 -1
13 3 4 160 213 -1
13 3 4 160 214 0.221539
13 3 4 160 215 -1
13 3 4 160 216 0.83706
13 3 4 161 213 -1
13 3 4 161 214 0.919065
13 3 4 161 215 -1
13 3 4 161 216 -1
14 0 1 26 60 0.666071
14 0 1 26 61 -1
14 0 1 27 60 -1
14 0 1 27 61 -1
14 0 2 26 113 0.794726
14 0 2 26 114 -1
14 0 2 26 115 -1
14 0 2 27 113 -1
14 0 2 27 114 0.263931
14 0 2 27 115 -1
14 0 3 26 162 -1
14 0 3 26 163 -1
14 0 3 26 164 0.732742
14 0 3 26 165 -1
14 0 3 27 162 -1
14 0 3 27 163 0.806595
14 0 3 27 164 -1
14 0 3 27 165 -1
14 0 4 26 217 -1
14 0 4 26 218 -1
14 0 4 26 219 -1
14 0 4 26 220 0.870343
14 0 4 27 217 -1
14 0 4 27 218 -1
14 0 4 27 219 0.676159
14 0 4 27 220 -1
14 1 2 60 113 -1
14 1 2 60 114 -1
14 1 2 60 115 -1
14 1 2 61 113 -1
14 1 2 61 114 -1
14 1 2 61 115 0.790472
14 1 3 60 162 -1
14 1 3 60 163 -1
14 1 3 60 164 -1
14 1 3 60 165 0.809582
14 1 3 61 162 0.855355
14 1 3 61 163 -1
14 1 3 61 164 -1
14 1 3 61 165 -1
14 1 4 60 217 -1
14 1 4 60 218 0.889549
14 1 4 60 219 -1
14 1 4 60 220 -1
14 1 4 61 217 0.708004
14 1 4 61 218 -1
14 1 4 61 219 -1
14 1 4 61 220 -1
14 2 3 113 162 -1
14 2 3 113 163 -1
14 2 3 113 164 0.530072
14 2 3 113 165 -1
14 2 3 114 162 -1
14 2 3 114 163 0.466953
14 2 3 114 164 -1
14 2 3 114 165 -1
14 2 3 115 162 0.632088
14 2 3 115 163 -1
14 2 3 115 164 -1
14 2 3 115 165 -1
14 2 4 113 217 0.0434129
14 2 4 113 218 -1
14 2 4 113 219 0.216007
14 2 4 113 220 0.96592
14 2 4 114 217 0.568133
14 2 4 114 218 -1
14 2 4 114 219 0.300494
14 2 4 114 220 -1
14 2 4 115 217 0.388454
14 2 4 115 218 -1
14 2 4 115 219 -1
14 2 4 115 220 -1
14 3 4 162 217 0.859171
14 3 4 162 218 -1
14 3 4 162 219 -1
14 3 4 162 220 -1
14 3 4 163 217 -1
14 3 4 163 218 -1
14 3 4 163 219 0.354133
14 3 4 163 220 -1
14 3 4 164 217 -1
14 3 4 164 218 0.6009
14 3 4 164 219 -1
14 3 4 164 220 0.790904
14 3 4 165 217 -1
14 3 4 165 218 0.785215
14 3 4 165 219 -1
14 3 4 165 220 -1
15 0 1 28 62 -1
15 0 1 28 63 -1
15 0 1 29 62 -1
15 0 1 29 63 -1
15 0 2 28 116 0.980389
15 0 2 28 117 -1
15 0 2 29 116 -1
15 0 2 29 117 0.977367
15 0 3 28 166 -1
15 0 3 28 167 0.183326
15 0 3 28 168 0.913852
15 0 3 29 166 -1
15 0 3 29 167 0.816674
15 0 3 29 168 0.0681033
15 0 4 28 221 -1
15 0 4 28 222 0.806056
15 0 4 29 221 -1
15 0 4 29 222 0.193944
15 1 2 62 116 -1
15 1 2 62 117 -1
15 1 2 63 116 -1
15 1 2 63 117 -1
15 1 3 62 166 -1
15 1 3 62 167 -1
15 1 3 62 168 -1
15 1 3 63 166 0.37853
15 1 3 63 167 0.261156
15 1 3 63 168 0.360314
15 1 4 62 221 -1
15 1 4 62 222 -1
15 1 4 63 221 0.719397
15 1 4 63 222 -1
15 2 3 116 166 -1
15 2 3 116 167 -1
15 2 3 116 168 0.901489
15 2 3 117 166 -1
15 2 3 117 167 0.897254
15 2 3 117 168 -1
15 2 4 116 221 -1
15 2 4 116 222 0.981212
15 2 4 117 221 -1
15 2 4 117 222 -1
15 3 4 166 221 0.830846
15 3 4 166 222 -1
15 3 4 167 221 0.703198
15 3 4 167 222 -1
15 3 4 168 221 -1
15 3 4 168 222 0.994141
16 0 2 30 118 0.882894
16 0 2 30 119 -1
16 0 2 30 120 -1
16 0 2 31 118 -1
16 0 2 31 119 0.722639
16 0 2 31 120 0.765855
16 0 3 30 169 -1
16 0 3 30 170 -1
16 0 3 31 169 0.787769
16 0 3 31 170 -1
16 0 4 30 223 -1
16 0 4 30 224 -1
16 0 4 30 225 0.962863
16 0 4 31 223 -1
16 0 4 31 224 -1
16 0 4 31 225 -1
16 2 3 118 169 -1
16 2 3 118 170 -1
16 2 3 119 169 0.478598
16 2 3 119 170 -1
16 2 3 120 169 0.98105
16 2 3 120 170 -1
16 2 4 118 223 0.0675857
16 2 4 118 224 -1
16 2 4 118 225 0.929626
16 2 4 119 223 0.839533
16 2 4 119 224 -1
16 2 4 119 225 -1
16 2 4 120 223 -1
16 2 4 120 224 -1
16 2 4 120 225 0.0386475
16 3 4 169 223 -1
16 3 4 169 224 0.49129
16 3 4 169 225 -1
16 3 4 170 223 -1
16 3 4 170 224 0.50871
16 3 4 170 225 -1
17 0 1 32 64 0.27356
17 0 1 32 65 -1
17 0 1 33 64 -1
17 0 1 33 65 -1
17 0 3 32 171 -1
17 0 3 32 172 -1
17 0 3 33 171 0.801621
17 0 3 33 172 -1
17 0 4 32 226 -1
17 0 4 32 227 -1
17 0 4 32 228 -1
17 0 4 32 229 0.999139
17 0 4 33 226 -1
17 0 4 33 227 -1
17 0 4 33 228 0.960488
17 0 4 33 229 -1
17 1 3 64 171 -1
17 1 3 64 172 0.850452
17 1 3 65 171 -1
17 1 3 65 172 -1
17 1 4 64 226 -1
17 1 4 64 227 0.92399
17 1 4 64 228 -1
17 1 4 64 229 -1
17 1 4 65 226 0.912188
17 1 4 65 227 -1
17 1 4 65 228 0.365312
17 1 4 65 229 -1
17 3 4 171 226 -1
17 3 4 171 227 -1
17 3 4 171 228 0.282217
17 3 4 171 229 -1
17 3 4 172 226 -1
17 3 4 172 227 0.976255
17 3 4 172 228 -1
17 3 4 172 229 0.24413
18 0 1 34 66 0.544435
18 0 1 35 66 0.455565
18 0 3 34 173 0.978499
18 0 3 34 174 -1
18 0 3 34 175 -1
18 0 3 35 173 -1
18 0 3 35 174 0.791679
18 0 3 35 175 -1
18 0 4 34 230 -1
18 0 4 34 231 -1
18 0 4 34 232 0.00837743
18 0 4 35 230 -1
18 0 4 35 231 0.929998
18 0 4 35 232 -1
18 1 3 66 173 -1
18 1 3 66 174 -1
18 1 3 66 175 0.834952
18 1 4 66 230 0.718606
18 1 4 66 231 -1
18 1 4 66 232 -1
18 3 4 173 230 0.166294
18 3 4 173 231 0.0557778
18 3 4 173 232 0.550764
18 3 4 174 230 0.29289
18 3 4 174 231 0.571214
18 3 4 174 232 -1
18 3 4 175 230 0.443947
18 3 4 175 231 0.340517
18 3 4 175 232 -1
end of Frame 210
