J OverallIdx viewIdx joint种类0-18(jointIdx) 该joint在图中的顺序(candidix) x y score
0 0 0 0 151.474 358.427 0.712879
1 0 0 1 703.781 396.385 0.59042
2 0 0 2 305.633 415.448 0.563614
3 0 1 0 689.95 191.837 0.723622
4 0 1 1 314.039 208.801 0.841762
5 0 1 2 145.936 261.478 0.870638
6 0 2 0 143.066 356.389 0.711818
7 0 2 1 709.474 394.329 0.493422
8 0 2 2 350.488 419.635 0.564167
9 0 3 0 168.152 356.404 0.765971
10 0 3 1 687.185 396.448 0.590865
11 0 3 2 260.888 413.327 0.547116
12 0 4 0 631.001 141.269 0.41446
13 0 4 1 117.833 236.183 0.8516
14 0 5 0 706.682 189.78 0.597787
15 0 5 1 375.797 208.803 0.822319
16 0 5 2 126.18 261.542 0.798375
17 0 6 0 681.514 191.937 0.85729
18 0 6 1 252.39 208.71 0.816379
19 0 6 2 168.165 261.415 0.927085
20 0 7 0 165.327 423.808 0.6419
21 0 7 1 706.845 554.6 0.662311
22 0 7 2 347.583 596.784 0.608573
23 0 8 0 145.794 423.881 0.794092
24 0 8 1 684.414 562.972 0.671222
25 0 8 2 263.604 577.754 0.645269
26 0 9 0 370.28 132.854 0.867583
27 0 10 0 302.853 126.427 0.923743
28 0 10 1 656.187 130.808 0.824933
29 0 10 2 143.012 225.594 0.866356
30 0 11 0 398.172 331.117 0.815758
31 0 12 0 706.788 272.021 0.873055
32 0 12 1 187.914 314.215 0.735652
33 0 12 2 210.269 326.763 0.741352
34 0 13 0 196.358 476.522 0.409506
35 0 13 1 709.624 693.743 0.607728
36 0 13 2 328.138 763.26 0.492328
37 0 14 0 148.644 489.221 0.492364
38 0 14 1 695.438 717.017 0.704833
39 0 14 2 235.702 735.986 0.624199
40 0 15 0 395.484 415.481 0.775715
41 0 16 0 658.966 345.867 0.848542
42 0 16 1 168.198 360.516 0.88943
43 0 16 2 249.628 390.105 0.542946
44 0 17 0 126.142 495.588 0.373894
45 0 17 1 288.843 738.076 0.34085
46 0 17 2 616.831 733.814 0.801821
47 0 18 0 182.303 495.546 0.168668
48 0 18 1 661.774 683.188 0.339068
49 0 18 2 325.307 765.275 0.150961
50 1 0 0 703.928 377.4 0.573016
51 1 0 1 642.236 396.469 0.71357
52 1 1 0 642.332 238.237 0.845661
53 1 1 1 706.573 240.428 0.42844
54 1 1 2 22.3987 263.653 0.837048
55 1 2 0 675.842 388.012 0.728192
56 1 3 0 36.5673 362.673 0.869391
57 1 3 1 715.096 377.408 0.66048
58 1 3 2 616.872 396.434 0.680337
59 1 4 0 594.426 179.355 0.375883
60 1 4 1 661.761 196.11 0.824386
61 1 5 0 687.045 242.404 0.947824
62 1 6 0 597.284 229.908 0.88901
63 1 6 1 726.307 242.4 0.845968
64 1 6 2 56.1557 265.724 0.897701
65 1 7 0 678.665 529.216 0.628497
66 1 8 0 36.4258 438.577 0.833788
67 1 8 1 709.56 480.83 0.75865
68 1 8 2 580.537 531.323 0.779819
69 1 10 0 614.204 177.15 0.955627
70 1 10 1 695.525 193.932 0.88397
71 1 10 2 36.6077 229.882 0.831254
72 1 11 0 720.747 326.863 0.861912
73 1 12 0 773.994 293.116 0.927714
74 1 12 1 75.6804 314.16 0.909537
75 1 12 2 586.074 329.018 0.85574
76 1 13 0 684.201 579.851 0.172237
77 1 13 1 681.368 653.699 0.776907
78 1 14 0 30.9298 508.157 0.722817
79 1 14 1 728.959 581.922 0.814681
80 1 14 2 563.63 653.664 0.751565
81 1 15 0 684.118 379.539 0.711764
82 1 16 0 731.99 329.026 0.851362
83 1 16 1 72.8387 358.412 0.814378
84 1 16 2 574.972 396.352 0.812236
85 1 17 0 30.8531 520.857 0.265578
86 1 17 1 706.755 594.594 0.423222
87 1 17 2 563.696 651.627 0.467041
88 1 18 0 647.792 649.424 0.631759
89 2 0 0 518.848 227.668 0.779158
90 2 0 1 698.216 379.544 0.734761
91 2 1 0 527.26 82.2296 0.888973
92 2 1 1 709.612 225.573 0.740659
93 2 2 0 487.955 225.649 0.772071
94 2 2 1 706.797 377.444 0.702048
95 2 3 0 546.903 227.737 0.805513
96 2 3 1 684.164 381.671 0.7421
97 2 4 0 501.999 42.2809 0.938559
98 2 4 1 644.977 164.451 0.879229
99 2 5 0 482.286 75.9569 0.927863
100 2 5 1 720.715 210.831 0.59712
101 2 6 0 574.872 90.6244 0.868513
102 2 6 1 706.748 240.359 0.799312
103 2 7 0 493.554 314.24 0.838565
104 2 7 1 687.089 466 0.833413
105 2 8 0 549.541 324.701 0.856091
106 2 8 1 639.236 487.141 0.807724
107 2 10 0 549.515 39.9829 0.900231
108 2 10 1 703.76 160.28 0.933396
109 2 11 0 437.573 109.628 0.964726
110 2 12 0 619.7 143.444 0.972307
111 2 12 1 706.783 345.799 0.901569
112 2 13 0 496.393 390.132 0.823436
113 2 13 1 692.633 550.383 0.801832
114 2 14 0 796.407 259.307 0.16042
115 2 14 1 549.681 400.653 0.870887
116 2 14 2 636.447 598.892 0.834874
117 2 15 0 465.487 166.592 0.87577
118 2 16 0 577.705 194.02 0.915388
119 2 16 1 653.45 388.002 0.768961
120 2 17 0 546.895 438.59 0.796638
121 2 17 1 594.431 579.877 0.83491
122 2 18 0 465.553 419.596 0.76361
123 2 18 1 659.094 546.105 0.380208
124 3 0 0 291.701 343.67 0.762597
125 3 0 1 574.833 347.924 0.783256
126 3 1 0 277.684 189.755 0.905012
127 3 1 1 577.748 194.005 0.897122
128 3 2 0 258.126 345.756 0.808149
129 3 2 1 552.518 347.908 0.75089
130 3 3 0 325.235 341.566 0.775181
131 3 3 1 594.589 347.965 0.763926
132 3 4 0 280.387 128.677 0.966482
133 3 4 1 538.424 143.509 0.892356
134 3 5 0 229.955 191.805 0.83678
135 3 5 1 549.534 194.033 0.91139
136 3 6 0 325.238 183.499 0.868945
137 3 6 1 616.825 193.962 0.900079
138 3 7 0 263.641 463.86 0.806218
139 3 7 1 574.842 463.97 0.810573
140 3 8 0 328.036 453.404 0.813084
141 3 8 1 594.633 464.001 0.850714
142 3 9 0 252.431 126.475 0.794119
143 3 10 0 305.601 124.462 0.814231
144 3 10 1 577.666 128.717 0.871548
145 3 11 0 168.304 246.735 0.936015
146 3 11 1 552.571 263.597 0.780936
147 3 12 0 350.595 238.289 0.857467
148 3 12 1 642.303 278.345 0.907101
149 3 13 0 600.101 552.486 0.78539
150 3 13 1 274.805 560.922 0.801758
151 3 14 0 330.952 548.364 0.842037
152 3 14 1 630.958 584.08 0.758822
153 3 15 0 221.547 297.289 0.905505
154 3 15 1 544.036 312.151 0.818108
155 3 16 0 347.884 284.645 0.880951
156 3 16 1 597.433 343.667 0.823896
157 3 17 0 373.092 573.546 0.824372
158 3 17 1 572.04 603.11 0.824384
159 3 18 0 566.432 579.866 0.842081
160 3 18 1 283.211 594.636 0.820683
161 4 0 0 614.029 288.879 0.743112
162 4 0 1 414.981 331.075 0.459278
163 4 1 0 414.927 109.644 0.515961
164 4 1 1 605.733 141.239 0.866598
165 4 2 0 574.958 288.871 0.717978
166 4 2 1 414.926 333.176 0.59627
167 4 3 0 639.497 288.852 0.763726
168 4 3 1 415.109 331.042 0.346591
169 4 4 0 482.357 46.4327 0.649381
170 4 4 1 631.016 88.568 0.855676
171 4 5 0 406.594 109.699 0.779151
172 4 5 1 558.054 143.271 0.851639
173 4 6 0 423.489 109.662 0.438448
174 4 6 1 653.441 139.189 0.811416
175 4 7 0 572.208 404.839 0.836402
176 4 7 1 414.918 503.976 0.547169
177 4 8 0 659.086 402.768 0.843745
178 4 8 1 417.816 470.24 0.272374
179 4 9 0 423.427 42.1817 0.870382
180 4 9 1 586.141 80.1111 0.835307
181 4 11 0 389.843 206.652 0.864919
182 4 11 1 527.19 215.15 0.907168
183 4 12 0 661.88 212.944 0.896138
184 4 13 0 574.904 497.652 0.888079
185 4 13 1 412.108 647.329 0.765067
186 4 14 0 670.267 503.949 0.794839
187 4 14 1 414.909 594.667 0.522258
188 4 15 0 420.732 276.275 0.837091
189 4 15 1 552.516 278.312 0.905826
190 4 16 0 661.697 276.212 0.881109
191 4 17 0 661.885 531.468 0.867789
192 4 17 1 462.768 598.826 0.676664
193 4 18 0 597.34 522.929 0.793295
194 4 18 1 482.454 657.878 0.772605
P viewIdx, pafIdx, aOverAllIdx, bOverAllIdx, CandidAIdx, CandidBIdx, score
0 0 3 0 0 0 0
0 0 3 1 0 1 0.935001
0 0 3 2 0 2 0
0 0 4 0 1 0 0
0 0 4 1 1 1 0
0 0 4 2 1 2 0.995969
0 0 5 0 2 0 0.967889
0 0 5 1 2 1 0
0 0 5 2 2 2 0
0 1 6 20 0 0 0.964383
0 1 6 21 0 1 0
0 1 6 22 0 2 0
0 1 7 20 1 0 0
0 1 7 21 1 1 0.942771
0 1 7 22 1 2 0
0 1 8 20 2 0 0
0 1 8 21 2 1 0
0 1 8 22 2 2 0.982821
0 2 20 34 0 0 0.923073
0 2 20 35 0 1 0
0 2 20 36 0 2 0
0 2 21 34 1 0 0
0 2 21 35 1 1 0.94714
0 2 21 36 1 2 0
0 2 22 34 2 0 0
0 2 22 35 2 1 0
0 2 22 36 2 2 0.959833
0 3 0 6 0 0 0.924739
0 3 0 7 0 1 0
0 3 0 8 0 2 0
0 3 1 6 1 0 0
0 3 1 7 1 1 0.803542
0 3 1 8 1 2 0
0 3 2 6 2 0 0
0 3 2 7 2 1 0
0 3 2 8 2 2 0.861809
0 4 0 9 0 0 0.940982
0 4 0 10 0 1 0
0 4 0 11 0 2 0
0 4 1 9 1 0 0
0 4 1 10 1 1 0.800251
0 4 1 11 1 2 0
0 4 2 9 2 0 0
0 4 2 10 2 1 0
0 4 2 11 2 2 0.868862
0 5 9 23 0 0 0.981473
0 5 9 24 0 1 0
0 5 9 25 0 2 0
0 5 10 23 1 0 0
0 5 10 24 1 1 0.961623
0 5 10 25 1 2 0
0 5 11 23 2 0 0
0 5 11 24 2 1 0
0 5 11 25 2 2 0.949681
0 6 23 37 0 0 0.941097
0 6 23 38 0 1 0
0 6 23 39 0 2 0
0 6 24 37 1 0 0
0 6 24 38 1 1 0.980783
0 6 24 39 1 2 0
0 6 25 37 2 0 0
0 6 25 38 2 1 0
0 6 25 39 2 2 0.960685
0 7 3 14 0 0 0.920969
0 7 3 15 0 1 0
0 7 3 16 0 2 0
0 7 4 14 1 0 0
0 7 4 15 1 1 0.990747
0 7 4 16 1 2 0
0 7 5 14 2 0 0
0 7 5 15 2 1 0
0 7 5 16 2 2 0.981458
0 8 14 30 0 0 0
0 8 15 30 1 0 0.978932
0 8 16 30 2 0 0
0 9 30 40 0 0 0.973641
0 10 14 26 0 0 0
0 10 15 26 1 0 0.99904
0 10 16 26 2 0 0
0 11 3 17 0 0 0.91653
0 11 3 18 0 1 0
0 11 3 19 0 2 0
0 11 4 17 1 0 0
0 11 4 18 1 1 0.995668
0 11 4 19 1 2 0
0 11 5 17 2 0 0
0 11 5 18 2 1 0
0 11 5 19 2 2 0.988547
0 12 17 31 0 0 0.993044
0 12 17 32 0 1 0
0 12 17 33 0 2 0
0 12 18 31 1 0 0
0 12 18 32 1 1 0.254802
0 12 18 33 1 2 0.267032
0 12 19 31 2 0 0
0 12 19 32 2 1 0.266722
0 12 19 33 2 2 0.255363
0 13 31 41 0 0 0.976642
0 13 31 42 0 1 0
0 13 31 43 0 2 0
0 13 32 41 1 0 0
0 13 32 42 1 1 0.264346
0 13 32 43 1 2 0.256541
0 13 33 41 2 0 0
0 13 33 42 2 1 0.256547
0 13 33 43 2 2 0.264548
0 14 17 27 0 0 0
0 14 17 28 0 1 0.999284
0 14 17 29 0 2 0
0 14 18 27 1 0 0.984853
0 14 18 28 1 1 0
0 14 18 29 1 2 0
0 14 19 27 2 0 0
0 14 19 28 2 1 0
0 14 19 29 2 2 0.999852
0 15 3 12 0 0 0.864453
0 15 3 13 0 1 0
0 15 4 12 1 0 0
0 15 4 13 1 1 0
0 15 5 12 2 0 0
0 15 5 13 2 1 0.99867
0 16 37 44 0 0 0.833177
0 16 37 45 0 1 0
0 16 37 46 0 2 0
0 16 38 44 1 0 0
0 16 38 45 1 1 0
0 16 38 46 1 2 0.951736
0 16 39 44 2 0 0
0 16 39 45 2 1 0.782746
0 16 39 46 2 2 0
0 17 34 47 0 0 0.780343
0 17 34 48 0 1 0
0 17 34 49 0 2 0
0 17 35 47 1 0 0
0 17 35 48 1 1 0.748863
0 17 35 49 1 2 0
0 17 36 47 2 0 0
0 17 36 48 2 1 0
0 17 36 49 2 2 0.649148
1 0 52 50 0 0 0.26106
1 0 52 51 0 1 0.276853
1 0 53 50 1 0 0.277302
1 0 53 51 1 1 0.260772
1 0 54 50 2 0 0
1 0 54 51 2 1 0
1 1 55 65 0 0 0.98523
1 2 65 76 0 0 0.501855
1 2 65 77 0 1 0.498145
1 3 50 55 0 0 0
1 3 51 55 1 0 0.845505
1 4 50 56 0 0 0
1 4 50 57 0 1 0.872931
1 4 50 58 0 2 0
1 4 51 56 1 0 0
1 4 51 57 1 1 0
1 4 51 58 1 2 0.930853
1 5 56 66 0 0 0.996566
1 5 56 67 0 1 0
1 5 56 68 0 2 0
1 5 57 66 1 0 0
1 5 57 67 1 1 0.983295
1 5 57 68 1 2 0
1 5 58 66 2 0 0
1 5 58 67 2 1 0
1 5 58 68 2 2 0.964281
1 6 66 78 0 0 0.983614
1 6 66 79 0 1 0
1 6 66 80 0 2 0
1 6 67 78 1 0 0
1 6 67 79 1 1 0.989461
1 6 67 80 1 2 0
1 6 68 78 2 0 0
1 6 68 79 2 1 0
1 6 68 80 2 2 0.985005
1 7 52 61 0 0 0.968136
1 7 53 61 1 0 0
1 7 54 61 2 0 0
1 8 61 72 0 0 0.988358
1 9 72 81 0 0 0.937082
1 11 52 62 0 0 0.998559
1 11 52 63 0 1 0
1 11 52 64 0 2 0
1 11 53 62 1 0 0
1 11 53 63 1 1 0.923487
1 11 53 64 1 2 0
1 11 54 62 2 0 0
1 11 54 63 2 1 0
1 11 54 64 2 2 0.996065
1 12 62 73 0 0 0
1 12 62 74 0 1 0
1 12 62 75 0 2 0.975408
1 12 63 73 1 0 0.994036
1 12 63 74 1 1 0
1 12 63 75 1 2 0
1 12 64 73 2 0 0
1 12 64 74 2 1 0.989066
1 12 64 75 2 2 0
1 13 73 82 0 0 0.976186
1 13 73 83 0 1 0
1 13 73 84 0 2 0
1 13 74 82 1 0 0
1 13 74 83 1 1 0.993124
1 13 74 84 1 2 0
1 13 75 82 2 0 0
1 13 75 83 2 1 0
1 13 75 84 2 2 0.982757
1 14 62 69 0 0 0.976635
1 14 62 70 0 1 0
1 14 62 71 0 2 0
1 14 63 69 1 0 0
1 14 63 70 1 1 0.99378
1 14 63 71 1 2 0
1 14 64 69 2 0 0
1 14 64 70 2 1 0
1 14 64 71 2 2 0.982483
1 15 52 59 0 0 0.303988
1 15 52 60 0 1 0.294573
1 15 53 59 1 0 0.294908
1 15 53 60 1 1 0.303817
1 15 54 59 2 0 0
1 15 54 60 2 1 0
1 16 78 85 0 0 0.841423
1 16 78 86 0 1 0
1 16 78 87 0 2 0
1 16 79 85 1 0 0
1 16 79 86 1 1 0.8587
1 16 79 87 1 2 0
1 16 80 85 2 0 0
1 16 80 86 2 1 0
1 16 80 87 2 2 0.684255
1 17 76 88 0 0 0
1 17 77 88 1 0 0.89181
2 0 91 89 0 0 0.980818
2 0 91 90 0 1 0
2 0 92 89 1 0 0
2 0 92 90 1 1 0.959974
2 1 93 103 0 0 0.990261
2 1 93 104 0 1 0
2 1 94 103 1 0 0
2 1 94 104 1 1 0.959686
2 2 103 112 0 0 0.987975
2 2 103 113 0 1 0
2 2 104 112 1 0 0
2 2 104 113 1 1 0.98069
2 3 89 93 0 0 0.972473
2 3 89 94 0 1 0
2 3 90 93 1 0 0
2 3 90 94 1 1 0.927433
2 4 89 95 0 0 0.972247
2 4 89 96 0 1 0
2 4 90 95 1 0 0
2 4 90 96 1 1 0.925666
2 5 95 105 0 0 0.99485
2 5 95 106 0 1 0
2 5 96 105 1 0 0
2 5 96 106 1 1 0.98162
2 6 105 114 0 0 0
2 6 105 115 0 1 0.994251
2 6 105 116 0 2 0
2 6 106 114 1 0 0
2 6 106 115 1 1 0
2 6 106 116 1 2 0.993769
2 7 91 99 0 0 0.994883
2 7 91 100 0 1 0
2 7 92 99 1 0 0
2 7 92 100 1 1 0.911784
2 8 99 109 0 0 0.985079
2 8 100 109 1 0 0
2 9 109 117 0 0 0.990947
2 11 91 101 0 0 0.9977
2 11 91 102 0 1 0
2 11 92 101 1 0 0
2 11 92 102 1 1 0.943804
2 12 101 110 0 0 0.992089
2 12 101 111 0 1 0
2 12 102 110 1 0 0
2 12 102 111 1 1 0.993997
2 13 110 118 0 0 0.952602
2 13 110 119 0 1 0
2 13 111 118 1 0 0
2 13 111 119 1 1 0.974547
2 14 101 107 0 0 0.996342
2 14 101 108 0 1 0
2 14 102 107 1 0 0
2 14 102 108 1 1 0.993809
2 15 91 97 0 0 0.989233
2 15 91 98 0 1 0
2 15 92 97 1 0 0
2 15 92 98 1 1 0.992884
2 16 114 120 0 0 0
2 16 114 121 0 1 0
2 16 115 120 1 0 0.986917
2 16 115 121 1 1 0
2 16 116 120 2 0 0
2 16 116 121 2 1 0.989165
2 17 112 122 0 0 0.961141
2 17 112 123 0 1 0
2 17 113 122 1 0 0
2 17 113 123 1 1 0.891602
3 0 126 124 0 0 0.996069
3 0 126 125 0 1 0
3 0 127 124 1 0 0
3 0 127 125 1 1 0.989837
3 1 128 138 0 0 0.990277
3 1 128 139 0 1 0
3 1 129 138 1 0 0
3 1 129 139 1 1 0.982253
3 2 138 149 0 0 0
3 2 138 150 0 1 0.99371
3 2 139 149 1 0 0.994584
3 2 139 150 1 1 0
3 3 124 128 0 0 0.961707
3 3 124 129 0 1 0
3 3 125 128 1 0 0
3 3 125 129 1 1 0.949499
3 4 124 130 0 0 0.958439
3 4 124 131 0 1 0
3 4 125 130 1 0 0
3 4 125 131 1 1 0.947025
3 5 130 140 0 0 0.996444
3 5 130 141 0 1 0
3 5 131 140 1 0 0
3 5 131 141 1 1 0.989224
3 6 140 151 0 0 0.99393
3 6 140 152 0 1 0
3 6 141 151 1 0 0
3 6 141 152 1 1 0.999497
3 7 126 134 0 0 0.997126
3 7 126 135 0 1 0
3 7 127 134 1 0 0
3 7 127 135 1 1 0.999427
3 8 134 145 0 0 0.982128
3 8 134 146 0 1 0
3 8 135 145 1 0 0
3 8 135 146 1 1 0.989252
3 9 145 153 0 0 0.983655
3 9 145 154 0 1 0
3 9 146 153 1 0 0
3 9 146 154 1 1 0.973933
3 10 134 142 0 0 0.970788
3 10 135 142 1 0 0
3 11 126 136 0 0 0.98044
3 11 126 137 0 1 0
3 11 127 136 1 0 0
3 11 127 137 1 1 0.998269
3 12 136 147 0 0 0.995501
3 12 136 148 0 1 0
3 12 137 147 1 0 0
3 12 137 148 1 1 0.997695
3 13 147 155 0 0 0.997862
3 13 147 156 0 1 0
3 13 148 155 1 0 0
3 13 148 156 1 1 0.957435
3 14 136 143 0 0 0.984
3 14 136 144 0 1 0
3 14 137 143 1 0 0
3 14 137 144 1 1 0.991571
3 15 126 132 0 0 0.998307
3 15 126 133 0 1 0
3 15 127 132 1 0 0
3 15 127 133 1 1 0.987206
3 16 151 157 0 0 0.98111
3 16 151 158 0 1 0
3 16 152 157 1 0 0
3 16 152 158 1 1 0.963607
3 17 149 159 0 0 0.977033
3 17 149 160 0 1 0
3 17 150 159 1 0 0
3 17 150 160 1 1 0.986923
4 0 163 161 0 0 0
4 0 163 162 0 1 0.872717
4 0 164 161 1 0 0.988895
4 0 164 162 1 1 0
4 1 165 175 0 0 0.992497
4 1 165 176 0 1 0
4 1 166 175 1 0 0
4 1 166 176 1 1 0.964227
4 2 175 184 0 0 0.999714
4 2 175 185 0 1 0
4 2 176 184 1 0 0
4 2 176 185 1 1 0.983535
4 3 161 165 0 0 0.941548
4 3 161 166 0 1 0
4 3 162 165 1 0 0
4 3 162 166 1 1 0.704192
4 4 161 167 0 0 0.938727
4 4 161 168 0 1 0
4 4 162 167 1 0 0
4 4 162 168 1 1 0.667567
4 5 167 177 0 0 0.990458
4 5 167 178 0 1 0
4 5 168 177 1 0 0
4 5 168 178 1 1 0.841095
4 6 177 186 0 0 0.996057
4 6 177 187 0 1 0
4 6 178 186 1 0 0
4 6 178 187 1 1 0.871089
4 7 163 171 0 0 0.834067
4 7 163 172 0 1 0
4 7 164 171 1 0 0
4 7 164 172 1 1 0.996791
4 8 171 181 0 0 0.989821
4 8 171 182 0 1 0
4 8 172 181 1 0 0
4 8 172 182 1 1 0.974035
4 9 181 188 0 0 0.997933
4 9 181 189 0 1 0
4 9 182 188 1 0 0
4 9 182 189 1 1 0.990235
4 10 171 179 0 0 0.984982
4 10 171 180 0 1 0
4 10 172 179 1 0 0
4 10 172 180 1 1 0.977148
4 11 163 173 0 0 0.834507
4 11 163 174 0 1 0
4 11 164 173 1 0 0
4 11 164 174 1 1 0.998701
4 12 173 183 0 0 0
4 12 174 183 1 0 0.987456
4 13 183 190 0 0 0.999443
4 15 163 169 0 0 0.78949
4 15 163 170 0 1 0
4 15 164 169 1 0 0
4 15 164 170 1 1 0.982759
4 16 186 191 0 0 0.973541
4 16 186 192 0 1 0
4 16 187 191 1 0 0
4 16 187 192 1 1 0.905279
4 17 184 193 0 0 0.99286
4 17 184 194 0 1 0
4 17 185 193 1 0 0
4 17 185 194 1 1 0.988703
E jointIdx viewA viewB aOverAllIdx bOverallIdx score
0 0 1 0 50 0.151041
0 0 1 0 51 0.000225405
0 0 1 1 50 0.309932
0 0 1 1 51 0.267154
0 0 1 2 50 0.248036
0 0 1 2 51 0.369937
0 0 2 0 89 -1
0 0 2 0 90 0.61974
0 0 2 1 89 0.628322
0 0 2 1 90 -1
0 0 2 2 89 -1
0 0 2 2 90 0.651313
0 0 3 0 124 -1
0 0 3 0 125 0.207426
0 0 3 1 124 0.718871
0 0 3 1 125 -1
0 0 3 2 124 -1
0 0 3 2 125 0.954948
0 0 4 0 161 -1
0 0 4 0 162 -1
0 0 4 1 161 -1
0 0 4 1 162 0.822536
0 0 4 2 161 0.74676
0 0 4 2 162 -1
0 1 2 50 89 0.852374
0 1 2 50 90 -1
0 1 2 51 89 -1
0 1 2 51 90 0.793869
0 1 3 50 124 0.671211
0 1 3 50 125 0.174569
0 1 3 51 124 0.202856
0 1 3 51 125 0.690554
0 1 4 50 161 -1
0 1 4 50 162 0.977176
0 1 4 51 161 0.627929
0 1 4 51 162 -1
0 2 3 89 124 0.97903
0 2 3 89 125 -1
0 2 3 90 124 -1
0 2 3 90 125 0.666531
0 2 4 89 161 -1
0 2 4 89 162 0.831019
0 2 4 90 161 0.84936
0 2 4 90 162 -1
0 3 4 124 161 0.256964
0 3 4 124 162 0.384115
0 3 4 125 161 0.379227
0 3 4 125 162 0.247789
1 0 1 3 52 0.403478
1 0 1 3 53 0.394518
1 0 1 3 54 -1
1 0 1 4 52 0.450981
1 0 1 4 53 0.438489
1 0 1 4 54 -1
1 0 1 5 52 0.10225
1 0 1 5 53 0.117322
1 0 1 5 54 0.516065
1 0 2 3 91 0.792365
1 0 2 3 92 -1
1 0 2 4 91 -1
1 0 2 4 92 0.95193
1 0 2 5 91 -1
1 0 2 5 92 -1
1 0 3 3 126 0.416785
1 0 3 3 127 0.294135
1 0 3 4 126 0.423881
1 0 3 4 127 0.290556
1 0 3 5 126 -1
1 0 3 5 127 0.0228863
1 0 4 3 163 0.976456
1 0 4 3 164 -1
1 0 4 4 163 -1
1 0 4 4 164 0.908022
1 0 4 5 163 -1
1 0 4 5 164 0.251191
1 1 2 52 91 0.254617
1 1 2 52 92 0.745383
1 1 2 53 91 0.827962
1 1 2 53 92 0.172038
1 1 2 54 91 -1
1 1 2 54 92 -1
1 1 3 52 126 0.256949
1 1 3 52 127 0.260803
1 1 3 53 126 0.257064
1 1 3 53 127 0.260711
1 1 3 54 126 0.0923742
1 1 3 54 127 0.0791313
1 1 4 52 163 0.438465
1 1 4 52 164 0.561535
1 1 4 53 163 0.521848
1 1 4 53 164 0.478152
1 1 4 54 163 -1
1 1 4 54 164 -1
1 2 3 91 126 0.838274
1 2 3 91 127 -1
1 2 3 92 126 -1
1 2 3 92 127 0.924053
1 2 4 91 163 0.815784
1 2 4 91 164 -1
1 2 4 92 163 -1
1 2 4 92 164 0.936759
1 3 4 126 163 0.47796
1 3 4 126 164 0.324051
1 3 4 127 163 0.10645
1 3 4 127 164 0.554662
2 0 1 6 55 0.0673688
2 0 1 7 55 0.354367
2 0 1 8 55 0.578265
2 0 2 6 93 -1
2 0 2 6 94 0.563741
2 0 2 7 93 0.568589
2 0 2 7 94 -1
2 0 2 8 93 -1
2 0 2 8 94 0.306007
2 0 3 6 128 -1
2 0 3 6 129 -1
2 0 3 7 128 0.813491
2 0 3 7 129 -1
2 0 3 8 128 -1
2 0 3 8 129 0.905334
2 0 4 6 165 -1
2 0 4 6 166 -1
2 0 4 7 165 -1
2 0 4 7 166 0.793828
2 0 4 8 165 0.768062
2 0 4 8 166 -1
2 1 2 55 93 0.690182
2 1 2 55 94 0.309818
2 1 3 55 128 0.508516
2 1 3 55 129 0.491484
2 1 4 55 165 0.626084
2 1 4 55 166 0.358605
2 2 3 93 128 0.879939
2 2 3 93 129 -1
2 2 3 94 128 -1
2 2 3 94 129 0.325815
2 2 4 93 165 0.371631
2 2 4 93 166 0.566506
2 2 4 94 165 0.610388
2 2 4 94 166 -1
2 3 4 128 165 0.272403
2 3 4 128 166 0.44442
2 3 4 129 165 0.441679
2 3 4 129 166 0.282021
3 0 1 9 56 0.606821
3 0 1 9 57 0.133684
3 0 1 9 58 -1
3 0 1 10 56 -1
3 0 1 10 57 0.410486
3 0 1 10 58 0.521543
3 0 1 11 56 -1
3 0 1 11 57 0.455831
3 0 1 11 58 0.820368
3 0 2 9 95 -1
3 0 2 9 96 0.785096
3 0 2 10 95 0.788343
3 0 2 10 96 -1
3 0 2 11 95 -1
3 0 2 11 96 0.945844
3 0 3 9 130 -1
3 0 3 9 131 0.673037
3 0 3 10 130 0.63023
3 0 3 10 131 -1
3 0 3 11 130 -1
3 0 3 11 131 0.911378
3 0 4 9 167 -1
3 0 4 9 168 -1
3 0 4 10 167 -1
3 0 4 10 168 0.950352
3 0 4 11 167 0.660128
3 0 4 11 168 -1
3 1 2 56 95 -1
3 1 2 56 96 -1
3 1 2 57 95 0.999958
3 1 2 57 96 -1
3 1 2 58 95 -1
3 1 2 58 96 0.952127
3 1 3 56 130 -1
3 1 3 56 131 -1
3 1 3 57 130 0.854568
3 1 3 57 131 0.130676
3 1 3 58 130 0.187758
3 1 3 58 131 0.812242
3 1 4 56 167 -1
3 1 4 56 168 -1
3 1 4 57 167 -1
3 1 4 57 168 0.879483
3 1 4 58 167 0.57275
3 1 4 58 168 -1
3 2 3 95 130 0.754126
3 2 3 95 131 -1
3 2 3 96 130 -1
3 2 3 96 131 0.974206
3 2 4 95 167 -1
3 2 4 95 168 0.886679
3 2 4 96 167 0.660536
3 2 4 96 168 -1
3 3 4 130 167 0.272478
3 3 4 130 168 0.358531
3 3 4 131 167 0.364511
3 3 4 131 168 0.252864
4 0 1 12 59 0.378043
4 0 1 12 60 0.621957
4 0 1 13 59 -1
4 0 1 13 60 -1
4 0 2 12 97 0.979964
4 0 2 12 98 -1
4 0 2 13 97 -1
4 0 2 13 98 -1
4 0 3 12 132 0.609047
4 0 3 12 133 0.196789
4 0 3 13 132 0.252662
4 0 3 13 133 0.169753
4 0 4 12 169 0.997383
4 0 4 12 170 -1
4 0 4 13 169 -1
4 0 4 13 170 -1
4 1 2 59 97 0.278452
4 1 2 59 98 0.563373
4 1 2 60 97 0.515684
4 1 2 60 98 0.217766
4 1 3 59 132 0.279222
4 1 3 59 133 0.39142
4 1 3 60 132 0.376112
4 1 3 60 133 0.306387
4 1 4 59 169 -1
4 1 4 59 170 0.657892
4 1 4 60 169 0.802447
4 1 4 60 170 0.197553
4 2 3 97 132 0.924364
4 2 3 97 133 -1
4 2 3 98 132 -1
4 2 3 98 133 0.996103
4 2 4 97 169 0.992306
4 2 4 97 170 -1
4 2 4 98 169 -1
4 2 4 98 170 0.97124
4 3 4 132 169 0.697226
4 3 4 132 170 0.216597
4 3 4 133 169 0.080373
4 3 4 133 170 0.705756
5 0 1 14 61 0.354448
5 0 1 15 61 0.453498
5 0 1 16 61 0.192054
5 0 2 14 99 0.591044
5 0 2 14 100 -1
5 0 2 15 99 -1
5 0 2 15 100 0.832206
5 0 2 16 99 -1
5 0 2 16 100 -1
5 0 3 14 134 0.352299
5 0 3 14 135 0.647701
5 0 3 15 134 0.419063
5 0 3 15 135 0.580937
5 0 3 16 134 -1
5 0 3 16 135 -1
5 0 4 14 171 0.880486
5 0 4 14 172 -1
5 0 4 15 171 -1
5 0 4 15 172 0.909993
5 0 4 16 171 -1
5 0 4 16 172 0.262941
5 1 2 61 99 0.499727
5 1 2 61 100 0.500273
5 1 3 61 134 0.438311
5 1 3 61 135 0.561689
5 1 4 61 171 0.48437
5 1 4 61 172 0.51563
5 2 3 99 134 0.870017
5 2 3 99 135 -1
5 2 3 100 134 -1
5 2 3 100 135 0.774037
5 2 4 99 171 0.711852
5 2 4 99 172 -1
5 2 4 100 171 -1
5 2 4 100 172 0.937247
5 3 4 134 171 0.473399
5 3 4 134 172 0.325159
5 3 4 135 171 0.137474
5 3 4 135 172 0.532582
6 0 1 17 62 0.486733
6 0 1 17 63 0.382843
6 0 1 17 64 -1
6 0 1 18 62 0.450287
6 0 1 18 63 0.436471
6 0 1 18 64 -1
6 0 1 19 62 0.0486189
6 0 1 19 63 0.139484
6 0 1 19 64 0.597807
6 0 2 17 101 0.860984
6 0 2 17 102 -1
6 0 2 18 101 -1
6 0 2 18 102 0.887717
6 0 2 19 101 -1
6 0 2 19 102 -1
6 0 3 17 136 0.506765
6 0 3 17 137 0.25051
6 0 3 18 136 0.438509
6 0 3 18 137 0.285176
6 0 3 19 136 -1
6 0 3 19 137 0.0558524
6 0 4 17 173 0.977744
6 0 4 17 174 -1
6 0 4 18 173 -1
6 0 4 18 174 0.907071
6 0 4 19 173 -1
6 0 4 19 174 0.241214
6 1 2 62 101 -1
6 1 2 62 102 0.968822
6 1 2 63 101 0.964979
6 1 2 63 102 -1
6 1 2 64 101 -1
6 1 2 64 102 -1
6 1 3 62 136 0.260865
6 1 3 62 137 0.278996
6 1 3 63 136 0.286578
6 1 3 63 137 0.254877
6 1 3 64 136 0.0393479
6 1 3 64 137 0.0703646
6 1 4 62 173 0.13993
6 1 4 62 174 0.86007
6 1 4 63 173 0.651847
6 1 4 63 174 0.343952
6 1 4 64 173 -1
6 1 4 64 174 -1
6 2 3 101 136 0.922022
6 2 3 101 137 -1
6 2 3 102 136 -1
6 2 3 102 137 0.83499
6 2 4 101 173 0.891309
6 2 4 101 174 -1
6 2 4 102 173 -1
6 2 4 102 174 0.726075
6 3 4 136 173 0.550632
6 3 4 136 174 0.294548
6 3 4 137 173 0.0577211
6 3 4 137 174 0.606907
7 0 1 20 65 -1
7 0 1 21 65 -1
7 0 1 22 65 0.633823
7 0 2 20 103 -1
7 0 2 20 104 0.490128
7 0 2 21 103 0.961848
7 0 2 21 104 -1
7 0 2 22 103 -1
7 0 2 22 104 0.592761
7 0 3 20 138 -1
7 0 3 20 139 0.702185
7 0 3 21 138 0.977613
7 0 3 21 139 -1
7 0 3 22 138 -1
7 0 3 22 139 0.700103
7 0 4 20 175 -1
7 0 4 20 176 -1
7 0 4 21 175 -1
7 0 4 21 176 0.86896
7 0 4 22 175 0.679132
7 0 4 22 176 -1
7 1 2 65 103 -1
7 1 2 65 104 0.711297
7 1 3 65 138 -1
7 1 3 65 139 0.74259
7 1 4 65 175 0.777045
7 1 4 65 176 -1
7 2 3 103 138 0.94721
7 2 3 103 139 -1
7 2 3 104 138 -1
7 2 3 104 139 0.956449
7 2 4 103 175 0.239855
7 2 4 103 176 0.54501
7 2 4 104 175 0.566405
7 2 4 104 176 0.150243
7 3 4 138 175 -1
7 3 4 138 176 0.983691
7 3 4 139 175 0.856827
7 3 4 139 176 -1
8 0 1 23 66 0.703155
8 0 1 23 67 -1
8 0 1 23 68 -1
8 0 1 24 66 -1
8 0 1 24 67 0.877646
8 0 1 24 68 0.278047
8 0 1 25 66 -1
8 0 1 25 67 0.780478
8 0 1 25 68 0.681991
8 0 2 23 105 -1
8 0 2 23 106 0.577729
8 0 2 24 105 0.897131
8 0 2 24 106 -1
8 0 2 25 105 -1
8 0 2 25 106 0.873822
8 0 3 23 140 -1
8 0 3 23 141 0.636711
8 0 3 24 140 0.829902
8 0 3 24 141 -1
8 0 3 25 140 -1
8 0 3 25 141 0.806588
8 0 4 23 177 -1
8 0 4 23 178 -1
8 0 4 24 177 -1
8 0 4 24 178 0.85342
8 0 4 25 177 0.806507
8 0 4 25 178 -1
8 1 2 66 105 -1
8 1 2 66 106 -1
8 1 2 67 105 0.876142
8 1 2 67 106 -1
8 1 2 68 105 -1
8 1 2 68 106 0.733405
8 1 3 66 140 -1
8 1 3 66 141 -1
8 1 3 67 140 0.88886
8 1 3 67 141 -1
8 1 3 68 140 -1
8 1 3 68 141 0.644312
8 1 4 66 177 -1
8 1 4 66 178 -1
8 1 4 67 177 -1
8 1 4 67 178 0.906381
8 1 4 68 177 0.85581
8 1 4 68 178 -1
8 2 3 105 140 0.938756
8 2 3 105 141 -1
8 2 3 106 140 -1
8 2 3 106 141 0.958445
8 2 4 105 177 -1
8 2 4 105 178 0.925632
8 2 4 106 177 0.705025
8 2 4 106 178 -1
8 3 4 140 177 0.299981
8 3 4 140 178 0.539153
8 3 4 141 177 0.523614
8 3 4 141 178 0.143796
9 0 3 26 142 -1
9 0 4 26 179 -1
9 0 4 26 180 0.990944
9 3 4 142 179 0.694366
9 3 4 142 180 0.305634
10 0 1 27 69 0.981129
10 0 1 27 70 0.808271
10 0 1 27 71 -1
10 0 1 28 69 0.673558
10 0 1 28 70 0.997483
10 0 1 28 71 -1
10 0 1 29 69 -1
10 0 1 29 70 -1
10 0 1 29 71 0.874322
10 0 2 27 107 -1
10 0 2 27 108 0.921792
10 0 2 28 107 0.978194
10 0 2 28 108 -1
10 0 2 29 107 -1
10 0 2 29 108 -1
10 0 3 27 143 -1
10 0 3 27 144 0.914132
10 0 3 28 143 0.919784
10 0 3 28 144 -1
10 0 3 29 143 0.505651
10 0 3 29 144 0.0483996
10 1 2 69 107 0.273887
10 1 2 69 108 0.726113
10 1 2 70 107 0.650923
10 1 2 70 108 0.349077
10 1 2 71 107 -1
10 1 2 71 108 -1
10 1 3 69 143 0.174536
10 1 3 69 144 0.338945
10 1 3 70 143 0.31785
10 1 3 70 144 0.179532
10 1 3 71 143 0.271861
10 1 3 71 144 0.230687
10 2 3 107 143 0.968544
10 2 3 107 144 -1
10 2 3 108 143 -1
10 2 3 108 144 0.973289
11 0 1 30 72 0.958688
11 0 2 30 109 -1
11 0 3 30 145 -1
11 0 3 30 146 0.834229
11 0 4 30 181 0.436586
11 0 4 30 182 0.563414
11 1 2 72 109 0.877443
11 1 3 72 145 0.081899
11 1 3 72 146 0.826939
11 1 4 72 181 0.146364
11 1 4 72 182 0.853636
11 2 3 109 145 0.946924
11 2 3 109 146 -1
11 2 4 109 181 0.941557
11 2 4 109 182 -1
11 3 4 145 181 0.36849
11 3 4 145 182 0.261671
11 3 4 146 181 0.246864
11 3 4 146 182 0.368104
12 0 1 31 73 0.417967
12 0 1 31 74 -1
12 0 1 31 75 -1
12 0 1 32 73 0.166768
12 0 1 32 74 0.279331
12 0 1 32 75 0.361319
12 0 1 33 73 0.159371
12 0 1 33 74 0.086338
12 0 1 33 75 0.570252
12 0 2 31 110 0.90875
12 0 2 31 111 -1
12 0 2 32 110 -1
12 0 2 32 111 0.919033
12 0 2 33 110 -1
12 0 2 33 111 0.957439
12 0 3 31 147 0.892359
12 0 3 31 148 -1
12 0 3 32 147 -1
12 0 3 32 148 0.993331
12 0 3 33 147 -1
12 0 3 33 148 0.984477
12 0 4 31 183 0.288306
12 0 4 32 183 0.318302
12 0 4 33 183 0.393392
12 1 2 73 110 0.97392
12 1 2 73 111 -1
12 1 2 74 110 -1
12 1 2 74 111 -1
12 1 2 75 110 -1
12 1 2 75 111 0.965646
12 1 3 73 147 0.987072
12 1 3 73 148 -1
12 1 3 74 147 -1
12 1 3 74 148 -1
12 1 3 75 147 -1
12 1 3 75 148 0.915351
12 1 4 73 183 -1
12 1 4 74 183 -1
12 1 4 75 183 0.997113
12 2 3 110 147 0.997032
12 2 3 110 148 -1
12 2 3 111 147 -1
12 2 3 111 148 0.973292
12 2 4 110 183 -1
12 2 4 111 183 0.968981
12 3 4 147 183 0.265301
12 3 4 148 183 0.734699
13 0 1 34 76 -1
13 0 1 34 77 -1
13 0 1 35 76 0.981313
13 0 1 35 77 -1
13 0 1 36 76 0.0531139
13 0 1 36 77 0.49393
13 0 2 34 112 -1
13 0 2 34 113 -1
13 0 2 35 112 0.951987
13 0 2 35 113 -1
13 0 2 36 112 -1
13 0 2 36 113 0.647353
13 0 3 34 149 0.243439
13 0 3 34 150 -1
13 0 3 35 149 -1
13 0 3 35 150 0.884291
13 0 3 36 149 0.691803
13 0 3 36 150 -1
13 0 4 34 184 -1
13 0 4 34 185 -1
13 0 4 35 184 -1
13 0 4 35 185 0.929919
13 0 4 36 184 0.707785
13 0 4 36 185 -1
13 1 2 76 112 0.50916
13 1 2 76 113 -1
13 1 2 77 112 -1
13 1 2 77 113 0.908863
13 1 3 76 149 -1
13 1 3 76 150 0.568623
13 1 3 77 149 0.930911
13 1 3 77 150 -1
13 1 4 76 184 0.0441359
13 1 4 76 185 0.605894
13 1 4 77 184 0.79679
13 1 4 77 185 -1
13 2 3 112 149 -1
13 2 3 112 150 0.934324
13 2 3 113 149 0.972088
13 2 3 113 150 -1
13 2 4 112 184 0.28372
13 2 4 112 185 0.327397
13 2 4 113 184 0.324731
13 2 4 113 185 0.287813
13 3 4 149 184 0.936069
13 3 4 149 185 -1
13 3 4 150 184 -1
13 3 4 150 185 0.758115
14 0 1 37 78 0.638722
14 0 1 37 79 -1
14 0 1 37 80 -1
14 0 1 38 78 -1
14 0 1 38 79 0.936834
14 0 1 38 80 0.219327
14 0 1 39 78 -1
14 0 1 39 79 0.7563
14 0 1 39 80 0.764991
14 0 2 37 114 -1
14 0 2 37 115 -1
14 0 2 37 116 -1
14 0 2 38 114 -1
14 0 2 38 115 0.97992
14 0 2 38 116 -1
14 0 2 39 114 -1
14 0 2 39 115 -1
14 0 2 39 116 0.912081
14 0 3 37 151 -1
14 0 3 37 152 0.583805
14 0 3 38 151 0.990875
14 0 3 38 152 -1
14 0 3 39 151 -1
14 0 3 39 152 0.82076
14 0 4 37 186 -1
14 0 4 37 187 -1
14 0 4 38 186 -1
14 0 4 38 187 0.679273
14 0 4 39 186 0.802053
14 0 4 39 187 -1
14 1 2 78 114 -1
14 1 2 78 115 -1
14 1 2 78 116 -1
14 1 2 79 114 -1
14 1 2 79 115 0.948205
14 1 2 79 116 -1
14 1 2 80 114 -1
14 1 2 80 115 -1
14 1 2 80 116 0.899717
14 1 3 78 151 -1
14 1 3 78 152 -1
14 1 3 79 151 0.997049
14 1 3 79 152 -1
14 1 3 80 151 -1
14 1 3 80 152 0.956403
14 1 4 78 186 -1
14 1 4 78 187 -1
14 1 4 79 186 -1
14 1 4 79 187 0.900198
14 1 4 80 186 0.92015
14 1 4 80 187 -1
14 2 3 114 151 -1
14 2 3 114 152 -1
14 2 3 115 151 0.970148
14 2 3 115 152 -1
14 2 3 116 151 -1
14 2 3 116 152 0.897006
14 2 4 114 186 -1
14 2 4 114 187 -1
14 2 4 115 186 -1
14 2 4 115 187 0.866598
14 2 4 116 186 0.809009
14 2 4 116 187 -1
14 3 4 151 186 0.279302
14 3 4 151 187 0.594646
14 3 4 152 186 0.570366
14 3 4 152 187 0.0852914
15 0 1 40 81 0.87892
15 0 2 40 117 -1
15 0 3 40 153 -1
15 0 3 40 154 0.651276
15 0 4 40 188 -1
15 0 4 40 189 0.981095
15 1 2 81 117 -1
15 1 3 81 153 -1
15 1 3 81 154 0.730835
15 1 4 81 188 -1
15 1 4 81 189 0.869825
15 2 3 117 153 0.919634
15 2 3 117 154 -1
15 2 4 117 188 0.991759
15 2 4 117 189 -1
15 3 4 153 188 0.286889
15 3 4 153 189 0.321085
15 3 4 154 188 0.31573
15 3 4 154 189 0.279046
16 0 1 41 82 0.404563
16 0 1 41 83 -1
16 0 1 41 84 -1
16 0 1 42 82 0.317638
16 0 1 42 83 0.340502
16 0 1 42 84 0.0535699
16 0 1 43 82 0.188201
16 0 1 43 83 -1
16 0 1 43 84 0.517119
16 0 2 41 118 0.930462
16 0 2 41 119 -1
16 0 2 42 118 -1
16 0 2 42 119 0.72636
16 0 2 43 118 -1
16 0 2 43 119 0.86053
16 0 3 41 155 0.892649
16 0 3 41 156 -1
16 0 3 42 155 -1
16 0 3 42 156 0.587185
16 0 3 43 155 -1
16 0 3 43 156 0.924939
16 0 4 41 190 -1
16 0 4 42 190 -1
16 0 4 43 190 0.663898
16 1 2 82 118 0.774844
16 1 2 82 119 -1
16 1 2 83 118 -1
16 1 2 83 119 -1
16 1 2 84 118 -1
16 1 2 84 119 0.887544
16 1 3 82 155 0.870215
16 1 3 82 156 -1
16 1 3 83 155 -1
16 1 3 83 156 -1
16 1 3 84 155 -1
16 1 3 84 156 0.813329
16 1 4 82 190 -1
16 1 4 83 190 -1
16 1 4 84 190 0.962393
16 2 3 118 155 0.981163
16 2 3 118 156 -1
16 2 3 119 155 -1
16 2 3 119 156 0.932884
16 2 4 118 190 -1
16 2 4 119 190 0.995343
16 3 4 155 190 0.122454
16 3 4 156 190 0.877546
17 0 1 44 85 0.810865
17 0 1 44 86 -1
17 0 1 44 87 -1
17 0 1 45 85 -1
17 0 1 45 86 0.835327
17 0 1 45 87 0.836096
17 0 1 46 85 -1
17 0 1 46 86 0.827973
17 0 1 46 87 0.719051
17 0 2 44 120 -1
17 0 2 44 121 0.304442
17 0 2 45 120 -1
17 0 2 45 121 0.902331
17 0 2 46 120 0.957697
17 0 2 46 121 -1
17 0 3 44 157 -1
17 0 3 44 158 0.193893
17 0 3 45 157 -1
17 0 3 45 158 0.883863
17 0 3 46 157 0.921908
17 0 3 46 158 -1
17 0 4 44 191 -1
17 0 4 44 192 -1
17 0 4 45 191 0.780134
17 0 4 45 192 -1
17 0 4 46 191 -1
17 0 4 46 192 0.98028
17 1 2 85 120 -1
17 1 2 85 121 -1
17 1 2 86 120 0.686232
17 1 2 86 121 -1
17 1 2 87 120 -1
17 1 2 87 121 0.840713
17 1 3 85 157 -1
17 1 3 85 158 -1
17 1 3 86 157 0.615447
17 1 3 86 158 -1
17 1 3 87 157 -1
17 1 3 87 158 0.900295
17 1 4 85 191 -1
17 1 4 85 192 -1
17 1 4 86 191 -1
17 1 4 86 192 0.734228
17 1 4 87 191 0.999887
17 1 4 87 192 -1
17 2 3 120 157 0.880786
17 2 3 120 158 -1
17 2 3 121 157 -1
17 2 3 121 158 0.952759
17 2 4 120 191 -1
17 2 4 120 192 0.956869
17 2 4 121 191 0.853338
17 2 4 121 192 -1
17 3 4 157 191 0.270083
17 3 4 157 192 0.36435
17 3 4 158 191 0.363396
17 3 4 158 192 0.262992
18 0 1 47 88 -1
18 0 1 48 88 -1
18 0 1 49 88 0.804478
18 0 2 47 122 -1
18 0 2 47 123 -1
18 0 2 48 122 0.753908
18 0 2 48 123 -1
18 0 2 49 122 -1
18 0 2 49 123 0.897631
18 0 3 47 159 0.974242
18 0 3 47 160 -1
18 0 3 48 159 -1
18 0 3 48 160 0.687542
18 0 3 49 159 0.831738
18 0 3 49 160 -1
18 0 4 47 193 -1
18 0 4 47 194 -1
18 0 4 48 193 -1
18 0 4 48 194 0.761904
18 0 4 49 193 0.637321
18 0 4 49 194 -1
18 1 2 88 122 -1
18 1 2 88 123 0.86726
18 1 3 88 159 0.791584
18 1 3 88 160 -1
18 1 4 88 193 0.691446
18 1 4 88 194 0.105148
18 2 3 122 159 -1
18 2 3 122 160 0.932081
18 2 3 123 159 0.822675
18 2 3 123 160 -1
18 2 4 122 193 0.343498
18 2 4 122 194 0.429459
18 2 4 123 193 0.360244
18 2 4 123 194 0.200143
18 3 4 159 193 0.97986
18 3 4 159 194 -1
18 3 4 160 193 -1
18 3 4 160 194 0.934799
end of Frame 73
