J OverallIdx viewIdx joint种类0-18(jointIdx) 该joint在图中的顺序(candidix) x y score
0 0 0 0 409.435 371.119 0.654224
1 0 0 1 863.667 404.855 0.699779
2 0 0 2 243.986 423.874 0.585072
3 0 0 3 658.969 468.161 0.513075
4 0 1 0 238.399 198.225 0.720504
5 0 1 1 417.835 206.636 0.820412
6 0 1 2 664.665 208.779 0.864912
7 0 1 3 888.929 223.466 0.883411
8 0 2 0 370.091 369.017 0.671822
9 0 2 1 818.978 398.586 0.697915
10 0 2 2 229.93 425.959 0.579614
11 0 2 3 709.461 470.239 0.495381
12 0 3 0 443.171 375.336 0.637804
13 0 3 1 905.756 409.076 0.681959
14 0 3 2 263.573 421.759 0.521463
15 0 3 3 597.408 470.258 0.470371
16 0 4 0 305.721 139.126 0.830445
17 0 4 1 417.882 143.433 0.915913
18 0 4 2 858.048 162.431 0.878945
19 0 5 0 227.111 200.369 0.768861
20 0 5 1 361.79 204.529 0.797481
21 0 5 2 838.367 215.081 0.845154
22 0 5 3 748.625 219.294 0.776013
23 0 6 0 258.117 196.118 0.669665
24 0 6 1 594.461 194.095 0.844443
25 0 6 2 479.568 206.655 0.733799
26 0 6 3 947.911 225.628 0.841996
27 0 7 0 367.292 508.159 0.747656
28 0 7 1 818.761 548.31 0.824831
29 0 7 2 221.556 584.123 0.721225
30 0 7 3 681.478 678.995 0.729042
31 0 8 0 434.538 512.43 0.718441
32 0 8 1 877.759 550.452 0.760151
33 0 8 2 277.557 579.92 0.759309
34 0 8 3 541.271 662.099 0.662619
35 0 9 0 252.418 124.422 0.901557
36 0 9 1 389.77 143.291 0.806086
37 0 9 2 703.906 155.999 0.846043
38 0 10 0 445.854 137.018 0.42883
39 0 10 1 628.173 143.507 0.870083
40 0 10 2 908.529 149.709 0.891018
41 0 11 0 325.292 286.784 0.804136
42 0 11 1 810.397 305.777 0.759051
43 0 11 2 190.627 326.885 0.913427
44 0 11 3 751.601 335.303 0.562714
45 0 12 0 956.428 318.429 0.794344
46 0 12 1 507.581 326.883 0.826535
47 0 13 0 347.636 630.537 0.833216
48 0 13 1 846.988 641.033 0.749347
49 0 13 2 151.483 750.69 0.630409
50 0 14 0 417.873 630.494 0.759216
51 0 14 1 863.758 679.008 0.786506
52 0 14 2 257.985 727.513 0.745317
53 0 15 0 367.305 246.773 0.840977
54 0 15 1 774.001 381.634 0.876864
55 0 15 2 280.452 404.835 0.82044
56 0 16 0 479.563 377.475 0.791223
57 0 16 1 967.444 409.121 0.79126
58 0 17 0 415.054 655.784 0.60433
59 0 17 1 886.152 725.382 0.757712
60 0 17 2 333.74 740.191 0.745328
61 0 18 0 358.923 666.437 0.774434
62 0 18 1 818.817 683.128 0.855505
63 0 18 2 210.348 752.857 0.265174
64 1 0 0 760.021 347.96 0.202585
65 1 0 1 482.394 368.997 0.752195
66 1 0 2 888.932 396.493 0.665453
67 1 0 3 552.432 396.42 0.707281
68 1 1 0 482.316 227.817 0.744751
69 1 1 1 552.532 229.951 0.87138
70 1 1 2 863.698 244.712 0.734752
71 1 1 3 771.177 253.009 0.437517
72 1 2 0 757.154 352.15 0.217926
73 1 2 1 462.712 369.027 0.755139
74 1 2 2 897.387 396.416 0.556515
75 1 2 3 580.486 398.527 0.679457
76 1 3 0 754.4 347.943 0.202548
77 1 3 1 507.665 371.151 0.740395
78 1 3 2 886.117 398.564 0.680667
79 1 4 0 614.061 177.133 0.288581
80 1 4 1 521.639 181.419 0.840271
81 1 4 2 799.2 240.345 0.851828
82 1 5 0 459.81 229.816 0.891521
83 1 5 1 597.293 229.835 0.899165
84 1 5 2 866.577 246.758 0.601528
85 1 5 3 729.258 253.067 0.319193
86 1 6 0 510.393 231.929 0.893389
87 1 6 1 729.272 248.857 0.249522
88 1 6 2 858.076 244.557 0.823415
89 1 7 0 459.961 480.777 0.885171
90 1 7 1 877.787 512.446 0.75268
91 1 7 2 574.942 531.306 0.761209
92 1 8 0 485.077 482.887 0.836307
93 1 8 1 841.408 512.356 0.802028
94 1 8 2 549.604 518.749 0.688182
95 1 9 0 591.791 168.688 0.881324
96 1 9 1 479.613 179.304 0.925875
97 1 9 2 765.602 208.763 0.185203
98 1 10 0 821.665 210.991 0.929879
99 1 10 1 754.262 213.001 0.203211
100 1 11 0 712.393 297.42 0.37684
101 1 11 1 459.865 305.787 0.462434
102 1 11 2 614.118 324.699 0.854734
103 1 11 3 863.757 329.028 0.786809
104 1 12 0 715.147 299.468 0.232081
105 1 12 1 482.494 318.415 0.85873
106 1 12 2 818.815 314.271 0.893125
107 1 13 0 434.69 594.641 0.845795
108 1 13 1 866.548 628.413 0.696795
109 1 13 2 560.854 670.543 0.71687
110 1 14 0 476.675 582.003 0.824582
111 1 14 1 866.493 643.128 0.743397
112 1 14 2 544.034 645.234 0.629513
113 1 15 0 712.268 343.718 0.415988
114 1 15 1 796.553 362.748 0.817178
115 1 15 2 630.94 381.664 0.870893
116 1 16 0 751.585 350.075 0.813587
117 1 16 1 530.12 362.596 0.688094
118 1 17 0 510.468 594.679 0.667615
119 1 17 1 594.478 649.522 0.208633
120 1 17 2 813.232 653.711 0.705326
121 1 18 0 473.891 613.546 0.80274
122 1 18 1 816.04 641.04 0.447061
123 1 18 2 611.39 666.302 0.720023
124 2 0 0 471.181 158.153 0.736658
125 2 0 1 765.547 276.192 0.716589
126 2 0 2 370.124 333.188 0.712743
127 2 0 3 664.597 413.321 0.76509
128 2 1 0 485.247 39.9813 0.850929
129 2 1 1 771.177 141.2 0.816825
130 2 1 2 370.012 160.257 0.836356
131 2 1 3 684.158 257.291 0.889543
132 2 2 0 448.704 160.172 0.721601
133 2 2 1 740.346 272.052 0.652438
134 2 2 2 389.868 339.516 0.700913
135 2 2 3 703.872 413.347 0.742466
136 2 3 0 496.325 158.102 0.716301
137 2 3 1 785.253 278.307 0.742874
138 2 3 2 347.769 328.955 0.678057
139 2 3 3 630.959 413.254 0.699305
140 2 4 0 720.715 115.956 0.598966
141 2 4 1 437.503 113.875 0.612564
142 2 5 0 459.961 42.1152 0.896298
143 2 5 1 740.313 132.835 0.688559
144 2 5 2 389.727 175.028 0.746703
145 2 5 3 745.868 257.265 0.807101
146 2 6 0 518.829 33.7331 0.776966
147 2 6 1 347.677 145.571 0.717451
148 2 6 2 796.444 143.38 0.878274
149 2 6 3 625.363 259.283 0.811267
150 2 7 0 451.535 242.471 0.719114
151 2 7 1 734.786 360.585 0.687694
152 2 7 2 395.431 449.218 0.784862
153 2 7 3 684.312 529.309 0.858004
154 2 8 0 493.606 246.77 0.756146
155 2 8 1 773.993 377.377 0.808091
156 2 8 2 373.005 434.365 0.707785
157 2 8 3 608.583 514.546 0.821284
158 2 9 0 401.084 107.595 0.842639
159 2 9 1 726.238 177.2 0.792902
160 2 10 0 748.677 94.9839 0.865551
161 2 10 1 650.611 175.017 0.712868
162 2 11 0 437.618 109.633 0.895782
163 2 11 1 412.182 280.423 0.875467
164 2 11 2 751.409 354.246 0.812746
165 2 12 0 510.434 92.8895 0.735482
166 2 12 1 793.543 225.661 0.904803
167 2 12 2 594.428 364.834 0.901118
168 2 13 0 434.745 318.422 0.763237
169 2 13 1 734.734 421.714 0.717108
170 2 13 2 373.007 569.366 0.796563
171 2 13 3 684.258 636.794 0.774243
172 2 14 0 482.287 328.85 0.92693
173 2 14 1 776.93 463.897 0.854223
174 2 14 2 375.869 516.613 0.591432
175 2 14 3 597.418 609.389 0.793724
176 2 15 0 457.078 162.447 0.852076
177 2 15 1 468.376 227.725 0.802654
178 2 15 2 703.901 350.106 0.308224
179 2 16 0 529.969 145.533 0.808893
180 2 16 1 743.097 265.702 0.57724
181 2 16 2 572.008 329.04 0.579371
182 2 17 0 507.57 343.645 0.714855
183 2 17 1 745.933 487.129 0.775267
184 2 17 2 417.834 520.878 0.559461
185 2 17 3 605.77 603.07 0.492199
186 2 18 0 457.033 343.73 0.407127
187 2 18 1 734.685 428.003 0.252505
188 2 18 2 420.692 569.365 0.688557
189 2 18 3 681.42 638.934 0.448646
190 3 0 0 493.585 318.42 0.704876
191 3 0 1 165.458 331.073 0.603908
192 3 0 2 622.622 358.467 0.688768
193 3 0 3 356.151 375.318 0.590324
194 3 1 0 344.819 179.201 0.881269
195 3 1 1 145.802 191.934 0.734832
196 3 1 2 619.835 189.765 0.815646
197 3 1 3 460.075 196.08 0.871569
198 3 2 0 465.499 324.688 0.709094
199 3 2 1 157.016 333.201 0.6473
200 3 2 2 642.154 356.352 0.670207
201 3 2 3 395.419 373.253 0.616712
202 3 3 0 524.29 314.267 0.720986
203 3 3 1 171.032 328.988 0.502471
204 3 3 2 611.287 360.542 0.693422
205 3 3 3 319.704 377.421 0.58515
206 3 4 0 558.046 139.154 0.685931
207 3 4 1 190.858 158.069 0.916742
208 3 4 2 437.483 174.934 0.41105
209 3 5 0 395.537 177.175 0.785151
210 3 5 1 642.198 183.506 0.74783
211 3 5 2 134.615 193.929 0.809639
212 3 5 3 420.678 204.492 0.664295
213 3 6 0 280.512 183.463 0.840449
214 3 6 1 159.785 191.871 0.629523
215 3 6 2 504.68 191.942 0.864951
216 3 6 3 600.133 191.881 0.845671
217 3 7 0 482.321 428.049 0.80197
218 3 7 1 173.903 457.575 0.786814
219 3 7 2 645.065 466.024 0.815911
220 3 7 3 415.191 518.799 0.804256
221 3 8 0 549.492 415.373 0.864013
222 3 8 1 171.064 451.26 0.717818
223 3 8 2 597.358 482.911 0.806284
224 3 8 3 347.706 525.045 0.822877
225 3 9 0 378.635 99.1542 0.79144
226 3 9 1 148.744 143.347 0.905192
227 3 9 2 417.908 162.369 0.163479
228 3 10 0 308.506 105.437 0.749592
229 3 10 1 586.091 126.645 0.902639
230 3 10 2 456.997 160.225 0.543785
231 3 11 0 129 274.103 0.840292
232 3 11 1 440.289 276.166 0.798041
233 3 11 2 664.726 278.381 0.199707
234 3 12 0 532.821 246.78 0.868156
235 3 12 1 622.527 282.603 0.832495
236 3 12 2 260.766 295.143 0.830498
237 3 13 0 487.934 514.544 0.615676
238 3 13 1 131.84 531.321 0.648469
239 3 13 2 687.121 582.091 0.819555
240 3 13 3 429.106 674.751 0.675977
241 3 14 0 563.678 506.092 0.762642
242 3 14 1 173.931 533.499 0.69221
243 3 14 2 608.508 598.81 0.812854
244 3 14 3 358.939 659.99 0.681264
245 3 15 0 171.173 335.284 0.85141
246 3 16 0 524.36 280.498 0.78335
247 3 16 1 571.994 328.849 0.877212
248 3 16 2 258.045 394.262 0.857886
249 3 17 0 558.064 527.2 0.586485
250 3 17 1 210.365 539.821 0.280682
251 3 17 2 552.41 598.896 0.821126
252 3 17 3 367.374 687.402 0.527242
253 3 18 0 476.765 531.427 0.262599
254 3 18 1 645.03 584.131 0.60569
255 3 18 2 448.703 666.385 0.538092
256 4 0 0 670.229 280.482 0.704185
257 4 0 1 370.257 293.135 0.794405
258 4 0 2 790.829 314.233 0.637686
259 4 0 3 224.297 377.473 0.555054
260 4 1 0 790.776 107.507 0.722576
261 4 1 1 681.515 130.746 0.870161
262 4 1 2 185.021 134.94 0.801682
263 4 1 3 353.351 156.051 0.835101
264 4 2 0 642.231 280.439 0.737058
265 4 2 1 344.975 295.214 0.752797
266 4 2 2 810.414 312.083 0.580115
267 4 2 3 274.831 375.345 0.534443
268 4 3 0 701.039 280.501 0.679225
269 4 3 1 395.527 291.001 0.746219
270 4 3 2 771.248 320.496 0.630899
271 4 3 3 171.174 379.549 0.576211
272 4 4 0 639.25 80.1453 0.90234
273 4 4 1 389.867 115.942 0.774695
274 4 5 0 813.185 101.2 0.658289
275 4 5 1 255.194 126.463 0.828011
276 4 5 2 639.503 130.795 0.883861
277 4 5 3 316.928 160.315 0.818652
278 4 6 0 771.118 109.608 0.753275
279 4 6 1 723.506 130.733 0.744009
280 4 6 2 109.421 143.393 0.824014
281 4 6 3 395.384 145.491 0.867111
282 4 7 0 661.654 400.663 0.758452
283 4 7 1 356.134 415.447 0.719731
284 4 7 2 796.39 459.64 0.797965
285 4 7 3 302.95 541.941 0.77669
286 4 8 0 431.862 390.111 0.746591
287 4 8 1 684.299 406.976 0.812068
288 4 8 2 757.151 465.985 0.801094
289 4 8 3 224.345 554.613 0.707934
290 4 9 0 229.927 42.2625 0.847373
291 4 9 1 347.729 107.599 0.820234
292 4 10 0 731.885 27.4957 0.883136
293 4 10 1 154.289 42.2378 0.212095
294 4 10 2 684.195 75.8098 0.956309
295 4 11 0 639.313 206.625 0.856654
296 4 11 1 302.835 259.29 0.828411
297 4 12 0 437.456 210.834 0.858964
298 4 12 1 751.589 217.163 0.808262
299 4 12 2 101.113 276.271 0.829853
300 4 13 0 681.453 480.869 0.821019
301 4 13 1 367.367 514.595 0.703849
302 4 13 2 818.928 596.731 0.811206
303 4 13 3 255.069 712.706 0.699022
304 4 14 0 426.225 480.83 0.722865
305 4 14 1 684.414 512.349 0.80905
306 4 14 2 771.199 615.815 0.774965
307 4 14 3 246.785 679.012 0.598256
308 4 15 0 731.89 153.93 0.287654
309 4 15 1 616.994 261.498 0.927412
310 4 15 2 347.769 278.351 0.545406
311 4 15 3 350.51 345.805 0.863098
312 4 16 0 709.471 160.248 0.162831
313 4 16 1 479.573 242.512 0.548511
314 4 16 2 698.331 261.525 0.802311
315 4 16 3 723.533 354.228 0.752512
316 4 16 4 117.769 375.296 0.794456
317 4 17 0 457.137 506.1 0.617435
318 4 17 1 642.277 533.487 0.8035
319 4 17 2 703.878 630.433 0.799794
320 4 17 3 316.924 731.749 0.165401
321 4 18 0 639.396 503.942 0.829639
322 4 18 1 373.049 541.93 0.670964
323 4 18 2 790.775 594.599 0.233864
324 4 18 3 322.402 733.77 0.747355
P viewIdx, pafIdx, aOverAllIdx, bOverAllIdx, CandidAIdx, CandidBIdx, score
0 0 4 0 0 0 0
0 0 4 1 0 1 0
0 0 4 2 0 2 0.922037
0 0 4 3 0 3 0
0 0 5 0 1 0 0.983244
0 0 5 1 1 1 0
0 0 5 2 1 2 0
0 0 5 3 1 3 0
0 0 6 0 2 0 0
0 0 6 1 2 1 0
0 0 6 2 2 2 0
0 0 6 3 2 3 0.989612
0 0 7 0 3 0 0
0 0 7 1 3 1 0.986651
0 0 7 2 3 2 0
0 0 7 3 3 3 0
0 1 8 27 0 0 0.988284
0 1 8 28 0 1 0
0 1 8 29 0 2 0
0 1 8 30 0 3 0
0 1 9 27 1 0 0
0 1 9 28 1 1 0.991196
0 1 9 29 1 2 0
0 1 9 30 1 3 0
0 1 10 27 2 0 0
0 1 10 28 2 1 0
0 1 10 29 2 2 0.954885
0 1 10 30 2 3 0
0 1 11 27 3 0 0
0 1 11 28 3 1 0
0 1 11 29 3 2 0
0 1 11 30 3 3 0.973641
0 2 27 47 0 0 0.997395
0 2 27 48 0 1 0
0 2 27 49 0 2 0
0 2 28 47 1 0 0
0 2 28 48 1 1 0.989961
0 2 28 49 1 2 0
0 2 29 47 2 0 0
0 2 29 48 2 1 0
0 2 29 49 2 2 0.963836
0 2 30 47 3 0 0
0 2 30 48 3 1 0
0 2 30 49 3 2 0
0 3 0 8 0 0 0.9153
0 3 0 9 0 1 0
0 3 0 10 0 2 0
0 3 0 11 0 3 0
0 3 1 8 1 0 0
0 3 1 9 1 1 0.927724
0 3 1 10 1 2 0
0 3 1 11 1 3 0
0 3 2 8 2 0 0
0 3 2 9 2 1 0
0 3 2 10 2 2 0.88098
0 3 2 11 2 3 0
0 3 3 8 3 0 0
0 3 3 9 3 1 0
0 3 3 10 3 2 0
0 3 3 11 3 3 0.860117
0 4 0 12 0 0 0.917388
0 4 0 13 0 1 0
0 4 0 14 0 2 0
0 4 0 15 0 3 0
0 4 1 12 1 0 0
0 4 1 13 1 1 0.922714
0 4 1 14 1 2 0
0 4 1 15 1 3 0
0 4 2 12 2 0 0
0 4 2 13 2 1 0
0 4 2 14 2 2 0.880725
0 4 2 15 2 3 0
0 4 3 12 3 0 0
0 4 3 13 3 1 0
0 4 3 14 3 2 0
0 4 3 15 3 3 0.857709
0 5 12 31 0 0 0.977841
0 5 12 32 0 1 0
0 5 12 33 0 2 0
0 5 12 34 0 3 0
0 5 13 31 1 0 0
0 5 13 32 1 1 0.989473
0 5 13 33 1 2 0
0 5 13 34 1 3 0
0 5 14 31 2 0 0
0 5 14 32 2 1 0
0 5 14 33 2 2 0.961247
0 5 14 34 2 3 0
0 5 15 31 3 0 0
0 5 15 32 3 1 0
0 5 15 33 3 2 0
0 5 15 34 3 3 0.950022
0 6 31 50 0 0 0.987751
0 6 31 51 0 1 0
0 6 31 52 0 2 0
0 6 32 50 1 0 0
0 6 32 51 1 1 0.997754
0 6 32 52 1 2 0
0 6 33 50 2 0 0
0 6 33 51 2 1 0
0 6 33 52 2 2 0.989474
0 6 34 50 3 0 0
0 6 34 51 3 1 0
0 6 34 52 3 2 0
0 7 4 19 0 0 0.915208
0 7 4 20 0 1 0
0 7 4 21 0 2 0
0 7 4 22 0 3 0
0 7 5 19 1 0 0
0 7 5 20 1 1 0.985373
0 7 5 21 1 2 0
0 7 5 22 1 3 0
0 7 6 19 2 0 0
0 7 6 20 2 1 0
0 7 6 21 2 2 0
0 7 6 22 2 3 0.997112
0 7 7 19 3 0 0
0 7 7 20 3 1 0
0 7 7 21 3 2 0.998044
0 7 7 22 3 3 0
0 8 19 41 0 0 0
0 8 19 42 0 1 0
0 8 19 43 0 2 0.984674
0 8 19 44 0 3 0
0 8 20 41 1 0 0.979144
0 8 20 42 1 1 0
0 8 20 43 1 2 0
0 8 20 44 1 3 0
0 8 21 41 2 0 0
0 8 21 42 2 1 0.286952
0 8 21 43 2 2 0
0 8 21 44 2 3 0.253973
0 8 22 41 3 0 0
0 8 22 42 3 1 0.253227
0 8 22 43 3 2 0
0 8 22 44 3 3 0.28735
0 9 41 53 0 0 0.978137
0 9 41 54 0 1 0
0 9 41 55 0 2 0
0 9 42 53 1 0 0
0 9 42 54 1 1 0.55362
0 9 42 55 1 2 0
0 9 43 53 2 0 0
0 9 43 54 2 1 0
0 9 43 55 2 2 0.993803
0 9 44 53 3 0 0
0 9 44 54 3 1 0.44638
0 9 44 55 3 2 0
0 10 19 35 0 0 0.987315
0 10 19 36 0 1 0
0 10 19 37 0 2 0
0 10 20 35 1 0 0
0 10 20 36 1 1 0.968483
0 10 20 37 1 2 0
0 10 21 35 2 0 0
0 10 21 36 2 1 0
0 10 21 37 2 2 0
0 10 22 35 3 0 0
0 10 22 36 3 1 0
0 10 22 37 3 2 0.997754
0 11 4 23 0 0 0.915382
0 11 4 24 0 1 0
0 11 4 25 0 2 0
0 11 4 26 0 3 0
0 11 5 23 1 0 0
0 11 5 24 1 1 0
0 11 5 25 1 2 0.98306
0 11 5 26 1 3 0
0 11 6 23 2 0 0
0 11 6 24 2 1 0.988177
0 11 6 25 2 2 0
0 11 6 26 2 3 0
0 11 7 23 3 0 0
0 11 7 24 3 1 0
0 11 7 25 3 2 0
0 11 7 26 3 3 0.99775
0 12 23 45 0 0 0
0 12 23 46 0 1 0
0 12 24 45 1 0 0
0 12 24 46 1 1 0.96048
0 12 25 45 2 0 0
0 12 25 46 2 1 0
0 12 26 45 3 0 0.992799
0 12 26 46 3 1 0
0 13 45 56 0 0 0
0 13 45 57 0 1 0.997773
0 13 46 56 1 0 0.950419
0 13 46 57 1 1 0
0 14 23 38 0 0 0
0 14 23 39 0 1 0
0 14 23 40 0 2 0
0 14 24 38 1 0 0
0 14 24 39 1 1 0.965665
0 14 24 40 1 2 0
0 14 25 38 2 0 0.868944
0 14 25 39 2 1 0
0 14 25 40 2 2 0
0 14 26 38 3 0 0
0 14 26 39 3 1 0
0 14 26 40 3 2 0.989205
0 15 4 16 0 0 0.934306
0 15 4 17 0 1 0
0 15 4 18 0 2 0
0 15 5 16 1 0 0
0 15 5 17 1 1 0.996371
0 15 5 18 1 2 0
0 15 6 16 2 0 0
0 15 6 17 2 1 0
0 15 6 18 2 2 0
0 15 7 16 3 0 0
0 15 7 17 3 1 0
0 15 7 18 3 2 0.991065
0 16 50 58 0 0 0.933704
0 16 50 59 0 1 0
0 16 50 60 0 2 0
0 16 51 58 1 0 0
0 16 51 59 1 1 0.995076
0 16 51 60 1 2 0
0 16 52 58 2 0 0
0 16 52 59 2 1 0
0 16 52 60 2 2 0.981647
0 17 47 61 0 0 0.964861
0 17 47 62 0 1 0
0 17 47 63 0 2 0
0 17 48 61 1 0 0
0 17 48 62 1 1 0.981664
0 17 48 63 1 2 0
0 17 49 61 2 0 0
0 17 49 62 2 1 0
0 17 49 63 2 2 0.889264
1 0 68 64 0 0 0
1 0 68 65 0 1 0.946202
1 0 68 66 0 2 0
1 0 68 67 0 3 0
1 0 69 64 1 0 0
1 0 69 65 1 1 0
1 0 69 66 1 2 0
1 0 69 67 1 3 0.997414
1 0 70 64 2 0 0
1 0 70 65 2 1 0
1 0 70 66 2 2 0.956524
1 0 70 67 2 3 0
1 0 71 64 3 0 0.825338
1 0 71 65 3 1 0
1 0 71 66 3 2 0
1 0 71 67 3 3 0
1 1 72 89 0 0 0
1 1 72 90 0 1 0
1 1 72 91 0 2 0
1 1 73 89 1 0 0.994873
1 1 73 90 1 1 0
1 1 73 91 1 2 0
1 1 74 89 2 0 0
1 1 74 90 2 1 0.950182
1 1 74 91 2 2 0
1 1 75 89 3 0 0
1 1 75 90 3 1 0
1 1 75 91 3 2 0.971528
1 2 89 107 0 0 0.99408
1 2 89 108 0 1 0
1 2 89 109 0 2 0
1 2 90 107 1 0 0
1 2 90 108 1 1 0.952805
1 2 90 109 1 2 0
1 2 91 107 2 0 0
1 2 91 108 2 1 0
1 2 91 109 2 2 0.971806
1 3 64 72 0 0 0.684255
1 3 64 73 0 1 0
1 3 64 74 0 2 0
1 3 64 75 0 3 0
1 3 65 72 1 0 0
1 3 65 73 1 1 0.941105
1 3 65 74 1 2 0
1 3 65 75 1 3 0
1 3 66 72 2 0 0
1 3 66 73 2 1 0
1 3 66 74 2 2 0.737188
1 3 66 75 2 3 0
1 3 67 72 3 0 0
1 3 67 73 3 1 0
1 3 67 74 3 2 0
1 3 67 75 3 3 0.927519
1 4 64 76 0 0 0.684255
1 4 64 77 0 1 0
1 4 64 78 0 2 0
1 4 65 76 1 0 0
1 4 65 77 1 1 0.919668
1 4 65 78 1 2 0
1 4 66 76 2 0 0
1 4 66 77 2 1 0
1 4 66 78 2 2 0.73158
1 4 67 76 3 0 0
1 4 67 77 3 1 0
1 4 67 78 3 2 0
1 5 76 92 0 0 0
1 5 76 93 0 1 0
1 5 76 94 0 2 0
1 5 77 92 1 0 0.505903
1 5 77 93 1 1 0
1 5 77 94 1 2 0.494097
1 5 78 92 2 0 0
1 5 78 93 2 1 0.963092
1 5 78 94 2 2 0
1 6 92 110 0 0 0.284826
1 6 92 111 0 1 0
1 6 92 112 0 2 0.253062
1 6 93 110 1 0 0
1 6 93 111 1 1 0.98285
1 6 93 112 1 2 0
1 6 94 110 2 0 0.252918
1 6 94 111 2 1 0
1 6 94 112 2 2 0.285156
1 7 68 82 0 0 0.968378
1 7 68 83 0 1 0
1 7 68 84 0 2 0
1 7 68 85 0 3 0
1 7 69 82 1 0 0
1 7 69 83 1 1 0.995667
1 7 69 84 1 2 0
1 7 69 85 1 3 0
1 7 70 82 2 0 0
1 7 70 83 2 1 0
1 7 70 84 2 2 0.544738
1 7 70 85 2 3 0
1 7 71 82 3 0 0
1 7 71 83 3 1 0
1 7 71 84 3 2 0.455262
1 7 71 85 3 3 0
1 8 82 100 0 0 0
1 8 82 101 0 1 0.964071
1 8 82 102 0 2 0
1 8 82 103 0 3 0
1 8 83 100 1 0 0
1 8 83 101 1 1 0
1 8 83 102 1 2 0.999074
1 8 83 103 1 3 0
1 8 84 100 2 0 0
1 8 84 101 2 1 0
1 8 84 102 2 2 0
1 8 84 103 2 3 0.965025
1 8 85 100 3 0 0.812477
1 8 85 101 3 1 0
1 8 85 102 3 2 0
1 8 85 103 3 3 0
1 9 100 113 0 0 0.837505
1 9 100 114 0 1 0
1 9 100 115 0 2 0
1 9 101 113 1 0 0
1 9 101 114 1 1 0
1 9 101 115 1 2 0
1 9 102 113 2 0 0
1 9 102 114 2 1 0
1 9 102 115 2 2 0.991554
1 9 103 113 3 0 0
1 9 103 114 3 1 0.928533
1 9 103 115 3 2 0
1 10 82 95 0 0 0
1 10 82 96 0 1 0.990898
1 10 82 97 0 2 0
1 10 83 95 1 0 0.999964
1 10 83 96 1 1 0
1 10 83 97 1 2 0
1 10 84 95 2 0 0
1 10 84 96 2 1 0
1 10 84 97 2 2 0
1 10 85 95 3 0 0
1 10 85 96 3 1 0
1 10 85 97 3 2 0.742794
1 11 68 86 0 0 0
1 11 68 87 0 1 0
1 11 68 88 0 2 0
1 11 69 86 1 0 0.895679
1 11 69 87 1 1 0
1 11 69 88 1 2 0
1 11 70 86 2 0 0
1 11 70 87 2 1 0
1 11 70 88 2 2 0.832194
1 11 71 86 3 0 0
1 11 71 87 3 1 0.70976
1 11 71 88 3 2 0
1 12 86 104 0 0 0
1 12 86 105 0 1 0.961605
1 12 86 106 0 2 0
1 12 87 104 1 0 0.774525
1 12 87 105 1 1 0
1 12 87 106 1 2 0
1 12 88 104 2 0 0
1 12 88 105 2 1 0
1 12 88 106 2 2 0.972497
1 13 104 116 0 0 0.422992
1 13 104 117 0 1 0
1 13 105 116 1 0 0
1 13 105 117 1 1 0.978116
1 13 106 116 2 0 0.577008
1 13 106 117 2 1 0
1 14 86 98 0 0 0
1 14 86 99 0 1 0
1 14 87 98 1 0 0
1 14 87 99 1 1 0.705818
1 14 88 98 2 0 0.98793
1 14 88 99 2 1 0
1 15 68 79 0 0 0
1 15 68 80 0 1 0.546178
1 15 68 81 0 2 0
1 15 69 79 1 0 0.502209
1 15 69 80 1 1 0.30018
1 15 69 81 1 2 0
1 15 70 79 2 0 0
1 15 70 80 2 1 0
1 15 70 81 2 2 0.946237
1 15 71 79 3 0 0
1 15 71 80 3 1 0
1 15 71 81 3 2 0
1 16 110 118 0 0 0.969097
1 16 110 119 0 1 0
1 16 110 120 0 2 0
1 16 111 118 1 0 0
1 16 111 119 1 1 0
1 16 111 120 1 2 0.934506
1 16 112 118 2 0 0
1 16 112 119 2 1 0
1 16 112 120 2 2 0
1 17 107 121 0 0 0.994928
1 17 107 122 0 1 0
1 17 107 123 0 2 0
1 17 108 121 1 0 0
1 17 108 122 1 1 0.863132
1 17 108 123 1 2 0
1 17 109 121 2 0 0
1 17 109 122 2 1 0
1 17 109 123 2 2 0.942811
2 0 128 124 0 0 0.969304
2 0 128 125 0 1 0
2 0 128 126 0 2 0
2 0 128 127 0 3 0
2 0 129 124 1 0 0
2 0 129 125 1 1 0.969626
2 0 129 126 1 2 0
2 0 129 127 1 3 0
2 0 130 124 2 0 0
2 0 130 125 2 1 0
2 0 130 126 2 2 0.991649
2 0 130 127 2 3 0
2 0 131 124 3 0 0
2 0 131 125 3 1 0
2 0 131 126 3 2 0
2 0 131 127 3 3 0.976476
2 1 132 150 0 0 0.511564
2 1 132 151 0 1 0
2 1 132 152 0 2 0.256539
2 1 132 153 0 3 0
2 1 133 150 1 0 0
2 1 133 151 1 1 0.496577
2 1 133 152 1 2 0
2 1 133 153 1 3 0.263254
2 1 134 150 2 0 0
2 1 134 151 2 1 0
2 1 134 152 2 2 0.519584
2 1 134 153 2 3 0
2 1 135 150 3 0 0
2 1 135 151 3 1 0
2 1 135 152 3 2 0
2 1 135 153 3 3 0.51409
2 2 150 168 0 0 0.936926
2 2 150 169 0 1 0
2 2 150 170 0 2 0
2 2 150 171 0 3 0
2 2 151 168 1 0 0
2 2 151 169 1 1 0.955076
2 2 151 170 1 2 0
2 2 151 171 1 3 0
2 2 152 168 2 0 0
2 2 152 169 2 1 0
2 2 152 170 2 2 0.968372
2 2 152 171 2 3 0
2 2 153 168 3 0 0
2 2 153 169 3 1 0
2 2 153 170 3 2 0
2 2 153 171 3 3 0.997304
2 3 124 132 0 0 0.953191
2 3 124 133 0 1 0
2 3 124 134 0 2 0
2 3 124 135 0 3 0
2 3 125 132 1 0 0
2 3 125 133 1 1 0.947406
2 3 125 134 1 2 0
2 3 125 135 1 3 0
2 3 126 132 2 0 0
2 3 126 133 2 1 0
2 3 126 134 2 2 0.932677
2 3 126 135 2 3 0
2 3 127 132 3 0 0
2 3 127 133 3 1 0
2 3 127 134 3 2 0
2 3 127 135 3 3 0.947929
2 4 124 136 0 0 0.958789
2 4 124 137 0 1 0
2 4 124 138 0 2 0
2 4 124 139 0 3 0
2 4 125 136 1 0 0
2 4 125 137 1 1 0.969358
2 4 125 138 1 2 0
2 4 125 139 1 3 0
2 4 126 136 2 0 0
2 4 126 137 2 1 0
2 4 126 138 2 2 0.938066
2 4 126 139 2 3 0
2 4 127 136 3 0 0
2 4 127 137 3 1 0
2 4 127 138 3 2 0
2 4 127 139 3 3 0.946479
2 5 136 154 0 0 0.967041
2 5 136 155 0 1 0
2 5 136 156 0 2 0
2 5 136 157 0 3 0
2 5 137 154 1 0 0
2 5 137 155 1 1 0.990392
2 5 137 156 1 2 0
2 5 137 157 1 3 0
2 5 138 154 2 0 0
2 5 138 155 2 1 0
2 5 138 156 2 2 0.970473
2 5 138 157 2 3 0
2 5 139 154 3 0 0
2 5 139 155 3 1 0
2 5 139 156 3 2 0
2 5 139 157 3 3 0.97758
2 6 154 172 0 0 0.99838
2 6 154 173 0 1 0
2 6 154 174 0 2 0
2 6 154 175 0 3 0
2 6 155 172 1 0 0
2 6 155 173 1 1 0.99997
2 6 155 174 1 2 0
2 6 155 175 1 3 0
2 6 156 172 2 0 0
2 6 156 173 2 1 0
2 6 156 174 2 2 0.98138
2 6 156 175 2 3 0
2 6 157 172 3 0 0
2 6 157 173 3 1 0
2 6 157 174 3 2 0
2 6 157 175 3 3 0.979961
2 7 128 142 0 0 0.990074
2 7 128 143 0 1 0
2 7 128 144 0 2 0
2 7 128 145 0 3 0
2 7 129 142 1 0 0
2 7 129 143 1 1 0.975329
2 7 129 144 1 2 0
2 7 129 145 1 3 0
2 7 130 142 2 0 0
2 7 130 143 2 1 0
2 7 130 144 2 2 0.979351
2 7 130 145 2 3 0
2 7 131 142 3 0 0
2 7 131 143 3 1 0
2 7 131 144 3 2 0
2 7 131 145 3 3 0.983751
2 8 142 162 0 0 0.976652
2 8 142 163 0 1 0
2 8 142 164 0 2 0
2 8 143 162 1 0 0
2 8 143 163 1 1 0
2 8 143 164 1 2 0.477097
2 8 144 162 2 0 0
2 8 144 163 2 1 0.999114
2 8 144 164 2 2 0
2 8 145 162 3 0 0
2 8 145 163 3 1 0
2 8 145 164 3 2 0.522903
2 9 162 176 0 0 0.987101
2 9 162 177 0 1 0
2 9 162 178 0 2 0
2 9 163 176 1 0 0
2 9 163 177 1 1 0.956802
2 9 163 178 1 2 0
2 9 164 176 2 0 0
2 9 164 177 2 1 0
2 9 164 178 2 2 0.882674
2 10 142 158 0 0 0
2 10 142 159 0 1 0
2 10 143 158 1 0 0
2 10 143 159 1 1 0
2 10 144 158 2 0 0.991498
2 10 144 159 2 1 0
2 10 145 158 3 0 0
2 10 145 159 3 1 0.998028
2 11 128 146 0 0 0.982997
2 11 128 147 0 1 0
2 11 128 148 0 2 0
2 11 128 149 0 3 0
2 11 129 146 1 0 0
2 11 129 147 1 1 0
2 11 129 148 1 2 0.988321
2 11 129 149 1 3 0
2 11 130 146 2 0 0
2 11 130 147 2 1 0.970609
2 11 130 148 2 2 0
2 11 130 149 2 3 0
2 11 131 146 3 0 0
2 11 131 147 3 1 0
2 11 131 148 3 2 0
2 11 131 149 3 3 0.993467
2 12 146 165 0 0 0.965693
2 12 146 166 0 1 0
2 12 146 167 0 2 0
2 12 147 165 1 0 0
2 12 147 166 1 1 0
2 12 147 167 1 2 0
2 12 148 165 2 0 0
2 12 148 166 2 1 0.990649
2 12 148 167 2 2 0
2 12 149 165 3 0 0
2 12 149 166 3 1 0
2 12 149 167 3 2 0.976841
2 13 165 179 0 0 0.970804
2 13 165 180 0 1 0
2 13 165 181 0 2 0
2 13 166 179 1 0 0
2 13 166 180 1 1 0.948813
2 13 166 181 1 2 0
2 13 167 179 2 0 0
2 13 167 180 2 1 0
2 13 167 181 2 2 0.893075
2 14 146 160 0 0 0
2 14 146 161 0 1 0
2 14 147 160 1 0 0
2 14 147 161 1 1 0
2 14 148 160 2 0 0.995546
2 14 148 161 2 1 0
2 14 149 160 3 0 0
2 14 149 161 3 1 0.972454
2 15 128 140 0 0 0
2 15 128 141 0 1 0
2 15 129 140 1 0 0.958581
2 15 129 141 1 1 0
2 15 130 140 2 0 0
2 15 130 141 2 1 0.944542
2 15 131 140 3 0 0
2 15 131 141 3 1 0
2 16 172 182 0 0 0.995942
2 16 172 183 0 1 0
2 16 172 184 0 2 0
2 16 172 185 0 3 0
2 16 173 182 1 0 0
2 16 173 183 1 1 0.96575
2 16 173 184 1 2 0
2 16 173 185 1 3 0
2 16 174 182 2 0 0
2 16 174 183 2 1 0
2 16 174 184 2 2 0.832215
2 16 174 185 2 3 0
2 16 175 182 3 0 0
2 16 175 183 3 1 0
2 16 175 184 3 2 0
2 16 175 185 3 3 0.724864
2 17 168 186 0 0 0.917743
2 17 168 187 0 1 0
2 17 168 188 0 2 0
2 17 168 189 0 3 0
2 17 169 186 1 0 0
2 17 169 187 1 1 0.76193
2 17 169 188 1 2 0
2 17 169 189 1 3 0
2 17 170 186 2 0 0
2 17 170 187 2 1 0
2 17 170 188 2 2 0.924088
2 17 170 189 2 3 0
2 17 171 186 3 0 0
2 17 171 187 3 1 0
2 17 171 188 3 2 0
2 17 171 189 3 3 0.675405
3 0 194 190 0 0 0
3 0 194 191 0 1 0
3 0 194 192 0 2 0
3 0 194 193 0 3 0.991052
3 0 195 190 1 0 0
3 0 195 191 1 1 0.923226
3 0 195 192 1 2 0
3 0 195 193 1 3 0
3 0 196 190 2 0 0
3 0 196 191 2 1 0
3 0 196 192 2 2 0.957387
3 0 196 193 2 3 0
3 0 197 190 3 0 0.979072
3 0 197 191 3 1 0
3 0 197 192 3 2 0
3 0 197 193 3 3 0
3 1 198 217 0 0 0.973252
3 1 198 218 0 1 0
3 1 198 219 0 2 0
3 1 198 220 0 3 0
3 1 199 217 1 0 0
3 1 199 218 1 1 0.976113
3 1 199 219 1 2 0
3 1 199 220 1 3 0
3 1 200 217 2 0 0
3 1 200 218 2 1 0
3 1 200 219 2 2 0.992082
3 1 200 220 2 3 0
3 1 201 217 3 0 0
3 1 201 218 3 1 0
3 1 201 219 3 2 0
3 1 201 220 3 3 0.971825
3 2 217 237 0 0 0.520589
3 2 217 238 0 1 0
3 2 217 239 0 2 0
3 2 217 240 0 3 0.254167
3 2 218 237 1 0 0
3 2 218 238 1 1 0.947502
3 2 218 239 1 2 0
3 2 218 240 1 3 0
3 2 219 237 2 0 0
3 2 219 238 2 1 0
3 2 219 239 2 2 0.984153
3 2 219 240 2 3 0
3 2 220 237 3 0 0
3 2 220 238 3 1 0
3 2 220 239 3 2 0
3 2 220 240 3 3 0.526952
3 3 190 198 0 0 0.939522
3 3 190 199 0 1 0
3 3 190 200 0 2 0
3 3 190 201 0 3 0
3 3 191 198 1 0 0
3 3 191 199 1 1 0.836073
3 3 191 200 1 2 0
3 3 191 201 1 3 0
3 3 192 198 2 0 0
3 3 192 199 2 1 0
3 3 192 200 2 2 0.923996
3 3 192 201 2 3 0
3 3 193 198 3 0 0
3 3 193 199 3 1 0
3 3 193 200 3 2 0
3 3 193 201 3 3 0.893744
3 4 190 202 0 0 0.923721
3 4 190 203 0 1 0
3 4 190 204 0 2 0
3 4 190 205 0 3 0
3 4 191 202 1 0 0
3 4 191 203 1 1 0.826895
3 4 191 204 1 2 0
3 4 191 205 1 3 0
3 4 192 202 2 0 0
3 4 192 203 2 1 0
3 4 192 204 2 2 0.924758
3 4 192 205 2 3 0
3 4 193 202 3 0 0
3 4 193 203 3 1 0
3 4 193 204 3 2 0
3 4 193 205 3 3 0.896821
3 5 202 221 0 0 0.282468
3 5 202 222 0 1 0
3 5 202 223 0 2 0.251412
3 5 202 224 0 3 0
3 5 203 221 1 0 0
3 5 203 222 1 1 0.915063
3 5 203 223 1 2 0
3 5 203 224 1 3 0
3 5 204 221 2 0 0.249553
3 5 204 222 2 1 0
3 5 204 223 2 2 0.282705
3 5 204 224 2 3 0
3 5 205 221 3 0 0
3 5 205 222 3 1 0
3 5 205 223 3 2 0
3 5 205 224 3 3 0.987409
3 6 221 241 0 0 0.266106
3 6 221 242 0 1 0
3 6 221 243 0 2 0.250685
3 6 221 244 0 3 0
3 6 222 241 1 0 0
3 6 222 242 1 1 0.971017
3 6 222 243 1 2 0
3 6 222 244 1 3 0
3 6 223 241 2 0 0.24994
3 6 223 242 2 1 0
3 6 223 243 2 2 0.266012
3 6 223 244 2 3 0
3 6 224 241 3 0 0
3 6 224 242 3 1 0
3 6 224 243 3 2 0
3 6 224 244 3 3 0.99626
3 7 194 209 0 0 0.989613
3 7 194 210 0 1 0
3 7 194 211 0 2 0
3 7 194 212 0 3 0
3 7 195 209 1 0 0
3 7 195 210 1 1 0
3 7 195 211 1 2 0.946307
3 7 195 212 1 3 0
3 7 196 209 2 0 0
3 7 196 210 2 1 0.955526
3 7 196 211 2 2 0
3 7 196 212 2 3 0
3 7 197 209 3 0 0
3 7 197 210 3 1 0
3 7 197 211 3 2 0
3 7 197 212 3 3 0.934785
3 8 209 231 0 0 0
3 8 209 232 0 1 0.494981
3 8 209 233 0 2 0
3 8 210 231 1 0 0
3 8 210 232 1 1 0
3 8 210 233 1 2 0.732511
3 8 211 231 2 0 0.977683
3 8 211 232 2 1 0
3 8 211 233 2 2 0
3 8 212 231 3 0 0
3 8 212 232 3 1 0.505019
3 8 212 233 3 2 0
3 9 231 245 0 0 0.998501
3 9 232 245 1 0 0
3 9 233 245 2 0 0
3 10 209 225 0 0 0.27685
3 10 209 226 0 1 0
3 10 209 227 0 2 0.264581
3 10 210 225 1 0 0
3 10 210 226 1 1 0
3 10 210 227 1 2 0
3 10 211 225 2 0 0
3 10 211 226 2 1 0.975803
3 10 211 227 2 2 0
3 10 212 225 3 0 0.265442
3 10 212 226 3 1 0
3 10 212 227 3 2 0.277261
3 11 194 213 0 0 0.976785
3 11 194 214 0 1 0
3 11 194 215 0 2 0
3 11 194 216 0 3 0
3 11 195 213 1 0 0
3 11 195 214 1 1 0.925244
3 11 195 215 1 2 0
3 11 195 216 1 3 0
3 11 196 213 2 0 0
3 11 196 214 2 1 0
3 11 196 215 2 2 0
3 11 196 216 2 3 0.982834
3 11 197 213 3 0 0
3 11 197 214 3 1 0
3 11 197 215 3 2 0.973584
3 11 197 216 3 3 0
3 12 213 234 0 0 0
3 12 213 235 0 1 0
3 12 213 236 0 2 0.970667
3 12 214 234 1 0 0
3 12 214 235 1 1 0
3 12 214 236 1 2 0
3 12 215 234 2 0 0.998991
3 12 215 235 2 1 0
3 12 215 236 2 2 0
3 12 216 234 3 0 0
3 12 216 235 3 1 0.983469
3 12 216 236 3 2 0
3 13 234 246 0 0 0.528043
3 13 234 247 0 1 0.260283
3 13 234 248 0 2 0
3 13 235 246 1 0 0
3 13 235 247 1 1 0.523601
3 13 235 248 1 2 0
3 13 236 246 2 0 0
3 13 236 247 2 1 0
3 13 236 248 2 2 0.998632
3 14 213 228 0 0 0.945976
3 14 213 229 0 1 0
3 14 213 230 0 2 0
3 14 214 228 1 0 0
3 14 214 229 1 1 0
3 14 214 230 1 2 0
3 14 215 228 2 0 0
3 14 215 229 2 1 0
3 14 215 230 2 2 0.908567
3 14 216 228 3 0 0
3 14 216 229 3 1 0.995918
3 14 216 230 3 2 0
3 15 194 206 0 0 0
3 15 194 207 0 1 0
3 15 194 208 0 2 0
3 15 195 206 1 0 0
3 15 195 207 1 1 0.937527
3 15 195 208 1 2 0
3 15 196 206 2 0 0.976352
3 15 196 207 2 1 0
3 15 196 208 2 2 0
3 15 197 206 3 0 0
3 15 197 207 3 1 0
3 15 197 208 3 2 0.876428
3 16 241 249 0 0 0.873074
3 16 241 250 0 1 0
3 16 241 251 0 2 0
3 16 241 252 0 3 0
3 16 242 249 1 0 0
3 16 242 250 1 1 0.816854
3 16 242 251 1 2 0
3 16 242 252 1 3 0
3 16 243 249 2 0 0
3 16 243 250 2 1 0
3 16 243 251 2 2 0.995897
3 16 243 252 2 3 0
3 16 244 249 3 0 0
3 16 244 250 3 1 0
3 16 244 251 3 2 0
3 16 244 252 3 3 0.862993
3 17 237 253 0 0 0.82971
3 17 237 254 0 1 0
3 17 237 255 0 2 0
3 17 238 253 1 0 0
3 17 238 254 1 1 0
3 17 238 255 1 2 0
3 17 239 253 2 0 0
3 17 239 254 2 1 0.89938
3 17 239 255 2 2 0
3 17 240 253 3 0 0
3 17 240 254 3 1 0
3 17 240 255 3 2 0.696962
4 0 260 256 0 0 0
4 0 260 257 0 1 0
4 0 260 258 0 2 0.969044
4 0 260 259 0 3 0
4 0 261 256 1 0 0.969636
4 0 261 257 1 1 0
4 0 261 258 1 2 0
4 0 261 259 1 3 0
4 0 262 256 2 0 0
4 0 262 257 2 1 0
4 0 262 258 2 2 0
4 0 262 259 2 3 0.995119
4 0 263 256 3 0 0
4 0 263 257 3 1 0.975679
4 0 263 258 3 2 0
4 0 263 259 3 3 0
4 1 264 282 0 0 0.981912
4 1 264 283 0 1 0
4 1 264 284 0 2 0
4 1 264 285 0 3 0
4 1 265 282 1 0 0
4 1 265 283 1 1 0.291181
4 1 265 284 1 2 0
4 1 265 285 1 3 0.253307
4 1 266 282 2 0 0
4 1 266 283 2 1 0
4 1 266 284 2 2 0.978647
4 1 266 285 2 3 0
4 1 267 282 3 0 0
4 1 267 283 3 1 0.252276
4 1 267 284 3 2 0
4 1 267 285 3 3 0.291124
4 2 282 300 0 0 0.996658
4 2 282 301 0 1 0
4 2 282 302 0 2 0
4 2 282 303 0 3 0
4 2 283 300 1 0 0
4 2 283 301 1 1 0.511927
4 2 283 302 1 2 0
4 2 283 303 1 3 0.254812
4 2 284 300 2 0 0
4 2 284 301 2 1 0
4 2 284 302 2 2 0.98594
4 2 284 303 2 3 0
4 2 285 300 3 0 0
4 2 285 301 3 1 0
4 2 285 302 3 2 0
4 2 285 303 3 3 0.511087
4 3 256 264 0 0 0.929408
4 3 256 265 0 1 0
4 3 256 266 0 2 0
4 3 256 267 0 3 0
4 3 257 264 1 0 0
4 3 257 265 1 1 0.957818
4 3 257 266 1 2 0
4 3 257 267 1 3 0
4 3 258 264 2 0 0
4 3 258 265 2 1 0
4 3 258 266 2 2 0.873199
4 3 258 267 2 3 0
4 3 259 264 3 0 0
4 3 259 265 3 1 0
4 3 259 266 3 2 0
4 3 259 267 3 3 0.875717
4 4 256 268 0 0 0.927343
4 4 256 269 0 1 0
4 4 256 270 0 2 0
4 4 256 271 0 3 0
4 4 257 268 1 0 0
4 4 257 269 1 1 0.955326
4 4 257 270 1 2 0
4 4 257 271 1 3 0
4 4 258 268 2 0 0
4 4 258 269 2 1 0
4 4 258 270 2 2 0.880336
4 4 258 271 2 3 0
4 4 259 268 3 0 0
4 4 259 269 3 1 0
4 4 259 270 3 2 0
4 4 259 271 3 3 0.867178
4 5 268 286 0 0 0
4 5 268 287 0 1 0.288942
4 5 268 288 0 2 0.257574
4 5 268 289 0 3 0
4 5 269 286 1 0 0.99492
4 5 269 287 1 1 0
4 5 269 288 1 2 0
4 5 269 289 1 3 0
4 5 270 286 2 0 0
4 5 270 287 2 1 0.257133
4 5 270 288 2 2 0.28938
4 5 270 289 2 3 0
4 5 271 286 3 0 0
4 5 271 287 3 1 0
4 5 271 288 3 2 0
4 5 271 289 3 3 0.985283
4 6 286 304 0 0 0.966723
4 6 286 305 0 1 0
4 6 286 306 0 2 0
4 6 286 307 0 3 0
4 6 287 304 1 0 0
4 6 287 305 1 1 0.525183
4 6 287 306 1 2 0.252578
4 6 287 307 1 3 0
4 6 288 304 2 0 0
4 6 288 305 2 1 0
4 6 288 306 2 2 0.524584
4 6 288 307 2 3 0
4 6 289 304 3 0 0
4 6 289 305 3 1 0
4 6 289 306 3 2 0
4 6 289 307 3 3 0.98506
4 7 260 274 0 0 0.947152
4 7 260 275 0 1 0
4 7 260 276 0 2 0
4 7 260 277 0 3 0
4 7 261 274 1 0 0
4 7 261 275 1 1 0
4 7 261 276 1 2 0.992538
4 7 261 277 1 3 0
4 7 262 274 2 0 0
4 7 262 275 2 1 0.98741
4 7 262 276 2 2 0
4 7 262 277 2 3 0
4 7 263 274 3 0 0
4 7 263 275 3 1 0
4 7 263 276 3 2 0
4 7 263 277 3 3 0.981439
4 8 274 295 0 0 0
4 8 274 296 0 1 0
4 8 275 295 1 0 0
4 8 275 296 1 1 0.50143
4 8 276 295 2 0 0.996047
4 8 276 296 2 1 0
4 8 277 295 3 0 0
4 8 277 296 3 1 0.49857
4 9 295 308 0 0 0
4 9 295 309 0 1 0.989146
4 9 295 310 0 2 0
4 9 295 311 0 3 0
4 9 296 308 1 0 0
4 9 296 309 1 1 0
4 9 296 310 1 2 0.484862
4 9 296 311 1 3 0.515138
4 10 274 290 0 0 0
4 10 274 291 0 1 0
4 10 275 290 1 0 0.995728
4 10 275 291 1 1 0
4 10 276 290 2 0 0
4 10 276 291 2 1 0
4 10 277 290 3 0 0
4 10 277 291 3 1 0.955971
4 11 260 278 0 0 0.964016
4 11 260 279 0 1 0
4 11 260 280 0 2 0
4 11 260 281 0 3 0
4 11 261 278 1 0 0
4 11 261 279 1 1 0.981848
4 11 261 280 1 2 0
4 11 261 281 1 3 0
4 11 262 278 2 0 0
4 11 262 279 2 1 0
4 11 262 280 2 2 0.979666
4 11 262 281 2 3 0
4 11 263 278 3 0 0
4 11 263 279 3 1 0
4 11 263 280 3 2 0
4 11 263 281 3 3 0.974994
4 12 278 297 0 0 0
4 12 278 298 0 1 0.512816
4 12 278 299 0 2 0
4 12 279 297 1 0 0
4 12 279 298 1 1 0.487184
4 12 279 299 1 2 0
4 12 280 297 2 0 0
4 12 280 298 2 1 0
4 12 280 299 2 2 0.984615
4 12 281 297 3 0 0.997434
4 12 281 298 3 1 0
4 12 281 299 3 2 0
4 13 297 312 0 0 0
4 13 297 313 0 1 0.966951
4 13 297 314 0 2 0
4 13 297 315 0 3 0
4 13 297 316 0 4 0
4 13 298 312 1 0 0
4 13 298 313 1 1 0
4 13 298 314 1 2 0.503441
4 13 298 315 1 3 0.496559
4 13 298 316 1 4 0
4 13 299 312 2 0 0
4 13 299 313 2 1 0
4 13 299 314 2 2 0
4 13 299 315 2 3 0
4 13 299 316 2 4 0.996854
4 14 278 292 0 0 0.279967
4 14 278 293 0 1 0
4 14 278 294 0 2 0.249604
4 14 279 292 1 0 0.250027
4 14 279 293 1 1 0
4 14 279 294 1 2 0.279796
4 14 280 292 2 0 0
4 14 280 293 2 1 0.716727
4 14 280 294 2 2 0
4 14 281 292 3 0 0
4 14 281 293 3 1 0
4 14 281 294 3 2 0
4 15 260 272 0 0 0
4 15 260 273 0 1 0
4 15 261 272 1 0 0.989973
4 15 261 273 1 1 0
4 15 262 272 2 0 0
4 15 262 273 2 1 0
4 15 263 272 3 0 0
4 15 263 273 3 1 0.95401
4 16 304 317 0 0 0.968202
4 16 304 318 0 1 0
4 16 304 319 0 2 0
4 16 304 320 0 3 0
4 16 305 317 1 0 0
4 16 305 318 1 1 0.953171
4 16 305 319 1 2 0
4 16 305 320 1 3 0
4 16 306 317 2 0 0
4 16 306 318 2 1 0
4 16 306 319 2 2 0.958218
4 16 306 320 2 3 0
4 16 307 317 3 0 0
4 16 307 318 3 1 0
4 16 307 319 3 2 0
4 16 307 320 3 3 0.739491
4 17 300 321 0 0 0.971037
4 17 300 322 0 1 0
4 17 300 323 0 2 0
4 17 300 324 0 3 0
4 17 301 321 1 0 0
4 17 301 322 1 1 0.931324
4 17 301 323 1 2 0
4 17 301 324 1 3 0
4 17 302 321 2 0 0
4 17 302 322 2 1 0
4 17 302 323 2 2 0.820027
4 17 302 324 2 3 0
4 17 303 321 3 0 0
4 17 303 322 3 1 0
4 17 303 323 3 2 0
4 17 303 324 3 3 0.930927
E jointIdx viewA viewB aOverAllIdx bOverallIdx score
0 0 1 0 64 0.877155
0 0 1 0 65 0.875895
0 0 1 0 66 -0.903424
0 0 1 0 67 0.149961
0 0 1 1 64 0.135141
0 0 1 1 65 -1
0 0 1 1 66 0.169754
0 0 1 1 67 0.947201
0 0 1 2 64 0.190095
0 0 1 2 65 0.060155
0 0 1 2 66 0.274716
0 0 1 2 67 0.47373
0 0 1 3 64 -1
0 0 1 3 65 -1
0 0 1 3 66 0.955713
0 0 1 3 67 -0.997255
0 0 2 0 124 -1
0 0 2 0 125 0.706386
0 0 2 0 126 0.751727
0 0 2 0 127 -1
0 0 2 1 124 0.758287
0 0 2 1 125 -1
0 0 2 1 126 -1
0 0 2 1 127 -1
0 0 2 2 124 -1
0 0 2 2 125 -1
0 0 2 2 126 -1
0 0 2 2 127 0.804028
0 0 2 3 124 -1
0 0 2 3 125 0.714891
0 0 2 3 126 -1
0 0 2 3 127 -1
0 0 3 0 190 0.953603
0 0 3 0 191 -1
0 0 3 0 192 -1
0 0 3 0 193 0.917187
0 0 3 1 190 -1
0 0 3 1 191 0.770425
0 0 3 1 192 -1
0 0 3 1 193 -1
0 0 3 2 190 -1
0 0 3 2 191 -1
0 0 3 2 192 0.808656
0 0 3 2 193 -1
0 0 3 3 190 0.986624
0 0 3 3 191 -1
0 0 3 3 192 -1
0 0 3 3 193 0.949468
0 0 4 0 256 0.946684
0 0 4 0 257 -1
0 0 4 0 258 0.987541
0 0 4 0 259 -1
0 0 4 1 256 -1
0 0 4 1 257 -1
0 0 4 1 258 -1
0 0 4 1 259 0.923587
0 0 4 2 256 0.87451
0 0 4 2 257 -1
0 0 4 2 258 0.911223
0 0 4 2 259 -1
0 0 4 3 256 -1
0 0 4 3 257 0.740093
0 0 4 3 258 -1
0 0 4 3 259 -1
0 1 2 64 124 0.254554
0 1 2 64 125 0.842999
0 1 2 64 126 -1
0 1 2 64 127 -1
0 1 2 65 124 -1
0 1 2 65 125 -1
0 1 2 65 126 0.613661
0 1 2 65 127 0.525115
0 1 2 66 124 -1
0 1 2 66 125 0.527418
0 1 2 66 126 -1
0 1 2 66 127 -1
0 1 2 67 124 -1
0 1 2 67 125 -1
0 1 2 67 126 -1
0 1 2 67 127 0.965752
0 1 3 64 190 0.238261
0 1 3 64 191 0.353557
0 1 3 64 192 -1
0 1 3 64 193 -1
0 1 3 65 190 0.289218
0 1 3 65 191 -1
0 1 3 65 192 0.624352
0 1 3 65 193 0.923479
0 1 3 66 190 0.907961
0 1 3 66 191 0.707788
0 1 3 66 192 -1
0 1 3 66 193 -1
0 1 3 67 190 -1
0 1 3 67 191 -1
0 1 3 67 192 0.891568
0 1 3 67 193 0.714984
0 1 4 64 256 -1
0 1 4 64 257 0.666229
0 1 4 64 258 -1
0 1 4 64 259 0.129152
0 1 4 65 256 -1
0 1 4 65 257 -1
0 1 4 65 258 0.52306
0 1 4 65 259 -1
0 1 4 66 256 -1
0 1 4 66 257 0.802094
0 1 4 66 258 -1
0 1 4 66 259 0.123675
0 1 4 67 256 0.754712
0 1 4 67 257 -1
0 1 4 67 258 -1
0 1 4 67 259 -1
0 2 3 124 190 -1
0 2 3 124 191 0.791542
0 2 3 124 192 -1
0 2 3 124 193 -1
0 2 3 125 190 0.776915
0 2 3 125 191 -1
0 2 3 125 192 -1
0 2 3 125 193 -1
0 2 3 126 190 0.521503
0 2 3 126 191 -1
0 2 3 126 192 -1
0 2 3 126 193 0.878345
0 2 3 127 190 -1
0 2 3 127 191 -1
0 2 3 127 192 0.989243
0 2 3 127 193 -1
0 2 4 124 256 -1
0 2 4 124 257 0.91207
0 2 4 124 258 -1
0 2 4 124 259 0.891156
0 2 4 125 256 -1
0 2 4 125 257 0.817524
0 2 4 125 258 -1
0 2 4 125 259 0.811996
0 2 4 126 256 -1
0 2 4 126 257 -1
0 2 4 126 258 0.95307
0 2 4 126 259 -1
0 2 4 127 256 0.882927
0 2 4 127 257 -1
0 2 4 127 258 -1
0 2 4 127 259 -1
0 3 4 190 256 0.223486
0 3 4 190 257 0.980843
0 3 4 190 258 -1
0 3 4 190 259 -1
0 3 4 191 256 0.152423
0 3 4 191 257 0.129318
0 3 4 191 258 0.210601
0 3 4 191 259 0.319794
0 3 4 192 256 0.377512
0 3 4 192 257 0.031845
0 3 4 192 258 0.0183006
0 3 4 192 259 0.107052
0 3 4 193 256 0.0564611
0 3 4 193 257 -1
0 3 4 193 258 0.896242
0 3 4 193 259 0.536331
1 0 1 4 68 0.215962
1 0 1 4 69 0.205696
1 0 1 4 70 0.0807954
1 0 1 4 71 0.0627631
1 0 1 5 68 0.190948
1 0 1 5 69 0.181705
1 0 1 5 70 0.0879742
1 0 1 5 71 0.0756809
1 0 1 6 68 0.144924
1 0 1 6 69 0.151036
1 0 1 6 70 0.0934152
1 0 1 6 71 0.10175
1 0 1 7 68 -0.799555
1 0 1 7 69 -0.750206
1 0 1 7 70 0.159576
1 0 1 7 71 0.239613
1 0 2 4 128 -1
1 0 2 4 129 -1
1 0 2 4 130 -1
1 0 2 4 131 0.76111
1 0 2 5 128 -1
1 0 2 5 129 -1
1 0 2 5 130 0.984401
1 0 2 5 131 -1
1 0 2 6 128 -1
1 0 2 6 129 0.844262
1 0 2 6 130 -1
1 0 2 6 131 -1
1 0 2 7 128 0.952708
1 0 2 7 129 0.0301875
1 0 2 7 130 -1
1 0 2 7 131 -1
1 0 3 4 194 0.0969149
1 0 3 4 195 0.0475025
1 0 3 4 196 0.150559
1 0 3 4 197 0.0703127
1 0 3 5 194 0.116826
1 0 3 5 195 0.0784619
1 0 3 5 196 0.0864392
1 0 3 5 197 0.0847326
1 0 3 6 194 0.0869736
1 0 3 6 195 0.103043
1 0 3 6 196 0.0707811
1 0 3 6 197 0.103672
1 0 3 7 194 0.0577169
1 0 3 7 195 0.134342
1 0 3 7 196 0.0695961
1 0 3 7 197 0.103758
1 0 4 4 260 0.24855
1 0 4 4 261 0.273706
1 0 4 4 262 -0.638522
1 0 4 4 263 0.340368
1 0 4 5 260 0.263341
1 0 4 5 261 0.239945
1 0 4 5 262 -0.623512
1 0 4 5 263 0.354008
1 0 4 6 260 0.179337
1 0 4 6 261 0.168556
1 0 4 6 262 -1
1 0 4 6 263 0.567765
1 0 4 7 260 0.0090525
1 0 4 7 261 0.0179614
1 0 4 7 262 0.829923
1 0 4 7 263 -0.668586
1 1 2 68 128 -1
1 1 2 68 129 -1
1 1 2 68 130 0.825516
1 1 2 68 131 0.245735
1 1 2 69 128 -1
1 1 2 69 129 -1
1 1 2 69 130 -1
1 1 2 69 131 0.990366
1 1 2 70 128 -1
1 1 2 70 129 0.740856
1 1 2 70 130 -1
1 1 2 70 131 -1
1 1 2 71 128 0.619353
1 1 2 71 129 0.132806
1 1 2 71 130 -1
1 1 2 71 131 -1
1 1 3 68 194 0.0947693
1 1 3 68 195 0.0639925
1 1 3 68 196 0.0990131
1 1 3 68 197 0.074099
1 1 3 69 194 0.0959033
1 1 3 69 195 0.0619878
1 1 3 69 196 0.0997007
1 1 3 69 197 0.0737653
1 1 3 70 194 0.086426
1 1 3 70 195 0.0809065
1 1 3 70 196 0.0791193
1 1 3 70 197 0.0908361
1 1 3 71 194 0.0617866
1 1 3 71 195 0.128464
1 1 3 71 196 0.0615944
1 1 3 71 197 0.0977454
1 1 4 68 260 0.583402
1 1 4 68 261 -1
1 1 4 68 262 -1
1 1 4 68 263 -1
1 1 4 69 260 -1
1 1 4 69 261 0.923928
1 1 4 69 262 -1
1 1 4 69 263 -1
1 1 4 70 260 -1
1 1 4 70 261 -1
1 1 4 70 262 0.906422
1 1 4 70 263 0.689435
1 1 4 71 260 -1
1 1 4 71 261 -1
1 1 4 71 262 0.944861
1 1 4 71 263 0.756069
1 2 3 128 194 -1
1 2 3 128 195 0.964173
1 2 3 128 196 -1
1 2 3 128 197 -1
1 2 3 129 194 -1
1 2 3 129 195 -1
1 2 3 129 196 -1
1 2 3 129 197 0.679744
1 2 3 130 194 0.842422
1 2 3 130 195 -1
1 2 3 130 196 -1
1 2 3 130 197 -1
1 2 3 131 194 -1
1 2 3 131 195 -1
1 2 3 131 196 0.92626
1 2 3 131 197 -1
1 2 4 128 260 -1
1 2 4 128 261 -1
1 2 4 128 262 0.785819
1 2 4 128 263 0.0594537
1 2 4 129 260 -1
1 2 4 129 261 -1
1 2 4 129 262 -1
1 2 4 129 263 0.982477
1 2 4 130 260 0.806666
1 2 4 130 261 0.52261
1 2 4 130 262 -1
1 2 4 130 263 -1
1 2 4 131 260 0.156222
1 2 4 131 261 0.99671
1 2 4 131 262 -1
1 2 4 131 263 -1
1 3 4 194 260 0.111234
1 3 4 194 261 0.0670445
1 3 4 194 262 0.105498
1 3 4 194 263 0.0493443
1 3 4 195 260 0.0880632
1 3 4 195 261 0.0712155
1 3 4 195 262 0.105036
1 3 4 195 263 0.0730977
1 3 4 196 260 0.0690092
1 3 4 196 261 0.10445
1 3 4 196 262 0.059641
1 3 4 196 263 0.102832
1 3 4 197 260 0.0673471
1 3 4 197 261 0.0961046
1 3 4 197 262 0.0626073
1 3 4 197 263 0.11294
2 0 1 8 72 0.906445
2 0 1 8 73 0.942728
2 0 1 8 74 -1
2 0 1 8 75 0.0684916
2 0 1 9 72 0.414086
2 0 1 9 73 -1
2 0 1 9 74 0.0870156
2 0 1 9 75 0.572717
2 0 1 10 72 0.212542
2 0 1 10 73 0.0188684
2 0 1 10 74 0.271127
2 0 1 10 75 0.497462
2 0 1 11 72 -1
2 0 1 11 73 -1
2 0 1 11 74 0.9406
2 0 1 11 75 -1
2 0 2 8 132 -1
2 0 2 8 133 0.308668
2 0 2 8 134 0.996894
2 0 2 8 135 -1
2 0 2 9 132 0.607114
2 0 2 9 133 -1
2 0 2 9 134 -1
2 0 2 9 135 -1
2 0 2 10 132 -1
2 0 2 10 133 -1
2 0 2 10 134 -1
2 0 2 10 135 0.785057
2 0 2 11 132 -1
2 0 2 11 133 0.525554
2 0 2 11 134 -1
2 0 2 11 135 -1
2 0 3 8 198 0.724407
2 0 3 8 199 -1
2 0 3 8 200 -1
2 0 3 8 201 0.940388
2 0 3 9 198 -1
2 0 3 9 199 0.721661
2 0 3 9 200 -1
2 0 3 9 201 -1
2 0 3 10 198 -1
2 0 3 10 199 -1
2 0 3 10 200 0.70247
2 0 3 10 201 -1
2 0 3 11 198 0.903937
2 0 3 11 199 -1
2 0 3 11 200 -1
2 0 3 11 201 0.351669
2 0 4 8 264 0.669347
2 0 4 8 265 -1
2 0 4 8 266 0.8534
2 0 4 8 267 -1
2 0 4 9 264 -1
2 0 4 9 265 -1
2 0 4 9 266 -1
2 0 4 9 267 0.832942
2 0 4 10 264 0.920845
2 0 4 10 265 -1
2 0 4 10 266 0.797372
2 0 4 10 267 -1
2 0 4 11 264 -1
2 0 4 11 265 0.675031
2 0 4 11 266 -1
2 0 4 11 267 -1
2 1 2 72 132 0.0497232
2 1 2 72 133 0.911318
2 1 2 72 134 -1
2 1 2 72 135 -1
2 1 2 73 132 -1
2 1 2 73 133 -1
2 1 2 73 134 0.991164
2 1 2 73 135 0.0190991
2 1 2 74 132 -1
2 1 2 74 133 0.191935
2 1 2 74 134 -1
2 1 2 74 135 -1
2 1 2 75 132 -1
2 1 2 75 133 -1
2 1 2 75 134 -1
2 1 2 75 135 0.968985
2 1 3 72 198 0.176966
2 1 3 72 199 0.451653
2 1 3 72 200 -1
2 1 3 72 201 -1
2 1 3 73 198 0.215054
2 1 3 73 199 -1
2 1 3 73 200 0.706354
2 1 3 73 201 0.973463
2 1 3 74 198 0.597975
2 1 3 74 199 0.789639
2 1 3 74 200 -1
2 1 3 74 201 -1
2 1 3 75 198 0.0100056
2 1 3 75 199 -1
2 1 3 75 200 0.801415
2 1 3 75 201 0.866813
2 1 4 72 264 -1
2 1 4 72 265 0.910203
2 1 4 72 266 -1
2 1 4 72 267 0.0205268
2 1 4 73 264 -1
2 1 4 73 265 -1
2 1 4 73 266 0.699664
2 1 4 73 267 -1
2 1 4 74 264 -1
2 1 4 74 265 0.884718
2 1 4 74 266 -1
2 1 4 74 267 -1
2 1 4 75 264 0.700637
2 1 4 75 265 -1
2 1 4 75 266 -1
2 1 4 75 267 -1
2 2 3 132 198 -1
2 2 3 132 199 0.731204
2 2 3 132 200 -1
2 2 3 132 201 -1
2 2 3 133 198 0.697733
2 2 3 133 199 -1
2 2 3 133 200 -1
2 2 3 133 201 0.576492
2 2 3 134 198 0.912087
2 2 3 134 199 -1
2 2 3 134 200 -1
2 2 3 134 201 0.950008
2 2 3 135 198 -1
2 2 3 135 199 -1
2 2 3 135 200 0.912067
2 2 3 135 201 -1
2 2 4 132 264 -1
2 2 4 132 265 0.670111
2 2 4 132 266 -1
2 2 4 132 267 0.80779
2 2 4 133 264 -1
2 2 4 133 265 0.447118
2 2 4 133 266 -1
2 2 4 133 267 0.78003
2 2 4 134 264 -1
2 2 4 134 265 -1
2 2 4 134 266 0.564137
2 2 4 134 267 -1
2 2 4 135 264 0.852052
2 2 4 135 265 -1
2 2 4 135 266 -1
2 2 4 135 267 -1
2 3 4 198 264 0.317714
2 3 4 198 265 0.778331
2 3 4 198 266 -1
2 3 4 198 267 -1
2 3 4 199 264 0.132693
2 3 4 199 265 0.0989244
2 3 4 199 266 0.248142
2 3 4 199 267 0.341761
2 3 4 200 264 0.352226
2 3 4 200 265 0.066279
2 3 4 200 266 -1
2 3 4 200 267 -1
2 3 4 201 264 0.0532218
2 3 4 201 265 -1
2 3 4 201 266 0.763785
2 3 4 201 267 0.822469
3 0 1 12 76 0.892259
3 0 1 12 77 0.969726
3 0 1 12 78 -1
3 0 1 13 76 -1
3 0 1 13 77 -1
3 0 1 13 78 0.167662
3 0 1 14 76 0.336832
3 0 1 14 77 0.232705
3 0 1 14 78 0.430463
3 0 1 15 76 -1
3 0 1 15 77 -1
3 0 1 15 78 0.980157
3 0 2 12 136 -1
3 0 2 12 137 0.971876
3 0 2 12 138 0.562977
3 0 2 12 139 -1
3 0 2 13 136 0.956471
3 0 2 13 137 -1
3 0 2 13 138 -1
3 0 2 13 139 -1
3 0 2 14 136 -1
3 0 2 14 137 -1
3 0 2 14 138 -1
3 0 2 14 139 0.727339
3 0 2 15 136 -1
3 0 2 15 137 0.933433
3 0 2 15 138 0.552497
3 0 2 15 139 -1
3 0 3 12 202 0.646804
3 0 3 12 203 -1
3 0 3 12 204 -1
3 0 3 12 205 0.961889
3 0 3 13 202 -1
3 0 3 13 203 0.829145
3 0 3 13 204 -1
3 0 3 13 205 -1
3 0 3 14 202 -1
3 0 3 14 203 -1
3 0 3 14 204 0.715128
3 0 3 14 205 -1
3 0 3 15 202 0.924413
3 0 3 15 203 -1
3 0 3 15 204 -1
3 0 3 15 205 0.31881
3 0 4 12 268 0.523169
3 0 4 12 269 -1
3 0 4 12 270 0.87185
3 0 4 12 271 -1
3 0 4 13 268 -1
3 0 4 13 269 -1
3 0 4 13 270 -1
3 0 4 13 271 0.889072
3 0 4 14 268 0.633935
3 0 4 14 269 -1
3 0 4 14 270 0.919706
3 0 4 14 271 -1
3 0 4 15 268 -1
3 0 4 15 269 0.85635
3 0 4 15 270 -1
3 0 4 15 271 -1
3 1 2 76 136 0.686993
3 1 2 76 137 0.623141
3 1 2 76 138 -1
3 1 2 76 139 -1
3 1 2 77 136 -1
3 1 2 77 137 -1
3 1 2 77 138 0.0895965
3 1 2 77 139 0.937038
3 1 2 78 136 -1
3 1 2 78 137 0.793235
3 1 2 78 138 -1
3 1 2 78 139 -1
3 1 3 76 202 0.197435
3 1 3 76 203 0.42262
3 1 3 76 204 -1
3 1 3 76 205 -1
3 1 3 77 202 0.193752
3 1 3 77 203 -1
3 1 3 77 204 0.543032
3 1 3 77 205 0.892858
3 1 3 78 202 0.608813
3 1 3 78 203 0.583908
3 1 3 78 204 -1
3 1 3 78 205 -1
3 1 4 76 268 -1
3 1 4 76 269 0.59615
3 1 4 76 270 -1
3 1 4 76 271 0.432363
3 1 4 77 268 0.555987
3 1 4 77 269 -1
3 1 4 77 270 0.17298
3 1 4 77 271 -1
3 1 4 78 268 -1
3 1 4 78 269 0.712343
3 1 4 78 270 -1
3 1 4 78 271 0.527605
3 2 3 136 202 -1
3 2 3 136 203 0.964355
3 2 3 136 204 -1
3 2 3 136 205 -1
3 2 3 137 202 0.964398
3 2 3 137 203 -1
3 2 3 137 204 -1
3 2 3 137 205 -1
3 2 3 138 202 0.133379
3 2 3 138 203 -1
3 2 3 138 204 -1
3 2 3 138 205 0.721195
3 2 3 139 202 -1
3 2 3 139 203 -1
3 2 3 139 204 0.992639
3 2 3 139 205 -1
3 2 4 136 268 -1
3 2 4 136 269 0.51316
3 2 4 136 270 -1
3 2 4 136 271 0.974732
3 2 4 137 268 -1
3 2 4 137 269 0.805609
3 2 4 137 270 -1
3 2 4 137 271 0.362396
3 2 4 138 268 -1
3 2 4 138 269 -1
3 2 4 138 270 0.643196
3 2 4 138 271 -1
3 2 4 139 268 0.995592
3 2 4 139 269 -1
3 2 4 139 270 -1
3 2 4 139 271 -1
3 3 4 202 268 0.132972
3 3 4 202 269 0.797421
3 3 4 202 270 -1
3 3 4 202 271 -1
3 3 4 203 268 0.170596
3 3 4 203 269 0.156672
3 3 4 203 270 0.157495
3 3 4 203 271 0.312451
3 3 4 204 268 0.403844
3 3 4 204 269 0.00853378
3 3 4 204 270 -1
3 3 4 204 271 0.362888
3 3 4 205 268 0.06224
3 3 4 205 269 -1
3 3 4 205 270 0.953441
3 3 4 205 271 0.252626
4 0 1 16 79 0.389656
4 0 1 16 80 0.491209
4 0 1 16 81 0.113131
4 0 1 17 79 0.35584
4 0 1 17 80 0.488332
4 0 1 17 81 0.147975
4 0 1 18 79 -1
4 0 1 18 80 -1
4 0 1 18 81 0.509286
4 0 2 16 140 -1
4 0 2 16 141 0.417431
4 0 2 17 140 0.352381
4 0 2 17 141 0.647619
4 0 2 18 140 -1
4 0 2 18 141 -1
4 0 3 16 206 0.941283
4 0 3 16 207 -1
4 0 3 16 208 -1
4 0 3 17 206 0.546905
4 0 3 17 207 -1
4 0 3 17 208 0.0949186
4 0 3 18 206 -1
4 0 3 18 207 0.913287
4 0 3 18 208 0.919639
4 0 4 16 272 0.764299
4 0 4 16 273 0.235701
4 0 4 17 272 0.588205
4 0 4 17 273 0.411795
4 0 4 18 272 -1
4 0 4 18 273 -1
4 1 2 79 140 0.0612138
4 1 2 79 141 -1
4 1 2 80 140 -1
4 1 2 80 141 0.647607
4 1 2 81 140 0.740636
4 1 2 81 141 -1
4 1 3 79 206 0.801584
4 1 3 79 207 -1
4 1 3 79 208 -1
4 1 3 80 206 0.799958
4 1 3 80 207 -1
4 1 3 80 208 -1
4 1 3 81 206 -1
4 1 3 81 207 0.568694
4 1 3 81 208 0.709699
4 1 4 79 272 0.825598
4 1 4 79 273 -1
4 1 4 80 272 -1
4 1 4 80 273 -1
4 1 4 81 272 -1
4 1 4 81 273 0.632541
4 2 3 140 206 0.351107
4 2 3 140 207 -1
4 2 3 140 208 0.801738
4 2 3 141 206 -1
4 2 3 141 207 -1
4 2 3 141 208 -1
4 2 4 140 272 -1
4 2 4 140 273 0.817649
4 2 4 141 272 0.801369
4 2 4 141 273 -1
4 3 4 206 272 0.33495
4 3 4 206 273 0.134515
4 3 4 207 272 0.290664
4 3 4 207 273 0.19656
4 3 4 208 272 0.12847
4 3 4 208 273 0.423798
5 0 1 19 82 0.131569
5 0 1 19 83 0.131019
5 0 1 19 84 0.0783277
5 0 1 19 85 0.0587392
5 0 1 20 82 0.137992
5 0 1 20 83 0.111268
5 0 1 20 84 0.0829332
5 0 1 20 85 0.0636371
5 0 1 21 82 0.00751328
5 0 1 21 83 0.0383447
5 0 1 21 84 0.118952
5 0 1 21 85 0.156803
5 0 1 22 82 0.0267276
5 0 1 22 83 0.0463115
5 0 1 22 84 0.112826
5 0 1 22 85 0.145803
5 0 2 19 142 -1
5 0 2 19 143 -1
5 0 2 19 144 -1
5 0 2 19 145 0.859092
5 0 2 20 142 -1
5 0 2 20 143 -1
5 0 2 20 144 0.781634
5 0 2 20 145 -1
5 0 2 21 142 0.913284
5 0 2 21 143 0.184407
5 0 2 21 144 -1
5 0 2 21 145 -1
5 0 2 22 142 0.442418
5 0 2 22 143 0.649971
5 0 2 22 144 -1
5 0 2 22 145 -1
5 0 3 19 209 0.126481
5 0 3 19 210 0.193793
5 0 3 19 211 0.0488561
5 0 3 19 212 0.0608476
5 0 3 20 209 0.151746
5 0 3 20 210 0.112238
5 0 3 20 211 0.0702512
5 0 3 20 212 0.0774985
5 0 3 21 209 0.0648608
5 0 3 21 210 0.0553543
5 0 3 21 211 0.139751
5 0 3 21 212 0.128761
5 0 3 22 209 0.0614085
5 0 3 22 210 0.0536135
5 0 3 22 211 0.140065
5 0 3 22 212 0.132909
5 0 4 19 274 0.446068
5 0 4 19 275 -0.663072
5 0 4 19 276 0.479746
5 0 4 19 277 0.202453
5 0 4 20 274 0.491004
5 0 4 20 275 -0.605793
5 0 4 20 276 0.419079
5 0 4 20 277 0.192117
5 0 4 21 274 -0.889409
5 0 4 21 275 0.923517
5 0 4 21 276 -0.745826
5 0 4 21 277 0.0431878
5 0 4 22 274 0.406165
5 0 4 22 275 -1
5 0 4 22 276 0.330518
5 0 4 22 277 0.334354
5 1 2 82 142 -1
5 1 2 82 143 -1
5 1 2 82 144 0.879873
5 1 2 82 145 -1
5 1 2 83 142 -1
5 1 2 83 143 -1
5 1 2 83 144 -1
5 1 2 83 145 0.966153
5 1 2 84 142 -1
5 1 2 84 143 0.537843
5 1 2 84 144 -1
5 1 2 84 145 -1
5 1 2 85 142 0.8941
5 1 2 85 143 -1
5 1 2 85 144 -1
5 1 2 85 145 -1
5 1 3 82 209 0.111062
5 1 3 82 210 0.112276
5 1 3 82 211 0.0712521
5 1 3 82 212 0.0738245
5 1 3 83 209 0.119396
5 1 3 83 210 0.123204
5 1 3 83 211 0.0560707
5 1 3 83 212 0.0650848
5 1 3 84 209 0.0882867
5 1 3 84 210 0.0833241
5 1 3 84 211 0.103841
5 1 3 84 212 0.105064
5 1 3 85 209 0.0577786
5 1 3 85 210 0.0573455
5 1 3 85 211 0.146026
5 1 3 85 212 0.133611
5 1 4 82 274 0.873232
5 1 4 82 275 -1
5 1 4 82 276 -1
5 1 4 82 277 -1
5 1 4 83 274 -1
5 1 4 83 275 -1
5 1 4 83 276 0.934933
5 1 4 83 277 -1
5 1 4 84 274 -1
5 1 4 84 275 0.774713
5 1 4 84 276 -1
5 1 4 84 277 0.609255
5 1 4 85 274 -1
5 1 4 85 275 0.959579
5 1 4 85 276 0.0335568
5 1 4 85 277 0.588188
5 2 3 142 209 -1
5 2 3 142 210 -1
5 2 3 142 211 0.952862
5 2 3 142 212 -1
5 2 3 143 209 -1
5 2 3 143 210 -1
5 2 3 143 211 -1
5 2 3 143 212 0.671609
5 2 3 144 209 0.77759
5 2 3 144 210 -1
5 2 3 144 211 -1
5 2 3 144 212 0.139978
5 2 3 145 209 -1
5 2 3 145 210 0.828067
5 2 3 145 211 -1
5 2 3 145 212 -1
5 2 4 142 274 -1
5 2 4 142 275 0.860155
5 2 4 142 276 -1
5 2 4 142 277 0.3685
5 2 4 143 274 -1
5 2 4 143 275 -1
5 2 4 143 276 -1
5 2 4 143 277 0.807532
5 2 4 144 274 0.776532
5 2 4 144 275 -1
5 2 4 144 276 0.0117512
5 2 4 144 277 -1
5 2 4 145 274 -1
5 2 4 145 275 -1
5 2 4 145 276 0.891225
5 2 4 145 277 -1
5 3 4 209 274 0.119725
5 3 4 209 275 0.136033
5 3 4 209 276 0.0739798
5 3 4 209 277 0.038171
5 3 4 210 274 0.0877883
5 3 4 210 275 0.0795179
5 3 4 210 276 0.115793
5 3 4 210 277 0.0810362
5 3 4 211 274 0.0955535
5 3 4 211 275 0.106406
5 3 4 211 276 0.0851824
5 3 4 211 277 0.0845402
5 3 4 212 274 0.0626146
5 3 4 212 275 0.037825
5 3 4 212 276 0.100592
5 3 4 212 277 0.179449
6 0 1 23 86 0.215945
6 0 1 23 87 0.103659
6 0 1 23 88 0.115144
6 0 1 24 86 0.223688
6 0 1 24 87 0.0997219
6 0 1 24 88 0.114653
6 0 1 25 86 0.199848
6 0 1 25 87 0.117657
6 0 1 25 88 0.11111
6 0 1 26 86 -0.622056
6 0 1 26 87 0.182561
6 0 1 26 88 0.134668
6 0 2 23 146 -1
6 0 2 23 147 -1
6 0 2 23 148 -1
6 0 2 23 149 0.541542
6 0 2 24 146 -1
6 0 2 24 147 -1
6 0 2 24 148 0.968102
6 0 2 24 149 -1
6 0 2 25 146 -1
6 0 2 25 147 0.71717
6 0 2 25 148 0.270129
6 0 2 25 149 -1
6 0 2 26 146 0.987817
6 0 2 26 147 -1
6 0 2 26 148 -1
6 0 2 26 149 -1
6 0 3 23 213 0.0781151
6 0 3 23 214 0.0533189
6 0 3 23 215 0.0937273
6 0 3 23 216 0.130587
6 0 3 24 213 0.0981903
6 0 3 24 214 0.071742
6 0 3 24 215 0.0994831
6 0 3 24 216 0.0940784
6 0 3 25 213 0.105526
6 0 3 25 214 0.093995
6 0 3 25 215 0.0922966
6 0 3 25 216 0.079209
6 0 3 26 213 0.0773395
6 0 3 26 214 0.151538
6 0 3 26 215 0.0810203
6 0 3 26 216 0.0742128
6 0 4 23 278 0.676456
6 0 4 23 279 0.535351
6 0 4 23 280 -0.744658
6 0 4 23 281 0.379418
6 0 4 24 278 0.237756
6 0 4 24 279 0.0848298
6 0 4 24 280 -1
6 0 4 24 281 0.648753
6 0 4 25 278 0.645544
6 0 4 25 279 0.487389
6 0 4 25 280 -0.802652
6 0 4 25 281 0.485016
6 0 4 26 278 -0.950433
6 0 4 26 279 -1
6 0 4 26 280 0.858771
6 0 4 26 281 -0.76254
6 1 2 86 146 -1
6 1 2 86 147 0.53301
6 1 2 86 148 -1
6 1 2 86 149 0.973662
6 1 2 87 146 0.317423
6 1 2 87 147 -1
6 1 2 87 148 -1
6 1 2 87 149 -1
6 1 2 88 146 -1
6 1 2 88 147 -1
6 1 2 88 148 0.950238
6 1 2 88 149 -1
6 1 3 86 213 0.0974728
6 1 3 86 214 0.0861311
6 1 3 86 215 0.101158
6 1 3 86 216 0.116923
6 1 3 87 213 0.0974171
6 1 3 87 214 0.129258
6 1 3 87 215 0.0956155
6 1 3 87 216 0.0891698
6 1 3 88 213 0.108289
6 1 3 88 214 0.0881889
6 1 3 88 215 0.106679
6 1 3 88 216 0.0985885
6 1 4 86 278 0.216098
6 1 4 86 279 0.993581
6 1 4 86 280 -1
6 1 4 86 281 -1
6 1 4 87 278 -1
6 1 4 87 279 -1
6 1 4 87 280 0.539092
6 1 4 87 281 0.809066
6 1 4 88 278 -1
6 1 4 88 279 -1
6 1 4 88 280 0.663071
6 1 4 88 281 0.978519
6 2 3 146 213 -1
6 2 3 146 214 0.980158
6 2 3 146 215 -1
6 2 3 146 216 -1
6 2 3 147 213 0.964245
6 2 3 147 214 0.00955999
6 2 3 147 215 -1
6 2 3 147 216 -1
6 2 3 148 213 -1
6 2 3 148 214 -1
6 2 3 148 215 0.947353
6 2 3 148 216 -1
6 2 3 149 213 -1
6 2 3 149 214 -1
6 2 3 149 215 -1
6 2 3 149 216 0.95065
6 2 4 146 278 -1
6 2 4 146 279 -1
6 2 4 146 280 0.824588
6 2 4 146 281 -1
6 2 4 147 278 0.874876
6 2 4 147 279 0.99531
6 2 4 147 280 -1
6 2 4 147 281 -1
6 2 4 148 278 -1
6 2 4 148 279 -1
6 2 4 148 280 -1
6 2 4 148 281 0.799275
6 2 4 149 278 0.759802
6 2 4 149 279 0.931779
6 2 4 149 280 -1
6 2 4 149 281 -1
6 3 4 213 278 0.10019
6 3 4 213 279 0.0650455
6 3 4 213 280 0.087012
6 3 4 213 281 0.0598255
6 3 4 214 278 0.0852168
6 3 4 214 279 0.0680298
6 3 4 214 280 0.0919187
6 3 4 214 281 0.0667967
6 3 4 215 278 0.0649657
6 3 4 215 279 0.0850871
6 3 4 215 280 0.0714335
6 3 4 215 281 0.0873543
6 3 4 216 278 0.0598501
6 3 4 216 279 0.092209
6 3 4 216 280 0.0588802
6 3 4 216 281 0.0963339
7 0 1 27 89 0.964048
7 0 1 27 90 -1
7 0 1 27 91 -1
7 0 1 28 89 -1
7 0 1 28 90 -1
7 0 1 28 91 -1
7 0 1 29 89 -1
7 0 1 29 90 0.153433
7 0 1 29 91 0.806586
7 0 1 30 89 -1
7 0 1 30 90 0.79625
7 0 1 30 91 -1
7 0 2 27 150 -1
7 0 2 27 151 0.537483
7 0 2 27 152 0.867959
7 0 2 27 153 -1
7 0 2 28 150 0.147124
7 0 2 28 151 -1
7 0 2 28 152 -1
7 0 2 28 153 -1
7 0 2 29 150 -1
7 0 2 29 151 -1
7 0 2 29 152 -1
7 0 2 29 153 0.479709
7 0 2 30 150 -1
7 0 2 30 151 0.80211
7 0 2 30 152 -1
7 0 2 30 153 -1
7 0 3 27 217 0.506646
7 0 3 27 218 -1
7 0 3 27 219 -1
7 0 3 27 220 0.977515
7 0 3 28 217 -1
7 0 3 28 218 0.893693
7 0 3 28 219 -1
7 0 3 28 220 -1
7 0 3 29 217 -1
7 0 3 29 218 -1
7 0 3 29 219 0.790769
7 0 3 29 220 -1
7 0 3 30 217 0.749448
7 0 3 30 218 -1
7 0 3 30 219 -1
7 0 3 30 220 -1
7 0 4 27 282 0.740742
7 0 4 27 283 -1
7 0 4 27 284 0.96576
7 0 4 27 285 -1
7 0 4 28 282 -1
7 0 4 28 283 -1
7 0 4 28 284 -1
7 0 4 28 285 0.817543
7 0 4 29 282 0.622001
7 0 4 29 283 -1
7 0 4 29 284 0.861529
7 0 4 29 285 -1
7 0 4 30 282 -1
7 0 4 30 283 0.887098
7 0 4 30 284 -1
7 0 4 30 285 -1
7 1 2 89 150 -1
7 1 2 89 151 -1
7 1 2 89 152 0.899306
7 1 2 89 153 0.386216
7 1 2 90 150 -1
7 1 2 90 151 0.552784
7 1 2 90 152 -1
7 1 2 90 153 -1
7 1 2 91 150 -1
7 1 2 91 151 -1
7 1 2 91 152 -1
7 1 2 91 153 0.859877
7 1 3 89 217 -1
7 1 3 89 218 -1
7 1 3 89 219 0.866828
7 1 3 89 220 0.993883
7 1 3 90 217 0.519692
7 1 3 90 218 0.805377
7 1 3 90 219 -1
7 1 3 90 220 -1
7 1 3 91 217 -1
7 1 3 91 218 -1
7 1 3 91 219 0.94836
7 1 3 91 220 0.744502
7 1 4 89 282 -1
7 1 4 89 283 -1
7 1 4 89 284 0.81378
7 1 4 89 285 -1
7 1 4 90 282 -1
7 1 4 90 283 0.780943
7 1 4 90 284 -1
7 1 4 90 285 -1
7 1 4 91 282 0.926575
7 1 4 91 283 -1
7 1 4 91 284 -1
7 1 4 91 285 -1
7 2 3 150 217 -1
7 2 3 150 218 0.194938
7 2 3 150 219 -1
7 2 3 150 220 -1
7 2 3 151 217 0.945842
7 2 3 151 218 -1
7 2 3 151 219 -1
7 2 3 151 220 -1
7 2 3 152 217 0.626203
7 2 3 152 218 -1
7 2 3 152 219 -1
7 2 3 152 220 0.851201
7 2 3 153 217 -1
7 2 3 153 218 -1
7 2 3 153 219 0.712524
7 2 3 153 220 -1
7 2 4 150 282 -1
7 2 4 150 283 0.361203
7 2 4 150 284 -1
7 2 4 150 285 0.509716
7 2 4 151 282 -1
7 2 4 151 283 0.771025
7 2 4 151 284 -1
7 2 4 151 285 -1
7 2 4 152 282 -1
7 2 4 152 283 -1
7 2 4 152 284 0.61809
7 2 4 152 285 -1
7 2 4 153 282 0.852522
7 2 4 153 283 -1
7 2 4 153 284 -1
7 2 4 153 285 -1
7 3 4 217 282 0.3533
7 3 4 217 283 0.739227
7 3 4 217 284 -1
7 3 4 217 285 -1
7 3 4 218 282 0.116649
7 3 4 218 283 -1
7 3 4 218 284 0.510066
7 3 4 218 285 0.96931
7 3 4 219 282 0.631903
7 3 4 219 283 0.136037
7 3 4 219 284 -1
7 3 4 219 285 -1
7 3 4 220 282 -1
7 3 4 220 283 -1
7 3 4 220 284 0.687225
7 3 4 220 285 0.485265
8 0 1 31 92 0.995097
8 0 1 31 93 -1
8 0 1 31 94 -1
8 0 1 32 92 -1
8 0 1 32 93 -1
8 0 1 32 94 0.463128
8 0 1 33 92 -1
8 0 1 33 93 0.199216
8 0 1 33 94 0.886138
8 0 1 34 92 -1
8 0 1 34 93 0.841133
8 0 1 34 94 -1
8 0 2 31 154 -1
8 0 2 31 155 0.39416
8 0 2 31 156 0.766333
8 0 2 31 157 -1
8 0 2 32 154 0.83173
8 0 2 32 155 -1
8 0 2 32 156 -1
8 0 2 32 157 -1
8 0 2 33 154 -1
8 0 2 33 155 -1
8 0 2 33 156 -1
8 0 2 33 157 0.64487
8 0 2 34 154 -1
8 0 2 34 155 0.904771
8 0 2 34 156 -1
8 0 2 34 157 -1
8 0 3 31 221 0.0898252
8 0 3 31 222 -1
8 0 3 31 223 -1
8 0 3 31 224 0.92245
8 0 3 32 221 -1
8 0 3 32 222 0.893438
8 0 3 32 223 -1
8 0 3 32 224 -1
8 0 3 33 221 -1
8 0 3 33 222 -1
8 0 3 33 223 0.745577
8 0 3 33 224 -1
8 0 3 34 221 0.762652
8 0 3 34 222 -1
8 0 3 34 223 -1
8 0 3 34 224 -1
8 0 4 31 286 -1
8 0 4 31 287 0.404273
8 0 4 31 288 0.660234
8 0 4 31 289 -1
8 0 4 32 286 -1
8 0 4 32 287 -1
8 0 4 32 288 -1
8 0 4 32 289 0.940011
8 0 4 33 286 -1
8 0 4 33 287 0.838338
8 0 4 33 288 0.803933
8 0 4 33 289 -1
8 0 4 34 286 0.732022
8 0 4 34 287 -1
8 0 4 34 288 -1
8 0 4 34 289 -1
8 1 2 92 154 -1
8 1 2 92 155 -1
8 1 2 92 156 0.823449
8 1 2 92 157 0.937575
8 1 2 93 154 0.949616
8 1 2 93 155 0.907936
8 1 2 93 156 -1
8 1 2 93 157 -1
8 1 2 94 154 -1
8 1 2 94 155 -1
8 1 2 94 156 0.331209
8 1 2 94 157 0.704284
8 1 3 92 221 -1
8 1 3 92 222 -1
8 1 3 92 223 0.63546
8 1 3 92 224 0.949267
8 1 3 93 221 0.756785
8 1 3 93 222 0.342833
8 1 3 93 223 -1
8 1 3 93 224 -1
8 1 3 94 221 -1
8 1 3 94 222 -1
8 1 3 94 223 0.896336
8 1 3 94 224 0.591114
8 1 4 92 286 -1
8 1 4 92 287 -1
8 1 4 92 288 0.879702
8 1 4 92 289 -1
8 1 4 93 286 0.708133
8 1 4 93 287 -1
8 1 4 93 288 -1
8 1 4 93 289 0.498138
8 1 4 94 286 -1
8 1 4 94 287 0.863357
8 1 4 94 288 -1
8 1 4 94 289 -1
8 2 3 154 221 -1
8 2 3 154 222 0.791362
8 2 3 154 223 -1
8 2 3 154 224 -1
8 2 3 155 221 0.671189
8 2 3 155 222 -1
8 2 3 155 223 -1
8 2 3 155 224 -1
8 2 3 156 221 0.463386
8 2 3 156 222 -1
8 2 3 156 223 -1
8 2 3 156 224 0.852524
8 2 3 157 221 -1
8 2 3 157 222 -1
8 2 3 157 223 0.831269
8 2 3 157 224 -1
8 2 4 154 286 0.84429
8 2 4 154 287 -1
8 2 4 154 288 -1
8 2 4 154 289 0.620216
8 2 4 155 286 0.616958
8 2 4 155 287 -1
8 2 4 155 288 -1
8 2 4 155 289 0.227953
8 2 4 156 286 -1
8 2 4 156 287 -1
8 2 4 156 288 0.760377
8 2 4 156 289 -1
8 2 4 157 286 -1
8 2 4 157 287 0.910756
8 2 4 157 288 -1
8 2 4 157 289 -1
8 3 4 221 286 0.96771
8 3 4 221 287 -1
8 3 4 221 288 -1
8 3 4 221 289 -1
8 3 4 222 286 -1
8 3 4 222 287 0.410019
8 3 4 222 288 0.448129
8 3 4 222 289 0.976754
8 3 4 223 286 -1
8 3 4 223 287 0.91411
8 3 4 223 288 -1
8 3 4 223 289 -1
8 3 4 224 286 -1
8 3 4 224 287 -1
8 3 4 224 288 0.86797
8 3 4 224 289 -1
9 0 1 35 95 0.41175
9 0 1 35 96 0.171641
9 0 1 35 97 0.121508
9 0 1 36 95 0.216884
9 0 1 36 96 0.221694
9 0 1 36 97 0.16712
9 0 1 37 95 -1
9 0 1 37 96 0.124535
9 0 1 37 97 0.357186
9 0 2 35 158 0.217097
9 0 2 35 159 0.782903
9 0 2 36 158 0.642538
9 0 2 36 159 0.357462
9 0 2 37 158 -1
9 0 2 37 159 -1
9 0 3 35 225 -1
9 0 3 35 226 -1
9 0 3 35 227 -1
9 0 3 36 225 0.839619
9 0 3 36 226 -1
9 0 3 36 227 0.187235
9 0 3 37 225 -1
9 0 3 37 226 0.769775
9 0 3 37 227 0.914055
9 0 4 35 290 -1
9 0 4 35 291 -1
9 0 4 36 290 -1
9 0 4 36 291 -1
9 0 4 37 290 -1
9 0 4 37 291 0.95831
9 1 2 95 158 -1
9 1 2 95 159 0.89161
9 1 2 96 158 0.973115
9 1 2 96 159 -1
9 1 2 97 158 -1
9 1 2 97 159 -1
9 1 3 95 225 0.966678
9 1 3 95 226 -1
9 1 3 95 227 -1
9 1 3 96 225 0.950381
9 1 3 96 226 -1
9 1 3 96 227 0.00598806
9 1 3 97 225 -1
9 1 3 97 226 0.782612
9 1 3 97 227 0.807029
9 1 4 95 290 -1
9 1 4 95 291 -1
9 1 4 96 290 -1
9 1 4 96 291 -1
9 1 4 97 290 0.666076
9 1 4 97 291 0.333924
9 2 3 158 225 0.988455
9 2 3 158 226 -1
9 2 3 158 227 -1
9 2 3 159 225 -1
9 2 3 159 226 -1
9 2 3 159 227 -1
9 2 4 158 290 -1
9 2 4 158 291 -1
9 2 4 159 290 -1
9 2 4 159 291 -1
9 3 4 225 290 0.550616
9 3 4 225 291 -1
9 3 4 226 290 0.771018
9 3 4 226 291 0.228982
9 3 4 227 290 -1
9 3 4 227 291 0.944296
10 0 1 38 98 0.210746
10 0 1 38 99 0.18271
10 0 1 39 98 0.20817
10 0 1 39 99 0.185442
10 0 1 40 98 0.173774
10 0 1 40 99 0.221927
10 0 2 38 160 0.156155
10 0 2 38 161 -1
10 0 2 39 160 0.792001
10 0 2 39 161 -1
10 0 2 40 160 0.0518436
10 0 2 40 161 -1
10 0 3 38 228 0.63662
10 0 3 38 229 0.0370853
10 0 3 38 230 0.16717
10 0 3 39 228 0.344511
10 0 3 39 229 -1
10 0 3 39 230 0.499447
10 0 3 40 228 -1
10 0 3 40 229 -1
10 0 3 40 230 0.271677
10 0 4 38 292 0.906429
10 0 4 38 293 -1
10 0 4 38 294 0.337809
10 0 4 39 292 -1
10 0 4 39 293 -1
10 0 4 39 294 -1
10 0 4 40 292 -1
10 0 4 40 293 0.93337
10 0 4 40 294 -1
10 1 2 98 160 0.860671
10 1 2 98 161 -1
10 1 2 99 160 0.139329
10 1 2 99 161 -1
10 1 3 98 228 -1
10 1 3 98 229 -1
10 1 3 98 230 0.506373
10 1 3 99 228 -1
10 1 3 99 229 -1
10 1 3 99 230 0.493627
10 1 4 98 292 -1
10 1 4 98 293 0.451652
10 1 4 98 294 -1
10 1 4 99 292 -1
10 1 4 99 293 0.548348
10 1 4 99 294 -1
10 2 3 160 228 -1
10 2 3 160 229 0.0124012
10 2 3 160 230 0.960207
10 2 3 161 228 -1
10 2 3 161 229 0.95502
10 2 3 161 230 0.0397931
10 2 4 160 292 -1
10 2 4 160 293 -1
10 2 4 160 294 -1
10 2 4 161 292 0.653464
10 2 4 161 293 -1
10 2 4 161 294 0.863828
10 3 4 228 292 0.574744
10 3 4 228 293 0.316908
10 3 4 228 294 0.0640968
10 3 4 229 292 0.0912329
10 3 4 229 293 0.0739805
10 3 4 229 294 0.493845
10 3 4 230 292 -1
10 3 4 230 293 -1
10 3 4 230 294 0.356247
11 0 1 41 100 0.388544
11 0 1 41 101 0.338724
11 0 1 41 102 0.0569988
11 0 1 41 103 0.0507032
11 0 1 42 100 0.253337
11 0 1 42 101 0.109536
11 0 1 42 102 0.145807
11 0 1 42 103 0.104721
11 0 1 43 100 0.2088
11 0 1 43 101 0.176946
11 0 1 43 102 0.13333
11 0 1 43 103 0.108818
11 0 1 44 100 -1
11 0 1 44 101 -1
11 0 1 44 102 0.213863
11 0 1 44 103 0.375646
11 0 2 41 162 -1
11 0 2 41 163 0.870341
11 0 2 41 164 -1
11 0 2 42 162 0.986398
11 0 2 42 163 -1
11 0 2 42 164 -1
11 0 2 43 162 -1
11 0 2 43 163 -1
11 0 2 43 164 0.91373
11 0 2 44 162 -1
11 0 2 44 163 -1
11 0 2 44 164 -1
11 0 3 41 231 0.230214
11 0 3 41 232 0.983411
11 0 3 41 233 -1
11 0 3 42 231 0.931981
11 0 3 42 232 -1
11 0 3 42 233 -1
11 0 3 43 231 -1
11 0 3 43 232 -1
11 0 3 43 233 0.905176
11 0 3 44 231 0.311992
11 0 3 44 232 0.492653
11 0 3 44 233 -1
11 0 4 41 295 0.695047
11 0 4 41 296 -1
11 0 4 42 295 -1
11 0 4 42 296 0.896224
11 0 4 43 295 0.909569
11 0 4 43 296 -1
11 0 4 44 295 -1
11 0 4 44 296 0.469829
11 1 2 100 162 0.497596
11 1 2 100 163 -1
11 1 2 100 164 -1
11 1 2 101 162 -1
11 1 2 101 163 0.961824
11 1 2 101 164 -1
11 1 2 102 162 -1
11 1 2 102 163 -1
11 1 2 102 164 0.868412
11 1 2 103 162 -1
11 1 2 103 163 -1
11 1 2 103 164 -1
11 1 3 100 231 0.165376
11 1 3 100 232 0.103681
11 1 3 100 233 0.0660396
11 1 3 101 231 0.106278
11 1 3 101 232 0.140053
11 1 3 101 233 0.153835
11 1 3 102 231 0.0878532
11 1 3 102 232 0.140593
11 1 3 102 233 0.172135
11 1 3 103 231 0.187242
11 1 3 103 232 0.121972
11 1 3 103 233 0.0907331
11 1 4 100 295 0.164968
11 1 4 100 296 0.432911
11 1 4 101 295 -1
11 1 4 101 296 -1
11 1 4 102 295 0.921133
11 1 4 102 296 -1
11 1 4 103 295 0.163743
11 1 4 103 296 0.542859
11 2 3 162 231 0.880393
11 2 3 162 232 -1
11 2 3 162 233 -1
11 2 3 163 231 -1
11 2 3 163 232 0.888717
11 2 3 163 233 -1
11 2 3 164 231 -1
11 2 3 164 232 -1
11 2 3 164 233 0.994911
11 2 4 162 295 -1
11 2 4 162 296 0.929837
11 2 4 163 295 -1
11 2 4 163 296 -1
11 2 4 164 295 0.809397
11 2 4 164 296 -1
11 3 4 231 295 0.186017
11 3 4 231 296 0.245457
11 3 4 232 295 0.215591
11 3 4 232 296 0.217465
11 3 4 233 295 0.253762
11 3 4 233 296 0.181336
12 0 1 45 104 0.104106
12 0 1 45 105 0.0408902
12 0 1 45 106 0.482819
12 0 1 46 104 0.227085
12 0 1 46 105 0.296609
12 0 1 46 106 0.278188
12 0 2 45 165 0.959149
12 0 2 45 166 -1
12 0 2 45 167 -1
12 0 2 46 165 -1
12 0 2 46 166 0.766715
12 0 2 46 167 -1
12 0 3 45 234 0.41361
12 0 3 45 235 -1
12 0 3 45 236 -1
12 0 3 46 234 0.58639
12 0 3 46 235 -1
12 0 3 46 236 0.593366
12 0 4 45 297 -1
12 0 4 45 298 -1
12 0 4 45 299 0.98951
12 0 4 46 297 0.935699
12 0 4 46 298 0.0171715
12 0 4 46 299 -1
12 1 2 104 165 0.233242
12 1 2 104 166 0.0178822
12 1 2 104 167 -1
12 1 2 105 165 -1
12 1 2 105 166 -1
12 1 2 105 167 0.927483
12 1 2 106 165 0.553962
12 1 2 106 166 0.835226
12 1 2 106 167 -1
12 1 3 104 234 0.499259
12 1 3 104 235 0.084031
12 1 3 104 236 -1
12 1 3 105 234 0.0409455
12 1 3 105 235 0.405953
12 1 3 105 236 0.42222
12 1 3 106 234 0.42258
12 1 3 106 235 0.141049
12 1 3 106 236 -1
12 1 4 104 297 0.924539
12 1 4 104 298 -1
12 1 4 104 299 0.711671
12 1 4 105 297 -1
12 1 4 105 298 0.997717
12 1 4 105 299 -1
12 1 4 106 297 0.9472
12 1 4 106 298 -1
12 1 4 106 299 0.669805
12 2 3 165 234 -1
12 2 3 165 235 -1
12 2 3 165 236 -1
12 2 3 166 234 0.872163
12 2 3 166 235 -1
12 2 3 166 236 -1
12 2 3 167 234 -1
12 2 3 167 235 0.92672
12 2 3 167 236 -1
12 2 4 165 297 -1
12 2 4 165 298 -1
12 2 4 165 299 0.980475
12 2 4 166 297 0.791794
12 2 4 166 298 -1
12 2 4 166 299 -1
12 2 4 167 297 -1
12 2 4 167 298 0.94089
12 2 4 167 299 -1
12 3 4 234 297 0.800032
12 3 4 234 298 0.111509
12 3 4 234 299 -1
12 3 4 235 297 0.134888
12 3 4 235 298 0.249629
12 3 4 235 299 0.43745
12 3 4 236 297 -1
12 3 4 236 298 0.409914
12 3 4 236 299 0.418782
13 0 1 47 107 0.866768
13 0 1 47 108 -1
13 0 1 47 109 -1
13 0 1 48 107 0.598738
13 0 1 48 108 -1
13 0 1 48 109 -1
13 0 1 49 107 -1
13 0 1 49 108 -1
13 0 1 49 109 0.687574
13 0 2 47 168 -1
13 0 2 47 169 0.390506
13 0 2 47 170 0.913435
13 0 2 47 171 -1
13 0 2 48 168 0.99222
13 0 2 48 169 -1
13 0 2 48 170 -1
13 0 2 48 171 -1
13 0 2 49 168 -1
13 0 2 49 169 -1
13 0 2 49 170 -1
13 0 2 49 171 0.809034
13 0 3 47 237 0.0866646
13 0 3 47 238 -1
13 0 3 47 239 -1
13 0 3 47 240 0.85937
13 0 3 48 237 -1
13 0 3 48 238 0.615833
13 0 3 48 239 -1
13 0 3 48 240 -1
13 0 3 49 237 -1
13 0 3 49 238 -1
13 0 3 49 239 0.913729
13 0 3 49 240 -1
13 0 4 47 300 0.821755
13 0 4 47 301 -1
13 0 4 47 302 0.939727
13 0 4 47 303 -1
13 0 4 48 300 -1
13 0 4 48 301 -1
13 0 4 48 302 -1
13 0 4 48 303 0.867139
13 0 4 49 300 0.775824
13 0 4 49 301 -1
13 0 4 49 302 0.394855
13 0 4 49 303 -1
13 1 2 107 168 -1
13 1 2 107 169 -1
13 1 2 107 170 0.958654
13 1 2 107 171 0.384863
13 1 2 108 168 0.348496
13 1 2 108 169 0.6348
13 1 2 108 170 -1
13 1 2 108 171 -1
13 1 2 109 168 -1
13 1 2 109 169 -1
13 1 2 109 170 -1
13 1 2 109 171 0.946348
13 1 3 107 237 -1
13 1 3 107 238 -1
13 1 3 107 239 0.790045
13 1 3 107 240 0.966064
13 1 3 108 237 0.712826
13 1 3 108 238 -1
13 1 3 108 239 -1
13 1 3 108 240 -1
13 1 3 109 237 -1
13 1 3 109 238 -1
13 1 3 109 239 0.93027
13 1 3 109 240 0.743861
13 1 4 107 300 -1
13 1 4 107 301 -1
13 1 4 107 302 0.887532
13 1 4 107 303 -1
13 1 4 108 300 -1
13 1 4 108 301 0.996219
13 1 4 108 302 -1
13 1 4 108 303 -1
13 1 4 109 300 0.836976
13 1 4 109 301 -1
13 1 4 109 302 -1
13 1 4 109 303 -1
13 2 3 168 237 -1
13 2 3 168 238 0.650866
13 2 3 168 239 -1
13 2 3 168 240 -1
13 2 3 169 237 0.537379
13 2 3 169 238 -1
13 2 3 169 239 -1
13 2 3 169 240 -1
13 2 3 170 237 -1
13 2 3 170 238 -1
13 2 3 170 239 -1
13 2 3 170 240 0.981823
13 2 3 171 237 -1
13 2 3 171 238 -1
13 2 3 171 239 0.97901
13 2 3 171 240 -1
13 2 4 168 300 -1
13 2 4 168 301 -1
13 2 4 168 302 -1
13 2 4 168 303 0.851034
13 2 4 169 300 -1
13 2 4 169 301 0.618053
13 2 4 169 302 -1
13 2 4 169 303 -1
13 2 4 170 300 -1
13 2 4 170 301 -1
13 2 4 170 302 0.956498
13 2 4 170 303 -1
13 2 4 171 300 0.908405
13 2 4 171 301 -1
13 2 4 171 302 -1
13 2 4 171 303 -1
13 3 4 237 300 0.410509
13 3 4 237 301 0.706303
13 3 4 237 302 -1
13 3 4 237 303 -1
13 3 4 238 300 -1
13 3 4 238 301 -1
13 3 4 238 302 -1
13 3 4 238 303 0.674772
13 3 4 239 300 0.979626
13 3 4 239 301 -1
13 3 4 239 302 -1
13 3 4 239 303 -1
13 3 4 240 300 -1
13 3 4 240 301 -1
13 3 4 240 302 0.800142
13 3 4 240 303 -1
14 0 1 50 110 0.963892
14 0 1 50 111 -1
14 0 1 50 112 -1
14 0 1 51 110 -1
14 0 1 51 111 -1
14 0 1 51 112 -1
14 0 1 52 110 -1
14 0 1 52 111 -1
14 0 1 52 112 0.911033
14 0 2 50 172 -1
14 0 2 50 173 -1
14 0 2 50 174 0.906756
14 0 2 50 175 -1
14 0 2 51 172 0.984256
14 0 2 51 173 -1
14 0 2 51 174 -1
14 0 2 51 175 -1
14 0 2 52 172 -1
14 0 2 52 173 -1
14 0 2 52 174 -1
14 0 2 52 175 0.711013
14 0 3 50 241 -1
14 0 3 50 242 -1
14 0 3 50 243 -1
14 0 3 50 244 0.972804
14 0 3 51 241 -1
14 0 3 51 242 0.656836
14 0 3 51 243 -1
14 0 3 51 244 -1
14 0 3 52 241 -1
14 0 3 52 242 -1
14 0 3 52 243 0.787189
14 0 3 52 244 -1
14 0 4 50 304 -1
14 0 4 50 305 0.459144
14 0 4 50 306 0.91027
14 0 4 50 307 -1
14 0 4 51 304 -1
14 0 4 51 305 -1
14 0 4 51 306 -1
14 0 4 51 307 0.973213
14 0 4 52 304 -1
14 0 4 52 305 0.985785
14 0 4 52 306 0.363821
14 0 4 52 307 -1
14 1 2 110 172 -1
14 1 2 110 173 -1
14 1 2 110 174 0.870425
14 1 2 110 175 0.821245
14 1 2 111 172 0.824853
14 1 2 111 173 0.962805
14 1 2 111 174 -1
14 1 2 111 175 -1
14 1 2 112 172 -1
14 1 2 112 173 -1
14 1 2 112 174 0.925206
14 1 2 112 175 0.749129
14 1 3 110 241 -1
14 1 3 110 242 -1
14 1 3 110 243 0.402668
14 1 3 110 244 0.992947
14 1 3 111 241 0.690528
14 1 3 111 242 -1
14 1 3 111 243 -1
14 1 3 111 244 -1
14 1 3 112 241 -1
14 1 3 112 242 -1
14 1 3 112 243 0.956693
14 1 3 112 244 0.246448
14 1 4 110 304 -1
14 1 4 110 305 -1
14 1 4 110 306 0.788578
14 1 4 110 307 -1
14 1 4 111 304 0.781722
14 1 4 111 305 -1
14 1 4 111 306 -1
14 1 4 111 307 0.564256
14 1 4 112 304 -1
14 1 4 112 305 0.956885
14 1 4 112 306 -1
14 1 4 112 307 -1
14 2 3 172 241 -1
14 2 3 172 242 0.662348
14 2 3 172 243 -1
14 2 3 172 244 -1
14 2 3 173 241 0.650146
14 2 3 173 242 -1
14 2 3 173 243 -1
14 2 3 173 244 0.826299
14 2 3 174 241 0.632813
14 2 3 174 242 -1
14 2 3 174 243 -1
14 2 3 174 244 0.87397
14 2 3 175 241 -1
14 2 3 175 242 -1
14 2 3 175 243 0.857322
14 2 3 175 244 -1
14 2 4 172 304 0.314189
14 2 4 172 305 -1
14 2 4 172 306 -1
14 2 4 172 307 0.887853
14 2 4 173 304 0.773356
14 2 4 173 305 -1
14 2 4 173 306 -1
14 2 4 173 307 -1
14 2 4 174 304 -1
14 2 4 174 305 -1
14 2 4 174 306 0.707423
14 2 4 174 307 -1
14 2 4 175 304 -1
14 2 4 175 305 0.811944
14 2 4 175 306 -1
14 2 4 175 307 -1
14 3 4 241 304 0.813526
14 3 4 241 305 -1
14 3 4 241 306 -1
14 3 4 241 307 -1
14 3 4 242 304 -1
14 3 4 242 305 0.439512
14 3 4 242 306 -1
14 3 4 242 307 0.998334
14 3 4 243 304 -1
14 3 4 243 305 0.941996
14 3 4 243 306 -1
14 3 4 243 307 -1
14 3 4 244 304 -1
14 3 4 244 305 -1
14 3 4 244 306 0.881007
14 3 4 244 307 -1
15 0 1 53 113 -1
15 0 1 53 114 -1
15 0 1 53 115 -1
15 0 1 54 113 0.207965
15 0 1 54 114 0.460624
15 0 1 54 115 0.331411
15 0 1 55 113 0.171588
15 0 1 55 114 0.402659
15 0 1 55 115 0.425753
15 0 2 53 176 -1
15 0 2 53 177 0.999566
15 0 2 53 178 -1
15 0 2 54 176 0.596689
15 0 2 54 177 -1
15 0 2 54 178 -1
15 0 2 55 176 -1
15 0 2 55 177 -1
15 0 2 55 178 0.667621
15 0 3 53 245 -1
15 0 3 54 245 0.996987
15 0 3 55 245 -1
15 0 4 53 308 0.892496
15 0 4 53 309 -1
15 0 4 53 310 -1
15 0 4 53 311 -1
15 0 4 54 308 -1
15 0 4 54 309 -1
15 0 4 54 310 0.309049
15 0 4 54 311 0.860708
15 0 4 55 308 -1
15 0 4 55 309 0.885472
15 0 4 55 310 -1
15 0 4 55 311 -1
15 1 2 113 176 0.683153
15 1 2 113 177 -1
15 1 2 113 178 -1
15 1 2 114 176 -1
15 1 2 114 177 -1
15 1 2 114 178 -1
15 1 2 115 176 -1
15 1 2 115 177 0.437221
15 1 2 115 178 0.710765
15 1 3 113 245 0.309879
15 1 3 114 245 0.507787
15 1 3 115 245 0.182334
15 1 4 113 308 0.286226
15 1 4 113 309 -1
15 1 4 113 310 0.66743
15 1 4 113 311 0.28162
15 1 4 114 308 0.281572
15 1 4 114 309 -1
15 1 4 114 310 0.833917
15 1 4 114 311 -1
15 1 4 115 308 0.432203
15 1 4 115 309 0.991937
15 1 4 115 310 -1
15 1 4 115 311 -1
15 2 3 176 245 0.634862
15 2 3 177 245 -1
15 2 3 178 245 -1
15 2 4 176 308 0.0118948
15 2 4 176 309 -1
15 2 4 176 310 0.477122
15 2 4 176 311 0.578619
15 2 4 177 308 0.543756
15 2 4 177 309 0.667369
15 2 4 177 310 -1
15 2 4 177 311 -1
15 2 4 178 308 0.444349
15 2 4 178 309 0.739864
15 2 4 178 310 -1
15 2 4 178 311 -1
15 3 4 245 308 -1
15 3 4 245 309 0.280563
15 3 4 245 310 -1
15 3 4 245 311 0.976064
16 0 1 56 116 0.533646
16 0 1 56 117 0.466354
16 0 1 57 116 -1
16 0 1 57 117 -1
16 0 2 56 179 -1
16 0 2 56 180 0.85819
16 0 2 56 181 -1
16 0 2 57 179 0.961266
16 0 2 57 180 -1
16 0 2 57 181 -1
16 0 3 56 246 0.709278
16 0 3 56 247 -1
16 0 3 56 248 0.840889
16 0 3 57 246 0.247366
16 0 3 57 247 -1
16 0 3 57 248 -1
16 0 4 56 312 -1
16 0 4 56 313 0.834903
16 0 4 56 314 -1
16 0 4 56 315 0.650063
16 0 4 56 316 -1
16 0 4 57 312 -1
16 0 4 57 313 -1
16 0 4 57 314 -1
16 0 4 57 315 -1
16 0 4 57 316 0.889101
16 1 2 116 179 0.494497
16 1 2 116 180 0.730211
16 1 2 116 181 -1
16 1 2 117 179 -1
16 1 2 117 180 -1
16 1 2 117 181 0.467162
16 1 3 116 246 0.771815
16 1 3 116 247 -1
16 1 3 116 248 -1
16 1 3 117 246 -1
16 1 3 117 247 0.991941
16 1 3 117 248 0.343019
16 1 4 116 312 0.459471
16 1 4 116 313 0.904184
16 1 4 116 314 -1
16 1 4 116 315 -1
16 1 4 116 316 0.826546
16 1 4 117 312 0.258846
16 1 4 117 313 -1
16 1 4 117 314 0.973867
16 1 4 117 315 0.30088
16 1 4 117 316 -1
16 2 3 179 246 -1
16 2 3 179 247 -1
16 2 3 179 248 -1
16 2 3 180 246 0.838662
16 2 3 180 247 -1
16 2 3 180 248 -1
16 2 3 181 246 0.431751
16 2 3 181 247 0.179897
16 2 3 181 248 -1
16 2 4 179 312 -1
16 2 4 179 313 -1
16 2 4 179 314 -1
16 2 4 179 315 -1
16 2 4 179 316 0.832635
16 2 4 180 312 -1
16 2 4 180 313 0.87467
16 2 4 180 314 -1
16 2 4 180 315 -1
16 2 4 180 316 -1
16 2 4 181 312 -1
16 2 4 181 313 -1
16 2 4 181 314 0.535941
16 2 4 181 315 -1
16 2 4 181 316 -1
16 3 4 246 312 -1
16 3 4 246 313 0.849416
16 3 4 246 314 0.00963807
16 3 4 246 315 -1
16 3 4 246 316 -1
16 3 4 247 312 -1
16 3 4 247 313 -1
16 3 4 247 314 0.943596
16 3 4 247 315 -1
16 3 4 247 316 -1
16 3 4 248 312 -1
16 3 4 248 313 -1
16 3 4 248 314 -1
16 3 4 248 315 0.974578
16 3 4 248 316 -1
17 0 1 58 118 0.968625
17 0 1 58 119 -1
17 0 1 58 120 -1
17 0 1 59 118 -1
17 0 1 59 119 0.148342
17 0 1 59 120 -1
17 0 1 60 118 -1
17 0 1 60 119 0.7295
17 0 1 60 120 -1
17 0 2 58 182 -1
17 0 2 58 183 -1
17 0 2 58 184 0.843696
17 0 2 58 185 -1
17 0 2 59 182 0.992291
17 0 2 59 183 -1
17 0 2 59 184 -1
17 0 2 59 185 -1
17 0 2 60 182 -1
17 0 2 60 183 0.726389
17 0 2 60 184 -1
17 0 2 60 185 -1
17 0 3 58 249 -1
17 0 3 58 250 -1
17 0 3 58 251 -1
17 0 3 58 252 0.904276
17 0 3 59 249 -1
17 0 3 59 250 0.726496
17 0 3 59 251 -1
17 0 3 59 252 -1
17 0 3 60 249 0.346918
17 0 3 60 250 -1
17 0 3 60 251 0.922611
17 0 3 60 252 -1
17 0 4 58 317 -1
17 0 4 58 318 0.942787
17 0 4 58 319 0.359004
17 0 4 58 320 -1
17 0 4 59 317 -1
17 0 4 59 318 -1
17 0 4 59 319 -1
17 0 4 59 320 -1
17 0 4 60 317 -1
17 0 4 60 318 0.9984
17 0 4 60 319 0.359801
17 0 4 60 320 -1
17 1 2 118 182 -1
17 1 2 118 183 -1
17 1 2 118 184 0.983002
17 1 2 118 185 0.687937
17 1 2 119 182 -1
17 1 2 119 183 -1
17 1 2 119 184 0.432083
17 1 2 119 185 0.226453
17 1 2 120 182 -1
17 1 2 120 183 0.955656
17 1 2 120 184 -1
17 1 2 120 185 -1
17 1 3 118 249 -1
17 1 3 118 250 -1
17 1 3 118 251 0.722645
17 1 3 118 252 0.337196
17 1 3 119 249 -1
17 1 3 119 250 -1
17 1 3 119 251 0.997073
17 1 3 119 252 0.623777
17 1 3 120 249 0.793063
17 1 3 120 250 -1
17 1 3 120 251 -1
17 1 3 120 252 -1
17 1 4 118 317 -1
17 1 4 118 318 -1
17 1 4 118 319 0.886687
17 1 4 118 320 -1
17 1 4 119 317 -1
17 1 4 119 318 0.748898
17 1 4 119 319 -1
17 1 4 119 320 -1
17 1 4 120 317 0.767075
17 1 4 120 318 -1
17 1 4 120 319 -1
17 1 4 120 320 0.085339
17 2 3 182 249 -1
17 2 3 182 250 0.750336
17 2 3 182 251 -1
17 2 3 182 252 -1
17 2 3 183 249 0.796628
17 2 3 183 250 -1
17 2 3 183 251 -1
17 2 3 183 252 0.865316
17 2 3 184 249 0.597153
17 2 3 184 250 -1
17 2 3 184 251 -1
17 2 3 184 252 0.57476
17 2 3 185 249 -1
17 2 3 185 250 -1
17 2 3 185 251 0.0877057
17 2 3 185 252 -1
17 2 4 182 317 0.936304
17 2 4 182 318 -1
17 2 4 182 319 -1
17 2 4 182 320 -1
17 2 4 183 317 0.713789
17 2 4 183 318 -1
17 2 4 183 319 -1
17 2 4 183 320 -1
17 2 4 184 317 -1
17 2 4 184 318 -1
17 2 4 184 319 0.881697
17 2 4 184 320 -1
17 2 4 185 317 -1
17 2 4 185 318 0.5977
17 2 4 185 319 -1
17 2 4 185 320 -1
17 3 4 249 317 0.981726
17 3 4 249 318 -1
17 3 4 249 319 -1
17 3 4 249 320 -1
17 3 4 250 317 -1
17 3 4 250 318 0.603301
17 3 4 250 319 -1
17 3 4 250 320 -1
17 3 4 251 317 -1
17 3 4 251 318 0.99346
17 3 4 251 319 -1
17 3 4 251 320 -1
17 3 4 252 317 -1
17 3 4 252 318 -1
17 3 4 252 319 0.488407
17 3 4 252 320 -1
18 0 1 61 121 0.924272
18 0 1 61 122 -1
18 0 1 61 123 -1
18 0 1 62 121 0.378019
18 0 1 62 122 -1
18 0 1 62 123 -1
18 0 1 63 121 -1
18 0 1 63 122 -1
18 0 1 63 123 0.517594
18 0 2 61 186 -1
18 0 2 61 187 0.262972
18 0 2 61 188 0.956369
18 0 2 61 189 -1
18 0 2 62 186 0.798716
18 0 2 62 187 -1
18 0 2 62 188 -1
18 0 2 62 189 -1
18 0 2 63 186 -1
18 0 2 63 187 -1
18 0 2 63 188 -1
18 0 2 63 189 0.141565
18 0 3 61 253 -1
18 0 3 61 254 -1
18 0 3 61 255 0.909241
18 0 3 62 253 -1
18 0 3 62 254 -1
18 0 3 62 255 -1
18 0 3 63 253 -1
18 0 3 63 254 0.978379
18 0 3 63 255 -1
18 0 4 61 321 0.823486
18 0 4 61 322 -1
18 0 4 61 323 0.608814
18 0 4 61 324 -1
18 0 4 62 321 -1
18 0 4 62 322 -1
18 0 4 62 323 -1
18 0 4 62 324 0.656819
18 0 4 63 321 0.267951
18 0 4 63 322 -1
18 0 4 63 323 0.793694
18 0 4 63 324 -1
18 1 2 121 186 -1
18 1 2 121 187 -1
18 1 2 121 188 0.926567
18 1 2 121 189 0.706162
18 1 2 122 186 0.680865
18 1 2 122 187 -1
18 1 2 122 188 -1
18 1 2 122 189 -1
18 1 2 123 186 -1
18 1 2 123 187 -1
18 1 2 123 188 -1
18 1 2 123 189 0.0935118
18 1 3 121 253 -1
18 1 3 121 254 0.956252
18 1 3 121 255 0.995322
18 1 3 122 253 0.971132
18 1 3 122 254 -1
18 1 3 122 255 -1
18 1 3 123 253 -1
18 1 3 123 254 0.702657
18 1 3 123 255 0.583799
18 1 4 121 321 -1
18 1 4 121 322 -1
18 1 4 121 323 0.336362
18 1 4 121 324 -1
18 1 4 122 321 -1
18 1 4 122 322 0.474701
18 1 4 122 323 -1
18 1 4 122 324 -1
18 1 4 123 321 0.716295
18 1 4 123 322 -1
18 1 4 123 323 -1
18 1 4 123 324 -1
18 2 3 186 253 -1
18 2 3 186 254 -1
18 2 3 186 255 -1
18 2 3 187 253 0.529945
18 2 3 187 254 -1
18 2 3 187 255 -1
18 2 3 188 253 -1
18 2 3 188 254 -1
18 2 3 188 255 0.990276
18 2 3 189 253 -1
18 2 3 189 254 0.329413
18 2 3 189 255 -1
18 2 4 186 321 -1
18 2 4 186 322 -1
18 2 4 186 323 -1
18 2 4 186 324 0.407378
18 2 4 187 321 -1
18 2 4 187 322 0.156834
18 2 4 187 323 -1
18 2 4 187 324 -1
18 2 4 188 321 -1
18 2 4 188 322 -1
18 2 4 188 323 0.588265
18 2 4 188 324 -1
18 2 4 189 321 0.592381
18 2 4 189 322 -1
18 2 4 189 323 -1
18 2 4 189 324 -1
18 3 4 253 321 0.547553
18 3 4 253 322 0.84851
18 3 4 253 323 -1
18 3 4 253 324 -1
18 3 4 254 321 0.918093
18 3 4 254 322 0.198257
18 3 4 254 323 -1
18 3 4 254 324 -1
18 3 4 255 321 -1
18 3 4 255 322 -1
18 3 4 255 323 0.753958
18 3 4 255 324 0.894158
end of Frame 260
