J OverallIdx viewIdx joint种类0-18(jointIdx) 该joint在图中的顺序(candidix) x y score
0 0 0 0 743.173 394.264 0.649288
1 0 0 1 241.218 415.431 0.51772
2 0 0 2 353.386 489.214 0.398588
3 0 1 0 344.911 177.092 0.725799
4 0 1 1 221.588 191.915 0.499328
5 0 1 2 757.178 212.946 0.867679
6 0 2 0 703.824 385.925 0.629835
7 0 2 1 246.804 415.415 0.591932
8 0 2 2 389.826 493.43 0.371649
9 0 3 0 782.386 396.418 0.640144
10 0 3 1 238.351 415.442 0.398275
11 0 3 2 325.234 485.02 0.361362
12 0 4 0 459.824 109.608 0.561702
13 0 4 1 257.881 124.431 0.365465
14 0 4 2 305.768 143.419 0.549324
15 0 4 3 754.509 145.495 0.906797
16 0 5 0 381.406 179.216 0.715037
17 0 5 1 241.131 196.156 0.813628
18 0 5 2 701.024 210.89 0.802544
19 0 6 0 302.89 170.832 0.613998
20 0 6 1 201.899 185.532 0.431306
21 0 6 2 819.013 215.056 0.865583
22 0 7 0 684.355 525.072 0.578168
23 0 7 1 288.888 579.849 0.579625
24 0 7 2 412.305 697.986 0.320917
25 0 8 0 760.018 539.834 0.679682
26 0 8 1 213.234 569.387 0.685474
27 0 8 2 378.598 615.782 0.319513
28 0 9 0 431.913 71.6534 0.819306
29 0 9 1 213.139 126.563 0.799795
30 0 9 2 258.126 126.554 0.835739
31 0 9 3 728.977 141.301 0.29768
32 0 10 0 796.491 141.289 0.868727
33 0 11 0 667.503 301.582 0.769748
34 0 11 1 193.572 312.089 0.890762
35 0 11 2 485.208 352.151 0.767414
36 0 12 0 841.219 312.082 0.866969
37 0 13 0 673.008 649.514 0.251914
38 0 13 1 303.018 733.855 0.643604
39 0 14 0 740.372 674.755 0.693204
40 0 14 1 190.598 723.261 0.719148
41 0 14 2 398.246 765.315 0.150801
42 0 15 0 594.404 290.96 0.81113
43 0 15 1 642.274 377.472 0.820259
44 0 15 2 294.41 379.552 0.626742
45 0 16 0 855.331 398.529 0.840068
46 0 17 0 793.68 721.21 0.7462
47 0 17 1 263.588 740.162 0.598334
48 0 18 0 336.532 731.717 0.244499
49 1 0 0 729.01 369.003 0.740927
50 1 0 1 403.782 375.309 0.670698
51 1 0 2 532.903 396.413 0.71488
52 1 0 3 860.992 411.223 0.632639
53 1 1 0 392.617 215.116 0.900195
54 1 1 1 532.842 231.932 0.875607
55 1 1 2 863.73 229.847 0.931101
56 1 1 3 732.05 246.684 0.830731
57 1 2 0 703.796 366.929 0.717391
58 1 2 1 437.376 373.247 0.693269
59 1 2 2 569.353 396.389 0.730445
60 1 2 3 905.771 413.289 0.645396
61 1 3 0 751.604 369.04 0.730674
62 1 3 1 370.251 375.356 0.694163
63 1 3 2 504.697 396.463 0.726256
64 1 3 3 818.904 411.162 0.648906
65 1 4 0 437.535 156.058 0.850212
66 1 4 1 597.333 191.92 0.906815
67 1 4 2 760.013 210.869 0.60359
68 1 5 0 434.657 210.866 0.889797
69 1 5 1 577.727 231.984 0.812206
70 1 5 2 928.154 236.166 0.799178
71 1 5 3 689.938 244.73 0.859379
72 1 6 0 350.64 225.542 0.824359
73 1 6 1 487.919 231.984 0.845993
74 1 6 2 807.605 227.761 0.794499
75 1 6 3 776.861 246.746 0.723077
76 1 7 0 684.414 468.118 0.811647
77 1 7 1 443.16 495.527 0.784839
78 1 7 2 574.821 522.95 0.81521
79 1 7 3 886.065 550.424 0.786366
80 1 8 0 729.275 466.086 0.779442
81 1 8 1 389.657 495.548 0.809401
82 1 8 2 504.862 527.152 0.822995
83 1 8 3 818.733 541.929 0.770427
84 1 9 0 412.213 158.131 0.90343
85 1 9 1 897.396 168.678 0.77677
86 1 9 2 569.328 175.048 0.94213
87 1 9 3 720.742 208.683 0.833175
88 1 10 0 841.182 162.474 0.926601
89 1 11 0 454.315 280.543 0.761756
90 1 11 1 664.583 307.839 0.895626
91 1 11 2 588.896 312.184 0.860963
92 1 11 3 942.221 328.945 0.854591
93 1 12 0 342.068 295.26 0.314532
94 1 12 1 743.113 297.417 0.790357
95 1 12 2 459.953 318.408 0.916107
96 1 13 0 681.358 556.692 0.780247
97 1 13 1 437.402 615.695 0.844926
98 1 13 2 580.467 641.062 0.752135
99 1 13 3 872.118 681.085 0.707973
100 1 14 0 709.569 554.565 0.688077
101 1 14 1 384.194 615.803 0.786995
102 1 14 2 507.519 649.501 0.80878
103 1 14 3 821.775 664.282 0.791562
104 1 15 0 667.418 362.579 0.902738
105 1 15 1 597.423 364.822 0.831939
106 1 16 0 748.734 231.974 0.401447
107 1 16 1 499.111 369.039 0.652686
108 1 16 2 776.869 371.16 0.664496
109 1 17 0 706.662 579.942 0.465169
110 1 17 1 398.227 622.042 0.351344
111 1 17 2 482.375 632.625 0.26009
112 1 17 3 535.592 649.441 0.408489
113 1 17 4 793.523 662.071 0.684138
114 1 18 0 681.504 584.139 0.776115
115 1 18 1 457.149 619.948 0.398589
116 1 18 2 572.055 636.817 0.532022
117 1 18 3 866.508 695.83 0.363697
118 2 0 0 504.655 183.456 0.467009
119 2 0 1 863.828 358.496 0.738403
120 2 0 2 636.605 415.474 0.724149
121 2 0 3 459.916 430.216 0.690026
122 2 1 0 504.931 63.237 0.750824
123 2 1 1 928.104 210.849 0.874035
124 2 1 2 642.159 248.864 0.876295
125 2 1 3 457.144 257.257 0.861703
126 2 2 0 490.746 187.654 0.490256
127 2 2 1 886.239 360.555 0.707127
128 2 2 2 667.443 415.468 0.685892
129 2 2 3 501.9 430.12 0.653754
130 2 3 0 515.959 181.337 0.491074
131 2 3 1 841.409 356.399 0.702284
132 2 3 2 597.424 419.611 0.68266
133 2 3 3 417.983 432.317 0.633568
134 2 4 0 552.566 27.5118 0.835377
135 2 4 1 869.404 147.618 0.563156
136 2 5 0 490.782 65.4036 0.758456
137 2 5 1 950.682 210.786 0.784709
138 2 5 2 524.282 246.67 0.866513
139 2 5 3 703.832 246.703 0.859574
140 2 6 0 524.472 61.1681 0.689971
141 2 6 1 900.165 210.909 0.823692
142 2 6 2 588.871 255.11 0.820198
143 2 6 3 392.604 261.592 0.87151
144 2 7 0 860.879 438.579 0.830523
145 2 7 1 622.577 514.525 0.665657
146 2 7 2 479.603 529.303 0.772453
147 2 8 0 799.197 434.428 0.845517
148 2 8 1 597.434 529.24 0.758035
149 2 8 2 437.446 548.313 0.843087
150 2 9 0 521.641 18.9696 0.874096
151 2 9 1 490.743 170.795 0.680363
152 2 9 2 673.004 175.06 0.822805
153 2 10 0 905.795 143.395 0.948546
154 2 10 1 608.59 166.625 0.639701
155 2 10 2 415.14 175.025 0.654049
156 2 11 0 482.356 126.599 0.625317
157 2 11 1 891.799 267.793 0.296086
158 2 11 2 538.438 345.893 0.826933
159 2 11 3 723.518 345.89 0.875334
160 2 12 0 835.662 282.569 0.837636
161 2 12 1 574.899 364.8 0.77972
162 2 12 2 367.374 364.786 0.84234
163 2 13 0 846.888 525.059 0.771436
164 2 13 1 597.32 569.319 0.603292
165 2 13 2 479.613 630.443 0.818908
166 2 14 0 790.775 510.331 0.809133
167 2 14 1 608.489 641.062 0.650632
168 2 14 2 454.29 662.121 0.699734
169 2 15 0 507.555 181.374 0.651165
170 2 15 1 863.706 217.235 0.761876
171 2 15 2 661.868 345.737 0.58554
172 2 16 0 527.318 177.119 0.359341
173 2 16 1 776.857 234.087 0.797974
174 2 16 2 571.972 396.514 0.365141
175 2 17 0 748.713 499.839 0.719248
176 2 17 1 597.31 636.812 0.311627
177 2 17 2 440.354 655.827 0.473915
178 2 18 0 830.05 514.455 0.44562
179 2 18 1 555.239 565.155 0.611574
180 2 18 2 462.838 638.92 0.281385
181 3 0 0 218.79 347.911 0.712664
182 3 0 1 569.186 377.425 0.571037
183 3 1 0 574.87 174.979 0.727043
184 3 1 1 636.606 183.425 0.271929
185 3 1 2 210.396 185.56 0.820375
186 3 2 0 235.697 347.909 0.729717
187 3 2 1 580.52 375.345 0.447188
188 3 3 0 619.757 347.927 0.240876
189 3 3 1 207.452 347.93 0.661452
190 3 3 2 549.607 379.559 0.560118
191 3 4 0 266.451 143.354 0.868908
192 3 5 0 602.966 172.886 0.627028
193 3 5 1 227.182 183.497 0.806964
194 3 6 0 549.667 175.065 0.756908
195 3 6 1 190.755 187.669 0.743514
196 3 6 2 642.232 187.658 0.428594
197 3 7 0 258.001 466.01 0.859866
198 3 7 1 628.13 493.461 0.236442
199 3 7 2 538.414 512.426 0.591914
200 3 8 0 232.735 463.821 0.801305
201 3 8 1 619.752 495.559 0.506743
202 3 8 2 566.459 522.935 0.583742
203 3 9 0 591.637 90.6702 0.210714
204 3 9 1 235.502 134.967 0.88724
205 3 10 0 521.567 90.6151 0.791869
206 3 10 1 616.972 141.235 0.790371
207 3 11 0 235.469 267.798 0.891391
208 3 11 1 642.226 276.209 0.189419
209 3 12 0 521.625 280.533 0.721304
210 3 13 0 249.59 575.635 0.705279
211 3 13 1 647.808 609.415 0.238157
212 3 13 2 572.208 638.939 0.527859
213 3 14 0 232.791 567.211 0.68317
214 3 14 1 647.835 611.473 0.490299
215 3 14 2 608.496 683.29 0.725322
216 3 15 0 288.911 329.067 0.870797
217 3 16 0 459.899 364.866 0.845605
218 3 17 0 299.957 581.921 0.203757
219 3 17 1 546.888 681.099 0.672608
220 3 18 0 305.765 582.091 0.787613
221 3 18 1 527.264 653.702 0.606616
222 4 0 0 459.796 261.424 0.714389
223 4 0 1 689.933 278.39 0.764593
224 4 0 2 827.244 284.676 0.687323
225 4 0 3 370.334 345.783 0.615493
226 4 1 0 852.574 107.468 0.848772
227 4 1 1 695.501 130.757 0.834474
228 4 1 2 344.945 126.476 0.902185
229 4 1 3 459.861 139.181 0.824685
230 4 2 0 423.431 261.539 0.633908
231 4 2 1 661.876 278.385 0.784798
232 4 2 2 793.621 282.54 0.714561
233 4 2 3 415.143 341.619 0.559068
234 4 3 0 488.009 259.387 0.687299
235 4 3 1 723.527 278.404 0.736958
236 4 3 2 863.76 288.898 0.722275
237 4 3 3 325.411 345.877 0.594647
238 4 4 0 818.776 23.2307 0.936344
239 4 4 1 639.442 90.6803 0.933532
240 4 4 2 437.59 107.492 0.856993
241 4 5 0 799.377 103.279 0.813562
242 4 5 1 414.986 126.498 0.833636
243 4 5 2 656.134 130.778 0.821539
244 4 6 0 905.796 109.604 0.879815
245 4 6 1 277.572 128.725 0.826019
246 4 6 2 737.554 130.715 0.813987
247 4 6 3 501.928 134.918 0.774208
248 4 7 0 426.284 379.59 0.345526
249 4 7 1 658.964 406.972 0.788676
250 4 7 2 787.975 415.363 0.800048
251 4 7 3 431.8 514.588 0.700082
252 4 8 0 493.615 362.687 0.627176
253 4 8 1 726.352 411.139 0.821994
254 4 8 2 858.167 417.529 0.808417
255 4 8 3 367.273 529.206 0.759754
256 4 9 0 367.342 46.3811 0.670495
257 4 10 0 872.196 29.5125 0.826172
258 4 10 1 297.271 50.5897 0.70334
259 4 10 2 681.458 75.9241 0.942641
260 4 10 3 468.293 90.7066 0.720416
261 4 11 0 782.425 187.694 0.708778
262 4 11 1 659.074 194.085 0.860059
263 4 11 2 459.839 236.175 0.868696
264 4 12 0 549.506 194.049 0.696778
265 4 12 1 773.856 208.801 0.906392
266 4 12 2 908.766 206.666 0.829567
267 4 12 3 258.098 257.21 0.873399
268 4 13 0 445.922 461.761 0.280912
269 4 13 1 653.415 514.541 0.779248
270 4 13 2 796.434 529.327 0.835024
271 4 13 3 434.634 653.682 0.728612
272 4 14 0 482.425 468.165 0.626219
273 4 14 1 723.52 510.286 0.794766
274 4 14 2 844.212 533.513 0.823991
275 4 14 3 389.838 666.265 0.759672
276 4 15 0 639.488 246.687 0.905147
277 4 15 1 751.671 250.935 0.749723
278 4 15 2 479.409 314.172 0.763952
279 4 16 0 527.155 175.003 0.479809
280 4 16 1 743.14 271.987 0.689541
281 4 16 2 852.551 280.511 0.799499
282 4 16 3 249.589 347.927 0.809015
283 4 17 0 479.563 499.791 0.602623
284 4 17 1 687.09 529.284 0.682341
285 4 17 2 818.794 562.945 0.804136
286 4 17 3 328.109 662.159 0.732221
287 4 18 0 659.082 546.105 0.801678
288 4 18 1 776.815 563.038 0.817629
P viewIdx, pafIdx, aOverAllIdx, bOverAllIdx, CandidAIdx, CandidBIdx, score
0 0 3 0 0 0 0
0 0 3 1 0 1 0
0 0 3 2 0 2 0.962578
0 0 4 0 1 0 0
0 0 4 1 1 1 0.848766
0 0 4 2 1 2 0
0 0 5 0 2 0 0.982262
0 0 5 1 2 1 0
0 0 5 2 2 2 0
0 1 6 22 0 0 0.956616
0 1 6 23 0 1 0
0 1 6 24 0 2 0
0 1 7 22 1 0 0
0 1 7 23 1 1 0.961522
0 1 7 24 1 2 0
0 1 8 22 2 0 0
0 1 8 23 2 1 0
0 1 8 24 2 2 0.927814
0 2 22 37 0 0 0.856135
0 2 22 38 0 1 0
0 2 23 37 1 0 0
0 2 23 38 1 1 0.959304
0 2 24 37 2 0 0
0 2 24 38 2 1 0
0 3 0 6 0 0 0.91125
0 3 0 7 0 1 0
0 3 0 8 0 2 0
0 3 1 6 1 0 0
0 3 1 7 1 1 0.626065
0 3 1 8 1 2 0
0 3 2 6 2 0 0
0 3 2 7 2 1 0
0 3 2 8 2 2 0.823374
0 4 0 9 0 0 0.921751
0 4 0 10 0 1 0
0 4 0 11 0 2 0
0 4 1 9 1 0 0
0 4 1 10 1 1 0.620055
0 4 1 11 1 2 0
0 4 2 9 2 0 0
0 4 2 10 2 1 0
0 4 2 11 2 2 0.825505
0 5 9 25 0 0 0.962963
0 5 9 26 0 1 0
0 5 9 27 0 2 0
0 5 10 25 1 0 0
0 5 10 26 1 1 0.532203
0 5 10 27 1 2 0.274612
0 5 11 25 2 0 0
0 5 11 26 2 1 0
0 5 11 27 2 2 0.527868
0 6 25 39 0 0 0.973635
0 6 25 40 0 1 0
0 6 25 41 0 2 0
0 6 26 39 1 0 0
0 6 26 40 1 1 0.97157
0 6 26 41 1 2 0
0 6 27 39 2 0 0
0 6 27 40 2 1 0
0 6 27 41 2 2 0.80484
0 7 3 16 0 0 0.966672
0 7 3 17 0 1 0
0 7 3 18 0 2 0
0 7 4 16 1 0 0
0 7 4 17 1 1 0.842384
0 7 4 18 1 2 0
0 7 5 16 2 0 0
0 7 5 17 2 1 0
0 7 5 18 2 2 0.991929
0 8 16 33 0 0 0
0 8 16 34 0 1 0
0 8 16 35 0 2 0.992242
0 8 17 33 1 0 0
0 8 17 34 1 1 0.938027
0 8 17 35 1 2 0
0 8 18 33 2 0 0.961901
0 8 18 34 2 1 0
0 8 18 35 2 2 0
0 9 33 42 0 0 0
0 9 33 43 0 1 0.952938
0 9 33 44 0 2 0
0 9 34 42 1 0 0
0 9 34 43 1 1 0
0 9 34 44 1 2 0.98775
0 9 35 42 2 0 0.93193
0 9 35 43 2 1 0
0 9 35 44 2 2 0
0 10 16 28 0 0 0.962125
0 10 16 29 0 1 0
0 10 16 30 0 2 0
0 10 16 31 0 3 0
0 10 17 28 1 0 0
0 10 17 29 1 1 0.489209
0 10 17 30 1 2 0.510791
0 10 17 31 1 3 0
0 10 18 28 2 0 0
0 10 18 29 2 1 0
0 10 18 30 2 2 0
0 10 18 31 2 3 0.822923
0 11 3 19 0 0 0.944475
0 11 3 20 0 1 0
0 11 3 21 0 2 0
0 11 4 19 1 0 0
0 11 4 20 1 1 0.847531
0 11 4 21 1 2 0
0 11 5 19 2 0 0
0 11 5 20 2 1 0
0 11 5 21 2 2 0.99885
0 12 19 36 0 0 0
0 12 20 36 1 0 0
0 12 21 36 2 0 0.992801
0 13 36 45 0 0 0.9862
0 14 19 32 0 0 0
0 14 20 32 1 0 0
0 14 21 32 2 0 0.981847
0 15 3 12 0 0 0.86089
0 15 3 13 0 1 0
0 15 3 14 0 2 0
0 15 3 15 0 3 0
0 15 4 12 1 0 0
0 15 4 13 1 1 0
0 15 4 14 1 2 0
0 15 4 15 1 3 0
0 15 5 12 2 0 0
0 15 5 13 2 1 0
0 15 5 14 2 2 0
0 15 5 15 2 3 0.988757
0 16 39 46 0 0 0.978741
0 16 39 47 0 1 0
0 16 40 46 1 0 0
0 16 40 47 1 1 0.962456
0 16 41 46 2 0 0
0 16 41 47 2 1 0
0 17 37 48 0 0 0
0 17 38 48 1 0 0.779364
1 0 53 49 0 0 0
1 0 53 50 0 1 0.996567
1 0 53 51 0 2 0
1 0 53 52 0 3 0
1 0 54 49 1 0 0
1 0 54 50 1 1 0
1 0 54 51 1 2 0.996485
1 0 54 52 1 3 0
1 0 55 49 2 0 0
1 0 55 50 2 1 0
1 0 55 51 2 2 0
1 0 55 52 2 3 0.988339
1 0 56 49 3 0 0.981533
1 0 56 50 3 1 0
1 0 56 51 3 2 0
1 0 56 52 3 3 0
1 1 57 76 0 0 0.981548
1 1 57 77 0 1 0
1 1 57 78 0 2 0
1 1 57 79 0 3 0
1 1 58 76 1 0 0
1 1 58 77 1 1 0.990851
1 1 58 78 1 2 0
1 1 58 79 1 3 0
1 1 59 76 2 0 0
1 1 59 77 2 1 0
1 1 59 78 2 2 0.994801
1 1 59 79 2 3 0
1 1 60 76 3 0 0
1 1 60 77 3 1 0
1 1 60 78 3 2 0
1 1 60 79 3 3 0.98821
1 2 76 96 0 0 0.989064
1 2 76 97 0 1 0
1 2 76 98 0 2 0
1 2 76 99 0 3 0
1 2 77 96 1 0 0
1 2 77 97 1 1 0.994783
1 2 77 98 1 2 0
1 2 77 99 1 3 0
1 2 78 96 2 0 0
1 2 78 97 2 1 0
1 2 78 98 2 2 0.994856
1 2 78 99 2 3 0
1 2 79 96 3 0 0
1 2 79 97 3 1 0
1 2 79 98 3 2 0
1 2 79 99 3 3 0.972376
1 3 49 57 0 0 0.934028
1 3 49 58 0 1 0
1 3 49 59 0 2 0
1 3 49 60 0 3 0
1 3 50 57 1 0 0
1 3 50 58 1 1 0.921279
1 3 50 59 1 2 0
1 3 50 60 1 3 0
1 3 51 57 2 0 0
1 3 51 58 2 1 0
1 3 51 59 2 2 0.935252
1 3 51 60 2 3 0
1 3 52 57 3 0 0
1 3 52 58 3 1 0
1 3 52 59 3 2 0
1 3 52 60 3 3 0.902262
1 4 49 61 0 0 0.931661
1 4 49 62 0 1 0
1 4 49 63 0 2 0
1 4 49 64 0 3 0
1 4 50 61 1 0 0
1 4 50 62 1 1 0.925263
1 4 50 63 1 2 0
1 4 50 64 1 3 0
1 4 51 61 2 0 0
1 4 51 62 2 1 0
1 4 51 63 2 2 0.929281
1 4 51 64 2 3 0
1 4 52 61 3 0 0
1 4 52 62 3 1 0
1 4 52 63 3 2 0
1 4 52 64 3 3 0.902123
1 5 61 80 0 0 0.530765
1 5 61 81 0 1 0
1 5 61 82 0 2 0
1 5 61 83 0 3 0
1 5 62 80 1 0 0
1 5 62 81 1 1 0.991122
1 5 62 82 1 2 0
1 5 62 83 1 3 0
1 5 63 80 2 0 0
1 5 63 81 2 1 0
1 5 63 82 2 2 0.993392
1 5 63 83 2 3 0
1 5 64 80 3 0 0.256593
1 5 64 81 3 1 0
1 5 64 82 3 2 0
1 5 64 83 3 3 0.540509
1 6 80 100 0 0 0.954267
1 6 80 101 0 1 0
1 6 80 102 0 2 0
1 6 80 103 0 3 0
1 6 81 100 1 0 0
1 6 81 101 1 1 0.989822
1 6 81 102 1 2 0
1 6 81 103 1 3 0
1 6 82 100 2 0 0
1 6 82 101 2 1 0
1 6 82 102 2 2 0.997417
1 6 82 103 2 3 0
1 6 83 100 3 0 0
1 6 83 101 3 1 0
1 6 83 102 3 2 0
1 6 83 103 3 3 0.99548
1 7 53 68 0 0 0.983045
1 7 53 69 0 1 0
1 7 53 70 0 2 0
1 7 53 71 0 3 0
1 7 54 68 1 0 0
1 7 54 69 1 1 0.99415
1 7 54 70 1 2 0
1 7 54 71 1 3 0
1 7 55 68 2 0 0
1 7 55 69 2 1 0
1 7 55 70 2 2 0.994179
1 7 55 71 2 3 0
1 7 56 68 3 0 0
1 7 56 69 3 1 0
1 7 56 70 3 2 0
1 7 56 71 3 3 0.988705
1 8 68 89 0 0 0.997351
1 8 68 90 0 1 0
1 8 68 91 0 2 0
1 8 68 92 0 3 0
1 8 69 89 1 0 0
1 8 69 90 1 1 0
1 8 69 91 1 2 0.983553
1 8 69 92 1 3 0
1 8 70 89 2 0 0
1 8 70 90 2 1 0
1 8 70 91 2 2 0
1 8 70 92 2 3 0.996654
1 8 71 89 3 0 0
1 8 71 90 3 1 0.96248
1 8 71 91 3 2 0
1 8 71 92 3 3 0
1 9 89 104 0 0 0
1 9 89 105 0 1 0
1 9 90 104 1 0 0.52375
1 9 90 105 1 1 0
1 9 91 104 2 0 0.248339
1 9 91 105 2 1 0.525845
1 9 92 104 3 0 0
1 9 92 105 3 1 0
1 10 68 84 0 0 0.997688
1 10 68 85 0 1 0
1 10 68 86 0 2 0
1 10 68 87 0 3 0
1 10 69 84 1 0 0
1 10 69 85 1 1 0
1 10 69 86 1 2 0.998688
1 10 69 87 1 3 0
1 10 70 84 2 0 0
1 10 70 85 2 1 0.99896
1 10 70 86 2 2 0
1 10 70 87 2 3 0
1 10 71 84 3 0 0
1 10 71 85 3 1 0
1 10 71 86 3 2 0
1 10 71 87 3 3 0.956428
1 11 53 72 0 0 0.973928
1 11 53 73 0 1 0
1 11 53 74 0 2 0
1 11 53 75 0 3 0
1 11 54 72 1 0 0
1 11 54 73 1 1 0.991621
1 11 54 74 1 2 0
1 11 54 75 1 3 0
1 11 55 72 2 0 0
1 11 55 73 2 1 0
1 11 55 74 2 2 0.998915
1 11 55 75 2 3 0
1 11 56 72 3 0 0
1 11 56 73 3 1 0
1 11 56 74 3 2 0
1 11 56 75 3 3 0.970746
1 12 72 93 0 0 0.819081
1 12 72 94 0 1 0
1 12 72 95 0 2 0
1 12 73 93 1 0 0
1 12 73 94 1 1 0
1 12 73 95 1 2 0.961665
1 12 74 93 2 0 0
1 12 74 94 2 1 0.507818
1 12 74 95 2 2 0
1 12 75 93 3 0 0
1 12 75 94 3 1 0.492182
1 12 75 95 3 2 0
1 13 93 106 0 0 0
1 13 93 107 0 1 0
1 13 93 108 0 2 0
1 13 94 106 1 0 0.941703
1 13 94 107 1 1 0
1 13 94 108 1 2 0
1 13 95 106 2 0 0
1 13 95 107 2 1 0.99274
1 13 95 108 2 2 0
1 14 72 88 0 0 0
1 14 73 88 1 0 0
1 14 74 88 2 0 0.520953
1 14 75 88 3 0 0.479047
1 15 53 65 0 0 0.942624
1 15 53 66 0 1 0
1 15 53 67 0 2 0
1 15 54 65 1 0 0
1 15 54 66 1 1 0.947191
1 15 54 67 1 2 0
1 15 55 65 2 0 0
1 15 55 66 2 1 0
1 15 55 67 2 2 0
1 15 56 65 3 0 0
1 15 56 66 3 1 0
1 15 56 67 3 2 0.842216
1 16 100 109 0 0 0.904621
1 16 100 110 0 1 0
1 16 100 111 0 2 0
1 16 100 112 0 3 0
1 16 100 113 0 4 0
1 16 101 109 1 0 0
1 16 101 110 1 1 0.741916
1 16 101 111 1 2 0
1 16 101 112 1 3 0
1 16 101 113 1 4 0
1 16 102 109 2 0 0
1 16 102 110 2 1 0
1 16 102 111 2 2 0
1 16 102 112 2 3 0.72531
1 16 102 113 2 4 0
1 16 103 109 3 0 0
1 16 103 110 3 1 0
1 16 103 111 3 2 0
1 16 103 112 3 3 0
1 16 103 113 3 4 0.950604
1 17 96 114 0 0 0.98681
1 17 96 115 0 1 0
1 17 96 116 0 2 0
1 17 96 117 0 3 0
1 17 97 114 1 0 0
1 17 97 115 1 1 0.775264
1 17 97 116 1 2 0
1 17 97 117 1 3 0
1 17 98 114 2 0 0
1 17 98 115 2 1 0
1 17 98 116 2 2 0.750419
1 17 98 117 2 3 0
1 17 99 114 3 0 0
1 17 99 115 3 1 0
1 17 99 116 3 2 0
1 17 99 117 3 3 0.67615
2 0 122 118 0 0 0.502385
2 0 122 119 0 1 0
2 0 122 120 0 2 0
2 0 122 121 0 3 0.261164
2 0 123 118 1 0 0
2 0 123 119 1 1 0.970131
2 0 123 120 1 2 0
2 0 123 121 1 3 0
2 0 124 118 2 0 0
2 0 124 119 2 1 0
2 0 124 120 2 2 0.994267
2 0 124 121 2 3 0
2 0 125 118 3 0 0
2 0 125 119 3 1 0
2 0 125 120 3 2 0
2 0 125 121 3 3 0.520009
2 1 126 144 0 0 0
2 1 126 145 0 1 0
2 1 126 146 0 2 0
2 1 127 144 1 0 0.986925
2 1 127 145 1 1 0
2 1 127 146 1 2 0
2 1 128 144 2 0 0
2 1 128 145 2 1 0.940583
2 1 128 146 2 2 0
2 1 129 144 3 0 0
2 1 129 145 3 1 0
2 1 129 146 3 2 0.990988
2 2 144 163 0 0 0.971638
2 2 144 164 0 1 0
2 2 144 165 0 2 0
2 2 145 163 1 0 0
2 2 145 164 1 1 0.909953
2 2 145 165 1 2 0
2 2 146 163 2 0 0
2 2 146 164 2 1 0
2 2 146 165 2 2 0.987044
2 3 118 126 0 0 0.834131
2 3 118 127 0 1 0
2 3 118 128 0 2 0
2 3 118 129 0 3 0
2 3 119 126 1 0 0
2 3 119 127 1 1 0.942784
2 3 119 128 1 2 0
2 3 119 129 1 3 0
2 3 120 126 2 0 0
2 3 120 127 2 1 0
2 3 120 128 2 2 0.924468
2 3 120 129 2 3 0
2 3 121 126 3 0 0
2 3 121 127 3 1 0
2 3 121 128 3 2 0
2 3 121 129 3 3 0.905256
2 4 118 130 0 0 0.81821
2 4 118 131 0 1 0
2 4 118 132 0 2 0
2 4 118 133 0 3 0
2 4 119 130 1 0 0
2 4 119 131 1 1 0.940343
2 4 119 132 1 2 0
2 4 119 133 1 3 0
2 4 120 130 2 0 0
2 4 120 131 2 1 0
2 4 120 132 2 2 0.920219
2 4 120 133 2 3 0
2 4 121 130 3 0 0
2 4 121 131 3 1 0
2 4 121 132 3 2 0
2 4 121 133 3 3 0.896754
2 5 130 147 0 0 0
2 5 130 148 0 1 0
2 5 130 149 0 2 0
2 5 131 147 1 0 0.957342
2 5 131 148 1 1 0
2 5 131 149 1 2 0
2 5 132 147 2 0 0
2 5 132 148 2 1 0.973699
2 5 132 149 2 2 0
2 5 133 147 3 0 0
2 5 133 148 3 1 0
2 5 133 149 3 2 0.961597
2 6 147 166 0 0 0.989981
2 6 147 167 0 1 0
2 6 147 168 0 2 0
2 6 148 166 1 0 0
2 6 148 167 1 1 0.972295
2 6 148 168 1 2 0
2 6 149 166 2 0 0
2 6 149 167 2 1 0
2 6 149 168 2 2 0.997398
2 7 122 136 0 0 0.93707
2 7 122 137 0 1 0
2 7 122 138 0 2 0
2 7 122 139 0 3 0
2 7 123 136 1 0 0
2 7 123 137 1 1 0.990708
2 7 123 138 1 2 0
2 7 123 139 1 3 0
2 7 124 136 2 0 0
2 7 124 137 2 1 0
2 7 124 138 2 2 0
2 7 124 139 2 3 0.98438
2 7 125 136 3 0 0
2 7 125 137 3 1 0
2 7 125 138 3 2 0.983163
2 7 125 139 3 3 0
2 8 136 156 0 0 0.957358
2 8 136 157 0 1 0
2 8 136 158 0 2 0
2 8 136 159 0 3 0
2 8 137 156 1 0 0
2 8 137 157 1 1 0.849511
2 8 137 158 1 2 0
2 8 137 159 1 3 0
2 8 138 156 2 0 0
2 8 138 157 2 1 0
2 8 138 158 2 2 0.99844
2 8 138 159 2 3 0
2 8 139 156 3 0 0
2 8 139 157 3 1 0
2 8 139 158 3 2 0
2 8 139 159 3 3 0.996685
2 9 156 169 0 0 0.922279
2 9 156 170 0 1 0
2 9 156 171 0 2 0
2 9 157 169 1 0 0
2 9 157 170 1 1 0.874732
2 9 157 171 1 2 0
2 9 158 169 2 0 0
2 9 158 170 2 1 0
2 9 158 171 2 2 0
2 9 159 169 3 0 0
2 9 159 170 3 1 0
2 9 159 171 3 2 0.953989
2 10 136 150 0 0 0.970132
2 10 136 151 0 1 0
2 10 136 152 0 2 0
2 10 137 150 1 0 0
2 10 137 151 1 1 0
2 10 137 152 1 2 0
2 10 138 150 2 0 0
2 10 138 151 2 1 0.982195
2 10 138 152 2 2 0
2 10 139 150 3 0 0
2 10 139 151 3 1 0
2 10 139 152 3 2 0.996939
2 11 122 140 0 0 0.935643
2 11 122 141 0 1 0
2 11 122 142 0 2 0
2 11 122 143 0 3 0
2 11 123 140 1 0 0
2 11 123 141 1 1 0.991683
2 11 123 142 1 2 0
2 11 123 143 1 3 0
2 11 124 140 2 0 0
2 11 124 141 2 1 0
2 11 124 142 2 2 0.978775
2 11 124 143 2 3 0
2 11 125 140 3 0 0
2 11 125 141 3 1 0
2 11 125 142 3 2 0
2 11 125 143 3 3 0.982758
2 12 140 160 0 0 0
2 12 140 161 0 1 0
2 12 140 162 0 2 0
2 12 141 160 1 0 0.9773
2 12 141 161 1 1 0
2 12 141 162 1 2 0
2 12 142 160 2 0 0
2 12 142 161 2 1 0.966386
2 12 142 162 2 2 0
2 12 143 160 3 0 0
2 12 143 161 3 1 0
2 12 143 162 3 2 0.982434
2 13 160 172 0 0 0
2 13 160 173 0 1 0.989308
2 13 160 174 0 2 0
2 13 161 172 1 0 0
2 13 161 173 1 1 0
2 13 161 174 1 2 0.911693
2 13 162 172 2 0 0
2 13 162 173 2 1 0
2 13 162 174 2 2 0
2 14 140 153 0 0 0
2 14 140 154 0 1 0
2 14 140 155 0 2 0
2 14 141 153 1 0 0.986971
2 14 141 154 1 1 0
2 14 141 155 1 2 0
2 14 142 153 2 0 0
2 14 142 154 2 1 0.965464
2 14 142 155 2 2 0
2 14 143 153 3 0 0
2 14 143 154 3 1 0
2 14 143 155 3 2 0.917621
2 15 122 134 0 0 0.885861
2 15 122 135 0 1 0
2 15 123 134 1 0 0
2 15 123 135 1 1 0.95996
2 15 124 134 2 0 0
2 15 124 135 2 1 0
2 15 125 134 3 0 0
2 15 125 135 3 1 0
2 16 166 175 0 0 0.985787
2 16 166 176 0 1 0
2 16 166 177 0 2 0
2 16 167 175 1 0 0
2 16 167 176 1 1 0.592584
2 16 167 177 1 2 0
2 16 168 175 2 0 0
2 16 168 176 2 1 0
2 16 168 177 2 2 0.664958
2 17 163 178 0 0 0.845624
2 17 163 179 0 1 0
2 17 163 180 0 2 0
2 17 164 178 1 0 0
2 17 164 179 1 1 0.820817
2 17 164 180 1 2 0
2 17 165 178 2 0 0
2 17 165 179 2 1 0
2 17 165 180 2 2 0.719584
3 0 183 181 0 0 0
3 0 183 182 0 1 0.533996
3 0 184 181 1 0 0
3 0 184 182 1 1 0.466004
3 0 185 181 2 0 0.981304
3 0 185 182 2 1 0
3 1 186 197 0 0 0.971497
3 1 186 198 0 1 0
3 1 186 199 0 2 0
3 1 187 197 1 0 0
3 1 187 198 1 1 0.46373
3 1 187 199 1 2 0.53627
3 2 197 210 0 0 0.984384
3 2 197 211 0 1 0
3 2 197 212 0 2 0
3 2 198 210 1 0 0
3 2 198 211 1 1 0.814474
3 2 198 212 1 2 0
3 2 199 210 2 0 0
3 2 199 211 2 1 0
3 2 199 212 2 2 0.963851
3 3 181 186 0 0 0.926735
3 3 181 187 0 1 0
3 3 182 186 1 0 0
3 3 182 187 1 1 0.842638
3 4 181 188 0 0 0
3 4 181 189 0 1 0.929834
3 4 181 190 0 2 0
3 4 182 188 1 0 0
3 4 182 189 1 1 0
3 4 182 190 1 2 0.852948
3 5 188 200 0 0 0
3 5 188 201 0 1 0.289209
3 5 188 202 0 2 0.269532
3 5 189 200 1 0 0.999684
3 5 189 201 1 1 0
3 5 189 202 1 2 0
3 5 190 200 2 0 0
3 5 190 201 2 1 0.269803
3 5 190 202 2 2 0.288212
3 6 200 213 0 0 0.979984
3 6 200 214 0 1 0
3 6 200 215 0 2 0
3 6 201 213 1 0 0
3 6 201 214 1 1 0.283496
3 6 201 215 1 2 0.266693
3 6 202 213 2 0 0
3 6 202 214 2 1 0.266488
3 6 202 215 2 2 0.282592
3 7 183 192 0 0 0.937841
3 7 183 193 0 1 0
3 7 184 192 1 0 0
3 7 184 193 1 1 0
3 7 185 192 2 0 0
3 7 185 193 2 1 0.965894
3 8 192 207 0 0 0
3 8 192 208 0 1 0.751956
3 8 193 207 1 0 0.983853
3 8 193 208 1 1 0
3 9 207 216 0 0 0.987666
3 9 208 216 1 0 0
3 10 192 203 0 0 0.695158
3 10 192 204 0 1 0
3 10 193 203 1 0 0
3 10 193 204 1 1 0.983508
3 11 183 194 0 0 0.943628
3 11 183 195 0 1 0
3 11 183 196 0 2 0
3 11 184 194 1 0 0
3 11 184 195 1 1 0
3 11 184 196 1 2 0.684255
3 11 185 194 2 0 0
3 11 185 195 2 1 0.964398
3 11 185 196 2 2 0
3 12 194 209 0 0 0.967126
3 12 195 209 1 0 0
3 12 196 209 2 0 0
3 13 209 217 0 0 0.970316
3 14 194 205 0 0 0.533473
3 14 194 206 0 1 0
3 14 195 205 1 0 0
3 14 195 206 1 1 0
3 14 196 205 2 0 0.260468
3 14 196 206 2 1 0.518025
3 15 183 191 0 0 0
3 15 184 191 1 0 0
3 15 185 191 2 0 0.956425
3 16 213 218 0 0 0.76091
3 16 213 219 0 1 0
3 16 214 218 1 0 0
3 16 214 219 1 1 0
3 16 215 218 2 0 0
3 16 215 219 2 1 0.96914
3 17 210 220 0 0 0.958551
3 17 210 221 0 1 0
3 17 211 220 1 0 0
3 17 211 221 1 1 0
3 17 212 220 2 0 0
3 17 212 221 2 1 0.887668
4 0 226 222 0 0 0
4 0 226 223 0 1 0
4 0 226 224 0 2 0.9819
4 0 226 225 0 3 0
4 0 227 222 1 0 0
4 0 227 223 1 1 0.974062
4 0 227 224 1 2 0
4 0 227 225 1 3 0
4 0 228 222 2 0 0
4 0 228 223 2 1 0
4 0 228 224 2 2 0
4 0 228 225 2 3 0.986254
4 0 229 222 3 0 0.97797
4 0 229 223 3 1 0
4 0 229 224 3 2 0
4 0 229 225 3 3 0
4 1 230 248 0 0 0.25375
4 1 230 249 0 1 0
4 1 230 250 0 2 0
4 1 230 251 0 3 0.258162
4 1 231 248 1 0 0
4 1 231 249 1 1 0.990753
4 1 231 250 1 2 0
4 1 231 251 1 3 0
4 1 232 248 2 0 0
4 1 232 249 2 1 0
4 1 232 250 2 2 0.987111
4 1 232 251 2 3 0
4 1 233 248 3 0 0.2581
4 1 233 249 3 1 0
4 1 233 250 3 2 0
4 1 233 251 3 3 0.253757
4 2 248 268 0 0 0.475859
4 2 248 269 0 1 0
4 2 248 270 0 2 0
4 2 248 271 0 3 0.27526
4 2 249 268 1 0 0
4 2 249 269 1 1 0.985565
4 2 249 270 1 2 0
4 2 249 271 1 3 0
4 2 250 268 2 0 0
4 2 250 269 2 1 0
4 2 250 270 2 2 0.989954
4 2 250 271 2 3 0
4 2 251 268 3 0 0
4 2 251 269 3 1 0
4 2 251 270 3 2 0
4 2 251 271 3 3 0.517959
4 3 222 230 0 0 0.931687
4 3 222 231 0 1 0
4 3 222 232 0 2 0
4 3 222 233 0 3 0
4 3 223 230 1 0 0
4 3 223 231 1 1 0.946846
4 3 223 232 1 2 0
4 3 223 233 1 3 0
4 3 224 230 2 0 0
4 3 224 231 2 1 0
4 3 224 232 2 2 0.92967
4 3 224 233 2 3 0
4 3 225 230 3 0 0
4 3 225 231 3 1 0
4 3 225 232 3 2 0
4 3 225 233 3 3 0.867719
4 4 222 234 0 0 0.9438
4 4 222 235 0 1 0
4 4 222 236 0 2 0
4 4 222 237 0 3 0
4 4 223 234 1 0 0
4 4 223 235 1 1 0.949233
4 4 223 236 1 2 0
4 4 223 237 1 3 0
4 4 224 234 2 0 0
4 4 224 235 2 1 0
4 4 224 236 2 2 0.938597
4 4 224 237 2 3 0
4 4 225 234 3 0 0
4 4 225 235 3 1 0
4 4 225 236 3 2 0
4 4 225 237 3 3 0.877993
4 5 234 252 0 0 0.94353
4 5 234 253 0 1 0
4 5 234 254 0 2 0
4 5 234 255 0 3 0
4 5 235 252 1 0 0
4 5 235 253 1 1 0.987241
4 5 235 254 1 2 0
4 5 235 255 1 3 0
4 5 236 252 2 0 0
4 5 236 253 2 1 0
4 5 236 254 2 2 0.988386
4 5 236 255 2 3 0
4 5 237 252 3 0 0
4 5 237 253 3 1 0
4 5 237 254 3 2 0
4 5 237 255 3 3 0.985562
4 6 252 272 0 0 0.931238
4 6 252 273 0 1 0
4 6 252 274 0 2 0
4 6 252 275 0 3 0
4 6 253 272 1 0 0
4 6 253 273 1 1 0.983567
4 6 253 274 1 2 0
4 6 253 275 1 3 0
4 6 254 272 2 0 0
4 6 254 273 2 1 0
4 6 254 274 2 2 0.976832
4 6 254 275 2 3 0
4 6 255 272 3 0 0
4 6 255 273 3 1 0
4 6 255 274 3 2 0
4 6 255 275 3 3 0.995167
4 7 226 241 0 0 0.998594
4 7 226 242 0 1 0
4 7 226 243 0 2 0
4 7 227 241 1 0 0
4 7 227 242 1 1 0
4 7 227 243 1 2 0.992192
4 7 228 241 2 0 0
4 7 228 242 2 1 0.979848
4 7 228 243 2 2 0
4 7 229 241 3 0 0
4 7 229 242 3 1 0
4 7 229 243 3 2 0
4 8 241 261 0 0 0.949786
4 8 241 262 0 1 0
4 8 241 263 0 2 0
4 8 242 261 1 0 0
4 8 242 262 1 1 0
4 8 242 263 1 2 0.99927
4 8 243 261 2 0 0
4 8 243 262 2 1 0.992759
4 8 243 263 2 2 0
4 9 261 276 0 0 0
4 9 261 277 0 1 0.929648
4 9 261 278 0 2 0
4 9 262 276 1 0 0.977369
4 9 262 277 1 1 0
4 9 262 278 1 2 0
4 9 263 276 2 0 0
4 9 263 277 2 1 0
4 9 263 278 2 2 0.992918
4 10 241 256 0 0 0
4 10 242 256 1 0 0.977497
4 10 243 256 2 0 0
4 11 226 244 0 0 0.999148
4 11 226 245 0 1 0
4 11 226 246 0 2 0
4 11 226 247 0 3 0
4 11 227 244 1 0 0
4 11 227 245 1 1 0
4 11 227 246 1 2 0.987988
4 11 227 247 1 3 0
4 11 228 244 2 0 0
4 11 228 245 2 1 0.980624
4 11 228 246 2 2 0
4 11 228 247 2 3 0
4 11 229 244 3 0 0
4 11 229 245 3 1 0
4 11 229 246 3 2 0
4 11 229 247 3 3 0.966302
4 12 244 264 0 0 0
4 12 244 265 0 1 0
4 12 244 266 0 2 0.992879
4 12 244 267 0 3 0
4 12 245 264 1 0 0
4 12 245 265 1 1 0
4 12 245 266 1 2 0
4 12 245 267 1 3 0.987644
4 12 246 264 2 0 0
4 12 246 265 2 1 0.999499
4 12 246 266 2 2 0
4 12 246 267 2 3 0
4 12 247 264 3 0 0.982221
4 12 247 265 3 1 0
4 12 247 266 3 2 0
4 12 247 267 3 3 0
4 13 264 279 0 0 0.881845
4 13 264 280 0 1 0
4 13 264 281 0 2 0
4 13 264 282 0 3 0
4 13 265 279 1 0 0
4 13 265 280 1 1 0.94237
4 13 265 281 1 2 0
4 13 265 282 1 3 0
4 13 266 279 2 0 0
4 13 266 280 2 1 0
4 13 266 281 2 2 0.963403
4 13 266 282 2 3 0
4 13 267 279 3 0 0
4 13 267 280 3 1 0
4 13 267 281 3 2 0
4 13 267 282 3 3 0.978575
4 14 244 257 0 0 0.996881
4 14 244 258 0 1 0
4 14 244 259 0 2 0
4 14 244 260 0 3 0
4 14 245 257 1 0 0
4 14 245 258 1 1 0.98013
4 14 245 259 1 2 0
4 14 245 260 1 3 0
4 14 246 257 2 0 0
4 14 246 258 2 1 0
4 14 246 259 2 2 0.990157
4 14 246 260 2 3 0
4 14 247 257 3 0 0
4 14 247 258 3 1 0
4 14 247 259 3 2 0
4 14 247 260 3 3 0.970024
4 15 226 238 0 0 0.99528
4 15 226 239 0 1 0
4 15 226 240 0 2 0
4 15 227 238 1 0 0
4 15 227 239 1 1 0.9924
4 15 227 240 1 2 0
4 15 228 238 2 0 0
4 15 228 239 2 1 0
4 15 228 240 2 2 0
4 15 229 238 3 0 0
4 15 229 239 3 1 0
4 15 229 240 3 2 0.991347
4 16 272 283 0 0 0.896949
4 16 272 284 0 1 0
4 16 272 285 0 2 0
4 16 272 286 0 3 0
4 16 273 283 1 0 0
4 16 273 284 1 1 0.946608
4 16 273 285 1 2 0
4 16 273 286 1 3 0
4 16 274 283 2 0 0
4 16 274 284 2 1 0
4 16 274 285 2 2 0.966356
4 16 274 286 2 3 0
4 16 275 283 3 0 0
4 16 275 284 3 1 0
4 16 275 285 3 2 0
4 16 275 286 3 3 0.972975
4 17 268 287 0 0 0
4 17 268 288 0 1 0
4 17 269 287 1 0 0.985035
4 17 269 288 1 1 0
4 17 270 287 2 0 0
4 17 270 288 2 1 0.957746
4 17 271 287 3 0 0
4 17 271 288 3 1 0
E jointIdx viewA viewB aOverAllIdx bOverallIdx score
0 0 1 0 49 0.94935
0 0 1 0 50 -1
0 0 1 0 51 0.655076
0 0 1 0 52 -1
0 0 1 1 49 0.365765
0 0 1 1 50 0.0958258
0 0 1 1 51 0.449371
0 0 1 1 52 0.0890383
0 0 1 2 49 -1
0 0 1 2 50 -1
0 0 1 2 51 -1
0 0 1 2 52 0.991074
0 0 2 0 118 0.601642
0 0 2 0 119 -1
0 0 2 0 120 -1
0 0 2 0 121 -1
0 0 2 1 118 -0.682294
0 0 2 1 119 0.63738
0 0 2 1 120 0.549965
0 0 2 1 121 0.494949
0 0 2 2 118 -0.756009
0 0 2 2 119 0.612482
0 0 2 2 120 0.467592
0 0 2 2 121 0.675935
0 0 3 0 181 0.836572
0 0 3 0 182 -1
0 0 3 1 181 -1
0 0 3 1 182 0.784936
0 0 3 2 181 -1
0 0 3 2 182 0.986062
0 0 4 0 222 -1
0 0 4 0 223 -1
0 0 4 0 224 -1
0 0 4 0 225 0.995883
0 0 4 1 222 0.0372873
0 0 4 1 223 0.860843
0 0 4 1 224 0.289902
0 0 4 1 225 -1
0 0 4 2 222 0.781907
0 0 4 2 223 -1
0 0 4 2 224 -1
0 0 4 2 225 -1
0 1 2 49 118 0.883425
0 1 2 49 119 0.748345
0 1 2 49 120 -1
0 1 2 49 121 -1
0 1 2 50 118 -1
0 1 2 50 119 -1
0 1 2 50 120 -1
0 1 2 50 121 0.928091
0 1 2 51 118 -1
0 1 2 51 119 -1
0 1 2 51 120 0.972241
0 1 2 51 121 -1
0 1 2 52 118 -1
0 1 2 52 119 0.53493
0 1 2 52 120 -1
0 1 2 52 121 -1
0 1 3 49 181 0.611618
0 1 3 49 182 -1
0 1 3 50 181 -1
0 1 3 50 182 0.917801
0 1 3 51 181 -1
0 1 3 51 182 0.73699
0 1 3 52 181 0.75596
0 1 3 52 182 -1
0 1 4 49 222 0.563254
0 1 4 49 223 -1
0 1 4 49 224 -1
0 1 4 49 225 0.616008
0 1 4 50 222 -1
0 1 4 50 223 -1
0 1 4 50 224 0.774054
0 1 4 50 225 -1
0 1 4 51 222 -1
0 1 4 51 223 0.774798
0 1 4 51 224 -1
0 1 4 51 225 -1
0 1 4 52 222 0.718024
0 1 4 52 223 -1
0 1 4 52 224 -1
0 1 4 52 225 0.17982
0 2 3 118 181 0.65542
0 2 3 118 182 -0.672221
0 2 3 119 181 -1
0 2 3 119 182 0.593912
0 2 3 120 181 -1
0 2 3 120 182 0.419382
0 2 3 121 181 -1
0 2 3 121 182 0.658927
0 2 4 118 222 0.919025
0 2 4 118 223 -1
0 2 4 118 224 -1
0 2 4 118 225 0.451571
0 2 4 119 222 0.295301
0 2 4 119 223 -1
0 2 4 119 224 -1
0 2 4 119 225 0.921737
0 2 4 120 222 -1
0 2 4 120 223 0.819376
0 2 4 120 224 -1
0 2 4 120 225 -1
0 2 4 121 222 -1
0 2 4 121 223 -1
0 2 4 121 224 0.822399
0 2 4 121 225 -1
0 3 4 181 222 -0.777081
0 3 4 181 223 0.403786
0 3 4 181 224 0.382621
0 3 4 181 225 0.395874
0 3 4 182 222 -0.872764
0 3 4 182 223 0.330984
0 3 4 182 224 0.44303
0 3 4 182 225 0.428145
1 0 1 3 53 0.271718
1 0 1 3 54 0.114223
1 0 1 3 55 0.156823
1 0 1 3 56 0.0889746
1 0 1 4 53 0.297941
1 0 1 4 54 0.134753
1 0 1 4 55 0.120179
1 0 1 4 56 0.0998627
1 0 1 5 53 -1
1 0 1 5 54 0.238559
1 0 1 5 55 0.171702
1 0 1 5 56 0.423965
1 0 2 3 122 -1
1 0 2 3 123 0.889637
1 0 2 3 124 -1
1 0 2 3 125 -1
1 0 2 4 122 -0.851572
1 0 2 4 123 0.301579
1 0 2 4 124 0.820446
1 0 2 4 125 0.729546
1 0 2 5 122 0.910539
1 0 2 5 123 -1
1 0 2 5 124 -1
1 0 2 5 125 -1
1 0 3 3 183 0.481492
1 0 3 3 184 0.422542
1 0 3 3 185 -1
1 0 3 4 183 0.215322
1 0 3 4 184 0.21197
1 0 3 4 185 0.0833983
1 0 3 5 183 0.0570774
1 0 3 5 184 0.106214
1 0 3 5 185 0.644855
1 0 4 3 226 0.142689
1 0 4 3 227 0.149458
1 0 4 3 228 0.0470322
1 0 4 3 229 0.263777
1 0 4 4 226 0.462179
1 0 4 4 227 0.443279
1 0 4 4 228 -0.732809
1 0 4 4 229 0.249953
1 0 4 5 226 0.0737912
1 0 4 5 227 0.082119
1 0 4 5 228 0.531032
1 0 4 5 229 0.122524
1 1 2 53 122 -1
1 1 2 53 123 -1
1 1 2 53 124 -1
1 1 2 53 125 0.986476
1 1 2 54 122 -1
1 1 2 54 123 -1
1 1 2 54 124 0.939319
1 1 2 54 125 -1
1 1 2 55 122 -1
1 1 2 55 123 0.966753
1 1 2 55 124 -1
1 1 2 55 125 -1
1 1 2 56 122 0.792828
1 1 2 56 123 -1
1 1 2 56 124 -1
1 1 2 56 125 -1
1 1 3 53 183 0.158112
1 1 3 53 184 0.13069
1 1 3 53 185 0.0647322
1 1 3 54 183 0.117666
1 1 3 54 184 0.120464
1 1 3 54 185 0.125741
1 1 3 55 183 0.132353
1 1 3 55 184 0.139782
1 1 3 55 185 0.0831786
1 1 3 56 183 0.0767167
1 1 3 56 184 0.0925133
1 1 3 56 185 0.210525
1 1 4 53 226 0.945703
1 1 4 53 227 -1
1 1 4 53 228 -1
1 1 4 53 229 -1
1 1 4 54 226 -1
1 1 4 54 227 0.860786
1 1 4 54 228 -1
1 1 4 54 229 -1
1 1 4 55 226 -1
1 1 4 55 227 -1
1 1 4 55 228 0.98146
1 1 4 55 229 0.990518
1 1 4 56 226 -1
1 1 4 56 227 -1
1 1 4 56 228 0.999364
1 1 4 56 229 0.994904
1 2 3 122 183 -1
1 2 3 122 184 -1
1 2 3 122 185 0.889855
1 2 3 123 183 -1
1 2 3 123 184 0.750018
1 2 3 123 185 -1
1 2 3 124 183 0.471568
1 2 3 124 184 0.655322
1 2 3 124 185 -1
1 2 3 125 183 0.812648
1 2 3 125 184 0.114443
1 2 3 125 185 -1
1 2 4 122 226 -1
1 2 4 122 227 -1
1 2 4 122 228 0.99491
1 2 4 122 229 0.114019
1 2 4 123 226 -1
1 2 4 123 227 -1
1 2 4 123 228 -1
1 2 4 123 229 0.923292
1 2 4 124 226 -1
1 2 4 124 227 0.974058
1 2 4 124 228 -1
1 2 4 124 229 -1
1 2 4 125 226 0.992908
1 2 4 125 227 -1
1 2 4 125 228 -1
1 2 4 125 229 -1
1 3 4 183 226 0.109407
1 3 4 183 227 0.0922618
1 3 4 183 228 0.116688
1 3 4 183 229 0.0886227
1 3 4 184 226 0.0894206
1 3 4 184 227 0.121876
1 3 4 184 228 0.0793667
1 3 4 184 229 0.126324
1 3 4 185 226 0.108646
1 3 4 185 227 0.0944549
1 3 4 185 228 0.111155
1 3 4 185 229 0.0937461
2 0 1 6 57 0.996235
2 0 1 6 58 0.400407
2 0 1 6 59 0.357023
2 0 1 6 60 -1
2 0 1 7 57 0.356588
2 0 1 7 58 0.122714
2 0 1 7 59 0.469068
2 0 1 7 60 0.0516303
2 0 1 8 57 -1
2 0 1 8 58 -1
2 0 1 8 59 -1
2 0 1 8 60 0.904628
2 0 2 6 126 0.547725
2 0 2 6 127 -1
2 0 2 6 128 -1
2 0 2 6 129 -1
2 0 2 7 126 -0.753857
2 0 2 7 127 0.564095
2 0 2 7 128 0.463062
2 0 2 7 129 0.7267
2 0 2 8 126 -1
2 0 2 8 127 0.445354
2 0 2 8 128 0.169272
2 0 2 8 129 0.557697
2 0 3 6 186 0.762325
2 0 3 6 187 -1
2 0 3 7 186 -1
2 0 3 7 187 0.972428
2 0 3 8 186 -1
2 0 3 8 187 0.560885
2 0 4 6 230 -1
2 0 4 6 231 -1
2 0 4 6 232 -1
2 0 4 6 233 0.914509
2 0 4 7 230 -1
2 0 4 7 231 0.996887
2 0 4 7 232 0.380301
2 0 4 7 233 -1
2 0 4 8 230 0.998953
2 0 4 8 231 -1
2 0 4 8 232 -1
2 0 4 8 233 -1
2 1 2 57 126 0.792014
2 1 2 57 127 0.3676
2 1 2 57 128 -1
2 1 2 57 129 -1
2 1 2 58 126 -1
2 1 2 58 127 -1
2 1 2 58 128 -1
2 1 2 58 129 0.689449
2 1 2 59 126 -1
2 1 2 59 127 -1
2 1 2 59 128 0.797055
2 1 2 59 129 -1
2 1 2 60 126 -1
2 1 2 60 127 0.299423
2 1 2 60 128 -1
2 1 2 60 129 -1
2 1 3 57 186 0.635841
2 1 3 57 187 -1
2 1 3 58 186 -1
2 1 3 58 187 0.709321
2 1 3 59 186 -1
2 1 3 59 187 0.568999
2 1 3 60 186 0.947412
2 1 3 60 187 -1
2 1 4 57 230 0.123326
2 1 4 57 231 -1
2 1 4 57 232 -1
2 1 4 57 233 0.595115
2 1 4 58 230 -1
2 1 4 58 231 -1
2 1 4 58 232 0.826625
2 1 4 58 233 -1
2 1 4 59 230 -1
2 1 4 59 231 0.88672
2 1 4 59 232 -1
2 1 4 59 233 -1
2 1 4 60 230 0.64488
2 1 4 60 231 -1
2 1 4 60 232 -1
2 1 4 60 233 -1
2 2 3 126 186 0.443645
2 2 3 126 187 -0.673333
2 2 3 127 186 -1
2 2 3 127 187 0.598009
2 2 3 128 186 -1
2 2 3 128 187 0.418575
2 2 3 129 186 -1
2 2 3 129 187 0.656749
2 2 4 126 230 0.540862
2 2 4 126 231 -1
2 2 4 126 232 -1
2 2 4 126 233 0.353123
2 2 4 127 230 -1
2 2 4 127 231 -1
2 2 4 127 232 -1
2 2 4 127 233 0.363969
2 2 4 128 230 -1
2 2 4 128 231 0.708884
2 2 4 128 232 -1
2 2 4 128 233 -1
2 2 4 129 230 -1
2 2 4 129 231 -1
2 2 4 129 232 0.767176
2 2 4 129 233 -1
2 3 4 186 230 -0.81498
2 3 4 186 231 0.383378
2 3 4 186 232 0.402444
2 3 4 186 233 0.396983
2 3 4 187 230 -0.860497
2 3 4 187 231 0.289631
2 3 4 187 232 0.435577
2 3 4 187 233 0.441343
3 0 1 9 61 0.951687
3 0 1 9 62 -1
3 0 1 9 63 0.807224
3 0 1 9 64 -1
3 0 1 10 61 0.393318
3 0 1 10 62 0.0573284
3 0 1 10 63 0.43288
3 0 1 10 64 0.116474
3 0 1 11 61 -1
3 0 1 11 62 -1
3 0 1 11 63 -1
3 0 1 11 64 0.933939
3 0 2 9 130 0.80848
3 0 2 9 131 -1
3 0 2 9 132 -1
3 0 2 9 133 -1
3 0 2 10 130 -0.723251
3 0 2 10 131 0.65012
3 0 2 10 132 0.670088
3 0 2 10 133 0.403043
3 0 2 11 130 -0.772313
3 0 2 11 131 0.672736
3 0 2 11 132 0.733786
3 0 2 11 133 0.365791
3 0 3 9 188 -1
3 0 3 9 189 0.764465
3 0 3 9 190 -1
3 0 3 10 188 0.98139
3 0 3 10 189 -1
3 0 3 10 190 0.527981
3 0 3 11 188 0.907942
3 0 3 11 189 -1
3 0 3 11 190 0.525124
3 0 4 9 234 -1
3 0 4 9 235 -1
3 0 4 9 236 -1
3 0 4 9 237 0.965633
3 0 4 10 234 0.295744
3 0 4 10 235 0.689982
3 0 4 10 236 0.220713
3 0 4 10 237 -1
3 0 4 11 234 0.608533
3 0 4 11 235 -1
3 0 4 11 236 -1
3 0 4 11 237 -1
3 1 2 61 130 0.943165
3 1 2 61 131 0.843761
3 1 2 61 132 -1
3 1 2 61 133 -1
3 1 2 62 130 -1
3 1 2 62 131 -1
3 1 2 62 132 -1
3 1 2 62 133 0.877073
3 1 2 63 130 -1
3 1 2 63 131 -1
3 1 2 63 132 0.97134
3 1 2 63 133 -1
3 1 2 64 130 0.876809
3 1 2 64 131 0.794474
3 1 2 64 132 -1
3 1 2 64 133 -1
3 1 3 61 188 -1
3 1 3 61 189 0.528608
3 1 3 61 190 -1
3 1 3 62 188 0.527336
3 1 3 62 189 -1
3 1 3 62 190 0.89189
3 1 3 63 188 0.667368
3 1 3 63 189 -1
3 1 3 63 190 0.894075
3 1 3 64 188 0.356678
3 1 3 64 189 0.533408
3 1 3 64 190 -1
3 1 4 61 234 0.939213
3 1 4 61 235 -1
3 1 4 61 236 -1
3 1 4 61 237 0.676115
3 1 4 62 234 -1
3 1 4 62 235 -1
3 1 4 62 236 0.706442
3 1 4 62 237 -1
3 1 4 63 234 -1
3 1 4 63 235 0.963097
3 1 4 63 236 -1
3 1 4 63 237 -1
3 1 4 64 234 0.649252
3 1 4 64 235 -1
3 1 4 64 236 -1
3 1 4 64 237 0.999034
3 2 3 130 188 -0.735249
3 2 3 130 189 0.839617
3 2 3 130 190 -0.87802
3 2 3 131 188 0.532152
3 2 3 131 189 -1
3 2 3 131 190 0.640937
3 2 3 132 188 0.660994
3 2 3 132 189 -1
3 2 3 132 190 0.410452
3 2 3 133 188 0.542103
3 2 3 133 189 -1
3 2 3 133 190 0.826631
3 2 4 130 234 0.546576
3 2 4 130 235 -1
3 2 4 130 236 -1
3 2 4 130 237 0.680387
3 2 4 131 234 0.505394
3 2 4 131 235 -1
3 2 4 131 236 -1
3 2 4 131 237 0.124777
3 2 4 132 234 -1
3 2 4 132 235 0.850538
3 2 4 132 236 -1
3 2 4 132 237 -1
3 2 4 133 234 -1
3 2 4 133 235 -1
3 2 4 133 236 0.902441
3 2 4 133 237 -1
3 3 4 188 234 -1
3 3 4 188 235 0.445896
3 3 4 188 236 0.101119
3 3 4 188 237 0.226099
3 3 4 189 234 -0.847334
3 3 4 189 235 0.27148
3 3 4 189 236 0.386592
3 3 4 189 237 0.379583
3 3 4 190 234 -1
3 3 4 190 235 0.233711
3 3 4 190 236 0.442636
3 3 4 190 237 0.325928
4 0 1 12 65 0.430249
4 0 1 12 66 0.0866402
4 0 1 12 67 0.080379
4 0 1 13 65 0.332923
4 0 1 13 66 0.112839
4 0 1 13 67 0.100077
4 0 1 14 65 0.16458
4 0 1 14 66 0.157693
4 0 1 14 67 0.134616
4 0 1 15 65 -0.784234
4 0 1 15 66 0.271275
4 0 1 15 67 0.359229
4 0 2 12 134 0.0866209
4 0 2 12 135 0.669848
4 0 2 13 134 -1
4 0 2 13 135 0.124248
4 0 2 14 134 -1
4 0 2 14 135 0.120517
4 0 2 15 134 0.906314
4 0 2 15 135 0.0779124
4 0 3 12 191 -1
4 0 3 13 191 -1
4 0 3 14 191 -1
4 0 3 15 191 0.995434
4 0 4 12 238 -1
4 0 4 12 239 -1
4 0 4 12 240 0.824453
4 0 4 13 238 0.405015
4 0 4 13 239 0.370333
4 0 4 13 240 0.224652
4 0 4 14 238 0.334308
4 0 4 14 239 0.469132
4 0 4 14 240 0.196561
4 0 4 15 238 -1
4 0 4 15 239 -1
4 0 4 15 240 -1
4 1 2 65 134 -1
4 1 2 65 135 -1
4 1 2 66 134 -1
4 1 2 66 135 -1
4 1 2 67 134 0.862928
4 1 2 67 135 -1
4 1 3 65 191 -1
4 1 3 66 191 0.456141
4 1 3 67 191 0.949557
4 1 4 65 238 0.964554
4 1 4 65 239 -1
4 1 4 65 240 -1
4 1 4 66 238 -1
4 1 4 66 239 0.991338
4 1 4 66 240 -1
4 1 4 67 238 -1
4 1 4 67 239 -1
4 1 4 67 240 0.845611
4 2 3 134 191 0.873796
4 2 3 135 191 -1
4 2 4 134 238 -1
4 2 4 134 239 -1
4 2 4 134 240 -1
4 2 4 135 238 -1
4 2 4 135 239 -1
4 2 4 135 240 0.981245
4 3 4 191 238 0.272449
4 3 4 191 239 0.470727
4 3 4 191 240 0.256823
5 0 1 16 68 0.319218
5 0 1 16 69 0.101352
5 0 1 16 70 0.125005
5 0 1 16 71 0.0777421
5 0 1 17 68 0.232242
5 0 1 17 69 0.129943
5 0 1 17 70 0.114072
5 0 1 17 71 0.103869
5 0 1 18 68 -0.979702
5 0 1 18 69 0.256166
5 0 1 18 70 0.237221
5 0 1 18 71 0.411096
5 0 2 16 136 -1
5 0 2 16 137 0.784968
5 0 2 16 138 -1
5 0 2 16 139 -1
5 0 2 17 136 -0.814112
5 0 2 17 137 0.330292
5 0 2 17 138 0.748696
5 0 2 17 139 0.735124
5 0 2 18 136 0.709249
5 0 2 18 137 -1
5 0 2 18 138 -1
5 0 2 18 139 -1
5 0 3 16 192 0.448537
5 0 3 16 193 0.0957227
5 0 3 17 192 0.424266
5 0 3 17 193 0.22093
5 0 3 18 192 0.0530162
5 0 3 18 193 0.644719
5 0 4 16 241 0.201725
5 0 4 16 242 0.212767
5 0 4 16 243 0.171078
5 0 4 17 241 0.252169
5 0 4 17 242 0.0572936
5 0 4 17 243 0.279327
5 0 4 18 241 0.125055
5 0 4 18 242 0.340474
5 0 4 18 243 0.119587
5 1 2 68 136 -1
5 1 2 68 137 -1
5 1 2 68 138 0.997975
5 1 2 68 139 -1
5 1 2 69 136 -1
5 1 2 69 137 -1
5 1 2 69 138 -1
5 1 2 69 139 0.904202
5 1 2 70 136 -1
5 1 2 70 137 0.765978
5 1 2 70 138 -1
5 1 2 70 139 -1
5 1 2 71 136 0.855987
5 1 2 71 137 -1
5 1 2 71 138 -1
5 1 2 71 139 0.0266383
5 1 3 68 192 0.331156
5 1 3 68 193 0.0760561
5 1 3 69 192 0.198917
5 1 3 69 193 0.203202
5 1 3 70 192 0.187854
5 1 3 70 193 0.21384
5 1 3 71 192 0.116129
5 1 3 71 193 0.282802
5 1 4 68 241 0.943962
5 1 4 68 242 -1
5 1 4 68 243 -1
5 1 4 69 241 -1
5 1 4 69 242 -1
5 1 4 69 243 0.949176
5 1 4 70 241 -1
5 1 4 70 242 0.543672
5 1 4 70 243 -1
5 1 4 71 241 -1
5 1 4 71 242 0.931461
5 1 4 71 243 0.143136
5 2 3 136 192 -1
5 2 3 136 193 0.891465
5 2 3 137 192 -1
5 2 3 137 193 -1
5 2 3 138 192 0.671106
5 2 3 138 193 -1
5 2 3 139 192 0.519188
5 2 3 139 193 -1
5 2 4 136 241 -1
5 2 4 136 242 0.706136
5 2 4 136 243 -1
5 2 4 137 241 -1
5 2 4 137 242 0.2529
5 2 4 137 243 -1
5 2 4 138 241 0.961187
5 2 4 138 242 -1
5 2 4 138 243 -1
5 2 4 139 241 -1
5 2 4 139 242 -1
5 2 4 139 243 0.992975
5 3 4 192 241 0.192733
5 3 4 192 242 0.210402
5 3 4 192 243 0.198516
5 3 4 193 241 0.208625
5 3 4 193 242 0.191534
5 3 4 193 243 0.203032
6 0 1 19 72 0.129795
6 0 1 19 73 0.153923
6 0 1 19 74 0.215866
6 0 1 19 75 0.129838
6 0 1 20 72 0.205132
6 0 1 20 73 0.187003
6 0 1 20 74 0.168862
6 0 1 20 75 0.121641
6 0 1 21 72 -1
6 0 1 21 73 0.179568
6 0 1 21 74 0.111737
6 0 1 21 75 0.409346
6 0 2 19 140 -1
6 0 2 19 141 0.990152
6 0 2 19 142 -1
6 0 2 19 143 -1
6 0 2 20 140 -0.882767
6 0 2 20 141 0.282023
6 0 2 20 142 0.823471
6 0 2 20 143 0.777273
6 0 2 21 140 0.900259
6 0 2 21 141 -1
6 0 2 21 142 -1
6 0 2 21 143 -1
6 0 3 19 194 0.464232
6 0 3 19 195 -1
6 0 3 19 196 0.409666
6 0 3 20 194 0.432257
6 0 3 20 195 -1
6 0 3 20 196 0.380596
6 0 3 21 194 0.0721878
6 0 3 21 195 0.601221
6 0 3 21 196 0.14627
6 0 4 19 244 0.116942
6 0 4 19 245 -1
6 0 4 19 246 0.160417
6 0 4 19 247 0.489126
6 0 4 20 244 0.606033
6 0 4 20 245 -1
6 0 4 20 246 0.572255
6 0 4 20 247 0.450906
6 0 4 21 244 0.0134852
6 0 4 21 245 0.874156
6 0 4 21 246 0.0171941
6 0 4 21 247 0.0525786
6 1 2 72 140 -1
6 1 2 72 141 -1
6 1 2 72 142 -1
6 1 2 72 143 0.748227
6 1 2 73 140 -1
6 1 2 73 141 -1
6 1 2 73 142 0.922116
6 1 2 73 143 -1
6 1 2 74 140 -1
6 1 2 74 141 0.864856
6 1 2 74 142 -1
6 1 2 74 143 -1
6 1 2 75 140 0.426426
6 1 2 75 141 0.27964
6 1 2 75 142 -1
6 1 2 75 143 -1
6 1 3 72 194 0.126881
6 1 3 72 195 0.0962584
6 1 3 72 196 0.109503
6 1 3 73 194 0.109123
6 1 3 73 195 0.114896
6 1 3 73 196 0.111977
6 1 3 74 194 0.133117
6 1 3 74 195 0.0589663
6 1 3 74 196 0.129862
6 1 3 75 194 0.0738654
6 1 3 75 195 0.183191
6 1 3 75 196 0.0952864
6 1 4 72 244 0.932472
6 1 4 72 245 -1
6 1 4 72 246 -1
6 1 4 72 247 -1
6 1 4 73 244 -1
6 1 4 73 245 -1
6 1 4 73 246 0.854715
6 1 4 73 247 -1
6 1 4 74 244 -1
6 1 4 74 245 0.559944
6 1 4 74 246 -1
6 1 4 74 247 0.949457
6 1 4 75 244 -1
6 1 4 75 245 0.989378
6 1 4 75 246 -1
6 1 4 75 247 0.665421
6 2 3 140 194 -1
6 2 3 140 195 0.570959
6 2 3 140 196 -1
6 2 3 141 194 -1
6 2 3 141 195 -1
6 2 3 141 196 0.934479
6 2 3 142 194 0.334038
6 2 3 142 195 -1
6 2 3 142 196 0.424845
6 2 3 143 194 0.843909
6 2 3 143 195 -1
6 2 3 143 196 -1
6 2 4 140 244 -1
6 2 4 140 245 0.7782
6 2 4 140 246 -1
6 2 4 140 247 -1
6 2 4 141 244 -1
6 2 4 141 245 -1
6 2 4 141 246 -1
6 2 4 141 247 0.865183
6 2 4 142 244 -1
6 2 4 142 245 -1
6 2 4 142 246 0.953618
6 2 4 142 247 -1
6 2 4 143 244 0.896239
6 2 4 143 245 -1
6 2 4 143 246 -1
6 2 4 143 247 -1
6 3 4 194 244 0.108292
6 3 4 194 245 0.123282
6 3 4 194 246 0.085391
6 3 4 194 247 0.0880636
6 3 4 195 244 0.102587
6 3 4 195 245 0.117511
6 3 4 195 246 0.0923063
6 3 4 195 247 0.0937982
6 3 4 196 244 0.0940765
6 3 4 196 245 0.061922
6 3 4 196 246 0.129373
6 3 4 196 247 0.124932
7 0 1 22 76 0.87699
7 0 1 22 77 0.729456
7 0 1 22 78 -1
7 0 1 22 79 -1
7 0 1 23 76 0.386756
7 0 1 23 77 -1
7 0 1 23 78 0.919003
7 0 1 23 79 -1
7 0 1 24 76 -1
7 0 1 24 77 -1
7 0 1 24 78 -1
7 0 1 24 79 0.605309
7 0 2 22 144 -1
7 0 2 22 145 -1
7 0 2 22 146 -1
7 0 2 23 144 0.222541
7 0 2 23 145 0.242494
7 0 2 23 146 0.534965
7 0 2 24 144 0.235441
7 0 2 24 145 0.259241
7 0 2 24 146 0.505318
7 0 3 22 197 0.698732
7 0 3 22 198 -1
7 0 3 22 199 -1
7 0 3 23 197 -1
7 0 3 23 198 -1
7 0 3 23 199 0.710572
7 0 3 24 197 -1
7 0 3 24 198 -1
7 0 3 24 199 0.908935
7 0 4 22 248 0.107855
7 0 4 22 249 -1
7 0 4 22 250 -1
7 0 4 22 251 0.660053
7 0 4 23 248 -1
7 0 4 23 249 0.969777
7 0 4 23 250 -1
7 0 4 23 251 -1
7 0 4 24 248 0.371548
7 0 4 24 249 -1
7 0 4 24 250 -1
7 0 4 24 251 -1
7 1 2 76 144 0.259867
7 1 2 76 145 -1
7 1 2 76 146 -1
7 1 2 77 144 -1
7 1 2 77 145 0.0687669
7 1 2 77 146 0.692029
7 1 2 78 144 -1
7 1 2 78 145 0.516553
7 1 2 78 146 -1
7 1 2 79 144 0.772716
7 1 2 79 145 -1
7 1 2 79 146 -1
7 1 3 76 197 0.722249
7 1 3 76 198 -1
7 1 3 76 199 -1
7 1 3 77 197 -1
7 1 3 77 198 0.854371
7 1 3 77 199 0.98217
7 1 3 78 197 -1
7 1 3 78 198 0.386687
7 1 3 78 199 0.49229
7 1 3 79 197 0.459844
7 1 3 79 198 -1
7 1 3 79 199 -1
7 1 4 76 248 -1
7 1 4 76 249 -1
7 1 4 76 250 -1
7 1 4 76 251 0.634093
7 1 4 77 248 -1
7 1 4 77 249 -1
7 1 4 77 250 0.928315
7 1 4 77 251 -1
7 1 4 78 248 -1
7 1 4 78 249 0.905479
7 1 4 78 250 -1
7 1 4 78 251 -1
7 1 4 79 248 0.895703
7 1 4 79 249 -1
7 1 4 79 250 -1
7 1 4 79 251 -1
7 2 3 144 197 -1
7 2 3 144 198 -1
7 2 3 144 199 0.381079
7 2 3 145 197 -1
7 2 3 145 198 0.592543
7 2 3 145 199 0.240809
7 2 3 146 197 -1
7 2 3 146 198 0.555307
7 2 3 146 199 0.378113
7 2 4 144 248 0.666338
7 2 4 144 249 -1
7 2 4 144 250 -1
7 2 4 144 251 -1
7 2 4 145 248 -1
7 2 4 145 249 0.666546
7 2 4 145 250 -1
7 2 4 145 251 -1
7 2 4 146 248 -1
7 2 4 146 249 -1
7 2 4 146 250 0.7756
7 2 4 146 251 -1
7 3 4 197 248 -1
7 3 4 197 249 0.221026
7 3 4 197 250 0.408881
7 3 4 197 251 0.806817
7 3 4 198 248 -1
7 3 4 198 249 0.678976
7 3 4 198 250 0.158158
7 3 4 198 251 -1
7 3 4 199 248 -1
7 3 4 199 249 0.0999972
7 3 4 199 250 0.432961
7 3 4 199 251 0.612883
8 0 1 25 80 0.973641
8 0 1 25 81 -1
8 0 1 25 82 0.0946579
8 0 1 25 83 -1
8 0 1 26 80 0.695797
8 0 1 26 81 -1
8 0 1 26 82 0.788551
8 0 1 26 83 -1
8 0 1 27 80 -1
8 0 1 27 81 -1
8 0 1 27 82 0.116791
8 0 1 27 83 0.0979364
8 0 2 25 147 -1
8 0 2 25 148 -1
8 0 2 25 149 -1
8 0 2 26 147 0.322835
8 0 2 26 148 0.564939
8 0 2 26 149 0.112226
8 0 2 27 147 0.468202
8 0 2 27 148 -1
8 0 2 27 149 0.278683
8 0 3 25 200 0.659461
8 0 3 25 201 -1
8 0 3 25 202 -1
8 0 3 26 200 -1
8 0 3 26 201 0.997266
8 0 3 26 202 0.297831
8 0 3 27 200 -1
8 0 3 27 201 -1
8 0 3 27 202 -1
8 0 4 25 252 -1
8 0 4 25 253 -1
8 0 4 25 254 -1
8 0 4 25 255 0.907373
8 0 4 26 252 -1
8 0 4 26 253 0.815168
8 0 4 26 254 0.0368907
8 0 4 26 255 -1
8 0 4 27 252 0.867202
8 0 4 27 253 -1
8 0 4 27 254 -1
8 0 4 27 255 -1
8 1 2 80 147 0.742158
8 1 2 80 148 -1
8 1 2 80 149 -1
8 1 2 81 147 -1
8 1 2 81 148 -1
8 1 2 81 149 0.915506
8 1 2 82 147 -1
8 1 2 82 148 0.879363
8 1 2 82 149 -1
8 1 2 83 147 0.877441
8 1 2 83 148 -1
8 1 2 83 149 -1
8 1 3 80 200 0.489245
8 1 3 80 201 -1
8 1 3 80 202 -1
8 1 3 81 200 -1
8 1 3 81 201 0.709133
8 1 3 81 202 0.90166
8 1 3 82 200 -1
8 1 3 82 201 0.982993
8 1 3 82 202 0.782538
8 1 3 83 200 -1
8 1 3 83 201 -1
8 1 3 83 202 -1
8 1 4 80 252 0.936737
8 1 4 80 253 -1
8 1 4 80 254 -1
8 1 4 80 255 0.266372
8 1 4 81 252 -1
8 1 4 81 253 -1
8 1 4 81 254 0.905298
8 1 4 81 255 -1
8 1 4 82 252 -1
8 1 4 82 253 0.895692
8 1 4 82 254 -1
8 1 4 82 255 -1
8 1 4 83 252 0.957849
8 1 4 83 253 -1
8 1 4 83 254 -1
8 1 4 83 255 0.0533688
8 2 3 147 200 -1
8 2 3 147 201 -1
8 2 3 147 202 -1
8 2 3 148 200 -1
8 2 3 148 201 0.918358
8 2 3 148 202 0.756523
8 2 3 149 200 -1
8 2 3 149 201 0.882827
8 2 3 149 202 0.854769
8 2 4 147 252 0.788849
8 2 4 147 253 -1
8 2 4 147 254 -1
8 2 4 147 255 -1
8 2 4 148 252 -1
8 2 4 148 253 0.697528
8 2 4 148 254 -1
8 2 4 148 255 -1
8 2 4 149 252 -1
8 2 4 149 253 -1
8 2 4 149 254 0.8849
8 2 4 149 255 -1
8 3 4 200 252 -0.780426
8 3 4 200 253 0.244414
8 3 4 200 254 0.393145
8 3 4 200 255 0.682989
8 3 4 201 252 -1
8 3 4 201 253 0.442733
8 3 4 201 254 0.0429927
8 3 4 201 255 -1
8 3 4 202 252 -1
8 3 4 202 253 0.244086
8 3 4 202 254 0.45325
8 3 4 202 255 0.757124
9 0 1 28 84 -1
9 0 1 28 85 0.943069
9 0 1 28 86 0.0209596
9 0 1 28 87 -1
9 0 1 29 84 0.325276
9 0 1 29 85 0.163083
9 0 1 29 86 0.139911
9 0 1 29 87 0.187751
9 0 1 30 84 0.31944
9 0 1 30 85 0.156431
9 0 1 30 86 0.144041
9 0 1 30 87 0.190678
9 0 1 31 84 -1
9 0 1 31 85 -1
9 0 1 31 86 0.148479
9 0 1 31 87 0.870267
9 0 2 28 150 0.572796
9 0 2 28 151 -1
9 0 2 28 152 -1
9 0 2 29 150 -1
9 0 2 29 151 0.788674
9 0 2 29 152 0.656512
9 0 2 30 150 -1
9 0 2 30 151 0.851565
9 0 2 30 152 0.956198
9 0 2 31 150 0.916098
9 0 2 31 151 -1
9 0 2 31 152 -1
9 0 3 28 203 -1
9 0 3 28 204 -1
9 0 3 29 203 0.761465
9 0 3 29 204 -1
9 0 3 30 203 0.386464
9 0 3 30 204 -1
9 0 3 31 203 -1
9 0 3 31 204 0.963323
9 0 4 28 256 -1
9 0 4 29 256 -1
9 0 4 30 256 -1
9 0 4 31 256 0.915286
9 1 2 84 150 -1
9 1 2 84 151 0.822725
9 1 2 84 152 -1
9 1 2 85 150 -1
9 1 2 85 151 -1
9 1 2 85 152 -1
9 1 2 86 150 -1
9 1 2 86 151 -1
9 1 2 86 152 0.963352
9 1 2 87 150 0.859193
9 1 2 87 151 -1
9 1 2 87 152 -1
9 1 3 84 203 0.94043
9 1 3 84 204 -1
9 1 3 85 203 -1
9 1 3 85 204 0.0864977
9 1 3 86 203 0.238252
9 1 3 86 204 0.0822228
9 1 3 87 203 -1
9 1 3 87 204 0.888425
9 1 4 84 256 -1
9 1 4 85 256 0.3492
9 1 4 86 256 -1
9 1 4 87 256 0.746864
9 2 3 150 203 -1
9 2 3 150 204 0.960428
9 2 3 151 203 0.657797
9 2 3 151 204 -1
9 2 3 152 203 0.399014
9 2 3 152 204 -1
9 2 4 150 256 0.985735
9 2 4 151 256 -1
9 2 4 152 256 -1
9 3 4 203 256 0.4455
9 3 4 204 256 0.5545
10 0 1 32 88 -1
10 0 2 32 153 0.242519
10 0 2 32 154 -1
10 0 2 32 155 -1
10 0 3 32 205 -1
10 0 3 32 206 -1
10 0 4 32 257 -1
10 0 4 32 258 0.970687
10 0 4 32 259 -1
10 0 4 32 260 -1
10 1 2 88 153 0.923394
10 1 2 88 154 -1
10 1 2 88 155 -1
10 1 3 88 205 0.164096
10 1 3 88 206 0.835904
10 1 4 88 257 -1
10 1 4 88 258 0.608782
10 1 4 88 259 -1
10 1 4 88 260 0.877313
10 2 3 153 205 -1
10 2 3 153 206 0.9924
10 2 3 154 205 0.0878821
10 2 3 154 206 0.0564958
10 2 3 155 205 0.998289
10 2 3 155 206 -1
10 2 4 153 257 -1
10 2 4 153 258 -1
10 2 4 153 259 -1
10 2 4 153 260 0.898314
10 2 4 154 257 -1
10 2 4 154 258 -1
10 2 4 154 259 0.960496
10 2 4 154 260 -1
10 2 4 155 257 0.879633
10 2 4 155 258 -1
10 2 4 155 259 -1
10 2 4 155 260 -1
10 3 4 205 257 0.900358
10 3 4 205 258 0.444428
10 3 4 205 259 0.116472
10 3 4 205 260 -1
10 3 4 206 257 -1
10 3 4 206 258 -1
10 3 4 206 259 0.768025
10 3 4 206 260 0.989309
11 0 1 33 89 -0.752573
11 0 1 33 90 0.346921
11 0 1 33 91 0.361752
11 0 1 33 92 0.164488
11 0 1 34 89 0.0751065
11 0 1 34 90 0.175874
11 0 1 34 91 0.179657
11 0 1 34 92 0.105872
11 0 1 35 89 -1
11 0 1 35 90 0.0686427
11 0 1 35 91 0.0388192
11 0 1 35 92 0.498276
11 0 2 33 156 0.283822
11 0 2 33 157 -1
11 0 2 33 158 -1
11 0 2 33 159 -1
11 0 2 34 156 -1
11 0 2 34 157 0.0241333
11 0 2 34 158 0.527246
11 0 2 34 159 0.952004
11 0 2 35 156 -1
11 0 2 35 157 0.645902
11 0 2 35 158 -1
11 0 2 35 159 -1
11 0 3 33 207 0.956255
11 0 3 33 208 -1
11 0 3 34 207 -1
11 0 3 34 208 0.971518
11 0 3 35 207 -1
11 0 3 35 208 0.0714777
11 0 4 33 261 -1
11 0 4 33 262 -1
11 0 4 33 263 0.995213
11 0 4 34 261 0.467503
11 0 4 34 262 0.784594
11 0 4 34 263 -1
11 0 4 35 261 -1
11 0 4 35 262 -1
11 0 4 35 263 0.856331
11 1 2 89 156 -1
11 1 2 89 157 -1
11 1 2 89 158 0.534191
11 1 2 89 159 0.133365
11 1 2 90 156 0.336522
11 1 2 90 157 -1
11 1 2 90 158 -1
11 1 2 90 159 -1
11 1 2 91 156 -1
11 1 2 91 157 -1
11 1 2 91 158 -1
11 1 2 91 159 0.859754
11 1 2 92 156 -1
11 1 2 92 157 0.440956
11 1 2 92 158 -1
11 1 2 92 159 -1
11 1 3 89 207 0.19421
11 1 3 89 208 0.17762
11 1 3 90 207 0.199122
11 1 3 90 208 0.17002
11 1 3 91 207 0.149612
11 1 3 91 208 0.246618
11 1 3 92 207 0.215295
11 1 3 92 208 0.144998
11 1 4 89 261 0.754877
11 1 4 89 262 -1
11 1 4 89 263 -1
11 1 4 90 261 -1
11 1 4 90 262 0.684915
11 1 4 90 263 0.87099
11 1 4 91 261 -1
11 1 4 91 262 0.857895
11 1 4 91 263 0.388436
11 1 4 92 261 -1
11 1 4 92 262 0.384169
11 1 4 92 263 0.112914
11 2 3 156 207 0.49876
11 2 3 156 208 -1
11 2 3 157 207 -1
11 2 3 157 208 0.160772
11 2 3 158 207 -1
11 2 3 158 208 0.41465
11 2 3 159 207 -1
11 2 3 159 208 0.920256
11 2 4 156 261 -1
11 2 4 156 262 -1
11 2 4 156 263 0.193467
11 2 4 157 261 -1
11 2 4 157 262 -1
11 2 4 157 263 0.177219
11 2 4 158 261 0.765345
11 2 4 158 262 -1
11 2 4 158 263 -1
11 2 4 159 261 -1
11 2 4 159 262 0.751926
11 2 4 159 263 -1
11 3 4 207 261 0.216684
11 3 4 207 262 0.225913
11 3 4 207 263 0.222242
11 3 4 208 261 0.226767
11 3 4 208 262 0.216444
11 3 4 208 263 0.220551
12 0 1 36 93 -1
12 0 1 36 94 0.384752
12 0 1 36 95 0.513134
12 0 2 36 160 -1
12 0 2 36 161 -1
12 0 2 36 162 -1
12 0 3 36 209 -1
12 0 4 36 264 -1
12 0 4 36 265 -1
12 0 4 36 266 -1
12 0 4 36 267 0.91018
12 1 2 93 160 -1
12 1 2 93 161 -1
12 1 2 93 162 0.908671
12 1 2 94 160 0.959773
12 1 2 94 161 -1
12 1 2 94 162 -1
12 1 2 95 160 -1
12 1 2 95 161 0.920069
12 1 2 95 162 -1
12 1 3 93 209 0.545142
12 1 3 94 209 0.0413429
12 1 3 95 209 0.413516
12 1 4 93 264 -1
12 1 4 93 265 -1
12 1 4 93 266 0.686087
12 1 4 93 267 -1
12 1 4 94 264 0.845781
12 1 4 94 265 -1
12 1 4 94 266 -1
12 1 4 94 267 0.423102
12 1 4 95 264 -1
12 1 4 95 265 0.905189
12 1 4 95 266 -1
12 1 4 95 267 -1
12 2 3 160 209 -1
12 2 3 161 209 -1
12 2 3 162 209 0.708079
12 2 4 160 264 0.715834
12 2 4 160 265 -1
12 2 4 160 266 -1
12 2 4 160 267 -1
12 2 4 161 264 -1
12 2 4 161 265 0.949793
12 2 4 161 266 -1
12 2 4 161 267 -1
12 2 4 162 264 -1
12 2 4 162 265 -1
12 2 4 162 266 0.825661
12 2 4 162 267 -1
12 3 4 209 264 0.0716697
12 3 4 209 265 0.331607
12 3 4 209 266 0.260294
12 3 4 209 267 0.336429
13 0 1 37 96 0.82585
13 0 1 37 97 0.675434
13 0 1 37 98 -1
13 0 1 37 99 -1
13 0 1 38 96 -1
13 0 1 38 97 -1
13 0 1 38 98 0.891179
13 0 1 38 99 -1
13 0 2 37 163 -1
13 0 2 37 164 -1
13 0 2 37 165 -1
13 0 2 38 163 -1
13 0 2 38 164 0.918219
13 0 2 38 165 0.836766
13 0 3 37 210 0.853453
13 0 3 37 211 -1
13 0 3 37 212 -1
13 0 3 38 210 -1
13 0 3 38 211 -1
13 0 3 38 212 0.515139
13 0 4 37 268 -1
13 0 4 37 269 -1
13 0 4 37 270 -1
13 0 4 37 271 0.450618
13 0 4 38 268 -1
13 0 4 38 269 0.93293
13 0 4 38 270 -1
13 0 4 38 271 -1
13 1 2 96 163 0.705445
13 1 2 96 164 -1
13 1 2 96 165 -1
13 1 2 97 163 -1
13 1 2 97 164 -1
13 1 2 97 165 0.73084
13 1 2 98 163 -1
13 1 2 98 164 0.98322
13 1 2 98 165 -1
13 1 2 99 163 0.854587
13 1 2 99 164 -1
13 1 2 99 165 -1
13 1 3 96 210 0.637029
13 1 3 96 211 -1
13 1 3 96 212 -1
13 1 3 97 210 -1
13 1 3 97 211 0.953803
13 1 3 97 212 0.986348
13 1 3 98 210 -1
13 1 3 98 211 -1
13 1 3 98 212 -1
13 1 3 99 210 -1
13 1 3 99 211 -1
13 1 3 99 212 -1
13 1 4 96 268 -1
13 1 4 96 269 -1
13 1 4 96 270 -1
13 1 4 96 271 0.713296
13 1 4 97 268 -1
13 1 4 97 269 -1
13 1 4 97 270 0.881114
13 1 4 97 271 -1
13 1 4 98 268 -1
13 1 4 98 269 0.863026
13 1 4 98 270 -1
13 1 4 98 271 -1
13 1 4 99 268 0.802284
13 1 4 99 269 -1
13 1 4 99 270 -1
13 1 4 99 271 -1
13 2 3 163 210 -1
13 2 3 163 211 -1
13 2 3 163 212 -1
13 2 3 164 210 -1
13 2 3 164 211 -1
13 2 3 164 212 0.0869324
13 2 3 165 210 -1
13 2 3 165 211 0.660094
13 2 3 165 212 0.766279
13 2 4 163 268 0.718801
13 2 4 163 269 -1
13 2 4 163 270 -1
13 2 4 163 271 -1
13 2 4 164 268 -1
13 2 4 164 269 0.968212
13 2 4 164 270 -1
13 2 4 164 271 -1
13 2 4 165 268 -1
13 2 4 165 269 -1
13 2 4 165 270 0.904029
13 2 4 165 271 -1
13 3 4 210 268 -1
13 3 4 210 269 -1
13 3 4 210 270 0.785074
13 3 4 210 271 0.963448
13 3 4 211 268 -1
13 3 4 211 269 0.866604
13 3 4 211 270 -1
13 3 4 211 271 -1
13 3 4 212 268 -1
13 3 4 212 269 -1
13 3 4 212 270 0.857471
13 3 4 212 271 0.417457
14 0 1 39 100 0.812683
14 0 1 39 101 -1
14 0 1 39 102 -1
14 0 1 39 103 -1
14 0 1 40 100 0.32863
14 0 1 40 101 -1
14 0 1 40 102 0.956196
14 0 1 40 103 -1
14 0 1 41 100 -1
14 0 1 41 101 -1
14 0 1 41 102 0.207324
14 0 1 41 103 -1
14 0 2 39 166 -1
14 0 2 39 167 -1
14 0 2 39 168 -1
14 0 2 40 166 0.333083
14 0 2 40 167 0.545128
14 0 2 40 168 0.121789
14 0 2 41 166 -1
14 0 2 41 167 -1
14 0 2 41 168 -1
14 0 3 39 213 0.95003
14 0 3 39 214 -1
14 0 3 39 215 -1
14 0 3 40 213 -1
14 0 3 40 214 0.884062
14 0 3 40 215 0.773556
14 0 3 41 213 -1
14 0 3 41 214 -1
14 0 3 41 215 -1
14 0 4 39 272 -1
14 0 4 39 273 -1
14 0 4 39 274 -1
14 0 4 39 275 0.920216
14 0 4 40 272 -1
14 0 4 40 273 0.803818
14 0 4 40 274 0.0262286
14 0 4 40 275 -1
14 0 4 41 272 0.316196
14 0 4 41 273 -1
14 0 4 41 274 -1
14 0 4 41 275 -1
14 1 2 100 166 0.742172
14 1 2 100 167 -1
14 1 2 100 168 -1
14 1 2 101 166 -1
14 1 2 101 167 -1
14 1 2 101 168 0.836115
14 1 2 102 166 -1
14 1 2 102 167 0.795731
14 1 2 102 168 -1
14 1 2 103 166 0.993706
14 1 2 103 167 -1
14 1 2 103 168 -1
14 1 3 100 213 0.603822
14 1 3 100 214 -1
14 1 3 100 215 -1
14 1 3 101 213 -1
14 1 3 101 214 0.526927
14 1 3 101 215 0.574072
14 1 3 102 213 -1
14 1 3 102 214 0.81877
14 1 3 102 215 -1
14 1 3 103 213 -1
14 1 3 103 214 -1
14 1 3 103 215 -1
14 1 4 100 272 0.639925
14 1 4 100 273 -1
14 1 4 100 274 -1
14 1 4 100 275 0.511823
14 1 4 101 272 -1
14 1 4 101 273 -1
14 1 4 101 274 0.902179
14 1 4 101 275 -1
14 1 4 102 272 -1
14 1 4 102 273 0.835546
14 1 4 102 274 -1
14 1 4 102 275 -1
14 1 4 103 272 0.879455
14 1 4 103 273 -1
14 1 4 103 274 -1
14 1 4 103 275 -1
14 2 3 166 213 -1
14 2 3 166 214 -1
14 2 3 166 215 -1
14 2 3 167 213 -1
14 2 3 167 214 0.936488
14 2 3 167 215 0.501021
14 2 3 168 213 -1
14 2 3 168 214 0.799749
14 2 3 168 215 0.756659
14 2 4 166 272 0.922739
14 2 4 166 273 -1
14 2 4 166 274 -1
14 2 4 166 275 -1
14 2 4 167 272 -1
14 2 4 167 273 0.830697
14 2 4 167 274 -1
14 2 4 167 275 -1
14 2 4 168 272 -1
14 2 4 168 273 -1
14 2 4 168 274 0.987199
14 2 4 168 275 -1
14 3 4 213 272 -0.982277
14 3 4 213 273 0.197698
14 3 4 213 274 0.836124
14 3 4 213 275 0.948456
14 3 4 214 272 -1
14 3 4 214 273 0.82208
14 3 4 214 274 -1
14 3 4 214 275 -1
14 3 4 215 272 -1
14 3 4 215 273 -1
14 3 4 215 274 0.901728
14 3 4 215 275 0.547953
15 0 1 42 104 -1
15 0 1 42 105 -1
15 0 1 43 104 0.523254
15 0 1 43 105 0.476746
15 0 1 44 104 0.485843
15 0 1 44 105 0.514157
15 0 2 42 169 0.854098
15 0 2 42 170 0.621104
15 0 2 42 171 -1
15 0 2 43 169 0.0231463
15 0 2 43 170 0.731733
15 0 2 43 171 -1
15 0 2 44 169 -1
15 0 2 44 170 -1
15 0 2 44 171 0.886432
15 0 3 42 216 -1
15 0 3 43 216 0.989441
15 0 3 44 216 -1
15 0 4 42 276 0.826612
15 0 4 42 277 0.983784
15 0 4 42 278 -1
15 0 4 43 276 -1
15 0 4 43 277 -1
15 0 4 43 278 0.944425
15 0 4 44 276 0.763774
15 0 4 44 277 0.373483
15 0 4 44 278 -1
15 1 2 104 169 0.00398892
15 1 2 104 170 -1
15 1 2 104 171 0.161042
15 1 2 105 169 -1
15 1 2 105 170 -1
15 1 2 105 171 0.838958
15 1 3 104 216 0.605288
15 1 3 105 216 0.394712
15 1 4 104 276 0.223311
15 1 4 104 277 -1
15 1 4 104 278 0.858138
15 1 4 105 276 0.776689
15 1 4 105 277 -1
15 1 4 105 278 -1
15 2 3 169 216 0.106797
15 2 3 170 216 -1
15 2 3 171 216 -1
15 2 4 169 276 -1
15 2 4 169 277 -1
15 2 4 169 278 -1
15 2 4 170 276 -1
15 2 4 170 277 -1
15 2 4 170 278 -1
15 2 4 171 276 0.977196
15 2 4 171 277 -1
15 2 4 171 278 0.0689478
15 3 4 216 276 0.170359
15 3 4 216 277 0.353268
15 3 4 216 278 0.476373
16 0 1 45 106 -1
16 0 1 45 107 -1
16 0 1 45 108 0.986205
16 0 2 45 172 0.791911
16 0 2 45 173 -1
16 0 2 45 174 -1
16 0 3 45 217 -1
16 0 4 45 279 -1
16 0 4 45 280 -1
16 0 4 45 281 -1
16 0 4 45 282 0.860816
16 1 2 106 172 -1
16 1 2 106 173 0.12001
16 1 2 106 174 -1
16 1 2 107 172 -1
16 1 2 107 173 -1
16 1 2 107 174 0.850614
16 1 2 108 172 0.834075
16 1 2 108 173 -1
16 1 2 108 174 -1
16 1 3 106 217 -1
16 1 3 107 217 0.807532
16 1 3 108 217 -1
16 1 4 106 279 0.0596901
16 1 4 106 280 -1
16 1 4 106 281 -1
16 1 4 106 282 -1
16 1 4 107 279 -1
16 1 4 107 280 0.771771
16 1 4 107 281 -1
16 1 4 107 282 -1
16 1 4 108 279 -1
16 1 4 108 280 -1
16 1 4 108 281 -1
16 1 4 108 282 0.915055
16 2 3 172 217 -1
16 2 3 173 217 -1
16 2 3 174 217 -1
16 2 4 172 279 0.641197
16 2 4 172 280 -1
16 2 4 172 281 -1
16 2 4 172 282 0.92106
16 2 4 173 279 0.846716
16 2 4 173 280 -1
16 2 4 173 281 -1
16 2 4 173 282 0.297742
16 2 4 174 279 -1
16 2 4 174 280 0.85986
16 2 4 174 281 -1
16 2 4 174 282 -1
16 3 4 217 279 -0.98517
16 3 4 217 280 0.525449
16 3 4 217 281 0.960377
16 3 4 217 282 0.499343
17 0 1 46 109 0.526756
17 0 1 46 110 -1
17 0 1 46 111 0.0217233
17 0 1 46 112 0.422464
17 0 1 46 113 -1
17 0 1 47 109 0.473244
17 0 1 47 110 -1
17 0 1 47 111 0.217234
17 0 1 47 112 0.577536
17 0 1 47 113 -1
17 0 2 46 175 -1
17 0 2 46 176 -1
17 0 2 46 177 -1
17 0 2 47 175 0.286582
17 0 2 47 176 0.168515
17 0 2 47 177 0.544903
17 0 3 46 218 -1
17 0 3 46 219 -1
17 0 3 47 218 -1
17 0 3 47 219 0.686106
17 0 4 46 283 -1
17 0 4 46 284 -1
17 0 4 46 285 -1
17 0 4 46 286 0.836084
17 0 4 47 283 -1
17 0 4 47 284 0.940302
17 0 4 47 285 -1
17 0 4 47 286 -1
17 1 2 109 175 0.991446
17 1 2 109 176 -1
17 1 2 109 177 -1
17 1 2 110 175 -1
17 1 2 110 176 -1
17 1 2 110 177 0.729209
17 1 2 111 175 -1
17 1 2 111 176 0.938039
17 1 2 111 177 -1
17 1 2 112 175 -1
17 1 2 112 176 0.368403
17 1 2 112 177 -1
17 1 2 113 175 0.823119
17 1 2 113 176 -1
17 1 2 113 177 -1
17 1 3 109 218 0.535036
17 1 3 109 219 -1
17 1 3 110 218 -1
17 1 3 110 219 0.94804
17 1 3 111 218 -1
17 1 3 111 219 0.269674
17 1 3 112 218 -1
17 1 3 112 219 -1
17 1 3 113 218 0.171089
17 1 3 113 219 -1
17 1 4 109 283 0.591846
17 1 4 109 284 -1
17 1 4 109 285 -1
17 1 4 109 286 0.0546855
17 1 4 110 283 -1
17 1 4 110 284 -1
17 1 4 110 285 0.562703
17 1 4 110 286 -1
17 1 4 111 283 -1
17 1 4 111 284 -1
17 1 4 111 285 -1
17 1 4 111 286 -1
17 1 4 112 283 -1
17 1 4 112 284 0.954298
17 1 4 112 285 -1
17 1 4 112 286 -1
17 1 4 113 283 0.862594
17 1 4 113 284 -1
17 1 4 113 285 -1
17 1 4 113 286 0.638853
17 2 3 175 218 -1
17 2 3 175 219 -1
17 2 3 176 218 -1
17 2 3 176 219 0.592376
17 2 3 177 218 -1
17 2 3 177 219 0.565214
17 2 4 175 283 0.697502
17 2 4 175 284 -1
17 2 4 175 285 -1
17 2 4 175 286 0.119373
17 2 4 176 283 -1
17 2 4 176 284 0.661587
17 2 4 176 285 -1
17 2 4 176 286 -1
17 2 4 177 283 -1
17 2 4 177 284 -1
17 2 4 177 285 0.70029
17 2 4 177 286 -1
17 3 4 218 283 -1
17 3 4 218 284 0.327927
17 3 4 218 285 0.319378
17 3 4 218 286 0.688071
17 3 4 219 283 -1
17 3 4 219 284 -1
17 3 4 219 285 0.680622
17 3 4 219 286 -1
18 0 1 48 114 0.556219
18 0 1 48 115 -1
18 0 1 48 116 0.999256
18 0 1 48 117 -1
18 0 2 48 178 -1
18 0 2 48 179 0.878833
18 0 2 48 180 0.306715
18 0 3 48 220 -1
18 0 3 48 221 0.701459
18 0 4 48 287 0.97835
18 0 4 48 288 -1
18 1 2 114 178 0.236528
18 1 2 114 179 -1
18 1 2 114 180 -1
18 1 2 115 178 -1
18 1 2 115 179 -1
18 1 2 115 180 0.167445
18 1 2 116 178 -1
18 1 2 116 179 0.794693
18 1 2 116 180 -1
18 1 2 117 178 0.77318
18 1 2 117 179 -1
18 1 2 117 180 -1
18 1 3 114 220 0.85595
18 1 3 114 221 -1
18 1 3 115 220 -1
18 1 3 115 221 0.963013
18 1 3 116 220 -1
18 1 3 116 221 0.0210931
18 1 3 117 220 0.0702288
18 1 3 117 221 -1
18 1 4 114 287 -1
18 1 4 114 288 -1
18 1 4 115 287 -1
18 1 4 115 288 0.928123
18 1 4 116 287 0.763101
18 1 4 116 288 -1
18 1 4 117 287 -1
18 1 4 117 288 -1
18 2 3 178 220 -1
18 2 3 178 221 -1
18 2 3 179 220 -1
18 2 3 179 221 0.322141
18 2 3 180 220 -1
18 2 3 180 221 0.217955
18 2 4 178 287 -1
18 2 4 178 288 -1
18 2 4 179 287 0.943027
18 2 4 179 288 -1
18 2 4 180 287 -1
18 2 4 180 288 0.552948
18 3 4 220 287 0.4427
18 3 4 220 288 0.396279
18 3 4 221 287 0.0602971
18 3 4 221 288 0.562948
end of Frame 231
