J OverallIdx viewIdx joint种类0-18(jointIdx) 该joint在图中的顺序(candidix) x y score
0 0 0 0 157.026 337.413 0.742461
1 0 0 1 42.0269 364.819 0.775978
2 0 0 2 687.141 394.358 0.563668
3 0 0 3 325.31 432.304 0.609645
4 0 1 0 687.13 191.83 0.708127
5 0 1 1 328.078 210.769 0.894556
6 0 1 2 58.9298 248.804 0.886313
7 0 1 3 165.341 244.56 0.895822
8 0 2 0 137.388 337.377 0.737661
9 0 2 1 698.316 394.309 0.450477
10 0 2 2 372.951 436.495 0.569292
11 0 3 0 176.634 337.409 0.72788
12 0 3 1 72.8315 366.897 0.748096
13 0 3 2 684.27 396.43 0.605012
14 0 3 3 280.358 430.163 0.60318
15 0 4 0 625.419 137.05 0.651279
16 0 4 1 78.3741 198.18 0.890605
17 0 4 2 159.782 208.716 0.874871
18 0 5 0 703.796 189.735 0.540523
19 0 5 1 406.575 210.966 0.806097
20 0 5 2 27.9158 244.605 0.839385
21 0 5 3 129.04 244.629 0.822539
22 0 6 0 681.518 193.912 0.861607
23 0 6 1 257.996 204.522 0.823165
24 0 6 2 190.844 244.541 0.901243
25 0 6 3 100.986 257.256 0.892207
26 0 7 0 123.327 411.101 0.826881
27 0 7 1 703.954 552.486 0.641945
28 0 7 2 347.802 626.3 0.722214
29 0 8 0 168.354 411.162 0.831973
30 0 8 1 56.1694 455.472 0.843996
31 0 8 2 684.168 563.021 0.714469
32 0 8 3 260.749 609.382 0.71694
33 0 9 0 387.03 126.621 0.880791
34 0 9 1 50.4479 196.081 0.77206
35 0 9 2 140.211 204.525 0.646113
36 0 10 0 311.26 122.243 0.804786
37 0 10 1 659.053 130.77 0.864849
38 0 10 2 171.212 196.215 0.676473
39 0 10 3 95.3295 204.511 0.212766
40 0 11 0 117.81 293.087 0.153117
41 0 11 1 437.374 345.935 0.88707
42 0 12 0 706.644 267.826 0.89015
43 0 12 1 207.523 284.722 0.619066
44 0 12 2 103.9 312.192 0.844667
45 0 12 3 221.609 339.511 0.753912
46 0 13 0 117.803 466.074 0.574262
47 0 13 1 715.152 697.943 0.670626
48 0 13 2 328.15 765.467 0.38665
49 0 14 0 171.019 478.654 0.683732
50 0 14 1 56.2026 539.815 0.812223
51 0 14 2 692.626 716.991 0.738153
52 0 14 3 235.452 765.491 0.440945
53 0 15 0 415.1 430.162 0.674954
54 0 16 0 190.573 297.4 0.499649
55 0 16 1 650.655 345.784 0.816861
56 0 16 2 101.067 366.879 0.896837
57 0 16 3 255.208 411.109 0.734456
58 0 17 0 165.412 489.25 0.34779
59 0 17 1 56.135 562.99 0.822438
60 0 17 2 614.169 733.815 0.761647
61 0 18 0 109.406 482.91 0.347196
62 0 18 1 661.734 683.245 0.224681
63 1 0 0 684.147 398.608 0.719463
64 1 1 0 684.24 236.173 0.880764
65 1 2 0 709.528 398.556 0.709724
66 1 3 0 653.37 400.645 0.657557
67 1 4 0 622.641 189.794 0.829707
68 1 5 0 726.324 244.513 0.885307
69 1 6 0 639.541 227.857 0.894448
70 1 7 0 706.608 501.89 0.633985
71 1 8 0 614.117 527.133 0.755682
72 1 10 0 658.898 177.064 0.931523
73 1 11 0 30.8762 322.631 0.271373
74 1 11 1 748.806 329.03 0.93773
75 1 12 0 633.779 328.939 0.889798
76 1 13 0 729.047 581.914 0.655564
77 1 13 1 681.469 649.529 0.798376
78 1 14 0 611.264 655.822 0.749313
79 1 15 0 709.44 379.591 0.793486
80 1 16 0 614.178 398.531 0.84413
81 1 17 0 549.666 662.084 0.779155
82 1 18 0 720.713 598.78 0.362698
83 1 18 1 650.615 643.143 0.32412
84 2 0 0 507.678 225.582 0.799141
85 2 0 1 712.382 366.967 0.653983
86 2 1 0 524.282 80.1624 0.857292
87 2 1 1 743.192 223.546 0.753192
88 2 2 0 482.384 223.523 0.801247
89 2 2 1 715.104 364.812 0.571848
90 2 3 0 538.466 225.652 0.750434
91 2 3 1 712.329 375.349 0.715584
92 2 4 0 501.935 42.0927 0.933814
93 2 4 1 687.161 164.485 0.865396
94 2 5 0 476.674 75.9398 0.87457
95 2 5 1 729.15 210.901 0.674953
96 2 6 0 569.32 90.6058 0.866088
97 2 6 1 751.647 236.162 0.837746
98 2 7 0 485.221 316.355 0.84645
99 2 7 1 703.88 478.621 0.723561
100 2 8 0 546.769 324.704 0.825956
101 2 8 1 684.23 480.792 0.794156
102 2 10 0 546.733 35.8564 0.829655
103 2 10 1 748.672 160.194 0.96276
104 2 11 0 434.645 111.727 0.934168
105 2 12 0 616.794 143.347 0.959681
106 2 12 1 751.669 341.6 0.858134
107 2 13 0 496.328 392.169 0.840328
108 2 13 1 687.067 550.418 0.759428
109 2 14 0 549.541 400.616 0.86348
110 2 14 1 681.445 594.654 0.776626
111 2 15 0 459.793 170.806 0.892248
112 2 16 0 572.2 193.96 0.962599
113 2 16 1 701.048 383.791 0.789686
114 2 17 0 546.904 436.506 0.787886
115 2 17 1 633.698 615.742 0.764515
116 2 18 0 465.533 419.631 0.771646
117 2 18 1 639.332 552.478 0.859185
118 3 0 0 286.116 343.729 0.784267
119 3 0 1 673.075 763.288 0.209182
120 3 1 0 269.202 189.783 0.842405
121 3 1 1 616.947 293.146 0.635617
122 3 2 0 257.95 345.838 0.829239
123 3 3 0 325.171 341.594 0.778829
124 3 3 1 574.923 763.311 0.150229
125 3 4 0 280.305 126.646 0.963162
126 3 5 0 218.728 191.908 0.85001
127 3 5 1 802.018 267.819 0.490155
128 3 6 0 319.744 183.463 0.826441
129 3 6 1 440.244 316.307 0.581477
130 3 7 0 260.864 463.87 0.834662
131 3 8 0 328.16 453.339 0.804664
132 3 9 0 684.147 73.813 0.230821
133 3 9 1 243.99 126.428 0.827585
134 3 10 0 507.64 78.0858 0.758626
135 3 10 1 302.773 124.438 0.502726
136 3 11 0 165.446 248.845 0.893652
137 3 11 1 928.147 643.122 0.635982
138 3 12 0 347.827 238.309 0.885509
139 3 12 1 429.109 615.697 0.742105
140 3 13 0 274.823 562.941 0.81876
141 3 14 0 330.989 550.407 0.824462
142 3 15 0 215.954 297.381 0.926129
143 3 16 0 347.659 284.697 0.895429
144 3 16 1 485.08 763.278 0.736241
145 3 17 0 370.172 567.324 0.685181
146 3 18 0 280.515 594.652 0.881537
147 4 0 0 588.943 288.867 0.730458
148 4 0 1 420.611 328.96 0.415528
149 4 1 0 415.055 109.697 0.571539
150 4 1 1 572.168 141.308 0.945602
151 4 2 0 555.222 288.905 0.719967
152 4 2 1 423.413 328.964 0.540168
153 4 3 0 616.936 286.755 0.756588
154 4 3 1 417.918 328.968 0.329466
155 4 4 0 485.286 42.245 0.807084
156 4 4 1 611.356 88.5214 0.840129
157 4 5 0 414.92 111.736 0.816793
158 4 5 1 529.992 143.439 0.901075
159 4 6 0 423.444 109.668 0.417686
160 4 6 1 616.941 137.092 0.872794
161 4 7 0 569.148 396.496 0.81108
162 4 7 1 417.956 497.727 0.638376
163 4 8 0 639.305 392.208 0.851661
164 4 8 1 423.481 489.218 0.276009
165 4 9 0 434.578 42.1019 0.899894
166 4 9 1 566.388 78.0741 0.889409
167 4 11 0 395.481 210.801 0.893805
168 4 11 1 502.036 223.488 0.904604
169 4 12 0 625.35 210.977 0.846918
170 4 13 0 572.197 497.546 0.869264
171 4 13 1 412.113 647.342 0.78206
172 4 14 0 639.299 493.443 0.870411
173 4 14 1 414.99 598.837 0.534976
174 4 15 0 437.407 278.374 0.8975
175 4 15 1 535.658 280.527 0.84338
176 4 16 0 636.476 274.164 0.82105
177 4 17 0 684.216 514.411 0.941892
178 4 17 1 462.744 598.906 0.710123
179 4 18 0 597.337 520.833 0.832997
180 4 18 1 482.406 657.916 0.771449
P viewIdx, pafIdx, aOverAllIdx, bOverAllIdx, CandidAIdx, CandidBIdx, score
0 0 4 0 0 0 0
0 0 4 1 0 1 0
0 0 4 2 0 2 0.914422
0 0 4 3 0 3 0
0 0 5 0 1 0 0
0 0 5 1 1 1 0
0 0 5 2 1 2 0
0 0 5 3 1 3 0.995497
0 0 6 0 2 0 0
0 0 6 1 2 1 0.967432
0 0 6 2 2 2 0
0 0 6 3 2 3 0
0 0 7 0 3 0 0.979361
0 0 7 1 3 1 0
0 0 7 2 3 2 0
0 0 7 3 3 3 0
0 1 8 26 0 0 0.995436
0 1 8 27 0 1 0
0 1 8 28 0 2 0
0 1 9 26 1 0 0
0 1 9 27 1 1 0.93976
0 1 9 28 1 2 0
0 1 10 26 2 0 0
0 1 10 27 2 1 0
0 1 10 28 2 2 0.951146
0 2 26 46 0 0 0.962438
0 2 26 47 0 1 0
0 2 26 48 0 2 0
0 2 27 46 1 0 0
0 2 27 47 1 1 0.961475
0 2 27 48 1 2 0
0 2 28 46 2 0 0
0 2 28 47 2 1 0
0 2 28 48 2 2 0.966018
0 3 0 8 0 0 0.943273
0 3 0 9 0 1 0
0 3 0 10 0 2 0
0 3 1 8 1 0 0
0 3 1 9 1 1 0
0 3 1 10 1 2 0
0 3 2 8 2 0 0
0 3 2 9 2 1 0.732053
0 3 2 10 2 2 0
0 3 3 8 3 0 0
0 3 3 9 3 1 0
0 3 3 10 3 2 0.879472
0 4 0 11 0 0 0.94603
0 4 0 12 0 1 0
0 4 0 13 0 2 0
0 4 0 14 0 3 0
0 4 1 11 1 0 0
0 4 1 12 1 1 0.960781
0 4 1 13 1 2 0
0 4 1 14 1 3 0
0 4 2 11 2 0 0
0 4 2 12 2 1 0
0 4 2 13 2 2 0.715871
0 4 2 14 2 3 0
0 4 3 11 3 0 0
0 4 3 12 3 1 0
0 4 3 13 3 2 0
0 4 3 14 3 3 0.87842
0 5 11 29 0 0 0.986636
0 5 11 30 0 1 0
0 5 11 31 0 2 0
0 5 11 32 0 3 0
0 5 12 29 1 0 0
0 5 12 30 1 1 0.994541
0 5 12 31 1 2 0
0 5 12 32 1 3 0
0 5 13 29 2 0 0
0 5 13 30 2 1 0
0 5 13 31 2 2 0.980146
0 5 13 32 2 3 0
0 5 14 29 3 0 0
0 5 14 30 3 1 0
0 5 14 31 3 2 0
0 5 14 32 3 3 0.960984
0 6 29 49 0 0 0.978684
0 6 29 50 0 1 0
0 6 29 51 0 2 0
0 6 29 52 0 3 0
0 6 30 49 1 0 0
0 6 30 50 1 1 0.998774
0 6 30 51 1 2 0
0 6 30 52 1 3 0
0 6 31 49 2 0 0
0 6 31 50 2 1 0
0 6 31 51 2 2 0.992723
0 6 31 52 2 3 0
0 6 32 49 3 0 0
0 6 32 50 3 1 0
0 6 32 51 3 2 0
0 6 32 52 3 3 0.966537
0 7 4 18 0 0 0.892951
0 7 4 19 0 1 0
0 7 4 20 0 2 0
0 7 4 21 0 3 0
0 7 5 18 1 0 0
0 7 5 19 1 1 0.995752
0 7 5 20 1 2 0
0 7 5 21 1 3 0
0 7 6 18 2 0 0
0 7 6 19 2 1 0
0 7 6 20 2 2 0.509343
0 7 6 21 2 3 0
0 7 7 18 3 0 0
0 7 7 19 3 1 0
0 7 7 20 3 2 0.249668
0 7 7 21 3 3 0.509823
0 8 18 40 0 0 0
0 8 18 41 0 1 0
0 8 19 40 1 0 0
0 8 19 41 1 1 0.9954
0 8 20 40 2 0 0
0 8 20 41 2 1 0
0 8 21 40 3 0 0.705031
0 8 21 41 3 1 0
0 9 40 53 0 0 0
0 9 41 53 1 0 0.957316
0 10 18 33 0 0 0
0 10 18 34 0 1 0
0 10 18 35 0 2 0
0 10 19 33 1 0 0.999726
0 10 19 34 1 1 0
0 10 19 35 1 2 0
0 10 20 33 2 0 0
0 10 20 34 2 1 0.965194
0 10 20 35 2 2 0
0 10 21 33 3 0 0
0 10 21 34 3 1 0
0 10 21 35 3 2 0.920997
0 11 4 22 0 0 0.884187
0 11 4 23 0 1 0
0 11 4 24 0 2 0
0 11 4 25 0 3 0
0 11 5 22 1 0 0
0 11 5 23 1 1 0.99093
0 11 5 24 1 2 0
0 11 5 25 1 3 0
0 11 6 22 2 0 0
0 11 6 23 2 1 0
0 11 6 24 2 2 0.249086
0 11 6 25 2 3 0.509446
0 11 7 22 3 0 0
0 11 7 23 3 1 0
0 11 7 24 3 2 0.511064
0 11 7 25 3 3 0
0 12 22 42 0 0 0.999421
0 12 22 43 0 1 0
0 12 22 44 0 2 0
0 12 22 45 0 3 0
0 12 23 42 1 0 0
0 12 23 43 1 1 0.261856
0 12 23 44 1 2 0
0 12 23 45 1 3 0.27744
0 12 24 42 2 0 0
0 12 24 43 2 1 0.277442
0 12 24 44 2 2 0
0 12 24 45 2 3 0.261872
0 12 25 42 3 0 0
0 12 25 43 3 1 0
0 12 25 44 3 2 0.998526
0 12 25 45 3 3 0
0 13 42 54 0 0 0
0 13 42 55 0 1 0.969641
0 13 42 56 0 2 0
0 13 42 57 0 3 0
0 13 43 54 1 0 0.472689
0 13 43 55 1 1 0
0 13 43 56 1 2 0
0 13 43 57 1 3 0.27525
0 13 44 54 2 0 0
0 13 44 55 2 1 0
0 13 44 56 2 2 0.993415
0 13 44 57 2 3 0
0 13 45 54 3 0 0
0 13 45 55 3 1 0
0 13 45 56 3 2 0
0 13 45 57 3 3 0.507477
0 14 22 36 0 0 0
0 14 22 37 0 1 0.999733
0 14 22 38 0 2 0
0 14 22 39 0 3 0
0 14 23 36 1 0 0.541494
0 14 23 37 1 1 0
0 14 23 38 1 2 0
0 14 23 39 1 3 0
0 14 24 36 2 0 0.258538
0 14 24 37 2 1 0
0 14 24 38 2 2 0.529501
0 14 24 39 2 3 0
0 14 25 36 3 0 0
0 14 25 37 3 1 0
0 14 25 38 3 2 0
0 14 25 39 3 3 0.799184
0 15 4 15 0 0 0.93895
0 15 4 16 0 1 0
0 15 4 17 0 2 0
0 15 5 15 1 0 0
0 15 5 16 1 1 0
0 15 5 17 1 2 0
0 15 6 15 2 0 0
0 15 6 16 2 1 0.972384
0 15 6 17 2 2 0
0 15 7 15 3 0 0
0 15 7 16 3 1 0
0 15 7 17 3 2 0.988914
0 16 49 58 0 0 0.85087
0 16 49 59 0 1 0
0 16 49 60 0 2 0
0 16 50 58 1 0 0
0 16 50 59 1 1 0.982991
0 16 50 60 1 2 0
0 16 51 58 2 0 0
0 16 51 59 2 1 0
0 16 51 60 2 2 0.947763
0 16 52 58 3 0 0
0 16 52 59 3 1 0
0 16 52 60 3 2 0
0 17 46 61 0 0 0.821501
0 17 46 62 0 1 0
0 17 47 61 1 0 0
0 17 47 62 1 1 0.705851
0 17 48 61 2 0 0
0 17 48 62 2 1 0
1 0 64 63 0 0 0.994304
1 1 65 70 0 0 0.98513
1 2 70 76 0 0 0.492822
1 2 70 77 0 1 0.507178
1 3 63 65 0 0 0.91828
1 4 63 66 0 0 0.905376
1 5 66 71 0 0 0.983149
1 6 71 78 0 0 0.988351
1 7 64 68 0 0 0.99619
1 8 68 73 0 0 0
1 8 68 74 0 1 0.991228
1 9 73 79 0 0 0
1 9 74 79 1 0 0.966536
1 11 64 69 0 0 0.985374
1 12 69 75 0 0 0.980074
1 13 75 80 0 0 0.994369
1 14 69 72 0 0 0.976887
1 15 64 67 0 0 0.991509
1 16 78 81 0 0 0.961905
1 17 76 82 0 0 0.828762
1 17 76 83 0 1 0
1 17 77 82 1 0 0
1 17 77 83 1 1 0.828357
2 0 86 84 0 0 0.98831
2 0 86 85 0 1 0
2 0 87 84 1 0 0
2 0 87 85 1 1 0.957788
2 1 88 98 0 0 0.998518
2 1 88 99 0 1 0
2 1 89 98 1 0 0
2 1 89 99 1 1 0.928395
2 2 98 107 0 0 0.990559
2 2 98 108 0 1 0
2 2 99 107 1 0 0
2 2 99 108 1 1 0.942586
2 3 84 88 0 0 0.967036
2 3 84 89 0 1 0
2 3 85 88 1 0 0
2 3 85 89 1 1 0.66948
2 4 84 90 0 0 0.969149
2 4 84 91 0 1 0
2 4 85 90 1 0 0
2 4 85 91 1 1 0.786653
2 5 90 100 0 0 0.988947
2 5 90 101 0 1 0
2 5 91 100 1 0 0
2 5 91 101 1 1 0.96914
2 6 100 109 0 0 0.999846
2 6 100 110 0 1 0
2 6 101 109 1 0 0
2 6 101 110 1 1 0.982329
2 7 86 94 0 0 0.996617
2 7 86 95 0 1 0
2 7 87 94 1 0 0
2 7 87 95 1 1 0.946467
2 8 94 104 0 0 0.979056
2 8 95 104 1 0 0
2 9 104 111 0 0 0.984256
2 11 86 96 0 0 0.993106
2 11 86 97 0 1 0
2 11 87 96 1 0 0
2 11 87 97 1 1 0.957505
2 12 96 105 0 0 0.987699
2 12 96 106 0 1 0
2 12 97 105 1 0 0
2 12 97 106 1 1 0.993423
2 13 105 112 0 0 0.989713
2 13 105 113 0 1 0
2 13 106 112 1 0 0
2 13 106 113 1 1 0.968868
2 14 96 102 0 0 0.996159
2 14 96 103 0 1 0
2 14 97 102 1 0 0
2 14 97 103 1 1 0.996236
2 15 86 92 0 0 0.989366
2 15 86 93 0 1 0
2 15 87 92 1 0 0
2 15 87 93 1 1 0.997084
2 16 109 114 0 0 0.992769
2 16 109 115 0 1 0
2 16 110 114 1 0 0
2 16 110 115 1 1 0.965378
2 17 107 116 0 0 0.967456
2 17 107 117 0 1 0
2 17 108 116 1 0 0
2 17 108 117 1 1 0.92053
3 0 120 118 0 0 0.985843
3 0 120 119 0 1 0
3 0 121 118 1 0 0
3 0 121 119 1 1 0.962815
3 1 122 130 0 0 0.996713
3 2 130 140 0 0 0.998498
3 3 118 122 0 0 0.959138
3 3 119 122 1 0 0
3 4 118 123 0 0 0.964546
3 4 118 124 0 1 0
3 4 119 123 1 0 0
3 4 119 124 1 1 0.721694
3 5 123 131 0 0 0.99814
3 5 124 131 1 0 0
3 6 131 141 0 0 0.998061
3 7 120 126 0 0 0.995997
3 7 120 127 0 1 0
3 7 121 126 1 0 0
3 7 121 127 1 1 0.92701
3 8 126 136 0 0 0.979476
3 8 126 137 0 1 0
3 8 127 136 1 0 0
3 8 127 137 1 1 0.974808
3 9 136 142 0 0 0.985186
3 9 137 142 1 0 0
3 10 126 132 0 0 0
3 10 126 133 0 1 0.965758
3 10 127 132 1 0 0.717673
3 10 127 133 1 1 0
3 11 120 128 0 0 0.983444
3 11 120 129 0 1 0
3 11 121 128 1 0 0
3 11 121 129 1 1 0.932059
3 12 128 138 0 0 0.994589
3 12 128 139 0 1 0
3 12 129 138 1 0 0
3 12 129 139 1 1 0.965051
3 13 138 143 0 0 0.998908
3 13 138 144 0 1 0
3 13 139 143 1 0 0
3 13 139 144 1 1 0.982309
3 14 128 134 0 0 0
3 14 128 135 0 1 0.916361
3 14 129 134 1 0 0.943729
3 14 129 135 1 1 0
3 15 120 125 0 0 0.987367
3 15 121 125 1 0 0
3 16 141 145 0 0 0.973215
3 17 140 146 0 0 0.986856
4 0 149 147 0 0 0
4 0 149 148 0 1 0.872692
4 0 150 147 1 0 0.999013
4 0 150 148 1 1 0
4 1 151 161 0 0 0.987718
4 1 151 162 0 1 0
4 1 152 161 1 0 0
4 1 152 162 1 1 0.93801
4 2 161 170 0 0 0.998175
4 2 161 171 0 1 0
4 2 162 170 1 0 0
4 2 162 171 1 1 0.976704
4 3 147 151 0 0 0.946022
4 3 147 152 0 1 0
4 3 148 151 1 0 0
4 3 148 152 1 1 0.684255
4 4 147 153 0 0 0.935944
4 4 147 154 0 1 0
4 4 148 153 1 0 0
4 4 148 154 1 1 0.684255
4 5 153 163 0 0 0.99803
4 5 153 164 0 1 0
4 5 154 163 1 0 0
4 5 154 164 1 1 0.806365
4 6 163 172 0 0 0.999188
4 6 163 173 0 1 0
4 6 164 172 1 0 0
4 6 164 173 1 1 0.867259
4 7 149 157 0 0 0.694158
4 7 149 158 0 1 0
4 7 150 157 1 0 0
4 7 150 158 1 1 0.99929
4 8 157 167 0 0 0.96942
4 8 157 168 0 1 0
4 8 158 167 1 0 0
4 8 158 168 1 1 0.984075
4 9 167 174 0 0 0.996783
4 9 167 175 0 1 0
4 9 168 174 1 0 0
4 9 168 175 1 1 0.99012
4 10 157 165 0 0 0.986782
4 10 157 166 0 1 0
4 10 158 165 1 0 0
4 10 158 166 1 1 0.981529
4 11 149 159 0 0 0.731624
4 11 149 160 0 1 0
4 11 150 159 1 0 0
4 11 150 160 1 1 0.993974
4 12 159 169 0 0 0
4 12 160 169 1 0 0.99212
4 13 169 176 0 0 0.993757
4 15 149 155 0 0 0.847156
4 15 149 156 0 1 0
4 15 150 155 1 0 0
4 15 150 156 1 1 0.976148
4 16 172 177 0 0 0.980785
4 16 172 178 0 1 0
4 16 173 177 1 0 0
4 16 173 178 1 1 0.905396
4 17 170 179 0 0 0.979953
4 17 170 180 0 1 0
4 17 171 179 1 0 0
4 17 171 180 1 1 0.9859
E jointIdx viewA viewB aOverAllIdx bOverallIdx score
0 0 1 0 63 -1
0 0 1 1 63 0.0595237
0 0 1 2 63 0.292842
0 0 1 3 63 0.941188
0 0 2 0 84 -1
0 0 2 0 85 0.757673
0 0 2 1 84 -1
0 0 2 1 85 -1
0 0 2 2 84 0.783892
0 0 2 2 85 -1
0 0 2 3 84 -1
0 0 2 3 85 0.890032
0 0 3 0 118 -1
0 0 3 0 119 -1
0 0 3 1 118 -1
0 0 3 1 119 0.781416
0 0 3 2 118 0.795023
0 0 3 2 119 -1
0 0 3 3 118 -1
0 0 3 3 119 -1
0 0 4 0 147 -1
0 0 4 0 148 -1
0 0 4 1 147 -1
0 0 4 1 148 -1
0 0 4 2 147 -1
0 0 4 2 148 0.982866
0 0 4 3 147 0.921988
0 0 4 3 148 -1
0 1 2 63 84 0.385508
0 1 2 63 85 0.614492
0 1 3 63 118 0.394048
0 1 3 63 119 -1
0 1 4 63 147 0.490229
0 1 4 63 148 0.205846
0 2 3 84 118 0.925611
0 2 3 84 119 -1
0 2 3 85 118 -1
0 2 3 85 119 -1
0 2 4 84 147 0.102737
0 2 4 84 148 0.79024
0 2 4 85 147 0.833209
0 2 4 85 148 -1
0 3 4 118 147 0.409059
0 3 4 118 148 0.590941
0 3 4 119 147 -1
0 3 4 119 148 -1
1 0 1 4 64 0.342459
1 0 1 5 64 0.305758
1 0 1 6 64 0.177919
1 0 1 7 64 0.173864
1 0 2 4 86 0.843693
1 0 2 4 87 -1
1 0 2 5 86 -1
1 0 2 5 87 0.939147
1 0 2 6 86 -1
1 0 2 6 87 -1
1 0 2 7 86 -1
1 0 2 7 87 -1
1 0 3 4 120 0.313496
1 0 3 4 121 -1
1 0 3 5 120 0.373903
1 0 3 5 121 -1
1 0 3 6 120 0.107296
1 0 3 6 121 0.774291
1 0 3 7 120 0.186235
1 0 3 7 121 -1
1 0 4 4 149 0.992458
1 0 4 4 150 -1
1 0 4 5 149 -1
1 0 4 5 150 0.999997
1 0 4 6 149 -1
1 0 4 6 150 0.361641
1 0 4 7 149 -1
1 0 4 7 150 0.439942
1 1 2 64 86 0.551127
1 1 2 64 87 0.448873
1 1 3 64 120 0.676437
1 1 3 64 121 -1
1 1 4 64 149 0.503865
1 1 4 64 150 0.496135
1 2 3 86 120 0.869237
1 2 3 86 121 -1
1 2 3 87 120 -1
1 2 3 87 121 -1
1 2 4 86 149 0.851294
1 2 4 86 150 -1
1 2 4 87 149 -1
1 2 4 87 150 0.93971
1 3 4 120 149 0.476328
1 3 4 120 150 0.523672
1 3 4 121 149 -1
1 3 4 121 150 -1
2 0 1 8 65 -1
2 0 1 9 65 0.251116
2 0 1 10 65 0.9585
2 0 2 8 88 -1
2 0 2 8 89 0.549582
2 0 2 9 88 0.718741
2 0 2 9 89 -1
2 0 2 10 88 -1
2 0 2 10 89 0.556623
2 0 3 8 122 -1
2 0 3 9 122 0.865449
2 0 3 10 122 -1
2 0 4 8 151 -1
2 0 4 8 152 -1
2 0 4 9 151 -1
2 0 4 9 152 0.796806
2 0 4 10 151 0.979629
2 0 4 10 152 -1
2 1 2 65 88 0.689885
2 1 2 65 89 0.310115
2 1 3 65 122 0.48561
2 1 4 65 151 0.533731
2 1 4 65 152 0.466269
2 2 3 88 122 0.970529
2 2 3 89 122 -1
2 2 4 88 151 0.366866
2 2 4 88 152 0.475131
2 2 4 89 151 0.530792
2 2 4 89 152 -1
2 3 4 122 151 0.35956
2 3 4 122 152 0.64044
3 0 1 11 66 -1
3 0 1 12 66 0.0598125
3 0 1 13 66 0.326336
3 0 1 14 66 0.921821
3 0 2 11 90 -1
3 0 2 11 91 0.906542
3 0 2 12 90 -1
3 0 2 12 91 -1
3 0 2 13 90 0.860604
3 0 2 13 91 -1
3 0 2 14 90 -1
3 0 2 14 91 0.908004
3 0 3 11 123 -1
3 0 3 11 124 -1
3 0 3 12 123 -1
3 0 3 12 124 0.884586
3 0 3 13 123 0.643499
3 0 3 13 124 -1
3 0 3 14 123 -1
3 0 3 14 124 -1
3 0 4 11 153 -1
3 0 4 11 154 -1
3 0 4 12 153 -1
3 0 4 12 154 -1
3 0 4 13 153 -1
3 0 4 13 154 0.973161
3 0 4 14 153 0.908344
3 0 4 14 154 -1
3 1 2 66 90 -1
3 1 2 66 91 0.933754
3 1 3 66 123 0.257695
3 1 3 66 124 -1
3 1 4 66 153 0.515016
3 1 4 66 154 -1
3 2 3 90 123 0.650671
3 2 3 90 124 -1
3 2 3 91 123 -1
3 2 3 91 124 -1
3 2 4 90 153 -1
3 2 4 90 154 0.92705
3 2 4 91 153 0.631385
3 2 4 91 154 -1
3 3 4 123 153 0.427608
3 3 4 123 154 0.572392
3 3 4 124 153 -1
3 3 4 124 154 -1
4 0 1 15 67 0.672916
4 0 1 16 67 0.242808
4 0 1 17 67 0.0842764
4 0 2 15 92 0.980705
4 0 2 15 93 -1
4 0 2 16 92 -1
4 0 2 16 93 -1
4 0 2 17 92 -1
4 0 2 17 93 -1
4 0 3 15 125 0.424425
4 0 3 16 125 0.150847
4 0 3 17 125 0.424728
4 0 4 15 155 0.989382
4 0 4 15 156 -1
4 0 4 16 155 -1
4 0 4 16 156 -1
4 0 4 17 155 -1
4 0 4 17 156 -1
4 1 2 67 92 0.403232
4 1 2 67 93 0.596768
4 1 3 67 125 0.782132
4 1 4 67 155 0.299489
4 1 4 67 156 0.700511
4 2 3 92 125 0.957673
4 2 3 93 125 -1
4 2 4 92 155 0.962006
4 2 4 92 156 -1
4 2 4 93 155 -1
4 2 4 93 156 0.947512
4 3 4 125 155 0.73681
4 3 4 125 156 0.26319
5 0 1 18 68 0.242445
5 0 1 19 68 0.316376
5 0 1 20 68 0.228067
5 0 1 21 68 0.213111
5 0 2 18 94 0.583822
5 0 2 18 95 -1
5 0 2 19 94 -1
5 0 2 19 95 0.669754
5 0 2 20 94 -1
5 0 2 20 95 -1
5 0 2 21 94 -1
5 0 2 21 95 -1
5 0 3 18 126 0.244996
5 0 3 18 127 -1
5 0 3 19 126 0.369887
5 0 3 19 127 -1
5 0 3 20 126 0.177177
5 0 3 20 127 0.625032
5 0 3 21 126 0.192057
5 0 3 21 127 -1
5 0 4 18 157 0.816549
5 0 4 18 158 -1
5 0 4 19 157 -1
5 0 4 19 158 0.974075
5 0 4 20 157 -1
5 0 4 20 158 0.404504
5 0 4 21 157 -1
5 0 4 21 158 0.428108
5 1 2 68 94 0.199024
5 1 2 68 95 0.49399
5 1 3 68 126 0.781731
5 1 3 68 127 -1
5 1 4 68 157 0.405301
5 1 4 68 158 0.594699
5 2 3 94 126 0.950066
5 2 3 94 127 -1
5 2 3 95 126 -1
5 2 3 95 127 -1
5 2 4 94 157 0.767386
5 2 4 94 158 0.0124983
5 2 4 95 157 -1
5 2 4 95 158 0.696092
5 3 4 126 157 0.487606
5 3 4 126 158 0.512394
5 3 4 127 157 -1
5 3 4 127 158 -1
6 0 1 22 69 0.362293
6 0 1 23 69 0.39282
6 0 1 24 69 0.145681
6 0 1 25 69 0.0992063
6 0 2 22 96 0.870007
6 0 2 22 97 -1
6 0 2 23 96 -1
6 0 2 23 97 0.910088
6 0 2 24 96 -1
6 0 2 24 97 -1
6 0 2 25 96 -1
6 0 2 25 97 -1
6 0 3 22 128 0.910726
6 0 3 22 129 -1
6 0 3 23 128 0.677194
6 0 3 23 129 -1
6 0 3 24 128 0.328243
6 0 3 24 129 0.137903
6 0 3 25 128 -1
6 0 3 25 129 0.828204
6 0 4 22 159 0.986916
6 0 4 22 160 -1
6 0 4 23 159 -1
6 0 4 23 160 0.968505
6 0 4 24 159 -1
6 0 4 24 160 0.402613
6 0 4 25 159 -1
6 0 4 25 160 0.204297
6 1 2 69 96 0.205298
6 1 2 69 97 0.794702
6 1 3 69 128 0.671151
6 1 3 69 129 -1
6 1 4 69 159 0.324059
6 1 4 69 160 0.675941
6 2 3 96 128 0.949279
6 2 3 96 129 -1
6 2 3 97 128 -1
6 2 3 97 129 0.914613
6 2 4 96 159 0.867392
6 2 4 96 160 -1
6 2 4 97 159 -1
6 2 4 97 160 0.832674
6 3 4 128 159 0.531853
6 3 4 128 160 0.468147
6 3 4 129 159 -1
6 3 4 129 160 -1
7 0 1 26 70 -1
7 0 1 27 70 0.357287
7 0 1 28 70 0.491827
7 0 2 26 98 -1
7 0 2 26 99 0.465395
7 0 2 27 98 0.916552
7 0 2 27 99 -1
7 0 2 28 98 -1
7 0 2 28 99 0.523516
7 0 3 26 130 -1
7 0 3 27 130 0.959667
7 0 3 28 130 -1
7 0 4 26 161 -1
7 0 4 26 162 -1
7 0 4 27 161 -1
7 0 4 27 162 0.838122
7 0 4 28 161 0.832095
7 0 4 28 162 -1
7 1 2 70 98 0.872651
7 1 2 70 99 -1
7 1 3 70 130 0.457734
7 1 4 70 161 0.122491
7 1 4 70 162 0.816561
7 2 3 98 130 0.905797
7 2 3 99 130 -1
7 2 4 98 161 0.340836
7 2 4 98 162 0.482761
7 2 4 99 161 0.446295
7 2 4 99 162 0.0793527
7 3 4 130 161 -1
7 3 4 130 162 0.906996
8 0 1 29 71 -1
8 0 1 30 71 -1
8 0 1 31 71 0.25122
8 0 1 32 71 0.869354
8 0 2 29 100 -1
8 0 2 29 101 0.0528572
8 0 2 30 100 -1
8 0 2 30 101 0.25259
8 0 2 31 100 0.907481
8 0 2 31 101 -1
8 0 2 32 100 -1
8 0 2 32 101 0.682351
8 0 3 29 131 -1
8 0 3 30 131 -1
8 0 3 31 131 0.832677
8 0 3 32 131 -1
8 0 4 29 163 -1
8 0 4 29 164 -1
8 0 4 30 163 -1
8 0 4 30 164 -1
8 0 4 31 163 -1
8 0 4 31 164 0.931067
8 0 4 32 163 0.788529
8 0 4 32 164 -1
8 1 2 71 100 -1
8 1 2 71 101 0.768692
8 1 3 71 131 -1
8 1 4 71 163 0.686889
8 1 4 71 164 -1
8 2 3 100 131 0.921496
8 2 3 101 131 -1
8 2 4 100 163 -1
8 2 4 100 164 0.604808
8 2 4 101 163 0.530823
8 2 4 101 164 -1
8 3 4 131 163 0.363192
8 3 4 131 164 0.636808
9 0 3 33 132 -1
9 0 3 33 133 -1
9 0 3 34 132 0.89079
9 0 3 34 133 0.10921
9 0 3 35 132 -1
9 0 3 35 133 0.793466
9 0 4 33 165 -1
9 0 4 33 166 0.987253
9 0 4 34 165 -1
9 0 4 34 166 -1
9 0 4 35 165 -1
9 0 4 35 166 -1
9 3 4 132 165 0.376247
9 3 4 132 166 -1
9 3 4 133 165 0.431961
9 3 4 133 166 0.311862
10 0 1 36 72 0.964258
10 0 1 37 72 0.597839
10 0 1 38 72 0.0266348
10 0 1 39 72 -1
10 0 2 36 102 -1
10 0 2 36 103 0.934086
10 0 2 37 102 0.963776
10 0 2 37 103 -1
10 0 2 38 102 -1
10 0 2 38 103 -1
10 0 2 39 102 -1
10 0 2 39 103 -1
10 0 3 36 134 0.561243
10 0 3 36 135 -0.73635
10 0 3 37 134 -1
10 0 3 37 135 0.679834
10 0 3 38 134 0.216272
10 0 3 38 135 0.577098
10 0 3 39 134 0.539338
10 0 3 39 135 0.339208
10 1 2 72 102 0.466982
10 1 2 72 103 0.533018
10 1 3 72 134 -1
10 1 3 72 135 0.567707
10 2 3 102 134 -1
10 2 3 102 135 0.958417
10 2 3 103 134 -1
10 2 3 103 135 -1
11 0 1 40 73 0.594195
11 0 1 40 74 0.304049
11 0 1 41 73 -1
11 0 1 41 74 0.695951
11 0 2 40 104 -1
11 0 2 41 104 -1
11 0 3 40 136 -1
11 0 3 40 137 -1
11 0 3 41 136 -1
11 0 3 41 137 -1
11 0 4 40 167 0.0125128
11 0 4 40 168 -1
11 0 4 41 167 0.48936
11 0 4 41 168 0.51064
11 1 2 73 104 -1
11 1 2 74 104 0.604577
11 1 3 73 136 -1
11 1 3 73 137 -1
11 1 3 74 136 0.123091
11 1 3 74 137 -1
11 1 4 73 167 -1
11 1 4 73 168 -1
11 1 4 74 167 0.247432
11 1 4 74 168 0.752568
11 2 3 104 136 0.965321
11 2 3 104 137 -1
11 2 4 104 167 0.908161
11 2 4 104 168 0.0918394
11 3 4 136 167 0.574692
11 3 4 136 168 0.425308
11 3 4 137 167 -1
11 3 4 137 168 -1
12 0 1 42 75 -1
12 0 1 43 75 0.263602
12 0 1 44 75 0.656816
12 0 1 45 75 0.933956
12 0 2 42 105 0.838666
12 0 2 42 106 -1
12 0 2 43 105 -1
12 0 2 43 106 0.496127
12 0 2 44 105 -1
12 0 2 44 106 0.282369
12 0 2 45 105 -1
12 0 2 45 106 0.95622
12 0 3 42 138 0.826796
12 0 3 42 139 -1
12 0 3 43 138 -1
12 0 3 43 139 -1
12 0 3 44 138 -1
12 0 3 44 139 0.930605
12 0 3 45 138 -1
12 0 3 45 139 -1
12 0 4 42 169 0.323311
12 0 4 43 169 0.13978
12 0 4 44 169 0.23084
12 0 4 45 169 0.30607
12 1 2 75 105 -1
12 1 2 75 106 0.934156
12 1 3 75 138 -1
12 1 3 75 139 -1
12 1 4 75 169 0.958016
12 2 3 105 138 0.988435
12 2 3 105 139 -1
12 2 3 106 138 -1
12 2 3 106 139 -1
12 2 4 105 169 -1
12 2 4 106 169 0.92984
12 3 4 138 169 0.438868
12 3 4 139 169 -1
13 0 1 46 76 -1
13 0 1 46 77 -1
13 0 1 47 76 0.727226
13 0 1 47 77 -1
13 0 1 48 76 0.351482
13 0 1 48 77 0.607604
13 0 2 46 107 -1
13 0 2 46 108 -1
13 0 2 47 107 0.993903
13 0 2 47 108 -1
13 0 2 48 107 -1
13 0 2 48 108 0.719439
13 0 3 46 140 -1
13 0 3 47 140 0.918975
13 0 3 48 140 -1
13 0 4 46 170 -1
13 0 4 46 171 -1
13 0 4 47 170 -1
13 0 4 47 171 0.806
13 0 4 48 170 0.68618
13 0 4 48 171 -1
13 1 2 76 107 0.654549
13 1 2 76 108 -1
13 1 2 77 107 -1
13 1 2 77 108 0.790027
13 1 3 76 140 0.994129
13 1 3 77 140 -1
13 1 4 76 170 -1
13 1 4 76 171 0.341222
13 1 4 77 170 0.821159
13 1 4 77 171 -1
13 2 3 107 140 0.917379
13 2 3 108 140 -1
13 2 4 107 170 0.274655
13 2 4 107 171 0.328956
13 2 4 108 170 0.326355
13 2 4 108 171 0.274288
13 3 4 140 170 -1
13 3 4 140 171 0.806151
14 0 1 49 78 -1
14 0 1 50 78 -1
14 0 1 51 78 -1
14 0 1 52 78 0.899403
14 0 2 49 109 -1
14 0 2 49 110 -1
14 0 2 50 109 -1
14 0 2 50 110 0.719831
14 0 2 51 109 0.988671
14 0 2 51 110 -1
14 0 2 52 109 -1
14 0 2 52 110 0.849117
14 0 3 49 141 -1
14 0 3 50 141 -1
14 0 3 51 141 0.996027
14 0 3 52 141 -1
14 0 4 49 172 -1
14 0 4 49 173 -1
14 0 4 50 172 -1
14 0 4 50 173 -1
14 0 4 51 172 -1
14 0 4 51 173 0.75341
14 0 4 52 172 0.888469
14 0 4 52 173 -1
14 1 2 78 109 -1
14 1 2 78 110 0.879359
14 1 3 78 141 -1
14 1 4 78 172 0.73821
14 1 4 78 173 -1
14 2 3 109 141 0.985196
14 2 3 110 141 -1
14 2 4 109 172 -1
14 2 4 109 173 0.80561
14 2 4 110 172 0.811593
14 2 4 110 173 -1
14 3 4 141 172 0.177223
14 3 4 141 173 0.822777
15 0 1 53 79 0.706687
15 0 2 53 111 -1
15 0 3 53 142 -1
15 0 4 53 174 0.240765
15 0 4 53 175 0.759235
15 1 2 79 111 0.530416
15 1 3 79 142 -1
15 1 4 79 174 0.269375
15 1 4 79 175 0.730625
15 2 3 111 142 0.956344
15 2 4 111 174 0.924284
15 2 4 111 175 0.0757157
15 3 4 142 174 0.563179
15 3 4 142 175 0.436821
16 0 1 54 80 -1
16 0 1 55 80 -1
16 0 1 56 80 0.116914
16 0 1 57 80 0.745887
16 0 2 54 112 -1
16 0 2 54 113 0.151842
16 0 2 55 112 0.87441
16 0 2 55 113 -1
16 0 2 56 112 -1
16 0 2 56 113 0.130568
16 0 2 57 112 -1
16 0 2 57 113 0.966941
16 0 3 54 143 -1
16 0 3 54 144 -1
16 0 3 55 143 0.868148
16 0 3 55 144 -1
16 0 3 56 143 -1
16 0 3 56 144 0.986917
16 0 3 57 143 -1
16 0 3 57 144 -1
16 0 4 54 176 -1
16 0 4 55 176 -1
16 0 4 56 176 -1
16 0 4 57 176 0.921206
16 1 2 80 112 -1
16 1 2 80 113 0.86991
16 1 3 80 143 -1
16 1 3 80 144 -1
16 1 4 80 176 0.930403
16 2 3 112 143 0.945007
16 2 3 112 144 -1
16 2 3 113 143 -1
16 2 3 113 144 -1
16 2 4 112 176 -1
16 2 4 113 176 0.855859
16 3 4 143 176 0.220449
16 3 4 144 176 -1
17 0 1 58 81 -1
17 0 1 59 81 -1
17 0 1 60 81 0.52211
17 0 2 58 114 -1
17 0 2 58 115 -1
17 0 2 59 114 -1
17 0 2 59 115 0.989643
17 0 2 60 114 0.871732
17 0 2 60 115 -1
17 0 3 58 145 -1
17 0 3 59 145 -1
17 0 3 60 145 0.87966
17 0 4 58 177 -1
17 0 4 58 178 -1
17 0 4 59 177 -1
17 0 4 59 178 -1
17 0 4 60 177 -1
17 0 4 60 178 0.935784
17 1 2 81 114 -1
17 1 2 81 115 0.943938
17 1 3 81 145 -1
17 1 4 81 177 0.868137
17 1 4 81 178 -1
17 2 3 114 145 0.993717
17 2 3 115 145 -1
17 2 4 114 177 -1
17 2 4 114 178 0.995823
17 2 4 115 177 0.710259
17 2 4 115 178 -1
17 3 4 145 177 0.403592
17 3 4 145 178 0.596408
18 0 1 61 82 -1
18 0 1 61 83 -1
18 0 1 62 82 0.0947754
18 0 1 62 83 -1
18 0 2 61 116 -1
18 0 2 61 117 0.532919
18 0 2 62 116 0.754409
18 0 2 62 117 -1
18 0 3 61 146 -1
18 0 3 62 146 0.729179
18 0 4 61 179 -1
18 0 4 61 180 -1
18 0 4 62 179 -1
18 0 4 62 180 0.763281
18 1 2 82 116 0.0554664
18 1 2 82 117 -1
18 1 2 83 116 -1
18 1 2 83 117 0.668798
18 1 3 82 146 0.711529
18 1 3 83 146 -1
18 1 4 82 179 -1
18 1 4 82 180 -1
18 1 4 83 179 0.603358
18 1 4 83 180 0.242264
18 2 3 116 146 0.973246
18 2 3 117 146 -1
18 2 4 116 179 0.259156
18 2 4 116 180 0.309138
18 2 4 117 179 0.308861
18 2 4 117 180 0.254823
18 3 4 146 179 -1
18 3 4 146 180 0.951769
end of Frame 99
