J OverallIdx viewIdx joint种类0-18(jointIdx) 该joint在图中的顺序(candidix) x y score
0 0 0 0 39.2376 383.806 0.71945
1 0 0 1 661.8 390.134 0.641009
2 0 0 2 325.303 434.393 0.596997
3 0 1 0 661.92 196.156 0.776664
4 0 1 1 325.374 208.812 0.899531
5 0 1 2 36.5445 244.651 0.890529
6 0 2 0 678.637 388.025 0.53773
7 0 2 1 372.975 436.524 0.575213
8 0 3 0 78.5187 383.815 0.754791
9 0 3 1 645.081 394.282 0.615911
10 0 3 2 280.344 432.303 0.584951
11 0 4 0 594.665 143.386 0.872162
12 0 4 1 84.0894 183.495 0.83733
13 0 5 0 681.369 196.189 0.620944
14 0 5 1 403.813 210.871 0.807587
15 0 6 0 647.802 196.097 0.842514
16 0 6 1 255.135 204.571 0.794614
17 0 6 2 98.1218 246.781 0.85256
18 0 7 0 678.635 541.907 0.7173
19 0 7 1 347.809 628.406 0.73921
20 0 8 0 75.686 495.452 0.796246
21 0 8 1 639.247 548.279 0.817818
22 0 8 2 260.754 611.498 0.725089
23 0 9 0 384.152 126.476 0.867796
24 0 9 1 36.412 179.308 0.896022
25 0 10 0 305.656 122.326 0.873306
26 0 10 1 636.615 143.326 0.924944
27 0 11 0 709.577 280.467 0.267022
28 0 11 1 437.376 345.884 0.88739
29 0 12 0 664.718 267.829 0.840487
30 0 12 1 117.734 316.349 0.827835
31 0 12 2 215.996 339.503 0.833939
32 0 13 0 675.894 670.582 0.657737
33 0 13 1 328.197 765.518 0.337037
34 0 14 0 78.403 596.685 0.810082
35 0 14 1 684.25 700.066 0.761035
36 0 14 2 235.444 765.501 0.444834
37 0 15 0 415.124 430.207 0.699564
38 0 16 0 619.738 343.767 0.830843
39 0 16 1 123.351 379.581 0.922106
40 0 16 2 258.075 413.242 0.681655
41 0 17 0 75.7023 622.054 0.778024
42 0 17 1 614.166 735.9 0.716377
43 0 18 0 28.0101 598.928 0.360919
44 0 18 1 630.952 666.373 0.644686
45 1 0 0 112.19 396.392 0.741131
46 1 0 1 681.519 400.643 0.711898
47 1 1 0 684.215 236.207 0.878424
48 1 1 1 98.2299 253.023 0.875369
49 1 2 0 81.4481 396.396 0.748711
50 1 2 1 706.831 400.625 0.712493
51 1 3 0 142.968 396.392 0.748583
52 1 3 1 653.413 400.653 0.660222
53 1 4 0 148.712 193.877 0.92916
54 1 4 1 622.543 193.949 0.729529
55 1 5 0 729.005 242.491 0.879396
56 1 5 1 56.0528 246.711 0.883043
57 1 6 0 639.486 231.937 0.854015
58 1 6 1 142.957 259.387 0.867139
59 1 7 0 92.5181 506.075 0.811482
60 1 7 1 689.841 516.68 0.712105
61 1 8 0 137.415 512.414 0.836354
62 1 8 1 616.952 529.236 0.797865
63 1 9 0 106.516 189.78 0.862841
64 1 10 0 645.051 177.079 0.896431
65 1 11 0 751.638 329.05 0.954524
66 1 12 0 154.263 329.022 0.864999
67 1 12 1 636.519 328.991 0.905886
68 1 13 0 33.5931 590.41 0.786959
69 1 13 1 681.511 651.54 0.816112
70 1 14 0 129.074 615.78 0.834553
71 1 14 1 611.262 657.888 0.751064
72 1 15 0 42.0254 381.676 0.846651
73 1 15 1 709.561 379.665 0.786004
74 1 16 0 190.657 390.094 0.890852
75 1 16 1 614.187 398.55 0.848141
76 1 17 0 173.845 636.834 0.793874
77 1 17 1 549.646 662.113 0.778138
78 1 18 0 53.3162 632.618 0.865823
79 1 18 1 645.035 647.373 0.342337
80 2 0 0 462.762 227.807 0.803858
81 2 0 1 717.901 371.133 0.639659
82 2 0 2 168.147 716.923 0.413798
83 2 1 0 468.363 88.5408 0.846325
84 2 1 1 748.771 223.542 0.773614
85 2 1 2 81.3831 508.203 0.67557
86 2 2 0 437.507 227.78 0.817466
87 2 2 1 720.724 364.864 0.560553
88 2 2 2 145.83 725.408 0.371427
89 2 3 0 490.778 229.815 0.74335
90 2 3 1 712.329 377.422 0.712947
91 2 3 2 187.914 702.181 0.360921
92 2 4 0 457.033 42.2952 0.933979
93 2 4 1 687.06 164.507 0.875463
94 2 5 0 426.217 80.1981 0.823811
95 2 5 1 734.79 210.842 0.639952
96 2 5 2 72.9217 548.34 0.682355
97 2 6 0 513.248 90.7307 0.847251
98 2 6 1 754.343 238.268 0.813062
99 2 6 2 78.5378 455.51 0.502907
100 2 7 0 440.424 326.883 0.852143
101 2 7 1 703.946 478.696 0.686674
102 2 8 0 513.245 328.981 0.823798
103 2 8 1 684.364 480.86 0.75833
104 2 9 0 126.336 396.496 0.854709
105 2 10 0 485.212 39.9863 0.825421
106 2 10 1 734.75 160.299 0.932348
107 2 11 0 389.763 118.105 0.874714
108 2 11 1 42.1043 695.821 0.782355
109 2 12 0 571.986 143.475 0.953522
110 2 12 1 757.222 339.517 0.820409
111 2 12 2 140.172 518.707 0.618638
112 2 13 0 454.267 398.505 0.873069
113 2 13 1 687.021 550.408 0.73507
114 2 14 0 546.739 409.113 0.850914
115 2 14 1 681.465 594.646 0.775757
116 2 15 0 412.305 177.096 0.92497
117 2 15 1 145.746 742.233 0.818402
118 2 16 0 527.272 196.125 0.927284
119 2 16 1 706.587 381.616 0.904975
120 2 16 2 207.442 567.343 0.832775
121 2 17 0 546.787 442.822 0.836991
122 2 17 1 631.015 615.763 0.762281
123 2 18 0 417.81 425.984 0.792922
124 2 18 1 639.365 552.443 0.848869
125 3 0 0 260.723 352.149 0.777565
126 3 0 1 720.683 710.631 0.215078
127 3 1 0 238.391 193.952 0.936586
128 3 1 1 709.551 194.047 0.673471
129 3 2 0 232.631 356.368 0.728467
130 3 2 1 818.931 702.191 0.195926
131 3 3 0 297.257 347.954 0.754797
132 3 3 1 616.902 704.316 0.213125
133 3 4 0 257.907 126.549 0.969628
134 3 4 1 552.422 145.521 0.36938
135 3 5 0 908.591 175.054 0.569488
136 3 5 1 190.609 196.113 0.85992
137 3 6 0 294.489 189.757 0.822158
138 3 6 1 524.343 215.096 0.526579
139 3 7 0 235.733 480.756 0.840233
140 3 8 0 325.429 463.84 0.891692
141 3 9 0 787.966 19.0086 0.230935
142 3 9 1 213.153 128.578 0.910198
143 3 10 0 611.279 13.6472 0.528818
144 3 10 1 586.141 130.809 0.282323
145 3 11 0 126.184 259.412 0.910825
146 3 11 1 970.347 514.5 0.466399
147 3 12 0 328.144 240.387 0.880774
148 3 12 1 462.734 548.191 0.607443
149 3 13 0 255.085 579.915 0.795472
150 3 14 0 333.678 548.331 0.86613
151 3 15 0 190.547 311.976 0.920843
152 3 16 0 325.176 293.085 0.927212
153 3 17 0 373.075 575.674 0.821405
154 3 18 0 258.057 600.96 0.542596
155 4 0 0 586.043 286.798 0.719997
156 4 0 1 462.755 343.672 0.465286
157 4 1 0 479.432 113.838 0.621884
158 4 1 1 572.002 143.291 0.951715
159 4 2 0 549.785 288.899 0.738149
160 4 2 1 465.573 343.697 0.563847
161 4 3 0 616.873 284.711 0.762227
162 4 3 1 459.947 343.719 0.352095
163 4 4 0 544.007 42.1258 0.711506
164 4 4 1 600.141 92.6963 0.907616
165 4 5 0 471.131 115.989 0.733668
166 4 5 1 527.243 143.502 0.880738
167 4 6 0 482.446 109.732 0.546129
168 4 6 1 616.877 139.156 0.867522
169 4 7 0 566.496 396.505 0.805731
170 4 7 1 479.513 510.278 0.572141
171 4 8 0 636.65 394.234 0.839961
172 4 8 1 465.533 480.795 0.513347
173 4 9 0 499.138 42.0695 0.879276
174 4 9 1 552.534 78.0571 0.918076
175 4 11 0 445.9 213.059 0.793876
176 4 11 1 502.035 217.214 0.555947
177 4 12 0 622.62 210.943 0.854518
178 4 13 0 572.136 495.58 0.869128
179 4 13 1 462.679 666.29 0.806047
180 4 14 0 639.261 493.395 0.858799
181 4 14 1 417.953 596.767 0.754018
182 4 15 0 487.953 284.701 0.731299
183 4 16 0 510.45 263.667 0.248782
184 4 16 1 636.452 274.16 0.816407
185 4 17 0 684.173 512.464 0.924529
186 4 17 1 479.532 615.761 0.153017
187 4 18 0 597.294 520.827 0.829449
188 4 18 1 541.2 685.411 0.741255
P viewIdx, pafIdx, aOverAllIdx, bOverAllIdx, CandidAIdx, CandidBIdx, score
0 0 3 0 0 0 0
0 0 3 1 0 1 0.954233
0 0 3 2 0 2 0
0 0 4 0 1 0 0
0 0 4 1 1 1 0
0 0 4 2 1 2 0.992196
0 0 5 0 2 0 0.989454
0 0 5 1 2 1 0
0 0 5 2 2 2 0
0 1 6 18 0 0 0.966564
0 1 6 19 0 1 0
0 1 7 18 1 0 0
0 1 7 19 1 1 0.949871
0 2 18 32 0 0 0.964567
0 2 18 33 0 1 0
0 2 19 32 1 0 0
0 2 19 33 1 1 0.960957
0 3 0 6 0 0 0
0 3 0 7 0 1 0
0 3 1 6 1 0 0.858736
0 3 1 7 1 1 0
0 3 2 6 2 0 0
0 3 2 7 2 1 0.88136
0 4 0 8 0 0 0.930619
0 4 0 9 0 1 0
0 4 0 10 0 2 0
0 4 1 8 1 0 0
0 4 1 9 1 1 0.866268
0 4 1 10 1 2 0
0 4 2 8 2 0 0
0 4 2 9 2 1 0
0 4 2 10 2 2 0.875843
0 5 8 20 0 0 0.991064
0 5 8 21 0 1 0
0 5 8 22 0 2 0
0 5 9 20 1 0 0
0 5 9 21 1 1 0.971242
0 5 9 22 1 2 0
0 5 10 20 2 0 0
0 5 10 21 2 1 0
0 5 10 22 2 2 0.961344
0 6 20 34 0 0 0.995179
0 6 20 35 0 1 0
0 6 20 36 0 2 0
0 6 21 34 1 0 0
0 6 21 35 1 1 0.99933
0 6 21 36 1 2 0
0 6 22 34 2 0 0
0 6 22 35 2 1 0
0 6 22 36 2 2 0.969455
0 7 3 13 0 0 0.940313
0 7 3 14 0 1 0
0 7 4 13 1 0 0
0 7 4 14 1 1 0.994235
0 7 5 13 2 0 0
0 7 5 14 2 1 0
0 8 13 27 0 0 0.795001
0 8 13 28 0 1 0
0 8 14 27 1 0 0
0 8 14 28 1 1 0.993282
0 9 27 37 0 0 0
0 9 28 37 1 0 0.961315
0 10 13 23 0 0 0
0 10 13 24 0 1 0
0 10 14 23 1 0 0.996308
0 10 14 24 1 1 0
0 11 3 15 0 0 0.970058
0 11 3 16 0 1 0
0 11 3 17 0 2 0
0 11 4 15 1 0 0
0 11 4 16 1 1 0.98415
0 11 4 17 1 2 0
0 11 5 15 2 0 0
0 11 5 16 2 1 0
0 11 5 17 2 2 0.997176
0 12 15 29 0 0 0.990644
0 12 15 30 0 1 0
0 12 15 31 0 2 0
0 12 16 29 1 0 0
0 12 16 30 1 1 0
0 12 16 31 1 2 0.976299
0 12 17 29 2 0 0
0 12 17 30 2 1 0.98946
0 12 17 31 2 2 0
0 13 29 38 0 0 0.946135
0 13 29 39 0 1 0
0 13 29 40 0 2 0
0 13 30 38 1 0 0
0 13 30 39 1 1 0.999617
0 13 30 40 1 2 0
0 13 31 38 2 0 0
0 13 31 39 2 1 0
0 13 31 40 2 2 0.98143
0 14 15 25 0 0 0
0 14 15 26 0 1 0.99876
0 14 16 25 1 0 0.981126
0 14 16 26 1 1 0
0 14 17 25 2 0 0
0 14 17 26 2 1 0
0 15 3 11 0 0 0.984025
0 15 3 12 0 1 0
0 15 4 11 1 0 0
0 15 4 12 1 1 0
0 15 5 11 2 0 0
0 15 5 12 2 1 0.938837
0 16 34 41 0 0 0.999378
0 16 34 42 0 1 0
0 16 35 41 1 0 0
0 16 35 42 1 1 0.927243
0 16 36 41 2 0 0
0 16 36 42 2 1 0
0 17 32 43 0 0 0
0 17 32 44 0 1 0.872103
0 17 33 43 1 0 0
0 17 33 44 1 1 0
1 0 47 45 0 0 0
1 0 47 46 0 1 0.98987
1 0 48 45 1 0 0.997041
1 0 48 46 1 1 0
1 1 49 59 0 0 0.976441
1 1 49 60 0 1 0
1 1 50 59 1 0 0
1 1 50 60 1 1 0.95722
1 2 59 68 0 0 0.984251
1 2 59 69 0 1 0
1 2 60 68 1 0 0
1 2 60 69 1 1 0.980061
1 3 45 49 0 0 0.95712
1 3 45 50 0 1 0
1 3 46 49 1 0 0
1 3 46 50 1 1 0.921929
1 4 45 51 0 0 0.964398
1 4 45 52 0 1 0
1 4 46 51 1 0 0
1 4 46 52 1 1 0.911766
1 5 51 61 0 0 0.988901
1 5 51 62 0 1 0
1 5 52 61 1 0 0
1 5 52 62 1 1 0.97498
1 6 61 70 0 0 0.980283
1 6 61 71 0 1 0
1 6 62 70 1 0 0
1 6 62 71 1 1 0.988652
1 7 47 55 0 0 0.988622
1 7 47 56 0 1 0
1 7 48 55 1 0 0
1 7 48 56 1 1 0.989661
1 8 55 65 0 0 0.999262
1 8 56 65 1 0 0
1 9 65 72 0 0 0
1 9 65 73 0 1 0.946556
1 10 55 63 0 0 0
1 10 56 63 1 0 0.975525
1 11 47 57 0 0 0.996024
1 11 47 58 0 1 0
1 11 48 57 1 0 0
1 11 48 58 1 1 0.998812
1 12 57 66 0 0 0
1 12 57 67 0 1 0.984175
1 12 58 66 1 0 0.991362
1 12 58 67 1 1 0
1 13 66 74 0 0 0.989803
1 13 66 75 0 1 0
1 13 67 74 1 0 0
1 13 67 75 1 1 0.988958
1 14 57 64 0 0 0.989587
1 14 58 64 1 0 0
1 15 47 53 0 0 0
1 15 47 54 0 1 0.973074
1 15 48 53 1 0 0.971507
1 15 48 54 1 1 0
1 16 70 76 0 0 0.99035
1 16 70 77 0 1 0
1 16 71 76 1 0 0
1 16 71 77 1 1 0.969626
1 17 68 78 0 0 0.991503
1 17 68 79 0 1 0
1 17 69 78 1 0 0
1 17 69 79 1 1 0.84699
2 0 83 80 0 0 0.992762
2 0 83 81 0 1 0
2 0 83 82 0 2 0
2 0 84 80 1 0 0
2 0 84 81 1 1 0.970172
2 0 84 82 1 2 0
2 0 85 80 2 0 0
2 0 85 81 2 1 0
2 0 85 82 2 2 0.964453
2 1 86 100 0 0 0.998448
2 1 86 101 0 1 0
2 1 87 100 1 0 0
2 1 87 101 1 1 0.919455
2 1 88 100 2 0 0
2 1 88 101 2 1 0
2 2 100 112 0 0 0.996048
2 2 100 113 0 1 0
2 2 101 112 1 0 0
2 2 101 113 1 1 0.934262
2 3 80 86 0 0 0.960641
2 3 80 87 0 1 0
2 3 80 88 0 2 0
2 3 81 86 1 0 0
2 3 81 87 1 1 0.767725
2 3 81 88 1 2 0
2 3 82 86 2 0 0
2 3 82 87 2 1 0
2 3 82 88 2 2 0.799758
2 4 80 89 0 0 0.954859
2 4 80 90 0 1 0
2 4 80 91 0 2 0
2 4 81 89 1 0 0
2 4 81 90 1 1 0.778602
2 4 81 91 1 2 0
2 4 82 89 2 0 0
2 4 82 90 2 1 0
2 4 82 91 2 2 0.828694
2 5 89 102 0 0 0.994307
2 5 89 103 0 1 0
2 5 90 102 1 0 0
2 5 90 103 1 1 0.963285
2 5 91 102 2 0 0
2 5 91 103 2 1 0
2 6 102 114 0 0 0.992848
2 6 102 115 0 1 0
2 6 103 114 1 0 0
2 6 103 115 1 1 0.978866
2 7 83 94 0 0 0.990682
2 7 83 95 0 1 0
2 7 83 96 0 2 0
2 7 84 94 1 0 0
2 7 84 95 1 1 0.946862
2 7 84 96 1 2 0
2 7 85 94 2 0 0
2 7 85 95 2 1 0
2 7 85 96 2 2 0.929779
2 8 94 107 0 0 0.982014
2 8 94 108 0 1 0
2 8 95 107 1 0 0
2 8 95 108 1 1 0
2 8 96 107 2 0 0
2 8 96 108 2 1 0.968129
2 9 107 116 0 0 0.986764
2 9 107 117 0 1 0
2 9 108 116 1 0 0
2 9 108 117 1 1 0.997641
2 10 94 104 0 0 0
2 10 95 104 1 0 0
2 10 96 104 2 0 0.906228
2 11 83 97 0 0 0.992943
2 11 83 98 0 1 0
2 11 83 99 0 2 0
2 11 84 97 1 0 0
2 11 84 98 1 1 0.953693
2 11 84 99 1 2 0
2 11 85 97 2 0 0
2 11 85 98 2 1 0
2 11 85 99 2 2 0.878278
2 12 97 109 0 0 0.98921
2 12 97 110 0 1 0
2 12 97 111 0 2 0
2 12 98 109 1 0 0
2 12 98 110 1 1 0.99421
2 12 98 111 1 2 0
2 12 99 109 2 0 0
2 12 99 110 2 1 0
2 12 99 111 2 2 0.931288
2 13 109 118 0 0 0.968226
2 13 109 119 0 1 0
2 13 109 120 0 2 0
2 13 110 118 1 0 0
2 13 110 119 1 1 0.975165
2 13 110 120 1 2 0
2 13 111 118 2 0 0
2 13 111 119 2 1 0
2 13 111 120 2 2 0.992411
2 14 97 105 0 0 0.985614
2 14 97 106 0 1 0
2 14 98 105 1 0 0
2 14 98 106 1 1 0.980345
2 14 99 105 2 0 0
2 14 99 106 2 1 0
2 15 83 92 0 0 0.992735
2 15 83 93 0 1 0
2 15 84 92 1 0 0
2 15 84 93 1 1 0.997492
2 15 85 92 2 0 0
2 15 85 93 2 1 0
2 16 114 121 0 0 0.985038
2 16 114 122 0 1 0
2 16 115 121 1 0 0
2 16 115 122 1 1 0.959323
2 17 112 123 0 0 0.972818
2 17 112 124 0 1 0
2 17 113 123 1 0 0
2 17 113 124 1 1 0.912216
3 0 127 125 0 0 0.987148
3 0 127 126 0 1 0
3 0 128 125 1 0 0
3 0 128 126 1 1 0.94726
3 1 129 139 0 0 0.991382
3 1 130 139 1 0 0
3 2 139 149 0 0 0.996876
3 3 125 129 0 0 0.927233
3 3 125 130 0 1 0
3 3 126 129 1 0 0
3 3 126 130 1 1 0.751426
3 4 125 131 0 0 0.931394
3 4 125 132 0 1 0
3 4 126 131 1 0 0
3 4 126 132 1 1 0.760299
3 5 131 140 0 0 0.997247
3 5 132 140 1 0 0
3 6 140 150 0 0 0.991786
3 7 127 135 0 0 0
3 7 127 136 0 1 0.998798
3 7 128 135 1 0 0.935823
3 7 128 136 1 1 0
3 8 135 145 0 0 0
3 8 135 146 0 1 0.90298
3 8 136 145 1 0 0.976711
3 8 136 146 1 1 0
3 9 145 151 0 0 0.983641
3 9 146 151 1 0 0
3 10 135 141 0 0 0.875351
3 10 135 142 0 1 0
3 10 136 141 1 0 0
3 10 136 142 1 1 0.981795
3 11 127 137 0 0 0.997439
3 11 127 138 0 1 0
3 11 128 137 1 0 0
3 11 128 138 1 1 0.921472
3 12 137 147 0 0 0.997546
3 12 137 148 0 1 0
3 12 138 147 1 0 0
3 12 138 148 1 1 0.942972
3 13 147 152 0 0 0.996768
3 13 148 152 1 0 0
3 14 137 143 0 0 0
3 14 137 144 0 1 0
3 14 138 143 1 0 0.48327
3 14 138 144 1 1 0.51673
3 15 127 133 0 0 0.984162
3 15 127 134 0 1 0
3 15 128 133 1 0 0
3 15 128 134 1 1 0
3 16 150 153 0 0 0.968001
3 17 149 154 0 0 0.929613
4 0 157 155 0 0 0
4 0 157 156 0 1 0.898923
4 0 158 155 1 0 0.995462
4 0 158 156 1 1 0
4 1 159 169 0 0 0.994438
4 1 159 170 0 1 0
4 1 160 169 1 0 0
4 1 160 170 1 1 0.952283
4 2 169 178 0 0 0.993166
4 2 169 179 0 1 0
4 2 170 178 1 0 0
4 2 170 179 1 1 0.991708
4 3 155 159 0 0 0.935526
4 3 155 160 0 1 0
4 3 156 159 1 0 0
4 3 156 160 1 1 0.64085
4 4 155 161 0 0 0.931548
4 4 155 162 0 1 0
4 4 156 161 1 0 0
4 4 156 162 1 1 0.615485
4 5 161 171 0 0 0.999445
4 5 161 172 0 1 0
4 5 162 171 1 0 0
4 5 162 172 1 1 0.872425
4 6 171 180 0 0 0.996445
4 6 171 181 0 1 0
4 6 172 180 1 0 0
4 6 172 181 1 1 0.942144
4 7 157 165 0 0 0.505867
4 7 157 166 0 1 0
4 7 158 165 1 0 0.273911
4 7 158 166 1 1 0.553174
4 8 165 175 0 0 0.275504
4 8 165 176 0 1 0.270284
4 8 166 175 1 0 0.270203
4 8 166 176 1 1 0.275705
4 9 175 182 0 0 0.512172
4 9 176 182 1 0 0.485962
4 10 165 173 0 0 0.277229
4 10 165 174 0 1 0.256276
4 10 166 173 1 0 0.25663
4 10 166 174 1 1 0.277464
4 11 157 167 0 0 0.829917
4 11 157 168 0 1 0
4 11 158 167 1 0 0
4 11 158 168 1 1 0.99965
4 12 167 177 0 0 0
4 12 168 177 1 0 0.992894
4 13 177 183 0 0 0
4 13 177 184 0 1 0.997455
4 15 157 163 0 0 0.912116
4 15 157 164 0 1 0
4 15 158 163 1 0 0
4 15 158 164 1 1 0.976654
4 16 180 185 0 0 0.981963
4 16 180 186 0 1 0
4 16 181 185 1 0 0
4 16 181 186 1 1 0
4 17 178 187 0 0 0.986799
4 17 178 188 0 1 0
4 17 179 187 1 0 0
4 17 179 188 1 1 0.988824
E jointIdx viewA viewB aOverAllIdx bOverallIdx score
0 0 1 0 45 0.784562
0 0 1 0 46 0.158174
0 0 1 1 45 -1
0 0 1 1 46 0.121934
0 0 1 2 45 -1
0 0 1 2 46 0.686127
0 0 2 0 80 -1
0 0 2 0 81 -1
0 0 2 0 82 0.377595
0 0 2 1 80 0.855651
0 0 2 1 81 -1
0 0 2 1 82 -1
0 0 2 2 80 -1
0 0 2 2 81 0.80548
0 0 2 2 82 -1
0 0 3 0 125 -1
0 0 3 0 126 0.961646
0 0 3 1 125 0.806357
0 0 3 1 126 -1
0 0 3 2 125 -1
0 0 3 2 126 -1
0 0 4 0 155 -1
0 0 4 0 156 -1
0 0 4 1 155 -1
0 0 4 1 156 0.907006
0 0 4 2 155 0.976913
0 0 4 2 156 -1
0 1 2 45 80 -1
0 1 2 45 81 -1
0 1 2 45 82 0.167174
0 1 2 46 80 0.885715
0 1 2 46 81 0.712116
0 1 2 46 82 -1
0 1 3 45 125 -1
0 1 3 45 126 -1
0 1 3 46 125 0.458412
0 1 3 46 126 -1
0 1 4 45 155 -1
0 1 4 45 156 -1
0 1 4 46 155 0.453555
0 1 4 46 156 0.546445
0 2 3 80 125 0.84466
0 2 3 80 126 -1
0 2 3 81 125 -1
0 2 3 81 126 -1
0 2 3 82 125 -1
0 2 3 82 126 0.122264
0 2 4 80 155 0.431093
0 2 4 80 156 0.568907
0 2 4 81 155 0.689497
0 2 4 81 156 0.310503
0 2 4 82 155 -1
0 2 4 82 156 -1
0 3 4 125 155 0.263683
0 3 4 125 156 0.736317
0 3 4 126 155 -1
0 3 4 126 156 -1
1 0 1 3 47 0.392716
1 0 1 3 48 -1
1 0 1 4 47 0.371792
1 0 1 4 48 -1
1 0 1 5 47 0.150315
1 0 1 5 48 0.634972
1 0 2 3 83 0.660893
1 0 2 3 84 -1
1 0 2 3 85 -1
1 0 2 4 83 -1
1 0 2 4 84 0.934345
1 0 2 4 85 -1
1 0 2 5 83 -1
1 0 2 5 84 -1
1 0 2 5 85 0.986064
1 0 3 3 127 0.29349
1 0 3 3 128 0.296705
1 0 3 4 127 0.294851
1 0 3 4 128 0.295396
1 0 3 5 127 0.245641
1 0 3 5 128 0.240986
1 0 4 3 157 0.813738
1 0 4 3 158 0.0693062
1 0 4 4 157 0.0859322
1 0 4 4 158 0.613834
1 0 4 5 157 -1
1 0 4 5 158 0.307114
1 1 2 47 83 0.285135
1 1 2 47 84 0.789375
1 1 2 47 85 -1
1 1 2 48 83 -1
1 1 2 48 84 -1
1 1 2 48 85 0.664092
1 1 3 47 127 0.34144
1 1 3 47 128 0.457352
1 1 3 48 127 0.493088
1 1 3 48 128 0.321001
1 1 4 47 157 0.509614
1 1 4 47 158 0.490386
1 1 4 48 157 -1
1 1 4 48 158 -1
1 2 3 83 127 0.905225
1 2 3 83 128 -1
1 2 3 84 127 -1
1 2 3 84 128 -1
1 2 3 85 127 -1
1 2 3 85 128 0.331979
1 2 4 83 157 0.879309
1 2 4 83 158 0.0314464
1 2 4 84 157 -1
1 2 4 84 158 0.987972
1 2 4 85 157 -1
1 2 4 85 158 -1
1 3 4 127 157 0.482589
1 3 4 127 158 0.300556
1 3 4 128 157 0.10366
1 3 4 128 158 0.52067
2 0 1 6 49 -1
2 0 1 6 50 0.0865201
2 0 1 7 49 -1
2 0 1 7 50 0.91348
2 0 2 6 86 0.64428
2 0 2 6 87 -1
2 0 2 6 88 -1
2 0 2 7 86 -1
2 0 2 7 87 0.536132
2 0 2 7 88 -1
2 0 3 6 129 0.753914
2 0 3 6 130 -1
2 0 3 7 129 -1
2 0 3 7 130 -1
2 0 4 6 159 -1
2 0 4 6 160 0.871076
2 0 4 7 159 0.934285
2 0 4 7 160 -1
2 1 2 49 86 -1
2 1 2 49 87 -1
2 1 2 49 88 0.504919
2 1 2 50 86 0.357983
2 1 2 50 87 0.540749
2 1 2 50 88 -1
2 1 3 49 129 -1
2 1 3 49 130 -1
2 1 3 50 129 0.604349
2 1 3 50 130 -1
2 1 4 49 159 -1
2 1 4 49 160 -1
2 1 4 50 159 0.497368
2 1 4 50 160 0.502632
2 2 3 86 129 0.943478
2 2 3 86 130 -1
2 2 3 87 129 -1
2 2 3 87 130 -1
2 2 3 88 129 -1
2 2 3 88 130 -1
2 2 4 86 159 0.527569
2 2 4 86 160 0.472431
2 2 4 87 159 0.538919
2 2 4 87 160 0.461081
2 2 4 88 159 -1
2 2 4 88 160 -1
2 3 4 129 159 0.166241
2 3 4 129 160 0.833759
2 3 4 130 159 -1
2 3 4 130 160 -1
3 0 1 8 51 0.778609
3 0 1 8 52 0.144922
3 0 1 9 51 -1
3 0 1 9 52 0.192834
3 0 1 10 51 -1
3 0 1 10 52 0.624183
3 0 2 8 89 -1
3 0 2 8 90 -1
3 0 2 8 91 -1
3 0 2 9 89 0.959065
3 0 2 9 90 -1
3 0 2 9 91 -1
3 0 2 10 89 -1
3 0 2 10 90 0.924781
3 0 2 10 91 -1
3 0 3 8 131 -1
3 0 3 8 132 0.944839
3 0 3 9 131 0.834466
3 0 3 9 132 -1
3 0 3 10 131 -1
3 0 3 10 132 -1
3 0 4 8 161 -1
3 0 4 8 162 -1
3 0 4 9 161 -1
3 0 4 9 162 0.72504
3 0 4 10 161 0.98651
3 0 4 10 162 -1
3 1 2 51 89 -1
3 1 2 51 90 -1
3 1 2 51 91 -1
3 1 2 52 89 0.167167
3 1 2 52 90 0.893642
3 1 2 52 91 -1
3 1 3 51 131 -1
3 1 3 51 132 -1
3 1 3 52 131 0.329827
3 1 3 52 132 -1
3 1 4 51 161 -1
3 1 4 51 162 -1
3 1 4 52 161 0.552983
3 1 4 52 162 0.289738
3 2 3 89 131 0.692268
3 2 3 89 132 -1
3 2 3 90 131 -1
3 2 3 90 132 -1
3 2 3 91 131 -1
3 2 3 91 132 0.853806
3 2 4 89 161 0.127923
3 2 4 89 162 0.872077
3 2 4 90 161 0.710239
3 2 4 90 162 0.188571
3 2 4 91 161 -1
3 2 4 91 162 -1
3 3 4 131 161 0.394646
3 3 4 131 162 0.605354
3 3 4 132 161 -1
3 3 4 132 162 -1
4 0 1 11 53 -1
4 0 1 11 54 0.60725
4 0 1 12 53 0.620825
4 0 1 12 54 0.249027
4 0 2 11 92 0.923588
4 0 2 11 93 -1
4 0 2 12 92 -1
4 0 2 12 93 -1
4 0 3 11 133 0.772038
4 0 3 11 134 0.227962
4 0 3 12 133 -1
4 0 3 12 134 0.275333
4 0 4 11 163 0.936136
4 0 4 11 164 -1
4 0 4 12 163 -1
4 0 4 12 164 -1
4 1 2 53 92 -1
4 1 2 53 93 -1
4 1 2 54 92 0.516733
4 1 2 54 93 0.483267
4 1 3 53 133 0.331645
4 1 3 53 134 0.357691
4 1 3 54 133 0.354052
4 1 3 54 134 0.338835
4 1 4 53 163 -1
4 1 4 53 164 -1
4 1 4 54 163 0.547552
4 1 4 54 164 0.452448
4 2 3 92 133 0.865851
4 2 3 92 134 -1
4 2 3 93 133 -1
4 2 3 93 134 0.976656
4 2 4 92 163 0.864581
4 2 4 92 164 -1
4 2 4 93 163 -1
4 2 4 93 164 0.970836
4 3 4 133 163 0.801274
4 3 4 133 164 0.173319
4 3 4 134 163 -1
4 3 4 134 164 0.793258
5 0 1 13 55 0.493528
5 0 1 13 56 -1
5 0 1 14 55 0.460692
5 0 1 14 56 0.136361
5 0 2 13 94 0.538948
5 0 2 13 95 -1
5 0 2 13 96 -1
5 0 2 14 94 -1
5 0 2 14 95 0.694778
5 0 2 14 96 -1
5 0 3 13 135 -1
5 0 3 13 136 0.422213
5 0 3 14 135 -1
5 0 3 14 136 0.577787
5 0 4 13 165 0.720219
5 0 4 13 166 0.131677
5 0 4 14 165 0.172611
5 0 4 14 166 0.732019
5 1 2 55 94 -1
5 1 2 55 95 0.486867
5 1 2 55 96 -1
5 1 2 56 94 -1
5 1 2 56 95 -1
5 1 2 56 96 0.76766
5 1 3 55 135 0.16062
5 1 3 55 136 0.458248
5 1 3 56 135 0.281186
5 1 3 56 136 0.541752
5 1 4 55 165 0.378882
5 1 4 55 166 0.621118
5 1 4 56 165 -1
5 1 4 56 166 -1
5 2 3 94 135 -1
5 2 3 94 136 0.8811
5 2 3 95 135 -1
5 2 3 95 136 -1
5 2 3 96 135 0.902265
5 2 3 96 136 -1
5 2 4 94 165 0.663357
5 2 4 94 166 0.336643
5 2 4 95 165 -1
5 2 4 95 166 0.702662
5 2 4 96 165 -1
5 2 4 96 166 -1
5 3 4 135 165 0.342258
5 3 4 135 166 0.431469
5 3 4 136 165 0.424804
5 3 4 136 166 0.366544
6 0 1 15 57 0.392056
6 0 1 15 58 -1
6 0 1 16 57 0.415877
6 0 1 16 58 -1
6 0 1 17 57 0.138537
6 0 1 17 58 0.689082
6 0 2 15 97 0.883923
6 0 2 15 98 -1
6 0 2 15 99 -1
6 0 2 16 97 -1
6 0 2 16 98 0.929688
6 0 2 16 99 -1
6 0 2 17 97 -1
6 0 2 17 98 -1
6 0 2 17 99 0.869507
6 0 3 15 137 0.39751
6 0 3 15 138 0.262891
6 0 3 16 137 0.349719
6 0 3 16 138 0.300277
6 0 3 17 137 0.199855
6 0 3 17 138 0.401837
6 0 4 15 167 0.905653
6 0 4 15 168 0.0667006
6 0 4 16 167 -1
6 0 4 16 168 0.653315
6 0 4 17 167 -1
6 0 4 17 168 0.278172
6 1 2 57 97 0.713039
6 1 2 57 98 0.998759
6 1 2 57 99 -1
6 1 2 58 97 -1
6 1 2 58 98 -1
6 1 2 58 99 0.649338
6 1 3 57 137 0.616157
6 1 3 57 138 0.310918
6 1 3 58 137 0.343855
6 1 3 58 138 0.582217
6 1 4 57 167 0.452436
6 1 4 57 168 0.547564
6 1 4 58 167 -1
6 1 4 58 168 -1
6 2 3 97 137 0.729182
6 2 3 97 138 -1
6 2 3 98 137 -1
6 2 3 98 138 0.0594276
6 2 3 99 137 -1
6 2 3 99 138 -1
6 2 4 97 167 0.990624
6 2 4 97 168 -1
6 2 4 98 167 -1
6 2 4 98 168 0.81136
6 2 4 99 167 -1
6 2 4 99 168 -1
6 3 4 137 167 0.477655
6 3 4 137 168 0.384749
6 3 4 138 167 -1
6 3 4 138 168 0.459098
7 0 1 18 59 -1
7 0 1 18 60 -1
7 0 1 19 59 -1
7 0 1 19 60 0.687638
7 0 2 18 100 0.81774
7 0 2 18 101 -1
7 0 2 19 100 -1
7 0 2 19 101 0.543867
7 0 3 18 139 0.981473
7 0 3 19 139 -1
7 0 4 18 169 -1
7 0 4 18 170 0.534871
7 0 4 19 169 0.845366
7 0 4 19 170 -1
7 1 2 59 100 -1
7 1 2 59 101 -1
7 1 2 60 100 0.80142
7 1 2 60 101 0.19858
7 1 3 59 139 -1
7 1 3 60 139 0.198464
7 1 4 59 169 -1
7 1 4 59 170 -1
7 1 4 60 169 0.481491
7 1 4 60 170 0.518509
7 2 3 100 139 0.890917
7 2 3 101 139 -1
7 2 4 100 169 0.294839
7 2 4 100 170 0.483186
7 2 4 101 169 0.480525
7 2 4 101 170 0.355951
7 3 4 139 169 -1
7 3 4 139 170 0.873849
8 0 1 20 61 0.999404
8 0 1 20 62 -1
8 0 1 21 61 -1
8 0 1 21 62 -1
8 0 1 22 61 -1
8 0 1 22 62 0.892641
8 0 2 20 102 -1
8 0 2 20 103 0.0221288
8 0 2 21 102 0.899405
8 0 2 21 103 -1
8 0 2 22 102 -1
8 0 2 22 103 0.661974
8 0 3 20 140 -1
8 0 3 21 140 0.783016
8 0 3 22 140 -1
8 0 4 20 171 -1
8 0 4 20 172 -1
8 0 4 21 171 -1
8 0 4 21 172 0.950822
8 0 4 22 171 0.836096
8 0 4 22 172 -1
8 1 2 61 102 -1
8 1 2 61 103 -1
8 1 2 62 102 -1
8 1 2 62 103 0.773018
8 1 3 61 140 -1
8 1 3 62 140 -1
8 1 4 61 171 -1
8 1 4 61 172 -1
8 1 4 62 171 0.688276
8 1 4 62 172 -1
8 2 3 102 140 0.670182
8 2 3 103 140 -1
8 2 4 102 171 -1
8 2 4 102 172 0.777307
8 2 4 103 171 0.53738
8 2 4 103 172 0.222693
8 3 4 140 171 0.167227
8 3 4 140 172 0.832773
9 0 1 23 63 -1
9 0 1 24 63 0.89996
9 0 2 23 104 -1
9 0 2 24 104 0.962556
9 0 3 23 141 -1
9 0 3 23 142 -1
9 0 3 24 141 0.553817
9 0 3 24 142 -1
9 0 4 23 173 -1
9 0 4 23 174 0.888722
9 0 4 24 173 -1
9 0 4 24 174 -1
9 1 2 63 104 0.962237
9 1 3 63 141 -1
9 1 3 63 142 0.265841
9 1 4 63 173 -1
9 1 4 63 174 -1
9 2 3 104 141 0.51715
9 2 3 104 142 -1
9 2 4 104 173 -1
9 2 4 104 174 -1
9 3 4 141 173 -1
9 3 4 141 174 -1
9 3 4 142 173 0.685067
9 3 4 142 174 0.314933
10 0 1 25 64 0.715474
10 0 1 26 64 0.284526
10 0 2 25 105 -1
10 0 2 25 106 0.933035
10 0 2 26 105 0.994203
10 0 2 26 106 -1
10 0 3 25 143 -1
10 0 3 25 144 0.928739
10 0 3 26 143 -1
10 0 3 26 144 -1
10 1 2 64 105 0.390127
10 1 2 64 106 0.609873
10 1 3 64 143 -1
10 1 3 64 144 0.91991
10 2 3 105 143 -1
10 2 3 105 144 -1
10 2 3 106 143 -1
10 2 3 106 144 0.956233
11 0 1 27 65 0.0843694
11 0 1 28 65 0.896493
11 0 2 27 107 0.947366
11 0 2 27 108 -1
11 0 2 28 107 -1
11 0 2 28 108 -1
11 0 3 27 145 0.928284
11 0 3 27 146 -1
11 0 3 28 145 -1
11 0 3 28 146 -1
11 0 4 27 175 0.293128
11 0 4 27 176 0.307972
11 0 4 28 175 0.306733
11 0 4 28 176 0.291834
11 1 2 65 107 -1
11 1 2 65 108 -1
11 1 3 65 145 0.35544
11 1 3 65 146 -1
11 1 4 65 175 0.379721
11 1 4 65 176 0.620279
11 2 3 107 145 0.994837
11 2 3 107 146 -1
11 2 3 108 145 -1
11 2 3 108 146 -1
11 2 4 107 175 0.556441
11 2 4 107 176 0.443559
11 2 4 108 175 -1
11 2 4 108 176 -1
11 3 4 145 175 0.462461
11 3 4 145 176 0.537539
11 3 4 146 175 -1
11 3 4 146 176 -1
12 0 1 29 66 -1
12 0 1 29 67 -1
12 0 1 30 66 0.581238
12 0 1 30 67 0.418762
12 0 1 31 66 0.250105
12 0 1 31 67 0.749895
12 0 2 29 109 0.974142
12 0 2 29 110 -1
12 0 2 29 111 -1
12 0 2 30 109 -1
12 0 2 30 110 0.334183
12 0 2 30 111 0.882886
12 0 2 31 109 -1
12 0 2 31 110 0.886504
12 0 2 31 111 -1
12 0 3 29 147 0.854918
12 0 3 29 148 -1
12 0 3 30 147 -1
12 0 3 30 148 0.855124
12 0 3 31 147 -1
12 0 3 31 148 -1
12 0 4 29 177 0.399337
12 0 4 30 177 0.271334
12 0 4 31 177 0.329329
12 1 2 66 109 -1
12 1 2 66 110 -1
12 1 2 66 111 0.983445
12 1 2 67 109 -1
12 1 2 67 110 0.989244
12 1 2 67 111 -1
12 1 3 66 147 -1
12 1 3 66 148 -1
12 1 3 67 147 -1
12 1 3 67 148 -1
12 1 4 66 177 -1
12 1 4 67 177 0.949912
12 2 3 109 147 0.917133
12 2 3 109 148 -1
12 2 3 110 147 -1
12 2 3 110 148 -1
12 2 3 111 147 -1
12 2 3 111 148 0.554548
12 2 4 109 177 -1
12 2 4 110 177 0.97319
12 2 4 111 177 -1
12 3 4 147 177 0.497866
12 3 4 148 177 -1
13 0 1 32 68 -1
13 0 1 32 69 -1
13 0 1 33 68 -1
13 0 1 33 69 0.568063
13 0 2 32 112 0.971671
13 0 2 32 113 -1
13 0 2 33 112 -1
13 0 2 33 113 0.720096
13 0 3 32 149 0.983125
13 0 3 33 149 -1
13 0 4 32 178 -1
13 0 4 32 179 0.975098
13 0 4 33 178 0.721307
13 0 4 33 179 -1
13 1 2 68 112 -1
13 1 2 68 113 -1
13 1 2 69 112 -1
13 1 2 69 113 0.821344
13 1 3 68 149 -1
13 1 3 69 149 -1
13 1 4 68 178 -1
13 1 4 68 179 -1
13 1 4 69 178 0.580622
13 1 4 69 179 0.419378
13 2 3 112 149 0.983369
13 2 3 113 149 -1
13 2 4 112 178 0.252921
13 2 4 112 179 0.657938
13 2 4 113 178 0.671757
13 2 4 113 179 0.0327216
13 3 4 149 178 -1
13 3 4 149 179 0.742459
14 0 1 34 70 0.931512
14 0 1 34 71 -1
14 0 1 35 70 -1
14 0 1 35 71 -1
14 0 1 36 70 -1
14 0 1 36 71 0.85946
14 0 2 34 114 -1
14 0 2 34 115 0.986338
14 0 2 35 114 0.631811
14 0 2 35 115 -1
14 0 2 36 114 -1
14 0 2 36 115 0.849264
14 0 3 34 150 -1
14 0 3 35 150 0.837081
14 0 3 36 150 -1
14 0 4 34 180 -1
14 0 4 34 181 -1
14 0 4 35 180 -1
14 0 4 35 181 0.922679
14 0 4 36 180 0.888835
14 0 4 36 181 -1
14 1 2 70 114 -1
14 1 2 70 115 -1
14 1 2 71 114 -1
14 1 2 71 115 0.910673
14 1 3 70 150 -1
14 1 3 71 150 -1
14 1 4 70 180 -1
14 1 4 70 181 -1
14 1 4 71 180 0.750085
14 1 4 71 181 -1
14 2 3 114 150 0.792405
14 2 3 115 150 -1
14 2 4 114 180 -1
14 2 4 114 181 0.96119
14 2 4 115 180 0.8127
14 2 4 115 181 -1
14 3 4 150 180 0.209332
14 3 4 150 181 0.790668
15 0 1 37 72 -1
15 0 1 37 73 0.707944
15 0 2 37 116 -1
15 0 2 37 117 -1
15 0 3 37 151 -1
15 0 4 37 182 0.631933
15 1 2 72 116 -1
15 1 2 72 117 0.77151
15 1 2 73 116 0.720385
15 1 2 73 117 -1
15 1 3 72 151 -1
15 1 3 73 151 0.0601415
15 1 4 72 182 -1
15 1 4 73 182 0.839078
15 2 3 116 151 0.872564
15 2 3 117 151 -1
15 2 4 116 182 0.952851
15 2 4 117 182 -1
15 3 4 151 182 0.872771
16 0 1 38 74 -1
16 0 1 38 75 -1
16 0 1 39 74 0.774657
16 0 1 39 75 0.225343
16 0 1 40 74 -1
16 0 1 40 75 0.778915
16 0 2 38 118 0.76523
16 0 2 38 119 -1
16 0 2 38 120 -1
16 0 2 39 118 -1
16 0 2 39 119 0.17249
16 0 2 39 120 0.969052
16 0 2 40 118 -1
16 0 2 40 119 0.98701
16 0 2 40 120 -1
16 0 3 38 152 0.894981
16 0 3 39 152 -1
16 0 3 40 152 -1
16 0 4 38 183 0.710344
16 0 4 38 184 0.20609
16 0 4 39 183 -1
16 0 4 39 184 -1
16 0 4 40 183 0.288941
16 0 4 40 184 0.711059
16 1 2 74 118 -1
16 1 2 74 119 -1
16 1 2 74 120 0.968819
16 1 2 75 118 -1
16 1 2 75 119 0.781228
16 1 2 75 120 -1
16 1 3 74 152 -1
16 1 3 75 152 -1
16 1 4 74 183 -1
16 1 4 74 184 -1
16 1 4 75 183 -1
16 1 4 75 184 0.931027
16 2 3 118 152 0.829565
16 2 3 119 152 -1
16 2 3 120 152 -1
16 2 4 118 183 0.490363
16 2 4 118 184 -1
16 2 4 119 183 -1
16 2 4 119 184 0.763535
16 2 4 120 183 -1
16 2 4 120 184 -1
16 3 4 152 183 0.667102
16 3 4 152 184 0.332898
17 0 1 41 76 0.971984
17 0 1 41 77 -1
17 0 1 42 76 -1
17 0 1 42 77 0.569658
17 0 2 41 121 -1
17 0 2 41 122 0.627903
17 0 2 42 121 0.987364
17 0 2 42 122 -1
17 0 3 41 153 -1
17 0 3 42 153 0.942061
17 0 4 41 185 -1
17 0 4 41 186 -1
17 0 4 42 185 -1
17 0 4 42 186 0.895099
17 1 2 76 121 -1
17 1 2 76 122 -1
17 1 2 77 121 -1
17 1 2 77 122 0.963324
17 1 3 76 153 -1
17 1 3 77 153 -1
17 1 4 76 185 -1
17 1 4 76 186 -1
17 1 4 77 185 0.875509
17 1 4 77 186 -1
17 2 3 121 153 0.95458
17 2 3 122 153 -1
17 2 4 121 185 -1
17 2 4 121 186 0.649637
17 2 4 122 185 0.782961
17 2 4 122 186 -1
17 3 4 153 185 0.388536
17 3 4 153 186 0.611464
18 0 1 43 78 0.932326
18 0 1 43 79 -1
18 0 1 44 78 -1
18 0 1 44 79 -1
18 0 2 43 123 -1
18 0 2 43 124 -1
18 0 2 44 123 0.924293
18 0 2 44 124 -1
18 0 3 43 154 -1
18 0 3 44 154 0.968429
18 0 4 43 187 -1
18 0 4 43 188 -1
18 0 4 44 187 -1
18 0 4 44 188 0.773229
18 1 2 78 123 -1
18 1 2 78 124 -1
18 1 2 79 123 0.031637
18 1 2 79 124 0.824604
18 1 3 78 154 -1
18 1 3 79 154 -1
18 1 4 78 187 -1
18 1 4 78 188 -1
18 1 4 79 187 0.541326
18 1 4 79 188 0.458674
18 2 3 123 154 0.900878
18 2 3 124 154 -1
18 2 4 123 187 -1
18 2 4 123 188 0.858098
18 2 4 124 187 0.967003
18 2 4 124 188 -1
18 3 4 154 187 -1
18 3 4 154 188 0.460985
end of Frame 123
