J OverallIdx viewIdx joint种类0-18(jointIdx) 该joint在图中的顺序(candidix) x y score
0 0 0 0 33.4783 362.671 0.754265
1 0 0 1 532.778 390.137 0.69843
2 0 0 2 325.158 436.486 0.569524
3 0 1 0 328.141 204.515 0.844236
4 0 1 1 549.558 212.948 0.843524
5 0 1 2 30.7334 221.434 0.785429
6 0 2 0 513.18 390.101 0.663128
7 0 2 1 372.92 440.724 0.562781
8 0 3 0 64.5223 362.673 0.712638
9 0 3 1 552.47 392.183 0.691746
10 0 3 2 274.743 432.289 0.528581
11 0 4 0 485.097 160.152 0.925233
12 0 4 1 58.9197 160.322 0.927374
13 0 5 0 412.238 208.801 0.851354
14 0 5 1 518.848 210.941 0.73285
15 0 6 0 255.155 196.105 0.848578
16 0 6 1 574.923 212.982 0.829961
17 0 6 2 78.5596 225.577 0.869292
18 0 7 0 507.692 514.611 0.758998
19 0 7 1 344.995 632.636 0.770959
20 0 8 0 75.5832 480.789 0.774925
21 0 8 1 563.667 525.04 0.698027
22 0 8 2 255.067 615.811 0.691472
23 0 9 0 370.238 124.4 0.93386
24 0 10 0 300.072 124.309 0.883053
25 0 10 1 532.921 147.625 0.832375
26 0 11 0 454.247 341.542 0.827661
27 0 12 0 92.5578 295.284 0.800412
28 0 12 1 639.467 291.011 0.866524
29 0 12 2 215.918 331.083 0.883384
30 0 13 0 510.419 632.676 0.812487
31 0 13 1 330.878 765.518 0.358346
32 0 14 0 78.349 598.789 0.819957
33 0 14 1 583.34 657.943 0.723889
34 0 14 2 238.481 765.537 0.292645
35 0 15 0 412.269 417.51 0.642743
36 0 16 0 574.845 343.692 0.901106
37 0 16 1 117.754 356.394 0.784078
38 0 16 2 235.557 415.364 0.757843
39 0 17 0 78.4984 622.104 0.759062
40 0 17 1 524.314 685.284 0.698304
41 0 18 0 445.915 649.494 0.810876
42 1 0 0 571.957 379.643 0.831483
43 1 0 1 684.402 398.516 0.6925
44 1 0 2 145.851 413.281 0.697944
45 1 1 0 81.2938 215.068 0.337666
46 1 1 1 157.022 225.655 0.853599
47 1 1 2 684.309 227.731 0.897015
48 1 1 3 577.729 246.697 0.893557
49 1 2 0 544.048 379.588 0.791843
50 1 2 1 706.835 396.486 0.668698
51 1 2 2 103.697 411.167 0.656385
52 1 3 0 594.646 381.677 0.803508
53 1 3 1 664.616 398.509 0.685189
54 1 3 2 187.947 415.417 0.653759
55 1 4 0 120.466 160.291 0.918986
56 1 4 1 619.729 191.809 0.908879
57 1 4 2 563.645 198.263 0.834631
58 1 5 0 50.4999 217.251 0.739001
59 1 5 1 100.946 225.538 0.803481
60 1 5 2 706.771 229.857 0.84137
61 1 5 3 538.442 244.573 0.888905
62 1 6 0 117.819 217.219 0.173582
63 1 6 1 661.831 225.645 0.877755
64 1 6 2 213.224 227.689 0.8648
65 1 6 3 617.118 248.866 0.851326
66 1 7 0 530.146 480.876 0.846746
67 1 7 1 33.5916 497.633 0.425486
68 1 7 2 689.84 531.388 0.805183
69 1 7 3 86.9934 548.197 0.7844
70 1 8 0 600.123 482.901 0.82895
71 1 8 1 639.359 531.323 0.734166
72 1 8 2 193.606 569.405 0.770026
73 1 9 0 81.4411 160.293 0.265658
74 1 10 0 171.126 145.518 0.920277
75 1 10 1 653.448 177.047 0.853685
76 1 10 2 594.614 196.098 0.957834
77 1 11 0 501.913 288.845 0.885708
78 1 11 1 30.8404 297.426 0.744449
79 1 11 2 92.5367 314.2 0.743881
80 1 11 3 745.981 328.848 0.881441
81 1 12 0 661.879 316.272 0.90014
82 1 12 1 252.43 322.608 0.819784
83 1 13 0 527.255 571.428 0.871285
84 1 13 1 684.209 653.708 0.794642
85 1 13 2 120.624 672.64 0.793696
86 1 14 0 611.356 569.402 0.811463
87 1 14 1 658.924 662.135 0.779631
88 1 14 2 207.437 685.378 0.786182
89 1 15 0 521.581 328.999 0.914164
90 1 15 1 706.677 369.064 0.53812
91 1 15 2 61.7226 396.458 0.887925
92 1 16 0 617.041 335.334 0.770293
93 1 16 1 636.507 392.163 0.780716
94 1 16 2 255.244 396.516 0.872437
95 1 17 0 594.414 596.708 0.673534
96 1 17 1 28.0223 649.455 0.168423
97 1 17 2 594.567 668.411 0.86415
98 1 17 3 196.347 729.562 0.752561
99 1 18 0 499.209 592.545 0.775291
100 1 18 1 30.903 645.29 0.452027
101 1 18 2 103.879 727.463 0.697262
102 2 0 0 420.741 276.212 0.783268
103 2 0 1 723.503 362.745 0.73026
104 2 0 2 109.354 710.644 0.308753
105 2 0 3 580.509 765.289 0.384355
106 2 1 0 429.007 124.344 0.851451
107 2 1 1 751.689 225.6 0.842961
108 2 1 2 61.7553 480.839 0.707449
109 2 1 3 588.96 577.787 0.703019
110 2 2 0 392.655 276.273 0.81792
111 2 2 1 703.889 360.5 0.719474
112 2 2 2 137.388 723.271 0.334194
113 2 2 3 546.895 765.294 0.320664
114 2 3 0 457.069 274.123 0.775834
115 2 3 1 737.578 371.121 0.677932
116 2 3 2 78.5919 700.061 0.265042
117 2 3 3 616.877 763.321 0.368659
118 2 4 0 457.021 92.7312 0.926254
119 2 4 1 695.469 174.981 0.84935
120 2 4 2 706.836 579.926 0.879696
121 2 5 0 375.818 126.414 0.815162
122 2 5 1 731.87 212.958 0.722644
123 2 5 2 120.576 514.506 0.623555
124 2 5 3 532.826 603.095 0.650368
125 2 6 0 476.73 116.02 0.817638
126 2 6 1 774.159 236.155 0.829426
127 2 6 2 639.32 544.012 0.54812
128 2 7 0 386.927 379.656 0.79333
129 2 7 1 695.499 451.294 0.5439
130 2 8 0 448.691 373.262 0.780104
131 2 8 1 709.577 466.069 0.670264
132 2 9 0 417.846 73.729 0.832605
133 2 9 1 143.003 381.724 0.827766
134 2 9 2 636.507 527.111 0.816435
135 2 10 0 751.446 162.375 0.952118
136 2 10 1 30.8356 381.717 0.541531
137 2 11 0 303.028 177.164 0.909091
138 2 11 1 148.614 681.032 0.770975
139 2 11 2 462.731 699.974 0.874096
140 2 12 0 485.135 162.405 0.857507
141 2 12 1 796.292 333.142 0.907909
142 2 12 2 684.22 607.285 0.741461
143 2 13 0 370.24 478.589 0.878708
144 2 14 0 443.132 444.939 0.836535
145 2 14 1 726.201 552.491 0.457778
146 2 15 0 350.684 234.053 0.839805
147 2 15 1 698.258 312.067 0.18823
148 2 15 2 249.552 653.668 0.776979
149 2 15 3 482.327 767.297 0.151016
150 2 16 0 482.432 215.107 0.902203
151 2 16 1 731.887 381.665 0.911421
152 2 16 2 740.319 697.902 0.812505
153 2 17 0 460.052 478.71 0.794141
154 2 18 0 378.561 516.662 0.745904
155 3 0 0 600.15 335.258 0.706186
156 3 0 1 288.872 364.815 0.673326
157 3 0 2 975.791 428.062 0.529466
158 3 0 3 773.866 482.912 0.465925
159 3 1 0 773.852 177.18 0.845876
160 3 1 1 277.702 185.59 0.806076
161 3 1 2 591.743 193.938 0.910152
162 3 1 3 981.542 196.067 0.810988
163 3 2 0 572.092 335.272 0.753792
164 3 2 1 274.799 366.91 0.665823
165 3 2 2 1029.2 432.257 0.461526
166 3 2 3 841.194 478.691 0.437432
167 3 3 0 636.546 335.28 0.708486
168 3 3 1 305.788 362.745 0.63762
169 3 3 2 933.857 423.831 0.476952
170 3 3 3 706.589 487.097 0.485532
171 3 4 0 330.924 130.802 0.853206
172 3 4 1 571.92 143.479 0.95233
173 3 5 0 872.162 174.924 0.717425
174 3 5 1 257.931 183.478 0.821203
175 3 5 2 1029.21 198.211 0.711993
176 3 5 3 546.788 194.078 0.880881
177 3 6 0 299.968 187.624 0.70417
178 3 6 1 642.225 191.801 0.797082
179 3 6 2 933.901 194.009 0.769862
180 3 7 0 588.915 447.018 0.793679
181 3 7 1 280.514 510.294 0.771798
182 3 7 2 841.17 697.971 0.619432
183 3 8 0 639.517 444.926 0.658411
184 3 8 1 305.798 497.729 0.782932
185 3 8 2 930.975 575.656 0.688362
186 3 8 3 701.117 685.289 0.777819
187 3 9 0 802.054 59.0341 0.468552
188 3 9 1 280.533 124.416 0.934069
189 3 9 2 1029.21 124.425 0.241909
190 3 10 0 695.47 58.9793 0.73276
191 3 10 1 600.189 130.771 0.812703
192 3 11 0 204.673 255.151 0.823533
193 3 11 1 530.039 272.052 0.842719
194 3 11 2 998.207 314.262 0.796624
195 3 11 3 911.405 333.172 0.611314
196 3 12 0 633.718 345.804 0.538254
197 3 13 0 594.686 548.246 0.824583
198 3 13 1 277.697 649.397 0.783488
199 3 13 2 989.918 733.842 0.243358
200 3 14 0 650.625 552.484 0.695497
201 3 14 1 302.921 603.097 0.853059
202 3 14 2 908.637 708.545 0.602603
203 3 15 0 257.945 314.206 0.916773
204 3 15 1 544.092 328.946 0.847648
205 3 15 2 1029.21 406.962 0.199838
206 3 15 3 846.909 409.082 0.154356
207 3 16 0 619.774 417.527 0.520276
208 3 17 0 639.266 590.408 0.659884
209 3 17 1 364.545 617.854 0.890817
210 3 17 2 947.888 706.44 0.20647
211 3 18 0 571.978 581.961 0.86869
212 3 18 1 339.308 672.707 0.751946
213 4 0 0 978.693 263.634 0.746326
214 4 0 1 611.267 339.482 0.520569
215 4 1 0 608.572 122.284 0.8236
216 4 1 1 978.807 128.729 0.870144
217 4 2 0 1029.2 263.654 0.621271
218 4 2 1 1006.8 265.672 0.645267
219 4 2 2 653.394 343.704 0.527208
220 4 3 0 950.704 263.594 0.732895
221 4 3 1 569.243 331.107 0.533057
222 4 5 0 670.24 111.815 0.790239
223 4 5 1 1029.21 128.598 0.807632
224 4 6 0 546.724 126.507 0.840413
225 4 6 1 933.876 132.826 0.859766
226 4 7 0 995.582 358.46 0.825852
227 4 7 1 678.58 516.661 0.741777
228 4 8 0 950.561 364.801 0.817712
229 4 8 1 572.046 501.899 0.785781
230 4 9 0 650.564 44.276 0.738047
231 4 9 1 998.275 77.9709 0.858518
232 4 10 0 572.07 73.7967 0.842428
233 4 10 1 953.436 75.9519 0.868293
234 4 11 0 751.472 193.975 0.926756
235 4 12 0 908.466 206.657 0.907915
236 4 12 1 482.408 223.505 0.897896
237 4 13 0 995.498 461.718 0.749687
238 4 13 1 687.175 662.068 0.784769
239 4 14 0 947.796 466.098 0.803341
240 4 14 1 563.628 636.833 0.724069
241 4 15 0 706.845 272 0.856131
242 4 16 0 886.133 250.927 0.874653
243 4 16 1 549.529 276.202 0.887255
244 4 17 0 919.87 466.012 0.605519
245 4 17 1 594.544 626.294 0.637128
246 4 18 0 989.926 472.34 0.289304
247 4 18 1 743.092 647.36 0.747826
P viewIdx, pafIdx, aOverAllIdx, bOverAllIdx, CandidAIdx, CandidBIdx, score
0 0 3 0 0 0 0
0 0 3 1 0 1 0
0 0 3 2 0 2 0.995694
0 0 4 0 1 0 0
0 0 4 1 1 1 0.966947
0 0 4 2 1 2 0
0 0 5 0 2 0 0.993283
0 0 5 1 2 1 0
0 0 5 2 2 2 0
0 1 6 18 0 0 0.975245
0 1 6 19 0 1 0
0 1 7 18 1 0 0
0 1 7 19 1 1 0.965829
0 2 18 30 0 0 0.989352
0 2 18 31 0 1 0
0 2 19 30 1 0 0
0 2 19 31 1 1 0.974938
0 3 0 6 0 0 0
0 3 0 7 0 1 0
0 3 1 6 1 0 0.930112
0 3 1 7 1 1 0
0 3 2 6 2 0 0
0 3 2 7 2 1 0.874981
0 4 0 8 0 0 0.93746
0 4 0 9 0 1 0
0 4 0 10 0 2 0
0 4 1 8 1 0 0
0 4 1 9 1 1 0.93843
0 4 1 10 1 2 0
0 4 2 8 2 0 0
0 4 2 9 2 1 0
0 4 2 10 2 2 0.870138
0 5 8 20 0 0 0.981786
0 5 8 21 0 1 0
0 5 8 22 0 2 0
0 5 9 20 1 0 0
0 5 9 21 1 1 0.987324
0 5 9 22 1 2 0
0 5 10 20 2 0 0
0 5 10 21 2 1 0
0 5 10 22 2 2 0.979745
0 6 20 32 0 0 0.994834
0 6 20 33 0 1 0
0 6 20 34 0 2 0
0 6 21 32 1 0 0
0 6 21 33 1 1 0.993941
0 6 21 34 1 2 0
0 6 22 32 2 0 0
0 6 22 33 2 1 0
0 6 22 34 2 2 0.963055
0 7 3 13 0 0 0.991834
0 7 3 14 0 1 0
0 7 4 13 1 0 0
0 7 4 14 1 1 0.970964
0 7 5 13 2 0 0
0 7 5 14 2 1 0
0 8 13 26 0 0 0.994724
0 8 14 26 1 0 0
0 9 26 35 0 0 0.979897
0 10 13 23 0 0 0.997443
0 10 14 23 1 0 0
0 11 3 15 0 0 0.987568
0 11 3 16 0 1 0
0 11 3 17 0 2 0
0 11 4 15 1 0 0
0 11 4 16 1 1 0.983133
0 11 4 17 1 2 0
0 11 5 15 2 0 0
0 11 5 16 2 1 0
0 11 5 17 2 2 0.990965
0 12 15 27 0 0 0
0 12 15 28 0 1 0
0 12 15 29 0 2 0.970273
0 12 16 27 1 0 0
0 12 16 28 1 1 0.993703
0 12 16 29 1 2 0
0 12 17 27 2 0 0.998988
0 12 17 28 2 1 0
0 12 17 29 2 2 0
0 13 27 36 0 0 0
0 13 27 37 0 1 0.995694
0 13 27 38 0 2 0
0 13 28 36 1 0 0.971143
0 13 28 37 1 1 0
0 13 28 38 1 2 0
0 13 29 36 2 0 0
0 13 29 37 2 1 0
0 13 29 38 2 2 0.980816
0 14 15 24 0 0 0.995233
0 14 15 25 0 1 0
0 14 16 24 1 0 0
0 14 16 25 1 1 0.995318
0 14 17 24 2 0 0
0 14 17 25 2 1 0
0 15 3 11 0 0 0
0 15 3 12 0 1 0
0 15 4 11 1 0 0.999975
0 15 4 12 1 1 0
0 15 5 11 2 0 0
0 15 5 12 2 1 0.978171
0 16 32 39 0 0 0.97579
0 16 32 40 0 1 0
0 16 33 39 1 0 0
0 16 33 40 1 1 0.939164
0 16 34 39 2 0 0
0 16 34 40 2 1 0
0 17 30 41 0 0 0.954885
0 17 31 41 1 0 0
1 0 45 42 0 0 0
1 0 45 43 0 1 0
1 0 45 44 0 2 0.442593
1 0 46 42 1 0 0
1 0 46 43 1 1 0
1 0 46 44 1 2 0.557407
1 0 47 42 2 0 0
1 0 47 43 2 1 0.980962
1 0 47 44 2 2 0
1 0 48 42 3 0 0.998967
1 0 48 43 3 1 0
1 0 48 44 3 2 0
1 1 49 66 0 0 0.976146
1 1 49 67 0 1 0
1 1 49 68 0 2 0
1 1 49 69 0 3 0
1 1 50 66 1 0 0
1 1 50 67 1 1 0
1 1 50 68 1 2 0.952746
1 1 50 69 1 3 0
1 1 51 66 2 0 0
1 1 51 67 2 1 0.468594
1 1 51 68 2 2 0
1 1 51 69 2 3 0.531406
1 2 66 83 0 0 0.999862
1 2 66 84 0 1 0
1 2 66 85 0 2 0
1 2 67 83 1 0 0
1 2 67 84 1 1 0
1 2 67 85 1 2 0.463939
1 2 68 83 2 0 0
1 2 68 84 2 1 0.999516
1 2 68 85 2 2 0
1 2 69 83 3 0 0
1 2 69 84 3 1 0
1 2 69 85 3 2 0.536061
1 3 42 49 0 0 0.962195
1 3 42 50 0 1 0
1 3 42 51 0 2 0
1 3 43 49 1 0 0
1 3 43 50 1 1 0.908024
1 3 43 51 1 2 0
1 3 44 49 2 0 0
1 3 44 50 2 1 0
1 3 44 51 2 2 0.926694
1 4 42 52 0 0 0.964223
1 4 42 53 0 1 0
1 4 42 54 0 2 0
1 4 43 52 1 0 0
1 4 43 53 1 1 0.915878
1 4 43 54 1 2 0
1 4 44 52 2 0 0
1 4 44 53 2 1 0
1 4 44 54 2 2 0.914907
1 5 52 70 0 0 0.264648
1 5 52 71 0 1 0.254555
1 5 52 72 0 2 0
1 5 53 70 1 0 0.254171
1 5 53 71 1 1 0.264828
1 5 53 72 1 2 0
1 5 54 70 2 0 0
1 5 54 71 2 1 0
1 5 54 72 2 2 0.991598
1 6 70 86 0 0 0.255701
1 6 70 87 0 1 0.251842
1 6 70 88 0 2 0
1 6 71 86 1 0 0.251793
1 6 71 87 1 1 0.255661
1 6 71 88 1 2 0
1 6 72 86 2 0 0
1 6 72 87 2 1 0
1 6 72 88 2 2 0.998562
1 7 45 58 0 0 0.481984
1 7 45 59 0 1 0
1 7 45 60 0 2 0
1 7 45 61 0 3 0
1 7 46 58 1 0 0.264992
1 7 46 59 1 1 0.508769
1 7 46 60 1 2 0
1 7 46 61 1 3 0
1 7 47 58 2 0 0
1 7 47 59 2 1 0
1 7 47 60 2 2 0.999718
1 7 47 61 2 3 0
1 7 48 58 3 0 0
1 7 48 59 3 1 0
1 7 48 60 3 2 0
1 7 48 61 3 3 0.994893
1 8 58 77 0 0 0
1 8 58 78 0 1 0.276441
1 8 58 79 0 2 0.253273
1 8 58 80 0 3 0
1 8 59 77 1 0 0
1 8 59 78 1 1 0.25355
1 8 59 79 1 2 0.276421
1 8 59 80 1 3 0
1 8 60 77 2 0 0
1 8 60 78 2 1 0
1 8 60 79 2 2 0
1 8 60 80 2 3 0.998925
1 8 61 77 3 0 0.986471
1 8 61 78 3 1 0
1 8 61 79 3 2 0
1 8 61 80 3 3 0
1 9 77 89 0 0 0.987188
1 9 77 90 0 1 0
1 9 77 91 0 2 0
1 9 78 89 1 0 0
1 9 78 90 1 1 0
1 9 78 91 1 2 0.477697
1 9 79 89 2 0 0
1 9 79 90 2 1 0
1 9 79 91 2 2 0.522303
1 9 80 89 3 0 0
1 9 80 90 3 1 0.935553
1 9 80 91 3 2 0
1 10 58 73 0 0 0.507484
1 10 59 73 1 0 0.492516
1 10 60 73 2 0 0
1 10 61 73 3 0 0
1 11 45 62 0 0 0.459418
1 11 45 63 0 1 0
1 11 45 64 0 2 0.281543
1 11 45 65 0 3 0
1 11 46 62 1 0 0
1 11 46 63 1 1 0
1 11 46 64 1 2 0.520212
1 11 46 65 1 3 0
1 11 47 62 2 0 0
1 11 47 63 2 1 0.996978
1 11 47 64 2 2 0
1 11 47 65 2 3 0
1 11 48 62 3 0 0
1 11 48 63 3 1 0
1 11 48 64 3 2 0
1 11 48 65 3 3 0.989719
1 12 62 81 0 0 0
1 12 62 82 0 1 0
1 12 63 81 1 0 0.508226
1 12 63 82 1 1 0
1 12 64 81 2 0 0
1 12 64 82 2 1 0.997893
1 12 65 81 3 0 0.491774
1 12 65 82 3 1 0
1 13 81 92 0 0 0.468066
1 13 81 93 0 1 0.531934
1 13 81 94 0 2 0
1 13 82 92 1 0 0
1 13 82 93 1 1 0
1 13 82 94 1 2 0.983943
1 14 62 74 0 0 0
1 14 62 75 0 1 0
1 14 62 76 0 2 0
1 14 63 74 1 0 0
1 14 63 75 1 1 0.278224
1 14 63 76 1 2 0.252175
1 14 64 74 2 0 0.997676
1 14 64 75 2 1 0
1 14 64 76 2 2 0
1 14 65 74 3 0 0
1 14 65 75 3 1 0.252052
1 14 65 76 3 2 0.278129
1 15 45 55 0 0 0.431929
1 15 45 56 0 1 0
1 15 45 57 0 2 0
1 15 46 55 1 0 0.564845
1 15 46 56 1 1 0
1 15 46 57 1 2 0
1 15 47 55 2 0 0
1 15 47 56 2 1 0.284599
1 15 47 57 2 2 0.247772
1 15 48 55 3 0 0
1 15 48 56 3 1 0.246399
1 15 48 57 3 2 0.28464
1 16 86 95 0 0 0.911396
1 16 86 96 0 1 0
1 16 86 97 0 2 0
1 16 86 98 0 3 0
1 16 87 95 1 0 0
1 16 87 96 1 1 0
1 16 87 97 1 2 0.970765
1 16 87 98 1 3 0
1 16 88 95 2 0 0
1 16 88 96 2 1 0
1 16 88 97 2 2 0
1 16 88 98 2 3 0.98684
1 17 83 99 0 0 0.957669
1 17 83 100 0 1 0
1 17 83 101 0 2 0
1 17 84 99 1 0 0
1 17 84 100 1 1 0
1 17 84 101 1 2 0
1 17 85 99 2 0 0
1 17 85 100 2 1 0
1 17 85 101 2 2 0.936484
2 0 106 102 0 0 0.983937
2 0 106 103 0 1 0
2 0 106 104 0 2 0
2 0 106 105 0 3 0
2 0 107 102 1 0 0
2 0 107 103 1 1 0.970874
2 0 107 104 1 2 0
2 0 107 105 1 3 0
2 0 108 102 2 0 0
2 0 108 103 2 1 0
2 0 108 104 2 2 0.938421
2 0 108 105 2 3 0
2 0 109 102 3 0 0
2 0 109 103 3 1 0
2 0 109 104 3 2 0
2 0 109 105 3 3 0.961533
2 1 110 128 0 0 0.985109
2 1 110 129 0 1 0
2 1 111 128 1 0 0
2 1 111 129 1 1 0.946316
2 1 112 128 2 0 0
2 1 112 129 2 1 0
2 1 113 128 3 0 0
2 1 113 129 3 1 0
2 2 128 143 0 0 0.996319
2 2 129 143 1 0 0
2 3 102 110 0 0 0.962317
2 3 102 111 0 1 0
2 3 102 112 0 2 0
2 3 102 113 0 3 0
2 3 103 110 1 0 0
2 3 103 111 1 1 0.951778
2 3 103 112 1 2 0
2 3 103 113 1 3 0
2 3 104 110 2 0 0
2 3 104 111 2 1 0
2 3 104 112 2 2 0.798536
2 3 104 113 2 3 0
2 3 105 110 3 0 0
2 3 105 111 3 1 0
2 3 105 112 3 2 0
2 3 105 113 3 3 0.812896
2 4 102 114 0 0 0.969507
2 4 102 115 0 1 0
2 4 102 116 0 2 0
2 4 102 117 0 3 0
2 4 103 114 1 0 0
2 4 103 115 1 1 0.951837
2 4 103 116 1 2 0
2 4 103 117 1 3 0
2 4 104 114 2 0 0
2 4 104 115 2 1 0
2 4 104 116 2 2 0.79726
2 4 104 117 2 3 0
2 4 105 114 3 0 0
2 4 105 115 3 1 0
2 4 105 116 3 2 0
2 4 105 117 3 3 0.804352
2 5 114 130 0 0 0.982571
2 5 114 131 0 1 0
2 5 115 130 1 0 0
2 5 115 131 1 1 0.93622
2 5 116 130 2 0 0
2 5 116 131 2 1 0
2 5 117 130 3 0 0
2 5 117 131 3 1 0
2 6 130 144 0 0 0.983464
2 6 130 145 0 1 0
2 6 131 144 1 0 0
2 6 131 145 1 1 0.915477
2 7 106 121 0 0 0.99818
2 7 106 122 0 1 0
2 7 106 123 0 2 0
2 7 106 124 0 3 0
2 7 107 121 1 0 0
2 7 107 122 1 1 0.975492
2 7 107 123 1 2 0
2 7 107 124 1 3 0
2 7 108 121 2 0 0
2 7 108 122 2 1 0
2 7 108 123 2 2 0.964114
2 7 108 124 2 3 0
2 7 109 121 3 0 0
2 7 109 122 3 1 0
2 7 109 123 3 2 0
2 7 109 124 3 3 0.938915
2 8 121 137 0 0 0.980785
2 8 121 138 0 1 0
2 8 121 139 0 2 0
2 8 122 137 1 0 0
2 8 122 138 1 1 0
2 8 122 139 1 2 0
2 8 123 137 2 0 0
2 8 123 138 2 1 0.976022
2 8 123 139 2 2 0
2 8 124 137 3 0 0
2 8 124 138 3 1 0
2 8 124 139 3 2 0.960029
2 9 137 146 0 0 0.990058
2 9 137 147 0 1 0
2 9 137 148 0 2 0
2 9 137 149 0 3 0
2 9 138 146 1 0 0
2 9 138 147 1 1 0
2 9 138 148 1 2 0.974168
2 9 138 149 1 3 0
2 9 139 146 2 0 0
2 9 139 147 2 1 0
2 9 139 148 2 2 0
2 9 139 149 2 3 0.997907
2 10 121 132 0 0 0.962634
2 10 121 133 0 1 0
2 10 121 134 0 2 0
2 10 122 132 1 0 0
2 10 122 133 1 1 0
2 10 122 134 1 2 0
2 10 123 132 2 0 0
2 10 123 133 2 1 0.96698
2 10 123 134 2 2 0
2 10 124 132 3 0 0
2 10 124 133 3 1 0
2 10 124 134 3 2 0.933651
2 11 106 125 0 0 0.979197
2 11 106 126 0 1 0
2 11 106 127 0 2 0
2 11 107 125 1 0 0
2 11 107 126 1 1 0.994378
2 11 107 127 1 2 0
2 11 108 125 2 0 0
2 11 108 126 2 1 0
2 11 108 127 2 2 0
2 11 109 125 3 0 0
2 11 109 126 3 1 0
2 11 109 127 3 2 0.929523
2 12 125 140 0 0 0.99985
2 12 125 141 0 1 0
2 12 125 142 0 2 0
2 12 126 140 1 0 0
2 12 126 141 1 1 0.993919
2 12 126 142 1 2 0
2 12 127 140 2 0 0
2 12 127 141 2 1 0
2 12 127 142 2 2 0.981341
2 13 140 150 0 0 0.998774
2 13 140 151 0 1 0
2 13 140 152 0 2 0
2 13 141 150 1 0 0
2 13 141 151 1 1 0.984726
2 13 141 152 1 2 0
2 13 142 150 2 0 0
2 13 142 151 2 1 0
2 13 142 152 2 2 0.992758
2 14 125 135 0 0 0
2 14 125 136 0 1 0
2 14 126 135 1 0 0.999646
2 14 126 136 1 1 0
2 14 127 135 2 0 0
2 14 127 136 2 1 0
2 15 106 118 0 0 0.998279
2 15 106 119 0 1 0
2 15 106 120 0 2 0
2 15 107 118 1 0 0
2 15 107 119 1 1 0.999838
2 15 107 120 1 2 0
2 15 108 118 2 0 0
2 15 108 119 2 1 0
2 15 108 120 2 2 0
2 15 109 118 3 0 0
2 15 109 119 3 1 0
2 15 109 120 3 2 0.988183
2 16 144 153 0 0 0.992894
2 16 145 153 1 0 0
2 17 143 154 0 0 0.964782
3 0 159 155 0 0 0
3 0 159 156 0 1 0
3 0 159 157 0 2 0
3 0 159 158 0 3 0.989805
3 0 160 155 1 0 0
3 0 160 156 1 1 0.977196
3 0 160 157 1 2 0
3 0 160 158 1 3 0
3 0 161 155 2 0 0.989649
3 0 161 156 2 1 0
3 0 161 157 2 2 0
3 0 161 158 2 3 0
3 0 162 155 3 0 0
3 0 162 156 3 1 0
3 0 162 157 3 2 0.977166
3 0 162 158 3 3 0
3 1 163 180 0 0 0.993831
3 1 163 181 0 1 0
3 1 163 182 0 2 0
3 1 164 180 1 0 0
3 1 164 181 1 1 0.98021
3 1 164 182 1 2 0
3 1 165 180 2 0 0
3 1 165 181 2 1 0
3 1 165 182 2 2 0
3 1 166 180 3 0 0
3 1 166 181 3 1 0
3 1 166 182 3 2 0.984301
3 2 180 197 0 0 0.988901
3 2 180 198 0 1 0
3 2 180 199 0 2 0
3 2 181 197 1 0 0
3 2 181 198 1 1 0.98799
3 2 181 199 1 2 0
3 2 182 197 2 0 0
3 2 182 198 2 1 0
3 2 182 199 2 2 0
3 3 155 163 0 0 0.932156
3 3 155 164 0 1 0
3 3 155 165 0 2 0
3 3 155 166 0 3 0
3 3 156 163 1 0 0
3 3 156 164 1 1 0.911409
3 3 156 165 1 2 0
3 3 156 166 1 3 0
3 3 157 163 2 0 0
3 3 157 164 2 1 0
3 3 157 165 2 2 0.858719
3 3 157 166 2 3 0
3 3 158 163 3 0 0
3 3 158 164 3 1 0
3 3 158 165 3 2 0
3 3 158 166 3 3 0.850164
3 4 155 167 0 0 0.938668
3 4 155 168 0 1 0
3 4 155 169 0 2 0
3 4 155 170 0 3 0
3 4 156 167 1 0 0
3 4 156 168 1 1 0.912447
3 4 156 169 1 2 0
3 4 156 170 1 3 0
3 4 157 167 2 0 0
3 4 157 168 2 1 0
3 4 157 169 2 2 0.875559
3 4 157 170 2 3 0
3 4 158 167 3 0 0
3 4 158 168 3 1 0
3 4 158 169 3 2 0
3 4 158 170 3 3 0.843972
3 5 167 183 0 0 0.965021
3 5 167 184 0 1 0
3 5 167 185 0 2 0
3 5 167 186 0 3 0
3 5 168 183 1 0 0
3 5 168 184 1 1 0.959599
3 5 168 185 1 2 0
3 5 168 186 1 3 0
3 5 169 183 2 0 0
3 5 169 184 2 1 0
3 5 169 185 2 2 0.967596
3 5 169 186 2 3 0
3 5 170 183 3 0 0
3 5 170 184 3 1 0
3 5 170 185 3 2 0
3 5 170 186 3 3 0.975921
3 6 183 200 0 0 0.961167
3 6 183 201 0 1 0
3 6 183 202 0 2 0
3 6 184 200 1 0 0
3 6 184 201 1 1 0.993565
3 6 184 202 1 2 0
3 6 185 200 2 0 0
3 6 185 201 2 1 0
3 6 185 202 2 2 0.961027
3 6 186 200 3 0 0
3 6 186 201 3 1 0
3 6 186 202 3 2 0
3 7 159 173 0 0 0.980832
3 7 159 174 0 1 0
3 7 159 175 0 2 0
3 7 159 176 0 3 0
3 7 160 173 1 0 0
3 7 160 174 1 1 0.965688
3 7 160 175 1 2 0
3 7 160 176 1 3 0
3 7 161 173 2 0 0
3 7 161 174 2 1 0
3 7 161 175 2 2 0
3 7 161 176 2 3 0.99672
3 7 162 173 3 0 0
3 7 162 174 3 1 0
3 7 162 175 3 2 0.978141
3 7 162 176 3 3 0
3 8 173 192 0 0 0
3 8 173 193 0 1 0
3 8 173 194 0 2 0
3 8 173 195 0 3 0.969045
3 8 174 192 1 0 0.9783
3 8 174 193 1 1 0
3 8 174 194 1 2 0
3 8 174 195 1 3 0
3 8 175 192 2 0 0
3 8 175 193 2 1 0
3 8 175 194 2 2 0.978202
3 8 175 195 2 3 0
3 8 176 192 3 0 0
3 8 176 193 3 1 0.983398
3 8 176 194 3 2 0
3 8 176 195 3 3 0
3 9 192 203 0 0 0.988533
3 9 192 204 0 1 0
3 9 192 205 0 2 0
3 9 192 206 0 3 0
3 9 193 203 1 0 0
3 9 193 204 1 1 0.996775
3 9 193 205 1 2 0
3 9 193 206 1 3 0
3 9 194 203 2 0 0
3 9 194 204 2 1 0
3 9 194 205 2 2 0.91254
3 9 194 206 2 3 0
3 9 195 203 3 0 0
3 9 195 204 3 1 0
3 9 195 205 3 2 0
3 9 195 206 3 3 0.748173
3 10 173 187 0 0 0.908832
3 10 173 188 0 1 0
3 10 173 189 0 2 0
3 10 174 187 1 0 0
3 10 174 188 1 1 0.971019
3 10 174 189 1 2 0
3 10 175 187 2 0 0
3 10 175 188 2 1 0
3 10 175 189 2 2 0.806356
3 10 176 187 3 0 0
3 10 176 188 3 1 0
3 10 176 189 3 2 0
3 11 159 177 0 0 0
3 11 159 178 0 1 0
3 11 159 179 0 2 0
3 11 160 177 1 0 0.967714
3 11 160 178 1 1 0
3 11 160 179 1 2 0
3 11 161 177 2 0 0
3 11 161 178 2 1 0.976798
3 11 161 179 2 2 0
3 11 162 177 3 0 0
3 11 162 178 3 1 0
3 11 162 179 3 2 0.983772
3 12 177 196 0 0 0
3 12 178 196 1 0 0.896596
3 12 179 196 2 0 0
3 13 196 207 0 0 0.946091
3 14 177 190 0 0 0
3 14 177 191 0 1 0
3 14 178 190 1 0 0.476446
3 14 178 191 1 1 0.523553
3 14 179 190 2 0 0
3 14 179 191 2 1 0
3 15 159 171 0 0 0
3 15 159 172 0 1 0
3 15 160 171 1 0 0.945668
3 15 160 172 1 1 0
3 15 161 171 2 0 0
3 15 161 172 2 1 0.986641
3 15 162 171 3 0 0
3 15 162 172 3 1 0
3 16 200 208 0 0 0.925364
3 16 200 209 0 1 0
3 16 200 210 0 2 0
3 16 201 208 1 0 0
3 16 201 209 1 1 0.993737
3 16 201 210 1 2 0
3 16 202 208 2 0 0
3 16 202 209 2 1 0
3 16 202 210 2 2 0.676046
3 17 197 211 0 0 0.955611
3 17 197 212 0 1 0
3 17 198 211 1 0 0
3 17 198 212 1 1 0.977719
3 17 199 211 2 0 0
3 17 199 212 2 1 0
4 0 215 213 0 0 0
4 0 215 214 0 1 0.978289
4 0 216 213 1 0 0.994977
4 0 216 214 1 1 0
4 1 217 226 0 0 0.502959
4 1 217 227 0 1 0
4 1 218 226 1 0 0.497041
4 1 218 227 1 1 0
4 1 219 226 2 0 0
4 1 219 227 2 1 0.98832
4 2 226 237 0 0 0.986151
4 2 226 238 0 1 0
4 2 227 237 1 0 0
4 2 227 238 1 1 0.991054
4 3 213 217 0 0 0.498092
4 3 213 218 0 1 0.501908
4 3 213 219 0 2 0
4 3 214 217 1 0 0
4 3 214 218 1 1 0
4 3 214 219 1 2 0.873885
4 4 213 220 0 0 0.936238
4 4 213 221 0 1 0
4 4 214 220 1 0 0
4 4 214 221 1 1 0.869596
4 5 220 228 0 0 0.991918
4 5 220 229 0 1 0
4 5 221 228 1 0 0
4 5 221 229 1 1 0.989829
4 6 228 239 0 0 0.992863
4 6 228 240 0 1 0
4 6 229 239 1 0 0
4 6 229 240 1 1 0.985168
4 7 215 222 0 0 0.97724
4 7 215 223 0 1 0
4 7 216 222 1 0 0
4 7 216 223 1 1 0.987063
4 8 222 234 0 0 0.990199
4 8 223 234 1 0 0
4 9 234 241 0 0 0.973448
4 10 222 230 0 0 0.978286
4 10 222 231 0 1 0
4 10 223 230 1 0 0
4 10 223 231 1 1 0.984441
4 11 215 224 0 0 0.989723
4 11 215 225 0 1 0
4 11 216 224 1 0 0
4 11 216 225 1 1 0.978412
4 12 224 235 0 0 0
4 12 224 236 0 1 0.985908
4 12 225 235 1 0 0.980721
4 12 225 236 1 1 0
4 13 235 242 0 0 0.985999
4 13 235 243 0 1 0
4 13 236 242 1 0 0
4 13 236 243 1 1 0.988265
4 14 224 232 0 0 0.973302
4 14 224 233 0 1 0
4 14 225 232 1 0 0
4 14 225 233 1 1 0.956515
4 16 239 244 0 0 0.903156
4 16 239 245 0 1 0
4 16 240 244 1 0 0
4 16 240 245 1 1 0.82071
4 17 237 246 0 0 0.708744
4 17 237 247 0 1 0
4 17 238 246 1 0 0
4 17 238 247 1 1 0.932006
E jointIdx viewA viewB aOverAllIdx bOverallIdx score
0 0 1 0 42 0.267287
0 0 1 0 43 0.0288261
0 0 1 0 44 0.14182
0 0 1 1 42 0.260069
0 0 1 1 43 0.0953321
0 0 1 1 44 0.431647
0 0 1 2 42 0.174243
0 0 1 2 43 0.766458
0 0 1 2 44 -1
0 0 2 0 102 -1
0 0 2 0 103 -1
0 0 2 0 104 0.488497
0 0 2 0 105 -1
0 0 2 1 102 0.952715
0 0 2 1 103 -1
0 0 2 1 104 -1
0 0 2 1 105 -1
0 0 2 2 102 -1
0 0 2 2 103 0.988096
0 0 2 2 104 -1
0 0 2 2 105 -1
0 0 3 0 155 -1
0 0 3 0 156 -1
0 0 3 0 157 -1
0 0 3 0 158 0.727454
0 0 3 1 155 -1
0 0 3 1 156 0.906019
0 0 3 1 157 -1
0 0 3 1 158 -1
0 0 3 2 155 0.937064
0 0 3 2 156 -1
0 0 3 2 157 -1
0 0 3 2 158 -1
0 0 4 0 213 0.848203
0 0 4 0 214 -1
0 0 4 1 213 -1
0 0 4 1 214 0.875522
0 0 4 2 213 -1
0 0 4 2 214 0.0437611
0 1 2 42 102 0.944743
0 1 2 42 103 0.1085
0 1 2 42 104 -1
0 1 2 42 105 -1
0 1 2 43 102 -1
0 1 2 43 103 0.855941
0 1 2 43 104 -1
0 1 2 43 105 -1
0 1 2 44 102 -1
0 1 2 44 103 -1
0 1 2 44 104 -1
0 1 2 44 105 0.771
0 1 3 42 155 0.981632
0 1 3 42 156 0.875512
0 1 3 42 157 -1
0 1 3 42 158 -1
0 1 3 43 155 0.985021
0 1 3 43 156 0.904973
0 1 3 43 157 -1
0 1 3 43 158 -1
0 1 3 44 155 -1
0 1 3 44 156 -1
0 1 3 44 157 0.881283
0 1 3 44 158 0.900554
0 1 4 42 213 -1
0 1 4 42 214 0.901092
0 1 4 43 213 -1
0 1 4 43 214 -1
0 1 4 44 213 0.969579
0 1 4 44 214 -1
0 2 3 102 155 -1
0 2 3 102 156 0.872878
0 2 3 102 157 -1
0 2 3 102 158 -1
0 2 3 103 155 0.944832
0 2 3 103 156 -1
0 2 3 103 157 -1
0 2 3 103 158 -1
0 2 3 104 155 -1
0 2 3 104 156 -1
0 2 3 104 157 0.353701
0 2 3 104 158 0.550292
0 2 3 105 155 -1
0 2 3 105 156 -1
0 2 3 105 157 0.778605
0 2 3 105 158 -1
0 2 4 102 213 -1
0 2 4 102 214 0.868883
0 2 4 103 213 -1
0 2 4 103 214 -1
0 2 4 104 213 -1
0 2 4 104 214 -1
0 2 4 105 213 0.865979
0 2 4 105 214 -1
0 3 4 155 213 0.282166
0 3 4 155 214 -1
0 3 4 156 213 0.480239
0 3 4 156 214 0.519761
0 3 4 157 213 0.55309
0 3 4 157 214 0.44691
0 3 4 158 213 -1
0 3 4 158 214 -1
1 0 1 3 45 0.274413
1 0 1 3 46 0.11292
1 0 1 3 47 0.121078
1 0 1 3 48 0.0863843
1 0 1 4 45 -0.982408
1 0 1 4 46 0.239543
1 0 1 4 47 0.24868
1 0 1 4 48 0.361189
1 0 1 5 45 0.2183
1 0 1 5 46 0.121116
1 0 1 5 47 0.110015
1 0 1 5 48 0.109382
1 0 2 3 106 -1
1 0 2 3 107 0.820446
1 0 2 3 108 -1
1 0 2 3 109 -1
1 0 2 4 106 0.885745
1 0 2 4 107 -1
1 0 2 4 108 -1
1 0 2 4 109 -1
1 0 2 5 106 -1
1 0 2 5 107 -1
1 0 2 5 108 0.967152
1 0 2 5 109 -1
1 0 3 3 159 -1
1 0 3 3 160 0.287375
1 0 3 3 161 0.378433
1 0 3 3 162 -1
1 0 3 4 159 -1
1 0 3 4 160 0.379619
1 0 3 4 161 0.30248
1 0 3 4 162 -1
1 0 3 5 159 0.249652
1 0 3 5 160 0.103499
1 0 3 5 161 0.0991728
1 0 3 5 162 0.243557
1 0 4 3 215 0.339558
1 0 4 3 216 0.195607
1 0 4 4 215 0.378469
1 0 4 4 216 0.150392
1 0 4 5 215 0.0940406
1 0 4 5 216 0.480902
1 1 2 45 106 -1
1 1 2 45 107 -1
1 1 2 45 108 0.609684
1 1 2 45 109 0.49116
1 1 2 46 106 -1
1 1 2 46 107 -1
1 1 2 46 108 -1
1 1 2 46 109 0.729182
1 1 2 47 106 -1
1 1 2 47 107 0.632219
1 1 2 47 108 -1
1 1 2 47 109 -1
1 1 2 48 106 0.991897
1 1 2 48 107 -1
1 1 2 48 108 -1
1 1 2 48 109 -1
1 1 3 45 159 0.117824
1 1 3 45 160 0.0647523
1 1 3 45 161 0.0682336
1 1 3 45 162 0.0989229
1 1 3 46 159 0.0924895
1 1 3 46 160 0.0857565
1 1 3 46 161 0.0848012
1 1 3 46 162 0.0859521
1 1 3 47 159 0.0859191
1 1 3 47 160 0.0751001
1 1 3 47 161 0.0929648
1 1 3 47 162 0.0929435
1 1 3 48 159 0.0450694
1 1 3 48 160 0.128132
1 1 3 48 161 0.106162
1 1 3 48 162 0.0684481
1 1 4 45 215 -1
1 1 4 45 216 0.903054
1 1 4 46 215 -1
1 1 4 46 216 0.906608
1 1 4 47 215 0.560111
1 1 4 47 216 -1
1 1 4 48 215 0.966315
1 1 4 48 216 -1
1 2 3 106 159 -1
1 2 3 106 160 0.910088
1 2 3 106 161 -1
1 2 3 106 162 -1
1 2 3 107 159 -1
1 2 3 107 160 -1
1 2 3 107 161 0.90023
1 2 3 107 162 -1
1 2 3 108 159 0.987341
1 2 3 108 160 -1
1 2 3 108 161 -1
1 2 3 108 162 -1
1 2 3 109 159 -1
1 2 3 109 160 -1
1 2 3 109 161 -1
1 2 3 109 162 0.70271
1 2 4 106 215 0.939729
1 2 4 106 216 -1
1 2 4 107 215 0.953321
1 2 4 107 216 -1
1 2 4 108 215 -1
1 2 4 108 216 -1
1 2 4 109 215 -1
1 2 4 109 216 0.646185
1 3 4 159 215 0.217909
1 3 4 159 216 0.13628
1 3 4 160 215 0.223103
1 3 4 160 216 0.131724
1 3 4 161 215 0.164323
1 3 4 161 216 0.183285
1 3 4 162 215 0.0672842
1 3 4 162 216 0.268409
2 0 1 6 49 0.437754
2 0 1 6 50 0.113677
2 0 1 6 51 0.389981
2 0 1 7 49 0.0796726
2 0 1 7 50 0.761008
2 0 1 7 51 -1
2 0 2 6 110 0.816641
2 0 2 6 111 -1
2 0 2 6 112 -1
2 0 2 6 113 -1
2 0 2 7 110 -1
2 0 2 7 111 0.742271
2 0 2 7 112 -1
2 0 2 7 113 -1
2 0 3 6 163 -1
2 0 3 6 164 0.729353
2 0 3 6 165 -1
2 0 3 6 166 -1
2 0 3 7 163 0.996853
2 0 3 7 164 -1
2 0 3 7 165 -1
2 0 3 7 166 -1
2 0 4 6 217 -1
2 0 4 6 218 -1
2 0 4 6 219 0.568505
2 0 4 7 217 -1
2 0 4 7 218 -1
2 0 4 7 219 0.431495
2 1 2 49 110 0.854913
2 1 2 49 111 -1
2 1 2 49 112 -1
2 1 2 49 113 -1
2 1 2 50 110 -1
2 1 2 50 111 0.383981
2 1 2 50 112 -1
2 1 2 50 113 -1
2 1 2 51 110 -1
2 1 2 51 111 -1
2 1 2 51 112 0.308025
2 1 2 51 113 0.816847
2 1 3 49 163 0.804905
2 1 3 49 164 0.750713
2 1 3 49 165 -1
2 1 3 49 166 -1
2 1 3 50 163 0.929878
2 1 3 50 164 0.913764
2 1 3 50 165 -1
2 1 3 50 166 -1
2 1 3 51 163 -1
2 1 3 51 164 -1
2 1 3 51 165 0.824887
2 1 3 51 166 0.825331
2 1 4 49 217 -1
2 1 4 49 218 -1
2 1 4 49 219 0.873505
2 1 4 50 217 -1
2 1 4 50 218 -1
2 1 4 50 219 -1
2 1 4 51 217 0.853281
2 1 4 51 218 0.927123
2 1 4 51 219 -1
2 2 3 110 163 -1
2 2 3 110 164 0.916377
2 2 3 110 165 -1
2 2 3 110 166 -1
2 2 3 111 163 0.77001
2 2 3 111 164 -1
2 2 3 111 165 -1
2 2 3 111 166 -1
2 2 3 112 163 -1
2 2 3 112 164 -1
2 2 3 112 165 0.0942081
2 2 3 112 166 0.855982
2 2 3 113 163 -1
2 2 3 113 164 -1
2 2 3 113 165 0.594705
2 2 3 113 166 -1
2 2 4 110 217 -1
2 2 4 110 218 -1
2 2 4 110 219 0.951169
2 2 4 111 217 -1
2 2 4 111 218 -1
2 2 4 111 219 -1
2 2 4 112 217 -1
2 2 4 112 218 -1
2 2 4 112 219 -1
2 2 4 113 217 0.447046
2 2 4 113 218 0.876339
2 2 4 113 219 -1
2 3 4 163 217 0.0974431
2 3 4 163 218 0.205305
2 3 4 163 219 -1
2 3 4 164 217 0.163694
2 3 4 164 218 0.321017
2 3 4 164 219 0.303845
2 3 4 165 217 0.207426
2 3 4 165 218 0.413768
2 3 4 165 219 0.110394
2 3 4 166 217 0.027954
2 3 4 166 218 -0.935888
2 3 4 166 219 0.077576
3 0 1 8 52 0.219618
3 0 1 8 53 0.0293027
3 0 1 8 54 0.0417237
3 0 1 9 52 0.248239
3 0 1 9 53 0.121042
3 0 1 9 54 0.389719
3 0 1 10 52 0.176102
3 0 1 10 53 0.452499
3 0 1 10 54 0.0771985
3 0 2 8 114 -1
3 0 2 8 115 -1
3 0 2 8 116 0.24952
3 0 2 8 117 -1
3 0 2 9 114 0.810061
3 0 2 9 115 -1
3 0 2 9 116 -1
3 0 2 9 117 -1
3 0 2 10 114 -1
3 0 2 10 115 0.854922
3 0 2 10 116 -1
3 0 2 10 117 -1
3 0 3 8 167 -1
3 0 3 8 168 -1
3 0 3 8 169 -1
3 0 3 8 170 0.823149
3 0 3 9 167 -1
3 0 3 9 168 0.939852
3 0 3 9 169 -1
3 0 3 9 170 -1
3 0 3 10 167 0.761976
3 0 3 10 168 -1
3 0 3 10 169 -1
3 0 3 10 170 -1
3 0 4 8 220 0.870634
3 0 4 8 221 -1
3 0 4 9 220 -1
3 0 4 9 221 0.909578
3 0 4 10 220 -1
3 0 4 10 221 -1
3 1 2 52 114 0.982332
3 1 2 52 115 0.378954
3 1 2 52 116 -1
3 1 2 52 117 -1
3 1 2 53 114 0.202006
3 1 2 53 115 0.930074
3 1 2 53 116 -1
3 1 2 53 117 -1
3 1 2 54 114 -1
3 1 2 54 115 -1
3 1 2 54 116 -1
3 1 2 54 117 0.408147
3 1 3 52 167 0.884127
3 1 3 52 168 0.925315
3 1 3 52 169 -1
3 1 3 52 170 -1
3 1 3 53 167 0.961661
3 1 3 53 168 0.80459
3 1 3 53 169 -1
3 1 3 53 170 -1
3 1 3 54 167 -1
3 1 3 54 168 -1
3 1 3 54 169 0.886156
3 1 3 54 170 0.979001
3 1 4 52 220 -1
3 1 4 52 221 0.701309
3 1 4 53 220 -1
3 1 4 53 221 0.309033
3 1 4 54 220 0.910423
3 1 4 54 221 -1
3 2 3 114 167 -1
3 2 3 114 168 0.862872
3 2 3 114 169 -1
3 2 3 114 170 -1
3 2 3 115 167 0.639854
3 2 3 115 168 -1
3 2 3 115 169 -1
3 2 3 115 170 -1
3 2 3 116 167 -1
3 2 3 116 168 -1
3 2 3 116 169 0.544956
3 2 3 116 170 0.239527
3 2 3 117 167 -1
3 2 3 117 168 -1
3 2 3 117 169 0.240126
3 2 3 117 170 -1
3 2 4 114 220 -1
3 2 4 114 221 0.755532
3 2 4 115 220 -1
3 2 4 115 221 0.105233
3 2 4 116 220 -1
3 2 4 116 221 -1
3 2 4 117 220 0.672572
3 2 4 117 221 -1
3 3 4 167 220 0.294817
3 3 4 167 221 -1
3 3 4 168 220 0.463386
3 3 4 168 221 0.536614
3 3 4 169 220 0.447882
3 3 4 169 221 0.552118
3 3 4 170 220 -1
3 3 4 170 221 -1
4 0 1 11 55 0.110575
4 0 1 11 56 0.246485
4 0 1 11 57 0.282938
4 0 1 12 55 0.304361
4 0 1 12 56 0.217919
4 0 1 12 57 0.194734
4 0 2 11 118 0.899644
4 0 2 11 119 0.154285
4 0 2 11 120 -1
4 0 2 12 118 -1
4 0 2 12 119 -1
4 0 2 12 120 -1
4 0 3 11 171 0.845401
4 0 3 11 172 0.154599
4 0 3 12 171 -1
4 0 3 12 172 -1
4 1 2 55 118 -1
4 1 2 55 119 -1
4 1 2 55 120 0.82565
4 1 2 56 118 0.0263111
4 1 2 56 119 0.992934
4 1 2 56 120 -1
4 1 2 57 118 0.972765
4 1 2 57 119 0.289265
4 1 2 57 120 -1
4 1 3 55 171 -1
4 1 3 55 172 -1
4 1 3 56 171 0.474748
4 1 3 56 172 0.525252
4 1 3 57 171 0.533515
4 1 3 57 172 0.466485
4 2 3 118 171 0.966401
4 2 3 118 172 -1
4 2 3 119 171 -1
4 2 3 119 172 0.945482
4 2 3 120 171 -1
4 2 3 120 172 -1
5 0 1 13 58 0.206726
5 0 1 13 59 0.174574
5 0 1 13 60 0.165083
5 0 1 13 61 0.145988
5 0 1 14 58 0.123801
5 0 1 14 59 0.163615
5 0 1 14 60 0.175369
5 0 1 14 61 0.199015
5 0 2 13 121 0.205067
5 0 2 13 122 0.565596
5 0 2 13 123 -1
5 0 2 13 124 -1
5 0 2 14 121 0.794933
5 0 2 14 122 -1
5 0 2 14 123 -1
5 0 2 14 124 -1
5 0 3 13 173 -1
5 0 3 13 174 0.483415
5 0 3 13 175 -1
5 0 3 13 176 0.525202
5 0 3 14 173 -1
5 0 3 14 174 0.516585
5 0 3 14 175 -1
5 0 3 14 176 0.474798
5 0 4 13 222 0.402522
5 0 4 13 223 0.29859
5 0 4 14 222 0.447521
5 0 4 14 223 0.220177
5 1 2 58 121 -1
5 1 2 58 122 -1
5 1 2 58 123 0.975194
5 1 2 58 124 0.561556
5 1 2 59 121 -1
5 1 2 59 122 -1
5 1 2 59 123 0.294589
5 1 2 59 124 0.916183
5 1 2 60 121 -1
5 1 2 60 122 0.440234
5 1 2 60 123 -1
5 1 2 60 124 -1
5 1 2 61 121 0.999682
5 1 2 61 122 -1
5 1 2 61 123 -1
5 1 2 61 124 -1
5 1 3 58 173 0.131893
5 1 3 58 174 0.0660698
5 1 3 58 175 0.0975278
5 1 3 58 176 0.0667049
5 1 3 59 173 0.0992915
5 1 3 59 174 0.0852331
5 1 3 59 175 0.0864983
5 1 3 59 176 0.0833546
5 1 3 60 173 0.0699386
5 1 3 60 174 0.0858087
5 1 3 60 175 0.0945462
5 1 3 60 176 0.0958785
5 1 3 61 173 0.0360766
5 1 3 61 174 0.120105
5 1 3 61 175 0.0709674
5 1 3 61 176 0.111879
5 1 4 58 222 -1
5 1 4 58 223 0.981511
5 1 4 59 222 -1
5 1 4 59 223 0.945552
5 1 4 60 222 -1
5 1 4 60 223 -1
5 1 4 61 222 0.963602
5 1 4 61 223 -1
5 2 3 121 173 -1
5 2 3 121 174 0.997222
5 2 3 121 175 -1
5 2 3 121 176 -1
5 2 3 122 173 -1
5 2 3 122 174 -1
5 2 3 122 175 -1
5 2 3 122 176 0.633589
5 2 3 123 173 0.860144
5 2 3 123 174 -1
5 2 3 123 175 -1
5 2 3 123 176 -1
5 2 3 124 173 -1
5 2 3 124 174 -1
5 2 3 124 175 0.981921
5 2 3 124 176 -1
5 2 4 121 222 0.875438
5 2 4 121 223 -1
5 2 4 122 222 0.485463
5 2 4 122 223 -1
5 2 4 123 222 -1
5 2 4 123 223 -1
5 2 4 124 222 -1
5 2 4 124 223 0.919748
5 3 4 173 222 0.448994
5 3 4 173 223 0.166257
5 3 4 174 222 0.548212
5 3 4 174 223 0.126544
5 3 4 175 222 -0.86437
5 3 4 175 223 0.32868
5 3 4 176 222 0.350714
5 3 4 176 223 0.205594
6 0 1 15 62 0.193413
6 0 1 15 63 0.16547
6 0 1 15 64 0.106043
6 0 1 15 65 0.0820977
6 0 1 16 62 0.0127669
6 0 1 16 63 0.112215
6 0 1 16 64 0.149674
6 0 1 16 65 0.190866
6 0 1 17 62 0.145093
6 0 1 17 63 0.105106
6 0 1 17 64 0.13701
6 0 1 17 65 0.13233
6 0 2 15 125 -1
6 0 2 15 126 0.999898
6 0 2 15 127 -1
6 0 2 16 125 0.993491
6 0 2 16 126 -1
6 0 2 16 127 -1
6 0 2 17 125 -1
6 0 2 17 126 -1
6 0 2 17 127 -1
6 0 3 15 177 0.168034
6 0 3 15 178 0.383707
6 0 3 15 179 -1
6 0 3 16 177 0.40114
6 0 3 16 178 0.255902
6 0 3 16 179 -1
6 0 3 17 177 0.167613
6 0 3 17 178 0.14021
6 0 3 17 179 0.266832
6 0 4 15 224 0.371941
6 0 4 15 225 0.168216
6 0 4 16 224 0.409821
6 0 4 16 225 0.15132
6 0 4 17 224 0.0840136
6 0 4 17 225 0.54086
6 1 2 62 125 -1
6 1 2 62 126 -1
6 1 2 62 127 0.325856
6 1 2 63 125 -1
6 1 2 63 126 0.872787
6 1 2 63 127 -1
6 1 2 64 125 -1
6 1 2 64 126 -1
6 1 2 64 127 0.696241
6 1 2 65 125 0.876963
6 1 2 65 126 0.266843
6 1 2 65 127 -1
6 1 3 62 177 0.0934251
6 1 3 62 178 0.101809
6 1 3 62 179 0.137074
6 1 3 63 177 0.084627
6 1 3 63 178 0.122535
6 1 3 63 179 0.123433
6 1 3 64 177 0.113458
6 1 3 64 178 0.115257
6 1 3 64 179 0.105948
6 1 3 65 177 0.156541
6 1 3 65 178 0.105687
6 1 3 65 179 0.0784819
6 1 4 62 224 -1
6 1 4 62 225 0.875024
6 1 4 63 224 0.768953
6 1 4 63 225 -1
6 1 4 64 224 -1
6 1 4 64 225 0.944972
6 1 4 65 224 0.945411
6 1 4 65 225 -1
6 2 3 125 177 0.981787
6 2 3 125 178 -1
6 2 3 125 179 -1
6 2 3 126 177 -1
6 2 3 126 178 0.762942
6 2 3 126 179 -1
6 2 3 127 177 -1
6 2 3 127 178 -1
6 2 3 127 179 0.498858
6 2 4 125 224 0.996928
6 2 4 125 225 -1
6 2 4 126 224 0.293505
6 2 4 126 225 -1
6 2 4 127 224 -1
6 2 4 127 225 0.616276
6 3 4 177 224 0.310123
6 3 4 177 225 0.174075
6 3 4 178 224 0.240633
6 3 4 178 225 0.234008
6 3 4 179 224 0.136428
6 3 4 179 225 0.323883
7 0 1 18 66 0.931175
7 0 1 18 67 -1
7 0 1 18 68 -1
7 0 1 18 69 0.887004
7 0 1 19 66 -1
7 0 1 19 67 -1
7 0 1 19 68 0.933231
7 0 1 19 69 -1
7 0 2 18 128 0.88281
7 0 2 18 129 -1
7 0 2 19 128 -1
7 0 2 19 129 0.718659
7 0 3 18 180 -1
7 0 3 18 181 0.883618
7 0 3 18 182 -1
7 0 3 19 180 0.954109
7 0 3 19 181 -1
7 0 3 19 182 -1
7 0 4 18 226 -1
7 0 4 18 227 0.608324
7 0 4 19 226 -1
7 0 4 19 227 0.391676
7 1 2 66 128 0.712145
7 1 2 66 129 -1
7 1 2 67 128 -1
7 1 2 67 129 -1
7 1 2 68 128 -1
7 1 2 68 129 0.98775
7 1 2 69 128 -1
7 1 2 69 129 -1
7 1 3 66 180 0.954371
7 1 3 66 181 0.781387
7 1 3 66 182 -1
7 1 3 67 180 -1
7 1 3 67 181 -1
7 1 3 67 182 0.897399
7 1 3 68 180 0.957344
7 1 3 68 181 0.748697
7 1 3 68 182 -1
7 1 3 69 180 -1
7 1 3 69 181 -1
7 1 3 69 182 0.847768
7 1 4 66 226 -1
7 1 4 66 227 0.988811
7 1 4 67 226 -1
7 1 4 67 227 -1
7 1 4 68 226 -1
7 1 4 68 227 -1
7 1 4 69 226 0.707575
7 1 4 69 227 -1
7 2 3 128 180 -1
7 2 3 128 181 0.991659
7 2 3 128 182 -1
7 2 3 129 180 0.834401
7 2 3 129 181 -1
7 2 3 129 182 -1
7 2 4 128 226 -1
7 2 4 128 227 0.593609
7 2 4 129 226 -1
7 2 4 129 227 -1
7 3 4 180 226 0.0691603
7 3 4 180 227 -1
7 3 4 181 226 0.169423
7 3 4 181 227 0.606052
7 3 4 182 226 -1
7 3 4 182 227 0.034288
8 0 1 20 70 0.167568
8 0 1 20 71 -1
8 0 1 20 72 -1
8 0 1 21 70 0.811073
8 0 1 21 71 -1
8 0 1 21 72 -1
8 0 1 22 70 -1
8 0 1 22 71 0.968312
8 0 1 22 72 -1
8 0 2 20 130 -1
8 0 2 20 131 0.0951331
8 0 2 21 130 0.585857
8 0 2 21 131 -1
8 0 2 22 130 -1
8 0 2 22 131 0.445726
8 0 3 20 183 -1
8 0 3 20 184 -1
8 0 3 20 185 -1
8 0 3 20 186 0.72175
8 0 3 21 183 -1
8 0 3 21 184 0.65395
8 0 3 21 185 -1
8 0 3 21 186 -1
8 0 3 22 183 0.931769
8 0 3 22 184 -1
8 0 3 22 185 -1
8 0 3 22 186 -1
8 0 4 20 228 0.95003
8 0 4 20 229 -1
8 0 4 21 228 -1
8 0 4 21 229 0.725196
8 0 4 22 228 -1
8 0 4 22 229 -1
8 1 2 70 130 0.503674
8 1 2 70 131 0.496326
8 1 2 71 130 0.618058
8 1 2 71 131 0.381942
8 1 2 72 130 -1
8 1 2 72 131 -1
8 1 3 70 183 0.426144
8 1 3 70 184 0.843042
8 1 3 70 185 -1
8 1 3 70 186 -1
8 1 3 71 183 0.871962
8 1 3 71 184 0.18279
8 1 3 71 185 -1
8 1 3 71 186 -1
8 1 3 72 183 -1
8 1 3 72 184 -1
8 1 3 72 185 0.977221
8 1 3 72 186 0.692683
8 1 4 70 228 -1
8 1 4 70 229 0.963371
8 1 4 71 228 -1
8 1 4 71 229 0.532814
8 1 4 72 228 0.667062
8 1 4 72 229 -1
8 2 3 130 183 -1
8 2 3 130 184 0.923586
8 2 3 130 185 -1
8 2 3 130 186 -1
8 2 3 131 183 0.470045
8 2 3 131 184 -1
8 2 3 131 185 -1
8 2 3 131 186 -1
8 2 4 130 228 -1
8 2 4 130 229 0.94934
8 2 4 131 228 -1
8 2 4 131 229 -1
8 3 4 183 228 -1
8 3 4 183 229 -1
8 3 4 184 228 0.261757
8 3 4 184 229 0.738243
8 3 4 185 228 0.73433
8 3 4 185 229 -1
8 3 4 186 228 -1
8 3 4 186 229 -1
9 0 1 23 73 0.100221
9 0 2 23 132 0.52222
9 0 2 23 133 -1
9 0 2 23 134 -1
9 0 3 23 187 -1
9 0 3 23 188 -1
9 0 3 23 189 -1
9 0 4 23 230 0.796453
9 0 4 23 231 -1
9 1 2 73 132 -1
9 1 2 73 133 0.823248
9 1 2 73 134 0.467808
9 1 3 73 187 0.932598
9 1 3 73 188 -1
9 1 3 73 189 0.950418
9 1 4 73 230 -1
9 1 4 73 231 0.574024
9 2 3 132 187 -1
9 2 3 132 188 0.992561
9 2 3 132 189 -1
9 2 3 133 187 0.913512
9 2 3 133 188 -1
9 2 3 133 189 -1
9 2 3 134 187 -1
9 2 3 134 188 -1
9 2 3 134 189 0.902318
9 2 4 132 230 0.97512
9 2 4 132 231 -1
9 2 4 133 230 -1
9 2 4 133 231 -1
9 2 4 134 230 -1
9 2 4 134 231 0.96465
9 3 4 187 230 0.552599
9 3 4 187 231 0.026051
9 3 4 188 230 0.650077
9 3 4 188 231 0.248038
9 3 4 189 230 -1
9 3 4 189 231 0.5983
10 0 1 24 74 0.366556
10 0 1 24 75 0.296174
10 0 1 24 76 0.151363
10 0 1 25 74 -1
10 0 1 25 75 0.303277
10 0 1 25 76 0.643933
10 0 2 24 135 0.834223
10 0 2 24 136 -1
10 0 2 25 135 0.165777
10 0 2 25 136 -1
10 0 3 24 190 -1
10 0 3 24 191 0.809313
10 0 3 25 190 -1
10 0 3 25 191 -1
10 0 4 24 232 0.467827
10 0 4 24 233 -1
10 0 4 25 232 0.532173
10 0 4 25 233 -1
10 1 2 74 135 -1
10 1 2 74 136 -1
10 1 2 75 135 0.915934
10 1 2 75 136 -1
10 1 2 76 135 -1
10 1 2 76 136 -1
10 1 3 74 190 0.820725
10 1 3 74 191 -1
10 1 3 75 190 -1
10 1 3 75 191 0.875893
10 1 3 76 190 -1
10 1 3 76 191 0.547005
10 1 4 74 232 -1
10 1 4 74 233 0.864319
10 1 4 75 232 0.892121
10 1 4 75 233 -1
10 1 4 76 232 0.458277
10 1 4 76 233 -1
10 2 3 135 190 0.288021
10 2 3 135 191 0.29316
10 2 3 136 190 0.293946
10 2 3 136 191 0.287632
10 2 4 135 232 0.716955
10 2 4 135 233 -1
10 2 4 136 232 -1
10 2 4 136 233 -1
10 3 4 190 232 -1
10 3 4 190 233 -1
10 3 4 191 232 0.496878
10 3 4 191 233 0.503122
11 0 1 26 77 -1
11 0 1 26 78 -1
11 0 1 26 79 -1
11 0 1 26 80 0.942142
11 0 2 26 137 -1
11 0 2 26 138 -1
11 0 2 26 139 -1
11 0 3 26 192 -1
11 0 3 26 193 0.948498
11 0 3 26 194 -1
11 0 3 26 195 -1
11 0 4 26 234 -1
11 1 2 77 137 0.96534
11 1 2 77 138 -1
11 1 2 77 139 -1
11 1 2 78 137 -1
11 1 2 78 138 0.623648
11 1 2 78 139 0.632702
11 1 2 79 137 -1
11 1 2 79 138 -1
11 1 2 79 139 0.739969
11 1 2 80 137 -1
11 1 2 80 138 -1
11 1 2 80 139 -1
11 1 3 77 192 0.930894
11 1 3 77 193 0.62543
11 1 3 77 194 -1
11 1 3 77 195 -1
11 1 3 78 192 -1
11 1 3 78 193 -1
11 1 3 78 194 0.960682
11 1 3 78 195 0.980887
11 1 3 79 192 -1
11 1 3 79 193 -1
11 1 3 79 194 0.918935
11 1 3 79 195 0.982598
11 1 3 80 192 0.313101
11 1 3 80 193 0.973654
11 1 3 80 194 -1
11 1 3 80 195 -1
11 1 4 77 234 0.798385
11 1 4 78 234 0.0362164
11 1 4 79 234 0.102361
11 1 4 80 234 -1
11 2 3 137 192 0.908047
11 2 3 137 193 -1
11 2 3 137 194 -1
11 2 3 137 195 -1
11 2 3 138 192 -1
11 2 3 138 193 -1
11 2 3 138 194 0.737481
11 2 3 138 195 0.75854
11 2 3 139 192 -1
11 2 3 139 193 -1
11 2 3 139 194 0.784148
11 2 3 139 195 0.0912064
11 2 4 137 234 0.947596
11 2 4 138 234 -1
11 2 4 139 234 -1
11 3 4 192 234 0.961
11 3 4 193 234 0.834817
11 3 4 194 234 0.103171
11 3 4 195 234 -1
12 0 1 27 81 0.246298
12 0 1 27 82 0.303028
12 0 1 28 81 0.272737
12 0 1 28 82 0.267716
12 0 1 29 81 0.291654
12 0 1 29 82 0.242453
12 0 2 27 140 -1
12 0 2 27 141 0.39886
12 0 2 27 142 -1
12 0 2 28 140 0.895675
12 0 2 28 141 -1
12 0 2 28 142 -1
12 0 2 29 140 -1
12 0 2 29 141 0.984088
12 0 2 29 142 -1
12 0 3 27 196 0.953337
12 0 3 28 196 -1
12 0 3 29 196 -1
12 0 4 27 235 0.655331
12 0 4 27 236 -1
12 0 4 28 235 0.111702
12 0 4 28 236 0.866955
12 0 4 29 235 0.223905
12 0 4 29 236 0.303408
12 1 2 81 140 0.836792
12 1 2 81 141 0.956274
12 1 2 81 142 -1
12 1 2 82 140 -1
12 1 2 82 141 -1
12 1 2 82 142 0.85164
12 1 3 81 196 -1
12 1 3 82 196 0.832137
12 1 4 81 235 -1
12 1 4 81 236 0.761272
12 1 4 82 235 0.898605
12 1 4 82 236 -1
12 2 3 140 196 -1
12 2 3 141 196 -1
12 2 3 142 196 -1
12 2 4 140 235 -1
12 2 4 140 236 0.985408
12 2 4 141 235 -1
12 2 4 141 236 -1
12 2 4 142 235 0.864174
12 2 4 142 236 -1
12 3 4 196 235 0.210247
12 3 4 196 236 -1
13 0 1 30 83 0.987333
13 0 1 30 84 -1
13 0 1 30 85 0.505512
13 0 1 31 83 -1
13 0 1 31 84 0.508893
13 0 1 31 85 -1
13 0 2 30 143 0.806819
13 0 2 31 143 -1
13 0 3 30 197 -1
13 0 3 30 198 0.948832
13 0 3 30 199 -1
13 0 3 31 197 0.839746
13 0 3 31 198 -1
13 0 3 31 199 -1
13 0 4 30 237 -1
13 0 4 30 238 0.940906
13 0 4 31 237 -1
13 0 4 31 238 -1
13 1 2 83 143 0.786296
13 1 2 84 143 -1
13 1 2 85 143 -1
13 1 3 83 197 0.807723
13 1 3 83 198 0.907661
13 1 3 83 199 -1
13 1 3 84 197 0.9485
13 1 3 84 198 0.741942
13 1 3 84 199 -1
13 1 3 85 197 -1
13 1 3 85 198 -1
13 1 3 85 199 0.629819
13 1 4 83 237 -1
13 1 4 83 238 0.889512
13 1 4 84 237 -1
13 1 4 84 238 -1
13 1 4 85 237 0.810212
13 1 4 85 238 -1
13 2 3 143 197 -1
13 2 3 143 198 0.858326
13 2 3 143 199 -1
13 2 4 143 237 -1
13 2 4 143 238 0.978178
13 3 4 197 237 -1
13 3 4 197 238 -1
13 3 4 198 237 -1
13 3 4 198 238 0.887056
13 3 4 199 237 0.869545
13 3 4 199 238 -1
14 0 1 32 86 0.1937
14 0 1 32 87 -1
14 0 1 32 88 -1
14 0 1 33 86 0.920772
14 0 1 33 87 -1
14 0 1 33 88 0.173633
14 0 1 34 86 -1
14 0 1 34 87 0.512834
14 0 1 34 88 -1
14 0 2 32 144 -1
14 0 2 32 145 0.623194
14 0 2 33 144 0.73532
14 0 2 33 145 -1
14 0 2 34 144 -1
14 0 2 34 145 0.772939
14 0 3 32 200 -1
14 0 3 32 201 -1
14 0 3 32 202 -1
14 0 3 33 200 -1
14 0 3 33 201 0.790283
14 0 3 33 202 -1
14 0 3 34 200 0.763497
14 0 3 34 201 -1
14 0 3 34 202 -1
14 0 4 32 239 0.846657
14 0 4 32 240 -1
14 0 4 33 239 -1
14 0 4 33 240 0.942358
14 0 4 34 239 -1
14 0 4 34 240 -1
14 1 2 86 144 0.438814
14 1 2 86 145 0.561186
14 1 2 87 144 0.252967
14 1 2 87 145 0.410303
14 1 2 88 144 -1
14 1 2 88 145 -1
14 1 3 86 200 -1
14 1 3 86 201 0.72942
14 1 3 86 202 -1
14 1 3 87 200 0.863528
14 1 3 87 201 -1
14 1 3 87 202 -1
14 1 3 88 200 -1
14 1 3 88 201 -1
14 1 3 88 202 0.774123
14 1 4 86 239 -1
14 1 4 86 240 0.753166
14 1 4 87 239 -1
14 1 4 87 240 0.337897
14 1 4 88 239 0.781476
14 1 4 88 240 -1
14 2 3 144 200 -1
14 2 3 144 201 0.94308
14 2 3 144 202 -1
14 2 3 145 200 0.269954
14 2 3 145 201 -1
14 2 3 145 202 -1
14 2 4 144 239 -1
14 2 4 144 240 0.971755
14 2 4 145 239 -1
14 2 4 145 240 -1
14 3 4 200 239 -1
14 3 4 200 240 -1
14 3 4 201 239 0.259227
14 3 4 201 240 0.740773
14 3 4 202 239 0.976646
14 3 4 202 240 -1
15 0 1 35 89 -1
15 0 1 35 90 0.658453
15 0 1 35 91 -1
15 0 2 35 146 -1
15 0 2 35 147 0.798731
15 0 2 35 148 -1
15 0 2 35 149 -1
15 0 3 35 203 -1
15 0 3 35 204 0.900363
15 0 3 35 205 -1
15 0 3 35 206 -1
15 0 4 35 241 -1
15 1 2 89 146 0.869765
15 1 2 89 147 -1
15 1 2 89 148 -1
15 1 2 89 149 -1
15 1 2 90 146 -1
15 1 2 90 147 0.79568
15 1 2 90 148 -1
15 1 2 90 149 -1
15 1 2 91 146 -1
15 1 2 91 147 -1
15 1 2 91 148 -1
15 1 2 91 149 0.64807
15 1 3 89 203 0.997277
15 1 3 89 204 0.331897
15 1 3 89 205 -1
15 1 3 89 206 -1
15 1 3 90 203 0.545106
15 1 3 90 204 0.553303
15 1 3 90 205 -1
15 1 3 90 206 -1
15 1 3 91 203 -1
15 1 3 91 204 -1
15 1 3 91 205 0.731272
15 1 3 91 206 -1
15 1 4 89 241 0.861247
15 1 4 90 241 -1
15 1 4 91 241 -1
15 2 3 146 203 0.944328
15 2 3 146 204 -1
15 2 3 146 205 -1
15 2 3 146 206 -1
15 2 3 147 203 -1
15 2 3 147 204 0.693274
15 2 3 147 205 -1
15 2 3 147 206 -1
15 2 3 148 203 -1
15 2 3 148 204 -1
15 2 3 148 205 -1
15 2 3 148 206 0.899941
15 2 3 149 203 -1
15 2 3 149 204 -1
15 2 3 149 205 0.854609
15 2 3 149 206 -1
15 2 4 146 241 0.975268
15 2 4 147 241 -1
15 2 4 148 241 -1
15 2 4 149 241 -1
15 3 4 203 241 0.844146
15 3 4 204 241 0.731277
15 3 4 205 241 0.254091
15 3 4 206 241 -1
16 0 1 36 92 0.838613
16 0 1 36 93 -1
16 0 1 36 94 -1
16 0 1 37 92 0.723704
16 0 1 37 93 0.0611037
16 0 1 37 94 0.215192
16 0 1 38 92 -1
16 0 1 38 93 0.900573
16 0 1 38 94 0.333494
16 0 2 36 150 0.868513
16 0 2 36 151 -1
16 0 2 36 152 -1
16 0 2 37 150 -1
16 0 2 37 151 0.515282
16 0 2 37 152 -1
16 0 2 38 150 -1
16 0 2 38 151 0.893164
16 0 2 38 152 -1
16 0 3 36 207 -1
16 0 3 37 207 0.918478
16 0 3 38 207 0.00635487
16 0 4 36 242 -1
16 0 4 36 243 0.985558
16 0 4 37 242 0.985721
16 0 4 37 243 -1
16 0 4 38 242 -1
16 0 4 38 243 0.289009
16 1 2 92 150 0.856913
16 1 2 92 151 0.359903
16 1 2 92 152 -1
16 1 2 93 150 -1
16 1 2 93 151 0.944359
16 1 2 93 152 -1
16 1 2 94 150 -1
16 1 2 94 151 -1
16 1 2 94 152 0.754693
16 1 3 92 207 -1
16 1 3 93 207 -1
16 1 3 94 207 0.55997
16 1 4 92 242 -1
16 1 4 92 243 0.871465
16 1 4 93 242 -1
16 1 4 93 243 0.185516
16 1 4 94 242 0.895292
16 1 4 94 243 -1
16 2 3 150 207 -1
16 2 3 151 207 -1
16 2 3 152 207 -1
16 2 4 150 242 -1
16 2 4 150 243 0.741217
16 2 4 151 242 -1
16 2 4 151 243 0.256558
16 2 4 152 242 0.985855
16 2 4 152 243 -1
16 3 4 207 242 -1
16 3 4 207 243 -1
17 0 1 39 95 0.0748481
17 0 1 39 96 0.579211
17 0 1 39 97 -1
17 0 1 39 98 -1
17 0 1 40 95 0.925152
17 0 1 40 96 -1
17 0 1 40 97 -1
17 0 1 40 98 -1
17 0 2 39 153 -1
17 0 2 40 153 0.934562
17 0 3 39 208 -1
17 0 3 39 209 -1
17 0 3 39 210 -1
17 0 3 40 208 -1
17 0 3 40 209 0.774066
17 0 3 40 210 -1
17 0 4 39 244 0.673116
17 0 4 39 245 -1
17 0 4 40 244 -1
17 0 4 40 245 0.951886
17 1 2 95 153 0.849966
17 1 2 96 153 -1
17 1 2 97 153 -1
17 1 2 98 153 -1
17 1 3 95 208 -1
17 1 3 95 209 0.857976
17 1 3 95 210 -1
17 1 3 96 208 -1
17 1 3 96 209 -1
17 1 3 96 210 -1
17 1 3 97 208 0.813967
17 1 3 97 209 -1
17 1 3 97 210 -1
17 1 3 98 208 -1
17 1 3 98 209 -1
17 1 3 98 210 0.950029
17 1 4 95 244 -1
17 1 4 95 245 0.926607
17 1 4 96 244 -1
17 1 4 96 245 -1
17 1 4 97 244 -1
17 1 4 97 245 0.624057
17 1 4 98 244 0.934764
17 1 4 98 245 -1
17 2 3 153 208 -1
17 2 3 153 209 0.867523
17 2 3 153 210 -1
17 2 4 153 244 -1
17 2 4 153 245 0.932689
17 3 4 208 244 0.22112
17 3 4 208 245 -1
17 3 4 209 244 0.108842
17 3 4 209 245 0.842336
17 3 4 210 244 0.666146
17 3 4 210 245 -1
18 0 1 41 99 0.965069
18 0 1 41 100 -1
18 0 1 41 101 -1
18 0 2 41 154 0.998636
18 0 3 41 211 -1
18 0 3 41 212 0.946566
18 0 4 41 246 -1
18 0 4 41 247 0.961991
18 1 2 99 154 0.926029
18 1 2 100 154 -1
18 1 2 101 154 -1
18 1 3 99 211 0.522231
18 1 3 99 212 0.477769
18 1 3 100 211 -1
18 1 3 100 212 -1
18 1 3 101 211 -1
18 1 3 101 212 -1
18 1 4 99 246 -1
18 1 4 99 247 0.696568
18 1 4 100 246 -1
18 1 4 100 247 -1
18 1 4 101 246 0.975424
18 1 4 101 247 -1
18 2 3 154 211 -1
18 2 3 154 212 0.944602
18 2 4 154 246 -1
18 2 4 154 247 0.771918
18 3 4 211 246 -1
18 3 4 211 247 -1
18 3 4 212 246 -1
18 3 4 212 247 0.860022
end of Frame 147
